tree
version=v4
num_class=1
num_tree_per_iteration=1
label_index=0
max_feature_idx=16
objective=quantile
feature_names=ret_1d ret_5d ret_20d overnight_gap atr_pct parkinson_20 dvol_z_20 dist_ma20 dist_ma50 dist_ma200 spy_ret_1d spy_ret_5d spy_ret_20d vix_level vix_chg_1d sector_ret_1d sector_ret_5d
feature_infos=[-0.1901419136157827:0.11817666398775595] [-0.20205157727164114:0.13609750951669852] [-0.23607017083843129:0.30789862176399896] [-0.14491491333046336:0.073432695070612786] [0.013155043014226158:0.053083358375912382] [0.0083323552846233124:0.030151806689974456] [-1.8116216493468023:3.9430652799678723] [-0.15443233793015421:0.14509613568865953] [-0.23214919361927189:0.26312183625309848] [-0.38080159216154352:0.34009905812762553] [-0.058542971330535654:0.10501930183911301] [-0.11496151859245618:0.082843162776128354] [-0.1226559005192206:0.15756591020035837] [11.859999656677246:52.330001831054688] [-0.35753873962348437:0.74039073966007019] [-0.05484528635308028:0.043465174951121455] [-0.079035639478724384:0.068782341876153064]
tree_sizes=860 851 856 857 858 849 861 866 865 855 858 868 852 861 862 850 863 859 852 852 856 859 852 861 864 861 848 852 861 857 860 861 844 858 862 860 861 862 861 853

Tree=0
num_leaves=8
num_cat=0
split_feature=8 10 2 14 1 14 5
split_gain=2.89462 3.21167 1.72925 1.66648 2.61188 2.02752 1.65716
threshold=-0.032990413963636105 -0.003662954821369246 -0.13382682798592019 -0.0092544987085180757 0.001092378159074481 -0.041031725575055404 0.015984215945632672
decision_type=8 2 2 2 2 2 2
left_child=1 -1 -3 5 6 -2 -5
right_child=3 2 -4 4 -6 -7 -8
leaf_value=-0.0086974412202835086 -0.0082915436010807756 -0.0086452885065227743 -0.0083480214234441519 -0.0081975389737635844 -0.0083453366998583085 -0.0084691324736922979 -0.0082700441591441638
leaf_weight=48 121 29 129 81 171 119 43
leaf_count=48 121 29 129 81 171 119 43
internal_value=-0.00866609 -0.0137023 -0.0102612 -0.00672693 -0.00420991 -0.00982078 0.00131497
internal_weight=741 206 158 535 295 240 124
internal_count=741 206 158 535 295 240 124
is_linear=0
shrinkage=1


Tree=1
num_leaves=8
num_cat=0
split_feature=2 9 10 4 3 13 10
split_gain=2.46945 1.87562 1.81335 1.46646 1.55796 1.18581 2.41238
threshold=-0.15961861457035229 -0.32702209023690115 0.0094914683342374202 0.020413310837296448 0.002074683245173015 13.554999828338625 0.00576779418841289
decision_type=2 10 2 2 2 2 2
left_child=-1 2 3 4 -2 6 -3
right_child=1 5 -4 -5 -6 -7 -8
leaf_value=-0.0002107950462959707 8.6314550135284645e-05 0.00013176022330299019 -0.00016126254806295037 0.00023046744754537941 -5.0451697316020697e-05 -3.7116305902600276e-05 -9.6932703163474766e-05
leaf_weight=28 54 72 27 61 29 432 25
leaf_count=28 54 72 27 61 29 432 25
internal_value=0.000274725 0.000857143 0.00540936 0.00763889 0.00331325 -0.000614367 0.00438144
internal_weight=728 700 171 144 83 529 97
internal_count=728 700 171 144 83 529 97
is_linear=0
shrinkage=0.05


Tree=2
num_leaves=8
num_cat=0
split_feature=2 11 14 1 9 8 7
split_gain=2.21434 2.54636 1.61082 1.56308 1.11882 1.59857 3.44071
threshold=-0.077384804008438043 0.014627027210111112 -0.008595690120394071 0.059143481066357258 0.14617027482184944 0.026612001714799497 0.0065373168516140731
decision_type=2 2 2 2 10 8 2
left_child=1 2 -1 4 5 -2 -7
right_child=3 -3 -4 -5 -6 6 -8
leaf_value=-0.00027330182120203974 3.190109273418784e-05 0.0002097451038425788 -0.00012425808148691433 -0.00023510011704638598 -2.9982622712850569e-05 0.00022417037835111844 3.5572384833358225e-05
leaf_weight=35 274 27 42 44 169 32 118
leaf_count=35 274 27 42 44 169 32 118
internal_value=3.37382e-05 -0.00673077 -0.0113636 0.00113815 0.00181282 0.00318396 0.00733333
internal_weight=741 104 77 637 593 424 150
internal_count=741 104 77 637 593 424 150
is_linear=0
shrinkage=0.05


Tree=3
num_leaves=8
num_cat=0
split_feature=2 11 9 7 0 4 7
split_gain=1.64349 1.65509 3.31045 2.16324 2.72808 1.96919 1.57491
threshold=-0.069416808647053616 0.02167406842699671 0.1650416227251498 0.0065373168516140731 -0.0036707236698895192 0.016810155843904637 -0.0055585350516755829
decision_type=2 2 8 2 2 2 2
left_child=-1 3 -3 4 -2 -5 -6
right_child=1 2 -4 5 6 -7 -8
leaf_value=-8.0087446793913804e-05 -9.0222129074408328e-08 -0.00023163153983186925 5.6624011299572909e-05 -0.00013484778753190767 0.00011208637966774409 1.5773020224878544e-05 0.00019280529534589734
leaf_weight=118 118 52 35 40 77 247 48
leaf_count=118 118 52 35 40 77 247 48
internal_value=-0.000102041 0.000931929 -0.00545977 0.00198113 0.00545267 -0.000958188 0.0106
internal_weight=735 617 87 530 243 287 125
internal_count=735 617 87 530 243 287 125
is_linear=0
shrinkage=0.05


Tree=4
num_leaves=8
num_cat=0
split_feature=13 15 3 6 16 1 1
split_gain=1.84133 1.83845 2.18228 2.15456 2.01724 1.76369 1.61378
threshold=16.32499980926514 0.00014435442766358444 0.0067081642660631333 0.1962676641993942 0.0097676074227136551 0.0020657849160974355 -0.044792029287972705
decision_type=2 2 2 2 2 2 2
left_child=1 3 -3 4 5 -1 -2
right_child=6 2 -4 -5 -6 -7 -8
leaf_value=4.983664898314602e-05 -0.00018574168783467025 0.00010571313131367789 -0.00016502195900073275 -0.00022024174648133338 0.00016797253744996849 -8.1511722784780418e-05 -3.1091510149708519e-05
leaf_weight=46 50 161 26 48 30 32 343
leaf_count=46 50 161 26 48 30 32 343
internal_value=-0.000271739 0.00240525 0.00574866 -0.00160256 0.00231481 -0.00192308 -0.00260814
internal_weight=736 343 187 156 108 78 393
internal_count=736 343 187 156 108 78 393
is_linear=0
shrinkage=0.05


Tree=5
num_leaves=8
num_cat=0
split_feature=5 9 11 5 6 8 12
split_gain=2.04856 1.77519 1.875 1.45865 2.1092 2.34523 1.36459
threshold=0.014121408815523897 0.14617027482184944 0.01199540999330473 0.013368375426030357 -0.54309253773577182 0.032279658609914226 0.062917711097580389
decision_type=2 10 2 2 2 10 2
left_child=1 3 -3 4 -1 -6 -2
right_child=6 2 -4 -5 5 -7 -8
leaf_value=-5.2135413546267924e-05 -3.0995685193338338e-05 0.00010945428645942595 -0.00019340736339478455 0.00013478136531967907 3.3642705143545775e-05 0.00016393064838746791 -0.00044484687170707907
leaf_weight=54 395 45 27 38 90 49 31
leaf_count=54 395 45 27 38 90 49 31
internal_value=0.000240055 0.00338284 -0.00347222 0.00551948 0.00375648 0.00701439 -0.00199531
internal_weight=729 303 72 231 193 139 426
internal_count=729 303 72 231 193 139 426
is_linear=0
shrinkage=0.05


Tree=6
num_leaves=8
num_cat=0
split_feature=2 7 11 2 10 9 14
split_gain=2.16312 1.38404 2.42186 2.25648 2.3141 1.77697 1.65961
threshold=-0.077384804008438043 0.0065373168516140731 0.020864576948081862 -0.0089040883410108611 0.0079905561282167543 0.15509590076166138 -0.030661999778822443
decision_type=2 2 2 2 2 10 2
left_child=-1 2 3 4 -2 6 -5
right_child=1 -3 -4 5 -6 -7 -8
leaf_value=-0.00010047795861407939 -9.610467855784228e-05 -1.6635944087176145e-05 -0.00010401509852646261 3.4127431246795422e-05 0.00012375685978330153 -2.0720103720082549e-06 0.00025177775947267947
leaf_weight=108 117 332 37 25 27 32 60
leaf_count=108 117 332 37 25 27 32 60
internal_value=-0.000406504 0.000714286 0.00318792 0.00488506 0.000694444 0.0100427 0.0138235
internal_weight=738 630 298 261 144 117 85
internal_count=738 630 298 261 144 117 85
is_linear=0
shrinkage=0.05


Tree=7
num_leaves=8
num_cat=0
split_feature=9 11 15 3 0 0 14
split_gain=2.31204 2.26683 1.69006 2.32389 1.89949 1.32706 1.68482
threshold=-0.16795110296299301 -0.01963547275857069 -0.00071300284216840859 0.0065253071613580191 0.0079194186083914059 -0.021304041047535801 -0.018674174310541299
decision_type=8 2 2 2 2 2 2
left_child=-1 -2 4 -4 5 -3 -7
right_child=1 2 3 -5 -6 6 -8
leaf_value=-0.00011064189637831402 0.00019958058905196688 -0.00016305613455510571 6.0428231874125848e-05 -0.0001459246788550266 -0.00012036929475044067 -0.00019686840044979412 2.8393726435328772e-05
leaf_weight=166 52 26 249 41 26 46 126
leaf_count=166 52 26 249 41 26 46 126
internal_value=6.8306e-05 0.00159011 0.000583658 0.00310345 -0.00267857 -0.0010101 0.000581395
internal_weight=732 566 514 290 224 198 172
internal_count=732 566 514 290 224 198 172
is_linear=0
shrinkage=0.05


Tree=8
num_leaves=8
num_cat=0
split_feature=1 2 15 15 8 4 14
split_gain=1.84706 1.56863 1.0472 1.60165 1.80609 1.47875 1.29692
threshold=0.059143481066357258 -0.15961861457035229 -0.00071300284216840859 -0.0021184102885987706 -0.070589572960918154 0.020697275285830711 -0.0092544987085180757
decision_type=2 2 2 2 10 2 2
left_child=1 -1 3 4 -3 -5 -4
right_child=-2 2 6 5 -6 -7 -8
leaf_value=-0.00031610593836794038 -0.0002291168204166835 0.00012373558733857362 9.725983734642412e-06 -0.00010396444140421627 -1.1064924767956435e-05 -0.00011235295721588831 0.00011086766105634379
leaf_weight=30 47 57 208 31 203 32 153
leaf_count=30 47 57 208 31 203 32 153
internal_value=0.000558476 0.00119048 0.00168129 -0.000386997 0.00134615 -0.00753968 0.00353186
internal_weight=761 714 684 323 260 63 361
internal_count=761 714 684 323 260 63 361
is_linear=0
shrinkage=0.05


Tree=9
num_leaves=8
num_cat=0
split_feature=8 7 9 8 14 0 15
split_gain=1.56804 1.91493 1.70054 1.58817 1.29618 1.28503 1.88582
threshold=-0.032196964053754044 0.0065373168516140731 0.17005727120599504 0.032279658609914226 0.017796206966189224 -0.0095608132746730062 -0.00063378694516841294
decision_type=8 2 10 8 2 2 2
left_child=4 2 3 5 -1 -2 -7
right_child=1 -3 -4 -5 -6 6 -8
leaf_value=-6.0617592747254714e-06 0.00018731936800976627 -1.2691920807764591e-05 -0.00021825375052485088 0.00017285516003021401 -0.00016629273275577412 -0.00021158761142683397 6.2019590312367053e-05
leaf_weight=140 33 327 27 42 65 35 65
leaf_count=140 33 327 27 42 65 35 65
internal_value=-6.81199e-05 0.00137051 0.00519802 0.007 -0.00378049 0.00432331 0.0015
internal_weight=734 529 202 175 205 133 100
internal_count=734 529 202 175 205 133 100
is_linear=0
shrinkage=0.05


Tree=10
num_leaves=8
num_cat=0
split_feature=9 1 14 9 6 4 3
split_gain=1.39056 2.34811 2.16275 2.14355 1.67299 1.55635 1.36999
threshold=0.097439424428786739 0.054781597646053178 0.11108526702174228 0.17005727120599504 -0.88467453960375886 0.024646608396228099 -0.0029724995711460918
decision_type=8 2 2 10 2 2 2
left_child=1 4 3 5 -1 -2 -6
right_child=2 -3 -4 -5 6 -7 -8
leaf_value=0.00010874859338892278 2.882404900871865e-05 -0.00053517586102162383 0.00024590042744449198 -0.00018970933743194703 -0.00015797809611798539 0.00021504243747688483 2.0620241551465911e-05
leaf_weight=50 245 27 25 114 75 36 171
leaf_count=50 245 27 25 114 75 36 171
internal_value=0.000841184 -0.00162539 0.0027381 0.00183544 -0.000337838 0.00418149 -0.00203252
internal_weight=743 323 420 395 296 281 246
internal_count=743 323 420 395 296 281 246
is_linear=0
shrinkage=0.05


Tree=11
num_leaves=8
num_cat=0
split_feature=0 16 4 9 15 15 15
split_gain=1.51247 1.70481 1.45164 1.28515 1.27255 2.48585 2.02962
threshold=-0.022288138374002505 -0.016651017176789181 0.029950219991742567 -0.35182371432796933 -0.0089861346987538653 -0.0030959557314674808 -0.0019052806640432738
decision_type=2 2 2 10 2 2 2
left_child=2 3 -1 -2 -3 -6 -7
right_child=1 4 -4 -5 5 6 -8
leaf_value=-0.00037166091945074644 0.00016294021781113979 0.0001865406073508479 -4.19879148947519e-05 7.1800228018093458e-05 -0.00022223488653238079 0.00015200672916479115 -2.7632138036827287e-06
leaf_weight=25 27 34 31 80 106 40 399
leaf_count=25 27 34 31 80 106 40 399
internal_value=-0.000134771 0.000510204 -0.00803571 0.00630841 -0.000561313 -0.00114679 0.000512528
internal_weight=742 686 56 107 579 545 439
internal_count=742 686 56 107 579 545 439
is_linear=0
shrinkage=0.05


Tree=12
num_leaves=8
num_cat=0
split_feature=1 15 9 16 2 3 2
split_gain=1.49306 2.14393 1.4807 2.48922 1.76974 1.68472 1.69377
threshold=0.018140971922856134 -0.0035762449399193148 0.15776776066493728 0.018781439037289353 -0.069416808647053616 -0.0032418636279525899 -0.11513061243531118
decision_type=2 2 10 2 2 2 2
left_child=2 -2 3 4 5 -1 -7
right_child=1 -3 -4 -5 -6 6 -8
leaf_value=-0.00032042604369980339 -0.00021395767627592976 -2.6498529854948348e-06 -9.5207554797083123e-05 0.00022378963485236299 6.9017239956078438e-05 7.8910556565112155e-05 -7.2098141215402476e-05
leaf_weight=28 53 172 88 37 280 35 30
leaf_count=28 53 172 88 37 280 35 30
internal_value=0.00038036 -0.003 0.00190763 0.00317073 0.0019437 -0.00403226 0.000384615
internal_weight=723 225 498 410 373 93 65
internal_count=723 225 498 410 373 93 65
is_linear=0
shrinkage=0.05


Tree=13
num_leaves=8
num_cat=0
split_feature=5 2 13 7 16 0 2
split_gain=1.37764 1.27066 1.92099 1.59884 1.68887 1.91847 1.38844
threshold=0.023396956944602244 -0.069416808647053616 17.180000305175785 0.0065373168516140731 -0.0016519335879588424 -0.0059938272444757237 -0.010710929716757632
decision_type=2 2 2 2 2 2 2
left_child=1 2 -1 6 5 -5 -3
right_child=-2 3 -4 4 -6 -7 -8
leaf_value=1.5901257914617942e-05 -0.00044215708223838981 8.5150993915751777e-06 -0.00018405971193620805 7.8650432108688662e-05 1.9859882813351526e-05 -0.0001993228753323746 7.4332804501958465e-05
leaf_weight=48 33 147 61 26 231 53 137
leaf_count=48 33 147 61 26 231 53 137
internal_value=0.00013587 0.000604552 -0.0043578 0.00151515 -0.000967742 -0.00727848 0.00422535
internal_weight=736 703 109 594 310 79 284
internal_count=736 703 109 594 310 79 284
is_linear=0
shrinkage=0.05


Tree=14
num_leaves=8
num_cat=0
split_feature=6 4 4 15 1 8 11
split_gain=1.33388 1.83683 3.96945 1.62976 1.50393 1.45333 2.22355
threshold=0.50971072694773822 0.027801656078109204 0.029494873239345271 -0.0087871680456902395 -0.028323264134471445 -0.046997857094850319 0.0070123724896837833
decision_type=2 2 2 2 2 10 2
left_child=1 3 -3 -1 -4 -2 -7
right_child=5 2 4 -5 -6 6 -8
leaf_value=0.00020485332322955414 -0.00030128360563269673 -0.00030982335502105246 0.00015636051936022716 2.3323236359776291e-05 -4.2106718126963541e-05 0.00014104178389307223 -0.00016941926154041424
leaf_weight=33 46 40 42 344 99 69 51
leaf_count=33 46 40 42 344 99 69 51
internal_value=0.000621547 0.00179211 -0.00234807 0.00377984 0.00159574 -0.00331325 -0.000416667
internal_weight=724 558 181 377 141 166 120
internal_count=724 558 181 377 141 166 120
is_linear=0
shrinkage=0.05


Tree=15
num_leaves=8
num_cat=0
split_feature=11 2 7 9 2 14 3
split_gain=1.63341 1.75227 1.55992 1.63231 1.83349 1.58502 1.50442
threshold=0.02167406842699671 -0.077384804008438043 0.0065373168516140731 0.1650416227251498 -0.010710929716757632 0.044810362746474881 0.0020884879811420291
decision_type=2 2 2 10 2 2 2
left_child=1 -1 3 4 5 -3 -2
right_child=6 2 -4 -5 -6 -7 -8
leaf_value=-8.3411112284036755e-05 -5.3732362656283826e-06 8.721461375209767e-05 -5.8350605946655903e-06 -0.00016094829846339349 0.00015399844014007404 -6.8354791356283349e-05 -0.00010060969442397192
leaf_weight=89 54 90 278 35 98 35 47
leaf_count=89 54 90 278 35 98 35 47
internal_value=0.000206612 0.00116 0.00223881 0.00503876 0.00661435 0.0026 -0.00569307
internal_weight=726 625 536 258 223 125 101
internal_count=726 625 536 258 223 125 101
is_linear=0
shrinkage=0.05


Tree=16
num_leaves=8
num_cat=0
split_feature=16 15 3 6 6 11 0
split_gain=1.10844 1.49467 1.43737 2.20326 2.30588 1.85967 2.23645
threshold=0.024284727215859617 0.0053198649771963877 0.00064627991374921489 -0.81748983269931996 -0.54309253773577182 -0.0047149308765757616 -0.0012365000491773579
decision_type=2 2 2 2 2 2 2
left_child=2 -2 -1 -4 -5 -6 -7
right_child=1 -3 3 4 5 6 -8
leaf_value=-7.2878439713624414e-06 2.2643093691483532e-06 -0.00020112743665752568 0.00018096376868616317 -4.5640248616113079e-05 0.00017832383531747782 -0.00024911138646357511 8.9163203874354383e-05
leaf_weight=358 34 31 56 48 64 54 101
leaf_count=358 34 31 56 48 64 54 101
internal_value=0.000469169 -0.00576923 0.00106461 0.00348297 0.00159176 0.00376712 0.000806452
internal_weight=746 65 681 323 267 219 155
internal_count=746 65 681 323 267 219 155
is_linear=0
shrinkage=0.05


Tree=17
num_leaves=8
num_cat=0
split_feature=1 8 16 14 1 1 8
split_gain=1.70101 1.11632 2.61524 1.61056 2.20004 1.48131 1.11412
threshold=0.059143481066357258 0.026612001714799497 -0.015229622379550776 -0.017044659763988276 0.026216887638310763 0.029092659798272139 0.014207894012163493
decision_type=2 8 2 2 2 2 10
left_child=1 6 -3 4 -4 -5 -1
right_child=-2 2 3 5 -6 -7 -8
leaf_value=3.6199095928058679e-06 -0.00017706166744798943 0.00023170791670945715 -0.00010218280339377882 0.00011884148407754059 8.4705043680636659e-05 -4.8066036968514442e-05 -0.00019146021789020071
leaf_weight=364 46 32 59 107 27 39 60
leaf_count=364 46 32 59 107 27 39 60
internal_value=0.000613079 0.00123547 0.00378788 0.00193966 -0.00348837 0.00513699 -0.000353774
internal_weight=734 688 264 232 86 146 424
internal_count=734 688 264 232 86 146 424
is_linear=0
shrinkage=0.05


Tree=18
num_leaves=8
num_cat=0
split_feature=4 3 6 10 9 16 4
split_gain=1.30554 1.29976 1.72638 1.14838 1.29357 1.68409 1.26685
threshold=0.03577241603037528 -0.006203377609447335 -0.4129260345447377 0.012020737458552368 0.16649303279411312 0.0056892282277254411 0.016101001624908542
decision_type=2 2 2 2 10 2 2
left_child=1 2 -1 4 6 -6 -3
right_child=-2 3 -4 -5 5 -7 -8
leaf_value=0.00010230456660185036 -0.0001766481671796708 -3.2220982060571095e-05 -0.00027532851624823446 -0.00017038340900903679 -0.00036138525295860701 7.3698300925538392e-05 4.645170122346528e-05
leaf_weight=26 60 46 56 38 46 55 415
leaf_count=26 60 46 56 38 46 55 415
internal_value=0.000404313 0.00102639 -0.00487805 0.00183333 0.00240214 -0.00272277 0.00352495
internal_weight=742 682 82 600 562 101 461
internal_count=742 682 82 600 562 101 461
is_linear=0
shrinkage=0.05


Tree=19
num_leaves=8
num_cat=0
split_feature=9 4 5 10 16 12 13
split_gain=1.04055 1.66603 2.04297 1.55974 1.67039 1.47182 2.53977
threshold=-0.16795110296299301 0.029950219991742567 0.01864818184642817 0.0040309091899630731 0.012815755444577139 0.013329890655183642 17.050000190734867
decision_type=8 2 2 2 2 2 2
left_child=3 2 5 4 -1 -2 -7
right_child=1 -3 -4 -5 -6 6 -8
leaf_value=-4.7985320181262019e-05 4.5441391683238375e-05 0.00010239029915353605 -0.00028178848981121816 2.7000934345208871e-05 -0.00039546471223130838 6.2607077712535309e-06 -0.00019600028211864636
leaf_weight=73 181 76 29 59 31 217 74
leaf_count=73 181 76 29 59 31 217 74
internal_value=0 0.000996534 -4.99002e-05 -0.00352761 -0.00721154 0.000741525 -0.00146048
internal_weight=740 577 501 163 104 472 291
internal_count=740 577 501 163 104 472 291
is_linear=0
shrinkage=0.05


Tree=20
num_leaves=8
num_cat=0
split_feature=9 9 2 15 4 3 10
split_gain=1.3119 1.2429 1.46936 1.44813 1.26877 2.03812 1.78299
threshold=-0.16795110296299301 0.17005727120599504 0.0072479864268318881 0.010552486746514879 0.016101001624908542 -0.003618307259851183 0.0023793811070187414
decision_type=8 10 2 2 2 2 2
left_child=-1 3 -3 4 -2 -6 -7
right_child=1 2 -4 -5 5 6 -8
leaf_value=-6.0351633001417151e-05 -3.8575983933637544e-05 -0.0001956945183941454 -8.3637149934136415e-06 0.00012690647670958561 -3.3520471766803307e-05 0.00013456106989057941 1.1842561099395869e-06
leaf_weight=169 51 26 92 33 79 175 119
leaf_count=169 51 26 92 33 79 175 119
internal_value=0.00047043 0.0016087 -0.0029661 0.00278993 0.00200472 0.00301609 0.00493197
internal_weight=744 575 118 457 424 373 294
internal_count=744 575 118 457 424 373 294
is_linear=0
shrinkage=0.05


Tree=21
num_leaves=8
num_cat=0
split_feature=1 2 11 11 3 13 2
split_gain=1.07888 1.18629 1.23491 1.68006 1.29209 1.00155 1.56768
threshold=0.059143481066357258 -0.15961861457035229 -0.014879372351697838 -0.0095679120508195808 0.00026497191727870023 17.050000190734867 0.085013288831219627
decision_type=2 2 2 2 2 2 2
left_child=1 -1 4 -4 -3 6 -5
right_child=-2 2 3 5 -6 -7 -8
leaf_value=-0.00013916054545126829 -0.00015113510845253666 3.1329537997538505e-05 -0.00024598251954692578 5.9264959335723904e-05 0.00026962366415954223 -2.7314240551401745e-05 -5.2618078662200218e-05
leaf_weight=30 46 46 38 295 49 170 56
leaf_count=30 46 46 38 295 49 170 56
internal_value=0.000890411 0.00138889 0.00183486 0.000939177 0.00710526 0.00167946 0.00320513
internal_weight=730 684 654 559 95 521 351
internal_count=730 684 654 559 95 521 351
is_linear=0
shrinkage=0.05


Tree=22
num_leaves=8
num_cat=0
split_feature=14 5 1 0 1 8 14
split_gain=0.916649 1.87367 1.5446 1.83591 1.83048 1.39813 1.24236
threshold=-0.011938112467112181 0.01833822999848329 0.029092659798272139 1.0000000180025095e-35 0.043526980219490648 0.05606872295971755 -0.041613677684134036
decision_type=2 2 2 2 2 8 2
left_child=6 2 3 5 -4 -2 -1
right_child=1 -3 4 -5 -6 -7 -8
leaf_value=1.882874640866594e-05 3.209220147035348e-06 -0.00012436965874531512 -0.00011668322893704474 0.00020336219228895034 2.2690970099427649e-05 0.00014599623675588133 -6.8002676786083288e-05
leaf_weight=177 131 100 35 91 25 28 154
leaf_count=177 131 100 35 91 25 28 154
internal_value=0.00037112 0.00195122 0.00387097 0.0056 -0.00333333 0.00235849 -0.0015861
internal_weight=741 410 310 250 60 159 331
internal_count=741 410 310 250 60 159 331
is_linear=0
shrinkage=0.05


Tree=23
num_leaves=8
num_cat=0
split_feature=6 11 13 16 11 1 14
split_gain=1.39387 2.21352 1.57709 1.88958 1.66436 2.02509 1.40349
threshold=0.50971072694773822 0.0089565752678409955 16.32499980926514 -0.0020227877443118598 -0.014879372351697838 -0.028323264134471445 -0.037636731228437352
decision_type=2 2 2 2 2 2 2
left_child=2 6 3 -1 -4 -6 -2
right_child=1 -3 4 -5 5 -7 -8
leaf_value=-1.0130187830556699e-05 0.00022065048596084781 -0.00016938384184613165 4.5732023907516851e-05 6.4565644018157748e-05 6.8935555793472975e-05 -8.4675527796048225e-05 -5.545505311347044e-05
leaf_weight=92 25 62 68 177 48 197 74
leaf_count=92 25 62 68 177 48 197 74
internal_value=0.000235532 -0.00388199 0.00137457 0.00418216 -0.00103834 -0.00295918 0.000757576
internal_weight=743 161 582 269 313 245 99
internal_count=743 161 582 269 313 245 99
is_linear=0
shrinkage=0.05


Tree=24
num_leaves=8
num_cat=0
split_feature=1 14 15 14 14 16 13
split_gain=1.21096 1.1191 1.49027 1.62417 2.3024 1.59458 1.62151
threshold=0.07014593948380056 0.12307845124318741 -0.00071300284216840859 -0.027473271171050914 0.028651176652424008 -0.016651017176789181 19.159999847412113
decision_type=2 2 2 2 2 2 2
left_child=1 2 3 -1 -5 -4 -7
right_child=-2 -3 5 4 -6 6 -8
leaf_value=-0.00019171148589904423 -0.00015910582951349174 0.00014457334125174415 0.00022802797467861934 4.9283599698539406e-05 -9.288183973206899e-05 2.3372608036379729e-05 -0.00018579497592711034
leaf_weight=62 32 35 30 140 104 279 50
leaf_count=62 32 35 30 140 104 279 50
internal_value=0.000136612 0.000571429 0.000112782 -0.00245098 -0.000614754 0.00229805 0.00129179
internal_weight=732 700 665 306 244 359 329
internal_count=732 700 665 306 244 359 329
is_linear=0
shrinkage=0.05


Tree=25
num_leaves=8
num_cat=0
split_feature=3 2 7 16 5 10 0
split_gain=1.39915 2.40596 2.21182 2.1535 1.92532 2.05076 1.53652
threshold=0.00064627991374921489 -0.033684588353829641 -0.0085856264449956626 0.024284727215859617 0.010266753212190003 0.00226028350274099 -0.0019459766266102794
decision_type=2 2 2 2 2 2 2
left_child=1 -1 -3 4 -2 6 -6
right_child=3 2 -4 -5 5 -7 -8
leaf_value=-9.0113058044336965e-05 -5.8948435032874164e-05 9.1894785181963852e-05 -2.9038668262359842e-06 -0.00012934222937601776 8.4045659066672032e-05 1.2910999600002364e-05 0.00021173744111479154
leaf_weight=128 29 53 205 36 71 152 78
leaf_count=128 29 53 205 36 71 152 78
internal_value=0.00106383 -0.00103627 0.00174419 0.00327869 0.00454545 0.0057309 0.00989933
internal_weight=752 386 258 366 330 301 149
internal_count=752 386 258 366 330 301 149
is_linear=0
shrinkage=0.05


Tree=26
num_leaves=8
num_cat=0
split_feature=5 9 15 6 8 4 2
split_gain=1.25832 1.42198 1.95455 1.73685 2.21318 1.70509 1.3927
threshold=0.014121408815523897 0.1719819684741947 0.0031414102590697772 0.67354701336636513 0.071063819793770869 0.020449151225509627 0.044441628010848062
decision_type=2 10 2 2 10 2 2
left_child=1 2 3 4 5 -1 -4
right_child=-2 -3 6 -5 -6 -7 -8
leaf_value=4.2326190396194553e-05 -2.3471287506842463e-05 -0.00020166040275251124 3.4604619684234322e-05 -6.9998643474927533e-05 -6.9456604055211525e-05 0.00012046292970208761 0.0002777097853041203
leaf_weight=95 419 25 67 33 25 46 26
leaf_count=95 419 25 67 33 25 46 26
internal_value=6.79348e-05 0.00244479 0.00342466 0.000628141 0.00271084 0.00514184 0.0094086
internal_weight=736 317 292 199 166 141 93
internal_count=736 317 292 199 166 141 93
is_linear=0
shrinkage=0.05


Tree=27
num_leaves=8
num_cat=0
split_feature=9 15 14 9 13 9 10
split_gain=1.32503 1.29081 1.22288 1.31652 1.39855 1.5024 1.0513
threshold=-0.29268999357997055 0.014896261844423055 0.12307845124318741 0.17005727120599504 16.32499980926514 0.20644674681295863 0.010824112764753148
decision_type=8 2 2 10 2 10 2
left_child=-1 2 3 6 5 -5 -2
right_child=1 -3 -4 4 -6 -7 -8
leaf_value=-0.00017002341709110885 1.6669611217510431e-05 0.00019612778708696777 0.00013537355801065905 -0.00019437827218764608 -0.00034757793220513493 7.3455861585195435e-05 -0.0001594687757796577
leaf_weight=40 487 26 35 28 46 33 46
leaf_count=40 487 26 35 28 46 33 46
internal_value=0.000101215 0.000606277 0.000185185 -0.0003125 -0.00537383 -0.000409836 0.000703565
internal_weight=741 701 675 640 107 61 533
internal_count=741 701 675 640 107 61 533
is_linear=0
shrinkage=0.05


Tree=28
num_leaves=8
num_cat=0
split_feature=11 1 2 5 10 10 15
split_gain=0.942551 1.41612 1.59817 1.1862 1.65711 2.52705 1.61378
threshold=-0.013624975324509013 -0.036586587679369169 0.0020117392966400032 0.011547645894451558 -0.0028726009264858905 -0.0053735252204459285 0.00014435442766358444
decision_type=2 2 2 2 2 2 2
left_child=1 -1 -3 6 5 -5 -2
right_child=3 2 -4 4 -6 -7 -8
leaf_value=-8.7028668916625277e-05 -1.2812194467361812e-05 0.00026840588129037313 2.0032542998968527e-05 -8.1743665061061361e-06 -1.9807817112279908e-06 -0.00027680064349395355 7.3240102413800337e-05
leaf_weight=34 57 40 49 63 393 48 64
leaf_count=34 57 40 49 63 393 48 64
internal_value=0.00026738 0.00426829 0.00758427 -0.00052 -0.0015873 -0.00698198 0.00392562
internal_weight=748 123 89 625 504 111 121
internal_count=748 123 89 625 504 111 121
is_linear=0
shrinkage=0.05


Tree=29
num_leaves=8
num_cat=0
split_feature=3 8 2 16 13 11 3
split_gain=1.50265 1.91236 2.03879 1.50277 1.77044 2.2411 1.8395
threshold=-0.006203377609447335 -0.032196964053754044 0.032532109258520465 -0.018888328588302857 17.050000190734867 -0.01413744986297699 -0.0041448792979426599
decision_type=2 8 2 2 2 2 2
left_child=1 -1 -3 -2 6 -6 -5
right_child=3 2 -4 4 5 -7 -8
leaf_value=-0.0002924894219576201 8.5670350022556971e-05 0.00011827917484417183 -0.0002604600031040917 0.00011394465682666228 3.8360600165665997e-05 -0.00015833359331023298 9.5429771042005604e-06
leaf_weight=36 78 30 25 25 53 171 307
leaf_count=36 78 30 25 25 53 171 307
internal_value=-0.000310345 -0.00631868 -0.000454545 0.00055205 -0.000359712 -0.00379464 0.00195783
internal_weight=725 91 55 634 556 224 332
internal_count=725 91 55 634 556 224 332
is_linear=0
shrinkage=0.05


Tree=30
num_leaves=8
num_cat=0
split_feature=8 2 4 4 11 3 3
split_gain=1.12555 1.76082 1.04242 3.22707 1.89239 1.23327 1.82641
threshold=-0.21181249495792506 -0.14713733673164822 0.029345000890556295 0.027801656078109204 0.02246977949783591 -0.0076223853373903463 -0.00497232506737627
decision_type=10 2 2 2 2 2 2
left_child=-1 -2 3 5 -4 -3 -7
right_child=1 2 4 -5 -6 6 -8
leaf_value=3.33194197383712e-05 -0.00036474801258846182 -9.1863586401637464e-05 8.7098635020400994e-05 -0.00023801255508582093 -0.00010199763601851384 0.00015852377650533913 1.3259176851244427e-06
leaf_weight=32 28 36 144 55 25 27 393
leaf_count=32 28 36 144 55 25 27 393
internal_value=0.000202703 -0.000211864 0.000294118 -0.000831703 0.00369822 0.000548246 0.00130952
internal_weight=740 708 680 511 169 456 420
internal_count=740 708 680 511 169 456 420
is_linear=0
shrinkage=0.05


Tree=31
num_leaves=8
num_cat=0
split_feature=0 2 16 14 14 6 3
split_gain=1.24519 2.60635 3.25307 2.39895 1.51875 1.50057 1.25229
threshold=0.0056195154428400071 0.017613290536352081 -0.0068596197579244836 0.02559063550932739 -0.0053353680944993589 1.4836279648695749 0.00034354221898247333
decision_type=2 2 2 2 2 2 2
left_child=5 2 -2 -3 -4 6 -1
right_child=1 3 4 -5 -6 -7 -8
leaf_value=1.2402221702875099e-05 1.9921067456026097e-05 0.00010464929851096098 -0.00024151550738451072 -0.00023553637519459604 -0.00019379174362390059 -0.00017354270142360667 4.3904781519233001e-05
leaf_weight=246 39 104 48 25 32 39 194
leaf_count=246 39 104 48 25 32 39 194
internal_value=0.000859697 -0.00201613 -0.00735294 0.00290698 -0.013125 0.00234864 0.00318182
internal_weight=727 248 119 129 80 479 440
internal_count=727 248 119 129 80 479 440
is_linear=0
shrinkage=0.05


Tree=32
num_leaves=8
num_cat=0
split_feature=16 16 3 16 0 6 6
split_gain=1.20928 2.18719 1.52168 2.59166 1.50192 1.40323 1.34133
threshold=0.020564187665949588 0.01806364409405126 0.00034354221898247333 -0.018073891218978008 0.01189187660509672 -0.49998168444393959 -0.80955649589327383
decision_type=2 2 2 2 2 2 2
left_child=1 2 -1 -4 5 -2 -5
right_child=4 -3 3 6 -6 -7 -8
leaf_value=-1.7221125728327651e-05 -1.6965087470462159e-05 0.00011640300565625073 0.00024831260575558051 0.00011446290485320476 -0.00020824031533211168 0.00027482310887932867 -7.0843933853547561e-08
leaf_weight=317 27 29 40 42 34 31 220
leaf_count=317 27 29 40 42 34 31 220
internal_value=0.000472973 0.00123457 0.000605816 0.0031457 -0.0048913 0 0.00133588
internal_weight=740 648 619 302 92 58 262
internal_count=740 648 619 302 92 58 262
is_linear=0
shrinkage=0.05


Tree=33
num_leaves=8
num_cat=0
split_feature=13 11 11 14 14 11 3
split_gain=1.0048 1.79922 1.60871 1.35433 2.32405 1.77983 1.75962
threshold=17.050000190734867 0.030772226573239195 0.029184901237695352 -0.012410493039419599 -0.044386160859696593 0.014774738031643421 0.0046270529170765471
decision_type=2 2 2 2 2 2 2
left_child=2 -2 3 4 -1 -6 -5
right_child=1 -3 -4 6 5 -7 -8
leaf_value=5.8927631154507503e-05 -2.1069612788144309e-06 -0.00030124210046914484 0.00012402329246835258 0.00011132143398284804 -0.00032600583904262757 6.4391726419257666e-06 -0.0001514407037226281
leaf_weight=73 301 27 30 183 60 29 37
leaf_count=73 301 27 30 183 60 29 37
internal_value=0.000540541 -0.00152439 0.00218447 0.0013089 -0.00216049 -0.00758427 0.00386364
internal_weight=740 328 412 382 162 89 220
internal_count=740 328 412 382 162 89 220
is_linear=0
shrinkage=0.05


Tree=34
num_leaves=8
num_cat=0
split_feature=16 16 15 11 3 16 5
split_gain=1.40209 2.63945 1.33488 1.48972 0.978637 2.13416 1.24675
threshold=0.020564187665949588 0.01794472664674596 0.0053198649771963877 0.014880662239239896 0.00034354221898247333 -0.018073891218978008 0.010589914215334496
decision_type=2 2 2 2 2 2 2
left_child=1 4 3 -2 6 -6 -1
right_child=2 -3 -4 -5 5 -7 -8
leaf_value=9.0869447637627744e-05 -0.00014392661957402498 0.00012564496039689545 -0.000107208798028077 7.1695337870699569e-05 0.00023822041518421712 7.6767047620424254e-07 -4.518946276698805e-05
leaf_weight=44 28 33 38 26 43 262 264
leaf_count=44 28 33 38 26 43 262 264
internal_value=-0.000203252 0.000619195 -0.00597826 -0.000925926 -0.000122349 0.00188525 -0.00211039
internal_weight=738 646 92 54 613 305 308
internal_count=738 646 92 54 613 305 308
is_linear=0
shrinkage=0.05


Tree=35
num_leaves=8
num_cat=0
split_feature=2 11 15 13 0 7 8
split_gain=0.92606 1.06645 1.60298 1.03035 1.70644 1.34127 1.17075
threshold=-0.15961861457035229 -0.013624975324509013 -0.0017162086301347743 16.32499980926514 -0.009327428325213492 -0.0079368442102314401 0.057118250692815405
decision_type=2 2 2 2 2 2 10
left_child=-1 2 -2 -3 5 -5 -6
right_child=1 3 -4 4 6 -7 -8
leaf_value=-0.00017013950338419433 -8.0032193067445134e-06 1.2358124711019471e-05 0.00020659448709830326 9.1580958592061591e-05 -0.00014880618757472051 -9.3566121438385015e-05 7.021768936420966e-05
leaf_weight=30 61 320 52 45 170 25 35
leaf_count=30 61 320 52 45 170 25 35
internal_value=0.000271003 0.000635593 0.0050885 -0.000210084 -0.00245455 0.00428571 -0.0047561
internal_weight=738 708 113 595 275 70 205
internal_count=738 708 113 595 275 70 205
is_linear=0
shrinkage=0.05


Tree=36
num_leaves=8
num_cat=0
split_feature=15 5 6 1 10 5 14
split_gain=1.00972 1.87062 1.48399 1.25253 2.5887 1.47225 1.35188
threshold=0.00014435442766358444 0.011403065286139958 1.4836279648695749 -0.028323264134471445 -0.0020657822926501974 0.010939876401511785 -0.023061386097975475
decision_type=2 2 2 2 2 2 2
left_child=2 -2 3 4 -1 -5 -7
right_child=1 -3 -4 5 -6 6 -8
leaf_value=-6.8495128000424171e-05 7.426924085991581e-05 4.7545060169059371e-06 -0.00022206466279353827 -0.00021088378849742846 0.00013012539731262025 -0.00019959838038363144 1.7752145779035374e-05
leaf_weight=40 66 307 36 47 38 49 168
leaf_count=40 66 307 36 47 38 49 168
internal_value=0.000366178 0.0022118 -0.00145503 -0.000438596 0.00512821 -0.00208333 -0.000345622
internal_weight=751 373 378 342 78 264 217
internal_count=751 373 378 342 78 264 217
is_linear=0
shrinkage=0.05


Tree=37
num_leaves=8
num_cat=0
split_feature=16 0 16 9 15 15 15
split_gain=1.25237 1.54725 1.02564 0.889413 1.82996 1.63661 2.80655
threshold=0.024284727215859617 -0.026071768330232944 0.034173063362240803 -0.26087860693570175 -0.0084607279397196349 0.001969901467327118 0.0057409967655691627
decision_type=2 2 2 10 2 2 2
left_child=1 -1 -2 4 -3 -5 -7
right_child=2 3 -4 5 -6 6 -8
leaf_value=-5.9250370079803537e-05 -7.3432443364190086e-05 0.00016958810621427623 1.893336988838582e-05 -2.1797216967912524e-05 1.7924056617806472e-05 0.00016140981449010736 -1.7921596207706726e-05
leaf_weight=41 39 29 26 258 190 83 86
leaf_count=41 39 29 26 258 190 83 86
internal_value=0.000864362 0.00149199 -0.00576923 0.00208978 0.00468037 0.000761124 0.0045858
internal_weight=752 687 65 646 219 427 169
internal_count=752 687 65 646 219 427 169
is_linear=0
shrinkage=0.05


Tree=38
num_leaves=8
num_cat=0
split_feature=12 0 0 1 3 16 16
split_gain=1.50212 1.34145 1.55018 1.28201 1.0417 1.89849 2.03333
threshold=0.078665410711505027 -0.022288138374002505 -0.012458669098984796 -0.0043828096112787365 0.00079919853282939279 0.024284727215859617 0.0095687040028831234
decision_type=2 2 2 2 2 2 2
left_child=1 -1 3 -3 -4 6 -6
right_child=-2 2 4 -5 5 -7 -8
leaf_value=-4.1595997604066633e-05 -7.9923629914929273e-05 0.00016503991389752896 -4.7645388052641912e-06 -0.00014934116917816434 1.9491763616419615e-05 -0.00010891549028759305 0.0001014946603401885
leaf_weight=54 28 53 289 25 176 33 79
leaf_count=54 28 53 289 25 176 33 79
internal_value=0.000644505 0.00109309 0.00171756 0.00833333 0.000823224 0.00295139 0.00441176
internal_weight=737 709 655 78 577 288 255
internal_count=737 709 655 78 577 288 255
is_linear=0
shrinkage=0.05


Tree=39
num_leaves=8
num_cat=0
split_feature=14 13 13 6 14 6 0
split_gain=0.843569 1.18482 1.52798 2.38526 1.95201 1.08854 2.14029
threshold=0.12307845124318741 19.159999847412113 20.255000114440922 0.11256911492588829 -0.022508843870219172 0.88904302665196899 -0.0050259110911973761
decision_type=2 2 2 2 2 2 2
left_child=1 5 -3 4 -4 -1 -7
right_child=-2 2 3 -5 -6 6 -8
leaf_value=7.1219417667067571e-06 0.00012522707460060084 -0.00018723788133663663 -0.0002083622549880782 0.00023990079850558102 4.627978018675004e-06 -0.00020009101205357879 6.6419670249755727e-06
leaf_weight=475 39 38 30 39 35 25 48
leaf_count=475 39 38 30 39 35 25 48
internal_value=-0.000102881 -0.000507246 -0.00457746 -0.00144231 -0.00730769 0.000547445 -0.00513699
internal_weight=729 690 142 104 65 548 73
internal_count=729 690 142 104 65 548 73
is_linear=0
shrinkage=0.05


end of trees

feature_importances:
vix_chg_1d=24
ret_20d=23
sector_ret_5d=23
sector_ret_1d=22
dist_ma200=21
overnight_gap=20
spy_ret_5d=20
ret_5d=19
ret_1d=16
dvol_z_20=15
atr_pct=14
dist_ma50=14
vix_level=13
parkinson_20=12
spy_ret_1d=12
dist_ma20=9
spy_ret_20d=3

parameters:
[boosting: gbdt]
[objective: quantile]
[metric: quantile]
[tree_learner: serial]
[device_type: cpu]
[data_sample_strategy: bagging]
[data: ]
[valid: ]
[num_iterations: 80]
[learning_rate: 0.05]
[num_leaves: 8]
[num_threads: 1]
[seed: 0]
[deterministic: 0]
[force_col_wise: 1]
[force_row_wise: 0]
[histogram_pool_size: -1]
[max_depth: -1]
[min_data_in_leaf: 25]
[min_sum_hessian_in_leaf: 0.001]
[bagging_fraction: 0.9]
[pos_bagging_fraction: 1]
[neg_bagging_fraction: 1]
[bagging_freq: 1]
[bagging_seed: 3]
[bagging_by_query: 0]
[feature_fraction: 0.9]
[feature_fraction_bynode: 1]
[feature_fraction_seed: 2]
[extra_trees: 0]
[extra_seed: 6]
[early_stopping_round: 0]
[early_stopping_min_delta: 0]
[first_metric_only: 0]
[max_delta_step: 0]
[lambda_l1: 0]
[lambda_l2: 0]
[linear_lambda: 0]
[min_gain_to_split: 0]
[drop_rate: 0.1]
[max_drop: 50]
[skip_drop: 0.5]
[xgboost_dart_mode: 0]
[uniform_drop: 0]
[drop_seed: 4]
[top_rate: 0.2]
[other_rate: 0.1]
[min_data_per_group: 100]
[max_cat_threshold: 32]
[cat_l2: 10]
[cat_smooth: 10]
[max_cat_to_onehot: 4]
[top_k: 20]
[monotone_constraints: ]
[monotone_constraints_method: basic]
[monotone_penalty: 0]
[feature_contri: ]
[forcedsplits_filename: ]
[refit_decay_rate: 0.9]
[cegb_tradeoff: 1]
[cegb_penalty_split: 0]
[cegb_penalty_feature_lazy: ]
[cegb_penalty_feature_coupled: ]
[path_smooth: 0]
[interaction_constraints: ]
[verbosity: -1]
[saved_feature_importance_type: 0]
[use_quantized_grad: 0]
[num_grad_quant_bins: 4]
[quant_train_renew_leaf: 0]
[stochastic_rounding: 1]
[linear_tree: 0]
[max_bin: 255]
[max_bin_by_feature: ]
[min_data_in_bin: 3]
[bin_construct_sample_cnt: 200000]
[data_random_seed: 1]
[is_enable_sparse: 1]
[enable_bundle: 1]
[use_missing: 1]
[zero_as_missing: 0]
[feature_pre_filter: 1]
[pre_partition: 0]
[two_round: 0]
[header: 0]
[label_column: ]
[weight_column: ]
[group_column: ]
[ignore_column: ]
[categorical_feature: ]
[forcedbins_filename: ]
[precise_float_parser: 0]
[parser_config_file: ]
[objective_seed: 5]
[num_class: 1]
[is_unbalance: 0]
[scale_pos_weight: 1]
[sigmoid: 1]
[boost_from_average: 1]
[reg_sqrt: 0]
[alpha: 0.5]
[fair_c: 1]
[poisson_max_delta_step: 0.7]
[tweedie_variance_power: 1.5]
[lambdarank_truncation_level: 30]
[lambdarank_norm: 1]
[label_gain: ]
[lambdarank_position_bias_regularization: 0]
[eval_at: ]
[multi_error_top_k: 1]
[auc_mu_weights: ]
[num_machines: 1]
[local_listen_port: 12400]
[time_out: 120]
[machine_list_filename: ]
[machines: ]
[gpu_platform_id: -1]
[gpu_device_id: -1]
[gpu_device_id_list: ]
[gpu_use_dp: 0]
[num_gpu: 1]

end of parameters

pandas_categorical:[]
