tree
version=v4
num_class=1
num_tree_per_iteration=1
label_index=0
max_feature_idx=16
objective=quantile
feature_names=ret_1d ret_5d ret_20d overnight_gap atr_pct parkinson_20 dvol_z_20 dist_ma20 dist_ma50 dist_ma200 spy_ret_1d spy_ret_5d spy_ret_20d vix_level vix_chg_1d sector_ret_1d sector_ret_5d
feature_infos=[-0.31339850488786658:0.093761910811841043] [-0.30427689080526743:0.1941813261163734] [-0.34879505224994667:0.20788530465949817] [-0.26382978723404249:0.075197889182058164] [0.01501194131695666:0.067870646532491016] [0.010131779382915058:0.027639716678618604] [-2.2458950147839252:4.1011936452679914] [-0.32621171849870489:0.15129969668308263] [-0.32534597207813787:0.1902128761477293] [-0.26825053042643709:0.21325002079004718] [-0.058542947643003718:0.10501933612632941] [-0.11496158439845272:0.082843216242346029] [-0.12265592443394913:0.15756596870864792] [11.859999656677246:52.330001831054688] [-0.35753873962348437:0.74039073966007019] [-0.054845245580940394:0.043465182734245822] [-0.079035682487500813:0.068782287822878097]
tree_sizes=863 851 857 864 856 863 863 857 859 851 863 856 865 862 845 839 861 871 864 865 858 856 858 857 864 869 861 864 850 852 864

Tree=0
num_leaves=8
num_cat=0
split_feature=14 5 14 3 16 4 1
split_gain=2.19958 1.72574 1.7784 1.80988 2.11172 2.00316 1.77263
threshold=-0.10344834121785244 0.017572514554732865 -0.05546753287916955 -0.0068880619013700897 -0.022256031118438265 0.027707313874364283 -0.029624444670177549
decision_type=2 2 2 2 2 2 2
left_child=-1 2 -2 -4 -5 -6 -3
right_child=1 6 3 4 5 -7 -8
leaf_value=0.00019333476084284487 -0.00038804874639026822 0.00036117110284976666 -0.00045826162095181645 7.4737647082656514e-06 -0.00025852576072793454 -0.00078449322027154269 -0.00020692153775598855
leaf_weight=37 59 26 66 39 353 25 145
leaf_count=37 59 26 66 39 353 25 145
internal_value=-0.000643694 -0.00126052 -0.00264222 -0.00164121 -0.000423551 -0.00156645 0.00311888
internal_weight=750 713 542 483 417 378 171
internal_count=750 713 542 483 417 378 171
is_linear=0
shrinkage=1


Tree=1
num_leaves=8
num_cat=0
split_feature=3 5 7 12 0 11 13
split_gain=2.51581 2.47039 2.62676 1.8973 1.5758 2.25677 2.25289
threshold=-0.0068880619013700897 0.014393363621783945 -0.018929185717103166 0.018878595009899749 0.0007012843437531614 0.017946069561085468 18.394999504089359
decision_type=2 2 2 2 2 2 2
left_child=-1 -2 3 -3 5 -4 -6
right_child=1 2 4 -5 6 -7 -8
leaf_value=-0.00011784773720137309 -6.6531974152894693e-05 0.00025712873233715074 0.00027957472120760941 0.0003860223833180498 8.0106290843104952e-05 -0.00020760070488904604 -0.00022646984172752126
leaf_weight=94 312 45 81 26 86 25 65
leaf_count=94 312 45 81 26 86 25 65
internal_value=-0.000340599 0.00078125 0.00381098 0.0123239 0.00145914 0.00613208 -0.00182119
internal_weight=734 640 328 71 257 106 151
internal_count=734 640 328 71 257 106 151
is_linear=0
shrinkage=0.05


Tree=2
num_leaves=8
num_cat=0
split_feature=3 13 9 16 8 7 13
split_gain=2.47222 3.04786 2.29249 2.12774 1.98899 1.8648 1.79493
threshold=-0.0070482007149811335 25.010000228881839 -0.04928827272848612 0.01494216430465767 -0.081358219357702918 -0.023949496025628732 14.795000076293947
decision_type=2 2 8 2 8 2 2
left_child=-1 2 5 4 -4 -2 -7
right_child=1 -3 3 -5 -6 6 -8
leaf_value=-0.00011262771612746293 0.00049574196372122973 0.00057675195730371343 -0.00014670954155008079 -0.00018154439934733093 3.4561998189019509e-05 0.00030785218667733717 -0.00014114193879504456
leaf_weight=85 39 26 36 118 341 45 59
leaf_count=85 39 26 36 118 341 45 59
internal_value=-0.000500668 0.000527108 -0.00015674 -0.00176768 6.6313e-05 0.00541958 0.00192308
internal_weight=749 664 638 495 377 143 104
internal_count=749 664 638 495 377 143 104
is_linear=0
shrinkage=0.05


Tree=3
num_leaves=8
num_cat=0
split_feature=14 4 14 3 0 9 3
split_gain=2.15143 1.90994 2.22811 2.24161 2.87771 2.10804 1.64446
threshold=-0.11544121967691799 0.028613827718203096 -0.05546753287916955 -0.0049735277777843137 -0.0048765157021194985 -0.062366420188578735 0.0064354537835318313
decision_type=2 2 2 2 2 8 2
left_child=-1 2 -2 4 -4 -5 -3
right_child=1 6 3 5 -6 -7 -8
leaf_value=0.00028287142118879274 -0.00016432336262041646 6.6736717769890676e-05 -0.00022507871955658627 0.00019793362316668212 0.00011001284281755944 -6.7843366781744404e-06 0.00037062468823532979
leaf_weight=27 68 120 55 54 42 350 27
leaf_count=27 68 120 55 54 42 350 27
internal_value=3.36474e-05 -0.000488827 -0.00180141 -0.000648703 -0.00747423 0.000990099 0.00459184
internal_weight=743 716 569 501 97 404 147
internal_count=743 716 569 501 97 404 147
is_linear=0
shrinkage=0.05


Tree=4
num_leaves=8
num_cat=0
split_feature=5 7 13 6 15 5 12
split_gain=2.48892 2.39625 1.9544 1.86968 1.83694 2.06016 1.70819
threshold=0.01474407585996256 -0.024412362417733809 19.085000038146976 -1.1347703153082997 -0.0030600347044528182 0.017407128055537086 0.011040708270440904
decision_type=2 2 2 2 2 2 2
left_child=2 -2 6 -3 -5 -6 -1
right_child=1 3 -4 4 5 -7 -8
leaf_value=-0.00013505205441832004 0.00038920594429948328 -0.00025666110846967062 0.00022201718448633986 -0.00015043566605086654 0.00028287341225270208 4.0249323396183172e-05 -2.2444651141568108e-05
leaf_weight=104 61 30 37 88 86 105 235
leaf_count=104 61 30 37 88 86 105 235
internal_value=0.000737265 0.00364865 -0.00212766 0.00186084 0.0031362 0.00589005 -0.00331858
internal_weight=746 370 376 309 279 191 339
internal_count=746 370 376 309 279 191 339
is_linear=0
shrinkage=0.05


Tree=5
num_leaves=8
num_cat=0
split_feature=5 7 16 7 8 15 6
split_gain=2.22829 3.03231 2.3968 2.41712 1.98348 1.85022 1.68373
threshold=0.01474407585996256 -0.031851442113633825 0.0088281852446991955 -0.034711531713893955 -0.016920553085243425 0.0029315179483926372 -0.97133463765205952
decision_type=2 2 2 2 10 2 2
left_child=2 -2 3 -1 -4 -5 -3
right_child=1 6 4 5 -6 -7 -8
leaf_value=-0.00013254781154990359 0.0003921864144118708 -0.00017162472207088832 1.5188796701292177e-05 -2.3405999114041605e-05 -0.00025615990566430218 0.00027392869990646568 0.00010768925299129841
leaf_weight=53 47 47 30 149 78 56 277
leaf_count=53 47 47 30 149 78 56 277
internal_value=-0.000237449 0.00249326 -0.00300546 -0.000387597 -0.00925926 0.00207317 0.000771605
internal_weight=737 371 366 258 108 205 324
internal_count=737 371 366 258 108 205 324
is_linear=0
shrinkage=0.05


Tree=6
num_leaves=8
num_cat=0
split_feature=3 0 9 2 11 8 9
split_gain=2.12554 2.74902 2.0462 1.95578 1.74192 2.05623 2.27167
threshold=-0.0049735277777843137 0.0041382043400867161 0.0063401059554902836 -0.054216655080498104 0.017370539138914069 0.033495905982683268 0.097392457256643375
decision_type=2 2 8 2 2 10 10
left_child=-1 2 -2 -3 5 -5 -7
right_child=1 3 -4 4 -6 6 -8
leaf_value=-8.7387207158556024e-05 0.00019436234123294723 0.00039350461662845411 1.8772979773972839e-05 -0.00033205876038421429 6.1567496766910419e-05 0.00013839367894886368 -0.00023512833905707628
leaf_weight=137 134 34 219 85 56 42 39
leaf_count=137 134 34 219 85 56 42 39
internal_value=0.000335121 0.00160099 0.00446176 -0.00234375 -0.00405405 -0.00662651 -0.000925926
internal_weight=746 609 353 256 222 166 81
internal_count=746 609 353 256 222 166 81
is_linear=0
shrinkage=0.05


Tree=7
num_leaves=8
num_cat=0
split_feature=4 3 15 0 7 2 6
split_gain=1.54896 2.30817 1.73226 1.58971 2.40893 1.6046 1.58193
threshold=0.019467020627593302 -0.0017283017112758035 0.011685943529370692 0.0030512065502333878 0.03522755735593442 -0.050388182587019485 1.8688311609594581
decision_type=2 2 2 2 2 2 2
left_child=1 -1 3 4 -2 -5 -7
right_child=2 -3 -4 5 -6 6 -8
leaf_value=-0.00019494966680121519 0.00010952976742281064 -2.4262552374220981e-05 0.00026288646701750181 0.00034116956471859057 -0.00040392441104068836 -0.00014094060718793433 0.00019482826873560292
leaf_weight=34 301 80 50 40 45 170 25
leaf_count=34 301 80 50 40 45 170 25
internal_value=0.000100671 -0.00526316 0.00106973 0.000301205 0.00245665 -0.00287234 -0.00474359
internal_weight=745 114 631 581 346 235 195
internal_count=745 114 631 581 346 235 195
is_linear=0
shrinkage=0.05


Tree=8
num_leaves=8
num_cat=0
split_feature=3 13 9 0 2 3 3
split_gain=1.8959 2.25946 1.84143 1.75387 1.53348 1.41446 1.661
threshold=-0.0049735277777843137 25.010000228881839 -0.04928827272848612 0.0068184906807748922 -0.015811073680725204 -0.0038308444524899894 -0.0003371799021681387
decision_type=2 2 8 2 2 2 2
left_child=-1 2 3 4 -2 -4 -7
right_child=1 -3 5 -5 -6 6 -8
leaf_value=-0.00010832247278788062 0.00011893326149140921 0.00051367445785904093 8.9162032960842861e-05 -3.7713222649656297e-05 0.00034194712613617746 -0.0001286922500644328 5.3727027547261239e-06
leaf_weight=134 43 26 36 52 45 147 281
leaf_count=134 43 26 36 52 45 147 281
internal_value=-0.000196335 0.000952381 0.000331126 0.00535714 0.00965909 -0.00118534 -0.00198598
internal_weight=764 630 604 140 88 464 428
internal_count=764 630 604 140 88 464 428
is_linear=0
shrinkage=0.05


Tree=9
num_leaves=8
num_cat=0
split_feature=13 16 12 3 14 11 3
split_gain=2.08989 1.76819 2.13113 1.81346 2.54976 1.84253 1.55148
threshold=25.19999980926514 0.0067603505365244629 0.031326678595768549 0.0011774319635546873 -0.0056306847578752031 0.0069843130840521192 0.00057502580689106086
decision_type=2 2 2 2 2 2 2
left_child=1 2 3 -1 5 -5 -4
right_child=-2 -3 6 4 -6 -7 -8
leaf_value=-0.00011670283402027155 0.0005239811790564567 -7.3243035597427732e-05 0.0002751065598191799 0.00012846732004032774 0.00036368546142978873 -0.00030510667181922826 1.6154090964544905e-05
leaf_weight=187 32 281 69 43 49 25 58
leaf_count=187 32 281 69 43 49 25 58
internal_value=0 -0.000561798 0.00145012 -0.000822368 0.00405983 -0.00220588 0.00688976
internal_weight=744 712 431 304 117 68 127
internal_count=744 712 431 304 117 68 127
is_linear=0
shrinkage=0.05


Tree=10
num_leaves=8
num_cat=0
split_feature=5 12 7 11 12 10 1
split_gain=2.20633 1.76203 1.71366 1.70046 1.56807 1.42049 1.25924
threshold=0.01772145190300679 0.01493884956091618 0.029387229006265007 0.0047087702577918175 -0.011548235899129232 0.0038486575209699674 -0.0072483132680150044
decision_type=2 2 2 2 2 2 2
left_child=1 3 6 -1 -2 -4 -3
right_child=4 2 5 -5 -6 -7 -8
leaf_value=-4.0696600351311996e-05 0.00050441527920415234 -1.5623778253624366e-05 -0.0003463262872188309 -0.00019029142557567416 6.9528301599922055e-05 9.7847734031053781e-05 8.0497543380507621e-05
leaf_weight=169 35 107 48 78 130 34 148
leaf_count=169 35 107 48 78 130 34 148
internal_value=0.000500668 -0.000941781 0.0014095 -0.0041498 0.00560606 -0.00487805 0.00343137
internal_weight=749 584 337 247 165 82 255
internal_count=749 584 337 247 165 82 255
is_linear=0
shrinkage=0.05


Tree=11
num_leaves=8
num_cat=0
split_feature=5 7 9 15 9 8 5
split_gain=1.2159 1.7994 2.35071 1.85185 1.353 3.52695 1.9371
threshold=0.01809856439831679 0.028316151148948813 -0.054775065640081104 -0.0015087583279034253 0.049520742130493851 -0.0028500842271729772 0.01474407585996256
decision_type=2 2 8 2 8 10 2
left_child=1 2 3 -1 5 -4 -6
right_child=-2 -3 4 -5 6 -7 -8
leaf_value=7.4834234968532717e-05 0.00014735528181792956 -0.00015484010247363066 1.8282202804097204e-05 0.00056890434808359023 -2.3127281948844985e-05 -0.00042578180944729659 0.00025809628010096719
leaf_weight=27 161 119 82 27 234 40 57
leaf_count=27 161 119 82 27 234 40 57
internal_value=3.34672e-05 -0.00102389 0.000374732 0.0101852 -0.00090799 -0.00532787 0.000945017
internal_weight=747 586 467 54 413 122 291
internal_count=747 586 467 54 413 122 291
is_linear=0
shrinkage=0.05


Tree=12
num_leaves=8
num_cat=0
split_feature=12 16 10 5 9 3 10
split_gain=1.80744 1.89874 2.14823 1.76577 1.6368 1.51123 2.40988
threshold=0.027728982804785422 0.01216010463179973 0.0011106399623194154 0.011483961836689564 0.10623661975723477 -0.0072377506523879078 0.00048358737476139618
decision_type=2 2 2 2 10 2 2
left_child=3 -2 -3 -1 5 -5 -7
right_child=1 2 -4 4 -6 6 -8
leaf_value=-0.00022923819243270802 0.00013587083368383457 -0.0004335985541418318 1.7997777092537177e-05 -6.9584015962540117e-05 -0.00035800234805002403 0.00017371905119003311 -8.8944466794423245e-05
leaf_weight=28 197 31 60 53 47 167 151
leaf_count=28 197 31 60 53 47 167 151
internal_value=-0.00013624 0.00295139 -0.00302198 -0.00213004 -0.00131579 -0.000202156 0.00110063
internal_weight=734 288 91 446 418 371 318
internal_count=734 288 91 446 418 371 318
is_linear=0
shrinkage=0.05


Tree=13
num_leaves=8
num_cat=0
split_feature=16 16 6 6 15 3 12
split_gain=1.14708 2.48895 1.24102 1.71684 1.61758 1.6541 1.37747
threshold=0.028844617333709247 0.023644137421943715 0.51366290827979755 0.1493742892339987 -0.0018661576754923634 -0.00066149582484081859 0.027728982804785422
decision_type=2 2 2 2 2 2 2
left_child=1 2 3 6 5 -4 -1
right_child=-2 -3 4 -5 -6 -7 -8
leaf_value=-3.5718410491124279e-05 0.00012922274424745771 -0.00043780920286582505 0.00010162923207217802 -0.00021656068834376304 -2.7262528380620662e-06 0.00040737828062660823 9.06137564659083e-05
leaf_weight=275 43 27 37 73 91 33 166
leaf_count=275 43 27 37 73 91 33 166
internal_value=-0.000369128 -0.000854701 -0.000259259 -0.00145914 0.00357143 0.00928571 -0.000283447
internal_weight=745 702 675 514 161 70 441
internal_count=745 702 675 514 161 70 441
is_linear=0
shrinkage=0.05


Tree=14
num_leaves=8
num_cat=0
split_feature=12 8 5 4 2 12 6
split_gain=1.57921 2.71313 2.07538 1.80686 2.52444 1.26544 2.00108
threshold=0.027728982804785422 0.12220053224973328 0.011483961836689564 0.029407076924294829 0.1020024450931183 0.046695407011373098 -0.27464763567760425
decision_type=2 8 2 2 2 2 2
left_child=2 3 -1 4 5 -2 -7
right_child=1 -3 -4 -5 -6 6 -8
leaf_value=-0.00022057902061925136 2.5172318279393478e-05 -0.00041644931425803566 -1.2107558538698347e-05 0.00023507925931241103 -0.00027290719859658717 2.8961422628192431e-05 0.00037254121844078255
leaf_weight=29 128 27 403 29 26 33 44
leaf_count=29 128 27 403 29 26 33 44
internal_value=0.000173853 0.00304878 -0.00173611 0.00461538 0.00313853 0.005 0.0100649
internal_weight=719 287 432 260 231 205 77
internal_count=719 287 432 260 231 205 77
is_linear=0
shrinkage=0.05


Tree=15
num_leaves=8
num_cat=0
split_feature=16 5 12 5 1 7 13
split_gain=1.94626 2.78938 1.65701 1.83313 1.30464 1.45046 1.66542
threshold=0.0085663047420260225 0.014832941324539096 0.042234470374777462 0.015508482804625861 0.03173145114547516 0.029387229006265007 18.564999580383304
decision_type=2 2 2 2 2 2 2
left_child=2 -2 4 -4 5 6 -1
right_child=1 -3 3 -5 -6 -7 -8
leaf_value=-5.3196543341395161e-05 -0.00016349920276434519 5.9257916488450368e-06 0.00037567766864477999 -0.00013392816271072346 0.0001271791957622736 -0.0003066136830182507 0.00019317850684335121
leaf_weight=214 118 138 41 38 49 35 110
leaf_count=214 118 138 41 38 49 35 110
internal_value=-0.000572005 -0.00410156 0.00128337 0.00791139 0 -0.00104457 0
internal_weight=743 256 487 79 408 359 324
internal_count=743 256 487 79 408 359 324
is_linear=0
shrinkage=0.05


Tree=16
num_leaves=8
num_cat=0
split_feature=4 16 15 16 1 0 3
split_gain=1.67815 1.70895 1.25359 1.80225 1.73077 1.22571 1.84057
threshold=0.018238853448113282 1.0000000180025095e-35 0.011685943529370692 0.015752812783518703 0.034919802834126663 0.0028940612104113588 -0.0068880619013700897
decision_type=2 2 2 2 2 2 2
left_child=1 -1 3 5 -5 6 -2
right_child=2 -3 -4 4 -6 -7 -8
leaf_value=4.5645830470208085e-05 -4.6756819160169463e-05 -0.00020183020475706703 0.00020885653200696929 -8.4748208975749e-05 -0.00033328450497597129 -3.8283037313156206e-05 0.00012376318207242803
leaf_weight=26 61 35 56 72 43 195 269
leaf_count=26 61 35 56 72 43 195 269
internal_value=0.000165125 -0.00778689 0.000862069 0.000234375 -0.00543478 0.00147619 0.00333333
internal_weight=757 61 696 640 115 525 330
internal_count=757 61 696 640 115 525 330
is_linear=0
shrinkage=0.05


Tree=17
num_leaves=8
num_cat=0
split_feature=16 3 12 11 10 5 14
split_gain=1.60541 1.73036 1.19485 2.47087 1.74993 1.52355 1.33471
threshold=-0.03065063575242782 -0.0068880619013700897 0.027728982804785422 0.0038135025222709733 9.4862369999448873e-05 0.011483961836689564 -0.0080681674930397889
decision_type=2 2 2 2 2 2 2
left_child=-1 -2 5 -4 -5 -3 -7
right_child=1 2 3 4 -6 6 -8
leaf_value=0.00047640510538190291 -0.00011098705895757409 -0.00019128359921221817 0.00020700778017647729 -0.0001912329193269234 1.5515813356515782e-05 -6.9642800019388364e-05 0.00011980686417470654
leaf_weight=30 83 25 75 45 143 179 166
leaf_count=30 83 25 75 45 143 179 166
internal_value=0.000335121 -0.000139665 0.000750395 0.003327 0.000265957 -0.00108108 -0.000217391
internal_weight=746 716 633 263 188 370 345
internal_count=746 716 633 263 188 370 345
is_linear=0
shrinkage=0.05


Tree=18
num_leaves=8
num_cat=0
split_feature=12 8 6 4 3 12 11
split_gain=1.65843 2.36303 1.76941 1.73669 1.80745 1.70214 1.60125
threshold=0.024521717099064925 0.12220053224973328 -1.1703481742477064 0.023953425411422195 0.00038203903764699737 -0.0036881752830155707 -0.0012355410470791248
decision_type=2 8 2 2 2 2 2
left_child=3 2 -2 -1 -5 -6 -4
right_child=1 -3 6 4 5 -7 -8
leaf_value=-0.00011591103545830567 -9.6668612619875188e-05 -0.00040288708789902334 0.00030518177971767261 -9.988431200591059e-05 0.00032655878249690583 -2.2072852755971673e-05 6.4577238189773611e-05
leaf_weight=195 25 29 44 123 58 47 232
leaf_count=195 25 29 44 123 58 47 232
internal_value=-0.000232404 0.00242424 0.00373754 -0.00230496 0.000657895 0.00547619 0.0048913
internal_weight=753 330 301 423 228 105 276
internal_count=753 330 301 423 228 105 276
is_linear=0
shrinkage=0.05


Tree=19
num_leaves=8
num_cat=0
split_feature=4 15 16 16 11 11 16
split_gain=2.14231 2.03119 1.60583 1.20079 0.98495 1.19048 0.931326
threshold=0.018238853448113282 0.011685943529370692 -0.028659295671555726 1.0000000180025095e-35 -0.018660879963565243 -0.024572906939621272 0.010654605593636625
decision_type=2 2 2 2 2 2 2
left_child=3 2 -2 -1 5 -4 -6
right_child=1 -3 4 -5 6 -7 -8
leaf_value=-9.7730400832744472e-06 0.00042597558951093365 0.0002068803568430577 -2.167238967723229e-05 -0.00019781462184346798 1.6543319782859681e-05 -0.00018914903630410721 -7.1719302646768211e-05
leaf_weight=25 42 54 35 32 358 25 168
leaf_count=25 42 54 35 32 358 25 168
internal_value=0.000101488 0.000879765 7.96178e-05 -0.00921053 -0.00059727 -0.00666667 9.5057e-05
internal_weight=739 682 628 57 586 60 526
internal_count=739 682 628 57 586 60 526
is_linear=0
shrinkage=0.05


Tree=20
num_leaves=8
num_cat=0
split_feature=5 13 10 1 0 7 11
split_gain=2.0704 1.71587 3.13759 1.51386 2.35347 2.05909 1.65794
threshold=0.01474407585996256 14.795000076293947 0.0033676747236286446 -0.00096406762618522757 0.0097726285386234863 -0.031851442113633825 0.0025776305361616685
decision_type=2 2 2 2 2 2 2
left_child=-1 2 -2 5 -5 -3 -7
right_child=1 3 -4 4 -6 6 -8
leaf_value=-5.0407892646470318e-05 1.6399909045271326e-05 0.00017768571294869874 0.0002639126519055785 0.00022694190457918885 -5.4332676995535648e-05 -2.4785411013700048e-05 -0.00037131543344879367
leaf_weight=379 49 38 33 88 61 63 40
leaf_count=379 49 38 33 88 61 63 40
internal_value=-0.000499334 0.00215054 0.00853659 0.000344828 0.00385906 -0.00336879 -0.00703883
internal_weight=751 372 82 290 149 141 103
internal_count=751 372 82 290 149 141 103
is_linear=0
shrinkage=0.05


Tree=21
num_leaves=8
num_cat=0
split_feature=14 15 15 11 7 10 1
split_gain=1.38742 1.21744 2.47892 1.47285 1.37317 2.55466 1.61388
threshold=-0.11544121967691799 0.011685943529370692 0.0068340995672636637 0.0026615603308526308 0.029387229006265007 0.0007464509492582928 0.041697579610920583
decision_type=2 2 2 2 2 2 2
left_child=-1 2 4 -4 -2 6 -6
right_child=1 -3 3 -5 5 -7 -8
leaf_value=0.00035126848421926165 1.2644507040645187e-05 0.00018045273337144417 -8.4011628299620819e-05 -0.00030471754222317508 -0.00035538079041975859 3.8874101086582777e-05 -8.1825724330135337e-05
leaf_weight=30 461 49 31 38 48 66 25
leaf_count=30 461 49 31 38 48 66 25
internal_value=-0.000534759 -0.00097493 -0.00153214 -0.0105072 -0.0005 -0.00485612 -0.0113014
internal_weight=748 718 669 69 600 139 73
internal_count=748 718 669 69 600 139 73
is_linear=0
shrinkage=0.05


Tree=22
num_leaves=8
num_cat=0
split_feature=16 14 0 7 0 2 4
split_gain=1.22941 1.07567 1.19401 1.13199 0.983117 0.901056 2.1374
threshold=-0.03065063575242782 0.11365091649526195 -0.015696631235859567 -0.029110558429604912 0.026144211714671187 0.081557233508499097 0.028701103856964848
decision_type=2 2 2 2 2 2 2
left_child=-1 2 3 -2 5 -4 -7
right_child=1 -3 4 -5 -6 6 -8
leaf_value=0.00024137428410251363 -2.1028269302434928e-05 -0.00011630694738682599 -1.2332753886138771e-05 0.00018758062664909876 0.00017951643731981589 -0.00029191934260859798 0.00019193150692573699
leaf_weight=31 27 36 493 44 33 53 25
leaf_count=31 27 36 493 44 33 53 25
internal_value=-0.000876011 -0.00130098 -0.000851852 0.00528169 -0.00157285 -0.00205779 -0.00705128
internal_weight=742 711 675 71 604 571 78
internal_count=742 711 675 71 604 571 78
is_linear=0
shrinkage=0.05


Tree=23
num_leaves=8
num_cat=0
split_feature=1 12 6 7 5 5 1
split_gain=1.60216 1.10313 2.2388 2.54464 1.92842 1.57318 1.01653
threshold=-0.048500382038810734 0.038282050085224013 -0.8256954528403081 0.021826585473895491 0.016067964623060985 0.011483961836689564 -0.034580042534678772
decision_type=2 2 2 2 2 2 2
left_child=-1 5 -3 -4 -5 -2 -7
right_child=1 2 3 4 -6 6 -8
leaf_value=0.0002206503369879965 -0.00017191874072846033 -0.00011309390237792439 0.00026965654347772122 8.7297000918893421e-05 -0.00032050233031436751 -0.00010112638793394092 -3.6273932398205707e-06
leaf_weight=44 35 32 70 50 29 45 446
leaf_count=44 35 32 70 50 29 45 446
internal_value=-0.000166445 -0.000742574 0.00262431 0.00520134 -0.000949367 -0.00190114 -0.00117108
internal_weight=751 707 181 149 79 526 491
internal_count=751 707 181 149 79 526 491
is_linear=0
shrinkage=0.05


Tree=24
num_leaves=8
num_cat=0
split_feature=5 16 15 3 13 11 15
split_gain=1.34523 1.7156 1.61129 1.89209 1.5254 2.64335 1.40228
threshold=0.015023978642023041 0.0088281852446991955 0.0052324628975625185 -0.0028191736101026428 19.115000724792484 -0.011522991723745544 -0.0096764761352437483
decision_type=2 2 2 2 2 2 2
left_child=1 4 3 -3 5 -1 -2
right_child=6 2 -4 -5 -6 -7 -8
leaf_value=-0.00026675012329067195 0.00011169578060524983 -0.00018910625039126724 -0.00026961999331319799 1.6013410116494988e-05 0.00029477268187175031 9.6318307954288746e-06 7.8197295276823019e-06
leaf_weight=28 41 27 48 55 28 224 298
leaf_count=28 41 27 48 55 28 224 298
internal_value=-0.000634179 -0.00256098 -0.00730769 -0.00304878 -0.000357143 -0.0015873 0.00169617
internal_weight=749 410 130 82 280 252 339
internal_count=749 410 130 82 280 252 339
is_linear=0
shrinkage=0.05


Tree=25
num_leaves=8
num_cat=0
split_feature=16 12 0 0 13 10 10
split_gain=1.62236 1.76798 2.01151 2.01919 1.60866 1.75017 1.59475
threshold=0.015752812783518703 0.038546138655022773 0.023834559029179306 0.0032788967301559118 13.744999885559084 0.0038763906562415689 -0.013932246020769588
decision_type=2 2 2 2 2 2 2
left_child=1 2 3 6 -2 -6 -1
right_child=4 -3 -4 -5 5 -7 -8
leaf_value=-0.00010455055634936402 -0.00037169814328396494 0.00010382628388467658 0.00027555666377414924 -0.00011664997454447943 1.8893171938547869e-05 -0.00014940301072575518 5.9359295413976232e-05
leaf_weight=35 34 137 25 143 73 44 266
leaf_count=35 34 137 25 143 73 44 266
internal_value=-0.000495376 0.000660066 -0.000799574 -0.00157658 -0.00513245 -0.00235043 0.000747508
internal_weight=757 606 469 444 151 117 301
internal_count=757 606 469 444 151 117 301
is_linear=0
shrinkage=0.05


Tree=26
num_leaves=8
num_cat=0
split_feature=4 16 16 16 13 5 3
split_gain=1.36056 1.50979 1.05932 2.03188 1.93338 1.92967 1.68982
threshold=0.018238853448113282 -0.0011633870576759906 0.031812161173756077 0.015752812783518703 14.715000152587892 0.014415449147455026 0.0012240817730210243
decision_type=2 2 2 2 2 2 2
left_child=1 -1 3 4 5 -2 -6
right_child=2 -3 -4 -5 6 -7 -8
leaf_value=5.2378985737435978e-05 8.8762843201209689e-05 -0.0001505675419040618 0.00015147793637894185 -0.00018510841908087308 -2.3154437422405103e-05 0.0002227235351057368 0.00011066834502617128
leaf_weight=26 82 36 27 111 255 51 149
leaf_count=26 82 36 27 111 255 51 149
internal_value=-0.000169607 -0.00725806 0.000481481 7.71605e-05 0.00135009 0.00657895 -0.000371287
internal_weight=737 62 675 648 537 133 404
internal_count=737 62 675 648 537 133 404
is_linear=0
shrinkage=0.05


Tree=27
num_leaves=8
num_cat=0
split_feature=4 0 2 3 6 2 9
split_gain=1.44527 1.30953 1.77941 1.77272 1.88518 2.66272 1.95799
threshold=0.018238853448113282 0.0032788967301559118 -0.057621887407176157 -0.0049735277777843137 0.42362563358376282 -0.030976201597192939 -0.048288932777100772
decision_type=2 2 2 2 2 2 10
left_child=-1 3 -3 -2 5 -5 -7
right_child=1 2 -4 4 -6 6 -8
leaf_value=-0.00011343642510412726 -6.9427922826424771e-05 0.00046852004467371616 -5.4608977196288842e-05 -7.7855510770730228e-05 0.0003335410235976975 0.00022341363622358328 1.5041808615872808e-05
leaf_weight=55 107 39 241 77 62 51 117
leaf_count=55 107 39 241 77 62 51 117
internal_value=-0.000834446 -0.000216138 -0.00285714 0.00157005 0.00350163 0.00153061 0.00505952
internal_weight=749 694 280 414 307 245 168
internal_count=749 694 280 414 307 245 168
is_linear=0
shrinkage=0.05


Tree=28
num_leaves=8
num_cat=0
split_feature=5 0 13 10 4 7 4
split_gain=1.33544 1.66905 3.10398 3.23524 1.63712 1.58517 1.70696
threshold=0.015023978642023041 -0.00047833853878209703 16.954999923706058 0.0030128499392588774 0.029288419624170895 0.03522755735593442 0.027772386666006049
decision_type=2 2 2 2 2 2 2
left_child=-1 5 3 -3 -4 6 -2
right_child=1 2 4 -5 -6 -7 -8
leaf_value=-3.4739876888851394e-05 0.00025195608215520214 -0.00011891411923399722 -0.00028245163170741784 0.00041433666947174834 -5.8280759446225115e-07 -9.0387395974136374e-05 5.0717307332991646e-05
leaf_weight=421 56 41 55 42 54 26 69
leaf_count=421 56 41 55 42 54 26 69
internal_value=-0.00078534 0.00153061 -0.0015625 0.00572289 -0.00711009 0.00546358 0.0078
internal_weight=764 343 192 83 109 151 125
internal_count=764 343 192 83 109 151 125
is_linear=0
shrinkage=0.05


Tree=29
num_leaves=8
num_cat=0
split_feature=9 5 7 3 0 7 6
split_gain=1.50336 1.78611 2.40155 1.71304 2.16432 1.46542 1.44727
threshold=0.10623661975723477 0.017572514554732865 0.029387229006265007 0.0031981232690909693 0.0032788967301559118 0.015238047974080573 -0.61954459305881249
decision_type=10 2 2 2 2 2 2
left_child=1 2 5 4 -3 -1 -2
right_child=6 3 -4 -5 -6 -7 -8
leaf_value=-1.1060154361699166e-05 1.4639369282567368e-05 0.00012861619112040806 -0.00028691136281181606 0.00028010438298651868 -0.0001003257679847418 0.00014640305320748857 -0.0003376719327980113
leaf_weight=327 34 68 72 54 41 80 56
leaf_count=327 34 68 72 54 41 80 56
internal_value=-0.000614754 0.000233645 -0.0013048 0.0047546 0.00114679 0.000184275 -0.00666667
internal_weight=732 642 479 163 109 407 90
internal_count=732 642 479 163 109 407 90
is_linear=0
shrinkage=0.05


Tree=30
num_leaves=8
num_cat=0
split_feature=11 1 2 8 11 9 3
split_gain=1.31347 2.10796 1.91004 1.66083 1.54418 1.5423 1.58055
threshold=0.0049014258376020034 -0.017947743253298506 0.081557233508499097 0.021510697297445262 0.0099206005901721923 0.10554940085133004 -0.0003371799021681387
decision_type=2 2 2 8 2 10 2
left_child=3 -2 4 -1 -3 6 -5
right_child=1 2 -4 5 -6 -7 -8
leaf_value=-2.3393743714177487e-05 -0.00019028152489362449 -6.8519356235121912e-05 -0.00025697888410730911 9.7044901272927994e-05 2.6299256582094825e-05 -0.00016033567124353255 0.00035329627014565884
leaf_weight=221 56 57 50 70 200 37 47
leaf_count=221 56 57 50 70 200 37 47
internal_value=-0.000542005 -0.00268595 -0.00105863 0.00153333 0.000680934 0.00551948 0.00833333
internal_weight=738 363 307 375 257 154 117
internal_count=738 363 307 375 257 154 117
is_linear=0
shrinkage=0.05


end of trees

feature_importances:
overnight_gap=22
parkinson_20=20
sector_ret_5d=20
dist_ma20=16
spy_ret_20d=15
ret_1d=14
spy_ret_5d=13
atr_pct=12
vix_level=12
dist_ma200=11
sector_ret_1d=11
dvol_z_20=10
ret_5d=9
spy_ret_1d=9
ret_20d=8
vix_chg_1d=8
dist_ma50=7

parameters:
[boosting: gbdt]
[objective: quantile]
[metric: quantile]
[tree_learner: serial]
[device_type: cpu]
[data_sample_strategy: bagging]
[data: ]
[valid: ]
[num_iterations: 80]
[learning_rate: 0.05]
[num_leaves: 8]
[num_threads: 1]
[seed: 0]
[deterministic: 0]
[force_col_wise: 1]
[force_row_wise: 0]
[histogram_pool_size: -1]
[max_depth: -1]
[min_data_in_leaf: 25]
[min_sum_hessian_in_leaf: 0.001]
[bagging_fraction: 0.9]
[pos_bagging_fraction: 1]
[neg_bagging_fraction: 1]
[bagging_freq: 1]
[bagging_seed: 3]
[bagging_by_query: 0]
[feature_fraction: 0.9]
[feature_fraction_bynode: 1]
[feature_fraction_seed: 2]
[extra_trees: 0]
[extra_seed: 6]
[early_stopping_round: 0]
[early_stopping_min_delta: 0]
[first_metric_only: 0]
[max_delta_step: 0]
[lambda_l1: 0]
[lambda_l2: 0]
[linear_lambda: 0]
[min_gain_to_split: 0]
[drop_rate: 0.1]
[max_drop: 50]
[skip_drop: 0.5]
[xgboost_dart_mode: 0]
[uniform_drop: 0]
[drop_seed: 4]
[top_rate: 0.2]
[other_rate: 0.1]
[min_data_per_group: 100]
[max_cat_threshold: 32]
[cat_l2: 10]
[cat_smooth: 10]
[max_cat_to_onehot: 4]
[top_k: 20]
[monotone_constraints: ]
[monotone_constraints_method: basic]
[monotone_penalty: 0]
[feature_contri: ]
[forcedsplits_filename: ]
[refit_decay_rate: 0.9]
[cegb_tradeoff: 1]
[cegb_penalty_split: 0]
[cegb_penalty_feature_lazy: ]
[cegb_penalty_feature_coupled: ]
[path_smooth: 0]
[interaction_constraints: ]
[verbosity: -1]
[saved_feature_importance_type: 0]
[use_quantized_grad: 0]
[num_grad_quant_bins: 4]
[quant_train_renew_leaf: 0]
[stochastic_rounding: 1]
[linear_tree: 0]
[max_bin: 255]
[max_bin_by_feature: ]
[min_data_in_bin: 3]
[bin_construct_sample_cnt: 200000]
[data_random_seed: 1]
[is_enable_sparse: 1]
[enable_bundle: 1]
[use_missing: 1]
[zero_as_missing: 0]
[feature_pre_filter: 1]
[pre_partition: 0]
[two_round: 0]
[header: 0]
[label_column: ]
[weight_column: ]
[group_column: ]
[ignore_column: ]
[categorical_feature: ]
[forcedbins_filename: ]
[precise_float_parser: 0]
[parser_config_file: ]
[objective_seed: 5]
[num_class: 1]
[is_unbalance: 0]
[scale_pos_weight: 1]
[sigmoid: 1]
[boost_from_average: 1]
[reg_sqrt: 0]
[alpha: 0.5]
[fair_c: 1]
[poisson_max_delta_step: 0.7]
[tweedie_variance_power: 1.5]
[lambdarank_truncation_level: 30]
[lambdarank_norm: 1]
[label_gain: ]
[lambdarank_position_bias_regularization: 0]
[eval_at: ]
[multi_error_top_k: 1]
[auc_mu_weights: ]
[num_machines: 1]
[local_listen_port: 12400]
[time_out: 120]
[machine_list_filename: ]
[machines: ]
[gpu_platform_id: -1]
[gpu_device_id: -1]
[gpu_device_id_list: ]
[gpu_use_dp: 0]
[num_gpu: 1]

end of parameters

pandas_categorical:[]
