tree
version=v4
num_class=1
num_tree_per_iteration=1
label_index=0
max_feature_idx=16
objective=quantile
feature_names=ret_1d ret_5d ret_20d overnight_gap atr_pct parkinson_20 dvol_z_20 dist_ma20 dist_ma50 dist_ma200 spy_ret_1d spy_ret_5d spy_ret_20d vix_level vix_chg_1d sector_ret_1d sector_ret_5d
feature_infos=[-0.14181217785429656:0.19674113882873834] [-0.16805287106176958:0.21955716856194085] [-0.24972723924925255:0.2346862667337577] [-0.098769286232217701:0.14542193716533758] [0.016231287742147639:0.050624407736860375] [0.010718704452931918:0.027181091885055221] [-2.3181163124118216:4.2650092547187803] [-0.16885990682516772:0.16360727490438087] [-0.21343995973183105:0.22993622831078286] [-0.38543995267487174:0.29000081208610995] [-0.058542971330535654:0.10501930183911301] [-0.11496151859245618:0.082843162776128354] [-0.1226559005192206:0.15756591020035837] [11.859999656677246:52.330001831054688] [-0.35753873962348437:0.74039073966007019] [-0.05484528635308028:0.043465174951121455] [-0.079035639478724384:0.068782341876153064]
tree_sizes=831 853 860 862 859 869 859 862 861 866 867 856 857 859 871 865 866 867 863

Tree=0
num_leaves=8
num_cat=0
split_feature=13 9 1 8 10 16 6
split_gain=1.98926 1.07998 0.659458 0.619809 0.581853 1.12111 0.451149
threshold=25.19999980926514 -0.12353774951345363 0.086317093992332131 -0.09722187092268518 -0.006182849640274656 -0.01192556372219916 1.122506960692774
decision_type=2 8 2 10 2 2 2
left_child=1 3 4 -1 5 -3 -6
right_child=-2 2 -4 -5 6 -7 -8
leaf_value=-0.021671489639972459 -0.02195341261062974 -0.02161430788794786 -0.021738184010173887 -0.022346620379185157 -0.021125002847648268 -0.021172422556290215 -0.021577869214368717
leaf_weight=48 32 30 26 33 452 62 58
leaf_count=48 32 30 26 33 452 62 58
internal_value=-0.0213548 -0.0208044 -0.0201036 -0.0262381 -0.0197669 -0.0234268 -0.0191066
internal_weight=741 709 628 81 602 92 510
internal_count=741 709 628 81 602 92 510
is_linear=0
shrinkage=1


Tree=1
num_leaves=8
num_cat=0
split_feature=9 8 11 4 7 1 5
split_gain=1.78084 1.445 1.29604 0.821468 1.01156 0.496148 0.477754
threshold=-0.12353774951345363 -0.09722187092268518 -0.011803471640552064 0.030799651706922802 -0.013226039573825009 0.082130689343415067 0.01176647978500253
decision_type=8 10 2 2 2 2 2
left_child=1 -1 3 4 -2 6 -4
right_child=2 -3 5 -5 -6 -7 -8
leaf_value=-0.00028067230606423319 -0.00024874032244571082 -0.00074689995204100992 -0.00026931027033710538 -0.00049084965192979424 0.0004353603403195329 -0.00030899652130869773 0.00021275641174508151
leaf_weight=50 49 40 36 27 34 25 467
leaf_count=50 49 40 36 27 34 25 467
internal_value=-8.24174e-05 -0.00666667 0.000846395 -0.00409091 -0.00162651 0.001875 0.0022167
internal_weight=728 90 638 110 83 528 503
internal_count=728 90 638 110 83 528 503
is_linear=0
shrinkage=0.05


Tree=2
num_leaves=8
num_cat=0
split_feature=9 11 5 5 1 11 8
split_gain=1.44432 1.10353 1.01225 1.05026 0.792573 0.761909 0.700979
threshold=-0.12353774951345363 0.0015109510563884323 0.024770278184869789 0.019297409830934902 -0.0093443585251047883 -0.012789082312227194 -0.018078017776022744
decision_type=8 2 2 2 2 2 10
left_child=2 4 3 -1 5 6 -2
right_child=1 -3 -4 -5 -6 -7 -8
leaf_value=-0.0002252649191925955 -0.00029117445141581673 0.00018350303427639523 3.3116298516106893e-05 -0.0011966574258525779 -0.00028455942838689137 0.00050837503233133892 0.00014023113493436082
leaf_weight=25 41 381 41 27 113 76 37
leaf_count=25 41 381 41 27 113 76 37
internal_value=7.42242e-05 0.000910494 -0.00575269 -0.0103846 -0.00155431 0.000779221 -0.00269231
internal_weight=741 648 93 52 267 154 78
internal_count=741 648 93 52 267 154 78
is_linear=0
shrinkage=0.05


Tree=3
num_leaves=8
num_cat=0
split_feature=3 9 1 11 0 11 10
split_gain=1.75974 1.54811 1.0141 0.79385 0.634641 1.10567 0.551148
threshold=-0.015819677327304656 -0.12353774951345363 0.086317093992332131 -0.0095679120508195808 0.0015842754516723903 0.0027164566126904881 -0.0067260034259559167
decision_type=2 8 2 2 2 2 2
left_child=-1 4 3 6 5 -2 -3
right_child=1 2 -4 -5 -6 -7 -8
leaf_value=-0.00068924052264818019 -0.00038234628363466088 -0.0002119169452126246 -0.00043503130551108117 0.00017619015483723771 -9.1148030823884869e-05 -0.0011703038864731645 0.00018833079689613578
leaf_weight=29 27 50 26 471 35 25 72
leaf_count=29 27 50 26 471 35 25 72
internal_value=-0.000170068 0.000325779 0.00120355 0.00162732 -0.00591954 -0.00942308 -0.00196721
internal_weight=735 706 619 593 87 52 122
internal_count=735 706 619 593 87 52 122
is_linear=0
shrinkage=0.05


Tree=4
num_leaves=8
num_cat=0
split_feature=9 5 4 6 12 15 9
split_gain=1.39022 1.13638 1.15885 0.943985 0.684238 0.654971 1.06675
threshold=-0.12353774951345363 0.024770278184869789 0.034256790171412206 1.8503795166187949 0.022797255871279457 -0.0013741723333797749 1.0000000180025095e-35
decision_type=8 2 2 2 2 2 10
left_child=1 2 -1 4 5 6 -2
right_child=3 -3 -4 -5 -6 -7 -8
leaf_value=-0.00020944427169177147 0.00034089635020483435 2.0476281116710634e-05 -0.0011783661283671226 -0.00026850305383019851 0.00024990959076435609 0.00011843378109923607 -0.00033769381130924431
leaf_weight=25 63 43 26 45 293 171 70
leaf_count=25 63 43 26 45 293 171 70
internal_value=4.07611e-05 -0.0056383 -0.0106863 0.000872274 0.00139866 -0.000263158 -0.00289474
internal_weight=736 94 51 642 597 304 133
internal_count=736 94 51 642 597 304 133
is_linear=0
shrinkage=0.05


Tree=5
num_leaves=8
num_cat=0
split_feature=11 5 9 1 14 1 11
split_gain=1.15821 1.1994 0.95483 1.52609 0.755174 0.823725 1.44609
threshold=-0.011803471640552064 0.017394135627380652 -0.12353774951345363 -0.0065508421555024446 -0.014609583018452553 -0.0089390314516937779 0.0015109510563884323
decision_type=2 2 8 2 2 2 2
left_child=1 -1 3 -2 -4 -6 -7
right_child=2 -3 4 -5 5 6 -8
leaf_value=-4.0155104282618549e-05 -0.00092167685715531739 -0.00046331489969385695 0.0002054261619692445 0.00027418522800236133 0.00037856198944200079 -0.00096294694308814437 5.1172849135615582e-06
leaf_weight=87 39 46 230 30 103 46 148
leaf_count=87 39 46 230 30 103 46 148
internal_value=-0.000555555 -0.00477444 0.000385906 -0.00514493 0.00111006 -0.000555555 -0.00247423
internal_weight=729 133 596 69 527 297 194
internal_count=729 133 596 69 527 297 194
is_linear=0
shrinkage=0.05


Tree=6
num_leaves=8
num_cat=0
split_feature=11 9 11 4 7 0 10
split_gain=1.46953 1.02044 0.95335 0.864047 0.822554 0.720588 0.447283
threshold=-0.011803471640552064 -0.12353774951345363 0.0015109510563884323 0.02766803069003412 -0.013226039573825009 -0.0031233927463640283 0.0066461345858104268
decision_type=2 8 2 2 2 2 2
left_child=3 2 -2 4 -1 -5 -3
right_child=1 6 -4 5 -6 -7 -8
leaf_value=-8.5324375149322683e-05 0.00036113032492964426 8.3958375631454108e-05 -0.00078972946748715248 -0.00023290449991436639 0.0003739611327548887 -0.00041821768248175348 0.00028248033488924149
leaf_weight=36 25 410 46 34 31 34 122
leaf_count=36 25 410 46 34 31 34 122
internal_value=-0.000284553 0.000771144 -0.00485915 -0.005 -0.000970149 -0.00897059 0.00152256
internal_weight=738 603 71 135 67 68 532
internal_count=738 603 71 135 67 68 532
is_linear=0
shrinkage=0.05


Tree=7
num_leaves=8
num_cat=0
split_feature=12 9 15 6 6 14 6
split_gain=1.04421 0.900026 0.93234 1.57278 1.47572 0.575595 0.868603
threshold=0.019260487188196843 -0.1688506190496307 -0.0038649942257300003 -0.5147765037683828 0.56704680000250363 -0.0047382999563528308 1.122506960692774
decision_type=2 8 2 2 2 2 2
left_child=1 -1 3 -3 -5 -2 -7
right_child=5 2 -4 4 -6 6 -8
leaf_value=-0.00051562030926813926 0.00025906120666315251 0.00029884356645193671 8.8360763492473021e-05 -0.00044585479058374808 0.00035987704706544007 0.00011866319929192039 -0.00033250415170571376
leaf_weight=45 191 38 218 43 29 142 26
leaf_count=45 191 38 218 43 29 142 26
internal_value=0.000150273 -0.00170241 -0.000792683 -0.00454545 -0.00888889 0.00207521 -5.95236e-05
internal_weight=732 373 328 110 72 359 168
internal_count=732 373 328 110 72 359 168
is_linear=0
shrinkage=0.05


Tree=8
num_leaves=8
num_cat=0
split_feature=12 9 11 11 9 6 6
split_gain=1.22537 0.905527 2.01026 1.04439 0.702863 1.12953 0.629463
threshold=0.020704073700370865 -0.12353774951345363 0.0015109510563884323 0.0049709308936182204 1.0000000180025095e-35 -0.045716495722010579 1.122506960692774
decision_type=2 8 2 2 10 2 2
left_child=1 2 -1 4 -3 -6 -2
right_child=6 3 -4 -5 5 -7 -8
leaf_value=0.0001526306217785704 0.00018663737418972618 5.431035188059471e-05 -0.0011902634842782507 9.4828272744919187e-05 -0.00011544249513444825 -0.00048113435171141539 -0.00015067956541937492
leaf_weight=39 314 95 26 119 70 49 49
leaf_count=39 314 95 26 119 70 49 49
internal_value=6.57049e-06 -0.00190955 -0.00730769 -0.000855856 -0.00294392 -0.0055042 0.00210744
internal_weight=761 398 65 333 214 119 363
internal_count=761 398 65 333 214 119 363
is_linear=0
shrinkage=0.05


Tree=9
num_leaves=8
num_cat=0
split_feature=11 4 14 10 10 9 6
split_gain=1.25344 1.10926 0.800029 1.00189 0.91143 0.92287 0.78065
threshold=-0.012789082312227194 0.027132901358622431 -0.0047382999563528308 -0.0041979732258571869 -0.002826478806265686 -0.11366229117592606 0.19346138058426615
decision_type=2 2 2 2 2 8 2
left_child=1 -1 -2 -4 -5 -6 -3
right_child=2 6 3 4 5 -7 -8
leaf_value=3.5799113238453208e-05 0.00011773326344962491 -0.00034491856098010833 0.0002396975923108751 -0.00041683007014045896 -0.00056823125211034398 1.6978090066894266e-05 -0.00050295815662712866
leaf_weight=63 325 38 88 27 26 137 30
leaf_count=63 325 38 88 27 26 137 30
internal_value=-0.000108992 -0.00454198 0.000854063 -0.00111511 -0.00315789 -0.00174847 -0.00897059
internal_weight=734 131 603 278 190 163 68
internal_count=734 131 603 278 190 163 68
is_linear=0
shrinkage=0.05


Tree=10
num_leaves=8
num_cat=0
split_feature=11 6 9 11 14 16 2
split_gain=0.872339 1.08997 0.891316 0.722007 1.11302 0.846757 0.56624
threshold=0.0039652132508289925 1.675859862169671 -0.1688506190496307 0.00023769852102906167 0.003286853869637119 -0.0027200862189259429 0.029988511662380372
decision_type=2 2 8 2 2 2 2
left_child=1 3 -2 5 -5 6 -1
right_child=2 -3 -4 4 -6 -7 -8
leaf_value=4.2357948325035728e-05 -0.00070052223080713195 -0.00049629820540470621 0.00011362969525339135 1.7340292013582074e-05 -0.00090413042257631309 0.00030554376217222044 -0.00035201786886558477
leaf_weight=108 31 28 348 35 32 100 61
leaf_count=108 31 28 348 35 32 100 61
internal_value=0.000154778 -0.00159341 0.00183377 -0.000803571 -0.00544776 0.00035316 -0.00180473
internal_weight=743 364 379 336 67 269 169
internal_count=743 364 379 336 67 269 169
is_linear=0
shrinkage=0.05


Tree=11
num_leaves=8
num_cat=0
split_feature=11 4 1 7 9 11 6
split_gain=1.26172 0.762029 1.25798 0.675551 0.606819 0.848436 0.486517
threshold=-0.011803471640552064 0.027132901358622431 -0.027943503235957064 -0.013226039573825009 -0.13268185425118853 0.0015109510563884323 1.675859862169671
decision_type=2 2 2 2 8 2 2
left_child=1 3 -3 -1 5 -2 -6
right_child=4 2 -4 -5 6 -7 -8
leaf_value=-9.3909076200611642e-05 0.00036851475273988444 -0.00022470995838275978 -0.0004354261811059951 0.00033363089843110156 0.00011862541778199499 -0.0009039544885757274 -0.00014917740544467725
leaf_weight=34 29 44 25 30 497 43 40
leaf_count=34 29 44 25 30 497 43 40
internal_value=1.34773e-05 -0.0043985 -0.00804348 -0.00046875 0.000977012 -0.00333333 0.00155493
internal_weight=742 133 69 64 609 72 537
internal_count=742 133 69 64 609 72 537
is_linear=0
shrinkage=0.05


Tree=12
num_leaves=8
num_cat=0
split_feature=11 4 1 16 9 5 6
split_gain=1.51916 0.986923 0.910334 0.56129 0.507503 0.876554 0.541283
threshold=-0.011803471640552064 0.027132901358622431 -0.026940980787069576 -0.0027200862189259429 -0.13268185425118853 0.023272851422382109 1.675859862169671
decision_type=2 2 2 2 8 2 2
left_child=1 3 -3 -1 5 -2 -6
right_child=4 2 -4 -5 6 -7 -8
leaf_value=-5.1936320201403165e-05 -0.00061347782450149732 -0.00022042672710426262 -0.00041139132022763368 0.00035828505665141811 0.00016450521234598429 0.00012261512606785715 -0.00014171853517244332
leaf_weight=31 33 43 26 29 482 39 40
leaf_count=31 33 43 26 29 482 39 40
internal_value=0.000228216 -0.00468992 -0.00876812 1.86265e-10 0.0012963 -0.00263889 0.00183908
internal_weight=723 129 69 60 594 72 522
internal_count=723 129 69 60 594 72 522
is_linear=0
shrinkage=0.05


Tree=13
num_leaves=8
num_cat=0
split_feature=13 6 8 16 4 2 4
split_gain=1.14033 0.727672 0.98769 0.558748 0.835127 0.709234 0.394064
threshold=25.19999980926514 1.675859862169671 0.041401261615680258 -0.0085219167815591117 0.027604396477476506 -0.041679696702835327 0.023332196165057936
decision_type=2 2 10 2 2 2 2
left_child=1 3 -3 4 -1 -6 -5
right_child=-2 2 -4 6 5 -7 -8
leaf_value=0.00024145394356856281 -0.00028512533943377834 -0.00045537509482109959 8.6426726371621992e-05 -6.459522808373884e-06 0.00014031639965007955 -0.00032746794506451711 0.00018174295433596961
leaf_weight=103 37 37 25 143 27 51 313
leaf_count=103 37 37 25 143 27 51 313
internal_value=4.07611e-05 0.000493562 -0.00467742 0.00099686 -0.00135359 -0.00525641 0.00192982
internal_weight=736 699 62 637 181 78 456
internal_count=736 699 62 637 181 78 456
is_linear=0
shrinkage=0.05


Tree=14
num_leaves=8
num_cat=0
split_feature=11 11 16 16 15 8 0
split_gain=1.29419 0.780112 0.738627 0.957635 0.373715 0.709531 0.635518
threshold=-0.011803471640552064 -0.015679772659318188 -0.016403900702310344 -0.0032412785314394617 0.00078701794952285031 -0.041297652543114065 0.0041592099113459966
decision_type=2 2 2 2 2 10 2
left_child=1 2 -1 -4 5 -2 -7
right_child=4 -3 3 -5 -6 6 -8
leaf_value=0.00025291376150936702 -0.00030276037157281576 -0.00034413607176592392 -0.00042852544862034765 0.00038639055432969967 0.00014999246989732173 0.00020143300226367099 -0.00019857201500978437
leaf_weight=41 97 26 28 30 293 144 65
leaf_count=41 97 26 28 30 293 144 65
internal_value=2.76245e-05 -0.0046 -0.00257576 -0.0062069 0.000993322 -0.000228758 0.00141148
internal_weight=724 125 99 58 599 306 209
internal_count=724 125 99 58 599 306 209
is_linear=0
shrinkage=0.05


Tree=15
num_leaves=8
num_cat=0
split_feature=13 9 1 11 15 8 3
split_gain=0.846011 0.594396 0.572863 0.561301 0.667261 0.670152 0.911998
threshold=25.19999980926514 -0.13268185425118853 -0.0065508421555024446 0.0019507060207528684 0.0054237309306887091 0.038027498189620486 -0.0030358781338707392
decision_type=2 8 2 2 2 8 2
left_child=1 2 -1 4 5 -3 -7
right_child=-2 3 -4 -5 -6 6 -8
leaf_value=-0.00055641605603332198 -0.00025585512211733494 0.00025527413383495706 0.00010483939095635041 9.3879857181300414e-05 -0.00016237566155056355 0.00023124778151672773 -0.00041674801831501432
leaf_weight=44 36 131 29 376 49 26 35
leaf_count=44 36 131 29 376 49 26 35
internal_value=-2.7548e-05 0.000362319 -0.00390411 0.000867099 -0.0010166 0.0003125 -0.00401639
internal_weight=726 690 73 617 241 192 61
internal_count=726 690 73 617 241 192 61
is_linear=0
shrinkage=0.05


Tree=16
num_leaves=8
num_cat=0
split_feature=11 11 4 16 6 14 10
split_gain=1.07828 0.919441 0.574874 0.59841 0.49085 0.401569 0.43593
threshold=-0.011803471640552064 -0.016025846447031252 0.02766803069003412 -0.021346424341342148 1.8503795166187949 -0.012700650003930223 -0.0041979732258571869
decision_type=2 2 2 2 2 2 2
left_child=1 2 -1 -4 5 -2 -7
right_child=4 -3 3 -5 -6 6 -8
leaf_value=0.00039813810434982243 0.00017904054533692324 -0.00028353624997454999 1.901576145640729e-05 -0.00039872574974215817 -9.3897183762537168e-05 0.00017570928719571873 -4.2798060516851051e-05
leaf_weight=51 242 30 28 25 44 87 239
leaf_count=51 242 30 28 25 44 87 239
internal_value=0.000107239 -0.00395522 -0.00173077 -0.00537736 0.000996732 0.00139085 0.000245399
internal_weight=746 134 104 53 612 568 326
internal_count=746 134 104 53 612 568 326
is_linear=0
shrinkage=0.05


Tree=17
num_leaves=8
num_cat=0
split_feature=12 2 6 10 6 6 11
split_gain=1.01992 0.864064 0.980874 0.628372 0.665417 0.532325 0.469295
threshold=0.020704073700370865 0.02260891808032162 -0.22845868433478878 -0.01378806518059311 1.6035564137767151 -0.6483182459282969 0.00053831818388905283
decision_type=2 2 2 2 2 2 2
left_child=1 3 5 -1 6 -3 -5
right_child=-2 2 -4 4 -6 -7 -8
leaf_value=-0.00014276448692619246 0.00014373360607198432 -0.00028009485469559017 -0.00087289206025451644 0.00027222561761229823 -0.00018458286149824229 0.00033346485245195218 -1.4538075674580055e-05
leaf_weight=35 348 32 43 119 25 30 102
leaf_count=35 348 32 43 119 25 30 102
internal_value=0.000163488 -0.00160622 -0.00547619 -0.000160142 0.000731707 -0.00145161 0.00160633
internal_weight=734 386 105 281 246 62 221
internal_count=734 386 105 281 246 62 221
is_linear=0
shrinkage=0.05


Tree=18
num_leaves=8
num_cat=0
split_feature=11 4 1 4 12 12 9
split_gain=0.875778 0.966405 0.853234 0.544538 0.316623 0.478707 0.626332
threshold=-0.011803471640552064 0.02766803069003412 -0.026940980787069576 0.023627288969297573 0.082959740110242888 0.042968168515443945 0.17093728326538896
decision_type=2 2 2 2 2 2 10
left_child=1 3 -3 -1 5 6 -2
right_child=4 2 -4 -5 -6 -7 -8
leaf_value=-4.6543845123549801e-05 4.2066306204458816e-05 -0.00012170950330129914 -0.00032568546145996137 0.00044164371483303703 -0.00015170020403232955 0.00026455789617593994 -8.8460741527719928e-05
leaf_weight=34 443 42 25 36 27 97 38
leaf_count=34 443 42 25 36 27 97 38
internal_value=0.000215634 -0.00339416 -0.00768657 0.000714286 0.00103306 0.00128028 0.000634096
internal_weight=742 137 67 70 605 578 481
internal_count=742 137 67 70 605 578 481
is_linear=0
shrinkage=0.05


end of trees

feature_importances:
spy_ret_5d=24
dist_ma200=17
dvol_z_20=16
atr_pct=11
ret_5d=10
spy_ret_1d=7
sector_ret_5d=7
parkinson_20=6
dist_ma50=6
spy_ret_20d=6
vix_chg_1d=5
sector_ret_1d=4
ret_1d=3
ret_20d=3
dist_ma20=3
vix_level=3
overnight_gap=2

parameters:
[boosting: gbdt]
[objective: quantile]
[metric: quantile]
[tree_learner: serial]
[device_type: cpu]
[data_sample_strategy: bagging]
[data: ]
[valid: ]
[num_iterations: 80]
[learning_rate: 0.05]
[num_leaves: 8]
[num_threads: 1]
[seed: 0]
[deterministic: 0]
[force_col_wise: 1]
[force_row_wise: 0]
[histogram_pool_size: -1]
[max_depth: -1]
[min_data_in_leaf: 25]
[min_sum_hessian_in_leaf: 0.001]
[bagging_fraction: 0.9]
[pos_bagging_fraction: 1]
[neg_bagging_fraction: 1]
[bagging_freq: 1]
[bagging_seed: 3]
[bagging_by_query: 0]
[feature_fraction: 0.9]
[feature_fraction_bynode: 1]
[feature_fraction_seed: 2]
[extra_trees: 0]
[extra_seed: 6]
[early_stopping_round: 0]
[early_stopping_min_delta: 0]
[first_metric_only: 0]
[max_delta_step: 0]
[lambda_l1: 0]
[lambda_l2: 0]
[linear_lambda: 0]
[min_gain_to_split: 0]
[drop_rate: 0.1]
[max_drop: 50]
[skip_drop: 0.5]
[xgboost_dart_mode: 0]
[uniform_drop: 0]
[drop_seed: 4]
[top_rate: 0.2]
[other_rate: 0.1]
[min_data_per_group: 100]
[max_cat_threshold: 32]
[cat_l2: 10]
[cat_smooth: 10]
[max_cat_to_onehot: 4]
[top_k: 20]
[monotone_constraints: ]
[monotone_constraints_method: basic]
[monotone_penalty: 0]
[feature_contri: ]
[forcedsplits_filename: ]
[refit_decay_rate: 0.9]
[cegb_tradeoff: 1]
[cegb_penalty_split: 0]
[cegb_penalty_feature_lazy: ]
[cegb_penalty_feature_coupled: ]
[path_smooth: 0]
[interaction_constraints: ]
[verbosity: -1]
[saved_feature_importance_type: 0]
[use_quantized_grad: 0]
[num_grad_quant_bins: 4]
[quant_train_renew_leaf: 0]
[stochastic_rounding: 1]
[linear_tree: 0]
[max_bin: 255]
[max_bin_by_feature: ]
[min_data_in_bin: 3]
[bin_construct_sample_cnt: 200000]
[data_random_seed: 1]
[is_enable_sparse: 1]
[enable_bundle: 1]
[use_missing: 1]
[zero_as_missing: 0]
[feature_pre_filter: 1]
[pre_partition: 0]
[two_round: 0]
[header: 0]
[label_column: ]
[weight_column: ]
[group_column: ]
[ignore_column: ]
[categorical_feature: ]
[forcedbins_filename: ]
[precise_float_parser: 0]
[parser_config_file: ]
[objective_seed: 5]
[num_class: 1]
[is_unbalance: 0]
[scale_pos_weight: 1]
[sigmoid: 1]
[boost_from_average: 1]
[reg_sqrt: 0]
[alpha: 0.1]
[fair_c: 1]
[poisson_max_delta_step: 0.7]
[tweedie_variance_power: 1.5]
[lambdarank_truncation_level: 30]
[lambdarank_norm: 1]
[label_gain: ]
[lambdarank_position_bias_regularization: 0]
[eval_at: ]
[multi_error_top_k: 1]
[auc_mu_weights: ]
[num_machines: 1]
[local_listen_port: 12400]
[time_out: 120]
[machine_list_filename: ]
[machines: ]
[gpu_platform_id: -1]
[gpu_device_id: -1]
[gpu_device_id_list: ]
[gpu_use_dp: 0]
[num_gpu: 1]

end of parameters

pandas_categorical:[]
