tree
version=v4
num_class=1
num_tree_per_iteration=1
label_index=0
max_feature_idx=16
objective=quantile
feature_names=ret_1d ret_5d ret_20d overnight_gap atr_pct parkinson_20 dvol_z_20 dist_ma20 dist_ma50 dist_ma200 spy_ret_1d spy_ret_5d spy_ret_20d vix_level vix_chg_1d sector_ret_1d sector_ret_5d
feature_infos=[-0.059895114545956196:0.073725490196078436] [-0.071960784313725545:0.10898093643678797] [-0.12818706860121132:0.16715925883824023] [-0.045956389732266012:0.044112195724700376] [0.011636047350333092:0.039078799002460904] [0.0076345198470810314:0.021907233655450692] [-2.5327422889443039:3.8319233820101171] [-0.064337519078921601:0.11029778386005096] [-0.084547626073932292:0.1466975199077909] [-0.1105730853337199:0.16806112656632144] [-0.058542947643003718:0.10501933612632941] [-0.11496158439845272:0.082843216242346029] [-0.12265592443394913:0.15756596870864792] [11.859999656677246:52.330001831054688] [-0.35753873962348437:0.74039073966007019] [-0.054845245580940394:0.043465182734245822] [-0.079035682487500813:0.068782287822878097]
tree_sizes=849 855 855 854 848 863 866 869 838 858 862 852

Tree=0
num_leaves=8
num_cat=0
split_feature=8 13 8 7 2 1 16
split_gain=4.18402 2.27481 3.27833 3.05557 2.22134 3.25763 1.94397
threshold=0.045485598581887506 18.365000724792484 -0.029036384104914489 -0.015949193194968066 0.103372067457853 0.023231672747502267 -0.0056730970244129866
decision_type=8 2 10 2 2 2 2
left_child=1 3 -3 6 5 -2 -1
right_child=4 2 -4 -5 -6 -7 -8
leaf_value=0.00012144467764301226 2.2127033662400206e-05 0.00051496724736352925 0.0001882976790511748 0.0002036731249972945 0.00022154075231810565 -0.00022170861811900979 -9.333354282716757e-05
leaf_weight=66 97 31 134 268 25 48 81
leaf_count=66 97 31 134 268 25 48 81
internal_value=0.000247021 0.00226886 0.0072349 0.000294411 -0.00665102 -0.00902424 -0.00549856
internal_weight=750 580 165 415 170 145 147
internal_count=750 580 165 415 170 145 147
is_linear=0
shrinkage=1


Tree=1
num_leaves=8
num_cat=0
split_feature=8 14 2 3 2 9 11
split_gain=4.78946 3.09065 3.0348 2.50257 1.89639 2.26608 1.62818
threshold=0.046520630832435191 0.012431899030548645 0.007991457772227319 7.5361675843321776e-05 0.085000588554180259 0.047033556695442409 0.023488197271316905
decision_type=10 2 2 2 2 10 2
left_child=1 3 -3 -1 5 -2 -5
right_child=4 2 -4 6 -6 -7 -8
leaf_value=6.3385882840520948e-05 -3.7418345873447836e-05 5.427205008345481e-05 0.00036249063663490238 -0.00015093208208782015 3.7404107752081478e-06 -0.00025100639189986398 0.00020725676544316231
leaf_weight=170 26 142 81 178 37 71 29
leaf_count=170 26 142 81 178 37 71 29
internal_value=-0.000408719 0.0015 0.00616592 -0.00125995 -0.00895522 -0.0126289 -0.00495169
internal_weight=734 600 223 377 134 97 207
internal_count=734 600 223 377 134 97 207
is_linear=0
shrinkage=0.05


Tree=2
num_leaves=8
num_cat=0
split_feature=14 8 2 8 13 6 3
split_gain=3.89952 2.22318 2.27865 1.98357 1.70949 1.47874 1.47046
threshold=0.012431899030548645 0.056854279996291342 0.013879864795527832 0.045485598581887506 17.914999961853031 0.015835415379037109 7.5361675843321776e-05
decision_type=2 8 2 10 2 2 2
left_child=3 2 4 6 5 -2 -1
right_child=1 -3 -4 -5 -6 -7 -8
leaf_value=6.0284752343250145e-05 7.5128349911665292e-05 -0.00025896431641899656 0.00031192369640029938 -0.00010922294258944022 0.00017765155581719229 -0.00016838442727612346 -0.0001071455903520473
leaf_weight=177 52 42 90 98 62 29 199
leaf_count=177 52 42 90 98 62 29 199
internal_value=-0.000100134 0.00463636 0.00654506 -0.0028481 0.00262238 -0.00216049 -0.00119681
internal_weight=749 275 233 474 143 81 376
internal_count=749 275 233 474 143 81 376
is_linear=0
shrinkage=0.05


Tree=3
num_leaves=8
num_cat=0
split_feature=1 14 11 8 7 13 6
split_gain=3.53043 2.83216 1.46667 1.69133 1.35476 1.65475 1.2876
threshold=0.041624175798050563 0.014555585659076444 0.011525540902406652 0.066475055154137666 0.0054600679448595377 18.394999504089359 -0.23662259599843152
decision_type=2 2 2 8 2 2 2
left_child=1 6 3 4 5 -3 -1
right_child=-2 2 -4 -5 -6 -7 -8
leaf_value=-7.6062948504068112e-05 -0.00027403909618001307 -1.0349377809393444e-05 -3.9662435192599338e-05 -0.00020586173395023482 0.00035198210509811362 0.00032500194166261735 2.510911063459389e-05
leaf_weight=233 44 57 47 25 70 47 220
leaf_count=233 44 57 47 25 70 47 220
internal_value=0.000100942 0.000965665 0.00528455 0.0071608 0.00890805 0.00528846 -0.00137969
internal_weight=743 699 246 199 174 104 453
internal_count=743 699 246 199 174 104 453
is_linear=0
shrinkage=0.05


Tree=4
num_leaves=8
num_cat=0
split_feature=14 9 13 4 1 4 8
split_gain=3.73216 2.68577 1.74319 1.56762 1.87381 1.78845 1.21001
threshold=0.012431899030548645 0.083490454497140779 18.564999580383304 0.02090590357536062 0.0046582032819870731 0.018316572241610759 0.021783480455539909
decision_type=2 8 2 2 2 2 8
left_child=1 2 -1 5 -5 -2 -7
right_child=3 -3 -4 4 -6 6 -8
leaf_value=-4.1726999534080277e-06 0.00016185450918279346 -0.00012347477989696246 0.00023889793858143779 0.00023690860563911772 2.3002970370304184e-05 3.566155793344819e-05 -0.00034206380035564708
leaf_weight=223 121 215 39 53 34 31 30
leaf_count=223 121 215 39 53 34 31 30
internal_value=0.000402145 -0.00225367 0.00114504 0.00511152 0.0106322 0.00247253 -0.0045082
internal_weight=746 477 262 269 87 182 61
internal_count=746 477 262 269 87 182 61
is_linear=0
shrinkage=0.05


Tree=5
num_leaves=8
num_cat=0
split_feature=1 14 12 12 15 1 5
split_gain=3.21268 2.40027 1.20539 1.19753 1.74832 1.71052 2.28372
threshold=0.048924805830881442 0.090336443973437111 -0.022997205585478738 0.013329903509770149 -0.0031090162344640788 -0.0061691986950233582 0.010869253762976963
decision_type=2 2 2 2 2 2 2
left_child=1 3 -3 -1 -5 6 -6
right_child=-2 2 -4 4 5 -7 -8
leaf_value=-5.0737708681767064e-05 -0.00029730754455131584 5.1400030948172623e-05 0.00017515718355190149 0.00014075150169822755 6.876765313717061e-05 2.8632834715956162e-05 -0.00032661610349832959
leaf_weight=237 37 28 41 104 39 198 53
leaf_count=237 37 28 41 104 39 198 53
internal_value=0.000169607 0.000928571 0.00978261 -3.96197e-05 0.00164975 -0.000344828 -0.00597826
internal_weight=737 700 69 631 394 290 92
internal_count=737 700 69 631 394 290 92
is_linear=0
shrinkage=0.05


Tree=6
num_leaves=8
num_cat=0
split_feature=8 11 11 2 12 14 2
split_gain=2.57577 2.18852 3.60476 1.99592 2.21248 1.92462 1.85903
threshold=0.047060008444296926 0.0093718166333225401 0.020793273633493151 0.085000588554180259 0.032469111342934183 -0.0066427814256201914 -0.0060240945215235256
decision_type=8 2 2 2 2 2 2
left_child=1 5 -3 4 -2 -1 -7
right_child=3 2 -4 -5 -6 6 -8
leaf_value=-3.9671775200874745e-06 -0.00024108749244460556 -0.00017924428491139442 0.00014738979722159494 4.779537453879501e-05 -2.7836902360084775e-05 4.9881696059867716e-05 0.00024527609365810661
leaf_weight=155 75 140 87 40 42 111 96
leaf_count=155 75 140 87 40 42 111 96
internal_value=-0.000201072 0.00131579 -0.00253304 -0.00589172 -0.00918803 0.00372928 0.00688406
internal_weight=746 589 227 157 117 362 207
internal_count=746 589 227 157 117 362 207
is_linear=0
shrinkage=0.05


Tree=7
num_leaves=8
num_cat=0
split_feature=1 10 9 11 6 10 15
split_gain=2.08371 1.96382 1.61977 2.22525 1.96025 1.44899 1.38686
threshold=0.048924805830881442 -0.0033501025601940788 0.077998466667671199 -0.011522991723745544 0.39060969925187888 0.00090086264031330476 0.0027974486639651412
decision_type=2 2 8 2 2 2 2
left_child=1 6 -3 -4 5 -5 -1
right_child=-2 2 3 4 -6 -7 -8
leaf_value=5.4948225185751966e-05 -0.00027843765190013574 3.4784876863235929e-05 -0.00020245852173014775 -0.00020171955321719422 0.00014961379579400528 -2.6387135002984947e-05 0.00020052151129812943
leaf_weight=155 38 272 34 55 38 124 29
leaf_count=155 38 272 34 55 38 124 29
internal_value=-0.000436242 0.000176803 -0.00138623 -0.00428287 -0.00241935 -0.00460894 0.00461957
internal_weight=745 707 523 251 217 179 184
internal_count=745 707 523 251 217 179 184
is_linear=0
shrinkage=0.05


Tree=8
num_leaves=8
num_cat=0
split_feature=2 15 2 8 2 13 12
split_gain=2.38762 2.28308 2.25 1.44518 2.15483 2.49051 2.19326
threshold=0.077738658529031182 0.012546868225724929 0.088342319485019152 0.046520630832435191 0.0047830595450238942 14.404999732971193 0.024727587984372471
decision_type=2 2 2 8 2 2 2
left_child=1 3 -2 4 5 6 -1
right_child=2 -3 -4 -5 -6 -7 -8
leaf_value=-0.00021058587717111841 -0.00031566258278168812 -0.00019262016494308435 3.927786546009901e-06 -6.1179691597915958e-05 0.00015969821201623129 4.3847604523474453e-05 -8.7737488912328215e-05
leaf_weight=30 32 49 32 96 215 257 53
leaf_count=30 32 49 32 96 215 257 53
internal_value=-0.00013089 0.000714286 -0.009375 0.0014977 0.00247748 0 -0.00753012
internal_weight=764 700 64 651 555 340 83
internal_count=764 700 64 651 555 340 83
is_linear=0
shrinkage=0.05


Tree=9
num_leaves=8
num_cat=0
split_feature=14 9 11 13 6 6 10
split_gain=2.46029 1.86542 2.10618 1.63592 1.54221 1.73197 1.49153
threshold=0.012431899030548645 0.084429365795157155 -0.011129796687205316 19.010000228881839 0.68835927587190715 1.6512638321384616 0.0042053175774743332
decision_type=2 8 2 2 2 2 2
left_child=1 3 -3 6 -2 -6 -1
right_child=4 2 -4 -5 5 -7 -8
leaf_value=-0.00011544656590310514 0.00013242844925787976 -0.00018861628163315013 -5.5506797939736231e-05 0.00022117708042657618 -0.00010894676068587853 0.00011278993937958 6.9820542758577156e-05
leaf_weight=119 212 32 177 33 32 31 108
leaf_count=119 212 32 177 33 32 31 108
internal_value=0.000336022 -0.00186567 -0.00538278 0.000961538 0.00409091 -0.00277778 -0.000550661
internal_weight=744 469 209 260 275 63 227
internal_count=744 469 209 260 275 63 227
is_linear=0
shrinkage=0.05


Tree=10
num_leaves=8
num_cat=0
split_feature=8 11 11 11 1 10 3
split_gain=1.74903 2.70903 1.84092 2.47515 1.74087 2.37198 1.2516
threshold=0.04319183261384419 -0.011522991723745544 0.0093718166333225401 0.020793273633493151 0.0070826980098273049 0.0044649128256998303 -0.0024985282788623215
decision_type=8 2 2 2 2 2 2
left_child=2 -2 -1 -4 -3 -6 -5
right_child=1 4 3 6 5 -7 -8
leaf_value=4.4639087994154441e-05 -0.00038251949196103853 0.00013974804549164192 -0.00015259643087123053 -0.00014442327303081974 -0.00019239716510253553 2.3608567043776339e-05 0.00028040541675976527
leaf_weight=344 33 50 140 27 62 33 60
leaf_count=344 33 50 140 27 62 33 60
internal_value=-0.000166889 -0.00449438 0.00118214 -0.00231278 -0.00155172 -0.00552632 0.00431034
internal_weight=749 178 571 227 145 95 87
internal_count=749 178 571 227 145 95 87
is_linear=0
shrinkage=0.05


Tree=11
num_leaves=8
num_cat=0
split_feature=15 8 11 2 9 11 11
split_gain=1.94554 1.68444 3.76485 1.87552 1.81029 1.77909 2.11986
threshold=0.015689988774666212 0.047060008444296926 -0.0098148245313025555 0.053259996439140374 0.021551616184034009 0.011124085891359938 0.023488197271316905
decision_type=2 8 2 2 10 2 2
left_child=1 5 -3 4 -4 -1 -7
right_child=-2 2 3 -5 -6 6 -8
leaf_value=4.263012636068904e-05 -0.00027855872876060767 -0.00034890737123088552 0.00015251497735372423 5.7921355688534612e-05 -0.00021288971978938702 -0.00013477028820688795 0.00026567191792913644
leaf_weight=369 29 37 26 59 35 127 65
leaf_count=369 29 37 26 59 35 127 65
internal_value=-0.00023427 0.000278552 -0.00429936 0 -0.00614754 0.00155971 -0.00234375
internal_weight=747 718 157 120 61 561 192
internal_count=747 718 157 120 61 561 192
is_linear=0
shrinkage=0.05


end of trees

feature_importances:
spy_ret_5d=12
dist_ma50=11
ret_20d=10
ret_5d=7
vix_chg_1d=7
vix_level=6
dvol_z_20=5
dist_ma200=5
spy_ret_1d=4
spy_ret_20d=4
sector_ret_1d=4
overnight_gap=3
atr_pct=2
dist_ma20=2
parkinson_20=1
sector_ret_5d=1

parameters:
[boosting: gbdt]
[objective: quantile]
[metric: quantile]
[tree_learner: serial]
[device_type: cpu]
[data_sample_strategy: bagging]
[data: ]
[valid: ]
[num_iterations: 80]
[learning_rate: 0.05]
[num_leaves: 8]
[num_threads: 1]
[seed: 0]
[deterministic: 0]
[force_col_wise: 1]
[force_row_wise: 0]
[histogram_pool_size: -1]
[max_depth: -1]
[min_data_in_leaf: 25]
[min_sum_hessian_in_leaf: 0.001]
[bagging_fraction: 0.9]
[pos_bagging_fraction: 1]
[neg_bagging_fraction: 1]
[bagging_freq: 1]
[bagging_seed: 3]
[bagging_by_query: 0]
[feature_fraction: 0.9]
[feature_fraction_bynode: 1]
[feature_fraction_seed: 2]
[extra_trees: 0]
[extra_seed: 6]
[early_stopping_round: 0]
[early_stopping_min_delta: 0]
[first_metric_only: 0]
[max_delta_step: 0]
[lambda_l1: 0]
[lambda_l2: 0]
[linear_lambda: 0]
[min_gain_to_split: 0]
[drop_rate: 0.1]
[max_drop: 50]
[skip_drop: 0.5]
[xgboost_dart_mode: 0]
[uniform_drop: 0]
[drop_seed: 4]
[top_rate: 0.2]
[other_rate: 0.1]
[min_data_per_group: 100]
[max_cat_threshold: 32]
[cat_l2: 10]
[cat_smooth: 10]
[max_cat_to_onehot: 4]
[top_k: 20]
[monotone_constraints: ]
[monotone_constraints_method: basic]
[monotone_penalty: 0]
[feature_contri: ]
[forcedsplits_filename: ]
[refit_decay_rate: 0.9]
[cegb_tradeoff: 1]
[cegb_penalty_split: 0]
[cegb_penalty_feature_lazy: ]
[cegb_penalty_feature_coupled: ]
[path_smooth: 0]
[interaction_constraints: ]
[verbosity: -1]
[saved_feature_importance_type: 0]
[use_quantized_grad: 0]
[num_grad_quant_bins: 4]
[quant_train_renew_leaf: 0]
[stochastic_rounding: 1]
[linear_tree: 0]
[max_bin: 255]
[max_bin_by_feature: ]
[min_data_in_bin: 3]
[bin_construct_sample_cnt: 200000]
[data_random_seed: 1]
[is_enable_sparse: 1]
[enable_bundle: 1]
[use_missing: 1]
[zero_as_missing: 0]
[feature_pre_filter: 1]
[pre_partition: 0]
[two_round: 0]
[header: 0]
[label_column: ]
[weight_column: ]
[group_column: ]
[ignore_column: ]
[categorical_feature: ]
[forcedbins_filename: ]
[precise_float_parser: 0]
[parser_config_file: ]
[objective_seed: 5]
[num_class: 1]
[is_unbalance: 0]
[scale_pos_weight: 1]
[sigmoid: 1]
[boost_from_average: 1]
[reg_sqrt: 0]
[alpha: 0.5]
[fair_c: 1]
[poisson_max_delta_step: 0.7]
[tweedie_variance_power: 1.5]
[lambdarank_truncation_level: 30]
[lambdarank_norm: 1]
[label_gain: ]
[lambdarank_position_bias_regularization: 0]
[eval_at: ]
[multi_error_top_k: 1]
[auc_mu_weights: ]
[num_machines: 1]
[local_listen_port: 12400]
[time_out: 120]
[machine_list_filename: ]
[machines: ]
[gpu_platform_id: -1]
[gpu_device_id: -1]
[gpu_device_id_list: ]
[gpu_use_dp: 0]
[num_gpu: 1]

end of parameters

pandas_categorical:[]
