tree
version=v4
num_class=1
num_tree_per_iteration=1
label_index=0
max_feature_idx=16
objective=quantile
feature_names=ret_1d ret_5d ret_20d overnight_gap atr_pct parkinson_20 dvol_z_20 dist_ma20 dist_ma50 dist_ma200 spy_ret_1d spy_ret_5d spy_ret_20d vix_level vix_chg_1d sector_ret_1d sector_ret_5d
feature_infos=[-0.059895114545956196:0.073725490196078436] [-0.071960784313725545:0.10898093643678797] [-0.12818706860121132:0.16715925883824023] [-0.045956389732266012:0.044112195724700376] [0.011636047350333092:0.039078799002460904] [0.0076345198470810314:0.021907233655450692] [-2.5327422889443039:3.8319233820101171] [-0.064337519078921601:0.11029778386005096] [-0.084547626073932292:0.1466975199077909] [-0.1105730853337199:0.16806112656632144] [-0.058542947643003718:0.10501933612632941] [-0.11496158439845272:0.082843216242346029] [-0.12265592443394913:0.15756596870864792] [11.859999656677246:52.330001831054688] [-0.35753873962348437:0.74039073966007019] [-0.054845245580940394:0.043465182734245822] [-0.079035682487500813:0.068782287822878097]
tree_sizes=834 848 853 860 862 866 862 859 839 864 843 856 856 860 861 864 859 864 864 849 857 864 861 838 860 870 866 859 861 857 860

Tree=0
num_leaves=8
num_cat=0
split_feature=14 4 9 13 13 8 10
split_gain=4.04457 2.55971 2.56324 2.40129 1.91605 2.16837 1.60306
threshold=0.012431899030548645 0.016250045878925992 0.12201111822068968 18.564999580383304 17.914999961853031 0.045011973039263527 0.004568837884475486
decision_type=2 2 8 2 2 8 2
left_child=1 -1 3 6 -2 -6 -3
right_child=4 2 -4 -5 5 -7 -8
leaf_value=0.0077463893452659246 0.007881778851151466 0.0077681058552116159 0.0077142388210631905 0.0079239471815526485 0.0080418239347636693 0.0077998294495046135 0.0078922387911006808
leaf_weight=127 153 93 88 67 88 32 102
leaf_count=127 153 93 88 67 88 32 102
internal_value=0.00782791 0.00505014 0.00725648 0.00973631 0.0126814 0.0174112 0.00693048
internal_weight=750 477 350 262 273 120 195
internal_count=750 477 350 262 273 120 195
is_linear=0
shrinkage=1


Tree=1
num_leaves=8
num_cat=0
split_feature=13 4 10 8 9 5 5
split_gain=6.0314 3.24438 3.06749 2.77579 2.01237 1.52611 2.1127
threshold=23.965000152587894 0.023149173237839875 -0.004502832663512756 0.050803502710567001 0.11011729510173952 0.010835290383269669 0.010182852707034954
decision_type=2 2 2 10 8 2 2
left_child=1 2 -1 -3 -4 6 -6
right_child=-2 3 4 -5 5 -7 -8
leaf_value=6.1412127688527125e-05 0.0002298305230215192 0.00014780351892113689 -2.7161940233781918e-05 -7.9127674107439807e-05 -0.00010016661719419061 -0.0001306886426755227 3.7500926991924665e-05
leaf_weight=113 52 71 296 29 45 96 32
leaf_count=113 52 71 296 29 45 96 32
internal_value=-6.81199e-05 -0.00131965 -0.00274914 0.007 -0.00453092 -0.00881503 -0.00357143
internal_weight=734 682 582 100 469 173 77
internal_count=734 682 582 100 469 173 77
is_linear=0
shrinkage=0.05


Tree=2
num_leaves=8
num_cat=0
split_feature=14 4 13 16 6 1 8
split_gain=5.54006 2.69045 2.20265 2.14358 1.85908 1.56746 1.53689
threshold=0.012431899030548645 0.02534790969568574 24.119999885559086 -0.015841075858413652 0.4384348992474299 0.014869179751187513 0.056854279996291342
decision_type=2 2 2 2 2 2 8
left_child=1 3 6 -1 -5 -6 -2
right_child=2 -3 -4 4 5 -7 -8
leaf_value=1.4010462851729252e-05 0.00010293981200084094 8.9723165379837152e-05 0.00023930993187241262 -0.00010113616855232976 -0.00010434756919130452 0.00014889931475045164 -5.2563328688847805e-05
leaf_weight=58 207 47 30 287 48 34 38
leaf_count=58 207 47 30 287 48 34 38
internal_value=-0.000100134 -0.00337553 0.00554545 -0.00462529 -0.00602981 0.000609756 0.00397959
internal_weight=749 474 275 427 369 82 245
internal_count=749 474 275 427 369 82 245
is_linear=0
shrinkage=0.05


Tree=3
num_leaves=8
num_cat=0
split_feature=16 0 4 14 8 9 9
split_gain=4.27458 3.21948 2.45547 2.0612 1.86634 1.70903 1.55407
threshold=-0.010305823725342276 0.019436187127724994 0.020665036616660623 0.012431899030548645 0.026309575322250315 0.011461281077699283 0.020566453195411175
decision_type=2 2 2 2 8 10 8
left_child=2 3 4 5 -1 -2 -5
right_child=1 -3 -4 6 -6 -7 -8
leaf_value=4.9950827308930477e-05 -0.00011516903083102081 0.00021197465423247199 0.0002412907173158601 0.00018202394851250578 -6.1839023864740684e-05 -2.4843132018577235e-05 -4.3885389943170006e-06
leaf_weight=79 135 33 77 35 35 217 132
leaf_count=79 135 33 77 35 35 217 132
internal_value=-3.36474e-05 -0.00226449 0.00641361 -0.00322736 0.00175439 -0.00539773 0.00134731
internal_weight=743 552 191 519 114 352 167
internal_count=743 552 191 519 114 352 167
is_linear=0
shrinkage=0.05


Tree=4
num_leaves=8
num_cat=0
split_feature=4 14 9 6 6 8 16
split_gain=5.37456 4.73277 2.12638 2.30858 2.10393 1.68365 1.66628
threshold=0.023102196662799591 0.021982133330242685 0.10919966147877271 0.20798579951073104 -1.0996316657153649 0.046090519492014377 -0.016609690209170299
decision_type=2 2 8 2 2 10 2
left_child=1 2 4 -4 -1 -2 -6
right_child=5 -3 3 -5 6 -7 -8
leaf_value=-0.00014492782645036638 0.00016276042670855528 7.7458715665743467e-05 -0.00010324480466779274 3.6384136120068542e-06 0.00024901353690715044 2.6457003528048646e-06 -3.3960628162603815e-05
leaf_weight=29 101 181 112 38 38 41 206
leaf_count=29 101 181 112 38 38 41 206
internal_value=0.000402145 -0.00165563 -0.00455083 -0.00933333 -0.00192308 0.00915493 -0.000409836
internal_weight=746 604 423 150 273 142 244
internal_count=746 604 423 150 273 142 244
is_linear=0
shrinkage=0.05


Tree=5
num_leaves=8
num_cat=0
split_feature=14 4 8 12 14 11 1
split_gain=4.42966 2.52859 2.47418 2.58313 2.04043 2.03299 1.64808
threshold=0.012431899030548645 0.018947590114729226 -0.01407075980410216 0.032568541829068882 -0.001242221342315941 -0.0034482783257907541 -0.017252313105003299
decision_type=2 2 10 2 2 2 2
left_child=1 4 3 -3 6 -2 -1
right_child=5 2 -4 -5 -6 -7 -8
leaf_value=-0.00011178085498471415 0.0001147779477355353 -0.00019568232369924951 5.425415215123209e-05 4.233031754400873e-05 -0.00011984277852070134 1.4189023518745761e-05 -3.4537209079418991e-05
leaf_weight=31 120 39 155 43 43 149 157
leaf_count=31 120 39 155 43 43 149 157
internal_value=-0.000373134 -0.00331197 0.000316456 -0.00670732 -0.00703463 0.00473978 -0.00478723
internal_weight=737 468 237 82 231 269 188
internal_count=737 468 237 82 231 269 188
is_linear=0
shrinkage=0.05


Tree=6
num_leaves=8
num_cat=0
split_feature=13 14 4 7 16 8 9
split_gain=3.6633 2.52246 2.20352 1.86574 1.96047 1.82102 1.71712
threshold=23.965000152587894 0.018287022450050875 0.016250045878925992 0.0028896179512185598 -0.0042301177911188139 -0.015768304973728439 0.12201111822068968
decision_type=2 2 2 2 2 8 8
left_child=1 2 -1 4 5 -3 -4
right_child=-2 3 6 -5 -6 -7 -8
leaf_value=-7.6225701498121699e-05 0.00017940115354985907 0.00017064118073791879 8.9156685035901226e-06 0.00012893450836839624 -0.00012507407029042621 -6.2658398326503016e-05 -8.7537772818949039e-05
leaf_weight=125 56 36 247 110 53 31 88
leaf_count=125 56 36 247 110 53 31 88
internal_value=0.000201072 -0.000797101 -0.00293478 0.00347826 -0.000833333 0.00485075 -0.000820896
internal_weight=746 690 460 230 120 67 335
internal_count=746 690 460 230 120 67 335
is_linear=0
shrinkage=0.05


Tree=7
num_leaves=8
num_cat=0
split_feature=10 4 1 9 6 4 10
split_gain=3.57515 2.95863 1.74187 1.56828 2.60877 1.65624 1.3891
threshold=-0.0043670108035313007 0.016250045878925992 -0.021360888403914865 0.12201111822068968 -0.71473643602528525 0.025644794623635468 -0.009254911904007011
decision_type=2 2 2 8 2 2 2
left_child=2 -2 -1 5 -5 -3 -4
right_child=1 3 6 4 -6 -7 -8
leaf_value=-9.6745204135882327e-06 -7.0678731808183283e-05 3.8012749963767766e-06 4.5853134926297304e-05 -0.00028460312266743868 -1.5361392897710003e-05 0.00012338120510872806 0.00014599342247501469
leaf_weight=35 152 260 66 25 93 46 68
leaf_count=35 152 260 66 25 93 46 68
internal_value=-3.3557e-05 -0.00190972 0.00636095 0.000235849 -0.00466102 0.00212418 0.00895522
internal_weight=745 576 169 424 118 306 134
internal_count=745 576 169 424 118 306 134
is_linear=0
shrinkage=0.05


Tree=8
num_leaves=8
num_cat=0
split_feature=13 0 0 7 13 0 4
split_gain=3.18705 2.56885 2.07322 2.46455 2.31017 2.06403 1.96949
threshold=23.965000152587894 0.019436187127724994 0.0083763512745465025 -0.018183644431105424 13.824999809265138 0.010543707485791256 0.020584279618210639
decision_type=2 2 2 2 2 2 2
left_child=1 2 3 6 -5 -4 -1
right_child=-2 -3 5 4 -6 -7 -8
leaf_value=-9.8529103203380281e-05 0.00020456798777526757 0.00017959032407905245 -0.00019442935812455186 -5.3893310085608321e-05 4.707622863650706e-05 -1.970474176733086e-05 1.6143198055168312e-05
leaf_weight=114 54 41 47 83 295 74 56
leaf_count=114 54 41 47 83 295 74 56
internal_value=0.000327225 -0.00056338 -0.00130792 0 0.00224868 -0.0072314 -0.005
internal_weight=764 710 669 548 378 121 170
internal_count=764 710 669 548 378 121 170
is_linear=0
shrinkage=0.05


Tree=9
num_leaves=8
num_cat=0
split_feature=0 14 11 9 14 15 9
split_gain=2.7411 2.54227 2.27984 1.97296 1.46848 1.46833 1.48943
threshold=0.019436187127724994 0.012431899030548645 -0.0034482783257907541 0.020566453195411175 0.052213768787031663 -0.0077327788149407764 0.022318681674109556
decision_type=2 2 2 8 2 2 10
left_child=1 5 -3 -4 -5 -1 -7
right_child=-2 2 3 4 -6 6 -8
leaf_value=2.222550379491126e-05 0.00015530544779680705 0.00010455440555833217 0.00020306051882862074 2.3935811988481763e-05 -0.00013584106226274107 -8.067755194839446e-05 -1.3809175454758318e-05
leaf_weight=42 46 113 33 69 41 173 227
leaf_count=42 46 113 33 69 41 173 227
internal_value=0.000134409 -0.000644699 0.00332031 -0.000874126 -0.00409091 -0.00294118 -0.003875
internal_weight=744 698 256 143 110 442 400
internal_count=744 698 256 143 110 442 400
is_linear=0
shrinkage=0.05


Tree=10
num_leaves=8
num_cat=0
split_feature=4 6 6 9 16 4 8
split_gain=2.91922 2.40613 1.72749 1.57706 1.55699 1.5105 1.4776
threshold=0.020584279618210639 -0.63506083722363271 1.2220830904274986 0.01948601125686689 -0.010305823725342276 0.01961811152339327 0.045485598581887506
decision_type=2 2 2 10 2 2 8
left_child=1 3 4 -1 -2 6 -3
right_child=2 5 -4 -5 -6 -7 -8
leaf_value=-0.00010254172429799485 8.5151809212763189e-05 2.3780976097832884e-05 0.00032106121784961891 -1.8459837644070308e-05 6.3747216388675494e-07 -0.00010937069519694277 -0.00011107360874301536
leaf_weight=59 73 259 25 65 163 36 69
leaf_count=59 73 259 25 65 163 36 69
internal_value=0.000233645 -0.00204918 0.00450192 -0.00806452 0.00317797 0 0.00106707
internal_weight=749 488 261 124 236 364 328
internal_count=749 488 261 124 236 364 328
is_linear=0
shrinkage=0.05


Tree=11
num_leaves=8
num_cat=0
split_feature=15 9 1 0 15 8 2
split_gain=2.07056 2.15319 1.96438 1.90566 2.45365 1.69006 1.79913
threshold=0.015689988774666212 0.05240349787228183 0.023279029176872416 0.007075419919618132 0.0073786920563091449 0.047060008444296926 0.086707601527960768
decision_type=2 10 2 2 2 10 2
left_child=1 2 3 4 -1 -3 -7
right_child=-2 5 -4 -5 -6 6 -8
leaf_value=-1.8708244774377228e-05 -0.00018076071059954253 8.0894218752125031e-05 0.00017394699641406307 -0.0001063199442916039 0.00014694418659856452 -0.00010551992830586457 0.00017251148595350715
leaf_weight=266 29 225 40 66 26 63 32
leaf_count=266 29 225 40 66 26 63 32
internal_value=0.000167336 0.000696379 -0.00175879 -0.00293296 -0.00119863 0.00375 -0.00184211
internal_weight=747 718 398 358 292 320 95
internal_count=747 718 398 358 292 320 95
is_linear=0
shrinkage=0.05


Tree=12
num_leaves=8
num_cat=0
split_feature=13 0 8 15 1 8 0
split_gain=2.1434 1.8841 2.32553 2.64419 1.5452 1.44283 1.42257
threshold=25.010000228881839 0.019436187127724994 0.045619983297148677 -0.0028815034791506706 -0.032571445549379234 0.054851597101703183 0.0063361210035420843
decision_type=2 2 8 2 2 10 2
left_child=1 2 3 4 -1 6 -4
right_child=-2 -3 5 -5 -6 -7 -8
leaf_value=0.00019830975013261127 0.00022418498949907601 0.00014668025262631098 -7.117363369445763e-05 -1.4520965897456512e-05 6.337612099457544e-05 -1.1443095407292268e-05 -0.00025657840518079179
leaf_weight=28 35 40 46 336 152 71 26
leaf_count=28 35 40 46 336 152 71 26
internal_value=6.81199e-05 -0.000536481 -0.00117602 0.000387597 0.00527778 -0.00681818 -0.0118056
internal_weight=734 699 659 516 180 143 72
internal_count=734 699 659 516 180 143 72
is_linear=0
shrinkage=0.05


Tree=13
num_leaves=8
num_cat=0
split_feature=13 15 14 13 14 16 3
split_gain=2.30907 1.65024 1.58766 2.52452 1.83156 3.29857 1.89418
threshold=24.855000495910648 0.015689988774666212 0.03406338940495391 17.945000648498539 -0.036818887874406285 -0.014947452054467401 0.0025243409024539036
decision_type=2 2 2 2 2 2 2
left_child=1 2 4 -4 5 -1 -7
right_child=-2 -3 3 -5 -6 6 -8
leaf_value=0.00025599667835319082 0.00019159354384842053 -0.00017709502875192044 -4.9613993855652296e-06 0.00011058321674776708 -3.314374513312115e-05 2.0709677711156082e-05 -9.9591779458059758e-05
leaf_weight=28 40 26 96 68 336 97 54
leaf_count=28 40 26 96 68 336 97 54
internal_value=-0.000436242 -0.00109929 -0.00062592 0.00365854 -0.00199029 0.00209497 -0.000827815
internal_weight=745 705 679 164 515 179 151
internal_count=745 705 679 164 515 179 151
is_linear=0
shrinkage=0.05


Tree=14
num_leaves=8
num_cat=0
split_feature=13 0 7 5 16 7 8
split_gain=2.5255 2.1575 1.68426 1.86053 1.88391 2.08857 2.52076
threshold=23.965000152587894 0.019583199889539941 0.039691672281243602 0.015879051664075373 0.01749526236770094 -0.016414683123243897 -0.0060387668120254192
decision_type=2 2 2 2 2 2 8
left_child=1 2 3 4 5 -1 -7
right_child=-2 -3 -4 -5 -6 6 -8
leaf_value=-4.8391508339790114e-05 0.00014806232892356611 0.00015966759217253643 -0.00010195075751089247 9.0721579380187613e-05 -9.8701173994865569e-05 0.00010906170826422398 -2.8040347149174003e-06
leaf_weight=155 49 38 54 46 73 63 241
leaf_count=155 49 38 54 46 73 63 241
internal_value=-0.000243394 -0.00104478 -0.00174051 -0.000951557 -0.00178571 -0.000599129 0.00180921
internal_weight=719 670 632 578 532 459 304
internal_count=719 670 632 578 532 459 304
is_linear=0
shrinkage=0.05


Tree=15
num_leaves=8
num_cat=0
split_feature=14 10 13 7 1 3 15
split_gain=2.87025 1.49408 1.41556 1.00602 0.998268 1.15147 1.92667
threshold=0.090336443973437111 -0.009254911904007011 22.330000877380375 -0.037396503918230677 -0.031995590163981284 0.0041761499388969234 0.00040864197037682187
decision_type=2 2 2 2 2 2 2
left_child=1 -1 3 -3 -5 -6 -7
right_child=-2 2 -4 4 5 6 -8
leaf_value=-9.8011672192350631e-05 0.00011095118390444422 -7.3912648205241944e-05 0.0001138249530826536 4.234090659466258e-05 -1.5168656586120886e-05 -2.1833996693925407e-05 0.00014922472856985711
leaf_weight=28 73 38 44 41 444 25 50
leaf_count=28 73 38 44 41 444 25 50
internal_value=-0.000168237 -0.00119403 -0.000700935 -0.00133779 -0.000803571 -0.00139692 0.00433333
internal_weight=743 670 642 598 560 519 75
internal_count=743 670 642 598 560 519 75
is_linear=0
shrinkage=0.05


Tree=16
num_leaves=8
num_cat=0
split_feature=14 0 0 8 1 4 14
split_gain=1.97585 1.51403 1.78075 1.61186 2.05274 2.32005 1.86274
threshold=0.090336443973437111 0.019583199889539941 0.0083763512745465025 0.056854279996291342 -0.002502049856969057 0.023232537535024717 0.010891009150098998
decision_type=2 2 2 8 2 2 2
left_child=1 2 3 4 5 -1 -6
right_child=-2 -3 -4 -5 6 -7 -8
leaf_value=-4.8647261552322176e-05 9.9320435904541593e-05 0.00014422297613541669 -7.0186594764280912e-05 -7.4910512304205432e-05 8.483657143570867e-06 0.00015062471435689213 0.00010638613635542537
leaf_weight=206 73 34 120 58 156 41 69
leaf_count=206 73 34 120 58 156 41 69
internal_value=-0.000627477 -0.00146199 -0.002 -0.000754717 0.000211864 -0.00293522 0.00366667
internal_weight=757 684 650 530 472 247 225
internal_count=757 684 650 530 472 247 225
is_linear=0
shrinkage=0.05


Tree=17
num_leaves=8
num_cat=0
split_feature=5 5 2 11 11 3 14
split_gain=1.47324 1.45029 1.2214 1.20604 1.2424 2.03669 1.64388
threshold=0.014360296346580282 0.017104443578259722 0.078003273794367348 0.023488197271316905 -0.0034482783257907541 0.00051173372262558481 0.064380578257103652
decision_type=2 2 2 2 2 2 2
left_child=2 -2 3 4 5 -1 -6
right_child=1 -3 -4 -5 6 -7 -8
leaf_value=3.7781465645166492e-05 0.00012189415402017535 -5.184121455013976e-05 -0.0001246668393100837 5.9459729499362381e-05 -2.7876027098522155e-05 -4.1926816734641579e-05 -0.00012882127021527113
leaf_weight=112 107 39 30 61 305 65 27
leaf_count=112 107 39 30 61 305 65 27
internal_value=-0.000737265 0.00376712 -0.00183333 -0.00131579 -0.00211198 0.00127119 -0.00391566
internal_weight=746 146 600 570 509 177 332
internal_count=746 146 600 570 509 177 332
is_linear=0
shrinkage=0.05


Tree=18
num_leaves=8
num_cat=0
split_feature=15 13 8 0 6 6 0
split_gain=2.14792 2.27183 3.06451 1.6005 1.54287 1.66561 2.59738
threshold=0.015689988774666212 17.82499980926514 0.045485598581887506 -0.0021186882840509842 -0.6224878144982865 -0.48072173155405845 -0.0043797318846859326
decision_type=2 2 8 2 2 2 2
left_child=1 4 -3 -4 -1 -6 -7
right_child=-2 2 3 -5 5 6 -8
leaf_value=-7.1727519833266032e-05 -0.00016783769729467724 8.2086865235052713e-05 -0.00012016678409113345 2.5487514301487503e-06 7.0616149109065064e-05 -0.00010048333244024072 2.1551194168781264e-05
leaf_weight=132 28 194 29 32 36 108 194
leaf_count=132 28 194 29 32 36 108 194
internal_value=-0.000697211 -0.000172414 0.00362745 -0.00614754 -0.00223404 -0.000443787 -0.00165563
internal_weight=753 725 255 61 470 338 302
internal_count=753 725 255 61 470 338 302
is_linear=0
shrinkage=0.05


Tree=19
num_leaves=8
num_cat=0
split_feature=15 13 11 5 15 9 14
split_gain=2.17388 1.96158 1.76338 1.30726 1.28136 1.26077 2.96266
threshold=0.015689988774666212 14.175000190734865 0.010167867285780898 0.010200686478162043 0.0027974486639651412 0.069201403707578338 0.10600204873107434
decision_type=2 2 2 2 2 8 2
left_child=1 2 4 -4 -1 -3 -7
right_child=-2 5 3 -5 -6 6 -8
leaf_value=-2.3851631310521064e-05 -0.0001864248422861373 5.1198880633388565e-05 -0.00021601798605848954 -6.7095906356126958e-05 0.00012165621297957407 -8.7591674612100264e-06 0.00020407746533416331
leaf_weight=48 25 218 26 57 26 302 37
leaf_count=48 25 218 26 57 26 302 37
internal_value=-0.000507442 0 -0.00493631 -0.00993976 0.000675676 0.00139138 -0.000516224
internal_weight=739 714 157 83 74 557 339
internal_count=739 714 157 83 74 557 339
is_linear=0
shrinkage=0.05


Tree=20
num_leaves=8
num_cat=0
split_feature=14 0 0 0 13 3 9
split_gain=1.37387 2.19363 2.16353 1.74859 1.4868 1.71051 1.47427
threshold=0.01016731697942619 0.015199629338870315 0.0083763512745465025 0.010418270953399757 14.960000038146974 0.0028925313994012662 0.020566453195411175
decision_type=2 2 2 2 2 2 8
left_child=1 2 4 -4 5 -1 -2
right_child=6 -3 3 -5 -6 -7 -8
leaf_value=-2.4168450057365398e-05 0.00018466269036244637 5.5183557299050105e-05 -0.00019085335949277577 -2.1108177364553927e-05 7.3003926337570546e-06 -0.0001675851208966498 3.0734262739873406e-06
leaf_weight=102 58 43 38 31 226 26 227
leaf_count=102 58 43 38 31 226 26 227
internal_value=-0.000366178 -0.00203863 -0.00313239 -0.0112319 -0.00155367 -0.00585938 0.00236842
internal_weight=751 466 423 69 354 128 285
internal_count=751 466 423 69 354 128 285
is_linear=0
shrinkage=0.05


Tree=21
num_leaves=8
num_cat=0
split_feature=13 6 10 0 15 11 11
split_gain=1.87547 1.43024 1.21663 1.27925 1.68875 1.08804 1.60386
threshold=14.244999885559084 -0.75082009035515218 -0.001746991736331027 -0.0040407751282108264 -1.0000000180025095e-35 -0.0034482783257907541 0.00023772449314352076
decision_type=2 2 2 2 2 2 2
left_child=1 -1 -3 -4 -5 -2 -7
right_child=5 2 3 4 -6 6 -8
leaf_value=-0.00013458364535369729 4.2025814767746637e-05 6.1835609548113041e-05 -0.0001749634635576656 -8.9585815488305847e-05 6.9439870886735906e-05 -5.837514973843876e-05 2.9197549602879604e-06
leaf_weight=32 221 34 39 25 41 37 319
leaf_count=32 221 34 39 25 41 37 319
internal_value=6.68449e-05 -0.00453216 -0.00233813 -0.005 -0.000757576 0.00142981 -0.000280899
internal_weight=748 171 139 105 66 577 356
internal_count=748 171 139 105 66 577 356
is_linear=0
shrinkage=0.05


Tree=22
num_leaves=8
num_cat=0
split_feature=15 0 16 16 0 13 2
split_gain=1.45797 2.14214 1.81356 1.51518 1.33978 1.34427 1.2758
threshold=-0.0033338568408336484 -0.0070943311491205576 -0.017856491855205211 -0.012698183865490096 0.019583199889539941 23.409999847412113 -0.0039851989376241117
decision_type=2 2 2 2 2 2 2
left_child=1 2 -1 6 5 -2 -3
right_child=4 3 -4 -5 -6 -7 -8
leaf_value=0.00027953346933321942 -3.0006497719169939e-05 4.6792464349106145e-05 -4.0397210742223592e-05 9.3077079149646503e-05 0.00012894858663392418 0.00012399453197151886 -0.00011070226435879999
leaf_weight=34 446 28 71 74 35 25 29
leaf_count=34 446 28 71 74 35 25 29
internal_value=-6.73854e-05 0.00317797 -0.00214286 0.00744275 -0.00158103 -0.00228238 0.00131579
internal_weight=742 236 105 131 506 471 57
internal_count=742 236 105 131 506 471 57
is_linear=0
shrinkage=0.05


Tree=23
num_leaves=8
num_cat=0
split_feature=15 13 6 13 9 13 5
split_gain=1.50856 1.67935 1.77347 1.71005 1.4927 1.93863 1.35792
threshold=0.015689988774666212 14.175000190734865 1.8592476650022345 14.494999885559084 0.11142122505728726 20.255000114440922 0.010853716771509163
decision_type=2 2 2 2 8 2 2
left_child=1 6 3 -3 5 -5 -1
right_child=-2 2 -4 4 -6 -7 -8
leaf_value=-4.7600183751787303e-06 -0.00014345670450834891 8.566073773922056e-05 0.00022233612979410687 -7.0077823284555535e-07 -3.2658409785757273e-05 0.00010862649537491456 -0.00013967289932898945
leaf_weight=97 27 28 43 230 192 70 64
leaf_count=97 27 28 43 230 192 70 64
internal_value=-0.000432756 0 0.00128774 0.000480769 -0.000203252 0.002 -0.00450311
internal_weight=751 724 563 520 492 300 161
internal_count=751 724 563 520 492 300 161
is_linear=0
shrinkage=0.05


Tree=24
num_leaves=8
num_cat=0
split_feature=13 6 13 4 5 8 15
split_gain=1.41902 1.58889 1.33126 1.77291 1.93731 1.69741 1.75395
threshold=14.244999885559084 2.0575637449307433 14.570000171661379 0.014473778796739362 0.011268622381765287 -0.035709810090944753 -0.010311830367491169
decision_type=2 2 2 2 2 8 2
left_child=-1 2 -2 -4 -5 -6 -7
right_child=1 -3 3 4 5 6 -8
leaf_value=-3.2858235763048884e-05 6.8027765116718521e-05 0.0001872855946639474 0.00010509732595837645 -9.3301501083498865e-05 8.0142500934631347e-05 -4.5129977485778959e-05 1.0452769993540661e-05
leaf_weight=164 25 35 29 154 33 28 281
leaf_count=164 25 35 29 154 33 28 281
internal_value=-0.00076769 0.000384615 -0.000272727 -0.000809524 -0.0015121 0.000584795 -0.000566343
internal_weight=749 585 550 525 496 342 309
internal_count=749 585 550 525 496 342 309
is_linear=0
shrinkage=0.05


Tree=25
num_leaves=8
num_cat=0
split_feature=8 2 15 13 15 15 7
split_gain=1.72891 2.67335 2.23327 2.21065 1.88719 2.02447 3.12542
threshold=0.045619983297148677 0.086707601527960768 -0.0038650296162650584 21.134999275207523 -0.0033338568408336484 0.001567325646434359 -0.017866393953581302
decision_type=8 2 2 2 2 2 2
left_child=3 2 -2 4 -1 -6 -7
right_child=1 -3 -4 -5 5 6 -8
leaf_value=5.8354950723663469e-05 -0.00010303715615263471 0.00011733962101997233 -6.3582577320423186e-05 0.00012384545708134711 -8.7316232053844201e-05 -0.00012859095282704414 6.4626376860882616e-05
leaf_weight=159 27 38 106 76 141 51 159
leaf_count=159 27 38 106 76 141 51 159
internal_value=-0.000693527 -0.00511696 -0.00845865 0.00059727 -0.000588235 -0.00263533 0.00047619
internal_weight=757 171 133 586 510 351 210
internal_count=757 171 133 586 510 351 210
is_linear=0
shrinkage=0.05


Tree=26
num_leaves=8
num_cat=0
split_feature=3 15 5 9 7 6 7
split_gain=1.71256 1.48672 1.98385 1.79382 1.51698 1.93546 2.03126
threshold=0.0077809942975781707 0.014896255541842819 0.014383360405608406 0.11142122505728726 0.039691672281243602 -0.63506083722363271 -0.016414683123243897
decision_type=2 2 2 10 2 2 2
left_child=1 2 4 -4 5 -1 -7
right_child=-2 -3 3 -5 -6 6 -8
leaf_value=-5.7548550634662797e-05 0.00023142549582501147 -0.00014339047753386116 0.00011557183949154846 -0.00010044585867676814 -0.00017497861894060103 -2.9327050013471079e-05 3.1121401602286727e-05
leaf_weight=149 30 27 94 30 31 118 258
leaf_count=149 30 27 94 30 31 118 258
internal_value=-3.39213e-05 -0.00053041 -7.35294e-05 0.00564516 -0.00134892 -0.000714286 0.00119681
internal_weight=737 707 680 124 556 525 376
internal_count=737 707 680 124 556 525 376
is_linear=0
shrinkage=0.05


Tree=27
num_leaves=8
num_cat=0
split_feature=15 0 0 9 1 13 11
split_gain=1.44272 2.20066 1.68715 1.60464 1.61602 1.45763 2.45961
threshold=0.016565698961578893 0.019436187127724994 0.0083763512745465025 0.11142122505728726 0.025514595322325143 14.244999885559084 0.014107159275651539
decision_type=2 2 2 8 2 2 2
left_child=1 2 3 4 5 6 -1
right_child=-2 -3 -4 -5 -6 -7 -8
leaf_value=5.7611257501843366e-06 -0.00013454462820306382 0.00011559861815297027 -5.5181671301462402e-05 -2.6458645502170765e-05 0.00021752752109947089 3.7877680803485686e-05 -0.00014921243282323864
leaf_weight=60 26 36 123 197 37 245 25
leaf_count=60 26 36 123 197 37 245 25
internal_value=3.33778e-05 0.000449516 -0.000181951 0.000975177 0.00292916 0.00181818 -0.00382353
internal_weight=749 723 687 564 367 330 85
internal_count=749 723 687 564 367 330 85
is_linear=0
shrinkage=0.05


Tree=28
num_leaves=8
num_cat=0
split_feature=0 0 0 14 6 5 15
split_gain=2.06871 1.67725 1.8026 1.88442 2.12417 2.19248 1.67582
threshold=0.019436187127724994 0.0083763512745465025 -0.0040407751282108264 0.014555585659076444 -0.21186087011378038 0.011580238685393703 -0.0029579446182552145
decision_type=2 2 2 2 2 2 2
left_child=1 2 -1 4 5 -4 -5
right_child=-2 -3 3 6 -6 -7 -8
leaf_value=-1.2924124311952581e-05 0.0001026505542236135 -6.2560207310424521e-05 -7.4603078261268496e-05 0.00013599215142403123 5.5742383865283929e-05 2.0982907719428387e-05 2.5741207312109451e-05
leaf_weight=267 43 130 70 42 88 63 61
leaf_count=267 43 130 70 42 88 63 61
internal_value=0.00039267 -0.000242718 0.000888325 0.00339506 0.000791855 -0.00319549 0.00898058
internal_weight=764 721 591 324 221 133 103
internal_count=764 721 591 324 221 133 103
is_linear=0
shrinkage=0.05


Tree=29
num_leaves=8
num_cat=0
split_feature=8 13 2 4 9 11 3
split_gain=1.43204 2.57006 1.69979 2.13524 1.21518 1.59647 1.8243
threshold=0.045619983297148677 21.134999275207523 0.085000588554180259 0.014627057311541205 0.06978310707531267 -0.0068475574788619533 0.00032905739574684573
decision_type=8 2 2 2 8 2 2
left_child=4 2 3 -2 -1 6 -6
right_child=1 -3 -4 -5 5 -7 -8
leaf_value=4.0701675089969016e-05 3.5719378668468185e-05 -0.00022981654682652057 0.00015176055827064415 -6.2274042348793587e-05 6.618488297550932e-05 -4.781419293930925e-05 -7.0623196099064637e-06
leaf_weight=287 25 27 32 81 41 207 32
leaf_count=287 25 27 32 81 41 207 32
internal_value=0.000614754 -0.00348485 -0.000724638 -0.00377358 0.00180776 -0.000535714 0.00582192
internal_weight=732 165 138 106 567 280 73
internal_count=732 165 138 106 567 280 73
is_linear=0
shrinkage=0.05


Tree=30
num_leaves=8
num_cat=0
split_feature=14 14 16 12 8 4 15
split_gain=1.96945 2.20712 2.82881 2.40528 2.03544 1.47729 1.36537
threshold=0.018287022450050875 -0.036818887874406285 -0.016609690209170299 0.025155883078146649 0.061335547541021669 0.017278146458229972 -0.0071910786259392614
decision_type=2 2 2 2 8 2 2
left_child=1 2 -1 -4 6 -5 -3
right_child=-2 4 3 5 -6 -7 -8
leaf_value=0.0002102688842119632 3.409534196480114e-05 -9.8322926752751619e-05 -7.3895621006274002e-05 -2.624935587450597e-06 -9.4116331773003593e-05 0.00014461294279407891 -1.818032511788038e-05
leaf_weight=32 248 33 104 31 31 33 226
leaf_count=32 248 33 104 31 31 33 226
internal_value=-0.000203252 -0.00204082 0.002 -0.000595238 -0.00482759 0.00703125 -0.00337838
internal_weight=738 490 200 168 290 64 259
internal_count=738 490 200 168 290 64 259
is_linear=0
shrinkage=0.05


end of trees

feature_importances:
vix_level=25
ret_1d=24
vix_chg_1d=20
sector_ret_1d=20
dist_ma50=18
dist_ma200=17
atr_pct=16
dvol_z_20=13
parkinson_20=10
sector_ret_5d=10
spy_ret_5d=9
ret_5d=8
dist_ma20=8
overnight_gap=6
spy_ret_1d=6
ret_20d=5
spy_ret_20d=2

parameters:
[boosting: gbdt]
[objective: quantile]
[metric: quantile]
[tree_learner: serial]
[device_type: cpu]
[data_sample_strategy: bagging]
[data: ]
[valid: ]
[num_iterations: 80]
[learning_rate: 0.05]
[num_leaves: 8]
[num_threads: 1]
[seed: 0]
[deterministic: 0]
[force_col_wise: 1]
[force_row_wise: 0]
[histogram_pool_size: -1]
[max_depth: -1]
[min_data_in_leaf: 25]
[min_sum_hessian_in_leaf: 0.001]
[bagging_fraction: 0.9]
[pos_bagging_fraction: 1]
[neg_bagging_fraction: 1]
[bagging_freq: 1]
[bagging_seed: 3]
[bagging_by_query: 0]
[feature_fraction: 0.9]
[feature_fraction_bynode: 1]
[feature_fraction_seed: 2]
[extra_trees: 0]
[extra_seed: 6]
[early_stopping_round: 0]
[early_stopping_min_delta: 0]
[first_metric_only: 0]
[max_delta_step: 0]
[lambda_l1: 0]
[lambda_l2: 0]
[linear_lambda: 0]
[min_gain_to_split: 0]
[drop_rate: 0.1]
[max_drop: 50]
[skip_drop: 0.5]
[xgboost_dart_mode: 0]
[uniform_drop: 0]
[drop_seed: 4]
[top_rate: 0.2]
[other_rate: 0.1]
[min_data_per_group: 100]
[max_cat_threshold: 32]
[cat_l2: 10]
[cat_smooth: 10]
[max_cat_to_onehot: 4]
[top_k: 20]
[monotone_constraints: ]
[monotone_constraints_method: basic]
[monotone_penalty: 0]
[feature_contri: ]
[forcedsplits_filename: ]
[refit_decay_rate: 0.9]
[cegb_tradeoff: 1]
[cegb_penalty_split: 0]
[cegb_penalty_feature_lazy: ]
[cegb_penalty_feature_coupled: ]
[path_smooth: 0]
[interaction_constraints: ]
[verbosity: -1]
[saved_feature_importance_type: 0]
[use_quantized_grad: 0]
[num_grad_quant_bins: 4]
[quant_train_renew_leaf: 0]
[stochastic_rounding: 1]
[linear_tree: 0]
[max_bin: 255]
[max_bin_by_feature: ]
[min_data_in_bin: 3]
[bin_construct_sample_cnt: 200000]
[data_random_seed: 1]
[is_enable_sparse: 1]
[enable_bundle: 1]
[use_missing: 1]
[zero_as_missing: 0]
[feature_pre_filter: 1]
[pre_partition: 0]
[two_round: 0]
[header: 0]
[label_column: ]
[weight_column: ]
[group_column: ]
[ignore_column: ]
[categorical_feature: ]
[forcedbins_filename: ]
[precise_float_parser: 0]
[parser_config_file: ]
[objective_seed: 5]
[num_class: 1]
[is_unbalance: 0]
[scale_pos_weight: 1]
[sigmoid: 1]
[boost_from_average: 1]
[reg_sqrt: 0]
[alpha: 0.5]
[fair_c: 1]
[poisson_max_delta_step: 0.7]
[tweedie_variance_power: 1.5]
[lambdarank_truncation_level: 30]
[lambdarank_norm: 1]
[label_gain: ]
[lambdarank_position_bias_regularization: 0]
[eval_at: ]
[multi_error_top_k: 1]
[auc_mu_weights: ]
[num_machines: 1]
[local_listen_port: 12400]
[time_out: 120]
[machine_list_filename: ]
[machines: ]
[gpu_platform_id: -1]
[gpu_device_id: -1]
[gpu_device_id_list: ]
[gpu_use_dp: 0]
[num_gpu: 1]

end of parameters

pandas_categorical:[]
