tree
version=v4
num_class=1
num_tree_per_iteration=1
label_index=0
max_feature_idx=16
objective=quantile
feature_names=ret_1d ret_5d ret_20d overnight_gap atr_pct parkinson_20 dvol_z_20 dist_ma20 dist_ma50 dist_ma200 spy_ret_1d spy_ret_5d spy_ret_20d vix_level vix_chg_1d sector_ret_1d sector_ret_5d
feature_infos=[-0.086997836679404084:0.1427353975919412] [-0.14880595435465094:0.268464405687727] [-0.19577219849055327:0.32237853716751208] [-0.049588836282083215:0.17344513117517391] [0.01297131651589273:0.064426513170800268] [0.0098780755777822683:0.038668531748653791] [-3.0392526473085399:4.0640281917446703] [-0.15970132231994938:0.21685542309619388] [-0.17132252579455454:0.21590957219791429] [-0.172658438368258:0.29941791207520474] [-0.058542947643003718:0.10501933612632941] [-0.11496158439845272:0.082843216242346029] [-0.12265592443394913:0.15756596870864792] [11.859999656677246:52.330001831054688] [-0.35753873962348437:0.74039073966007019] [-0.054845245580940394:0.043465182734245822] [-0.079035682487500813:0.068782287822878097]
tree_sizes=845 873 861 868 865 875 871 870 867 865 864 870 865 871 866 870 871 868 867 860 861 870 868 872 880 868 869 870 874 868 870 871 873 861 862 863 873 872 875 871 864 872 866 862 871 856

Tree=0
num_leaves=8
num_cat=0
split_feature=2 7 8 14 4 8 4
split_gain=2.02275 0.754313 2.76078 1.8781 0.632829 0.526376 0.639556
threshold=0.054701811796965545 -0.0097592124713068423 -0.019459351072070471 -0.02817624153510306 0.017988464732827905 -0.09151345387851649 0.031033164925740087
decision_type=2 2 10 2 2 10 2
left_child=1 5 3 -3 -4 -1 -7
right_child=-2 2 4 -5 -6 6 -8
leaf_value=-0.019183068591639797 -0.018960520711006453 -0.019453481858077184 -0.020042114330076299 -0.019943679866534881 -0.019313843910840706 -0.019361000119999944 -0.020282746998397216
leaf_weight=69 235 27 27 41 160 166 25
leaf_count=69 235 27 27 41 160 166 25
internal_value=-0.0196624 -0.0214165 -0.0233487 -0.0319762 -0.0202115 -0.0195214 -0.0208736
internal_weight=750 515 255 68 187 260 191
internal_count=750 515 255 68 187 260 191
is_linear=0
shrinkage=1


Tree=1
num_leaves=8
num_cat=0
split_feature=2 12 10 14 1 5 7
split_gain=1.69925 0.842479 0.507562 0.613628 0.63002 0.537953 0.503925
threshold=0.057186866063516202 0.059758756541204668 0.0087442348777118113 -0.048564324883399894 -0.052791222930866626 0.011471328945909793 -0.012488724430582797
decision_type=2 2 2 2 2 2 2
left_child=1 2 3 -1 -5 -6 -7
right_child=-2 -3 -4 4 5 6 -8
leaf_value=-0.00051523796051821725 0.00036043061157358725 -0.00045746861358713904 0.00017173155731280566 0.00042462712688025024 0.00038392876796894751 -0.00012480069742760135 -0.00034833924562185817
leaf_weight=50 220 26 69 38 39 133 159
leaf_count=50 220 26 69 38 39 133 159
internal_value=-4.08717e-05 -0.00161479 -0.00114754 -0.00180191 -0.00109756 -0.00179758 -0.00253425
internal_weight=734 514 488 419 369 331 292
internal_count=734 514 488 419 369 331 292
is_linear=0
shrinkage=0.05


Tree=2
num_leaves=8
num_cat=0
split_feature=2 7 8 16 9 14 9
split_gain=1.21329 0.69987 1.78698 1.21625 0.765957 1.16143 0.553571
threshold=0.057186866063516202 -0.0097592124713068423 -0.019459351072070471 -0.00024553288751355534 0.19836076602361588 0.005094684764536229 0.22500755009028664
decision_type=2 2 10 2 8 2 8
left_child=1 -1 3 -3 -4 6 -6
right_child=-2 2 4 -5 5 -7 -8
leaf_value=2.4031485256795217e-05 0.00032325390159808066 -0.0005664189503579557 0.00021650709053992086 -0.00017680699138354936 0.00052131449111666561 -0.00064654163408223012 -0.00031104924648929434
leaf_weight=262 226 31 94 42 31 38 25
leaf_count=262 226 31 94 42 31 38 25
internal_value=-0.000273698 -0.00159656 -0.00342912 -0.0100685 -0.000851064 -0.00404255 0.000535714
internal_weight=749 523 261 73 188 94 56
internal_count=749 523 261 73 188 94 56
is_linear=0
shrinkage=0.05


Tree=3
num_leaves=8
num_cat=0
split_feature=2 1 16 9 8 7 14
split_gain=1.18903 0.622012 0.724101 1.05259 0.411751 1.24606 0.617785
threshold=0.057186866063516202 0.027373069537827147 0.0056056108409484615 0.13489533703258907 -0.020748877209394386 -0.0065056889394710651 -0.054330610723124943
decision_type=2 2 2 8 8 2 2
left_child=1 4 -3 -4 5 6 -1
right_child=-2 2 3 -5 -6 -7 -8
leaf_value=-0.00085872591251050863 0.00032221035039258373 -0.00057791348689094737 0.00059185917999047362 -0.00022204108081992207 3.3518767810958544e-05 -0.00035714089759371072 0.00022541049086537303
leaf_weight=36 228 35 29 25 205 40 145
leaf_count=36 228 35 29 25 205 40 145
internal_value=2.01886e-05 -0.00131068 -0.00511236 -0.00148148 -0.000516432 -0.00201357 -0.000248619
internal_weight=743 515 89 54 426 221 181
internal_count=743 515 89 54 426 221 181
is_linear=0
shrinkage=0.05


Tree=4
num_leaves=8
num_cat=0
split_feature=8 7 16 9 8 8 9
split_gain=1.01372 1.1798 0.870016 0.794972 0.531912 1.15336 0.473213
threshold=-0.020748877209394386 -0.0093195786963732302 0.0088281852446991955 0.23506605731102506 -0.050729523857416019 -0.061449375658507381 -0.0555084667716838
decision_type=8 2 2 10 10 10 10
left_child=1 4 -3 -2 5 6 -1
right_child=3 2 -4 -5 -6 -7 -8
leaf_value=0.00026408759031537577 0.0001979712152252823 -0.00051841895166036725 4.9412604985850923e-06 -0.00010268558744462379 0.00042788874050002563 -0.00090781139962380162 -0.00076435606821557717
leaf_weight=77 451 39 25 46 50 28 30
leaf_count=77 451 39 25 46 50 28 30
internal_value=0.000174263 -0.00242972 -0.00828125 0.00147887 -0.000405405 -0.00203704 0.000327103
internal_weight=746 249 64 497 185 135 107
internal_count=746 249 64 497 185 135 107
is_linear=0
shrinkage=0.05


Tree=5
num_leaves=8
num_cat=0
split_feature=8 10 15 3 1 11 0
split_gain=0.864512 0.843483 1.57484 0.796474 0.761115 0.748185 0.714286
threshold=0.022853820043608478 -0.002481321509367584 -0.0029579446182552145 -0.00031617717659115913 -0.026227617698077962 0.0036681658206255689 0.00251274713862415
decision_type=8 2 2 2 2 2 2
left_child=4 2 -2 -4 -1 6 -6
right_child=1 -3 3 -5 5 -7 -8
leaf_value=0.00011359006971468688 0.00049441512431128186 0.00021109394605334784 -0.00040634749221770588 -0.00034733678872283808 -0.00058161173948099846 -8.2689993225437829e-05 -0.00035444379191019375
leaf_weight=117 50 286 29 28 60 122 45
leaf_count=117 50 286 29 28 60 122 45
internal_value=-0.000291723 0.00131043 -0.00247664 -0.00815789 -0.00212209 -0.00381057 -0.00690476
internal_weight=737 393 107 57 344 227 105
internal_count=737 393 107 57 344 227 105
is_linear=0
shrinkage=0.05


Tree=6
num_leaves=8
num_cat=0
split_feature=2 12 8 8 9 10 9
split_gain=0.77899 0.882462 0.573091 0.831893 0.974539 0.79563 0.920741
threshold=0.057186866063516202 0.059758756541204668 -0.09799557044753808 -0.048585410352883655 0.23045327213004643 -0.0067260257632843481 -0.059737438651791534
decision_type=2 2 10 10 8 2 10
left_child=1 2 -1 5 -5 -4 -7
right_child=-2 -3 3 4 -6 6 -8
leaf_value=0.00013041589506649379 0.00026778580393721968 -0.00033532373445357722 -0.00074865005220122957 4.5018562335217828e-05 -0.00034530676902974443 0.00026026974969025702 -0.00045420079195753214
leaf_weight=58 222 27 26 236 71 65 41
leaf_count=58 222 27 26 236 71 65 41
internal_value=4.02147e-05 -0.00101145 -0.000533199 -0.00115034 0.000276873 -0.0044697 -0.00254717
internal_weight=746 524 497 439 307 132 106
internal_count=746 524 497 439 307 132 106
is_linear=0
shrinkage=0.05


Tree=7
num_leaves=8
num_cat=0
split_feature=2 12 15 0 4 4 7
split_gain=0.857349 0.611813 0.559563 0.662261 0.510624 0.672494 0.73341
threshold=0.057186866063516202 0.05735486248043898 -0.010118577731078436 -0.023751988253023045 0.018274391922798758 0.022967955930681395 -0.012488724430582797
decision_type=2 2 2 2 2 2 2
left_child=1 2 -1 -4 -5 -6 -7
right_child=-2 -3 3 4 5 6 -8
leaf_value=0.00049365699483461592 0.00025737179094875614 -0.00014676818568490097 -0.00089127119999849813 -0.00036654209715276806 6.6681826243734842e-05 3.187957914646677e-05 -0.0002720996931107418
leaf_weight=55 228 31 35 29 152 130 85
leaf_count=55 228 31 35 29 152 130 85
internal_value=3.35572e-05 -0.00109284 -0.000658436 -0.0012645 -0.000681818 -0.000177112 -0.00197674
internal_weight=745 517 486 431 396 367 215
internal_count=745 517 486 431 396 367 215
is_linear=0
shrinkage=0.05


Tree=8
num_leaves=8
num_cat=0
split_feature=3 0 2 1 1 3 6
split_gain=0.726333 0.712238 0.747637 0.789884 0.742749 0.691979 0.459006
threshold=-0.015377661398249252 0.014723298965416355 0.045343398781912188 0.027373069537827147 0.037539997614416849 0.006890217817971501 -0.31002139870752582
decision_type=2 2 2 2 2 2 2
left_child=-1 2 3 5 -5 -2 -4
right_child=1 -3 6 4 -6 -7 -8
leaf_value=-0.00081645055181056277 5.7944622652357479e-06 0.00024240590450388938 0.0003533324197349041 -0.00039557969269764074 0.00010216155158397195 -0.00028065394439926101 -3.824049548741462e-06
leaf_weight=27 301 126 102 28 25 49 106
leaf_count=27 301 126 102 28 25 49 106
internal_value=9.16232e-05 0.000386703 -0.000319149 -0.00157568 -0.00726415 -0.000714286 0.00211538
internal_weight=764 737 611 403 53 350 208
internal_count=764 737 611 403 53 350 208
is_linear=0
shrinkage=0.05


Tree=9
num_leaves=8
num_cat=0
split_feature=10 15 5 6 8 9 4
split_gain=0.470052 1.14679 1.18095 0.517677 0.479012 0.795096 0.436416
threshold=-0.001991975985961902 -0.00084528515075243938 0.013461731897734325 -0.3447158164123581 -0.050503134478199756 -0.059737438651791534 0.017814908699503043
decision_type=2 2 2 2 10 10 2
left_child=1 -1 -3 -4 5 -2 -6
right_child=4 2 3 -5 6 -7 -8
leaf_value=0.00023301196936409605 0.00013485491973178206 -0.00065731929358785635 -0.00019320026585807159 0.00012143297346427136 -9.0710970357068871e-05 -0.00068047041156055286 0.00014736584638057009
leaf_weight=161 72 28 25 26 37 41 354
leaf_count=161 72 28 25 26 37 41 354
internal_value=0.000362903 -0.00145833 -0.0063924 -0.00186274 0.00123016 -0.00163717 0.00205882
internal_weight=744 240 79 51 504 113 391
internal_count=744 240 79 51 504 113 391
is_linear=0
shrinkage=0.05


Tree=10
num_leaves=8
num_cat=0
split_feature=2 12 10 7 8 6 4
split_gain=0.961979 0.685598 0.517663 0.574128 1.20257 0.618912 0.56209
threshold=0.057186866063516202 0.05735486248043898 0.0087442348777118113 -0.0093195786963732302 -0.019459351072070471 -0.19526180029771434 0.019671063757918505
decision_type=2 2 2 2 10 2 2
left_child=1 2 3 -1 -5 -6 -7
right_child=-2 -3 -4 4 5 6 -8
leaf_value=4.5389476575815319e-05 0.0002680319134260439 -0.00025501861535687942 0.00017649173688248944 -0.00030431581670844251 0.00018796493456116434 -0.00047778030510380824 1.3000799606860424e-05
leaf_weight=219 227 29 74 49 93 25 33
leaf_count=219 227 29 74 49 93 25 33
internal_value=-0.000140187 -0.00132184 -0.000882353 -0.00156325 -0.0035 -0.00129139 -0.00534483
internal_weight=749 522 493 419 200 151 58
internal_count=749 522 493 419 200 151 58
is_linear=0
shrinkage=0.05


Tree=11
num_leaves=8
num_cat=0
split_feature=2 12 12 8 10 16 6
split_gain=0.656262 0.573853 0.773839 0.53765 0.587282 1.07302 0.464875
threshold=0.057186866063516202 0.05735486248043898 0.02953543879256915 -0.12713605442673395 -0.0055859659212495463 -0.0064647259900336143 -0.31002139870752582
decision_type=2 2 2 10 2 2 2
left_child=1 2 3 -1 5 -5 -2
right_child=6 -3 -4 4 -6 -7 -8
leaf_value=0.00025234078856661515 0.00035401093380236918 -0.00028558093595156491 5.2120157519424434e-05 4.4156441030945544e-06 -9.8596102489975656e-05 -0.00064686844254308029 6.7408497602108839e-05
leaf_weight=29 96 27 111 42 281 30 131
leaf_count=29 96 27 111 42 281 30 131
internal_value=0.000113789 -0.000865384 -0.000476673 -0.0015445 -0.00208215 -0.00611111 0.00235683
internal_weight=747 520 493 382 353 72 227
internal_count=747 520 493 382 353 72 227
is_linear=0
shrinkage=0.05


Tree=12
num_leaves=8
num_cat=0
split_feature=2 1 11 3 8 12 16
split_gain=1.14926 0.958464 0.789688 0.625443 0.382384 0.611826 0.957807
threshold=0.057186866063516202 0.027373069537827147 0.020333032872676963 0.0098294675531652737 -0.089269415739602884 -0.016111224789670416 0.0022037814494736412
decision_type=2 2 2 2 10 2 2
left_child=1 3 -3 4 -1 6 -6
right_child=-2 2 -4 -5 5 -7 -8
leaf_value=0.0001120531542274356 0.00028769500931760553 -0.00034963512987384811 2.7516945365364447e-05 -0.00024139178274810606 3.738024222215661e-06 2.8536250619855041e-05 -0.001080077055471046
leaf_weight=61 219 46 37 29 43 272 27
leaf_count=61 219 46 37 29 43 272 27
internal_value=0.000367848 -0.00092233 -0.00584337 2.31483e-05 0.000533499 -0.000116959 -0.00428571
internal_weight=734 515 83 432 403 342 70
internal_count=734 515 83 432 403 342 70
is_linear=0
shrinkage=0.05


Tree=13
num_leaves=8
num_cat=0
split_feature=3 7 10 14 14 5 0
split_gain=0.531629 0.551679 0.512153 0.514353 0.721181 0.876369 0.931034
threshold=-0.012470365750680943 0.045046358218096778 0.010824096152379449 0.03011365738187333 0.018846539562811352 0.015418185487339768 -0.0050882238578209829
decision_type=2 2 2 2 2 2 2
left_child=-1 2 3 4 5 -2 -7
right_child=1 -3 -4 -5 -6 6 -8
leaf_value=-0.00038435001425844695 2.4579988319162288e-05 0.00020295434482693714 0.00027744900495891271 0.00021973265210334034 -0.000505688075194641 -0.0010009080695461484 -0.00012511119438549245
leaf_weight=38 229 131 45 158 28 29 87
leaf_count=38 229 131 45 158 28 29 87
internal_value=0.0002349 0.000544555 -0.000121528 -0.000555555 -0.00156836 -0.000942029 -0.00448276
internal_weight=745 707 576 531 373 345 116
internal_count=745 707 576 531 373 345 116
is_linear=0
shrinkage=0.05


Tree=14
num_leaves=8
num_cat=0
split_feature=11 4 1 2 7 14 4
split_gain=0.749344 0.517927 0.817268 0.527195 0.455878 0.623929 1.11272
threshold=-0.026323621770933166 0.018274391922798758 0.0083750987090062141 0.029965349748066309 -0.0097592124713068423 -0.037983330078441173 0.023058489560460627
decision_type=2 2 2 2 2 2 2
left_child=-1 2 -2 4 -3 -6 -7
right_child=1 3 -4 -5 5 6 -8
leaf_value=-0.00078689109307391713 0.0002149782867809454 3.511710702644744e-05 -0.0004570257303243063 0.00022665266967357916 0.00012410509183881865 1.0003040780706061e-06 -0.00044851774021234525
leaf_weight=39 32 216 31 250 44 61 46
leaf_count=39 32 216 31 250 44 61 46
internal_value=0.000201669 0.000588235 -0.00373016 0.00102917 -0.000177112 -0.00228477 -0.00434579
internal_weight=719 680 63 617 367 151 107
internal_count=719 680 63 617 367 151 107
is_linear=0
shrinkage=0.05


Tree=15
num_leaves=8
num_cat=0
split_feature=2 8 11 12 16 16 12
split_gain=0.591287 0.530572 0.568708 0.822398 1.22019 0.73007 0.561561
threshold=0.10331218232130258 0.088059963585011572 -0.012843904813593874 0.0011335469917099774 -0.012698183865490096 -0.024907824015754584 0.05735486248043898
decision_type=2 10 2 2 2 2 2
left_child=1 2 3 4 5 -1 -4
right_child=-2 -3 6 -5 -6 -7 -8
leaf_value=-0.00046435448309336636 0.00021426267118266818 -0.00025679359853403647 4.2818754034400852e-05 0.00036032405488409486 -0.00062039494160345354 0.00063620084778404844 -9.5757698690085631e-05
leaf_weight=26 109 48 427 25 38 29 41
leaf_count=26 109 48 427 25 38 29 41
internal_value=0.000222073 -0.000362776 5.11947e-05 -0.00305085 -0.00521505 -0.000454545 0.000833334
internal_weight=743 634 586 118 93 55 468
internal_count=743 634 586 118 93 55 468
is_linear=0
shrinkage=0.05


Tree=16
num_leaves=8
num_cat=0
split_feature=10 4 16 16 4 6 14
split_gain=0.858696 0.478834 0.447912 1.00921 0.665017 0.613976 0.558212
threshold=-0.016459345362290764 0.038086597219653275 0.0069453441066963393 0.010308176009065197 0.019181541307235581 1.0770814716676202 -0.010794703163862494
decision_type=2 2 2 2 2 2 2
left_child=-1 2 6 -4 -5 -6 -2
right_child=1 -3 3 4 5 -7 -8
leaf_value=-0.00059887654388440022 0.00018345088730844817 -0.00076336247797835098 -0.0004086459530289856 -6.7049832058251036e-05 0.00011529305754031391 -0.00071586589031510028 2.3419667504726488e-05
leaf_weight=25 191 27 48 38 153 31 244
leaf_count=25 191 27 48 38 153 31 244
internal_value=0.000112286 0.000423497 0.000673759 -0.000925926 0.000495496 0.00173913 0.00166667
internal_weight=757 732 705 270 222 184 435
internal_count=757 732 705 270 222 184 435
is_linear=0
shrinkage=0.05


Tree=17
num_leaves=8
num_cat=0
split_feature=2 15 9 8 8 2 8
split_gain=0.840228 0.842214 0.531188 0.586608 1.43295 0.6782 1.43824
threshold=0.057186866063516202 -0.0096764761352437483 -0.084234924533302599 -0.050729523857416019 -0.061449375658507381 0.011454521413785669 0.051092339785005943
decision_type=2 2 8 8 10 2 10
left_child=1 -1 -3 4 -4 -5 -7
right_child=-2 2 3 5 -6 6 -8
leaf_value=0.00019518905760501997 0.00018679191541624393 7.2101340690682608e-05 -0.00024434459038178682 3.7473318202157987e-05 -0.00060569423143983934 -0.00037102788968561902 0.00015752604585791632
leaf_weight=62 228 68 68 173 26 50 71
leaf_count=62 228 68 68 173 26 50 71
internal_value=-0.000160858 -0.00127413 -0.00201754 -0.00273196 -0.00617021 -0.00163265 -0.00450413
internal_weight=746 518 456 388 94 294 121
internal_count=746 518 456 388 94 294 121
is_linear=0
shrinkage=0.05


Tree=18
num_leaves=8
num_cat=0
split_feature=2 12 10 15 0 0 4
split_gain=0.633407 0.617502 0.509982 0.710662 1.02773 0.912874 0.882795
threshold=0.057186866063516202 0.05735486248043898 0.0059451726660438861 0.0053675086210057685 0.0049066419770693601 0.0021611014279474543 0.031493369877521028
decision_type=2 2 2 2 2 2 2
left_child=1 2 3 4 6 -5 -1
right_child=-2 -3 -4 5 -6 -7 -8
leaf_value=8.5262443190023225e-05 0.00018757003567295664 -0.00021220305611335065 6.1667682410158266e-05 -0.00064011463194081598 -0.00020652161521202652 6.0460062557976093e-05 -0.00034215839110532728
leaf_weight=231 226 27 124 33 58 25 29
leaf_count=231 226 27 124 33 58 25 29
internal_value=0.000351926 -0.000597723 -0.0002 -0.00111702 -0.000188679 -0.0062069 0.00115385
internal_weight=753 527 500 376 318 58 260
internal_count=753 527 500 376 318 58 260
is_linear=0
shrinkage=0.05


Tree=19
num_leaves=8
num_cat=0
split_feature=9 8 2 7 16 1 2
split_gain=0.517525 0.651547 0.523984 0.866745 0.503516 0.45638 0.651206
threshold=0.23506605731102506 0.047715034354807624 0.011454521413785669 0.0069565282501569134 0.0013972470715886145 0.0024081738675060253 -0.058584047795985798
decision_type=10 8 2 2 2 2 2
left_child=1 2 4 -4 -1 6 -6
right_child=-2 -3 3 -5 5 -7 -8
leaf_value=0.00016305832105387153 -0.00012568718970660595 0.00011947713481356975 -0.00036643528069211026 -2.0696790472826308e-05 4.0667071694404891e-05 5.6386151136546134e-05 -0.00053356001373225956
leaf_weight=179 45 285 27 53 41 65 44
leaf_count=179 45 285 27 53 41 65 44
internal_value=0.000196211 0.000533141 -0.000745721 -0.004375 0.000136778 -0.002 -0.00441176
internal_weight=739 694 409 80 329 150 85
internal_count=739 694 409 80 329 150 85
is_linear=0
shrinkage=0.05


Tree=20
num_leaves=8
num_cat=0
split_feature=2 1 1 3 2 12 12
split_gain=0.654737 0.62444 0.531895 0.465892 1.00021 0.424131 0.489756
threshold=0.057186866063516202 0.027652515461551678 0.048753166675592492 0.006890217817971501 -0.019937928330168161 0.02953543879256915 0.026461493971658315
decision_type=2 2 2 2 2 2 2
left_child=1 3 -3 5 -5 6 -1
right_child=-2 2 -4 4 -6 -7 -8
leaf_value=2.0305828943274309e-05 0.00016755265676507444 -0.00023821842955915604 0.00028508073301947086 7.1197066587185082e-05 -0.00020917746888870256 0.0001008361887120426 -0.0005413004042811604
leaf_weight=257 220 56 26 40 28 99 25
leaf_count=257 220 56 26 40 28 99 25
internal_value=0.000206392 -0.000743879 -0.0047561 -1.11357e-05 -0.00382353 0.000669292 -0.000319149
internal_weight=751 531 82 449 68 381 282
internal_count=751 531 82 449 68 381 282
is_linear=0
shrinkage=0.05


Tree=21
num_leaves=8
num_cat=0
split_feature=12 11 16 6 0 15 16
split_gain=0.584759 0.774291 1.34594 0.526367 0.448565 1.59868 1.26759
threshold=0.0011335469917099774 -0.012843904813593874 -0.0044509497275074797 0.28064737917000521 0.00017180149425999328 0.00089979240238802227 0.01311023387472743
decision_type=2 2 2 2 2 2 2
left_child=1 2 3 -1 5 -2 -7
right_child=4 -3 -4 -5 -6 6 -8
leaf_value=-0.00029600461483535677 6.9747477173647066e-05 2.9557346987010066e-05 -0.00055080689064967243 0.00035166934957195931 0.00017098252971589408 -9.6301067643722355e-05 -0.00072426014918917816
leaf_weight=38 171 124 28 30 285 45 27
leaf_count=38 171 124 28 30 285 45 27
internal_value=0.000120321 -0.00204545 -0.00541667 -0.00161765 0.00102273 -0.000555555 -0.00680556
internal_weight=748 220 96 68 528 243 72
internal_count=748 220 96 68 528 243 72
is_linear=0
shrinkage=0.05


Tree=22
num_leaves=8
num_cat=0
split_feature=0 11 16 1 12 5 8
split_gain=0.360588 0.446429 0.349126 0.669713 0.370746 0.65942 0.456434
threshold=-0.023751988253023045 -0.0048868884818967775 -0.024907824015754584 -0.0092649671257324911 0.036024205160495655 0.011615198884438021 0.088059963585011572
decision_type=2 2 2 2 2 2 8
left_child=1 -1 3 -2 -4 -6 -7
right_child=2 -3 4 -5 5 6 -8
leaf_value=-0.00041802379762169824 0.00043393109782998129 0.00010046061778811039 9.4715482868206686e-05 -0.00052947838341584009 -0.00028046214774115062 0.00018577200344843019 -5.236844761393318e-05
leaf_weight=28 25 28 451 26 28 107 49
leaf_count=28 25 28 451 26 28 107 49
internal_value=0.000822103 -0.00303571 0.00113703 -0.00284314 0.00145669 -0.000434782 0.000833334
internal_weight=742 56 686 51 635 184 156
internal_count=742 56 686 51 635 184 156
is_linear=0
shrinkage=0.05


Tree=23
num_leaves=8
num_cat=0
split_feature=10 14 14 1 13 16 2
split_gain=0.519551 0.382388 0.436331 0.680114 0.54373 0.574165 1.39819
threshold=-0.016459345362290764 0.079615825148664734 -0.010794703163862494 -0.037942910005436696 20.500000000000004 0.0093341591292158705 -0.0025445146096175204
decision_type=2 2 2 2 2 2 2
left_child=-1 2 -2 -4 5 6 -5
right_child=1 -3 3 4 -6 -7 -8
leaf_value=-0.00056526060651817687 4.4162442216836976e-05 0.00020405809283163489 0.00045699878401331295 -0.00039692859484368825 0.00074555117932568939 1.0355075103091647e-05 -4.5627679365992351e-05
leaf_weight=26 334 67 41 53 26 91 113
leaf_count=26 334 67 41 53 26 91 113
internal_value=0.000406125 0.000655173 0.000288754 -0.00101852 -0.00189046 -0.00258755 -0.00433735
internal_weight=751 725 658 324 283 257 166
internal_count=751 725 658 324 283 257 166
is_linear=0
shrinkage=0.05


Tree=24
num_leaves=8
num_cat=0
split_feature=11 16 11 0 15 5 10
split_gain=0.547807 1.40857 0.515874 0.577779 0.856947 0.521816 0.496388
threshold=-0.016340293761251231 -0.012698183865490096 -0.0034482783257907541 0.0034411550732390554 0.0053675086210057685 0.017073277796650164 -0.0016894208297127398
decision_type=2 2 2 2 2 2 2
left_child=1 -1 -2 4 5 6 -4
right_child=2 -3 3 -5 -6 -7 -8
leaf_value=0.00032352441097999374 0.00024382975763347602 -0.00049038695018978676 -5.4813006870334771e-05 0.00012113127211357601 -0.00065045358392699579 -0.00038985369380408369 8.5635586175462962e-05
leaf_weight=52 130 43 72 244 47 37 124
leaf_count=52 130 43 72 244 47 37 124
internal_value=0.000126836 -0.00342105 0.000642202 -5.72517e-05 -0.00160714 -0.000364807 0.000663265
internal_weight=749 95 654 524 280 233 196
internal_count=749 95 654 524 280 233 196
is_linear=0
shrinkage=0.05


Tree=25
num_leaves=8
num_cat=0
split_feature=10 8 2 5 16 1 6
split_gain=0.484979 0.464055 0.673162 0.464997 0.936019 0.843956 0.646025
threshold=-0.016459345362290764 0.028364952043800299 0.011454521413785669 0.013276162769577259 0.011200036639575474 0.013958344158066073 0.76853551767080686
decision_type=2 10 2 2 2 2 2
left_child=-1 2 -2 4 6 -6 -3
right_child=1 3 -4 -5 5 -7 -8
leaf_value=-0.00051944164992493347 -2.1941262104656872e-06 0.00037045832952974718 -0.0002465202729937974 0.00017911095599598226 -0.00041601432801467947 7.3859416463916046e-05 -0.00037502934721638561
leaf_weight=25 333 113 41 157 26 30 32
leaf_count=25 333 113 41 157 26 30 32
internal_value=-0.000151915 8.19674e-05 -0.00114973 0.00136872 -0.00022388 -0.00571429 0.00189655
internal_weight=757 732 374 358 201 56 145
internal_count=757 732 374 358 201 56 145
is_linear=0
shrinkage=0.05


Tree=26
num_leaves=8
num_cat=0
split_feature=3 3 6 8 11 8 7
split_gain=0.473518 0.56654 0.496528 0.436243 0.545563 0.41644 0.777184
threshold=0.012026604552669797 0.0079511186080081248 0.71976165679173032 -0.060428938310623286 0.0065559076404506653 -0.034210383360515399 -0.0093195786963732302
decision_type=2 2 2 10 2 8 2
left_child=1 2 5 -4 -5 6 -1
right_child=-2 -3 3 4 -6 -7 -8
leaf_value=0.00017198458221466466 0.0003046793546966055 -7.6269492971104704e-05 0.00047439119339942902 -0.00061495358585714731 -0.00026523623181755454 6.3889712453312693e-05 -0.00034227807233236612
leaf_weight=115 49 42 25 40 44 387 35
leaf_count=115 49 42 25 40 44 387 35
internal_value=0.000251018 -8.72091e-05 0.000278638 -0.00279816 -0.00452381 0.000903166 -0.00133333
internal_weight=737 688 646 109 84 537 150
internal_count=737 688 646 109 84 537 150
is_linear=0
shrinkage=0.05


Tree=27
num_leaves=8
num_cat=0
split_feature=10 9 11 15 11 14 0
split_gain=0.555402 0.555947 0.639474 0.600997 0.624315 0.472545 0.849401
threshold=-0.016459345362290764 0.24467230266931542 -0.026323621770933166 0.0082884561328477897 0.012360960719592808 0.005094684764536229 -0.0027495434518163271
decision_type=2 8 2 2 2 2 2
left_child=-1 2 -2 4 5 -3 -7
right_child=1 3 -4 -5 -6 6 -8
leaf_value=-0.0004988259506398682 -0.00040454557795584553 0.00038471607803005248 5.9600430927717621e-05 -0.00037689499196880399 -0.00033942259864845636 0.00034641335096712456 -0.00012940531260747276
leaf_weight=25 27 62 513 25 41 31 25
leaf_count=25 27 62 513 25 41 31 25
internal_value=0.000327103 0.000580111 0.00138889 -0.00179348 -0.000660377 0.00118644 -0.00214286
internal_weight=749 724 540 184 159 118 56
internal_count=749 724 540 184 159 118 56
is_linear=0
shrinkage=0.05


Tree=28
num_leaves=8
num_cat=0
split_feature=15 11 0 7 1 3 2
split_gain=0.513231 0.880441 0.583921 0.559098 0.606585 0.470866 0.692641
threshold=-0.010118577731078436 -0.026323621770933166 0.015365553727067051 0.040803172556731611 0.031627235070126221 0.0040107502427048089 -0.0048845459840944341
decision_type=2 2 2 2 2 2 2
left_child=-1 -2 3 4 5 -3 -7
right_child=1 2 -4 -5 -6 6 -8
leaf_value=0.00021383653513644223 -0.00076195800890268108 1.0186410476839565e-05 0.00019177480714650772 0.0001150040902197818 -0.00019943653819172406 5.0061383084255873e-06 -0.00016385939151094945
leaf_weight=72 35 317 109 112 42 42 35
leaf_count=72 35 317 109 112 42 42 35
internal_value=0.000287958 -0.000130058 0.000281583 -0.000383211 -0.00119266 -0.000583756 -0.00409091
internal_weight=764 692 657 548 436 394 77
internal_count=764 692 657 548 436 394 77
is_linear=0
shrinkage=0.05


Tree=29
num_leaves=8
num_cat=0
split_feature=11 14 15 16 9 16 3
split_gain=0.477756 0.541767 0.724284 0.496087 1.08885 0.536216 0.418976
threshold=-0.026323621770933166 -0.0080681674930397889 0.0078577240995332271 0.0088281852446991955 0.24467230266931542 0.013847240018849518 0.0018197420659198384
decision_type=2 2 2 2 8 2 2
left_child=-1 3 6 -2 5 -5 -3
right_child=1 2 -4 4 -6 -7 -8
leaf_value=-0.00050892349342016149 0.00017650729365405716 -2.6214290230662118e-05 -0.00015185444294034495 -0.0001068427649817332 -0.00040893715637781462 0.00012193205492652565 0.00037392621003606256
leaf_weight=46 214 229 30 28 28 69 88
leaf_count=46 214 229 30 28 28 69 88
internal_value=0.000150273 0.00048105 -0.000907781 0.00190266 -0.0006 0.00190722 -0.000205047
internal_weight=732 686 347 339 125 97 317
internal_count=732 686 347 339 125 97 317
is_linear=0
shrinkage=0.05


Tree=30
num_leaves=8
num_cat=0
split_feature=2 12 15 11 4 11 3
split_gain=0.540868 0.943147 0.548161 0.495177 0.96314 0.814634 1.12061
threshold=0.057186866063516202 0.05735486248043898 -0.010118577731078436 0.0039566049461625683 0.031493369877521028 -0.0025546673887277822 0.00052018807834308689
decision_type=2 2 2 2 2 2 2
left_child=1 2 -1 4 5 -4 -7
right_child=-2 -3 3 -5 -6 6 -8
leaf_value=0.00024087794810551019 0.00013930312803270728 -0.0002339066806805723 1.4018305204947763e-05 5.6151392535048772e-06 -0.001208938901764032 -0.00050942094544687651 0.00016232464769862145
leaf_weight=55 222 26 149 204 27 30 25
leaf_count=55 222 26 149 204 27 30 25
internal_value=-0.000216802 -0.00110465 -0.000612245 -0.0012069 -0.00279221 -0.00161765 -0.00681818
internal_weight=738 516 490 435 231 204 55
internal_count=738 516 490 435 231 204 55
is_linear=0
shrinkage=0.05


Tree=31
num_leaves=8
num_cat=0
split_feature=8 15 0 9 2 4 10
split_gain=0.520609 0.853006 0.851142 0.596243 0.738707 0.965746 0.880208
threshold=-0.0014428108745542787 0.0054628517339444524 0.001940228633454333 -0.039337924449441279 -0.0070552794814310862 0.024870998675694814 -0.0028855785037933952
decision_type=10 2 2 8 2 2 2
left_child=3 -2 -3 -1 5 -5 -7
right_child=1 2 -4 4 -6 6 -8
leaf_value=1.411647661341038e-05 0.00014720075219910731 -0.00056038977318583567 0.00013245535475973742 0.00011118621673309581 -0.00022617829920218259 0.00017092806702175651 -0.00051324715753821293
leaf_weight=132 317 31 75 58 29 32 64
leaf_count=132 317 31 75 58 29 32 64
internal_value=0.000189702 0.0013357 -0.00254717 -0.00134921 -0.00319672 -0.00181818 -0.00489583
internal_weight=738 423 106 315 183 154 96
internal_count=738 423 106 315 183 154 96
is_linear=0
shrinkage=0.05


Tree=32
num_leaves=8
num_cat=0
split_feature=6 12 11 16 3 8 10
split_gain=0.590997 0.406632 0.339342 0.517081 0.613655 0.403825 0.399221
threshold=2.4479854847009594 0.082959712719514869 0.030772204717271049 0.0041995193036321607 0.0071961698768316937 -0.060428938310623286 0.0054292570056242448
decision_type=2 2 2 2 2 10 2
left_child=1 2 3 6 5 -5 -1
right_child=-2 -3 -4 4 -6 -7 -8
leaf_value=3.2370708570491462e-05 -0.00054686670024178396 -4.6816983226947336e-05 0.00035442847883254317 0.00019340501038190761 -0.00011358366679170224 -4.6906033840866132e-05 0.00018890016897829873
leaf_weight=289 36 29 43 30 31 201 92
leaf_count=289 36 29 43 30 31 201 92
internal_value=0.000139814 0.000454546 0.000699709 0.000412131 -0.00129771 -0.000411255 0.00158793
internal_weight=751 715 686 643 262 231 381
internal_count=751 715 686 643 262 231 381
is_linear=0
shrinkage=0.05


Tree=33
num_leaves=8
num_cat=0
split_feature=13 2 8 4 15 5 8
split_gain=0.372521 0.321724 0.873304 0.613557 0.517953 0.848673 0.354701
threshold=24.19999980926514 -0.030167977765023442 -0.0014428108745542787 0.024463723897745537 0.0078577240995332271 0.013497875260901062 -0.050729523857416019
decision_type=2 2 10 2 2 2 8
left_child=1 6 3 -3 -4 -6 -1
right_child=-2 2 4 -5 5 -7 -8
leaf_value=2.7530535275272212e-05 -0.00027046845901441686 -0.00030826316875064136 7.3241630927265997e-05 -6.2535191286951729e-05 -0.00044821017603412298 0.00030329863741891878 0.00011800589659545023
leaf_weight=117 45 34 358 50 27 34 83
leaf_count=117 45 34 358 50 27 34 83
internal_value=0.000521391 0.000803699 0.000129225 -0.00452381 0.00106205 -0.00319672 0.0025
internal_weight=748 703 503 84 419 61 200
internal_count=748 703 503 84 419 61 200
is_linear=0
shrinkage=0.05


Tree=34
num_leaves=8
num_cat=0
split_feature=2 2 8 5 1 13 10
split_gain=0.526225 0.958198 1.21775 0.834023 0.587929 0.552139 0.373932
threshold=0.057186866063516202 0.011454521413785669 0.051092339785005943 0.014598589204260866 0.032648830459720675 24.19999980926514 0.0022328849049373383
decision_type=2 2 10 2 2 2 2
left_child=1 4 3 -3 5 -1 -4
right_child=-2 2 6 -5 -6 -7 -8
leaf_value=2.8203884728345074e-05 0.00011552916330879139 -0.0002778194530593813 -0.00028773380015738027 -1.7788788435432661e-05 -4.007091685036552e-05 -0.00025406584348127846 0.00064902334159568672
leaf_weight=314 227 36 42 26 32 36 36
leaf_count=314 227 36 42 26 32 36 36
internal_value=0.000126836 -0.000747126 -0.00428571 -0.00951613 0.000549738 0.00114286 -0.000128205
internal_weight=749 522 140 62 382 350 78
internal_count=749 522 140 62 382 350 78
is_linear=0
shrinkage=0.05


Tree=35
num_leaves=8
num_cat=0
split_feature=12 11 1 8 14 13 13
split_gain=0.448871 0.434269 0.656021 0.802907 0.68294 0.459901 0.531906
threshold=0.082959712719514869 0.030772204717271049 0.031349989966912746 0.016243205232716166 -0.0054293361358405115 23.265000343322757 17.289999961853031
decision_type=2 2 2 10 2 2 2
left_child=1 2 5 -4 -5 6 -1
right_child=-2 -3 3 4 -6 -7 -8
leaf_value=2.8284416321361226e-06 -5.7765450989918479e-05 0.00024405983582657562 -0.0002129145087082957 0.0001036550496143525 -0.00035598240050701684 -0.00022337022352637975 0.0001696526460619312
leaf_weight=339 27 49 29 49 36 52 172
leaf_count=339 27 49 29 49 36 52 172
internal_value=0.000219124 0.000454546 0.000125554 -0.00333333 -0.000882353 0.000825933 0.0012818
internal_weight=753 726 677 114 85 563 511
internal_count=753 726 677 114 85 563 511
is_linear=0
shrinkage=0.05


Tree=36
num_leaves=8
num_cat=0
split_feature=6 6 4 10 10 14 15
split_gain=0.525581 0.387634 0.502233 0.73999 0.761905 0.374568 1.14294
threshold=-0.79979441714844202 -0.73580637962224327 0.028285500020439239 0.00044089291237869871 0.0085213267487913597 -0.010446241084373918 0.0078577240995332271
decision_type=2 2 2 2 2 2 2
left_child=-1 -2 5 -4 -5 -3 -7
right_child=1 2 3 4 -6 6 -8
leaf_value=9.8022231589774719e-05 -0.0001545698331096781 5.387756814657567e-05 3.7296217266413008e-05 -0.00063743378930076675 4.4194313380132829e-05 5.5857786258929123e-06 -0.00013748319484800368
leaf_weight=139 26 203 52 36 27 237 30
leaf_count=139 26 203 52 36 27 237 30
internal_value=6.66669e-05 -0.000564648 -0.000299145 -0.00326087 -0.00690476 0.000425532 -0.000805243
internal_weight=750 611 585 115 63 470 267
internal_count=750 611 585 115 63 470 267
is_linear=0
shrinkage=0.05


Tree=37
num_leaves=8
num_cat=0
split_feature=11 0 15 12 8 7 9
split_gain=0.373919 0.589701 0.755264 0.787578 0.572685 0.539321 1.45488
threshold=-0.026323621770933166 0.011490993017388098 0.0053675086210057685 0.01773640557143186 -0.0014428108745542787 -0.040920161515913038 -0.054075087642412194
decision_type=2 2 2 2 8 2 10
left_child=-1 2 4 -4 5 -2 -7
right_child=1 -3 3 -5 -6 6 -8
leaf_value=-0.00040821750630589987 0.00026159061274249245 0.00014688387266902409 0.00013262558754992545 -0.00041372998497009891 5.1550359458839911e-05 -0.00042150134684236761 0.00017957315352180818
leaf_weight=44 58 155 39 53 291 68 50
leaf_count=44 58 155 39 53 291 68 50
internal_value=0.000382586 0.000658263 -9.83898e-05 -0.00423913 0.000717345 -0.00153409 -0.00347458
internal_weight=758 714 559 92 467 176 118
internal_count=758 714 559 92 467 176 118
is_linear=0
shrinkage=0.05


Tree=38
num_leaves=8
num_cat=0
split_feature=7 12 12 16 11 12 9
split_gain=0.789995 0.672218 0.495412 0.586594 0.8049 0.726447 0.414943
threshold=0.040803172556731611 0.05735486248043898 0.04279380650356613 0.00034790291579400728 -0.0098148245313025555 0.037030604996718515 -0.13937691952094891
decision_type=2 2 2 2 2 2 10
left_child=1 2 3 -1 -5 6 -6
right_child=-2 -3 -4 4 5 -7 -8
leaf_value=9.3092216181725823e-05 0.00012039931732965664 -8.3288605715008579e-05 0.00017061245531628118 -0.00021433475527359708 -0.00053884420920046773 -9.6457153983267341e-05 4.4010408345517624e-05
leaf_weight=273 161 39 50 26 29 25 145
leaf_count=273 161 39 50 26 29 25 145
internal_value=0.00065508 -0.000195911 0.000255475 -0.000220883 -0.00211111 -0.00103015 0.000114943
internal_weight=748 587 548 498 225 199 174
internal_count=748 587 548 498 225 199 174
is_linear=0
shrinkage=0.05


Tree=39
num_leaves=8
num_cat=0
split_feature=11 10 10 12 8 3 7
split_gain=0.402925 0.420113 0.681398 0.682151 0.563411 0.40347 0.355693
threshold=0.034061321951450181 0.0049263668881139875 0.0059451726660438861 0.045280709361418599 0.042681434531841929 0.00082931982476264221 -0.040920161515913038
decision_type=2 2 2 2 8 2 2
left_child=1 6 -3 4 5 -4 -1
right_child=-2 2 3 -5 -6 -7 -8
leaf_value=0.00032159822016763275 0.00017623833138437047 -0.00062020387274268026 -0.00025299267889680662 -7.4285352178165195e-05 0.00013564318097154831 2.0096013564141515e-05 2.6271655323454267e-06
leaf_weight=79 41 33 25 33 51 48 427
leaf_count=79 41 33 25 33 51 48 427
internal_value=0.000183175 -0.000100575 -0.00210526 -0.000732484 0.000967742 -0.00184931 0.000652174
internal_weight=737 696 190 157 124 73 506
internal_count=737 696 190 157 124 73 506
is_linear=0
shrinkage=0.05


Tree=40
num_leaves=8
num_cat=0
split_feature=9 1 4 1 14 14 8
split_gain=0.566483 0.382388 0.445124 0.329649 0.315517 0.536186 0.367917
threshold=0.24467230266931542 0.048753166675592492 0.033557669014097423 0.041071542023214176 -0.067583665573298909 -0.054805799949304061 -0.0014428108745542787
decision_type=10 2 2 2 2 2 8
left_child=1 2 3 4 -1 -6 -7
right_child=-2 -3 -4 -5 5 6 -8
leaf_value=0.00024648601335060006 -0.00016050677384034449 0.00016305025083122841 -0.0001375885140046062 -7.637003196941201e-05 -0.0002836244915024291 -1.8236624748599347e-05 4.4883551636521466e-05
leaf_weight=63 25 67 41 25 26 196 307
leaf_count=63 25 67 41 25 26 196 307
internal_value=0.0004 0.000655173 0.000288754 0.000623987 0.000861487 0.000463138 0.00082505
internal_weight=750 725 658 617 592 529 503
internal_count=750 725 658 617 592 529 503
is_linear=0
shrinkage=0.05


Tree=41
num_leaves=8
num_cat=0
split_feature=11 12 16 11 0 0 12
split_gain=0.609769 0.841154 1.32901 0.525568 0.601492 0.576819 0.605913
threshold=-0.012843904813593874 0.0011335469917099774 -0.012698183865490096 -0.0038175653933905647 0.0034411550732390554 0.0017304312206223307 0.010183685907573794
decision_type=2 2 2 2 2 2 2
left_child=1 2 -1 -2 5 6 -5
right_child=3 -3 -4 4 -6 -7 -8
leaf_value=8.4007346041831078e-05 0.0003305253338382998 0.00033708716564022627 -0.00037614949693693897 0.00011836581769578165 0.00010292566424196733 -4.2114857410687673e-05 -0.00018122744957371073
leaf_weight=55 106 29 43 62 240 33 184
leaf_count=55 106 29 43 62 240 33 184
internal_value=0.000678192 -0.00248031 -0.00469388 0.00132 0.00066474 -0.000913978 -8.13006e-05
internal_weight=752 127 98 625 519 279 246
internal_count=752 127 98 625 519 279 246
is_linear=0
shrinkage=0.05


Tree=42
num_leaves=8
num_cat=0
split_feature=8 7 14 16 10 16 3
split_gain=0.557392 0.821494 1.25783 0.48611 0.575658 0.942857 0.436115
threshold=-0.0014428108745542787 -0.0093195786963732302 -0.012410493039419599 0.0070656518068725757 0.0054292570056242448 0.017020398390840467 -0.0008679317309764899
decision_type=10 2 2 2 2 2 2
left_child=1 6 -3 -2 -5 -6 -1
right_child=3 2 -4 4 5 -7 -8
leaf_value=-0.00028821881684060901 0.0001259902828762546 1.0355080986295576e-05 -0.00030152962474153772 2.5265891043322872e-05 -0.0001046141112351422 5.3031852653902e-05 0.00012668718623342625
leaf_weight=108 239 42 41 139 27 28 129
leaf_count=108 239 42 41 139 27 28 129
internal_value=1.99205e-05 -0.0015625 -0.00584337 0.00118938 -0.000670103 -0.005 -6.3291e-05
internal_weight=753 320 83 433 194 55 237
internal_count=753 320 83 433 194 55 237
is_linear=0
shrinkage=0.05


Tree=43
num_leaves=8
num_cat=0
split_feature=2 9 9 13 8 5 2
split_gain=0.366704 0.483231 0.696702 0.60822 0.442353 0.484867 0.421542
threshold=0.057186866063516202 0.19836076602361588 0.21282530056348484 24.19999980926514 0.07683713110060876 0.012337857583586928 0.040803085095727061
decision_type=2 8 8 2 10 2 2
left_child=1 3 -3 -1 -2 -6 -4
right_child=4 2 6 -5 5 -7 -8
leaf_value=1.3874823782451175e-05 0.00023436577294863676 -0.00022845815563965344 1.1894943361528017e-05 -0.00024078959950553526 -0.00013393629676526476 3.3258713159773151e-05 -0.0002339942252053457
leaf_weight=305 84 27 123 40 29 113 25
leaf_count=305 84 27 123 40 29 113 25
internal_value=0.000442359 -0.000288461 -0.00242857 0.000797102 0.00212389 0.000422535 -0.00108108
internal_weight=746 520 175 345 226 142 148
internal_count=746 520 175 345 226 142 148
is_linear=0
shrinkage=0.05


Tree=44
num_leaves=8
num_cat=0
split_feature=10 14 11 8 15 7 0
split_gain=0.485403 0.304151 0.409696 0.392165 0.584881 0.566716 0.494152
threshold=-0.015857529403489442 0.031770832380203846 0.030772204717271049 0.01855037486362188 0.0094582507451584936 0.010381926462571635 0.0077734885172596755
decision_type=2 2 2 8 2 2 2
left_child=-1 2 3 5 -5 6 -2
right_child=1 -3 -4 4 -6 -7 -8
leaf_value=-0.00033250785454782145 -0.00011325388127542669 0.00014770085747791586 0.000176755612562799 4.3845688688101729e-05 -0.00013965724086306333 -0.0001315966524825095 0.00012104833697919766
leaf_weight=28 114 165 45 272 28 31 57
leaf_count=28 114 165 45 272 28 31 57
internal_value=0.000743243 0.000997191 0.000429616 1.99205e-05 0.00116667 -0.00168317 -0.000555555
internal_weight=740 712 547 502 300 202 171
internal_count=740 712 547 502 300 202 171
is_linear=0
shrinkage=0.05


Tree=45
num_leaves=8
num_cat=0
split_feature=0 16 16 9 13 16 11
split_gain=0.351967 0.657778 0.637357 0.852605 0.921815 0.579545 0.5
threshold=-0.0013054857494863013 -0.024907824015754584 0.018194786480210116 0.093029530956615716 17.250000000000004 -0.01388808573557365 0.011915728697621366
decision_type=2 2 2 8 2 2 2
left_child=2 -2 3 4 -1 -6 -4
right_child=1 -3 6 -5 5 -7 -8
leaf_value=-0.00053467255469367677 -0.0004239871999700773 2.6081211253796381e-05 -0.00029545584831064381 0.00012977785932841472 0.00033701221006885834 -0.00030231878535084663 -0.00016558148260228077
leaf_weight=43 34 394 25 159 34 32 25
leaf_count=43 34 394 25 159 34 32 25
internal_value=0.000442359 0.0013785 -0.00081761 0.000149254 -0.00325688 0.000454546 -0.006
internal_weight=746 428 318 268 109 66 50
internal_count=746 428 318 268 109 66 50
is_linear=0
shrinkage=0.05


end of trees

feature_importances:
dist_ma50=35
ret_20d=29
sector_ret_5d=26
spy_ret_5d=24
spy_ret_20d=24
spy_ret_1d=22
dist_ma200=19
ret_5d=18
vix_chg_1d=18
ret_1d=17
dist_ma20=17
atr_pct=16
sector_ret_1d=16
overnight_gap=14
dvol_z_20=11
parkinson_20=9
vix_level=7

parameters:
[boosting: gbdt]
[objective: quantile]
[metric: quantile]
[tree_learner: serial]
[device_type: cpu]
[data_sample_strategy: bagging]
[data: ]
[valid: ]
[num_iterations: 80]
[learning_rate: 0.05]
[num_leaves: 8]
[num_threads: 1]
[seed: 0]
[deterministic: 0]
[force_col_wise: 1]
[force_row_wise: 0]
[histogram_pool_size: -1]
[max_depth: -1]
[min_data_in_leaf: 25]
[min_sum_hessian_in_leaf: 0.001]
[bagging_fraction: 0.9]
[pos_bagging_fraction: 1]
[neg_bagging_fraction: 1]
[bagging_freq: 1]
[bagging_seed: 3]
[bagging_by_query: 0]
[feature_fraction: 0.9]
[feature_fraction_bynode: 1]
[feature_fraction_seed: 2]
[extra_trees: 0]
[extra_seed: 6]
[early_stopping_round: 0]
[early_stopping_min_delta: 0]
[first_metric_only: 0]
[max_delta_step: 0]
[lambda_l1: 0]
[lambda_l2: 0]
[linear_lambda: 0]
[min_gain_to_split: 0]
[drop_rate: 0.1]
[max_drop: 50]
[skip_drop: 0.5]
[xgboost_dart_mode: 0]
[uniform_drop: 0]
[drop_seed: 4]
[top_rate: 0.2]
[other_rate: 0.1]
[min_data_per_group: 100]
[max_cat_threshold: 32]
[cat_l2: 10]
[cat_smooth: 10]
[max_cat_to_onehot: 4]
[top_k: 20]
[monotone_constraints: ]
[monotone_constraints_method: basic]
[monotone_penalty: 0]
[feature_contri: ]
[forcedsplits_filename: ]
[refit_decay_rate: 0.9]
[cegb_tradeoff: 1]
[cegb_penalty_split: 0]
[cegb_penalty_feature_lazy: ]
[cegb_penalty_feature_coupled: ]
[path_smooth: 0]
[interaction_constraints: ]
[verbosity: -1]
[saved_feature_importance_type: 0]
[use_quantized_grad: 0]
[num_grad_quant_bins: 4]
[quant_train_renew_leaf: 0]
[stochastic_rounding: 1]
[linear_tree: 0]
[max_bin: 255]
[max_bin_by_feature: ]
[min_data_in_bin: 3]
[bin_construct_sample_cnt: 200000]
[data_random_seed: 1]
[is_enable_sparse: 1]
[enable_bundle: 1]
[use_missing: 1]
[zero_as_missing: 0]
[feature_pre_filter: 1]
[pre_partition: 0]
[two_round: 0]
[header: 0]
[label_column: ]
[weight_column: ]
[group_column: ]
[ignore_column: ]
[categorical_feature: ]
[forcedbins_filename: ]
[precise_float_parser: 0]
[parser_config_file: ]
[objective_seed: 5]
[num_class: 1]
[is_unbalance: 0]
[scale_pos_weight: 1]
[sigmoid: 1]
[boost_from_average: 1]
[reg_sqrt: 0]
[alpha: 0.1]
[fair_c: 1]
[poisson_max_delta_step: 0.7]
[tweedie_variance_power: 1.5]
[lambdarank_truncation_level: 30]
[lambdarank_norm: 1]
[label_gain: ]
[lambdarank_position_bias_regularization: 0]
[eval_at: ]
[multi_error_top_k: 1]
[auc_mu_weights: ]
[num_machines: 1]
[local_listen_port: 12400]
[time_out: 120]
[machine_list_filename: ]
[machines: ]
[gpu_platform_id: -1]
[gpu_device_id: -1]
[gpu_device_id_list: ]
[gpu_use_dp: 0]
[num_gpu: 1]

end of parameters

pandas_categorical:[]
