tree
version=v4
num_class=1
num_tree_per_iteration=1
label_index=0
max_feature_idx=16
objective=quantile
feature_names=ret_1d ret_5d ret_20d overnight_gap atr_pct parkinson_20 dvol_z_20 dist_ma20 dist_ma50 dist_ma200 spy_ret_1d spy_ret_5d spy_ret_20d vix_level vix_chg_1d sector_ret_1d sector_ret_5d
feature_infos=[-0.076959027885963538:0.13394565633371602] [-0.14236641221374047:0.17569236196860127] [-0.16603271205781656:0.23680523120037367] [-0.064655172413793149:0.08993494068120933] [0.013313910846711765:0.040253313696612676] [0.0087689020284899416:0.02491568701662257] [-1.9710674374238903:4.2118966224894967] [-0.11569377896279975:0.15339711084391938] [-0.15657830453966681:0.24168514412416875] [-0.23793890793287964:0.27976429370741629] [-0.058542947643003718:0.10501933612632941] [-0.11496158439845272:0.082843216242346029] [-0.12265592443394913:0.15756596870864792] [11.859999656677246:52.330001831054688] [-0.35753873962348437:0.74039073966007019] [-0.062590274434280224:0.087237479806139051] [-0.13928157589803014:0.088314485729671599]
tree_sizes=844 865 862 870 865 872 869 863 863 866 864 865 864 853 877 869 872 868 867 870 866 868 860 867 854 860 848 861 869 854 866 865 868 866 867 869 858 870 858 860 856 858 863 857 868 864 870 866 870 873 859 860 868 866 856 858 866 859 855 875 867 855 858 869 871 851 859 862 868 868 859 867 869 859 867

Tree=0
num_leaves=8
num_cat=0
split_feature=9 16 6 4 1 15 8
split_gain=1.45703 1.2279 1.14373 0.608265 0.662294 0.690666 0.604612
threshold=-0.15976127154492129 0.0068412010286609268 1.367492696337141 0.022436715742236994 0.021105623186777226 -0.011600247746665125 -0.068476343961543326
decision_type=10 2 2 2 2 2 10
left_child=3 2 6 -1 5 -5 -2
right_child=1 -3 -4 4 -6 -7 -8
leaf_value=-0.018873402245888883 -0.018067976184309359 -0.017976446387952739 -0.019010633714219023 -0.018964943674297827 -0.018887241696889927 -0.018268766900620785 -0.018390221316572846
leaf_weight=25 55 243 35 27 42 101 222
leaf_count=25 55 243 35 27 42 101 222
internal_value=-0.0183173 -0.017011 -0.0190865 -0.0220352 -0.0209643 -0.0191766 -0.0180104
internal_weight=750 555 312 195 170 128 277
internal_count=750 555 312 195 170 128 277
is_linear=0
shrinkage=1


Tree=1
num_leaves=8
num_cat=0
split_feature=9 16 7 0 8 1 3
split_gain=1.41082 1.13795 0.843081 0.820529 1.18125 0.701661 0.909112
threshold=-0.16768275382719164 0.0068412010286609268 -0.029191375018776829 0.0041075021689824806 0.0069446953862550851 -0.031238802319010991 -0.0069591816873156289
decision_type=10 2 2 2 10 2 2
left_child=2 5 -1 4 -4 -2 -7
right_child=1 -3 3 -5 -6 6 -8
leaf_value=6.1679671018981174e-05 0.00028036985623669823 0.00028488234204815009 -0.00043541111970889104 -0.00063152187708679958 0.00025610044920726453 -0.0008351083691475812 -7.3839545975398256e-05
leaf_weight=75 70 245 32 53 28 39 192
leaf_count=75 70 245 32 53 28 39 192
internal_value=-4.08717e-05 0.00124542 -0.0037766 -0.00650442 -0.0025 -0.000813953 -0.00214286
internal_weight=734 546 188 113 60 301 231
internal_count=734 546 188 113 60 301 231
is_linear=0
shrinkage=0.05


Tree=2
num_leaves=8
num_cat=0
split_feature=9 16 3 1 13 14 4
split_gain=1.14157 1.25434 1.14167 0.831827 0.74669 1.12605 0.582569
threshold=-0.14376293155326239 0.0068412010286609268 -0.0069591816873156289 0.025654211227936544 18.564999580383304 -0.01909405816599757 0.026745123484757188
decision_type=10 2 2 2 2 2 2
left_child=3 2 -2 6 -4 -6 -1
right_child=1 -3 4 -5 5 -7 -8
leaf_value=-0.00050888308785828707 -0.00062915868950442003 0.00029412002029242847 0.00016001686031480477 -0.00046345597758852401 -0.00058262597489989662 0.00024845307490242128 4.4424611724257512e-05
leaf_weight=83 40 241 176 37 31 50 91
leaf_count=83 40 241 176 37 31 50 91
internal_value=6.00803e-05 0.00128253 -0.000892256 -0.00305687 0.000330739 -0.00364198 -0.0016092
internal_weight=749 538 297 211 257 81 174
internal_count=749 538 297 211 257 81 174
is_linear=0
shrinkage=0.05


Tree=3
num_leaves=8
num_cat=0
split_feature=8 12 14 1 12 4 0
split_gain=1.19717 1.39129 1.01459 0.603945 0.598377 0.949727 0.838615
threshold=0.027785464329978641 0.05735486248043898 0.13092898697672287 0.041217597678637315 -0.0052152181904612785 0.019099164011940391 -0.012635354165518807
decision_type=10 2 2 2 2 2 2
left_child=1 2 3 4 6 -6 -1
right_child=-2 -3 -4 -5 5 -7 -8
leaf_value=-0.00055712501716485971 0.00022179152789116008 -0.00057099827663621456 -0.00070732094028781028 -0.00039574618248595667 -0.00011251366685806676 0.00014635610040415138 7.7631076693379487e-05
leaf_weight=33 253 36 28 25 42 225 101
leaf_count=33 253 36 28 25 42 225 101
internal_value=0.000625841 -0.000816326 -6.60791e-05 0.000539906 0.00100998 0.00237828 -0.00171642
internal_weight=743 490 454 426 401 267 134
internal_count=743 490 454 426 401 267 134
is_linear=0
shrinkage=0.05


Tree=4
num_leaves=8
num_cat=0
split_feature=8 8 13 9 5 9 4
split_gain=1.32679 0.891774 0.754686 0.749945 0.596619 0.892605 0.930178
threshold=0.027785464329978641 0.020541749163238036 26.85000038146973 -0.059819433453485109 0.015812017527724539 0.056189369282975916 0.021741066904010332
decision_type=10 8 2 10 2 8 2
left_child=1 2 4 -2 5 -1 -7
right_child=3 -3 -4 -5 -6 6 -8
leaf_value=6.9633385733803747e-05 -0.00027364801448971513 -0.00045674813559846441 -0.00054113496920969381 0.00030572070375827208 0.00014659349502074801 0.00021151576231195473 -0.00054828583555975054
leaf_weight=155 45 52 25 218 154 25 72
leaf_count=155 45 52 25 218 154 25 72
internal_value=0.000241287 -0.0013147 -0.000568445 0.00309886 -4.92609e-05 -0.00154762 -0.00530928
internal_weight=746 483 431 263 406 252 97
internal_count=746 483 431 263 406 252 97
is_linear=0
shrinkage=0.05


Tree=5
num_leaves=8
num_cat=0
split_feature=16 12 9 8 3 7 7
split_gain=0.863384 1.26655 0.737221 0.606842 0.651334 0.665876 0.552787
threshold=0.0074912458278096903 0.052412040834153968 -0.20820923291905311 0.072330808949170225 -0.0089604236343366877 0.025103167146939945 -0.014930211682437964
decision_type=2 2 10 8 2 2 2
left_child=1 3 -2 4 -1 -6 -4
right_child=2 -3 6 -5 5 -7 -8
leaf_value=-0.00058180948044836769 -0.00024101164155233661 -0.00048956263128186318 -6.3198103070826627e-05 0.00028816252303563917 1.6983531541004439e-05 -0.00020506930540737696 0.00026399566306931207
leaf_weight=37 49 47 34 50 283 28 209
leaf_count=37 49 47 34 50 283 28 209
internal_value=0.00031886 -0.00106742 0.00243151 -0.000150754 -0.000890804 -0.000144694 0.00355967
internal_weight=737 445 292 398 348 311 243
internal_count=737 445 292 398 348 311 243
is_linear=0
shrinkage=0.05


Tree=6
num_leaves=8
num_cat=0
split_feature=8 8 14 10 2 11 2
split_gain=1.50515 0.851699 0.718435 0.528938 0.51929 0.824361 0.626304
threshold=0.031614288906891448 0.020541749163238036 0.12708615320093045 -3.2285238455664882e-05 -0.026013925845489724 0.018680357320368105 -0.080815874980766797
decision_type=10 8 2 2 2 2 2
left_child=1 2 4 -3 5 6 -1
right_child=-2 3 -4 -5 -6 -7 -8
leaf_value=0.00022390909981395295 0.00023044997628129211 -5.4209121757820332e-06 -0.00053179275428519778 -0.00047091061712995998 9.5214323424378953e-05 -0.00038037283474421778 -0.00017351375632477137
leaf_weight=87 246 30 26 35 154 44 124
leaf_count=87 246 30 26 35 154 44 124
internal_value=0.000375335 -0.0012 -0.000402299 -0.00653846 0.000110025 -0.00127451 2.36969e-05
internal_weight=746 500 435 65 409 255 211
internal_count=746 500 435 65 409 255 211
is_linear=0
shrinkage=0.05


Tree=7
num_leaves=8
num_cat=0
split_feature=8 14 12 6 4 10 2
split_gain=1.04354 1.06315 0.900748 0.695577 0.446437 1.48654 0.647934
threshold=0.022557696218932225 0.13092898697672287 0.05735486248043898 1.2823619184994246 0.019254434047038593 0.001595000535659419 -0.045261614121929909
decision_type=10 2 2 2 2 2 2
left_child=1 2 4 -2 5 -1 -6
right_child=3 -3 -4 -5 6 -7 -8
leaf_value=0.00025388850001632247 0.00022450948176713954 -0.00067696279465889427 -0.00048156052699165579 -3.8143051152571745e-05 -5.436263853331044e-05 -0.00060597924242130729 0.00016793712300347752
leaf_weight=31 242 25 34 25 198 25 165
leaf_count=31 242 25 34 25 198 25 165
internal_value=0.000436242 -0.000962343 -0.000408388 0.00294008 0.00022673 -0.00392857 0.000867769
internal_weight=745 478 453 267 419 56 363
internal_count=745 478 453 267 419 56 363
is_linear=0
shrinkage=0.05


Tree=8
num_leaves=8
num_cat=0
split_feature=9 6 8 6 3 0 1
split_gain=1.01372 0.719812 0.591796 0.669034 0.689983 0.593407 0.58962
threshold=-0.13564752069320121 1.6122184066856164 0.022557696218932225 -0.93639951485409945 -0.0014946587419252253 -0.001817819008959942 0.024267665505389505
decision_type=10 2 10 2 2 2 2
left_child=6 2 3 -2 5 -5 -1
right_child=1 -3 -4 4 -6 -7 -8
leaf_value=-4.9318246440256837e-05 -0.00038720778333118668 -0.00047348269123401892 0.00026805435590888547 1.2639179602711566e-05 0.00020578814951047105 -0.00068003885796256763 -0.00020620477184579521
leaf_weight=183 37 48 228 52 141 32 43
leaf_count=183 37 48 228 52 141 32 43
internal_value=0.000287958 0.0014684 0.00204082 0.000419848 0.00144444 -0.00214286 -0.00252212
internal_weight=764 538 490 262 225 84 226
internal_count=764 538 490 262 225 84 226
is_linear=0
shrinkage=0.05


Tree=9
num_leaves=8
num_cat=0
split_feature=3 12 7 15 7 12 9
split_gain=0.794695 0.807319 0.730796 0.797025 0.98 0.598245 0.681677
threshold=-0.0012327796478804884 -0.029032360146205412 -0.0088611106075070483 0.005006888557461898 -0.028731994447848016 0.019260536210570115 -0.028363683761555288
decision_type=2 2 2 2 2 2 10
left_child=1 -1 3 -2 -5 -3 -7
right_child=2 5 -4 4 -6 6 -8
leaf_value=-0.00046576109148092795 0.00013040852095880758 0.00011278985673341738 0.00021373158500898241 9.3590264220921472e-05 -0.00050593111962974236 -0.00044015600154215223 7.741154052160674e-06
leaf_weight=43 116 123 267 25 25 60 85
leaf_count=43 116 123 267 25 25 60 85
internal_value=0.000497312 -0.00143087 0.00188222 -0.000722891 -0.006 -0.000410448 -0.00258621
internal_weight=744 311 433 166 50 268 145
internal_count=744 311 433 166 50 268 145
is_linear=0
shrinkage=0.05


Tree=10
num_leaves=8
num_cat=0
split_feature=9 1 4 8 7 8 12
split_gain=1.25867 1.02226 0.80452 1.70115 0.750932 0.852912 0.687396
threshold=-0.15976127154492129 0.025654211227936544 0.026745123484757188 -0.049633738467860837 0.019745192824022432 -0.068476343961543326 0.027224900336564887
decision_type=10 2 2 10 2 10 2
left_child=1 2 3 -1 5 -2 -7
right_child=4 -3 -4 -5 -6 6 -8
leaf_value=-0.00049773715601595823 0.00033130082926519924 -0.00043963745248897261 0.00010185492842706788 7.1998688453446552e-05 0.00023347936800175237 7.424399528691613e-05 -0.00020367288331200667
leaf_weight=31 70 30 88 40 215 160 115
leaf_count=31 70 30 88 40 215 160 115
internal_value=0.000327103 -0.00320106 -0.00160377 -0.00556338 0.00151786 7.2464e-05 -0.00118182
internal_weight=749 189 159 71 560 345 275
internal_count=749 189 159 71 560 345 275
is_linear=0
shrinkage=0.05


Tree=11
num_leaves=8
num_cat=0
split_feature=9 1 16 6 7 15 4
split_gain=0.874208 0.972086 0.874561 1.11844 0.630861 0.581718 0.43657
threshold=-0.14376293155326239 0.025654211227936544 0.013943386831433037 1.0355717878689146 0.013783543807890599 -0.011759141395043192 0.026015050370106572
decision_type=10 2 2 2 2 2 2
left_child=1 5 3 -2 -5 -1 -7
right_child=2 -3 -4 4 -6 6 -8
leaf_value=-0.00066173019674073928 8.1332995047475013e-05 -0.00026746527716126886 0.00021935831862958415 -0.00051639028968738945 -0.00034043699984376101 -0.00036598223585739079 0.00014106717539132701
leaf_weight=28 306 37 179 30 26 66 75
leaf_count=28 306 37 179 30 26 66 75
internal_value=0.000247657 -0.00252427 0.00130314 -0.000110497 -0.00660714 -0.00091716 0.000390071
internal_weight=747 206 541 362 56 169 141
internal_count=747 206 541 362 56 169 141
is_linear=0
shrinkage=0.05


Tree=12
num_leaves=8
num_cat=0
split_feature=6 2 12 2 1 12 1
split_gain=0.819282 1.31102 0.938546 0.539442 0.863597 0.806912 0.449554
threshold=1.3780020541838056 0.019826679164477116 -0.043864369041982591 0.088052570153854828 0.041798304720182207 0.052412040834153968 0.0071848981748520177
decision_type=2 2 2 2 2 2 2
left_child=2 -2 -1 4 5 6 -4
right_child=1 -3 3 -5 -6 -7 -8
leaf_value=-0.00036573238839270484 0.00013545390166730303 -0.00070318349374359757 2.593805722610357e-05 0.00035396667040440922 -0.00032545697037520208 -0.00040236475203980944 0.00018906812927241818
leaf_weight=36 41 26 293 88 37 48 165
leaf_count=36 41 26 293 88 37 48 165
internal_value=-0.000177112 -0.00544776 0.000352324 0.000800317 0.000211787 0.000750988 0.00139738
internal_weight=734 67 667 631 543 506 458
internal_count=734 67 667 631 543 506 458
is_linear=0
shrinkage=0.05


Tree=13
num_leaves=8
num_cat=0
split_feature=14 2 12 13 1 13 13
split_gain=0.71962 0.593192 0.808758 1.06403 0.571351 0.653242 0.486098
threshold=0.13092898697672287 0.098150963721526333 0.052412040834153968 18.015000343322757 0.040253201765583564 12.765000343322756 15.085000038146974
decision_type=2 2 2 2 2 2 2
left_child=1 2 4 -4 5 -1 -7
right_child=-2 -3 3 -5 -6 6 -8
leaf_value=-0.00028139886677117548 -0.0004096478806832767 0.0003239997718092226 4.9501886193374706e-06 -0.00042300206642865578 -0.00027003943700458472 0.00021939507656666471 3.5511687154182695e-05
leaf_weight=27 35 79 34 25 49 145 351
leaf_count=27 35 79 34 25 49 145 351
internal_value=0.00057047 0.000915493 0.000404121 -0.00516949 0.000979021 0.00146272 0.001875
internal_weight=745 710 631 59 572 523 496
internal_count=745 710 631 59 572 523 496
is_linear=0
shrinkage=0.05


Tree=14
num_leaves=8
num_cat=0
split_feature=8 12 3 14 15 4 12
split_gain=0.870976 0.961533 0.576367 0.429214 0.649542 1.03593 0.521791
threshold=0.033694501295284625 0.052412040834153968 -0.0046508679557270552 -0.066405515647089006 0.0012716970787819417 0.020659068099036077 -0.033690121396823418
decision_type=10 2 2 2 2 2 2
left_child=1 3 -2 -1 6 -6 -5
right_child=2 -3 -4 4 5 -7 -8
leaf_value=0.00025593469882885604 -0.00011869874084322553 -0.00041222097228307657 0.00021589996555555882 -0.00055399966124844901 -0.00047439231067589828 -6.1122596319361879e-05 5.6551123777930981e-05
leaf_weight=67 39 42 194 43 34 99 201
leaf_count=67 39 42 194 43 34 99 201
internal_value=0.000340751 -0.000864197 0.00285408 -0.00018018 -0.000835544 -0.00364662 0.000696721
internal_weight=719 486 233 444 377 133 244
internal_count=719 486 233 444 377 133 244
is_linear=0
shrinkage=0.05


Tree=15
num_leaves=8
num_cat=0
split_feature=3 12 15 12 10 9 1
split_gain=1.05207 0.722637 0.525003 1.10542 0.980382 1.18772 0.517677
threshold=-0.0014946587419252253 0.060339670934961183 -0.0044392115321016381 -0.030100070000726505 0.0035916087266854029 -0.05389214567702371 0.0054825069496713405
decision_type=2 2 2 2 2 10 2
left_child=2 -2 3 -1 5 -4 -7
right_child=1 -3 4 -5 -6 6 -8
leaf_value=-0.00059317958685319787 0.00014262332295395699 -0.00035039321778508056 -0.00042108003233152971 8.8608788461584613e-05 8.8866149661826456e-05 -3.9549541783033296e-05 0.0001391268305020353
leaf_weight=25 395 37 41 122 72 25 26
leaf_count=25 395 37 41 122 72 25 26
internal_value=0.000625841 0.00222222 -0.00159164 0.000578231 -0.00353659 -0.00695652 -0.00186274
internal_weight=743 432 311 147 164 92 51
internal_count=743 432 311 147 164 92 51
is_linear=0
shrinkage=0.05


Tree=16
num_leaves=8
num_cat=0
split_feature=3 7 3 2 2 15 10
split_gain=1.10706 0.592061 0.587658 0.538287 0.529188 0.72106 0.972711
threshold=-0.0012327796478804884 -0.01107041319780999 -0.013260941864278506 -0.021745785551495807 -0.078876005457305651 -0.0044392115321016381 0.0037112028272787705
decision_type=2 2 2 2 2 2 2
left_child=2 3 -1 -2 -4 -6 -7
right_child=1 -3 4 -5 5 6 -8
leaf_value=-0.00079567742939619141 2.9193416110091126e-05 0.00017863472459076244 0.00042578409915529412 -0.00048548489395002056 4.7641790357485201e-05 -0.00032363363599085127 6.9318526839768632e-05
leaf_weight=25 126 282 46 25 106 82 65
leaf_count=25 126 282 46 25 106 82 65
internal_value=0.000574637 0.00222864 -0.0016358 -0.000298013 -0.00102007 -0.001917 -0.00418367
internal_weight=757 433 324 151 299 253 147
internal_count=757 433 324 151 299 253 147
is_linear=0
shrinkage=0.05


Tree=17
num_leaves=8
num_cat=0
split_feature=9 6 6 2 6 1 5
split_gain=0.960541 0.840808 0.768476 0.716707 0.690289 0.517815 0.528938
threshold=0.0036374406346225689 1.7082326576135241 0.13818708117232772 -0.071297989907356238 -0.028957355696654023 0.034155206742781059 0.01548242355197397
decision_type=10 2 2 2 2 2 2
left_child=1 2 4 -2 5 6 -1
right_child=3 -3 -4 -5 -6 -7 -8
leaf_value=-0.0001544584964842434 -8.7230515673894299e-06 -0.000821358012940098 0.00010851621064742671 0.00017141026069736472 -0.00036017649756367275 -0.00028309379277844082 0.00014209185343991689
leaf_weight=91 33 34 106 301 40 37 104
leaf_count=91 33 34 106 301 40 37 104
internal_value=0.000911528 -0.000703883 -2.64548e-05 0.00290419 -0.00143382 -0.000387931 0.000641026
internal_weight=746 412 378 334 272 232 195
internal_count=746 412 378 334 272 232 195
is_linear=0
shrinkage=0.05


Tree=18
num_leaves=8
num_cat=0
split_feature=14 0 2 13 12 1 12
split_gain=0.688313 0.573551 0.507479 0.537444 0.659739 0.498588 0.481275
threshold=0.13092898697672287 0.030879648599386859 0.088052570153854828 12.644999980926515 0.052412040834153968 0.040253201765583564 -0.0052152181904612785
decision_type=2 2 2 2 2 2 2
left_child=1 2 3 -1 5 6 -5
right_child=-2 -3 -4 4 -6 -7 -8
leaf_value=-7.649249256182775e-05 -0.00032912400634384741 -3.3096819422010608e-05 0.00017451149508250917 -4.9322720879958632e-05 -0.00032513276145849435 -0.00010281275953880009 0.00012934415778695376
leaf_weight=26 35 26 93 139 45 38 351
leaf_count=26 35 26 93 139 45 38 351
internal_value=0.000418327 0.000752089 0.00102601 0.000492488 0.000811518 0.00130682 0.00173469
internal_weight=753 718 692 599 573 528 490
internal_count=753 718 692 599 573 528 490
is_linear=0
shrinkage=0.05


Tree=19
num_leaves=8
num_cat=0
split_feature=3 4 15 10 12 13 9
split_gain=0.691597 0.676409 0.631189 1.08378 1.22301 0.788795 0.54078
threshold=-0.0014946587419252253 0.021848284998835319 -0.0044392115321016381 0.0035916087266854029 0.019260536210570115 22.330000877380375 -0.072652650042606667
decision_type=2 2 2 2 2 2 8
left_child=2 -2 5 4 -4 -1 -3
right_child=1 6 3 -5 -6 -7 -8
leaf_value=8.0048253896466721e-05 0.00014817916753658277 0.00024114595450581858 -3.2411734604491229e-05 8.3509850501990818e-05 -0.00041616064507544678 -0.00045347726679573208 -0.00011840674341741888
leaf_weight=114 204 56 46 74 44 25 176
leaf_count=114 204 56 46 74 44 25 176
internal_value=0.000399188 0.00167431 -0.00143564 -0.00353659 -0.00722222 0.00104317 -0.000172414
internal_weight=739 436 303 164 90 139 232
internal_count=739 436 303 164 90 139 232
is_linear=0
shrinkage=0.05


Tree=20
num_leaves=8
num_cat=0
split_feature=7 7 0 5 1 0 4
split_gain=0.92115 0.987622 1.00797 0.668337 0.629762 0.520578 0.491963
threshold=-0.01107041319780999 -0.029646998541106414 0.0013578699226196591 0.013523731351271204 -0.0042772978564762356 -0.027349123620052148 0.015660204598145915
decision_type=2 2 2 2 2 2 2
left_child=1 4 3 -3 5 -1 -2
right_child=6 2 -4 -5 -6 -7 -8
leaf_value=-0.00049159077961534123 -1.7286984092689872e-05 0.00016069130211418439 -0.00047311201176584181 -0.00036972864577318839 -0.00035592628494521207 0.00018837870046794757 0.00010761382114142058
leaf_weight=26 26 25 43 38 26 133 434
leaf_count=26 26 25 43 38 26 133 434
internal_value=0.000672437 -0.00152921 -0.00537736 -0.00134921 0.000675676 0.00185535 0.00206522
internal_weight=751 291 106 63 185 159 460
internal_count=751 291 106 63 185 159 460
is_linear=0
shrinkage=0.05


Tree=21
num_leaves=8
num_cat=0
split_feature=8 1 16 4 1 3 3
split_gain=0.763796 0.674733 0.741576 0.817306 0.946366 1.05778 0.77623
threshold=0.050247724190184424 0.04439935873931123 0.0068412010286609268 0.02471285561903112 -0.030429397605383209 -0.001106746852917506 -0.0031502735806663291
decision_type=10 2 2 2 2 2 2
left_child=1 2 3 4 -1 6 -6
right_child=-2 -3 -4 -5 5 -7 -8
leaf_value=0.00012273844662940696 0.00012580884284681633 -0.00025692798885322251 8.618696216403248e-05 2.2291585748740704e-05 -0.00040579304222435465 -6.723779516765139e-05 -0.0018534318150556931
leaf_weight=53 185 26 165 168 46 77 28
leaf_count=53 185 26 165 168 46 77 28
internal_value=0.000320856 -0.000595026 -0.000214153 -0.00145161 -0.00357843 -0.00559603 -0.00986486
internal_weight=748 563 537 372 204 151 74
internal_count=748 563 537 372 204 151 74
is_linear=0
shrinkage=0.05


Tree=22
num_leaves=8
num_cat=0
split_feature=9 1 1 11 8 2 4
split_gain=0.781112 0.510088 0.615385 0.701548 0.74423 0.72 0.418849
threshold=-0.15976127154492129 -0.00082782021048821697 -0.021596294324979944 0.012210524759260101 0.043356759429344478 -0.014102451187996188 0.024042658787451546
decision_type=10 2 2 2 10 2 2
left_child=6 2 -2 4 5 -4 -1
right_child=1 -3 3 -5 -6 -7 -8
leaf_value=-0.00023512632197567214 0.00015156550418083146 0.0001012109484746998 -0.00024678729081254201 0.00012349320517856377 6.5731549304832494e-05 -0.0017699424142765302 -1.8288404677242456e-05
leaf_weight=50 117 317 25 33 34 25 141
leaf_count=50 117 317 25 33 34 25 141
internal_value=0.000687332 0.00164247 -0.000128205 -0.00269231 -0.00511905 -0.009 -0.00206806
internal_weight=742 551 234 117 84 50 191
internal_count=742 551 234 117 84 50 191
is_linear=0
shrinkage=0.05


Tree=23
num_leaves=8
num_cat=0
split_feature=3 6 14 11 3 2 15
split_gain=0.626884 0.557306 0.573183 0.751269 0.776219 0.662094 0.444213
threshold=-0.00129314405123071 1.3780020541838056 0.012431899030548645 0.003505922146060048 -0.0052935157026500748 -0.021745785551495807 -0.010558255359063682
decision_type=2 2 2 2 2 2 2
left_child=1 2 3 5 -5 -1 -2
right_child=6 -3 -4 4 -6 -7 -8
leaf_value=-0.00019540673435901489 -7.0832399297832837e-05 -0.00042402188409612239 6.6431032879020092e-05 -0.00022643590772382296 0.00026896381563410653 -0.00028023187513152262 0.00010364794857116833
leaf_weight=29 36 39 139 25 63 25 395
leaf_count=29 36 39 139 25 63 25 395
internal_value=0.000739015 -0.0009375 -0.000160142 -0.00239437 0.000454546 -0.00703704 0.00198376
internal_weight=751 320 281 142 88 54 431
internal_count=751 320 281 142 88 54 431
is_linear=0
shrinkage=0.05


Tree=24
num_leaves=8
num_cat=0
split_feature=13 1 4 1 15 8 1
split_gain=0.772704 1.12674 0.772297 1.09415 1.49354 0.78556 0.913303
threshold=17.695000648498539 0.043080470392968591 0.024642459098728121 0.0071848981748520177 -0.003037323423123572 -0.07725065625667786 -0.025221712407535842
decision_type=2 2 2 2 2 10 2
left_child=1 -1 3 4 -2 6 -4
right_child=2 -3 5 -5 -6 -7 -8
leaf_value=0.00010349953879529757 -5.79644539538646e-05 -0.00017731206397005159 0.00014056701148403391 4.331789320928747e-05 -0.00048582557789596074 0.0001864845685906409 -0.00032801716514543915
leaf_weight=434 36 41 25 54 41 92 26
leaf_count=434 36 41 25 54 41 92 26
internal_value=0.000727637 0.00194737 -0.00138686 -0.00416031 -0.00798701 0.00115385 -0.00382353
internal_weight=749 475 274 131 77 143 51
internal_count=749 475 274 131 77 143 51
is_linear=0
shrinkage=0.05


Tree=25
num_leaves=8
num_cat=0
split_feature=3 8 0 6 5 7 7
split_gain=0.747363 0.66505 0.606425 0.529894 0.653881 0.448595 0.83951
threshold=-0.008225773405435453 -0.10306616972987125 -0.010684658139402113 1.0559621423339276 0.016026225523583213 -0.015967984397584786 -0.029646998541106414
decision_type=2 10 2 2 2 2 2
left_child=2 -2 -1 5 -5 6 -3
right_child=1 3 -4 4 -6 -7 -8
leaf_value=4.9602750034325575e-06 -0.00034065492350293186 7.2539400169583239e-05 -0.00056627170755886515 -0.00016661201142232227 0.00013313175041002758 0.00011655215673310985 -0.00033603222454272903
leaf_weight=41 41 117 32 46 32 400 48
leaf_count=41 41 117 32 46 32 400 48
internal_value=0.000904888 0.00141813 -0.00390411 0.00181182 -0.00205128 0.00234513 0.000151515
internal_weight=757 684 73 643 78 565 165
internal_count=757 684 73 643 78 565 165
is_linear=0
shrinkage=0.05


Tree=26
num_leaves=8
num_cat=0
split_feature=13 6 9 5 3 2 7
split_gain=0.886223 0.927574 0.52842 0.70147 0.82983 0.4775 0.904666
threshold=17.695000648498539 1.367492696337141 -0.14376293155326239 0.014870512994450337 0.00050864949745177423 0.025253786527628223 0.0246387777497773
decision_type=2 2 10 2 2 2 2
left_child=-1 2 3 -2 -5 -4 -7
right_child=1 -3 5 4 -6 6 -8
leaf_value=7.5117663708532882e-05 -0.00037874764720169244 -0.0010463529943638369 0.00025822820265677661 0.00021161868726304024 -0.00042571468080380704 -0.00028045505827783783 0.00010829029438950592
leaf_weight=465 27 32 95 34 25 25 34
leaf_count=465 27 32 95 34 25 25 34
internal_value=0.00120081 -0.00106618 1.86265e-10 -0.00313953 -8.47456e-05 0.00175325 -0.00177966
internal_weight=737 272 240 86 59 154 59
internal_count=737 272 240 86 59 154 59
is_linear=0
shrinkage=0.05


Tree=27
num_leaves=8
num_cat=0
split_feature=9 13 2 14 2 14 16
split_gain=0.740475 0.443072 0.519442 0.39808 0.371095 0.333834 0.410256
threshold=-0.15976127154492129 17.289999961853031 -0.021745785551495807 0.13092898697672287 -0.063238633180757717 -0.039477048520880569 -0.0068951990121273168
decision_type=10 2 2 2 2 2 2
left_child=1 5 4 -2 -3 -1 -7
right_child=3 2 -4 -5 -6 6 -8
leaf_value=-0.00029625665433159233 8.1459735755283285e-05 -0.00018800994301307401 -0.00032285977695199189 -0.00018968013469144594 0.00010194179470519642 -0.00015665926116997472 0.00016375710308143634
leaf_weight=28 519 42 27 29 26 26 52
leaf_count=28 519 42 27 29 26 26 52
internal_value=0.00112817 -0.00146766 -0.00394737 0.00208029 -0.00161765 0.000754717 0.0024359
internal_weight=749 201 95 548 68 106 78
internal_count=749 201 95 548 68 106 78
is_linear=0
shrinkage=0.05


Tree=28
num_leaves=8
num_cat=0
split_feature=16 5 12 15 2 6 2
split_gain=0.689712 1.50951 0.484965 0.502564 0.564664 0.481807 0.799981
threshold=0.0069916964837620785 0.020911124350598657 0.060339670934961183 -0.018665541071911592 -0.026013925845489724 0.12808495469050388 -0.073083881508773305
decision_type=2 2 2 2 2 2 2
left_child=2 -2 3 -1 5 6 -5
right_child=1 -3 -4 4 -6 -7 -8
leaf_value=-0.00023166844302177772 0.00012957340196700475 -0.00033413700085994951 -0.00022859914794132806 1.4365908370714377e-05 4.5703917449798084e-05 0.00011854754346893389 -0.00031875796947372409
leaf_weight=26 292 25 31 58 211 66 55
leaf_count=26 292 25 31 58 211 66 55
internal_value=0.00100785 0.0027918 -0.000257271 0.000192308 0.000641026 -0.00142458 -0.00340708
internal_weight=764 317 447 416 390 179 113
internal_count=764 317 447 416 390 179 113
is_linear=0
shrinkage=0.05


Tree=29
num_leaves=8
num_cat=0
split_feature=6 9 14 1 13 1 6
split_gain=0.819097 0.643942 0.545805 0.667649 0.735643 0.420708 0.632787
threshold=1.6122184066856164 0.0036374406346225689 0.13092898697672287 0.040253201765583564 15.375000000000002 0.0051225255771911735 -0.71117339414155345
decision_type=2 10 2 2 2 2 2
left_child=2 -2 3 5 -5 6 -1
right_child=1 -3 -4 4 -6 -7 -8
leaf_value=-0.00016898112464701012 -0.000753246900965382 2.0912998223673147e-05 -0.0001514552674508168 -0.00021238933549705023 5.3203325980011686e-05 0.00012263753405496568 4.5934136181090518e-05
leaf_weight=69 31 26 30 29 43 251 253
leaf_count=69 31 26 30 29 43 251 253
internal_value=0.00110656 -0.00464912 0.00159259 0.00189922 -0.00263889 0.00246946 0.00127329
internal_weight=732 57 675 645 72 573 322
internal_count=732 57 675 645 72 573 322
is_linear=0
shrinkage=0.05


Tree=30
num_leaves=8
num_cat=0
split_feature=0 9 8 0 2 12 3
split_gain=0.674161 0.697971 0.41095 0.816148 0.504933 0.373946 0.355138
threshold=-0.030437204367039391 -0.15976127154492129 -0.086917813737207347 0.0052690130996073678 -0.010628103620577754 -0.0052152181904612785 -0.008225773405435453
decision_type=2 10 8 2 2 2 2
left_child=-1 2 -2 5 -5 -4 -3
right_child=1 6 3 4 -6 -7 -8
leaf_value=-0.00041829372459663424 -0.00020201838474417845 -2.4621377363576931e-05 -0.00021844116584768472 -2.4863645543602212e-05 -0.00036716078913380344 0.00014923076221679744 8.8957454239052929e-05
leaf_weight=25 30 42 29 35 27 61 489
leaf_count=25 30 42 29 35 27 61 489
internal_value=0.00107046 0.00135344 -0.00131868 -0.000263158 -0.00467742 0.00277778 0.0022693
internal_weight=738 713 182 152 62 90 531
internal_count=738 713 182 152 62 90 531
is_linear=0
shrinkage=0.05


Tree=31
num_leaves=8
num_cat=0
split_feature=7 12 0 2 1 9 1
split_gain=0.81667 0.989781 0.850438 0.837497 0.541659 0.478923 0.375165
threshold=-0.01107041319780999 -0.043864369041982591 -0.0065221079629525494 -0.052413832052967506 -0.020862102842524041 -0.031098801062531042 0.040253201765583564
decision_type=2 2 2 2 2 10 2
left_child=1 -1 -3 5 -5 -4 -2
right_child=6 2 3 4 -6 -7 -8
leaf_value=-0.0003850256534158582 7.1104621576920769e-05 0.0001304134700830976 0.00017406729637752951 -7.5500125286981858e-05 -0.0013048774142626748 -0.00017674372397249153 -1.7143756766960917e-05
leaf_weight=31 373 112 64 26 25 30 77
leaf_count=31 373 112 64 26 25 30 77
internal_value=0.00100271 -0.00107639 -5.83656e-05 -0.00258621 -0.0077451 0.000212766 0.00233333
internal_weight=738 288 257 145 51 94 450
internal_count=738 288 257 145 51 94 450
is_linear=0
shrinkage=0.05


Tree=32
num_leaves=8
num_cat=0
split_feature=9 3 4 13 3 12 0
split_gain=0.910068 0.584175 0.715663 0.777432 0.770118 0.479665 1.15097
threshold=-0.15976127154492129 -0.00129314405123071 0.02573805824803713 17.494999885559086 -0.0027228913931104932 -0.0041728615781457248 0.0041075021689824806
decision_type=10 2 2 2 2 2 2
left_child=5 2 3 4 -2 -1 -7
right_child=1 -3 -4 -5 -6 6 -8
leaf_value=-0.00023019079025049695 0.00016810944239319654 0.00013475103340323313 0.00021322913307316021 -0.00060769271625451735 -0.00016352803905231317 0.00013376399966782686 -0.00026347794576126891
leaf_weight=74 83 329 54 51 32 78 50
leaf_count=74 83 329 54 51 32 78 50
internal_value=0.000938749 0.00199454 1.86265e-10 -0.00162651 0.000652174 -0.00193069 -7.81248e-05
internal_weight=751 549 220 166 115 202 128
internal_count=751 549 220 166 115 202 128
is_linear=0
shrinkage=0.05


Tree=33
num_leaves=8
num_cat=0
split_feature=3 8 8 12 8 4 4
split_gain=0.95084 0.647457 0.505709 0.357485 0.34125 0.39082 0.696677
threshold=-0.0089604236343366877 0.022557696218932225 0.0038382276794576291 0.060339670934961183 -0.10099882219408556 0.026015050370106572 0.021741066904010332
decision_type=2 10 8 2 8 2 2
left_child=2 3 -1 4 -2 6 -6
right_child=1 -3 -4 -5 5 -7 -8
leaf_value=-0.00046664339521713152 -0.00023751850604177973 7.4765812345856699e-05 3.3106141108942847e-05 -0.0002963856803654237 5.6074640883135073e-05 0.00012745348792228041 -0.0002417323384864998
leaf_weight=26 25 256 33 30 144 122 112
leaf_count=26 25 256 33 30 144 122 112
internal_value=0.00092246 0.00144412 -0.00516949 0.000265589 0.000657568 0.00103175 -7.81248e-05
internal_weight=748 689 59 433 403 378 256
internal_count=748 689 59 433 403 378 256
is_linear=0
shrinkage=0.05


Tree=34
num_leaves=8
num_cat=0
split_feature=8 12 1 14 16 1 6
split_gain=0.70366 0.740896 0.483503 0.818467 0.452005 0.614251 0.602495
threshold=-0.017985529493270199 0.052412040834153968 0.038935589493931062 -0.001390218635627771 -0.0068951990121273168 -0.021596294324979944 -0.15008991592379187
decision_type=10 2 2 2 2 2 2
left_child=1 -1 4 -4 5 -2 -7
right_child=2 -3 3 -5 -6 6 -8
leaf_value=-1.0375125809030995e-06 0.00012758477844916903 -0.00028966891936271251 -0.00027844242761924297 0.00028536362871269054 0.00012596243013975752 -0.00024881147803701496 0.00024673158278507539
leaf_weight=307 45 25 41 29 236 32 34
leaf_count=307 45 25 41 29 236 32 34
internal_value=0.00099466 -0.000722891 0.00236211 -0.00142857 0.0031268 0.000495496 -0.00257576
internal_weight=749 332 417 70 347 111 66
internal_count=749 332 417 70 347 111 66
is_linear=0
shrinkage=0.05


Tree=35
num_leaves=8
num_cat=0
split_feature=8 12 3 4 3 12 0
split_gain=0.711458 0.937823 0.44875 1.44831 1.04897 0.971824 0.576271
threshold=0.022557696218932225 0.060339670934961183 -0.0014946587419252253 0.02573805824803713 -0.0030214028311358883 -0.0033130275344189215 -0.0056069470589043538
decision_type=10 2 2 2 2 2 2
left_child=1 2 3 4 5 -1 -7
right_child=-2 -3 -4 -5 -6 6 -8
leaf_value=-0.00030011308847274309 7.7584109236640493e-05 -0.00027032395958524096 5.3648278437872292e-05 8.6310941454317911e-05 -0.0010114465873317931 0.00030341548501611925 -0.00052389158089665246
leaf_weight=25 272 28 258 85 26 34 25
leaf_count=25 272 28 258 85 26 34 25
internal_value=0.000750332 -0.000405405 0.000143488 -0.00166667 -0.00545455 -0.00273809 0.000762712
internal_weight=753 481 453 195 110 84 59
internal_count=753 481 453 195 110 84 59
is_linear=0
shrinkage=0.05


Tree=36
num_leaves=8
num_cat=0
split_feature=7 1 0 8 6 3 11
split_gain=0.604873 0.931466 0.930426 0.965996 0.553409 0.543343 0.354286
threshold=-0.013627231614641853 -0.031238802319010991 -0.0065221079629525494 -0.05029864924281529 1.0355717878689146 1.0000000180025095e-35 -0.0058457898138861699
decision_type=2 2 2 8 2 2 2
left_child=1 -1 6 -4 -2 -6 -3
right_child=4 2 3 -5 5 -7 -8
leaf_value=0.00011472115566324837 6.3559396450328315e-05 -0.0002628362540275869 -8.4468221731679247e-05 -0.00043560406715804846 -7.413129499090605e-05 2.9659838423133419e-05 0.00039219680472062421
leaf_weight=127 417 25 57 32 28 33 31
leaf_count=127 417 25 57 32 28 33 31
internal_value=0.001 -0.000882353 -0.00362069 -0.00679775 0.00207113 -0.00237705 0.00142857
internal_weight=750 272 145 89 478 61 56
internal_count=750 272 145 89 478 61 56
is_linear=0
shrinkage=0.05


Tree=37
num_leaves=8
num_cat=0
split_feature=8 12 3 4 15 7 7
split_gain=0.635512 0.772318 0.450066 0.509601 1.08139 0.492766 0.534729
threshold=0.022557696218932225 0.061412556981192197 0.0014171421559789901 0.02573805824803713 0.0045235945889920979 -0.040402125095711498 -0.061342620255976747
decision_type=10 2 2 2 2 2 2
left_child=1 2 3 4 -1 6 -5
right_child=-2 -3 -4 5 -6 -7 -8
leaf_value=-1.6764639182423746e-05 5.0648498818057017e-05 -0.00022986280766484364 4.9087662222376937e-05 0.00019821153578778187 -0.00046917361840279157 0.0001150559956967447 -0.00021035797817300068
leaf_weight=128 286 26 173 27 36 57 25
leaf_count=128 286 26 173 27 36 57 25
internal_value=0.00104222 -8.47456e-05 0.000403588 -0.000860806 -0.00262195 0.00178899 -0.00173077
internal_weight=758 472 446 273 164 109 52
internal_count=758 472 446 273 164 109 52
is_linear=0
shrinkage=0.05


Tree=38
num_leaves=8
num_cat=0
split_feature=7 7 0 1 1 3 1
split_gain=0.7371 0.547303 0.793072 0.671394 0.58188 0.513167 0.472248
threshold=-0.01107041319780999 -0.029646998541106414 -0.0065221079629525494 -0.013477669794752621 -0.010072972476054763 -0.010071042330984102 0.040253201765583564
decision_type=2 2 2 2 2 2 2
left_child=1 4 -3 -4 -1 -2 -7
right_child=5 2 3 -5 -6 6 -8
leaf_value=0.00010411005313687004 -0.00027616764057065431 9.3670122485337847e-05 -0.0008520950241049255 -3.7773200573335683e-05 -0.0001341847040132334 7.0795933510090235e-05 -2.3114723437333103e-05
leaf_weight=148 26 41 27 32 34 365 75
leaf_count=148 26 41 27 32 34 365 75
internal_value=0.000989305 -0.00102837 -0.004 -0.00771186 0.000604396 0.0022103 0.00261364
internal_weight=748 282 100 59 182 466 440
internal_count=748 282 100 59 182 466 440
is_linear=0
shrinkage=0.05


Tree=39
num_leaves=8
num_cat=0
split_feature=3 6 2 2 12 12 9
split_gain=0.66211 0.475517 0.440582 0.629031 0.601272 0.436016 0.524483
threshold=-0.011808248872224534 1.6122184066856164 0.09394067551499731 0.080831679181008767 0.060339670934961183 -0.0052152181904612785 0.196129035232287
decision_type=2 2 2 2 2 2 8
left_child=-1 2 3 4 5 6 -2
right_child=1 -3 -4 -5 -6 -7 -8
leaf_value=-3.9466788697471832e-05 2.0088260507197917e-05 -3.9304451931331268e-05 0.00021218488412896188 -0.00016942227866728154 -0.00020060263689016908 4.6493642622311711e-05 -0.0001218341042043869
leaf_weight=31 100 54 81 26 28 372 45
leaf_count=31 100 54 81 26 28 372 45
internal_value=0.000861601 0.00117564 0.00154908 0.00105954 0.00142202 0.00180851 -0.000517241
internal_weight=737 706 652 571 545 517 145
internal_count=737 706 652 571 545 517 145
is_linear=0
shrinkage=0.05


Tree=40
num_leaves=8
num_cat=0
split_feature=14 6 10 8 12 1 11
split_gain=0.507524 0.507717 0.88053 0.373784 0.490167 0.36089 0.35
threshold=0.11108526702174228 1.6122184066856164 0.00063381300570131149 0.044069380818793975 0.048152428754814187 0.041798304720182207 0.020527349767636042
decision_type=2 2 2 8 2 2 2
left_child=1 3 -3 4 5 -1 -5
right_child=-2 2 -4 6 -6 -7 -8
leaf_value=3.9250023068283752e-05 -3.744794051424176e-05 -0.00078029661093870261 0.00025578475169784866 0.00010238984521279648 -9.7229947211946018e-05 -0.00018572714128939523 -3.4545341484689452e-05
leaf_weight=367 50 27 26 180 43 27 30
leaf_count=367 50 27 26 180 43 27 30
internal_value=0.000866667 0.00121429 -0.00349057 0.00159969 0.000766591 0.0013198 0.00333333
internal_weight=750 700 53 647 437 394 210
internal_count=750 700 53 647 437 394 210
is_linear=0
shrinkage=0.05


Tree=41
num_leaves=8
num_cat=0
split_feature=13 1 5 5 11 9 3
split_gain=0.606191 1.06974 0.759261 1.0904 0.864682 1.00963 0.501525
threshold=17.250000000000004 0.04439935873931123 0.014870512994450337 0.014141413607830769 -0.011693730673341061 0.031496915426500578 -0.0084166808248238838
decision_type=2 2 2 2 2 8 2
left_child=1 6 3 4 -2 -6 -1
right_child=2 -3 -4 -5 5 -7 -8
leaf_value=-1.3236696286098772e-05 0.0004466313847080669 -0.00018202192209506197 3.93866655601916e-05 -0.00030907135067794871 2.7099498170171374e-05 -0.00036077860381407851 9.7051827323493258e-05
leaf_weight=30 45 36 180 25 39 25 372
leaf_count=30 45 36 180 25 39 25 372
internal_value=0.000944149 0.00214612 -0.000732484 -0.00358209 -0.00142202 -0.00515625 0.00288557
internal_weight=752 438 314 134 109 64 402
internal_count=752 438 314 134 109 64 402
is_linear=0
shrinkage=0.05


Tree=42
num_leaves=8
num_cat=0
split_feature=3 7 6 15 9 4 13
split_gain=0.779703 0.48986 0.732906 0.459434 0.949329 0.735314 1.10509
threshold=-0.0014946587419252253 -0.02162591879786185 -0.28785526414912849 -0.0034827100471859769 0.20230543374030655 0.02101152472912934 15.355000019073488
decision_type=2 2 2 2 8 2 2
left_child=3 2 -2 -1 5 6 -5
right_child=1 -3 -4 4 -6 -7 -8
leaf_value=1.1422628998932411e-05 -0.00014727069476356495 5.3157178401674231e-05 8.7649350071134435e-05 0.00019325004623047611 -0.00020082652028401791 0.00015483494851935447 -0.00049869263646389603
leaf_weight=153 48 320 78 25 41 57 31
leaf_count=153 48 320 78 25 41 57 31
internal_value=0.000750332 0.0020852 -0.000555555 -0.00118892 -0.00311688 -0.000752212 -0.00482143
internal_weight=753 446 126 307 154 113 56
internal_count=753 446 126 307 154 113 56
is_linear=0
shrinkage=0.05


Tree=43
num_leaves=8
num_cat=0
split_feature=3 10 9 6 6 0 9
split_gain=0.805169 0.568889 0.507522 0.394383 0.592513 0.384088 0.32872
threshold=-0.008225773405435453 -0.0072745157566194698 -0.15708350623843428 0.13818708117232772 -0.24987226422389258 0.0089007010933670489 -0.06785069631592576
decision_type=2 2 10 2 2 2 10
left_child=1 -1 3 4 5 -2 -4
right_child=2 -3 6 -5 -6 -7 -8
leaf_value=7.571492204188978e-05 3.3860742555163223e-05 -0.00039980883606099521 0.00018054359732791914 8.092126920815305e-05 -0.00020032850982209675 -0.0001873281788056216 2.9083435818207497e-05
leaf_weight=30 58 45 111 52 36 25 389
leaf_count=30 58 45 111 52 36 25 389
internal_value=0.00124665 -0.00366667 0.00179583 -0.000555555 -0.00214286 0.000180723 0.0026
internal_weight=746 75 671 171 119 83 500
internal_count=746 75 671 171 119 83 500
is_linear=0
shrinkage=0.05


Tree=44
num_leaves=8
num_cat=0
split_feature=14 11 11 12 16 1 7
split_gain=0.453789 0.491463 0.893471 0.699341 0.382862 0.463271 0.918929
threshold=0.15436855290822041 0.018680357320368105 0.030023706466371539 0.031326678595768549 0.0068412010286609268 -0.021596294324979944 -0.01107041319780999
decision_type=2 2 2 2 2 2 2
left_child=1 4 3 -3 5 -1 -7
right_child=-2 2 -4 -5 -6 6 -8
leaf_value=0.00010713136625643588 -0.00018992032701676729 3.0940770213824596e-05 9.6416977187327834e-05 -0.00030050679050889735 0.00015063794517199974 -0.00020597766658958234 2.6858780048413682e-05
leaf_weight=152 25 37 55 45 201 66 159
leaf_count=152 25 37 55 45 201 66 159
internal_value=0.00162162 0.00185315 -0.000839416 -0.00414634 0.00249135 0.00155172 0.000111111
internal_weight=740 715 137 82 578 377 225
internal_count=740 715 137 82 578 377 225
is_linear=0
shrinkage=0.05


Tree=45
num_leaves=8
num_cat=0
split_feature=2 10 0 15 2 14 1
split_gain=0.530853 0.555008 0.438747 0.552051 1.15815 0.421017 0.403853
threshold=-0.051043255261122848 0.0081956956278671517 -0.022580272468527004 -1.0000000180025095e-35 -0.082770550100615223 0.13092898697672287 0.040253201765583564
decision_type=2 2 2 2 2 2 2
left_child=1 2 -1 -4 -5 6 -2
right_child=5 -3 3 4 -6 -7 -8
leaf_value=-0.00042771256865667992 3.7196237352379214e-05 0.00018435844605684996 2.8288806442720058e-05 0.00036202480141552608 -0.00019826590445159347 -0.00027384225960578392 -3.624843632787045e-05
leaf_weight=26 450 29 89 25 34 26 67
leaf_count=26 450 29 89 25 34 26 67
internal_value=0.00077748 -0.00140394 -0.00247126 -0.00141892 -0.00516949 0.001593 0.00190522
internal_weight=746 203 174 148 59 543 517
internal_count=746 203 174 148 59 543 517
is_linear=0
shrinkage=0.05


Tree=46
num_leaves=8
num_cat=0
split_feature=8 12 10 7 2 3 14
split_gain=0.625147 0.683739 0.630778 0.57489 0.426136 0.355263 0.497332
threshold=0.022947077095720084 0.060339670934961183 0.0042053175774743332 0.018576351329309463 -0.0041071277856417612 0.0019005635950291035 -0.015515001009757
decision_type=10 2 2 2 2 2 2
left_child=1 2 3 4 5 6 -1
right_child=-2 -3 -4 -5 -6 -7 -8
leaf_value=-0.00016726592518340145 4.4803596969485412e-05 -0.00018926602453469266 0.00013274412968898998 -0.00016784628019150331 0.00012773297562144223 3.9733931120215233e-05 -1.0792333820395062e-05
leaf_weight=30 275 33 149 27 48 64 122
leaf_count=30 275 33 149 27 48 64 122
internal_value=0.00092246 -0.000179704 0.000340909 -0.00101375 -0.00030303 -0.00125 -0.00256579
internal_weight=748 473 440 291 264 216 152
internal_count=748 473 440 291 264 216 152
is_linear=0
shrinkage=0.05


Tree=47
num_leaves=8
num_cat=0
split_feature=7 12 16 6 12 3 8
split_gain=0.384892 0.513819 0.427175 0.487619 0.359153 0.302328 0.461789
threshold=0.0014909282124775383 0.050491890140625724 0.030013021656405296 -0.28925254188011079 -0.018266339653744853 0.0019005635950291035 0.01520064608021532
decision_type=2 2 2 2 2 2 10
left_child=1 5 4 -4 -2 6 -1
right_child=2 -3 3 -5 -6 -7 -8
leaf_value=4.217734604542506e-06 -3.4933389860106647e-05 -0.00023833897470665734 5.3917942645299023e-05 -3.4979444295725602e-05 8.8462400408790835e-05 6.8043284139472055e-05 -8.7840086845748054e-05
leaf_weight=208 26 25 35 25 289 106 25
leaf_count=208 26 25 35 25 289 106 25
internal_value=0.00107578 -8.24174e-05 0.0022 -0.00166667 0.00293651 0.000427729 -0.000579399
internal_weight=739 364 375 60 315 339 233
internal_count=739 364 375 60 315 339 233
is_linear=0
shrinkage=0.05


Tree=48
num_leaves=8
num_cat=0
split_feature=7 1 14 8 9 16 3
split_gain=0.464171 0.706843 0.714879 0.705436 0.747623 0.6075 0.358892
threshold=-0.01107041319780999 -0.031238802319010991 -0.048319541899194234 -0.017985529493270199 -0.031098801062531042 0.0013007184472512148 -0.001804096262105259
decision_type=2 2 2 8 10 2 2
left_child=1 -1 -3 4 5 -4 -2
right_child=6 2 3 -5 -6 -7 -8
leaf_value=6.3389408433065037e-05 2.2123294462648472e-06 -0.00027965842940389055 -0.00014724481884457853 7.5269181149432952e-05 -0.00080406015126333226 0.00015022332801845441 5.8534465696368301e-05
leaf_weight=125 149 27 50 37 26 30 296
leaf_count=125 149 27 50 37 26 30 296
internal_value=0.00128378 -0.000254237 -0.00235294 -0.000944056 -0.00301887 -0.000625 0.00230337
internal_weight=740 295 170 143 106 80 445
internal_count=740 295 170 143 106 80 445
is_linear=0
shrinkage=0.05


Tree=49
num_leaves=8
num_cat=0
split_feature=11 4 11 8 1 1 11
split_gain=0.438509 1.24987 0.941694 0.552297 0.460897 0.528152 0.630559
threshold=0.018680357320368105 0.029253104209282083 0.023858934510878397 0.043356759429344478 -0.030429397605383209 0.0051225255771911735 -0.0093898392090148147
decision_type=2 2 2 8 2 2 2
left_child=3 2 -2 4 -1 6 -6
right_child=1 -3 -4 -5 5 -7 -8
leaf_value=7.0939346745259817e-05 -0.00010759338168318354 -0.0003460847732363393 0.00012422709908547683 6.8030157841377824e-05 0.00013461872850110553 2.8181132179735087e-05 -9.8998773443835335e-05
leaf_weight=124 38 28 69 192 41 133 108
leaf_count=124 38 28 69 192 41 133 108
internal_value=0.000907231 -0.00166667 0.000794393 0.00148829 0.00044335 -0.000673759 -0.00271812
internal_weight=733 135 107 598 406 282 149
internal_count=733 135 107 598 406 282 149
is_linear=0
shrinkage=0.05


Tree=50
num_leaves=8
num_cat=0
split_feature=9 11 4 8 13 5 9
split_gain=0.575407 0.497219 0.708159 1.15418 0.362748 0.617753 0.590137
threshold=-0.15976127154492129 0.01723808414084094 0.026107275250447436 -0.05029864924281529 17.250000000000004 0.015812017527724539 0.03703925166282674
decision_type=10 2 2 10 2 2 10
left_child=1 2 3 -1 -2 6 -6
right_child=4 -3 -4 -5 5 -7 -8
leaf_value=-0.00016129118503108302 7.6058151775625213e-05 -0.00016830740222553776 5.7725274004096654e-05 5.237062576451112e-05 3.6688337422023717e-05 0.00015291994672968453 -0.00023281770894852799
leaf_weight=26 337 34 99 32 89 80 43
leaf_count=26 337 34 99 32 89 80 43
internal_value=0.00108108 -0.00128272 -9.55412e-05 -0.00448276 0.00190346 0.000283019 -0.00181818
internal_weight=740 191 157 58 549 212 132
internal_count=740 191 157 58 549 212 132
is_linear=0
shrinkage=0.05


Tree=51
num_leaves=8
num_cat=0
split_feature=3 0 7 6 9 4 5
split_gain=0.421342 0.946717 0.462216 0.414536 0.546889 1.27732 0.737881
threshold=-0.0056325666126833531 -0.0065221079629525494 -0.014930211682437964 0.12808495469050388 0.068334439709426667 0.026422623800618616 0.017252541234499378
decision_type=2 2 2 2 8 2 2
left_child=1 -1 3 4 6 -6 -2
right_child=2 -3 -4 -5 5 -7 -8
leaf_value=7.0558171139322356e-05 7.57238812029513e-05 -0.00035655361916813751 4.5111022990458518e-05 8.2442818529213045e-05 -0.00044590997978745481 0.00023568782134735129 -4.5438967062966647e-05
leaf_weight=82 58 48 422 74 26 27 25
leaf_count=82 58 48 422 74 26 27 25
internal_value=0.000669292 -0.00192308 0.00120253 -0.000714286 -0.00235294 -0.00632075 0.000180723
internal_weight=762 130 632 210 136 53 83
internal_count=762 130 632 210 136 53 83
is_linear=0
shrinkage=0.05


Tree=52
num_leaves=8
num_cat=0
split_feature=14 14 5 5 12 0 1
split_gain=0.426006 0.831587 0.591762 0.686442 0.586859 0.577712 0.529377
threshold=-0.067583665573298909 -0.054805799949304061 0.012445411211397682 0.013217594435857344 0.024727587984372471 -0.029325091472032768 -0.020553612690232256
decision_type=2 2 2 2 2 2 2
left_child=-1 -2 -3 4 -4 -5 -7
right_child=1 2 3 5 -6 6 -8
leaf_value=0.00013040803278716601 -0.00022141308797683995 8.0265018169882582e-05 -0.00012595625604289716 -0.00035942025831053333 1.4911495716091975e-05 0.0001829695849704476 9.3195518079383523e-07
leaf_weight=94 38 158 35 26 31 92 274
leaf_count=94 38 158 35 26 31 92 274
internal_value=0.00078877 0.000336392 0.000779221 -0.000131004 -0.00484848 0.000663265 0.00117486
internal_weight=748 654 616 458 66 392 366
internal_count=748 654 616 458 66 392 366
is_linear=0
shrinkage=0.05


Tree=53
num_leaves=8
num_cat=0
split_feature=1 1 4 5 2 11 6
split_gain=0.675884 0.971465 0.527009 1.12854 0.692308 0.498484 0.468256
threshold=-0.0022287848173892506 -0.0053246129820026513 0.022499246363182984 0.012536055014634836 -0.032303035633819692 0.014319949991421945 1.0355717878689146
decision_type=2 2 2 2 2 2 2
left_child=1 2 3 -1 -5 -4 -2
right_child=6 -3 5 4 -6 -7 -8
leaf_value=5.5828170454678334e-05 3.1662586968840418e-05 -0.00020670074663310591 7.0705550522384998e-05 -3.1547524826944404e-05 -0.00017731459711346322 -9.2888891341700924e-05 -1.0551364113548468e-05
leaf_weight=68 353 26 158 26 26 32 54
leaf_count=68 353 26 158 26 26 32 54
internal_value=0.000558547 -0.00110119 -0.00032258 -0.00291667 -0.00846154 0.00131579 0.00192875
internal_weight=743 336 310 120 52 190 407
internal_count=743 336 310 120 52 190 407
is_linear=0
shrinkage=0.05


Tree=54
num_leaves=8
num_cat=0
split_feature=6 14 12 9 10 15 11
split_gain=0.49418 0.576349 0.448506 0.61164 0.867857 0.515841 0.484611
threshold=1.6122184066856164 -0.01013918808565367 -0.0052152181904612785 0.196129035232287 -0.00038722571471944128 -0.011247736462183354 0.017027249014991756
decision_type=2 2 2 8 2 2 2
left_child=2 -2 3 5 -5 -1 -4
right_child=1 -3 6 4 -6 -7 -8
leaf_value=-0.00015404252427460657 4.7354965713470245e-05 -0.0009330049644047238 5.9014674862580791e-05 1.6049828245244102e-05 -0.00019416153565186175 4.0321607900234961e-05 -9.2862802407909973e-06
leaf_weight=25 29 30 398 28 32 83 122
leaf_count=25 29 30 398 28 32 83 122
internal_value=0.000917002 -0.00347458 0.0012936 -0.000952381 -0.005 0.0012963 0.00201923
internal_weight=747 59 688 168 60 108 520
internal_count=747 59 688 168 60 108 520
is_linear=0
shrinkage=0.05


Tree=55
num_leaves=8
num_cat=0
split_feature=3 2 2 12 2 2 2
split_gain=0.524558 0.342134 0.516474 0.409203 0.4115 0.380999 0.369721
threshold=-0.013260941864278506 0.10299143040568672 0.068764180878385109 0.060339670934961183 0.018013571092171946 0.084191200373021316 0.0079877372199772551
decision_type=2 2 2 2 2 2 2
left_child=-1 2 3 4 6 -4 -2
right_child=1 -3 5 -5 -6 -7 -8
leaf_value=-0.00032122489815417256 1.7250086962516133e-05 6.074695704797893e-05 -0.00011319989689732667 -0.00015354936559982413 0.00011392459288229625 4.6480300860608893e-06 -7.2962534662308768e-05
leaf_weight=28 371 79 27 33 162 31 32
leaf_count=28 371 79 27 33 162 31 32
internal_value=0.00100262 0.0012585 0.000884147 0.00132107 0.00163717 -0.00362069 0.000781638
internal_weight=763 735 656 598 565 58 403
internal_count=763 735 656 598 565 58 403
is_linear=0
shrinkage=0.05


Tree=56
num_leaves=8
num_cat=0
split_feature=2 7 5 8 3 9 10
split_gain=0.448288 0.926474 0.426023 0.449461 0.647818 0.685831 0.654606
threshold=0.10299143040568672 0.051825355207797748 0.015638681628180003 0.033694501295284625 0.0014171421559789901 0.03703925166282674 -0.0069332481569183138
decision_type=2 2 2 8 2 8 2
left_child=1 2 3 4 6 -6 -1
right_child=-2 -3 -4 -5 5 -7 -8
leaf_value=8.2985608707161166e-05 0.00013120040831117295 -0.00026614799270468988 3.8370178716280544e-05 4.653353423527052e-05 7.5713775762115555e-05 -0.00011605490533755891 -0.00010171659584800941
leaf_weight=31 81 25 212 142 65 43 140
leaf_count=31 81 25 212 142 65 43 140
internal_value=0.000872801 0.00044073 0.000813586 -0.000106888 -0.0012724 0.00175926 -0.00318713
internal_weight=739 658 633 421 279 108 171
internal_count=739 658 633 421 279 108 171
is_linear=0
shrinkage=0.05


Tree=57
num_leaves=8
num_cat=0
split_feature=1 13 13 4 9 3 15
split_gain=0.481153 0.896412 0.564331 0.579726 0.850134 0.709005 0.597897
threshold=0.041798304720182207 15.025000095367433 17.494999885559086 0.02471285561903112 0.03449323704904262 -0.0022411372344595111 -0.011600247746665125
decision_type=2 2 2 2 8 2 2
left_child=2 -2 -1 4 5 -4 -5
right_child=1 -3 3 6 -6 -7 -8
leaf_value=2.8817990563287379e-05 -0.00019175482654101156 5.1424736211725834e-05 -0.00031378766451078434 -0.00016396633253920674 -0.00022059520782853563 6.7955199454096328e-05 6.2171692428603494e-05
leaf_weight=414 26 42 27 34 50 49 93
leaf_count=414 26 42 27 34 50 49 93
internal_value=0.000918368 -0.00308824 0.00132684 -0.000533597 -0.00293651 0.000394737 0.00185039
internal_weight=735 68 667 253 126 76 127
internal_count=735 68 667 253 126 76 127
is_linear=0
shrinkage=0.05


Tree=58
num_leaves=8
num_cat=0
split_feature=6 5 4 11 5 15 6
split_gain=0.363105 1.1193 0.431425 0.423253 0.311565 0.306355 0.471735
threshold=0.9764489495637958 0.013092379685726374 0.029576522846690097 0.015830592814055747 0.020365400554038522 0.0081031378711248232 -0.54979043515325643
decision_type=2 2 2 2 2 2 2
left_child=2 -2 5 4 -4 -1 -7
right_child=1 -3 3 -5 -6 6 -8
leaf_value=3.0522337456470133e-05 -6.8923044199959614e-05 1.3900057387159732e-05 -2.7729575667002027e-06 -0.00022575168752285467 0.00020617019668375659 0.00021026216504726436 -3.357546704924323e-05
leaf_weight=447 26 85 34 25 25 32 76
leaf_count=447 26 85 34 25 25 32 76
internal_value=0.00133333 -0.00130631 0.00179186 -0.00154762 0.000762712 0.0022973 -9.25924e-05
internal_weight=750 111 639 84 59 555 108
internal_count=750 111 639 84 59 555 108
is_linear=0
shrinkage=0.05


Tree=59
num_leaves=8
num_cat=0
split_feature=7 15 15 8 16 0 3
split_gain=0.422642 0.347282 0.465349 0.779135 0.376448 0.299188 0.502127
threshold=-0.020299702618083445 -0.011600247746665125 -0.0022196556372366945 -0.057923022153718688 -0.0015681318354850424 -0.0036903619859373067 -0.0012327796478804884
decision_type=2 2 2 10 2 2 2
left_child=1 -1 -3 4 -4 -2 -7
right_child=5 2 3 -5 -6 6 -8
leaf_value=-0.0003428923117531363 4.695995483661814e-05 5.6483284176081465e-05 0.00012634602482209325 -0.00023027049416810171 -1.7068304467086786e-05 -1.0595265708331364e-05 2.8913819516807527e-05
leaf_weight=42 174 73 39 42 35 107 246
leaf_count=42 174 73 39 42 35 107 246
internal_value=0.00137203 -0.000411255 0.000502646 -0.00146552 0.00162162 0.0021537 0.00131728
internal_weight=758 231 189 116 74 527 353
internal_count=758 231 189 116 74 527 353
is_linear=0
shrinkage=0.05


Tree=60
num_leaves=8
num_cat=0
split_feature=2 8 0 3 1 3 1
split_gain=0.433408 0.648556 0.356467 0.302822 0.77093 0.993624 0.327051
threshold=0.09394067551499731 0.08367727726052844 -0.030437204367039391 -0.0014946587419252253 -0.0017344437858494153 -0.0031502735806663291 0.040253201765583564
decision_type=2 10 2 2 2 2 2
left_child=1 2 -1 4 5 -4 -5
right_child=-2 -3 3 6 -6 -7 -8
leaf_value=-0.00020111116890574504 4.8049744961689342e-05 -4.5734420022493727e-05 9.9957053153522299e-06 3.9503331691246712e-05 1.9522945979090519e-05 -0.00021342144658604924 -1.4513497893944133e-05
leaf_weight=26 91 31 98 319 110 44 34
leaf_count=26 91 31 98 319 110 44 34
internal_value=0.00121514 0.000770393 0.00111727 0.00136364 3.96827e-05 -0.00239437 0.00230878
internal_weight=753 662 631 605 252 142 353
internal_count=753 662 631 605 252 142 353
is_linear=0
shrinkage=0.05


Tree=61
num_leaves=8
num_cat=0
split_feature=9 16 8 1 5 14 12
split_gain=0.520718 0.80258 0.784026 0.437607 1.13077 0.332308 0.235597
threshold=0.047314931052420246 0.030013021656405296 0.0079799114460928928 -0.028661666889871092 0.015654911671419528 -0.010794703163862494 -0.019977139710358579
decision_type=8 2 8 2 2 2 2
left_child=6 2 3 5 -5 -2 -1
right_child=1 -3 -4 4 -6 -7 -8
leaf_value=6.064349293217206e-06 -0.00035276385822596195 -3.6385671060264734e-05 2.4659287993060262e-05 -0.0001940566427346929 0.00033760266121146817 6.6978361499576565e-05 4.8615963574000031e-05
leaf_weight=59 25 45 209 39 26 27 306
leaf_count=59 25 45 209 39 26 27 306
internal_value=0.00146739 0.000148248 0.00101227 -0.00226496 -0.005 0.00115385 0.00280822
internal_weight=736 371 326 117 65 52 365
internal_count=736 371 326 117 65 52 365
is_linear=0
shrinkage=0.05


Tree=62
num_leaves=8
num_cat=0
split_feature=11 11 13 7 5 15 15
split_gain=0.494226 1.10823 0.448431 0.33406 0.421983 0.536346 0.659672
threshold=0.018680357320368105 0.023858934510878397 14.824999809265138 -0.01107041319780999 0.015812017527724539 0.0051816093932187677 -0.01028236859874526
decision_type=2 2 2 2 2 2 2
left_child=2 -2 -1 4 5 6 -4
right_child=1 -3 3 -5 -6 -7 -8
leaf_value=9.7413134071907124e-05 -0.00011825335562152497 2.610457406750079e-05 -0.00048939579924150642 3.8670758513673848e-05 2.244542102947505e-05 -0.00018402764340654586 0.00037787760917841603
leaf_weight=170 48 84 31 245 79 31 63
leaf_count=170 48 84 31 245 79 31 63
internal_value=0.00133822 -0.00143939 0.00193053 0.00110245 -0.000392157 -0.0022 -0.000319149
internal_weight=751 132 619 449 204 125 94
internal_count=751 132 619 449 204 125 94
is_linear=0
shrinkage=0.05


Tree=63
num_leaves=8
num_cat=0
split_feature=3 12 14 1 3 3 11
split_gain=0.408493 0.316728 0.311541 0.369781 0.47913 0.373804 0.447552
threshold=-0.013260941864278506 0.03728924944291568 0.020823614308890352 0.04439935873931123 0.01038066315514097 0.0014171421559789901 0.0069843130840521192
decision_type=2 2 2 2 2 2 2
left_child=-1 2 3 4 5 6 -2
right_child=1 -3 -4 -5 -6 -7 -8
leaf_value=-0.00031223204737889656 -5.1334232837441317e-05 4.7150771726147092e-05 2.4644044741720165e-05 -4.8586520982181094e-05 -5.1810877095548413e-05 8.4941857153136675e-05 4.1986744587846506e-05
leaf_weight=26 104 178 185 30 29 128 72
leaf_count=26 104 178 185 30 29 128 72
internal_value=0.00154255 0.00176309 0.00116788 0.000316805 0.000795796 0.00138158 -0.000113636
internal_weight=752 726 548 363 333 304 176
internal_count=752 726 548 363 333 304 176
is_linear=0
shrinkage=0.05


Tree=64
num_leaves=8
num_cat=0
split_feature=16 11 16 12 12 8 1
split_gain=0.336205 0.603945 0.520595 0.800433 0.403362 0.324576 0.783643
threshold=0.0068412010286609268 0.020527349767636042 0.030013021656405296 0.018300585025284647 -0.043864369041982591 0.0079799114460928928 -0.021223706617172652
decision_type=2 2 2 2 2 8 2
left_child=1 4 -2 -4 -1 6 -6
right_child=2 -3 3 -5 5 -7 -8
leaf_value=-0.00017087434575854569 0.00011379167195469449 -0.00012441508353195491 3.5705153022581508e-05 -2.6936725547607689e-05 6.673497382627056e-05 3.8058064132136634e-05 -0.0001191650259482412
leaf_weight=32 229 25 42 35 112 147 110
leaf_count=32 229 25 42 35 112 147 110
internal_value=0.00144809 0.000539906 0.00271242 -0.000844156 0.00100998 0.00147696 0.00027027
internal_weight=732 426 306 77 401 369 222
internal_count=732 426 306 77 401 369 222
is_linear=0
shrinkage=0.05


Tree=65
num_leaves=8
num_cat=0
split_feature=4 16 13 7 1 13 6
split_gain=0.592472 0.477345 0.926817 0.438222 0.380747 0.709157 1.11681
threshold=0.015578382923941448 0.030013021656405296 16.375000000000004 -0.014930211682437964 -0.031238802319010991 15.085000038146974 -0.2317531851408777
decision_type=2 2 2 2 2 2 2
left_child=-1 3 -3 4 -2 -6 -7
right_child=1 2 -4 -5 5 6 -8
leaf_value=-6.7790255721444537e-06 3.8414714494998785e-05 -5.1611425379462114e-05 7.4430201023664258e-05 3.4561048339995489e-05 0.00018705142546836847 -0.000188049417016649 3.115911742827744e-05
leaf_weight=26 117 38 42 399 39 48 43
leaf_count=26 117 38 42 399 39 48 43
internal_value=0.00087766 0.00114325 -0.0025 0.00159443 -6.07286e-05 -0.00192308 -0.00434066
internal_weight=752 726 80 646 247 130 91
internal_count=752 726 80 646 247 130 91
is_linear=0
shrinkage=0.05


Tree=66
num_leaves=8
num_cat=0
split_feature=4 12 8 1 7 12 13
split_gain=0.495346 0.395035 0.490909 0.373535 0.396714 0.34033 0.365567
threshold=0.015928125078336425 0.037528562351318968 0.08367727726052844 0.040253201765583564 -0.014930211682437964 0.029962761460985091 17.695000648498539
decision_type=2 2 10 2 2 2 2
left_child=-1 2 3 4 5 6 -2
right_child=1 -3 -4 -5 -6 -7 -8
leaf_value=-6.2975796899191535e-06 4.9405251589647111e-05 4.9619983561092598e-05 -1.5783304270799167e-05 -3.2342128179588257e-05 5.0396929229098531e-05 -9.6236719870858051e-05 -0.00015216686141261541
leaf_weight=31 108 174 45 45 228 25 89
leaf_count=31 108 174 45 45 228 25 89
internal_value=0.00151007 0.00177871 0.00111111 0.00156566 0.002 0.000495496 0.00119289
internal_weight=745 714 540 495 450 222 197
internal_count=745 714 540 495 450 222 197
is_linear=0
shrinkage=0.05


Tree=67
num_leaves=8
num_cat=0
split_feature=4 9 16 13 13 4 3
split_gain=0.565777 0.472025 0.512308 0.549463 1.01185 0.859983 0.338736
threshold=0.015578382923941448 0.047314931052420246 0.030013021656405296 17.795000076293949 18.675000190734867 0.024183384574001664 -0.0084166808248238838
decision_type=2 8 2 2 2 2 2
left_child=-1 6 3 -3 -5 -6 -2
right_child=1 2 -4 4 5 -7 -8
leaf_value=-6.0966964305531222e-06 -0.00030256909991052244 3.2870775760141355e-05 -2.3345410736927394e-05 -0.00014760610316434414 -4.7261685505654513e-05 0.00012734654816835882 4.0132363823784787e-05
leaf_weight=27 35 213 45 30 25 57 330
leaf_count=27 35 213 45 30 25 57 330
internal_value=0.000997375 0.0012585 1.86265e-10 0.000692308 -0.00214286 0.000731707 0.00253425
internal_weight=762 735 370 325 112 82 365
internal_count=762 735 370 325 112 82 365
is_linear=0
shrinkage=0.05


Tree=68
num_leaves=8
num_cat=0
split_feature=4 4 4 9 12 12 2
split_gain=0.517209 0.424125 0.952947 0.396518 0.465877 0.533431 0.562015
threshold=0.015578382923941448 0.017304235963730225 0.017915865080243062 0.07681208036330435 0.05735486248043898 -0.0031637025986434027 -0.072218600806070052
decision_type=2 2 2 8 2 2 2
left_child=-1 -2 -3 -4 5 6 -5
right_child=1 2 3 4 -6 -7 -8
leaf_value=-5.7918616090254876e-06 0.00024777288995341473 -0.00088612548643209835 3.1117525088006347e-05 3.5005255571799151e-05 -9.8038014959350597e-05 3.0439312026587441e-05 -7.1089534008459898e-05
leaf_weight=27 59 25 369 36 25 151 61
leaf_count=27 59 25 369 36 25 151 61
internal_value=0.000683931 0.000936639 0.000577212 0.000950156 -0.000494505 0.000161291 -0.00273196
internal_weight=753 726 667 642 273 248 97
internal_count=753 726 667 642 273 248 97
is_linear=0
shrinkage=0.05


Tree=69
num_leaves=8
num_cat=0
split_feature=3 16 1 11 8 12 16
split_gain=0.298106 0.311061 0.922291 0.549585 0.858901 0.497143 0.323632
threshold=0.015211559415771127 -0.0070692130950461554 -0.024387694350937569 -0.0095143176561332515 0.02710089898901125 -0.024923453703148576 0.030013021656405296
decision_type=2 2 2 2 10 2 2
left_child=1 2 5 -4 -5 -1 -3
right_child=-2 6 3 4 -6 -7 -8
leaf_value=-0.00019439515972651374 -0.00012929677385106059 3.6840634986148894e-05 1.2611877058016401e-05 -0.00024568316407500696 1.7528480175502654e-05 7.807946161559656e-05 -3.4320989739928604e-06
leaf_weight=25 28 402 58 47 27 87 76
leaf_count=25 28 402 58 47 27 87 76
internal_value=0.00113333 0.00132964 -0.000122951 -0.00295455 -0.00581081 0.00321429 0.00207113
internal_weight=750 722 244 132 74 112 478
internal_count=750 722 244 132 74 112 478
is_linear=0
shrinkage=0.05


Tree=70
num_leaves=8
num_cat=0
split_feature=4 6 16 9 8 0 0
split_gain=0.569801 0.475311 0.81274 0.351652 0.446802 0.353159 0.755462
threshold=0.015578382923941448 1.367492696337141 -0.0012309314714813444 -0.15976127154492129 -0.086917813737207347 0.0041075021689824806 0.011118153513375641
decision_type=2 2 2 10 8 2 2
left_child=-1 3 -3 4 -2 -6 -7
right_child=1 2 -4 -5 5 6 -8
leaf_value=-6.1931159592726176e-06 -5.7929438822084207e-05 -0.00038551028461709339 4.1785253110619846e-05 3.8017839209577046e-05 3.4789792589085585e-05 -0.0001206969974698802 0.00012920778509171822
leaf_weight=27 27 41 32 468 91 26 29
leaf_count=27 27 41 32 468 91 26 29
internal_value=0.00101889 0.00128852 -0.00253425 0.00172387 -0.000202312 0.000890411 -0.00227273
internal_weight=741 714 73 641 173 146 55
internal_count=741 714 73 641 173 146 55
is_linear=0
shrinkage=0.05


Tree=71
num_leaves=8
num_cat=0
split_feature=4 9 8 0 12 0 3
split_gain=0.616013 0.389982 1.06514 0.440567 0.327837 0.316896 0.325551
threshold=0.015578382923941448 0.22791708863778484 0.065135489908087055 0.0082972729898935799 -0.0052152181904612785 -0.022580272468527004 -0.0014946587419252253
decision_type=2 8 10 2 2 2 2
left_child=-1 5 3 4 -3 -2 -7
right_child=1 2 -4 -5 -6 6 -8
leaf_value=-6.2291897499353154e-06 -0.00012185112390744857 -7.624698728571217e-05 -1.3346778844311385e-05 -7.2665657265726894e-05 5.362593159873632e-05 7.9540131558125214e-06 3.9007293148004733e-05
leaf_weight=25 30 39 26 47 71 193 316
leaf_count=25 30 39 26 47 71 193 316
internal_value=0.000716198 0.00098338 -0.00101093 0.000541401 0.00227273 0.00166048 0.00195481
internal_weight=747 722 183 157 110 539 509
internal_count=747 722 183 157 110 539 509
is_linear=0
shrinkage=0.05


Tree=72
num_leaves=8
num_cat=0
split_feature=4 14 14 9 16 11 9
split_gain=0.556675 0.365398 0.601178 0.875589 0.327421 0.887124 0.465291
threshold=0.015578382923941448 -0.067583665573298909 -0.048319541899194234 -0.071504676844420009 0.013943386831433037 0.01723808414084094 -0.10273105365425005
decision_type=2 2 2 10 2 2 8
left_child=-1 -2 3 -3 5 6 -4
right_child=1 2 4 -5 -6 -7 -8
leaf_value=-5.744865468125429e-06 0.00012098125540558928 -0.00014234863447328667 -0.00017895641738553691 2.5190104561571252e-05 2.5572034881253581e-05 -0.00010222686767124268 2.8623303992870766e-05
leaf_weight=26 90 29 54 30 164 37 317
leaf_count=26 90 29 54 30 164 37 317
internal_value=0.000649264 0.000908461 0.00048336 -0.00432203 0.000979021 0.000220588 0.000956873
internal_weight=747 721 631 59 572 408 371
internal_count=747 721 631 59 572 408 371
is_linear=0
shrinkage=0.05


Tree=73
num_leaves=8
num_cat=0
split_feature=3 1 1 13 4 3 3
split_gain=0.619784 0.3218 0.621317 0.7908 1.39108 0.736054 1.10006
threshold=-0.013260941864278506 0.0014703315520013807 -0.028661666889871092 17.494999885559086 0.025103799791497513 -0.00018128144903700735 -0.0024535327154401872
decision_type=2 2 2 2 2 2 2
left_child=-1 2 -2 5 -5 6 -4
right_child=1 -3 3 4 -6 -7 -8
leaf_value=-0.00026214785330807834 4.7249364397289274e-05 2.7653622360599076e-05 3.8502796967715927e-05 -0.00034810382767818976 8.1211876108639719e-06 0.00012385470403865001 -0.00020276954041857951
leaf_weight=26 149 375 39 37 38 57 25
leaf_count=26 149 375 39 37 38 57 25
internal_value=0.00104558 0.00131944 0.000217391 -0.00163265 -0.00566667 0.000867769 -0.0028125
internal_weight=746 720 345 196 75 121 64
internal_count=746 720 345 196 75 121 64
is_linear=0
shrinkage=0.05


Tree=74
num_leaves=8
num_cat=0
split_feature=16 13 1 12 11 1 12
split_gain=0.365074 0.771164 0.362447 0.611366 0.33748 0.382561 0.530619
threshold=0.031989125357969835 16.375000000000004 -0.0022287848173892506 0.052412040834153968 0.01723808414084094 -0.020553612690232256 -0.033690121396823418
decision_type=2 2 2 2 2 2 2
left_child=2 -2 3 4 5 6 -1
right_child=1 -3 -4 -5 -6 -7 -8
leaf_value=-0.00022687466584581505 -3.4902416507547634e-05 0.00014990337409861272 2.6128953348643923e-05 -0.00013107944523076448 -0.00018172041117807579 -1.3105872219609747e-05 6.6262273099824951e-05
leaf_weight=32 37 32 348 31 27 103 144
leaf_count=32 37 32 348 31 27 103 144
internal_value=0.00122016 -0.00224638 0.00156934 0.000400594 0.00107843 0.00159498 0.00301136
internal_weight=754 69 685 337 306 279 176
internal_count=754 69 685 337 306 279 176
is_linear=0
shrinkage=0.05


end of trees

feature_importances:
ret_5d=54
overnight_gap=48
spy_ret_20d=48
dist_ma50=40
dist_ma200=39
atr_pct=36
ret_20d=33
dvol_z_20=30
dist_ma20=30
vix_level=25
ret_1d=24
vix_chg_1d=24
sector_ret_5d=23
spy_ret_5d=22
sector_ret_1d=20
parkinson_20=18
spy_ret_1d=11

parameters:
[boosting: gbdt]
[objective: quantile]
[metric: quantile]
[tree_learner: serial]
[device_type: cpu]
[data_sample_strategy: bagging]
[data: ]
[valid: ]
[num_iterations: 80]
[learning_rate: 0.05]
[num_leaves: 8]
[num_threads: 1]
[seed: 0]
[deterministic: 0]
[force_col_wise: 1]
[force_row_wise: 0]
[histogram_pool_size: -1]
[max_depth: -1]
[min_data_in_leaf: 25]
[min_sum_hessian_in_leaf: 0.001]
[bagging_fraction: 0.9]
[pos_bagging_fraction: 1]
[neg_bagging_fraction: 1]
[bagging_freq: 1]
[bagging_seed: 3]
[bagging_by_query: 0]
[feature_fraction: 0.9]
[feature_fraction_bynode: 1]
[feature_fraction_seed: 2]
[extra_trees: 0]
[extra_seed: 6]
[early_stopping_round: 0]
[early_stopping_min_delta: 0]
[first_metric_only: 0]
[max_delta_step: 0]
[lambda_l1: 0]
[lambda_l2: 0]
[linear_lambda: 0]
[min_gain_to_split: 0]
[drop_rate: 0.1]
[max_drop: 50]
[skip_drop: 0.5]
[xgboost_dart_mode: 0]
[uniform_drop: 0]
[drop_seed: 4]
[top_rate: 0.2]
[other_rate: 0.1]
[min_data_per_group: 100]
[max_cat_threshold: 32]
[cat_l2: 10]
[cat_smooth: 10]
[max_cat_to_onehot: 4]
[top_k: 20]
[monotone_constraints: ]
[monotone_constraints_method: basic]
[monotone_penalty: 0]
[feature_contri: ]
[forcedsplits_filename: ]
[refit_decay_rate: 0.9]
[cegb_tradeoff: 1]
[cegb_penalty_split: 0]
[cegb_penalty_feature_lazy: ]
[cegb_penalty_feature_coupled: ]
[path_smooth: 0]
[interaction_constraints: ]
[verbosity: -1]
[saved_feature_importance_type: 0]
[use_quantized_grad: 0]
[num_grad_quant_bins: 4]
[quant_train_renew_leaf: 0]
[stochastic_rounding: 1]
[linear_tree: 0]
[max_bin: 255]
[max_bin_by_feature: ]
[min_data_in_bin: 3]
[bin_construct_sample_cnt: 200000]
[data_random_seed: 1]
[is_enable_sparse: 1]
[enable_bundle: 1]
[use_missing: 1]
[zero_as_missing: 0]
[feature_pre_filter: 1]
[pre_partition: 0]
[two_round: 0]
[header: 0]
[label_column: ]
[weight_column: ]
[group_column: ]
[ignore_column: ]
[categorical_feature: ]
[forcedbins_filename: ]
[precise_float_parser: 0]
[parser_config_file: ]
[objective_seed: 5]
[num_class: 1]
[is_unbalance: 0]
[scale_pos_weight: 1]
[sigmoid: 1]
[boost_from_average: 1]
[reg_sqrt: 0]
[alpha: 0.1]
[fair_c: 1]
[poisson_max_delta_step: 0.7]
[tweedie_variance_power: 1.5]
[lambdarank_truncation_level: 30]
[lambdarank_norm: 1]
[label_gain: ]
[lambdarank_position_bias_regularization: 0]
[eval_at: ]
[multi_error_top_k: 1]
[auc_mu_weights: ]
[num_machines: 1]
[local_listen_port: 12400]
[time_out: 120]
[machine_list_filename: ]
[machines: ]
[gpu_platform_id: -1]
[gpu_device_id: -1]
[gpu_device_id_list: ]
[gpu_use_dp: 0]
[num_gpu: 1]

end of parameters

pandas_categorical:[]
