tree
version=v4
num_class=1
num_tree_per_iteration=1
label_index=0
max_feature_idx=16
objective=quantile
feature_names=ret_1d ret_5d ret_20d overnight_gap atr_pct parkinson_20 dvol_z_20 dist_ma20 dist_ma50 dist_ma200 spy_ret_1d spy_ret_5d spy_ret_20d vix_level vix_chg_1d sector_ret_1d sector_ret_5d
feature_infos=[-0.057046621639104012:0.072533538088225713] [-0.10571354304225866:0.093686927617910642] [-0.15833404134542384:0.19056506044324184] [-0.036959266741347196:0.067687266820409819] [0.011823233232033221:0.043708897510950133] [0.0080412745299183255:0.024770418716938868] [-2.7058647661574033:4.1351588938815933] [-0.096884797732598171:0.11272071280595264] [-0.13009361189460045:0.17861511723117229] [-0.1201128723110616:0.25504746237123865] [-0.058542971330535654:0.10501930183911301] [-0.11496151859245618:0.082843162776128354] [-0.1226559005192206:0.15756591020035837] [11.859999656677246:52.330001831054688] [-0.35753873962348437:0.74039073966007019] [-0.062590328153952823:0.087383947576493481] [-0.13939752008440254:0.088326450578892102]
tree_sizes=862 873 856 860 865 866 866 868 869 858 867 860 872 866 866

Tree=0
num_leaves=8
num_cat=0
split_feature=8 3 9 8 8 7 15
split_gain=1.25746 1.27116 0.814844 0.889545 0.864407 0.838711 1.66264
threshold=0.10592618514805231 0.0020033761699453927 -0.003815294527112711 0.047410742669540491 0.036941238001896089 -0.0094597757456216219 -0.005393679096074743
decision_type=8 2 10 10 10 2 2
left_child=2 -2 -1 4 5 6 -4
right_child=1 -3 3 -5 -6 -7 -8
leaf_value=-0.0012046552619902745 -0.0015573910606753948 -0.0012265670245866392 -0.0011820834272184208 -0.0012643729972487056 -0.0016264936597849039 -0.0012685725929522705 -0.0017931960870683223
leaf_weight=340 36 27 28 131 27 106 43
leaf_count=340 36 27 28 131 27 106 43
internal_value=-0.00145407 -0.00820978 -0.000823533 -0.00257367 -0.00463835 -0.00336716 -0.00757262
internal_weight=738 63 675 335 204 177 71
internal_count=738 63 675 335 204 177 71
is_linear=0
shrinkage=1


Tree=1
num_leaves=8
num_cat=0
split_feature=8 3 10 14 1 10 14
split_gain=1.15091 1.37619 0.741483 0.646985 0.610837 0.667674 0.78208
threshold=0.10592618514805231 0.0020033761699453927 -0.0017418859842210919 0.037268874881587817 0.038791233858632597 0.0059924772064959839 -0.033157965869525234
decision_type=8 2 2 2 2 2 2
left_child=2 -2 -1 4 5 -4 -7
right_child=1 -3 3 -5 -6 6 -8
leaf_value=0.00010556068032426952 -0.00024389445416492597 7.4854400367948726e-05 3.0020908341669256e-05 -0.00037592926825960902 0.00024737656124620066 -4.0815318457132688e-05 -0.00018233905751110333
leaf_weight=232 32 28 217 32 51 105 28
leaf_count=232 32 28 217 32 51 105 28
internal_value=-3.44826e-05 -0.00666667 0.00056391 -0.000658198 -0.000112219 -0.000857143 -0.00364662
internal_weight=725 60 665 433 401 350 133
internal_count=725 60 665 433 401 350 133
is_linear=0
shrinkage=0.05


Tree=2
num_leaves=8
num_cat=0
split_feature=8 3 6 0 1 0 5
split_gain=0.939794 0.941609 0.569231 0.664563 0.749519 1.42465 0.516113
threshold=0.10868763006216987 0.0020033761699453927 -0.69773556220348643 -0.0064949721309313637 0.0034861769319450846 0.0023344023409002106 0.015874074687976577
decision_type=8 2 2 2 2 2 2
left_child=2 -2 3 -1 5 -5 -4
right_child=1 -3 6 4 -6 -7 -8
leaf_value=0.0001202138634808162 -0.0002519909813757341 9.6868213684483568e-05 5.565369317292473e-05 -0.00030998654682147178 5.086173463143526e-05 0.00012847939109343899 -0.00016706546843959865
leaf_weight=41 29 25 480 42 58 29 31
leaf_count=41 29 25 480 42 58 29 31
internal_value=0.000238095 -0.00611111 0.000741557 -0.00176471 -0.00352713 -0.00697183 0.00157534
internal_weight=735 54 681 170 129 71 511
internal_count=735 54 681 170 129 71 511
is_linear=0
shrinkage=0.05


Tree=3
num_leaves=8
num_cat=0
split_feature=8 3 9 9 7 11 3
split_gain=1.03651 1.14603 0.49639 1.39022 1.05181 0.983315 0.913876
threshold=0.10592618514805231 0.0020033761699453927 -0.003815294527112711 0.019052667868313059 -0.0055126065476147059 0.010209194758885378 0.00048700085407138444
decision_type=8 2 10 10 2 2 2
left_child=2 -2 -1 5 6 -4 -5
right_child=1 -3 3 4 -6 -7 -8
leaf_value=6.984667243640942e-05 -0.00021599782344537894 6.626826966532712e-05 -0.00010391983329801065 7.4328500518405936e-06 4.4383908976882829e-05 -8.6226223761295568e-05 -0.00022246934541893831
leaf_weight=342 35 28 25 32 217 28 26
leaf_count=342 35 28 25 32 217 28 26
internal_value=2.0464e-05 -0.00611111 0.000597015 -0.000792683 0.000636364 -0.00820755 -0.00534483
internal_weight=733 63 670 328 275 53 58
internal_count=733 63 670 328 275 53 58
is_linear=0
shrinkage=0.05


Tree=4
num_leaves=8
num_cat=0
split_feature=8 3 9 9 7 15 6
split_gain=0.973238 1.21657 0.38861 0.661055 0.731078 1.26445 0.766641
threshold=0.10592618514805231 0.0020033761699453927 -0.003815294527112711 0.005682828128672269 -0.014248644212529913 -0.0049307144876982725 -0.87426222342441873
decision_type=8 2 10 10 2 2 2
left_child=2 -2 -1 -4 5 -5 -6
right_child=1 -3 3 4 6 -7 -8
leaf_value=6.2437918040663277e-05 -0.00020002733418968238 6.2625314523522682e-05 -0.00021588944210180184 0.00011173746335622205 -6.144776901571875e-05 -0.00022573867059525688 3.5516997801434979e-05
leaf_weight=338 30 27 26 26 38 33 213
leaf_count=338 30 27 26 26 38 33 213
internal_value=-0.000129959 -0.00640351 0.000400594 -0.000803571 -0.00016129 -0.00516949 0.00101594
internal_weight=731 57 674 336 310 59 251
internal_count=731 57 674 336 310 59 251
is_linear=0
shrinkage=0.05


Tree=5
num_leaves=8
num_cat=0
split_feature=8 15 10 11 5 14 5
split_gain=1.28658 1.21686 0.400017 0.522003 0.784166 0.885264 0.801365
threshold=0.10592618514805231 0.0044271038793709536 -0.00010103151992763014 0.025601667077503779 0.013547732043489974 -0.0068130779793595378 0.014303981928059652
decision_type=8 2 2 2 2 2 2
left_child=2 -2 -1 4 5 -4 -6
right_child=1 -3 3 -5 6 -7 -8
leaf_value=9.6300315421697451e-05 -0.00026673300827434378 4.8161377038917139e-05 5.7579197399040289e-05 0.00013619186942022995 -0.00044257225744848898 -0.00021313427892142331 -6.9270584423262611e-05
leaf_weight=280 34 28 164 66 31 67 57
leaf_count=280 34 28 164 66 31 67 57
internal_value=0.00059835 -0.00629032 0.0012406 0.000194805 -0.000642633 0.000887446 -0.00465909
internal_weight=727 62 665 385 319 231 88
internal_count=727 62 665 385 319 231 88
is_linear=0
shrinkage=0.05


Tree=6
num_leaves=8
num_cat=0
split_feature=4 15 3 11 0 0 12
split_gain=0.72725 0.666967 0.550496 0.479648 0.726967 1.50256 0.66006
threshold=0.023075242625459378 -0.0063919212730782484 -0.0073718055926850204 -0.011803471640552064 0.006829076839415805 -1.0000000180025095e-35 0.019191673463848761
decision_type=2 2 2 2 2 2 2
left_child=1 -1 -3 -2 5 6 -5
right_child=3 2 -4 4 -6 -7 -8
leaf_value=0.00015459015288277038 0.00022729935864138499 -0.00036807335664842467 8.6511508908570828e-06 -0.0002549078302256878 2.9995017633558889e-05 -0.00023438342021215916 0.00015049114389505515
leaf_weight=111 56 25 402 36 42 25 35
leaf_count=111 56 25 402 36 42 25 35
internal_value=0.000150273 0.00109665 0.000199063 -0.00247423 -0.00405797 -0.00645833 -0.00274648
internal_weight=732 538 427 194 138 96 71
internal_count=732 538 427 194 138 96 71
is_linear=0
shrinkage=0.05


Tree=7
num_leaves=8
num_cat=0
split_feature=10 15 0 14 3 8 8
split_gain=0.557251 0.96025 0.619477 0.761905 0.417297 0.490503 1.20699
threshold=0.0059924772064959839 0.0011790469067394229 0.0057729789634720649 -0.02817624153510306 0.01033454643621601 0.039090511615269115 0.047410742669540491
decision_type=2 2 2 2 2 8 10
left_child=4 -2 -3 -4 5 -1 -7
right_child=1 2 3 -5 -6 6 -8
leaf_value=4.4003251697253526e-05 -0.00033440635566594741 -0.0001372537177354911 8.5292783706022247e-05 -0.00014776686149119218 -0.00019790322006297352 -0.00027344560272072981 4.0037860380020412e-05
leaf_weight=336 25 36 84 28 25 37 158
leaf_count=336 25 36 84 28 25 37 158
internal_value=0.000541838 -0.00193642 -0.000405405 0.00142857 0.00131295 0.00161017 -0.000384615
internal_weight=729 173 148 112 556 531 195
internal_count=729 173 148 112 556 531 195
is_linear=0
shrinkage=0.05


Tree=8
num_leaves=8
num_cat=0
split_feature=8 14 11 11 4 15 11
split_gain=0.624254 0.440049 0.364615 0.790179 0.641934 0.359511 0.847962
threshold=0.10592618514805231 -0.0022749768251851816 0.024185912746781283 0.017027234780288007 0.029249468710425625 0.00074937763926097311 0.0059136956441444575
decision_type=8 2 2 2 2 2 2
left_child=2 -2 3 4 5 -1 -7
right_child=1 -3 -4 -5 -6 6 -8
leaf_value=6.3017895133225745e-05 1.0083286657185829e-05 -0.00021072893647966761 0.00010258666975837099 -4.1401478547930495e-05 -0.00025137947814737486 -0.00015762885142860412 4.8877438738499754e-05
leaf_weight=294 31 30 82 56 27 140 96
leaf_count=294 31 30 82 56 27 140 96
internal_value=0.000833334 -0.00401639 0.00125899 0.000840131 0.00140934 0.00179245 0.000338983
internal_weight=756 61 695 613 557 530 236
internal_count=756 61 695 613 557 530 236
is_linear=0
shrinkage=0.05


Tree=9
num_leaves=8
num_cat=0
split_feature=5 10 4 7 9 9 16
split_gain=0.572212 0.43232 0.571879 0.787048 0.46086 0.687432 0.602826
threshold=0.01710182820296471 -0.0011670806167484724 0.020388901250219218 -0.02935685004066135 0.045757141328460656 0.0075170341951896766 0.017436691303426625
decision_type=2 2 2 2 10 8 2
left_child=1 -1 -3 -4 5 -5 -7
right_child=-2 2 3 4 -6 6 -8
leaf_value=5.9867000088397742e-05 -0.00019421313502543175 3.04465605782862e-05 -0.00034137881559532775 9.3957515079840618e-05 0.00012188909608854698 -0.00023195865323148181 9.7101155678219425e-05
leaf_weight=264 33 246 27 56 30 49 26
leaf_count=264 33 246 27 56 30 49 26
internal_value=0.000827634 0.00113181 0.000161291 -0.00191489 -0.000590062 -0.00187023 -0.005
internal_weight=731 698 434 188 161 131 75
internal_count=731 698 434 188 161 131 75
is_linear=0
shrinkage=0.05


Tree=10
num_leaves=8
num_cat=0
split_feature=2 5 6 14 7 9 9
split_gain=0.486705 0.650023 0.504212 0.534641 0.644801 0.338001 0.329328
threshold=-0.087865664262888596 0.016239349727685769 -0.86275159210196328 -0.016062326519559963 -0.0048371369544811796 -0.003815294527112711 0.063039890514037369
decision_type=2 2 2 2 2 8 8
left_child=-1 2 3 -2 -5 -4 -7
right_child=1 -3 5 4 -6 6 -8
leaf_value=-0.00021150050943383585 2.2552608359809723e-05 -0.00012547134886003886 0.00012916076553768692 2.405026536273837e-05 -0.00025920929169883256 -3.7031408703569318e-05 3.0235776896968931e-05
leaf_weight=42 54 39 132 28 41 119 290
leaf_count=42 54 39 132 28 41 119 290
internal_value=0.000704698 0.00101707 0.00138554 -0.00150406 -0.00442029 0.00204251 0.00133252
internal_weight=745 703 664 123 69 541 409
internal_count=745 703 664 123 69 541 409
is_linear=0
shrinkage=0.05


Tree=11
num_leaves=8
num_cat=0
split_feature=5 5 5 12 4 4 15
split_gain=0.612156 0.392858 0.864781 0.707544 0.407731 0.699977 1.45023
threshold=0.01710182820296471 0.0097268697989601645 0.0091931420571608764 0.027409196484277535 0.019937065485204256 0.021032451700151677 -0.0049307144876982725
decision_type=2 2 2 2 2 2 2
left_child=1 2 -1 -4 -3 6 -6
right_child=-2 4 3 -5 5 -7 -8
leaf_value=0.00013008218695188093 -0.00017822891083115822 3.7398242181447595e-05 0.00019953665831264259 -0.00041971529898144364 0.00018214844826419489 1.8619256843509452e-05 -0.00025486711203742132
leaf_weight=31 33 264 25 33 30 272 46
leaf_count=31 33 264 25 33 30 272 46
internal_value=0.00104905 0.00136234 -0.00174157 -0.00534483 0.00181373 0.000689655 -0.00355263
internal_weight=734 701 89 58 612 348 76
internal_count=734 701 89 58 612 348 76
is_linear=0
shrinkage=0.05


Tree=12
num_leaves=8
num_cat=0
split_feature=12 11 15 15 0 16 6
split_gain=0.635683 0.530411 0.650042 0.990891 0.87251 0.920858 0.861936
threshold=0.083215760557207488 0.024185912746781283 0.00074937763926097311 0.0017428746378882478 0.0094277072977962968 0.010985747034052086 -0.061918973139971488
decision_type=2 2 2 2 2 2 2
left_child=1 2 -1 -4 5 6 -5
right_child=-2 -3 3 4 -6 -7 -8
leaf_value=2.3562201987587113e-05 -8.4231028065839787e-05 7.8877183233016986e-05 -0.00030450997023438899 -0.00040929173138007694 7.7061923595025451e-05 2.6191556774430692e-05 5.3070379735744766e-05
leaf_weight=320 25 78 26 59 112 66 34
leaf_count=320 25 78 26 59 112 66 34
internal_value=0.000833334 0.00111511 0.000623987 -0.00106061 -0.000166051 -0.00254717 -0.00575269
internal_weight=720 695 617 297 271 159 93
internal_count=720 695 617 297 271 159 93
is_linear=0
shrinkage=0.05


Tree=13
num_leaves=8
num_cat=0
split_feature=5 8 3 10 0 0 0
split_gain=0.366855 0.256451 0.440341 0.504478 0.713649 0.38333 0.393752
threshold=0.01710182820296471 -0.0074909568101768622 0.0059956685983312283 0.0062898398934669872 0.009287178994715652 -0.015921121246113609 -0.00435719793921474
decision_type=2 10 2 2 2 2 2
left_child=1 -1 3 5 -5 -3 -7
right_child=-2 2 -4 4 -6 6 -8
leaf_value=2.3055662120184803e-05 -0.00014169088348915603 -0.00028916587159543794 7.5846180684453583e-05 -0.00015031063096049367 2.8018563732352281e-05 0.00016515098725313265 2.2319593206629106e-06
leaf_weight=294 34 25 70 31 36 80 163
leaf_count=294 34 25 70 31 36 80 163
internal_value=0.00124829 0.00149499 0.000679013 -7.46267e-05 -0.00395522 0.000895523 0.00150206
internal_weight=733 699 405 335 67 268 243
internal_count=733 699 405 335 67 268 243
is_linear=0
shrinkage=0.05


Tree=14
num_leaves=8
num_cat=0
split_feature=4 8 0 15 7 12 11
split_gain=0.535214 0.452741 0.469868 0.776527 0.912649 1.15763 1.12208
threshold=0.031169673486922466 -0.0074909568101768622 0.008840668647391749 -0.0017578691062982153 0.022597531253550133 0.027409196484277535 0.0010676984150611581
decision_type=2 8 2 2 2 2 2
left_child=1 -1 3 -3 5 6 -5
right_child=-2 2 -4 4 -6 -7 -8
leaf_value=2.3563437448203693e-05 -0.00019052129485036355 5.3238039532052918e-05 4.8912000678007674e-05 -0.00046959148618316225 5.5665856630722686e-05 -0.00038416130387104063 0.00019731490682399486
leaf_weight=268 28 146 122 28 74 31 27
leaf_count=268 28 146 122 28 74 31 27
internal_value=0.00106354 0.00133621 0.000327103 -0.000718954 -0.003125 -0.00662791 -0.00227273
internal_weight=724 696 428 306 160 86 55
internal_count=724 696 428 306 160 86 55
is_linear=0
shrinkage=0.05


end of trees

feature_importances:
dist_ma50=13
ret_1d=10
sector_ret_1d=10
overnight_gap=9
parkinson_20=9
dist_ma200=9
spy_ret_5d=8
atr_pct=6
dist_ma20=6
spy_ret_1d=6
vix_chg_1d=6
dvol_z_20=4
spy_ret_20d=4
ret_5d=2
sector_ret_5d=2
ret_20d=1

parameters:
[boosting: gbdt]
[objective: quantile]
[metric: quantile]
[tree_learner: serial]
[device_type: cpu]
[data_sample_strategy: bagging]
[data: ]
[valid: ]
[num_iterations: 80]
[learning_rate: 0.05]
[num_leaves: 8]
[num_threads: 1]
[seed: 0]
[deterministic: 0]
[force_col_wise: 1]
[force_row_wise: 0]
[histogram_pool_size: -1]
[max_depth: -1]
[min_data_in_leaf: 25]
[min_sum_hessian_in_leaf: 0.001]
[bagging_fraction: 0.9]
[pos_bagging_fraction: 1]
[neg_bagging_fraction: 1]
[bagging_freq: 1]
[bagging_seed: 3]
[bagging_by_query: 0]
[feature_fraction: 0.9]
[feature_fraction_bynode: 1]
[feature_fraction_seed: 2]
[extra_trees: 0]
[extra_seed: 6]
[early_stopping_round: 0]
[early_stopping_min_delta: 0]
[first_metric_only: 0]
[max_delta_step: 0]
[lambda_l1: 0]
[lambda_l2: 0]
[linear_lambda: 0]
[min_gain_to_split: 0]
[drop_rate: 0.1]
[max_drop: 50]
[skip_drop: 0.5]
[xgboost_dart_mode: 0]
[uniform_drop: 0]
[drop_seed: 4]
[top_rate: 0.2]
[other_rate: 0.1]
[min_data_per_group: 100]
[max_cat_threshold: 32]
[cat_l2: 10]
[cat_smooth: 10]
[max_cat_to_onehot: 4]
[top_k: 20]
[monotone_constraints: ]
[monotone_constraints_method: basic]
[monotone_penalty: 0]
[feature_contri: ]
[forcedsplits_filename: ]
[refit_decay_rate: 0.9]
[cegb_tradeoff: 1]
[cegb_penalty_split: 0]
[cegb_penalty_feature_lazy: ]
[cegb_penalty_feature_coupled: ]
[path_smooth: 0]
[interaction_constraints: ]
[verbosity: -1]
[saved_feature_importance_type: 0]
[use_quantized_grad: 0]
[num_grad_quant_bins: 4]
[quant_train_renew_leaf: 0]
[stochastic_rounding: 1]
[linear_tree: 0]
[max_bin: 255]
[max_bin_by_feature: ]
[min_data_in_bin: 3]
[bin_construct_sample_cnt: 200000]
[data_random_seed: 1]
[is_enable_sparse: 1]
[enable_bundle: 1]
[use_missing: 1]
[zero_as_missing: 0]
[feature_pre_filter: 1]
[pre_partition: 0]
[two_round: 0]
[header: 0]
[label_column: ]
[weight_column: ]
[group_column: ]
[ignore_column: ]
[categorical_feature: ]
[forcedbins_filename: ]
[precise_float_parser: 0]
[parser_config_file: ]
[objective_seed: 5]
[num_class: 1]
[is_unbalance: 0]
[scale_pos_weight: 1]
[sigmoid: 1]
[boost_from_average: 1]
[reg_sqrt: 0]
[alpha: 0.1]
[fair_c: 1]
[poisson_max_delta_step: 0.7]
[tweedie_variance_power: 1.5]
[lambdarank_truncation_level: 30]
[lambdarank_norm: 1]
[label_gain: ]
[lambdarank_position_bias_regularization: 0]
[eval_at: ]
[multi_error_top_k: 1]
[auc_mu_weights: ]
[num_machines: 1]
[local_listen_port: 12400]
[time_out: 120]
[machine_list_filename: ]
[machines: ]
[gpu_platform_id: -1]
[gpu_device_id: -1]
[gpu_device_id_list: ]
[gpu_use_dp: 0]
[num_gpu: 1]

end of parameters

pandas_categorical:[]
