tree
version=v4
num_class=1
num_tree_per_iteration=1
label_index=0
max_feature_idx=16
objective=quantile
feature_names=ret_1d ret_5d ret_20d overnight_gap atr_pct parkinson_20 dvol_z_20 dist_ma20 dist_ma50 dist_ma200 spy_ret_1d spy_ret_5d spy_ret_20d vix_level vix_chg_1d sector_ret_1d sector_ret_5d
feature_infos=[-0.15564529242777392:0.12759443339960219] [-0.14446569512162266:0.12579101087132871] [-0.21445606807957074:0.26908698500790074] [-0.10702477099029761:0.082574650631298763] [0.012978622256772092:0.067763077482120126] [0.008623541759345401:0.036428883022422309] [-2.098248755322512:3.9257084755084306] [-0.13286491905343956:0.13361975154619565] [-0.17179729930396304:0.17033416085128961] [-0.23351777161739817:0.39641029898542546] [-0.058542947643003718:0.10501933612632941] [-0.11496158439845272:0.082843216242346029] [-0.12265592443394913:0.15756596870864792] [11.859999656677246:52.330001831054688] [-0.35753873962348437:0.74039073966007019] [-0.06285260230433054:0.088816354578251211] [-0.11675897124649115:0.08529462291702461]
tree_sizes=831 868 856 857 857 864 862 854 855 853 866 847 863 862 862 862 869 861 863 849 868 863 872 860 861 861 863 867 875 852 868 864 869 870 863 872 871 864 868 859 852 857 865 871 866 871 853 869 861 871 863 866 853 857 863 871 857 854 854 867 863 864 868 858 868 858 855 865 868 862 857 860

Tree=0
num_leaves=8
num_cat=0
split_feature=4 1 2 8 6 1 5
split_gain=3.82707 1.543 1.64626 1.32719 0.64624 1.29419 0.76456
threshold=0.034058214105168315 0.017721319403107619 -0.079516512903257328 -0.01119026715431609 0.6839920874963018 -0.0053401722223120887 0.019478772662628995
decision_type=2 2 2 10 2 2 2
left_child=4 2 -2 -4 6 -6 -1
right_child=1 -3 3 -5 5 -7 -8
leaf_value=-0.031713776689772523 -0.032694343158899263 -0.032132628783374945 -0.034336040310419591 -0.032441643807704951 -0.032805386177268435 -0.031679986392778851 -0.032821608089836557
leaf_weight=430 42 44 25 31 46 102 30
leaf_count=430 42 44 25 31 46 102 30
internal_value=-0.0320783 -0.0394689 -0.0429613 -0.0485735 -0.0303522 -0.033226 -0.0294276
internal_weight=750 142 98 56 608 148 460
internal_count=750 142 98 56 608 148 460
is_linear=0
shrinkage=1


Tree=1
num_leaves=8
num_cat=0
split_feature=5 9 9 11 1 11 12
split_gain=2.67419 1.14612 0.887418 0.966843 0.506709 0.901591 0.430513
threshold=0.018177647484901163 -0.091812835519327882 0.047593536776677776 0.011258246929470419 -0.0057921655151943465 0.0023966928807116488 0.0086975765073127338
decision_type=2 10 10 2 2 2 2
left_child=4 -2 6 -4 5 -1 -3
right_child=1 2 3 -5 -6 -7 -8
leaf_value=0.00022778484602253672 -0.0013093729738781412 -0.00054025507505857428 -0.0012164839753987457 -0.00049651950311540422 0.00042695867053825953 -0.00042195108278473919 0.00054183800645979808
leaf_weight=124 36 49 32 26 383 43 41
leaf_count=124 36 49 32 26 383 43 41
internal_value=0.000163488 -0.00505435 -0.00310811 -0.00793103 0.00190909 -0.000389221 1.86265e-10
internal_weight=734 184 148 58 550 167 90
internal_count=734 184 148 58 550 167 90
is_linear=0
shrinkage=0.05


Tree=2
num_leaves=8
num_cat=0
split_feature=4 1 2 6 14 5 3
split_gain=2.57407 1.55295 1.25465 0.652007 0.506993 0.484258 0.519002
threshold=0.034058214105168315 0.006212947980967499 -0.072133132745814052 -0.072311734915129003 -0.024970108459849868 0.014845441051016322 -0.0032536303871029677
decision_type=2 2 2 2 2 2 2
left_child=3 2 -2 -1 -3 -5 -7
right_child=1 4 -4 5 -6 6 -8
leaf_value=0.00036420243827128417 -0.00053046175571688184 0.00031604220744261505 -0.00093073210856704682 0.00034440601780479736 -0.0009744496974840582 0.00056415786773774562 -0.0005399891784646808
leaf_weight=335 39 29 42 178 26 26 74
leaf_count=335 39 29 42 178 26 26 74
internal_value=0.000193592 -0.00602941 -0.0104321 0.00157423 0.000454546 -0.000215827 -0.003
internal_weight=749 136 81 613 55 278 100
internal_count=749 136 81 613 55 278 100
is_linear=0
shrinkage=0.05


Tree=3
num_leaves=8
num_cat=0
split_feature=4 6 1 2 8 6 10
split_gain=2.60229 1.7759 0.782763 1.04537 0.493545 0.387854 0.538759
threshold=0.034058214105168315 0.40945132025343983 0.002560993958480529 -0.06538303600968863 -0.074398031813101714 -0.14231504341464732 -0.0054954783327307846
decision_type=2 2 2 2 8 2 2
left_child=4 2 3 -2 -1 -6 -7
right_child=1 -3 -4 -5 5 6 -8
leaf_value=-0.00051365560441997795 0.0006220430394957918 -0.0015223677064269022 7.4328150465355613e-05 -0.00057564630976598096 0.00038770968653026268 0.00032544456918300431 -4.8386400107315945e-05
leaf_weight=32 25 37 50 31 291 57 220
leaf_count=32 25 37 50 31 291 57 220
internal_value=0.000222073 -0.00583916 -0.00254717 -0.00660714 0.00166667 0.00200704 0.00066787
internal_weight=743 143 106 56 600 568 277
internal_count=743 143 106 56 600 568 277
is_linear=0
shrinkage=0.05


Tree=4
num_leaves=8
num_cat=0
split_feature=5 7 15 15 14 5 6
split_gain=2.32684 0.901126 1.14585 1.09751 0.689796 0.817311 0.555377
threshold=0.01806497698682254 0.046160288956117686 0.009228690588452328 -0.011791152670513281 0.028971532531295811 0.021023734913157125 -0.14231504341464732
decision_type=2 2 2 2 2 2 2
left_child=6 2 3 -2 5 -5 -1
right_child=1 -3 -4 4 -6 -7 -8
leaf_value=0.00046086721442431864 -0.0013922139234401098 0.00017343284515663484 -0.0012443606381229914 0.00023740544316338456 0.00047875364050436239 -0.00077350826498440422 3.2275017658763468e-05
leaf_weight=280 28 38 30 31 28 39 272
leaf_count=280 28 38 30 31 28 39 272
internal_value=0.000174263 -0.00453608 -0.00621795 -0.00412698 -0.00163265 -0.00428571 0.00182971
internal_weight=746 194 156 126 98 70 552
internal_count=746 194 156 126 98 70 552
is_linear=0
shrinkage=0.05


Tree=5
num_leaves=8
num_cat=0
split_feature=9 4 6 4 8 15 4
split_gain=2.63468 1.08803 0.749891 1.28293 0.553145 0.583459 0.497368
threshold=-0.10046394040504862 0.024985182714313027 -0.22989493724622576 0.034363087993189344 0.059253518142464164 0.0097709863996334762 0.026214904242677309
decision_type=8 2 2 2 10 2 2
left_child=-1 4 -3 6 5 -2 -4
right_child=1 2 3 -5 -6 -7 -8
leaf_value=-0.0011029798836971619 0.0003899500204127479 3.6478130030629322e-05 -0.0004765846440815309 -0.00089018280175983647 0.00044155266617764213 -0.00079564166467278354 0.00021137086931938612
leaf_weight=31 159 166 30 47 194 26 84
leaf_count=31 159 166 30 47 194 26 84
internal_value=-8.81952e-05 0.000538244 -0.00157492 -0.00400621 0.00236148 0.000405406 -0.00114035
internal_weight=737 706 327 161 379 185 114
internal_count=737 706 327 161 379 185 114
is_linear=0
shrinkage=0.05


Tree=6
num_leaves=8
num_cat=0
split_feature=4 6 8 10 12 6 9
split_gain=2.20512 2.01965 0.698461 0.566821 0.826512 0.477401 0.471342
threshold=0.034058214105168315 0.40945132025343983 0.070808992833048215 0.0076785995621447842 -0.031331813818551983 -0.14231504341464732 0.029991437239903499
decision_type=2 2 8 2 2 2 10
left_child=2 3 5 4 -2 -1 -6
right_child=1 -3 -4 -5 6 -7 -8
leaf_value=0.00024941672858282501 -0.0006973450685891858 -0.0011247056007795233 0.00043196710404791878 0.00013881594404105565 0.00029174438163887142 -0.00011670237615017459 -0.00028205004091673766
leaf_weight=177 25 41 249 26 25 177 26
leaf_count=177 25 41 249 26 25 177 26
internal_value=0.000442359 -0.00513986 0.00176617 -0.00137255 -0.00355263 0.000338983 9.80394e-05
internal_weight=746 143 603 102 76 354 51
internal_count=746 143 603 102 76 354 51
is_linear=0
shrinkage=0.05


Tree=7
num_leaves=8
num_cat=0
split_feature=4 0 15 4 9 9 9
split_gain=1.34216 1.1437 1.13688 0.354257 0.454057 1.0363 0.392992
threshold=0.034058214105168315 0.021434860419741301 -0.012812192279182009 0.017331213225869054 0.15241161512641324 0.17066053363231506 0.20800720738170334
decision_type=2 2 2 2 10 10 10
left_child=3 2 -2 -1 -5 -6 -7
right_child=1 -3 -4 4 5 6 -8
leaf_value=0.00052951431138906462 -0.0010582805647317073 -0.00093568410613671942 4.3413317283069168e-05 0.00022193107371397676 -0.0022406020072513115 0.00043807926322164616 -4.6948411144666271e-05
leaf_weight=92 25 28 89 379 26 36 70
leaf_count=92 25 28 89 379 26 36 70
internal_value=0.00057047 -0.00380282 -0.00157895 0.00160033 0.00108611 -0.00143939 0.000754717
internal_weight=745 142 114 603 511 132 106
internal_count=745 142 114 603 511 132 106
is_linear=0
shrinkage=0.05


Tree=8
num_leaves=8
num_cat=0
split_feature=9 8 15 3 4 9 6
split_gain=1.29255 0.724768 1.27769 0.551997 0.363949 0.447745 1.36995
threshold=-0.10046394040504862 -0.067056210173227812 -0.0045342182830167546 0.017390180719969343 0.017331213225869054 0.15145108126612397 0.69416885579252552
decision_type=8 8 2 2 2 10 2
left_child=-1 2 -2 4 -3 -6 -7
right_child=1 3 -4 -5 5 6 -8
leaf_value=-0.0010477887684559747 -0.0008956303798167049 0.00049683292010424399 0.00018007860320785242 -0.00079846880058976526 0.00016374687565315769 0.0003375219997159543 -0.00071590884816677912
leaf_weight=31 25 99 41 29 404 102 33
leaf_count=31 25 99 41 29 404 102 33
internal_value=0.000484293 0.000907231 -0.00409091 0.0014018 0.00170846 0.00119666 -0.0012963
internal_weight=764 733 66 667 638 539 135
internal_count=764 733 66 667 638 539 135
is_linear=0
shrinkage=0.05


Tree=9
num_leaves=8
num_cat=0
split_feature=5 5 7 12 16 16 4
split_gain=1.19388 0.903114 1.32814 1.03059 0.434492 0.403808 0.360211
threshold=0.018177647484901163 0.022350015883679731 0.046160288956117686 0.0090148119717247139 -0.025601212369674161 0.01446204293635356 0.019236553832515598
decision_type=2 2 2 2 2 2 2
left_child=4 2 3 -2 -1 -3 -6
right_child=1 5 -4 -5 6 -7 -8
leaf_value=-0.00036469952598010562 -0.0010290665867926732 9.6455199588805766e-05 0.00020105007913899894 -0.00076183400535818847 0.00048623482376046554 -0.00056492965562381298 0.00012262303342730786
leaf_weight=32 40 46 29 49 133 29 386
leaf_count=32 40 46 29 49 133 29 386
internal_value=9.40862e-05 -0.00329016 -0.00601695 -0.00904494 0.00127949 0.001 0.00162813
internal_weight=744 193 118 89 551 75 519
internal_count=744 193 118 89 551 75 519
is_linear=0
shrinkage=0.05


Tree=10
num_leaves=8
num_cat=0
split_feature=9 8 6 9 8 12 1
split_gain=1.05679 0.703523 0.742285 0.616076 0.663523 0.796726 0.467959
threshold=-0.10046394040504862 0.070808992833048215 -0.57845850954766764 0.060981937723234798 0.037245232553824954 0.021751379698535137 0.032128035740752521
decision_type=8 10 2 10 10 2 2
left_child=-1 2 -2 6 5 -5 -4
right_child=1 -3 3 4 -6 -7 -8
leaf_value=-0.0010205881951562566 0.00026258657275364614 0.00031999664860124077 7.6529654767622878e-05 -0.00011479300230860693 0.00029416970747563596 -0.00057831018914142427 -0.00065673747931106025
leaf_weight=30 138 249 157 39 63 43 30
leaf_count=30 138 249 157 39 63 43 30
internal_value=0.000861148 0.00124478 0.000106383 -0.0011747 -0.00362069 -0.00658537 0.000721925
internal_weight=749 719 470 332 145 82 187
internal_count=749 719 470 332 145 82 187
is_linear=0
shrinkage=0.05


Tree=11
num_leaves=8
num_cat=0
split_feature=4 6 4 14 9 1 6
split_gain=0.775715 0.596215 0.547888 0.785071 0.54 0.536488 0.838968
threshold=0.024985182714313027 0.76832808396482843 0.026435375870297824 1.0000000180025095e-35 0.0037043694408116505 -0.0057921655151943465 0.37986670571530806
decision_type=2 2 2 2 8 2 2
left_child=5 2 3 -2 -3 6 -1
right_child=1 4 -4 -5 -6 -7 -8
leaf_value=0.00041647543838248995 -0.00093107959142417799 -0.0013527699046333753 6.7136164947098043e-05 4.0732747019942868e-05 -0.00045256520984198454 0.00030558025248333015 -0.001150453318770497
leaf_weight=63 25 25 229 27 50 303 25
leaf_count=63 25 25 229 27 50 303 25
internal_value=0.000649264 -0.00103933 1.77938e-05 -0.00461538 -0.005 0.0021867 -0.00125
internal_weight=747 356 281 52 75 391 88
internal_count=747 356 281 52 75 391 88
is_linear=0
shrinkage=0.05


Tree=12
num_leaves=8
num_cat=0
split_feature=4 6 2 0 3 16 11
split_gain=1.55422 1.17518 0.539179 0.909091 0.954931 0.329804 0.96212
threshold=0.028659237387002264 0.76832808396482843 -0.054597429635584942 0.0055855158300908156 -0.0023397167475248666 -0.014358732067691725 -0.0091308486085681078
decision_type=2 2 2 2 2 2 2
left_child=5 2 -2 4 -4 6 -1
right_child=1 -3 3 -5 -6 -7 -8
leaf_value=0.00035263690335257263 8.5397793862728303e-05 -0.0010762681010725896 6.5236811690235624e-06 8.6956892886780652e-05 -0.00047558120664545258 0.00025024136310510496 -0.00016849758237209872
leaf_weight=54 63 51 26 55 29 425 31
leaf_count=54 63 51 26 55 29 425 31
internal_value=0.000435967 -0.00303571 -0.00106936 -0.00318182 -0.00772727 0.00196078 -0.000882353
internal_weight=734 224 173 110 55 510 85
internal_count=734 224 173 110 55 510 85
is_linear=0
shrinkage=0.05


Tree=13
num_leaves=8
num_cat=0
split_feature=4 5 5 8 3 3 3
split_gain=0.885488 1.20714 0.992445 0.56958 0.459609 0.507034 1.21755
threshold=0.034058214105168315 0.022350015883679731 0.021234189743176427 0.070808992833048215 0.0019430000681047723 -0.0023397167475248666 -0.00062685594331174366
decision_type=2 2 2 10 2 2 2
left_child=3 2 -2 4 5 -1 -7
right_child=1 -3 -4 -5 -6 6 -8
leaf_value=0.00031379139047489103 -0.00021900164879238784 2.9277428568677882e-05 -0.0008244296211241313 0.00027778917077862 0.00014272878248124574 -0.00033269269845738816 4.4449062555929946e-05
leaf_weight=107 43 70 27 223 177 32 66
leaf_count=107 43 70 27 223 177 32 66
internal_value=0.000369128 -0.00321429 -0.00785714 0.00119835 2.61782e-05 -0.00158537 -0.00418367
internal_weight=745 140 70 605 382 205 98
internal_count=745 140 70 605 382 205 98
is_linear=0
shrinkage=0.05


Tree=14
num_leaves=8
num_cat=0
split_feature=6 1 1 4 8 1 0
split_gain=0.864039 1.23059 1.38371 0.701243 0.583047 0.833333 0.416344
threshold=0.63268202724975642 -0.00074596698706702591 -0.02214574021331028 0.024985182714313027 0.041281760515392903 0.032128035740752521 -0.0039957591674464879
decision_type=2 2 2 2 8 2 2
left_child=4 2 -2 -3 5 6 -1
right_child=1 3 -4 -5 -6 -7 -8
leaf_value=0.00014304966627662867 -0.00023235509221237904 0.00042579717873638236 -0.0015333916694101552 -0.00053939734140007775 0.00035655081050690282 -0.00087485791975922445 -1.061389655310909e-05
leaf_weight=93 42 65 25 45 254 45 150
leaf_count=93 42 65 25 45 254 45 150
internal_value=0.000688456 -0.00234463 -0.00768657 0.000909091 0.00167897 0.000138889 0.0012963
internal_weight=719 177 67 110 542 288 243
internal_count=719 177 67 110 542 288 243
is_linear=0
shrinkage=0.05


Tree=15
num_leaves=8
num_cat=0
split_feature=4 14 2 7 10 8 1
split_gain=1.09715 1.06225 0.694946 0.739305 0.864286 0.467202 0.809523
threshold=0.028717535871470402 0.11108526702174228 -0.047111877755349134 0.041335068276888827 0.0025358686375718258 0.070808992833048215 0.033574910377393137
decision_type=2 2 2 2 2 10 2
left_child=5 2 -2 4 -4 6 -1
right_child=1 -3 3 -5 -6 -7 -8
leaf_value=0.00011310190401302827 0.00026538379850835748 -0.00095663538213388026 -0.00098741810036231947 0.00030907613457057482 -0.00030649938933931308 0.00031412858949615165 -0.00079348097758666402
leaf_weight=263 80 27 35 37 45 215 41
leaf_count=263 80 27 35 37 45 215 41
internal_value=0.000558547 -0.00236607 -0.00109137 -0.00354701 -0.00625 0.00182081 0.000559211
internal_weight=743 224 197 117 80 519 304
internal_count=743 224 197 117 80 519 304
is_linear=0
shrinkage=0.05


Tree=16
num_leaves=8
num_cat=0
split_feature=4 16 3 15 3 15 8
split_gain=0.747478 0.704398 0.555886 1.20763 0.750176 0.98009 0.498867
threshold=0.024985182714313027 -0.019135620232334557 0.0028786492753906105 0.0088480180504761936 -0.0032536303871029677 -0.0034109346835940464 -0.067056210173227812
decision_type=2 2 2 2 2 2 8
left_child=1 -1 3 4 6 -6 -2
right_child=2 -3 -4 -5 5 -7 -8
leaf_value=-0.00026639693956322373 -0.00070839304808029851 0.00026634315636832334 0.00015067710298023059 -0.0013467830745051616 -0.00031735616000181619 -2.7799587483177275e-05 0.00034463460344349853
leaf_weight=46 27 354 149 25 29 52 75
leaf_count=46 27 354 149 25 29 52 75
internal_value=0.000640687 0.002125 -0.00102241 -0.00269231 -0.00128415 -0.00487654 0.00156863
internal_weight=757 400 357 208 183 81 102
internal_count=757 400 357 208 183 81 102
is_linear=0
shrinkage=0.05


Tree=17
num_leaves=8
num_cat=0
split_feature=5 5 8 12 16 6 10
split_gain=1.05264 0.868293 0.943396 1.50124 0.396748 0.285124 0.287091
threshold=0.018447366568747677 0.022126364571494337 0.0069809470985305886 0.0098181049461038023 0.01446204293635356 -0.63240732889838613 -0.0063062560979271201
decision_type=2 2 10 2 2 2 2
left_child=5 2 3 -2 -3 -1 -7
right_child=1 4 -4 -5 -6 6 -8
leaf_value=0.00031892806115694648 -0.001748194580062722 0.00015032881265504019 -9.6671635050619075e-06 -0.00020364700509846445 -0.00037386867278060647 0.00046186482249375017 1.5688831621782993e-05
leaf_weight=138 25 53 53 28 31 68 350
leaf_count=138 25 53 53 28 31 68 350
internal_value=0.000844504 -0.00236842 -0.00537736 -0.0100943 0.00142857 0.00194245 0.00129187
internal_weight=746 190 106 53 84 556 418
internal_count=746 190 106 53 84 556 418
is_linear=0
shrinkage=0.05


Tree=18
num_leaves=8
num_cat=0
split_feature=9 4 9 2 6 9 1
split_gain=0.909895 0.429319 0.492193 0.838385 0.777647 0.903994 0.619956
threshold=-0.10046394040504862 0.017331213225869054 0.060981937723234798 0.095458459071680948 0.63268202724975642 0.10580504482243426 0.032128035740752521
decision_type=8 2 10 2 2 10 2
left_child=-1 -2 6 4 5 -4 -3
right_child=1 2 3 -5 -6 -7 -8
leaf_value=-0.0006327447264078401 0.00035078528524365215 0.00014518012144790982 -0.00030368187483450034 0.00031599386661300562 -0.00075037645940806365 2.4807270458132142e-05 -0.0002852566875117762
leaf_weight=31 96 267 34 82 54 124 65
leaf_count=31 96 267 34 82 54 124 65
internal_value=0.000484728 0.000844876 0.000367412 -0.00112245 -0.00278302 -0.00101266 0.00168675
internal_weight=753 722 626 294 212 158 332
internal_count=753 722 626 294 212 158 332
is_linear=0
shrinkage=0.05


Tree=19
num_leaves=8
num_cat=0
split_feature=5 2 2 16 2 16 13
split_gain=1.28654 0.530748 0.858412 0.719564 0.802152 0.431822 0.735
threshold=0.018177647484901163 0.11584307841488141 -0.06538303600968863 0.016851546352332773 -0.012834640414855434 -0.014358732067691725 18.675000190734867
decision_type=2 2 2 2 2 2 2
left_child=5 2 -2 4 -4 6 -1
right_child=1 -3 3 -5 -6 -7 -8
leaf_value=-0.00018471297955456037 3.824010900216086e-05 0.00022730853306236347 -0.0010791133082049922 -0.00095508091550941619 3.0132077748736542e-05 0.00015488606095129953 0.00014225148037107032
leaf_weight=60 62 27 33 29 35 453 40
leaf_count=60 62 27 33 29 35 453 40
internal_value=0.00026387 -0.00333333 -0.00443396 -0.00737113 -0.00455882 0.00147378 -0.0015
internal_weight=739 186 159 97 68 553 100
internal_count=739 186 159 97 68 553 100
is_linear=0
shrinkage=0.05


Tree=20
num_leaves=8
num_cat=0
split_feature=16 16 4 0 13 2 4
split_gain=0.712966 0.600824 0.481913 0.663544 0.601098 0.882216 1.1604
threshold=-0.025601212369674161 -0.029897974084020614 0.022855673435002472 -0.0079213786808431923 18.564999580383304 -0.054597429635584942 0.033886807827163169
decision_type=2 2 2 2 2 2 2
left_child=1 -1 3 -2 5 -4 -7
right_child=2 -3 4 -5 -6 6 -8
leaf_value=0.00023147596123410626 -3.8089227758972741e-05 -0.00086390387426414509 0.00017763393223048713 0.00037591148033167107 0.00012868944880543319 -8.1917193978795343e-05 -0.00057512499230597187
leaf_weight=30 54 26 57 237 131 191 25
leaf_count=30 54 26 57 237 131 191 25
internal_value=0.000605859 -0.00482143 0.00104317 0.0025945 -7.42572e-05 -0.00141026 -0.00287037
internal_weight=751 56 695 291 404 273 216
internal_count=751 56 695 291 404 273 216
is_linear=0
shrinkage=0.05


Tree=21
num_leaves=8
num_cat=0
split_feature=16 3 4 6 11 14 3
split_gain=0.776001 0.712363 0.584524 0.64566 0.834009 1.00005 0.555957
threshold=-0.025601212369674161 0.0012507020026274465 0.022262379217361978 0.15371331030213026 -0.010198884987834665 0.037142264963949019 -0.00015263413145150115
decision_type=2 2 2 2 2 2 2
left_child=1 -1 -2 -4 -5 6 -6
right_child=2 -3 3 4 5 -7 -8
leaf_value=-0.0011885725589576115 0.00031380808231956648 0.000185250728535379 2.601775257481017e-05 0.00048273096444634013 0.00064040663078332612 -0.00077913553654256062 -0.00041731286454413548
leaf_weight=29 262 25 284 28 31 28 61
leaf_count=29 262 25 284 28 31 28 61
internal_value=0.000588235 -0.00518518 0.00103746 -9.25924e-05 -0.00277027 -0.00458333 -0.00206522
internal_weight=748 54 694 432 148 120 92
internal_count=748 54 694 432 148 120 92
is_linear=0
shrinkage=0.05


Tree=22
num_leaves=8
num_cat=0
split_feature=8 15 9 9 9 14 15
split_gain=0.755151 0.508254 0.496323 0.521228 0.933737 0.500252 0.516911
threshold=0.070808992833048215 0.0091041420845381377 -0.10046394040504862 0.060981937723234798 0.11366557533907541 -0.0082882010072965456 0.00080252735093122596
decision_type=10 2 8 10 10 2 2
left_child=2 -2 -1 -4 -5 6 -6
right_child=1 -3 3 4 5 -7 -8
leaf_value=-0.00064536965610705326 0.0002270845236292497 -0.00019049565985712104 8.100746507698611e-05 -0.00026847370500065191 -0.0012114867729357702 0.00033683334538730652 5.348670998904053e-05
leaf_weight=30 202 43 275 45 25 81 41
leaf_count=30 202 43 275 45 25 81 41
internal_value=0.000687332 0.00295918 -0.000432595 -3.21197e-05 -0.00203125 -0.000102041 -0.00333333
internal_weight=742 245 497 467 192 147 66
internal_count=742 245 497 467 192 147 66
is_linear=0
shrinkage=0.05


Tree=23
num_leaves=8
num_cat=0
split_feature=15 3 15 7 1 2 9
split_gain=0.629911 0.95298 0.7005 0.633563 0.275228 0.497602 0.219393
threshold=0.0088480180504761936 0.001405447368641455 -0.017588249087878035 -0.0032946666972896162 0.039784894729888561 0.095458459071680948 0.15681577621571477
decision_type=2 2 2 2 2 2 10
left_child=2 -2 -1 -3 -4 -6 -5
right_child=1 3 4 6 5 -7 -8
leaf_value=-0.00089925280431544922 -0.00079928296646200017 -0.00033608505429379078 0.00012148723593123363 0.00039008426526877913 -0.00038820826471603378 0.00032039337297956822 -0.00022923441430475617
leaf_weight=26 40 27 500 45 50 37 26
leaf_count=26 40 27 500 45 50 37 26
internal_value=0.000805593 -0.00224638 0.00149266 0.000408163 0.00184838 -0.000747126 0.00288732
internal_weight=751 138 613 98 587 87 71
internal_count=751 138 613 98 587 87 71
is_linear=0
shrinkage=0.05


Tree=24
num_leaves=8
num_cat=0
split_feature=1 6 16 1 4 4 6
split_gain=0.652923 1.1679 0.867366 0.463596 0.514187 0.659507 0.525159
threshold=0.0011154086626781192 0.69416885579252552 -0.01812317142350461 0.012899120130000942 0.024608487038013365 0.026435375870297824 0.63268202724975642
decision_type=2 2 2 2 2 2 2
left_child=1 -1 -3 -2 -5 -6 -7
right_child=3 2 -4 4 5 6 -8
leaf_value=1.0030554711959359e-05 0.00029816280594442896 -0.0018321160766755153 -0.00024390075300495268 0.00020420914800260953 -0.00035754907244867778 0.00021977713229430135 -0.00046863762929544506
leaf_weight=248 112 26 40 184 31 71 37
leaf_count=248 112 26 40 184 31 71 37
internal_value=0.00052737 -0.00121019 -0.00712121 0.00178161 0.000820434 -0.00147482 0.000370371
internal_weight=749 314 66 435 323 139 108
internal_count=749 314 66 435 323 139 108
is_linear=0
shrinkage=0.05


Tree=25
num_leaves=8
num_cat=0
split_feature=15 7 2 10 13 9 16
split_gain=0.768 1.05376 1.1199 0.732112 0.270024 0.430175 0.440119
threshold=0.0091041420845381377 0.027728859852399704 -0.030052329338782987 -0.016459345362290764 13.894999980926515 0.050814089715894413 -0.015799998631215003
decision_type=2 2 2 2 2 8 2
left_child=3 2 -2 -1 -5 -6 -7
right_child=1 -3 -4 4 5 6 -8
leaf_value=-0.00024406892434965331 0.00016984953215743153 0.00033489624574683971 -0.0011453188697350971 0.00024749286619061249 0.00017906085698822833 0.00030407655412848628 -1.4606212837520536e-05
leaf_weight=25 31 64 40 125 153 57 262
leaf_count=25 31 64 40 125 153 57 262
internal_value=0.000640687 -0.00277778 -0.00697183 0.00138264 0.00173367 0.00118644 0.000141066
internal_weight=757 135 71 622 597 472 319
internal_count=757 135 71 622 597 472 319
is_linear=0
shrinkage=0.05


Tree=26
num_leaves=8
num_cat=0
split_feature=15 6 6 15 5 3 7
split_gain=0.612187 0.442027 0.595066 0.456571 0.622919 0.270953 0.617958
threshold=-0.017588249087878035 -0.62720977054649707 -0.52744665728062745 0.010496202905107334 0.015514382790632981 -0.00073352763374068253 0.01934299077828017
decision_type=2 2 2 2 2 2 2
left_child=-1 5 -3 -4 -5 6 -2
right_child=1 2 3 4 -6 -7 -8
leaf_value=-0.00084209467748480246 -0.0004353883948848866 -5.8849844190212043e-05 8.5562401301300287e-05 0.00032475630051408355 -0.00050680705744290066 0.00022463917253707469 0.00048912882681134522
leaf_weight=26 32 45 393 35 37 130 39
leaf_count=26 32 45 393 35 37 130 39
internal_value=0.000997286 0.00127286 0.000490196 0.00102151 -0.00263889 0.00325871 0.000774648
internal_weight=737 711 510 465 72 201 71
internal_count=737 711 510 465 72 201 71
is_linear=0
shrinkage=0.05


Tree=27
num_leaves=8
num_cat=0
split_feature=9 3 3 5 5 6 4
split_gain=0.721023 0.365759 1.08896 0.520923 0.595238 0.465051 0.6029
threshold=-0.10848060539335934 -0.00062685594331174366 -0.0018882533495629958 0.019959148513023658 0.010955155332440345 -0.25235040622271815 0.034923998050812914
decision_type=8 2 2 2 2 2 2
left_child=-1 2 3 4 -2 -3 -7
right_child=1 5 -4 -5 -6 6 -8
leaf_value=-0.00059581244337825656 -0.00022047131903417443 0.0002459869731495011 -0.0001937944629876755 -0.00042527316717774023 8.6270051408631217e-05 9.1184517984860814e-05 -0.0003920106783533096
leaf_weight=29 25 209 43 45 150 223 25
leaf_count=29 25 209 43 45 150 223 25
internal_value=0.000660881 0.000972222 -0.000513308 0.000909091 0.00214286 0.00182713 0.000362903
internal_weight=749 720 263 220 175 457 248
internal_count=749 720 263 220 175 457 248
is_linear=0
shrinkage=0.05


Tree=28
num_leaves=8
num_cat=0
split_feature=3 10 6 6 2 16 10
split_gain=0.380162 0.447001 0.430769 0.794745 0.408827 0.660876 0.62069
threshold=-0.020836636163958529 -0.0066375286305050954 -0.63240732889838613 -0.52744665728062745 -0.030052329338782987 -0.0085804758723163604 0.00034887818574524948
decision_type=2 2 2 2 2 2 2
left_child=-1 -2 -3 -4 -5 6 -6
right_child=1 2 3 4 5 -7 -8
leaf_value=-0.00088829408783325898 0.00023494252472238691 9.4518911077142906e-05 -0.00019896035375314365 0.0001490771358283485 3.7867133862869707e-06 1.8554890525486047e-05 -0.0010116322487415366
leaf_weight=31 103 182 42 89 29 259 29
leaf_count=31 103 182 42 89 29 259 29
internal_value=0.000746073 0.000975444 0.000476191 -0.000357143 0.000320197 -0.000520505 -0.00534483
internal_weight=764 733 630 448 406 317 58
internal_count=764 733 630 448 406 317 58
is_linear=0
shrinkage=0.05


Tree=29
num_leaves=8
num_cat=0
split_feature=15 3 7 9 1 8 0
split_gain=0.426711 1.08643 0.482807 0.794066 0.331873 0.561404 0.907981
threshold=0.0088480180504761936 0.001405447368641455 0.034329730041139157 0.089048688791253508 0.032128035740752521 0.088011390134566395 0.0076323120075317838
decision_type=2 2 2 8 2 8 2
left_child=4 -2 3 -3 -1 6 -6
right_child=1 2 -4 -5 5 -7 -8
leaf_value=7.014509246368062e-05 -0.00092592528483576562 0.00030497256656111782 0.00044826610533333288 -0.0011876876677671619 -0.00072358179209908711 0.00016983406092817071 0.00037065191064240333
leaf_weight=478 40 31 43 26 28 57 29
leaf_count=478 40 31 43 26 28 57 29
internal_value=0.000696721 -0.00178571 0.001 -0.00201754 0.00128378 -0.00114035 -0.00464912
internal_weight=732 140 100 57 592 114 57
internal_count=732 140 100 57 592 114 57
is_linear=0
shrinkage=0.05


Tree=30
num_leaves=8
num_cat=0
split_feature=9 3 14 15 13 0 2
split_gain=0.60728 0.373814 0.323838 0.406112 0.476374 0.482107 0.354776
threshold=-0.10046394040504862 0.017390180719969343 -0.06426442822534599 -0.0022767841044318833 17.860000610351566 -0.0083833675942498447 0.042230474964430449
decision_type=8 2 2 2 2 2 2
left_child=-1 2 -2 6 5 -5 -4
right_child=1 -3 3 4 -6 -7 -8
leaf_value=-0.00048083087950358055 0.00038214034607475685 -0.00021986190839150271 2.3810488354385797e-05 -0.00024008563200007889 -5.0816316220825623e-05 0.00022195567173526602 0.00030197780167046546
leaf_weight=32 79 33 152 30 91 230 91
leaf_count=32 79 33 152 30 91 230 91
internal_value=0.000799458 0.00110482 0.00135958 0.000959596 -0.000128205 0.000961539 0.00253086
internal_weight=738 706 673 594 351 260 243
internal_count=738 706 673 594 351 260 243
is_linear=0
shrinkage=0.05


Tree=31
num_leaves=8
num_cat=0
split_feature=9 13 9 16 13 12 1
split_gain=0.388262 0.287248 0.416745 0.848502 0.755437 0.340751 0.548572
threshold=-0.10046394040504862 12.804999828338625 0.1438098700388625 -0.0025184422135441915 14.614999771118166 0.028749021538237555 0.015009354883369965
decision_type=8 2 10 2 2 2 2
left_child=-1 -2 5 -4 -5 6 -3
right_child=1 2 3 4 -6 -7 -8
leaf_value=-0.0004472563475316734 0.00034630287144990518 4.6659273648441446e-05 -0.0015319926624780618 0.00039436744244775846 -8.5433532086441266e-05 0.00018579775583410149 -6.9974707071376768e-05
leaf_weight=31 43 236 33 71 40 156 128
leaf_count=31 43 236 33 71 40 156 128
internal_value=0.000799458 0.0010396 0.000783133 -0.00159722 0.000495496 0.00144231 0.000604396
internal_weight=738 707 664 144 111 520 364
internal_count=738 707 664 144 111 520 364
is_linear=0
shrinkage=0.05


Tree=32
num_leaves=8
num_cat=0
split_feature=9 14 15 13 9 10 10
split_gain=0.663525 0.288686 0.361965 0.56254 1.1305 0.569728 0.78155
threshold=-0.10046394040504862 -0.06426442822534599 -0.0022767841044318833 14.404999732971193 0.1438098700388625 0.0039694794622050509 -0.00010102094958625017
decision_type=8 2 2 2 10 2 2
left_child=-1 -2 -3 -4 5 6 -5
right_child=1 2 3 4 -6 -7 -8
leaf_value=-0.00043548573896462131 0.00028400879515256476 6.4233193828107651e-05 0.00024254603573775209 0.00024842720621203688 -0.00029326616464913063 2.5142740540640349e-05 -0.00017478967136693054
leaf_weight=31 88 268 111 54 33 91 75
leaf_count=31 88 268 111 54 33 91 75
internal_value=0.000872171 0.00118056 0.000806962 -0.00021978 -0.00152174 -0.000227273 -0.00236434
internal_weight=751 720 632 364 253 220 129
internal_count=751 720 632 364 253 220 129
is_linear=0
shrinkage=0.05


Tree=33
num_leaves=8
num_cat=0
split_feature=9 11 12 8 10 10 9
split_gain=0.745607 0.312415 0.43223 0.457711 0.520236 0.748009 0.846181
threshold=-0.10046394040504862 -0.021243764887310997 0.022394613632646724 -0.076685820289941628 -0.00010102094958625017 0.0039694794622050509 0.14808752141821505
decision_type=8 2 2 10 2 2 8
left_child=-1 -2 3 -3 -5 6 -6
right_child=1 2 -4 4 5 -7 -8
leaf_value=-0.00045361968178420412 0.00021900352308831998 -0.00041166660603587685 6.1043470328430748e-05 0.0001739472010466682 -0.00046454422846467427 0.00016352020871668782 -0.00081235334471537954
leaf_weight=30 55 32 350 130 34 92 25
leaf_count=30 55 32 350 130 34 92 25
internal_value=0.00105615 0.00137883 0.00107843 -0.000271565 0.000373666 -0.00162252 -0.00601695
internal_weight=748 718 663 313 281 151 59
internal_count=748 718 663 313 281 151 59
is_linear=0
shrinkage=0.05


Tree=34
num_leaves=8
num_cat=0
split_feature=5 5 10 1 6 9 12
split_gain=0.658723 1.09633 0.487776 0.446429 0.269389 0.650728 0.587379
threshold=0.020467926446627458 0.021510584829204416 0.00054085357346300722 0.0045940613096445712 0.5110125554626852 0.15876079961963832 -0.01116014011506866
decision_type=2 2 2 2 2 10 2
left_child=4 -2 -3 -4 -1 6 -6
right_child=1 2 3 -5 5 -7 -8
leaf_value=0.00012773099296370423 -0.00085097344765470116 0.00046772366517779465 -0.00028720781544638629 7.5823111131212911e-05 -0.00055781475713428681 -0.00031641977839255128 0.00017222250507421249
leaf_weight=440 28 46 28 28 25 51 103
leaf_count=440 28 46 28 28 25 51 103
internal_value=0.000927904 -0.00230769 9.80394e-05 -0.00303571 0.00160743 -2.79328e-05 0.001875
internal_weight=749 130 102 56 619 179 128
internal_count=749 130 102 56 619 179 128
is_linear=0
shrinkage=0.05


Tree=35
num_leaves=8
num_cat=0
split_feature=0 8 6 6 15 9 13
split_gain=0.600194 0.376257 0.484692 0.62991 0.577329 0.556627 0.907687
threshold=-0.036876653430654487 0.070808992833048215 -0.57845850954766764 -0.50546851105947666 0.0097709863996334762 0.050814089715894413 17.164999961853031
decision_type=2 10 2 2 2 10 2
left_child=-1 2 -2 -4 5 -5 -7
right_child=1 -3 3 4 -6 6 -8
leaf_value=-0.00016844718167186793 0.00012178678174221635 0.00010587706094779854 -0.00038099710272778363 0.00018809302013561712 -0.00031414736056332835 1.0944812396563577e-05 -0.00066057722713161687
leaf_weight=25 154 240 26 137 55 84 32
leaf_count=25 154 240 26 137 55 84 32
internal_value=0.00061753 0.000879121 8.19674e-05 -0.000988024 -0.000357143 0.000652174 -0.00189655
internal_weight=753 728 488 334 308 253 116
internal_count=753 728 488 334 308 253 116
is_linear=0
shrinkage=0.05


Tree=36
num_leaves=8
num_cat=0
split_feature=5 11 15 4 11 12 15
split_gain=0.845061 0.644072 0.679331 0.799006 0.506674 0.333997 0.461506
threshold=0.018447366568747677 0.031976499172701407 0.009228690588452328 0.039360113513690238 0.0084762123288910658 0.0062346335449628984 -0.0030367983103272152
decision_type=2 2 2 2 2 2 2
left_child=5 2 3 4 -2 -1 -7
right_child=1 -3 -4 -5 -6 6 -8
leaf_value=0.00012917783146112154 0.00011531684869591028 0.00029705586932415591 -0.00076108180689045044 -0.00048661947204773725 -0.00023664308655447919 0.00017689856164776076 2.4892056804989224e-06
leaf_weight=145 63 28 30 40 25 122 297
leaf_count=145 63 28 30 40 25 122 297
internal_value=0.000933333 -0.00198925 -0.00322785 -0.00164062 0.00102273 0.00189716 0.00118138
internal_weight=750 186 158 128 88 564 419
internal_count=750 186 158 128 88 564 419
is_linear=0
shrinkage=0.05


Tree=37
num_leaves=8
num_cat=0
split_feature=9 1 13 3 14 3 15
split_gain=0.614661 0.300445 0.480392 0.381545 0.34537 0.253615 0.747617
threshold=-0.10046394040504862 -0.031107599914783953 18.154999732971195 0.017390180719969343 0.003286853869637119 0.0019430000681047723 0.0065186161564483322
decision_type=8 2 2 2 2 2 2
left_child=-1 2 4 5 -2 6 -3
right_child=1 3 -4 -5 -6 -7 -8
leaf_value=-0.00034534347240267797 0.00012314653591666833 4.9688323398283003e-05 0.00010551565891462558 -0.00035189763749637117 -2.4409087693838109e-05 0.00016578132170841909 -0.00025155202120141746
leaf_weight=32 26 276 51 27 25 269 52
leaf_count=32 26 276 51 27 25 269 52
internal_value=0.000844327 0.00114325 -0.00137255 0.00155449 -0.00480392 0.00181742 0.000884147
internal_weight=758 726 102 624 51 597 328
internal_count=758 726 102 624 51 597 328
is_linear=0
shrinkage=0.05


Tree=38
num_leaves=8
num_cat=0
split_feature=3 15 2 4 4 3 1
split_gain=0.41892 0.54945 0.460937 0.413562 0.476586 0.511482 1.0487
threshold=-0.020836636163958529 -0.0042783439874682352 0.13210772664213769 0.040135266647601926 0.034058214105168315 -0.00062685594331174366 -0.0044740481141005697
decision_type=2 2 2 2 2 2 2
left_child=-1 -2 3 4 5 6 -3
right_child=1 2 -4 -5 -6 -7 -8
leaf_value=-0.00084366463554213372 0.00013764201841286918 -0.0002072576968311855 0.00042974003852291968 0.00027336487943466778 -0.00029825092999569635 0.00011390083014146667 2.4231811922107758e-05
leaf_weight=30 185 37 46 35 42 289 84
leaf_count=30 185 37 46 35 42 289 84
internal_value=0.00078877 0.00103064 0.00021576 -0.000236139 -0.000641593 -0.000121951 -0.00285124
internal_weight=748 718 533 487 452 410 121
internal_count=748 718 533 487 452 410 121
is_linear=0
shrinkage=0.05


Tree=39
num_leaves=8
num_cat=0
split_feature=0 10 5 11 14 11 12
split_gain=0.513695 0.340259 0.32346 0.633689 0.404434 0.786268 0.436104
threshold=-0.036876653430654487 -0.0066375286305050954 0.021234189743176427 0.011258246929470419 0.037142264963949019 0.0023966928807116488 0.0027925982816148225
decision_type=2 2 2 2 2 2 2
left_child=-1 -2 4 -4 6 -6 -3
right_child=1 2 3 -5 5 -7 -8
leaf_value=-0.000109188165889396 0.0001945469735220181 0.00015934446045067226 -0.00035419151031978443 8.57145068723809e-05 0.00014028071754832859 -0.00051698701130395756 2.7727853434758475e-05
leaf_weight=27 104 94 43 37 29 35 368
leaf_count=27 104 94 43 37 29 35 368
internal_value=0.000658073 0.000915493 0.000462046 -0.0025 0.000912548 -0.0028125 0.00142857
internal_weight=737 710 606 80 526 64 462
internal_count=737 710 606 80 526 64 462
is_linear=0
shrinkage=0.05


Tree=40
num_leaves=8
num_cat=0
split_feature=9 2 9 6 5 1 7
split_gain=0.463864 0.327561 0.349872 0.59034 0.269858 0.682993 0.396991
threshold=-0.10046394040504862 0.13210772664213769 0.24164501791462226 0.39025617903298288 0.018447366568747677 0.016929926007392296 -0.017209314564345931
decision_type=8 2 10 2 2 2 2
left_child=-1 2 4 -4 -2 6 -6
right_child=1 -3 3 -5 5 -7 -8
leaf_value=-0.00028907184337458183 7.1605968628276508e-05 0.00033817118129183328 2.5569235645013751e-05 -0.00024715296323552871 -0.00010833239189585287 -0.00066511758079044255 6.3239338835809652e-05
leaf_weight=28 454 65 37 25 54 45 42
leaf_count=28 454 65 37 25 54 45 42
internal_value=0.0006 0.000844876 0.000509894 -0.00306452 0.000882353 -0.00102837 0.00135417
internal_weight=750 722 657 62 595 141 96
internal_count=750 722 657 62 595 141 96
is_linear=0
shrinkage=0.05


Tree=41
num_leaves=8
num_cat=0
split_feature=12 1 1 5 8 9 8
split_gain=0.545303 0.454715 0.960014 0.755428 0.578308 0.646653 0.432468
threshold=0.041026522292009988 0.032128035740752521 0.047734942107511287 0.014331547531588348 -0.05890145621993486 0.027652141997647098 0.077764611226238248
decision_type=2 2 2 2 10 8 8
left_child=1 4 3 -3 5 -1 -4
right_child=-2 2 6 -5 -6 -7 -8
leaf_value=-2.8636232570879413e-05 0.00012545327022558408 -5.2366937679741483e-05 -0.00019346672847331161 -0.00061277958680424369 9.059473685951883e-05 -0.00025350719634907853 0.00040483134062083853
leaf_weight=79 155 29 40 27 356 29 37
leaf_count=79 155 29 40 27 356 29 37
internal_value=0.000744681 5.86267e-05 -0.0025188 -0.0075 0.000797414 -0.00240741 0.0011039
internal_weight=752 597 133 56 464 108 77
internal_count=752 597 133 56 464 108 77
is_linear=0
shrinkage=0.05


Tree=42
num_leaves=8
num_cat=0
split_feature=9 2 4 4 11 6 6
split_gain=0.400714 0.34926 0.381247 0.448414 0.373415 0.277678 0.305461
threshold=-0.10046394040504862 0.13210772664213769 0.016826211431898757 0.018133054130602799 -0.021243764887310997 -1.1207325110696191 -0.50546851105947666
decision_type=8 2 2 2 2 2 2
left_child=-1 2 -2 -4 -5 -6 -7
right_child=1 -3 3 4 5 6 -8
leaf_value=-0.00034385886259887525 0.0002156982826310677 0.00020842589123567048 -6.0171279492101179e-05 8.8874979358154202e-05 0.0004506815989011158 -1.4955983408361461e-05 6.5767078216163481e-06
leaf_weight=29 75 63 26 55 40 139 326
leaf_count=29 75 63 26 55 40 139 326
internal_value=0.000418327 0.000649171 0.000310136 -0.000119454 0.000178572 -0.000247525 -0.000591398
internal_weight=753 724 661 586 560 505 465
internal_count=753 724 661 586 560 505 465
is_linear=0
shrinkage=0.05


Tree=43
num_leaves=8
num_cat=0
split_feature=9 12 12 12 3 3 14
split_gain=0.668118 0.605132 0.279438 0.431791 0.35734 0.681237 1.15209
threshold=-0.10046394040504862 -0.046452019388258541 -0.015496668614707719 -0.0072815226745224218 -0.0048045276411922124 -0.00062685594331174366 0.013234785210327617
decision_type=8 2 2 2 2 2 2
left_child=-1 -2 -3 -4 -5 6 -6
right_child=1 2 3 4 5 -7 -8
leaf_value=-0.00033146100642361264 -1.795758189136283e-05 0.00030410086371425058 -0.00044050100254808044 0.00013748705662939997 1.0399749185128983e-05 0.00010903588670939133 -0.0001493195079830063
leaf_weight=30 26 88 30 113 62 361 36
leaf_count=30 26 88 30 113 62 361 36
internal_value=0.000643432 0.000949721 0.00123188 0.000847176 0.00115385 0.000533769 -0.00316327
internal_weight=746 716 690 602 572 459 98
internal_count=746 716 690 602 572 459 98
is_linear=0
shrinkage=0.05


Tree=44
num_leaves=8
num_cat=0
split_feature=14 15 3 11 3 12 12
split_gain=0.521983 0.482318 0.656306 0.950896 0.45781 0.569338 0.463141
threshold=0.13092898697672287 0.00027346874058020726 -0.0005624166675934349 0.0070762605113673391 0.0089568640312145415 0.028594674510006083 -0.0080596862952704278
decision_type=2 2 2 2 2 2 2
left_child=1 -1 3 -3 -4 6 -6
right_child=-2 2 4 -5 5 -7 -8
leaf_value=5.9673100405521458e-05 -4.2944925317416874e-05 -0.00049258889225861971 0.0001685067270258108 2.0212293063889266e-05 -0.00025405111965987303 -0.0004386663225151114 0.00022694504371823058
leaf_weight=326 33 46 204 41 25 26 39
leaf_count=326 33 46 204 41 25 26 39
internal_value=0.000540541 0.00082744 -0.000380577 -0.0041954 0.000748299 -0.00222222 0.0003125
internal_weight=740 707 381 87 294 90 64
internal_count=740 707 381 87 294 90 64
is_linear=0
shrinkage=0.05


Tree=45
num_leaves=8
num_cat=0
split_feature=9 9 3 3 14 6 5
split_gain=0.680943 0.342113 0.30704 0.540901 0.668182 0.449851 0.441154
threshold=-0.10046394040504862 0.32148684059739657 -0.0048045276411922124 -0.00062685594331174366 0.013234785210327617 -0.67690267242937663 0.021023734913157125
decision_type=8 10 2 2 2 2 2
left_child=-1 2 -2 4 -4 -5 -7
right_child=1 -3 3 5 -6 6 -8
leaf_value=-0.00033781166325592998 9.569172259370639e-05 -5.0939588566800225e-05 1.3841338261037112e-05 0.00020096801142589998 -0.00014278865306749876 7.0116251111795643e-06 -0.00030281113843581598
leaf_weight=29 148 25 66 105 44 301 28
leaf_count=29 148 25 66 105 44 301 28
internal_value=0.000442359 0.000746165 0.000953757 0.000404412 -0.00272727 0.00119816 0.000288754
internal_weight=746 717 692 544 110 434 329
internal_count=746 717 692 544 110 434 329
is_linear=0
shrinkage=0.05


Tree=46
num_leaves=8
num_cat=0
split_feature=9 6 16 1 16 5 1
split_gain=0.672992 0.304215 0.566673 0.643942 0.538969 0.89712 0.242736
threshold=-0.10046394040504862 0.5110125554626852 -0.0079965497412306501 -0.039300399208233298 0.010510726272772388 0.0149131202321273 0.043377689097570678
decision_type=8 2 2 2 2 2 2
left_child=-1 6 3 -3 -4 -6 -2
right_child=1 2 4 -5 5 -7 -8
leaf_value=-0.00024728319119230678 6.6314603802219394e-05 0.00011660457999668627 0.00031078231434406885 -0.0018660571689614023 0.00034564394220213632 -0.00045378705477029912 0.00021148349827731754
leaf_weight=31 470 26 71 31 34 30 55
leaf_count=31 470 26 71 31 34 30 55
internal_value=0.00092246 0.00123431 -0.00046875 -0.00464912 0.0012963 -0.00203125 0.00185714
internal_weight=748 717 192 57 135 64 525
internal_count=748 717 192 57 135 64 525
is_linear=0
shrinkage=0.05


Tree=47
num_leaves=8
num_cat=0
split_feature=9 6 5 14 3 11 8
split_gain=0.710498 0.362472 0.478041 0.618324 0.853734 0.864581 0.638591
threshold=-0.10046394040504862 -0.30326472056922926 0.012899072313467591 -0.06426442822534599 -0.0032536303871029677 -0.0033089038449953807 0.088011390134566395
decision_type=8 2 2 2 2 2 10
left_child=-1 -2 -3 -4 -5 -6 -7
right_child=1 2 3 4 5 6 -8
leaf_value=-0.0003085569205335181 7.0548955233942919e-05 9.4922352452011068e-05 0.00027597345255132096 8.7116892184693363e-05 5.6228413584330098e-05 -0.00034933976290863871 -4.613389272620282e-06
leaf_weight=29 318 132 46 69 48 66 31
leaf_count=29 318 132 46 69 48 66 31
internal_value=0.000602165 0.000915493 -0.000102041 -0.00134615 -0.00247664 -0.00465517 -0.00737113
internal_weight=739 710 392 260 214 145 97
internal_count=739 710 392 260 214 145 97
is_linear=0
shrinkage=0.05


Tree=48
num_leaves=8
num_cat=0
split_feature=4 5 8 5 11 9 13
split_gain=0.274948 0.42735 0.595358 0.400417 0.249765 0.278878 0.416667
threshold=0.017331213225869054 0.012259578315413727 0.073403114493077473 0.012788175413538527 0.037714615631601174 -0.10046394040504862 18.595000267028812
decision_type=2 2 10 2 2 8 2
left_child=-1 2 -2 -3 5 -5 -7
right_child=1 3 -4 4 -6 6 -8
leaf_value=0.00024422017327208046 -0.00013153718059018897 0.00023006251389455065 0.00014954398606992051 -0.00044040488044317879 0.000267733057610684 -2.5761741370852239e-06 7.0838004496068721e-05
leaf_weight=90 29 52 36 25 28 320 160
leaf_count=90 29 52 36 25 28 320 160
internal_value=0.000743243 0.000384616 -0.00346154 0.000811966 0.000403377 0.000148515 0.000416667
internal_weight=740 650 65 585 533 505 480
internal_count=740 650 65 585 533 505 480
is_linear=0
shrinkage=0.05


Tree=49
num_leaves=8
num_cat=0
split_feature=5 5 10 10 8 4 12
split_gain=0.496244 0.737851 0.568142 0.438793 0.436267 0.352257 0.62858
threshold=0.020467926446627458 0.021510584829204416 -0.0066375286305050954 -0.0052693175336530054 -0.034522348770039839 0.022143451200711348 0.054230136510325939
decision_type=2 2 2 2 10 2 2
left_child=2 -2 -1 -4 -3 -5 -7
right_child=1 4 3 5 -6 6 -8
leaf_value=0.00029532560482954992 -0.00071792085130040412 0.00024709252273299342 -5.6806209141311695e-05 0.00013849081454020721 -7.4070545735537179e-05 2.5848292354152288e-06 -4.9403338995066259e-05
leaf_weight=76 27 57 28 217 43 245 40
leaf_count=76 27 57 28 217 43 245 40
internal_value=0.000361528 -0.00248031 0.000957096 0.000377359 -0.0005 0.000717132 -0.000438596
internal_weight=733 127 606 530 100 502 285
internal_count=733 127 606 530 100 502 285
is_linear=0
shrinkage=0.05


Tree=50
num_leaves=8
num_cat=0
split_feature=9 7 2 2 10 10 6
split_gain=0.322869 0.240277 0.482961 1.30667 0.374642 0.989649 0.388357
threshold=-0.10046394040504862 0.043809554140937686 0.099227192667557432 0.088097008685470782 0.0039694794622050509 0.0033676747236286446 0.63268202724975642
decision_type=8 2 2 2 2 2 2
left_child=-1 4 3 -3 5 -2 -6
right_child=1 2 -4 -5 6 -7 -8
leaf_value=-0.00019912388628929193 3.2071065052971214e-05 6.3840781976962091e-05 0.00022023643245232076 -0.0006996730153278766 0.00016513619957780296 -6.3355786019264601e-05 -0.0002535726018320334
leaf_weight=33 351 50 92 25 134 25 30
leaf_count=33 351 50 92 25 134 25 30
internal_value=0.000743243 0.000968883 -0.000688623 -0.00366667 0.00148148 0.000611702 0.00347561
internal_weight=740 707 167 75 540 376 164
internal_count=740 707 167 75 540 376 164
is_linear=0
shrinkage=0.05


Tree=51
num_leaves=8
num_cat=0
split_feature=10 13 6 6 11 5 4
split_gain=0.371408 0.57617 0.686133 0.840898 0.517156 0.631579 0.348343
threshold=-0.0042544588401209329 17.494999885559086 0.76832808396482843 -0.14231504341464732 0.012360960719592808 0.021234189743176427 0.040135266647601926
decision_type=2 2 2 2 2 2 2
left_child=6 -2 3 4 5 -3 -1
right_child=1 2 -4 -5 -6 -7 -8
leaf_value=8.8709596068286059e-05 5.5533893053670367e-05 -2.9427898360310077e-05 -0.00088684666209228828 0.00026538019731848079 0.00020633131738443755 -0.00027879959929572132 -0.00060578973934185024
leaf_weight=153 395 49 37 43 33 27 25
leaf_count=153 395 49 37 43 33 27 25
internal_value=0.000472441 -0.000136986 -0.00240741 -0.000921052 -0.00325688 -0.00552632 0.00247191
internal_weight=762 584 189 152 109 76 178
internal_count=762 584 189 152 109 76 178
is_linear=0
shrinkage=0.05


Tree=52
num_leaves=8
num_cat=0
split_feature=8 2 4 13 4 5 14
split_gain=0.552409 0.852551 0.326453 0.48963 0.72 0.550722 0.568062
threshold=0.040231235751682866 0.050001546855820818 0.021578446260653628 14.870000362396242 0.026214904242677309 0.0149131202321273 -0.019792958121071843
decision_type=8 2 2 2 2 2 2
left_child=1 2 -1 4 -4 -5 -7
right_child=-2 -3 3 5 -6 6 -8
leaf_value=0.00037482948307406217 6.4240640809538728e-05 -9.8207823328897738e-05 -0.00017492260427859295 0.00037373664013436148 0.00029041899286783555 5.7318469700438912e-05 -0.00042453551974344015
leaf_weight=48 370 29 25 52 25 89 110
leaf_count=48 370 29 25 52 25 89 110
internal_value=0.00078877 -0.000555555 0.00012894 -0.000481727 -0.005 0.000418327 -0.000778894
internal_weight=748 378 349 301 50 251 199
internal_count=748 378 349 301 50 251 199
is_linear=0
shrinkage=0.05


Tree=53
num_leaves=8
num_cat=0
split_feature=11 9 1 2 12 6 7
split_gain=0.375286 0.390764 0.379662 0.747406 0.867106 0.428697 0.461747
threshold=0.031976499172701407 -0.10046394040504862 0.032128035740752521 0.099227192667557432 0.018300585025284647 1.5804230431761856 0.055776968192217453
decision_type=2 8 2 2 2 2 2
left_child=1 -1 5 4 -4 6 -3
right_child=-2 2 3 -5 -6 -7 -8
leaf_value=-0.00025314110645293655 0.0002906822983091145 4.6846409320111949e-05 -0.00050912204015802467 0.0001861702665750149 4.6917880315295074e-06 -0.00056997647856945081 -0.00014426495367145199
leaf_weight=29 46 463 35 50 47 48 25
leaf_count=29 46 463 35 50 47 48 25
internal_value=0.000625841 0.000337159 0.000583833 -0.00181818 -0.0047561 0.00117537 0.00161885
internal_weight=743 697 668 132 82 536 488
internal_count=743 697 668 132 82 536 488
is_linear=0
shrinkage=0.05


Tree=54
num_leaves=8
num_cat=0
split_feature=9 1 13 9 7 4 14
split_gain=0.418128 0.321412 0.372076 0.524482 0.707411 0.647356 0.493878
threshold=-0.10046394040504862 0.013206412668091418 13.174999713897707 0.038350736892833533 0.038131235822299721 0.024608487038013365 -0.036818887874406285
decision_type=8 2 2 10 2 2 2
left_child=-1 -2 -3 -4 5 -5 -6
right_child=1 2 3 4 6 -7 -8
leaf_value=-0.00020831115037176263 4.9268247031903834e-05 8.6737713037098949e-05 0.00010221959696973235 5.6851984441829262e-06 -0.0001653076341935854 -0.00059372060236371007 0.00017686175747171366
leaf_weight=30 409 31 121 25 28 33 70
leaf_count=30 409 31 121 25 28 33 70
internal_value=0.000783133 0.0010251 -0.000194805 -0.000776173 -0.00269231 -0.00706897 -0.000102041
internal_weight=747 717 308 277 156 58 98
internal_count=747 717 308 277 156 58 98
is_linear=0
shrinkage=0.05


Tree=55
num_leaves=8
num_cat=0
split_feature=16 16 10 14 3 12 9
split_gain=0.352667 0.549819 0.41858 0.858072 0.717409 0.613196 0.538534
threshold=-0.025601212369674161 -0.029897974084020614 -0.0063062560979271201 0.028971532531295811 -0.00062685594331174366 0.027464825873152136 -0.020844276999046892
decision_type=2 2 2 2 2 2 8
left_child=1 -1 -2 5 -5 6 -4
right_child=2 -3 3 4 -6 -7 -8
leaf_value=0.00022656178085187661 8.2976566590261917e-05 -0.00076293588958089556 -0.00015502102185649099 -9.4187586503016127e-05 0.00017689072378628337 9.7108603501700564e-05 8.075226153633604e-06
leaf_weight=29 99 26 43 50 46 241 229
leaf_count=29 99 26 43 50 46 241 229
internal_value=0.000674967 -0.00318182 0.000974576 0.000484401 -0.00385417 0.0012963 -0.000330882
internal_weight=763 55 708 609 96 513 272
internal_count=763 55 708 609 96 513 272
is_linear=0
shrinkage=0.05


Tree=56
num_leaves=8
num_cat=0
split_feature=8 13 0 2 3 9 9
split_gain=0.484264 0.45671 0.835714 0.942308 0.398292 1.10835 0.491232
threshold=0.040231235751682866 15.025000095367433 -0.0041336996575058174 -0.014576025035042016 0.00027355536724194002 0.053453897507670829 -0.065295660410117348
decision_type=8 2 2 2 2 10 10
left_child=1 2 -1 -4 5 -3 -6
right_child=-2 4 3 -5 6 -7 -8
leaf_value=0.00057519219065963996 6.2212113798413543e-05 1.8920552512225975e-05 1.4060590301771661e-06 -0.001269239131734835 -4.550093698937464e-05 -0.00032674248541391624 0.00025697415558211835
leaf_weight=28 369 105 26 26 51 25 109
leaf_count=28 369 105 26 26 51 25 109
internal_value=0.000872801 -0.000405405 -0.00375 -0.0075 0.000517242 -0.00153846 0.0021875
internal_weight=739 370 80 52 290 130 160
internal_count=739 370 80 52 290 130 160
is_linear=0
shrinkage=0.05


Tree=57
num_leaves=8
num_cat=0
split_feature=10 5 5 16 6 11 0
split_gain=0.386613 0.429042 0.98045 0.609426 0.425421 0.279674 0.276624
threshold=0.011869718420407295 0.020901886889071439 0.022126364571494337 0.01446204293635356 0.22202062983239765 -0.018044507294420583 0.014245827070444085
decision_type=2 2 2 2 2 2 2
left_child=1 5 -3 -4 -2 -1 -7
right_child=4 2 3 -5 -6 6 -8
leaf_value=0.00039778027283505026 0.00015580443744800227 -0.00057482360367130589 0.00052234158423952737 -9.0547885741024768e-05 -0.00041609579690734015 1.8219546351903148e-05 0.0002474980727573117
leaf_weight=58 27 32 45 26 28 430 89
leaf_count=58 27 32 45 26 28 430 89
internal_value=0.00085034 0.00117647 -0.00179612 0.00147887 -0.00318182 0.00170711 0.00133911
internal_weight=735 680 103 71 55 577 519
internal_count=735 680 103 71 55 577 519
is_linear=0
shrinkage=0.05


Tree=58
num_leaves=8
num_cat=0
split_feature=11 13 2 1 1 10 0
split_gain=0.319215 0.608217 0.584277 0.448561 0.546452 0.433083 0.436095
threshold=-0.022310337551763478 17.494999885559086 0.004530486709510618 -0.023460669502224748 0.0057865391434145383 -0.0036672927234202564 0.012653048043847705
decision_type=2 2 2 2 2 2 2
left_child=-1 -2 3 -3 -5 -4 -7
right_child=1 2 5 4 -6 6 -8
leaf_value=0.00022662080533876485 5.0232916126826963e-05 4.3482834327541186e-05 0.00020239968631070141 -0.00040509108597784681 -1.0398092825826806e-05 -0.00013477584012328443 0.00050610659914336381
leaf_weight=63 461 37 38 25 31 63 32
leaf_count=63 461 37 38 25 31 63 32
internal_value=0.0008 0.000487628 -0.00163717 -0.00467742 -0.0075 0.000488722 -0.00131579
internal_weight=750 687 226 93 56 133 95
internal_count=750 687 226 93 56 133 95
is_linear=0
shrinkage=0.05


Tree=59
num_leaves=8
num_cat=0
split_feature=10 5 4 10 2 2 13
split_gain=0.366178 0.502272 0.756463 0.471242 0.344084 0.686812 0.814921
threshold=-0.0069332481569183138 0.021023734913157125 0.037688555403529535 -0.0052693175336530054 0.088097008685470782 0.099227192667557432 18.105000495910648
decision_type=2 2 2 2 2 2 2
left_child=-1 3 -3 -2 -5 -6 -7
right_child=1 2 -4 4 5 6 -8
leaf_value=7.669121638383552e-05 -5.5458503006102723e-06 -0.00050549572292816461 3.428315495283476e-05 5.8719388055214398e-05 -0.00038513181255778628 0.00012253214425617825 -0.00012081320712723322
leaf_weight=110 35 41 48 375 38 86 25
leaf_count=110 35 41 48 375 38 86 25
internal_value=0.000514512 6.17286e-05 -0.00342697 0.000617174 0.000992367 -0.00104027 0.000945946
internal_weight=758 648 89 559 524 149 111
internal_count=758 648 89 559 524 149 111
is_linear=0
shrinkage=0.05


Tree=60
num_leaves=8
num_cat=0
split_feature=13 15 14 14 3 3 11
split_gain=0.477323 0.833085 0.469128 0.45732 0.327708 0.450001 0.740644
threshold=21.295000076293949 0.0033053595440782906 0.11108526702174228 -0.06426442822534599 0.00276089590166595 0.006383391501335268 0.0090107413395309494
decision_type=2 2 2 2 2 2 2
left_child=3 2 -2 -1 -5 -6 -7
right_child=1 -3 -4 4 5 6 -8
leaf_value=0.00019490003248872273 0.0005346802483917096 -0.00039933144843317818 -4.0050346147649902e-05 -4.7077486395770537e-06 0.00015795582276935134 0.00027015912668302438 -8.7032535056247941e-05
leaf_weight=82 31 36 28 351 113 61 51
leaf_count=82 31 36 28 351 113 61 51
internal_value=0.000418327 -0.00289474 0.000762712 0.000896657 0.000399306 0.00188889 -0.000357143
internal_weight=753 95 59 658 576 225 112
internal_count=753 95 59 658 576 225 112
is_linear=0
shrinkage=0.05


Tree=61
num_leaves=8
num_cat=0
split_feature=4 5 5 14 9 0 4
split_gain=0.488328 0.449943 0.816007 0.575518 0.572126 0.57619 0.516237
threshold=0.021640607117106522 0.023509920070886679 0.020901886889071439 0.012431899030548645 0.15876079961963832 0.00017699217543698523 0.022560740439339432
decision_type=2 2 2 2 10 2 2
left_child=-1 2 4 -4 6 -6 -2
right_child=1 -3 3 -5 5 -7 -8
leaf_value=0.00014224686359288322 -1.4493736075892239e-05 0.00037657598625835041 -0.00044133446976512419 -0.00027394413351835184 0.00023569790546741631 -0.00016383380946435221 4.3919594109738447e-05
leaf_weight=235 39 43 33 34 30 40 282
leaf_count=235 39 43 33 34 30 40 282
internal_value=0.000991848 0.000109781 -0.000349345 -0.00544776 0.000524297 -0.00357143 0.00141745
internal_weight=736 501 458 67 391 70 321
internal_count=736 501 458 67 391 70 321
is_linear=0
shrinkage=0.05


Tree=62
num_leaves=8
num_cat=0
split_feature=9 14 0 0 3 11 16
split_gain=0.32288 0.395097 0.318325 1.24132 0.432352 0.918166 0.348113
threshold=-0.10046394040504862 -0.06426442822534599 -0.014223238085313337 -0.0093417797175338584 0.0089568640312145415 0.0090107413395309494 -0.022718843335850666
decision_type=8 2 2 2 2 2 2
left_child=-1 -2 -3 -4 6 -6 -5
right_child=1 2 3 4 5 -7 -8
leaf_value=-0.00011917324260416449 0.00024602781828404161 4.6016413268862817e-05 -0.00018402263804666508 -9.190723492094702e-05 6.546030633885874e-05 -0.00033016130220021205 6.4434255183849488e-05
leaf_weight=32 89 111 46 27 45 31 370
leaf_count=32 89 111 46 27 45 31 370
internal_value=0.000539281 0.000757997 0.00031746 -0.000202312 0.000560254 -0.00289474 0.00122166
internal_weight=751 719 630 519 473 76 397
internal_count=751 719 630 519 473 76 397
is_linear=0
shrinkage=0.05


Tree=63
num_leaves=8
num_cat=0
split_feature=6 13 11 4 10 14 8
split_gain=0.291468 0.282603 0.44807 0.34537 0.34028 0.354398 0.50094
threshold=-1.1929733266902469 21.295000076293949 -0.022310337551763478 0.036365589277124903 -0.0066375286305050954 -0.058539441914538297 0.040231235751682866
decision_type=2 2 2 2 2 2 8
left_child=-1 4 -3 -4 -2 -6 -7
right_child=1 2 3 -5 5 6 -8
leaf_value=0.00044829801533719291 0.00010707410482261359 0.00036861139121894442 -0.00067585702521155656 3.5924935344786579e-06 0.0002246435506711771 -3.0757836399296357e-05 3.1317823550465425e-05
leaf_weight=46 78 38 25 26 84 186 269
leaf_count=46 78 38 25 26 84 186 269
internal_value=0.00114362 0.000892351 -0.00174157 -0.00480392 0.00127229 0.000825603 0.000274725
internal_weight=752 706 89 51 617 539 455
internal_count=752 706 89 51 617 539 455
is_linear=0
shrinkage=0.05


Tree=64
num_leaves=8
num_cat=0
split_feature=4 4 0 3 12 4 16
split_gain=0.37326 0.617546 0.331619 0.410672 0.868431 0.930441 0.837809
threshold=0.022262379217361978 0.022890759428434611 -0.013056302859773104 0.0037611019780873227 0.026646487764570907 0.036586571666062287 -0.0019465839787738413
decision_type=2 2 2 2 2 2 2
left_child=-1 -2 -3 4 5 6 -4
right_child=1 2 3 -5 -6 -7 -8
leaf_value=3.9426749241494135e-05 -0.00018620813913775071 6.5801357708291348e-05 -3.8704818523944966e-06 3.4780629840841322e-05 0.0001644918010862864 0.00011955372456192798 -0.00051491229706463425
leaf_weight=270 28 92 38 152 72 28 52
leaf_count=270 28 92 38 152 72 28 52
internal_value=0.000560109 -0.00030303 0.000161291 -0.000555555 -0.00210526 -0.00474576 -0.00722222
internal_weight=732 462 434 342 190 118 90
internal_count=732 462 434 342 190 118 90
is_linear=0
shrinkage=0.05


Tree=65
num_leaves=8
num_cat=0
split_feature=9 16 2 7 2 4 3
split_gain=0.325043 0.334253 0.626431 0.305246 0.514808 0.298314 0.385409
threshold=0.32148684059739657 -0.024733432953207121 -0.060475666497909468 -0.047894993647376531 -0.073876620599216056 0.019236553832515598 0.0034614446205667453
decision_type=10 2 2 2 2 2 2
left_child=1 2 -1 -3 -5 -6 -7
right_child=-2 3 -4 4 5 6 -8
leaf_value=0.00041882482402894028 -6.04011534011996e-05 8.0264428425895769e-05 -0.00046346995789964301 -7.715846308464621e-06 0.0001509363585085535 -6.7303578615793768e-06 6.7906272344973935e-05
leaf_weight=27 26 54 33 36 116 259 201
leaf_count=27 26 54 33 36 116 259 201
internal_value=0.00087766 0.00107438 -0.0025 0.0013964 0.00107843 0.00144097 0.000869565
internal_weight=752 726 60 666 612 576 460
internal_count=752 726 60 666 612 576 460
is_linear=0
shrinkage=0.05


Tree=66
num_leaves=8
num_cat=0
split_feature=2 1 10 8 1 2 10
split_gain=0.316929 0.290433 0.68472 0.690106 0.296443 0.69926 0.652262
threshold=0.13210772664213769 0.039784894729888561 0.0059882798291268644 0.087200066924322597 0.0011154086626781192 0.083695842554544223 0.0039394347110435221
decision_type=2 2 2 8 2 2 2
left_child=1 4 3 -3 -1 -6 -7
right_child=-2 2 -4 -5 5 6 -8
leaf_value=3.5473267282817595e-06 0.00025502559649407557 -0.00066655680481265988 0.00013753577718304019 0.00012005065789888735 7.9751723847804412e-05 7.120188527001166e-06 -0.00052077551744119201
leaf_weight=300 67 39 37 27 215 34 26
leaf_count=300 67 39 37 27 215 34 26
internal_value=0.000973155 0.000648968 -0.00179612 -0.00484848 0.00108696 0.00227273 -0.0025
internal_weight=745 678 103 66 575 275 60
internal_count=745 678 103 66 575 275 60
is_linear=0
shrinkage=0.05


Tree=67
num_leaves=8
num_cat=0
split_feature=15 4 16 2 2 15 5
split_gain=0.415724 0.577667 0.54616 0.569186 0.667187 0.602336 0.459487
threshold=-0.0019536931621736415 0.041710796549210789 -0.02132567527222928 0.092174577444656416 0.13210772664213769 0.0071752468115410259 0.021234189743176427
decision_type=2 2 2 2 2 2 2
left_child=1 -1 -2 6 5 -5 -4
right_child=2 -3 3 4 -6 -7 -8
leaf_value=6.0908091802165513e-05 -0.00048628191285823006 -0.00048440913192094204 3.1057416982993237e-05 -0.00021523303697682864 0.00017884223408116634 -1.9279775148624845e-06 -5.0300684971329158e-05
leaf_weight=275 31 26 273 27 47 31 52
leaf_count=275 31 26 273 27 47 31 52
internal_value=0.00106299 0.00250831 0.000119306 0.000581396 -0.00261905 -0.0062069 0.00161538
internal_weight=762 301 461 430 105 58 325
internal_count=762 301 461 430 105 58 325
is_linear=0
shrinkage=0.05


Tree=68
num_leaves=8
num_cat=0
split_feature=3 8 4 10 11 1 8
split_gain=0.408261 0.516277 0.492058 0.58029 0.997543 1.464 0.36131
threshold=0.0034948361543167832 0.12106781020424552 0.021640607117106522 -0.00010102094958625017 0.010798800902990015 -0.0080326888018867875 -0.067056210173227812
decision_type=2 10 2 2 2 2 10
left_child=1 2 -1 6 5 -5 -4
right_child=-2 -3 3 4 -6 -7 -8
leaf_value=0.0001482264343953595 4.3762353191654836e-05 -3.5501530437039376e-05 -0.00017415828888176185 5.9788231284731571e-06 5.3701972174048166e-05 -0.00065458536281133735 2.9596227187793418e-05
leaf_weight=138 284 26 51 32 77 33 112
leaf_count=138 284 26 51 32 77 33 112
internal_value=0.00121514 0.000309169 0.000711061 -0.000409836 -0.00274648 -0.00730769 0.00162577
internal_weight=753 469 443 305 142 65 163
internal_count=753 469 443 305 142 65 163
is_linear=0
shrinkage=0.05


Tree=69
num_leaves=8
num_cat=0
split_feature=9 13 13 16 11 9 16
split_gain=0.322128 0.354354 0.473975 0.384073 0.522573 1.44859 0.417166
threshold=-0.10848060539335934 18.595000267028812 17.860000610351566 0.011738461532218582 -0.0021053722365206302 0.15876079961963832 0.019897674004378033
decision_type=8 2 2 2 2 10 2
left_child=-1 2 3 4 5 -2 -5
right_child=1 -3 -4 6 -6 -7 -8
leaf_value=-0.00023317723702918843 0.00013296965600674635 7.0952491157841484e-05 -0.00044206311783399156 -0.00012063371478840754 5.4672957054704931e-05 -0.0011928475561439307 8.8451031377497887e-05
leaf_weight=28 73 188 44 79 210 25 103
leaf_count=28 73 188 44 79 210 25 103
internal_value=0.00133333 0.0015374 0.00088015 0.00132653 0.0024026 -0.000612245 -0.000494505
internal_weight=750 722 534 490 308 98 182
internal_count=750 722 534 490 308 98 182
is_linear=0
shrinkage=0.05


Tree=70
num_leaves=8
num_cat=0
split_feature=9 9 3 5 16 14 4
split_gain=0.298369 0.558967 0.994329 0.326274 0.281679 0.743625 0.211987
threshold=0.031267534732600029 0.067676120115573904 -0.0005624166675934349 0.017038119867512375 0.028050775928852526 -0.015974596701323503 0.020333957929329311
decision_type=8 8 2 2 2 2 2
left_child=-1 2 -2 -4 6 -6 -3
right_child=1 4 3 -5 5 -7 -8
leaf_value=5.6729007493268313e-05 -0.00019490011958454316 4.8911071481187394e-06 0.00025992552428604474 -9.2717177510275627e-06 0.00039239814447581019 -0.00070367561392018169 3.1372685214030783e-05
leaf_weight=164 29 148 26 25 31 27 291
leaf_count=164 29 148 26 25 31 27 291
internal_value=0.0012888 0.0007539 -0.003125 0.00107843 0.00137827 -0.00189655 0.00181093
internal_weight=741 577 80 51 497 58 439
internal_count=741 577 80 51 497 58 439
is_linear=0
shrinkage=0.05


Tree=71
num_leaves=8
num_cat=0
split_feature=5 15 5 5 8 12 4
split_gain=0.346925 0.439178 0.304861 0.543256 0.249993 0.186923 0.182899
threshold=0.018447366568747677 0.009228690588452328 0.022126364571494337 0.020467926446627458 0.14257155956128356 0.018878595009899749 0.026435375870297824
decision_type=2 2 2 2 8 2 2
left_child=4 2 3 5 6 -2 -1
right_child=1 -3 -4 -5 -6 -7 -8
leaf_value=1.8633052394963157e-05 -0.00019482526152555309 -0.00042516717105088673 6.1207651694108968e-05 -0.00028370685286151649 -1.7008186174994553e-05 0.00059687270826918985 0.00013197641430566951
leaf_weight=415 25 39 62 37 35 27 107
leaf_count=415 25 39 62 37 35 27 107
internal_value=0.00131861 -0.000526316 0.000695364 -0.00117978 0.00194794 0.00211538 0.00222222
internal_weight=747 190 151 89 557 52 522
internal_count=747 190 151 89 557 52 522
is_linear=0
shrinkage=0.05


end of trees

feature_importances:
dist_ma200=56
atr_pct=48
parkinson_20=40
dvol_z_20=39
overnight_gap=37
ret_5d=32
ret_20d=31
dist_ma50=28
spy_ret_1d=27
sector_ret_1d=27
sector_ret_5d=26
vix_chg_1d=23
spy_ret_5d=22
spy_ret_20d=21
vix_level=20
ret_1d=15
dist_ma20=12

parameters:
[boosting: gbdt]
[objective: quantile]
[metric: quantile]
[tree_learner: serial]
[device_type: cpu]
[data_sample_strategy: bagging]
[data: ]
[valid: ]
[num_iterations: 80]
[learning_rate: 0.05]
[num_leaves: 8]
[num_threads: 1]
[seed: 0]
[deterministic: 0]
[force_col_wise: 1]
[force_row_wise: 0]
[histogram_pool_size: -1]
[max_depth: -1]
[min_data_in_leaf: 25]
[min_sum_hessian_in_leaf: 0.001]
[bagging_fraction: 0.9]
[pos_bagging_fraction: 1]
[neg_bagging_fraction: 1]
[bagging_freq: 1]
[bagging_seed: 3]
[bagging_by_query: 0]
[feature_fraction: 0.9]
[feature_fraction_bynode: 1]
[feature_fraction_seed: 2]
[extra_trees: 0]
[extra_seed: 6]
[early_stopping_round: 0]
[early_stopping_min_delta: 0]
[first_metric_only: 0]
[max_delta_step: 0]
[lambda_l1: 0]
[lambda_l2: 0]
[linear_lambda: 0]
[min_gain_to_split: 0]
[drop_rate: 0.1]
[max_drop: 50]
[skip_drop: 0.5]
[xgboost_dart_mode: 0]
[uniform_drop: 0]
[drop_seed: 4]
[top_rate: 0.2]
[other_rate: 0.1]
[min_data_per_group: 100]
[max_cat_threshold: 32]
[cat_l2: 10]
[cat_smooth: 10]
[max_cat_to_onehot: 4]
[top_k: 20]
[monotone_constraints: ]
[monotone_constraints_method: basic]
[monotone_penalty: 0]
[feature_contri: ]
[forcedsplits_filename: ]
[refit_decay_rate: 0.9]
[cegb_tradeoff: 1]
[cegb_penalty_split: 0]
[cegb_penalty_feature_lazy: ]
[cegb_penalty_feature_coupled: ]
[path_smooth: 0]
[interaction_constraints: ]
[verbosity: -1]
[saved_feature_importance_type: 0]
[use_quantized_grad: 0]
[num_grad_quant_bins: 4]
[quant_train_renew_leaf: 0]
[stochastic_rounding: 1]
[linear_tree: 0]
[max_bin: 255]
[max_bin_by_feature: ]
[min_data_in_bin: 3]
[bin_construct_sample_cnt: 200000]
[data_random_seed: 1]
[is_enable_sparse: 1]
[enable_bundle: 1]
[use_missing: 1]
[zero_as_missing: 0]
[feature_pre_filter: 1]
[pre_partition: 0]
[two_round: 0]
[header: 0]
[label_column: ]
[weight_column: ]
[group_column: ]
[ignore_column: ]
[categorical_feature: ]
[forcedbins_filename: ]
[precise_float_parser: 0]
[parser_config_file: ]
[objective_seed: 5]
[num_class: 1]
[is_unbalance: 0]
[scale_pos_weight: 1]
[sigmoid: 1]
[boost_from_average: 1]
[reg_sqrt: 0]
[alpha: 0.1]
[fair_c: 1]
[poisson_max_delta_step: 0.7]
[tweedie_variance_power: 1.5]
[lambdarank_truncation_level: 30]
[lambdarank_norm: 1]
[label_gain: ]
[lambdarank_position_bias_regularization: 0]
[eval_at: ]
[multi_error_top_k: 1]
[auc_mu_weights: ]
[num_machines: 1]
[local_listen_port: 12400]
[time_out: 120]
[machine_list_filename: ]
[machines: ]
[gpu_platform_id: -1]
[gpu_device_id: -1]
[gpu_device_id_list: ]
[gpu_use_dp: 0]
[num_gpu: 1]

end of parameters

pandas_categorical:[]
