tree
version=v4
num_class=1
num_tree_per_iteration=1
label_index=0
max_feature_idx=16
objective=quantile
feature_names=ret_1d ret_5d ret_20d overnight_gap atr_pct parkinson_20 dvol_z_20 dist_ma20 dist_ma50 dist_ma200 spy_ret_1d spy_ret_5d spy_ret_20d vix_level vix_chg_1d sector_ret_1d sector_ret_5d
feature_infos=[-0.045714953817374004:0.047350993377483608] [-0.10599783861671475:0.072653761333006495] [-0.11907571288102259:0.1406967626302229] [-0.032606225857759519:0.029338389382297381] [0.011920338466229599:0.029645523335533996] [0.007832378578255441:0.017362359765870614] [-2.1377689699816536:4.1454726483510704] [-0.093635728665927176:0.080292590294022581] [-0.10536138889951485:0.1280326585866276] [-0.086875969221494431:0.14663372163106403] [-0.058542947643003718:0.10501933612632941] [-0.11496158439845272:0.082843216242346029] [-0.12265592443394913:0.15756596870864792] [11.859999656677246:52.330001831054688] [-0.35753873962348437:0.74039073966007019] [-0.055499239736441885:0.039932885906040161] [-0.11075949367088611:0.072664359861591699]
tree_sizes=846 862 865 859 859 864 857 868 867 865 862 866 867 853 865 872

Tree=0
num_leaves=8
num_cat=0
split_feature=10 1 7 7 13 9 1
split_gain=1.65512 0.730992 1.25686 1.71958 0.501845 0.709888 0.542226
threshold=-0.0012922335739780075 0.032709789828699772 0.016626518523287229 0.02705881043175196 17.994999885559086 0.094012779756050949 -0.0094115575155946912
decision_type=2 2 2 2 2 8 2
left_child=1 2 -1 -4 -2 6 -6
right_child=4 -3 3 -5 5 -7 -8
leaf_value=0.0005407320645688773 0.00042472469718714685 0.00045830516332406521 0.00069808737360776973 0.00051581316025268022 0.00050384447891425345 0.00042287508958861048 0.00069630473532607815
leaf_weight=184 347 36 26 28 28 75 26
leaf_count=184 347 36 26 28 28 75 26
internal_value=0.000438238 0.0035341 0.00453852 0.0112456 -0.00134383 0.00131886 0.00569009
internal_weight=750 274 238 54 476 129 54
internal_count=750 274 238 54 476 129 54
is_linear=0
shrinkage=1


Tree=1
num_leaves=8
num_cat=0
split_feature=13 16 1 1 9 14 7
split_gain=0.873822 0.830037 1.09795 0.799276 1.09315 0.743498 0.543636
threshold=13.085000038146974 -0.0023025277309267063 0.012137275395586069 -0.023032968181642018 -0.028733220920272803 0.003286853869637119 0.026813137997798279
decision_type=2 2 2 2 8 2 2
left_child=-1 2 3 4 -2 -6 -3
right_child=1 6 -4 -5 5 -7 -8
leaf_value=-0.00015229743268031318 0.00020230995365649626 1.3973371561030312e-06 0.00015069947210027013 -8.8602104802944941e-06 -0.00010442848377415956 0.00010550621360456091 -0.00012544166299134998
leaf_weight=70 26 303 25 142 32 43 93
leaf_count=70 26 303 25 142 32 43 93
internal_value=0.00031335 0.000873493 0.00302239 0.00199588 0.00539604 0.00233333 -0.000580809
internal_weight=734 664 268 243 101 75 396
internal_count=734 664 268 243 101 75 396
is_linear=0
shrinkage=0.05


Tree=2
num_leaves=8
num_cat=0
split_feature=0 14 1 16 8 3 14
split_gain=0.939108 1.01585 0.756852 1.07119 0.595486 0.482906 0.581103
threshold=-0.010961807032136782 0.0037598780805861991 0.0097315803158416498 -0.002834949193654845 -0.02731632610584361 0.0059489668874604948 -0.0026760061162229838
decision_type=2 2 2 2 10 2 2
left_child=1 4 -2 -4 -1 6 -5
right_child=2 -3 3 5 -6 -7 -8
leaf_value=-9.6116721021621531e-05 -7.1270365863276592e-05 0.00015138217879436704 0.00013527343055322899 -0.00010576151822253152 0.00017453396911910229 -0.0001157576683348502 2.7698122094405459e-05
leaf_weight=28 388 42 29 97 36 36 93
leaf_count=28 388 42 29 97 36 36 93
internal_value=7.343e-05 0.00443396 -0.000645413 0.00147059 0.000468749 0.000309733 0.00131579
internal_weight=749 106 643 255 64 226 190
internal_count=749 106 643 255 64 226 190
is_linear=0
shrinkage=0.05


Tree=3
num_leaves=8
num_cat=0
split_feature=10 16 9 3 3 10 14
split_gain=1.44239 0.705686 0.643037 0.564702 1.04862 0.931657 0.508599
threshold=-0.0012922335739780075 -0.023447588674310068 -0.028733220920272803 0.0060579997522286497 0.0012881950025589453 -0.004502832663512756 0.10370151545599839
decision_type=2 2 8 2 2 2 2
left_child=2 -2 -1 4 6 -6 -4
right_child=1 -3 3 -5 5 -7 -8
leaf_value=0.00021442638226907521 0.0001169436898015711 -7.2670081048540689e-05 -7.9120979781396045e-05 -7.5388640741678862e-05 0.00014925509326711302 -8.3827680188291168e-06 8.627544863345925e-05
leaf_weight=35 50 423 91 37 47 33 27
leaf_count=35 50 423 91 37 47 33 27
internal_value=4.71051e-05 -0.00161734 0.00296296 0.00202128 0.00308081 0.0075 8.47446e-05
internal_weight=743 473 270 235 198 80 118
internal_count=743 473 270 235 198 80 118
is_linear=0
shrinkage=0.05


Tree=4
num_leaves=8
num_cat=0
split_feature=0 14 15 13 14 1 2
split_gain=0.994696 1.2679 1.03391 0.428872 0.39949 0.562091 0.758684
threshold=-0.010100650221935513 0.040951993391927573 -0.0062533178290654625 13.13000011444092 -0.016284077904727075 -0.015199586914922679 -0.027471879911023674
decision_type=2 2 2 2 2 2 2
left_child=1 2 -1 -2 -5 6 -6
right_child=3 -3 -4 4 5 -7 -8
leaf_value=-8.7151718841348743e-05 -0.00012375437551849708 0.00015131686615783903 0.00019637942706036434 -4.603878611797592e-05 -4.8605833219833115e-05 1.0571143759223331e-07 0.00013001360882741505
leaf_weight=58 69 30 28 228 25 276 32
leaf_count=58 69 30 28 228 25 276 32
internal_value=0.000227881 0.00448276 0.00139535 -0.000555557 -9.80404e-05 0.001006 0.00552631
internal_weight=746 116 86 630 561 333 57
internal_count=746 116 86 630 561 333 57
is_linear=0
shrinkage=0.05


Tree=5
num_leaves=8
num_cat=0
split_feature=10 11 11 6 6 4 12
split_gain=0.778272 0.543726 1.3603 0.609375 0.573061 0.379303 0.313939
threshold=-0.0041029098949924561 -0.015644740533217568 -0.0065232483108689778 0.0045928604534734114 -0.078045477062691923 0.024549574388403862 -0.02797294646846021
decision_type=2 2 2 2 2 2 2
left_child=1 3 -3 -1 -4 6 -2
right_child=5 2 4 -5 -6 -7 -8
leaf_value=7.259878933320249e-05 8.4093349102942148e-05 9.8567526605469497e-05 -0.00014587300547041384 -5.648448329978568e-05 3.9256463200348186e-05 0.00011475007651895046 -5.5888787069778822e-05
leaf_weight=25 48 33 26 39 49 26 491
leaf_count=25 48 33 26 39 49 26 491
internal_value=-0.000386704 0.00255814 0.00472222 -0.00109375 0.000999999 -0.00128319 -0.00156772
internal_weight=737 172 108 64 75 565 539
internal_count=737 172 108 64 75 565 539
is_linear=0
shrinkage=0.05


Tree=6
num_leaves=8
num_cat=0
split_feature=10 3 3 2 4 10 13
split_gain=0.945918 0.468284 0.80123 1.20842 1.01445 0.424371 0.40503
threshold=-0.0016894208297127398 0.0055083257317026799 0.0012266241444207628 1.0000000180025095e-35 0.019938224952533324 -0.0029742102449409331 13.234999656677248
decision_type=2 2 2 2 2 2 2
left_child=1 2 4 -4 5 -1 -2
right_child=6 -3 3 -5 -6 -7 -8
leaf_value=-5.6692861755071875e-05 -0.0001129794221696661 -2.3135706712290987e-05 0.00011659936341657153 7.948953893721999e-05 0.00011129301935193372 5.509768449549205e-05 -2.6710709298657373e-05
leaf_weight=86 66 50 33 43 27 26 415
leaf_count=86 66 50 33 43 27 26 415
internal_value=-4.02157e-05 0.00235849 0.00337209 0.0075 0.00111511 -0.000982144 -0.00136175
internal_weight=746 265 215 76 139 112 481
internal_count=746 265 215 76 139 112 481
is_linear=0
shrinkage=0.05


Tree=7
num_leaves=8
num_cat=0
split_feature=10 5 0 3 12 11 3
split_gain=1.10327 1.00869 1.188 0.594351 1.18839 0.24723 0.426801
threshold=-0.00064234175836136431 0.013325428742122216 -0.010961807032136782 0.0012266241444207628 0.027464825873152136 0.0023966928807116488 -0.003835089096136612
decision_type=2 2 2 2 2 2 2
left_child=1 2 -1 -4 -5 6 -2
right_child=5 -3 3 4 -6 -7 -8
leaf_value=0.00012719480459576292 0.00013234528070274791 0.00015125353516781727 -7.6800329685817217e-05 -5.1164890179160792e-06 9.3855542039720036e-05 -6.3487511330799612e-05 -6.3626120482547486e-05
leaf_weight=44 28 41 104 75 28 319 106
leaf_count=44 28 41 104 75 28 319 106
internal_value=-3.35582e-05 0.00236301 0.0011753 -0.000410629 0.00228155 -0.00157837 0.000223879
internal_weight=745 292 251 207 103 453 134
internal_count=745 292 251 207 103 453 134
is_linear=0
shrinkage=0.05


Tree=8
num_leaves=8
num_cat=0
split_feature=11 1 7 1 7 2 9
split_gain=0.717764 0.52568 0.892265 0.714663 1.00172 1.67045 0.876554
threshold=-0.029337465505850421 -0.015571044402323096 -0.008613400882104159 0.012357502120230681 0.026813137997798279 0.021407592540488411 -0.0049895685305023632
decision_type=2 2 2 2 2 2 10
left_child=-1 2 -2 -3 5 6 -5
right_child=1 3 -4 4 -6 -7 -8
leaf_value=0.00015873018855477861 9.7220853711660617e-06 -5.9439067298585444e-05 6.5293339175806798e-05 -6.4980262224542432e-05 -6.8216455205360695e-05 0.00016117642889889371 3.5959862270011651e-05
leaf_weight=32 147 327 25 52 101 44 36
leaf_count=32 147 327 25 52 101 44 36
internal_value=0.000170156 -0.000150274 0.00226744 -0.000892858 0.00122317 0.00409091 0.000113635
internal_weight=764 732 172 560 233 132 88
internal_count=764 732 172 560 233 132 88
is_linear=0
shrinkage=0.05


Tree=9
num_leaves=8
num_cat=0
split_feature=11 11 11 9 5 15 3
split_gain=0.897825 0.922693 0.406674 1.03143 0.59543 0.833363 0.63691
threshold=-0.01262108781240978 -0.016340293761251231 0.026101750474282651 -0.003775109868355941 0.010101661349872072 0.0053169871655436305 0.001002102639853897
decision_type=2 2 2 10 2 2 2
left_child=1 -1 4 -4 -2 6 -6
right_child=2 -3 3 -5 5 -7 -8
leaf_value=1.8933697472963706e-05 -5.9501176771771027e-05 0.00011037318912177839 0.00014477863675335821 -6.9291358821060766e-05 -3.7962597268873731e-06 -9.6784515417067628e-05 5.0851226331728456e-05
leaf_weight=97 263 26 25 45 130 84 74
leaf_count=97 263 26 25 45 130 84 74
internal_value=4.03214e-05 0.00394309 -0.00073269 0.00285714 -0.00118875 0.000381943 0.00210784
internal_weight=744 123 621 70 551 288 204
internal_count=744 123 621 70 551 288 204
is_linear=0
shrinkage=0.05


Tree=10
num_leaves=8
num_cat=0
split_feature=0 14 10 3 3 10 10
split_gain=1.04757 1.13809 0.583252 0.52835 0.880052 0.943057 0.577369
threshold=-0.010100650221935513 0.037142264963949019 -0.0016894208297127398 0.0012266241444207628 0.0065581644820611471 -0.004502832663512756 -0.0042544588401209329
decision_type=2 2 2 2 2 2 2
left_child=1 -1 3 6 5 -5 -2
right_child=2 -3 -4 4 -6 -7 -8
leaf_value=3.2936933726629206e-06 -9.8681261206593328e-05 0.00010412428860190321 -5.2592357702079918e-05 0.00010177687210063136 -0.00012381165445568847 -2.2707659812709498e-06 2.3017343503541546e-05
leaf_weight=87 54 37 428 43 32 31 37
leaf_count=87 54 37 428 43 32 31 37
internal_value=-0.000327104 0.00387097 -0.00116 0.00109137 0.00349056 0.00648649 -0.0017033
internal_weight=749 124 625 197 106 74 91
internal_count=749 124 625 197 106 74 91
is_linear=0
shrinkage=0.05


Tree=11
num_leaves=8
num_cat=0
split_feature=9 8 16 5 10 10 2
split_gain=0.638296 1.24691 0.516997 0.790171 0.755021 0.42739 0.802222
threshold=-0.037598778427152528 -0.032767840516905504 -0.0038630513716917387 0.012184174098386529 0.0012069749261046649 -0.0021138824674655772 -0.024777765896067613
decision_type=8 10 2 2 2 2 2
left_child=1 -1 3 4 5 6 -2
right_child=2 -3 -4 -5 -6 -7 -8
leaf_value=-1.292786193757658e-05 5.1578066892047822e-05 0.00015781817176187211 -3.5963828295991109e-05 0.00011184688497228202 -7.5214934852930543e-05 3.9838314918001968e-05 -7.8406609777493819e-05
leaf_weight=33 30 29 445 45 82 38 45
leaf_count=33 30 29 445 45 82 38 45
internal_value=-0.000180724 0.00467742 -0.000620439 0.00125 -0.000128206 0.00252212 0.000333332
internal_weight=747 62 685 240 195 113 75
internal_count=747 62 685 240 195 113 75
is_linear=0
shrinkage=0.05


Tree=12
num_leaves=8
num_cat=0
split_feature=11 11 4 2 1 9 9
split_gain=0.779651 1.01455 0.822686 0.371082 0.438296 0.935029 0.514688
threshold=-0.01262108781240978 -0.016340293761251231 0.021237367742261083 -0.051803369544489102 -0.015773953233662371 -0.028491122684872135 0.011042942718351047
decision_type=2 2 2 2 2 8 8
left_child=1 2 -1 -2 5 -5 -6
right_child=3 -3 -4 4 6 -7 -8
leaf_value=-2.6352606865399866e-05 -0.00010130968909204946 0.00010131978014333985 0.00019428761975960154 0.00019050036765627199 -4.8913708875870259e-05 -1.087331550286318e-07 1.6097803241500284e-06
leaf_weight=72 87 26 25 25 167 81 251
leaf_count=72 87 26 25 25 167 81 251
internal_value=-9.5369e-05 0.00353658 0.00118557 -0.000826515 -0.000324429 0.00254717 -0.00105263
internal_weight=734 123 97 611 524 106 418
internal_count=734 123 97 611 524 106 418
is_linear=0
shrinkage=0.05


Tree=13
num_leaves=8
num_cat=0
split_feature=5 10 0 4 6 2 7
split_gain=0.649129 1.17448 0.611053 0.980612 0.370814 0.672018 1.06474
threshold=0.013652438465109608 0.0057884302310804445 -0.010961807032136782 0.016031960363947627 0.80692794842407156 0.035885765507455931 0.0022004531696047107
decision_type=2 2 2 2 2 2 2
left_child=2 -2 3 -1 -4 6 -6
right_child=1 -3 4 -5 5 -7 -8
leaf_value=0.00017728613678096275 0.0001020068104311287 -0.0001109603235281936 -3.0322509363980389e-05 -4.4460028684616466e-06 -2.8640049594782081e-05 -8.0920967976918134e-05 0.00010524291708501548
leaf_weight=28 50 31 469 70 44 27 26
leaf_count=28 50 31 469 70 44 27 26
internal_value=3.35559e-05 0.00425926 -0.000481929 0.00316326 -0.00111308 0.00170103 0.00428571
internal_weight=745 81 664 98 566 97 70
internal_count=745 81 664 98 566 97 70
is_linear=0
shrinkage=0.05


Tree=14
num_leaves=8
num_cat=0
split_feature=11 1 1 14 13 3 3
split_gain=0.883767 0.960112 1.66407 0.487619 0.405176 0.361894 0.443984
threshold=-0.01262108781240978 0.027321394027403304 0.0087921619057542717 0.054586954999164335 13.174999713897707 0.0059489668874604948 0.001002102639853897
decision_type=2 2 2 2 2 2 2
left_child=1 2 3 -1 -2 6 -6
right_child=4 -3 -4 -5 5 -7 -8
leaf_value=-0.00015478221348084244 -6.7524439235902911e-05 -6.3017622768002135e-05 0.00013752410158194271 3.6248993973532634e-05 -7.4605296149220149e-06 -6.6184806554496262e-05 2.9206302655864686e-05
leaf_weight=35 80 34 28 25 309 42 166
leaf_count=35 80 34 28 25 309 42 166
internal_value=-0.000271211 0.00360656 0.00636364 0.00166667 -0.00106365 -0.000551258 -0.000157896
internal_weight=719 122 88 60 597 517 475
internal_count=719 122 88 60 597 517 475
is_linear=0
shrinkage=0.05


Tree=15
num_leaves=8
num_cat=0
split_feature=13 2 2 10 9 9 5
split_gain=0.542475 0.45412 0.985249 0.517033 0.484625 0.846447 0.638102
threshold=13.174999713897707 -0.051803369544489102 -0.040275113584113002 0.0021398765862171714 0.030586737812536294 0.0095234680874286565 0.011509689519013967
decision_type=2 2 2 2 8 10 2
left_child=-1 -2 -3 4 5 -4 -6
right_child=1 2 3 -5 6 -7 -8
leaf_value=-6.8951519128900319e-05 -9.0515136071126666e-05 0.00013973781439081446 1.0189634442403597e-05 -4.3190201366944208e-05 -5.0218382251369893e-05 9.8267170411789239e-05 6.5207104591324372e-05
leaf_weight=73 84 42 104 226 108 27 79
leaf_count=73 84 42 104 226 108 27 79
internal_value=-0.000222074 0.000223879 0.000716722 0.000147058 0.00144654 0.00377862 -0.000187167
internal_weight=743 670 586 544 318 131 187
internal_count=743 670 586 544 318 131 187
is_linear=0
shrinkage=0.05


end of trees

feature_importances:
spy_ret_1d=14
overnight_gap=12
ret_5d=11
dist_ma200=10
spy_ret_5d=10
ret_20d=8
vix_chg_1d=8
dist_ma20=6
vix_level=6
ret_1d=5
parkinson_20=5
atr_pct=4
sector_ret_5d=4
dvol_z_20=3
dist_ma50=2
spy_ret_20d=2
sector_ret_1d=2

parameters:
[boosting: gbdt]
[objective: quantile]
[metric: quantile]
[tree_learner: serial]
[device_type: cpu]
[data_sample_strategy: bagging]
[data: ]
[valid: ]
[num_iterations: 80]
[learning_rate: 0.05]
[num_leaves: 8]
[num_threads: 1]
[seed: 0]
[deterministic: 0]
[force_col_wise: 1]
[force_row_wise: 0]
[histogram_pool_size: -1]
[max_depth: -1]
[min_data_in_leaf: 25]
[min_sum_hessian_in_leaf: 0.001]
[bagging_fraction: 0.9]
[pos_bagging_fraction: 1]
[neg_bagging_fraction: 1]
[bagging_freq: 1]
[bagging_seed: 3]
[bagging_by_query: 0]
[feature_fraction: 0.9]
[feature_fraction_bynode: 1]
[feature_fraction_seed: 2]
[extra_trees: 0]
[extra_seed: 6]
[early_stopping_round: 0]
[early_stopping_min_delta: 0]
[first_metric_only: 0]
[max_delta_step: 0]
[lambda_l1: 0]
[lambda_l2: 0]
[linear_lambda: 0]
[min_gain_to_split: 0]
[drop_rate: 0.1]
[max_drop: 50]
[skip_drop: 0.5]
[xgboost_dart_mode: 0]
[uniform_drop: 0]
[drop_seed: 4]
[top_rate: 0.2]
[other_rate: 0.1]
[min_data_per_group: 100]
[max_cat_threshold: 32]
[cat_l2: 10]
[cat_smooth: 10]
[max_cat_to_onehot: 4]
[top_k: 20]
[monotone_constraints: ]
[monotone_constraints_method: basic]
[monotone_penalty: 0]
[feature_contri: ]
[forcedsplits_filename: ]
[refit_decay_rate: 0.9]
[cegb_tradeoff: 1]
[cegb_penalty_split: 0]
[cegb_penalty_feature_lazy: ]
[cegb_penalty_feature_coupled: ]
[path_smooth: 0]
[interaction_constraints: ]
[verbosity: -1]
[saved_feature_importance_type: 0]
[use_quantized_grad: 0]
[num_grad_quant_bins: 4]
[quant_train_renew_leaf: 0]
[stochastic_rounding: 1]
[linear_tree: 0]
[max_bin: 255]
[max_bin_by_feature: ]
[min_data_in_bin: 3]
[bin_construct_sample_cnt: 200000]
[data_random_seed: 1]
[is_enable_sparse: 1]
[enable_bundle: 1]
[use_missing: 1]
[zero_as_missing: 0]
[feature_pre_filter: 1]
[pre_partition: 0]
[two_round: 0]
[header: 0]
[label_column: ]
[weight_column: ]
[group_column: ]
[ignore_column: ]
[categorical_feature: ]
[forcedbins_filename: ]
[precise_float_parser: 0]
[parser_config_file: ]
[objective_seed: 5]
[num_class: 1]
[is_unbalance: 0]
[scale_pos_weight: 1]
[sigmoid: 1]
[boost_from_average: 1]
[reg_sqrt: 0]
[alpha: 0.9]
[fair_c: 1]
[poisson_max_delta_step: 0.7]
[tweedie_variance_power: 1.5]
[lambdarank_truncation_level: 30]
[lambdarank_norm: 1]
[label_gain: ]
[lambdarank_position_bias_regularization: 0]
[eval_at: ]
[multi_error_top_k: 1]
[auc_mu_weights: ]
[num_machines: 1]
[local_listen_port: 12400]
[time_out: 120]
[machine_list_filename: ]
[machines: ]
[gpu_platform_id: -1]
[gpu_device_id: -1]
[gpu_device_id_list: ]
[gpu_use_dp: 0]
[num_gpu: 1]

end of parameters

pandas_categorical:[]
