tree
version=v4
num_class=1
num_tree_per_iteration=1
label_index=0
max_feature_idx=16
objective=quantile
feature_names=ret_1d ret_5d ret_20d overnight_gap atr_pct parkinson_20 dvol_z_20 dist_ma20 dist_ma50 dist_ma200 spy_ret_1d spy_ret_5d spy_ret_20d vix_level vix_chg_1d sector_ret_1d sector_ret_5d
feature_infos=[-0.09784172661870516:0.096586782861292741] [-0.17524115755627023:0.12061794414735605] [-0.22398081534772185:0.18591140159767594] [-0.057074340527577982:0.068330362448009607] [0.01192559263425407:0.042446578631452583] [0.0084695068881372806:0.025650301757918846] [-1.9640531651895052:4.3071961889522363] [-0.14556962025316456:0.11826464208242937] [-0.15530010882312539:0.14526609130848955] [-0.19093914931904044:0.2750476357243743] [-0.058542947643003718:0.10501933612632941] [-0.11496158439845272:0.082843216242346029] [-0.12265592443394913:0.15756596870864792] [11.859999656677246:52.330001831054688] [-0.35753873962348437:0.74039073966007019] [-0.057278720415000484:0.088354812492743573] [-0.10755362138638491:0.081588053177927611]
tree_sizes=850 858 848 857 854 857 861 860 856 855 864 860 855 853 859 846 869 861 866 864 860 865 858 852 857 862 847 852

Tree=0
num_leaves=8
num_cat=0
split_feature=8 5 14 4 13 7 10
split_gain=4.27009 2.11069 2.67686 2.07689 2.39124 2.7053 2.70192
threshold=0.096879722456157849 0.015696524483779919 -0.035401414565419224 0.019892051749047488 17.250000000000004 0.025567871510402743 -0.0036672927234202564
decision_type=8 2 2 2 2 2 2
left_child=1 2 -1 4 5 6 -4
right_child=-2 -3 3 -5 -6 -7 -8
leaf_value=-0.0074223163537681103 -0.0078119672602042552 -0.0076660792343318466 -0.00781628005206585 -0.0075170923257246612 -0.0075125308008864525 -0.0078126184176653627 -0.0075723163085058328
leaf_weight=157 66 99 33 170 65 37 123
leaf_count=157 66 99 33 170 65 37 123
internal_value=-0.0083067 -0.00713477 -0.00599217 -0.00804066 -0.0108679 -0.0136614 -0.0107785
internal_weight=750 684 585 428 258 193 156
internal_count=750 684 585 428 258 193 156
is_linear=0
shrinkage=1


Tree=1
num_leaves=8
num_cat=0
split_feature=8 5 14 9 10 8 8
split_gain=5.18869 2.07472 1.68117 1.61434 1.60872 1.48303 3.84878
threshold=0.095003155835647016 0.015696524483779919 -0.033094273980848292 0.15322790235272368 -0.0050236559316604859 0.023180129362444738 0.0086076582053096224
decision_type=8 2 2 10 2 10 10
left_child=1 2 -1 -2 -3 6 -4
right_child=3 4 5 -5 -6 -7 -8
leaf_value=0.00014851307496428491 -0.00032301806029863658 2.2689341567456742e-05 4.1074084583669819e-06 -1.413389225490393e-05 -0.00012635267805308103 -3.3730197465047227e-05 0.00017424831050448118
leaf_weight=161 42 29 169 25 63 201 44
leaf_count=161 42 29 169 25 63 201 44
internal_value=0.00020436 0.00153673 0.00265217 -0.0130597 -0.00543478 0.000966184 0.00387324
internal_weight=734 667 575 67 92 414 213
internal_count=734 667 575 67 92 414 213
is_linear=0
shrinkage=0.05


Tree=2
num_leaves=8
num_cat=0
split_feature=8 14 3 16 12 4 5
split_gain=4.68228 1.78584 2.61305 1.85746 1.66133 1.59768 1.54171
threshold=0.087272722465113986 -0.034475777702634207 -0.00089667967274203997 -0.032224910553068413 0.026873376718857592 0.027635977536970783 0.014816871299302863
decision_type=8 2 2 2 2 2 2
left_child=1 2 -1 -3 -4 -5 -2
right_child=6 3 4 5 -6 -7 -8
leaf_value=-6.7647881805896773e-05 -3.7329691636841733e-05 0.00014898943560547197 0.00010853694076649848 4.5610941014958417e-09 0.00018424063513521104 -0.00012003504415042697 -0.00040730815491406248
leaf_weight=35 55 28 91 423 54 33 30
leaf_count=35 55 28 91 423 54 33 30
internal_value=0.000166889 0.00158133 0.00583333 0 0.0087931 -0.000767544 -0.0108824
internal_weight=749 664 180 484 145 456 85
internal_count=749 664 180 484 145 456 85
is_linear=0
shrinkage=0.05


Tree=3
num_leaves=8
num_cat=0
split_feature=8 16 16 7 16 11 4
split_gain=4.97139 2.00083 1.66414 2.01636 4.65499 1.96353 1.79993
threshold=0.087272722465113986 0.015995525669380676 0.007999781867832902 0.011931654474683919 0.023284486065758062 0.0072949699106841246 0.022025488542172251
decision_type=8 2 2 2 2 2 2
left_child=2 -2 6 5 -5 -4 -1
right_child=1 -3 3 4 -6 -7 -8
leaf_value=2.222628466843164e-05 -0.00022781390685413497 -9.5934280459186968e-05 -0.00011974903630180054 0.00017513810537639072 -1.0354072296468059e-05 7.4823193778865958e-05 -7.781913815269944e-05
leaf_weight=237 50 30 48 75 74 89 140
leaf_count=237 50 30 48 75 74 89 140
internal_value=-0.000100942 -0.011875 0.00131976 0.0041958 0.00822148 -0.000182482 -0.000862069
internal_weight=743 80 663 286 149 137 377
internal_count=743 80 663 286 149 137 377
is_linear=0
shrinkage=0.05


Tree=4
num_leaves=8
num_cat=0
split_feature=8 2 8 4 5 3 15
split_gain=3.77079 1.66612 2.44978 2.29874 2.02851 1.81484 1.77526
threshold=0.096468436544798877 0.066644260796988944 0.025925246472027878 0.019040744021669657 0.014903649150489888 -0.0048071201531623134 -0.00022127021739759553
decision_type=8 2 10 2 2 2 2
left_child=1 2 5 -3 -5 -1 -4
right_child=-2 3 6 4 -6 -7 -8
leaf_value=-8.4716115637347659e-05 -0.00014292348305156339 -8.4831926484039283e-05 -0.00016247860348099497 0.00012810034065318179 2.8341301872496837e-05 5.8977910634785123e-05 1.6123867870192211e-06
leaf_weight=62 66 35 81 57 29 322 94
leaf_count=62 66 35 81 57 29 322 94
internal_value=0.00080429 0.00191176 0.000760286 0.0072314 0.0116279 0.00299479 -0.00414286
internal_weight=746 680 559 121 86 384 175
internal_count=746 680 559 121 86 384 175
is_linear=0
shrinkage=0.05


Tree=5
num_leaves=8
num_cat=0
split_feature=8 16 7 11 16 12 10
split_gain=4.84681 2.46396 2.6447 3.13224 2.46005 2.40445 1.97085
threshold=0.096468436544798877 0.007999781867832902 0.011931654474683919 0.0099206005901721923 0.021845398059611502 0.041026522292009988 -0.0066375286305050954
decision_type=8 2 2 2 2 2 2
left_child=1 6 3 -3 5 -4 -1
right_child=-2 2 4 -5 -6 -7 -8
leaf_value=6.0713373888214923e-05 -0.00020064692857210315 -0.00019805262659756772 0.00024541390735954345 0.00011076285908493078 8.8019505538322957e-06 1.6906876770161028e-05 -6.4627572000717926e-05
leaf_weight=87 67 58 49 85 81 28 282
leaf_count=87 67 58 49 85 81 28 282
internal_value=-0.000237449 0.00104478 0.00440199 -0.000524476 0.00886076 0.0152597 -0.00169377
internal_weight=737 670 301 143 158 77 369
internal_count=737 670 301 143 158 77 369
is_linear=0
shrinkage=0.05


Tree=6
num_leaves=8
num_cat=0
split_feature=8 9 16 9 8 8 16
split_gain=3.65356 1.8629 1.27372 1.42223 1.63006 1.72359 1.49724
threshold=0.087272722465113986 -0.018548049051339884 -0.032224910553068413 -0.093373615218836511 -0.062816115141452619 -0.036555084834001987 0.0096871652879991794
decision_type=8 10 2 8 10 10 2
left_child=2 -2 -1 -4 -5 -6 -7
right_child=1 -3 3 4 5 6 -8
leaf_value=0.00013939379022713525 -0.00042583838351205441 -1.64981550646549e-05 -0.00014269894625531027 0.00020699912934960511 -0.00020169352175151636 -1.4330934109356278e-05 5.3352191625086675e-05
leaf_weight=35 33 49 39 32 43 288 227
leaf_count=35 33 49 39 32 43 288 227
internal_value=0.000201072 -0.0097561 0.00143072 0.000914149 0.00152542 0.000896057 0.00169903
internal_weight=746 82 664 629 590 558 515
internal_count=746 82 664 629 590 558 515
is_linear=0
shrinkage=0.05


Tree=7
num_leaves=8
num_cat=0
split_feature=8 5 4 14 9 9 3
split_gain=3.55592 1.73297 1.84637 2.57776 2.12951 2.08077 2.03879
threshold=0.096468436544798877 0.015520402560267524 0.019501987862221671 -0.042837654521053752 0.041533989646796228 0.10205626394786373 0.0041903943752273918
decision_type=8 2 2 2 10 8 2
left_child=1 2 3 6 -4 -5 -1
right_child=-2 -3 4 5 -6 -7 -8
leaf_value=0.00027108722052330772 -0.00019239653694384969 -5.9771444203513559e-05 4.3992792054520727e-05 3.4416133463481332e-05 0.00017107943070078925 -0.00011823533466755201 -1.3543524054982632e-05
leaf_weight=30 67 116 166 121 93 127 25
leaf_count=30 67 116 166 121 93 127 25
internal_value=0.000167785 0.00125369 0.00240214 -0.000247525 0.00550193 -0.00241935 0.00954545
internal_weight=745 678 562 303 259 248 55
internal_count=745 678 562 303 259 248 55
is_linear=0
shrinkage=0.05


Tree=8
num_leaves=8
num_cat=0
split_feature=8 9 11 11 4 14 2
split_gain=2.05124 2.13447 1.21788 1.62801 2.07275 2.4903 2.34441
threshold=0.077319408601119313 0.15908275837570143 0.0087351921378735504 -0.0080581536357283139 0.020379348441175327 -0.042370343814534299 0.028590831706948653
decision_type=8 8 2 2 2 2 2
left_child=2 -2 3 -1 5 -5 -6
right_child=1 -3 -4 4 6 -7 -8
leaf_value=6.9902538471365677e-05 5.8499460753977557e-06 -0.00015368677216494472 6.1832221008336144e-05 0.00020922115935393377 -0.00027313531855499643 -5.4360294328055893e-05 0.00018730797564762514
leaf_weight=164 33 82 245 38 49 128 25
leaf_count=164 33 82 245 38 49 128 25
internal_value=0.000719895 -0.00543478 0.00181048 0.000123762 -0.0025 0.00060241 -0.00945946
internal_weight=764 115 649 404 240 166 74
internal_count=764 115 649 404 240 166 74
is_linear=0
shrinkage=0.05


Tree=9
num_leaves=8
num_cat=0
split_feature=5 14 8 8 15 11 13
split_gain=3.31892 1.48713 2.21826 2.72473 1.48157 1.98507 1.50674
threshold=0.015696524483779919 -0.035401414565419224 0.023180129362444738 0.010262872110997192 -0.0063732152185130833 0.010325592829658616 18.82499980926514
decision_type=2 2 8 10 2 2 2
left_child=1 -1 3 4 6 -6 -3
right_child=-2 2 -4 -5 5 -7 -8
leaf_value=0.00010082916595881877 -8.7886597514777069e-05 7.080448742703477e-06 -5.090791041146468e-05 0.00014964372814805352 -0.00010760198239183981 0.0001267852431560921 0.00022805111668204028
leaf_weight=171 116 33 238 40 79 38 29
leaf_count=171 116 33 238 40 79 38 29
internal_value=0.000873656 0.00230892 0.000820569 0.00445205 0.00181564 -0.00149573 0.00806452
internal_weight=744 628 457 219 179 117 62
internal_count=744 628 457 219 179 117 62
is_linear=0
shrinkage=0.05


Tree=10
num_leaves=8
num_cat=0
split_feature=8 14 16 5 14 16 8
split_gain=3.27919 1.61739 2.62534 2.40874 2.35748 2.01026 1.63664
threshold=-0.12173838028025551 -0.034475777702634207 -0.029888240609143243 0.01493504484559738 -0.026106823606350468 0.0077021933601947321 -0.017208077396486884
decision_type=10 2 2 2 2 2 10
left_child=-1 3 -3 -2 -4 -5 -6
right_child=1 2 4 5 6 -7 -8
leaf_value=-0.0003509806265436848 0.00010249849911450832 0.00015284067117980177 -0.00014393791394693299 -0.00020037989832195032 -0.00012938902805315766 0.00010525786267631794 1.1059794648420312e-05
leaf_weight=36 143 29 29 26 96 39 351
leaf_count=36 143 29 29 26 96 39 351
internal_value=0.000834446 0.00157784 4.9505e-05 0.00528846 -0.000840336 -0.00269231 5.59284e-05
internal_weight=749 713 505 208 476 65 447
internal_count=749 713 505 208 476 65 447
is_linear=0
shrinkage=0.05


Tree=11
num_leaves=8
num_cat=0
split_feature=5 14 16 9 10 8 8
split_gain=1.70647 1.56774 1.40083 1.37785 1.42055 1.34736 1.96782
threshold=0.015696524483779919 -0.035401414565419224 0.0077021933601947321 0.085437837044104806 0.0049263668881139875 0.027468720875111766 0.0081302215450398414
decision_type=2 2 2 8 2 8 10
left_child=1 2 -1 4 -2 6 -3
right_child=3 5 -4 -5 -6 -7 -8
leaf_value=1.3027202763155142e-05 5.483017842748345e-05 -1.25852436777563e-05 0.00010969885589884819 -0.00018803499599242765 -0.00011766623825177062 -5.4763563003098911e-05 0.00013058044129872154
leaf_weight=73 49 181 94 32 33 224 61
leaf_count=73 49 181 94 32 33 224 61
internal_value=0.000368139 0.00138231 0.00553892 -0.00526316 -0.00182927 -0.000107296 0.00247934
internal_weight=747 633 167 114 82 466 242
internal_count=747 633 167 114 82 466 242
is_linear=0
shrinkage=0.05


Tree=12
num_leaves=8
num_cat=0
split_feature=5 2 0 16 2 4 13
split_gain=2.44039 1.64963 1.63654 2.21138 1.58444 1.31081 2.04257
threshold=0.015636588637801145 0.11912972136105217 -0.0092517993770789824 0.014586881134188602 0.066644260796988944 0.020878674195129458 19.520000457763675
decision_type=2 2 2 2 2 2 2
left_child=1 4 -2 -4 5 6 -1
right_child=2 -3 3 -5 -6 -7 -8
leaf_value=-2.4997189895983613e-05 7.4058321289042576e-06 -9.2233871215327646e-05 -0.00029818774204949466 3.0919346244866461e-06 7.9435553910655273e-05 8.517783991020996e-05 0.00019622751403053015
leaf_weight=289 42 36 48 34 112 145 28
leaf_count=289 42 36 48 34 112 145 28
internal_value=0.000749319 0.00204918 -0.00564516 -0.0097561 0.00270035 0.00140693 -0.000394322
internal_weight=734 610 124 82 574 462 317
internal_count=734 610 124 82 574 462 317
is_linear=0
shrinkage=0.05


Tree=13
num_leaves=8
num_cat=0
split_feature=8 16 16 0 5 14 16
split_gain=1.95845 2.02401 1.7798 2.15657 1.79828 2 1.75879
threshold=0.087272722465113986 -0.032224910553068413 0.007999781867832902 -0.0062589768732702602 0.014854519714624625 0.039671535485110161 0.025644723182959187
decision_type=8 2 2 2 2 2 2
left_child=1 -1 4 -4 -3 -6 -5
right_child=-2 2 3 6 5 -7 -8
leaf_value=0.00010405511498476941 -0.00011466315208565211 3.6539723050714501e-06 -0.00010822201823860074 0.00010060098854147649 -0.00030683379396150441 9.7434623404123004e-05 8.2938614617686025e-07
leaf_weight=31 76 262 56 144 54 27 95
leaf_count=31 76 262 56 144 54 27 95
internal_value=0.000369128 0.00123318 0.000626959 0.00347458 -0.00182216 -0.00833333 0.00554393
internal_weight=745 669 638 295 343 81 239
internal_count=745 669 638 295 343 81 239
is_linear=0
shrinkage=0.05


Tree=14
num_leaves=8
num_cat=0
split_feature=5 4 13 14 3 13 14
split_gain=2.34031 2.03285 2.9547 1.8641 2.45335 1.84729 1.66839
threshold=0.015636588637801145 0.019892051749047488 17.994999885559086 -0.042837654521053752 0.0027500888650234816 18.214999198913578 -0.023264351429904847
decision_type=2 2 2 2 2 2 2
left_child=1 3 -3 4 -1 6 -5
right_child=-2 2 -4 5 -6 -7 -8
leaf_value=0.00023438528203562179 -4.4473395982744247e-05 0.00012876495259831226 -7.3626320509031238e-05 -0.00014119654726628143 -2.9414691329884317e-05 0.00010817896556175356 -6.5661267585984383e-05
leaf_weight=25 119 172 87 31 36 48 201
leaf_count=25 119 172 87 31 36 48 201
internal_value=0.000312935 0.00158333 0.00492278 -0.000953079 0.00696721 -0.00267857 -0.00452586
internal_weight=719 600 259 341 61 280 232
internal_count=719 600 259 341 61 280 232
is_linear=0
shrinkage=0.05


Tree=15
num_leaves=8
num_cat=0
split_feature=8 16 1 16 7 8 11
split_gain=1.32803 1.25516 1.9797 1.73706 2.96579 2.26877 1.82007
threshold=0.097597779957526512 0.007999781867832902 0.002291128427970968 0.025644723182959187 0.01229732048837673 0.016944790352896869 0.0058629709615137813
decision_type=8 2 2 2 2 10 2
left_child=1 2 -1 4 5 6 -3
right_child=-2 3 -4 -5 -6 -7 -8
leaf_value=1.4661610033213022e-05 -0.00011202811765224094 -4.9007055515840514e-05 -7.9308179739494888e-05 -1.9603309827961056e-05 0.00014962196884801658 -0.00026697077897745074 0.00015372468085503689
leaf_weight=239 61 30 139 114 92 25 43
leaf_count=239 61 30 139 114 92 25 43
internal_value=0.000100942 0.000733138 -0.00119048 0.003125 0.00605263 0 0.00445205
internal_weight=743 682 378 304 190 98 73
internal_count=743 682 378 304 190 98 73
is_linear=0
shrinkage=0.05


Tree=16
num_leaves=8
num_cat=0
split_feature=4 10 14 0 11 4 16
split_gain=1.39013 1.36364 1.37217 1.60567 1.26888 1.08228 1.59122
threshold=0.027203212397271265 0.012727051103036626 -0.083456210331023115 -0.014570348103236539 -0.0014608684005930626 0.019040744021669657 0.0016661662186463479
decision_type=2 2 2 2 2 2 2
left_child=1 2 -1 -4 -2 -5 -7
right_child=4 -3 3 5 -6 6 -8
leaf_value=0.00015536473536333675 -1.3995496659967648e-07 -0.00016426734837498679 8.7354495455842319e-05 -4.0787426278893898e-05 -0.00015315554839205812 -0.00010153657695521303 8.4559784052137832e-05
leaf_weight=35 41 37 67 258 35 109 175
leaf_count=35 41 37 67 258 35 109 175
internal_value=-0.000165125 0.000550661 0.00108696 0.000533662 -0.00657895 -0.000369004 0.00176056
internal_weight=757 681 644 609 76 542 284
internal_count=757 681 644 609 76 542 284
is_linear=0
shrinkage=0.05


Tree=17
num_leaves=8
num_cat=0
split_feature=5 14 3 3 11 16 8
split_gain=1.46995 1.46854 1.82722 1.87387 1.69605 2.40172 1.83725
threshold=0.015696524483779919 -0.034475777702634207 0.0020387881295609316 -0.00094097934433418063 -0.0091308486085681078 -0.011285448397151785 -0.033304697833922418
decision_type=2 2 2 2 2 2 10
left_child=1 2 3 -1 -3 -6 -7
right_child=-2 4 -4 -5 5 6 -8
leaf_value=-3.0596597829159583e-06 -4.9163530053691419e-05 7.6851090739404326e-05 7.7633326299927535e-06 0.00024805921389672977 -0.00021514467518165666 -0.00025495878881947042 2.0428797567546583e-06
leaf_weight=26 116 88 102 48 34 34 298
leaf_count=26 116 88 102 48 34 34 298
internal_value=0 0.000952381 0.00482955 0.0108108 -0.000550661 -0.00204918 -0.000753012
internal_weight=746 630 176 74 454 366 332
internal_count=746 630 176 74 454 366 332
is_linear=0
shrinkage=0.05


Tree=18
num_leaves=8
num_cat=0
split_feature=8 3 2 11 15 16 16
split_gain=1.4434 1.90998 3.84775 1.60087 1.54115 1.63032 2.21262
threshold=0.029489054614548097 -0.0050724237168613953 0.0058626293024965923 0.0058629709615137813 -0.005878590002143246 0.026380404418302587 0.015856268912873842
decision_type=8 2 2 2 2 2 2
left_child=-1 3 -3 -2 -4 6 -6
right_child=1 2 4 -5 5 -7 -8
leaf_value=2.3706804095137208e-05 7.3952547660276205e-05 -0.00044472456414485097 -0.00010874565484239917 -9.7823178442750514e-05 -1.6105734956089114e-05 -0.00014303959446977066 8.8363443560496486e-05
leaf_weight=425 28 25 35 27 125 47 41
leaf_count=425 28 25 35 27 125 47 41
internal_value=-9.96016e-05 -0.00259146 -0.00430403 0.00590909 -0.00241935 -0.000821596 0.00150602
internal_weight=753 328 273 55 248 213 166
internal_count=753 328 273 55 248 213 166
is_linear=0
shrinkage=0.05


Tree=19
num_leaves=8
num_cat=0
split_feature=16 5 14 3 3 14 5
split_gain=1.72607 2.07994 1.68354 1.48947 1.76026 1.23101 1.70074
threshold=-0.032224910553068413 0.015696524483779919 -0.035401414565419224 0.0020387881295609316 -0.00094097934433418063 -0.021011062487688355 0.01203224164687928
decision_type=2 2 2 2 2 2 2
left_child=-1 2 3 4 -2 -4 -7
right_child=1 -3 5 -5 -6 6 -8
leaf_value=7.3990751644382845e-05 -6.1090627177918296e-05 -7.5133262700794346e-05 -4.1773445865062476e-05 1.1181667784024124e-06 0.00023212066775900238 -4.8857586973964683e-05 3.188815102778944e-05
leaf_weight=40 25 97 61 87 51 164 214
leaf_count=40 25 97 61 87 51 164 214
internal_value=-0.000101488 -0.000679542 0.000415282 0.0047546 0.00986842 -0.0011959 -0.000132275
internal_weight=739 699 602 163 76 439 378
internal_count=739 699 602 163 76 439 378
is_linear=0
shrinkage=0.05


Tree=20
num_leaves=8
num_cat=0
split_feature=5 12 9 3 14 9 2
split_gain=1.82392 1.7118 1.39872 1.58616 2.33011 1.55255 1.38462
threshold=0.015636588637801145 0.082959712719514869 0.10205626394786373 -0.0055632992698404484 0.012431899030548645 0.082386789516319295 0.0077716252906570036
decision_type=2 2 8 2 2 10 2
left_child=1 2 5 -4 -5 -1 -2
right_child=6 -3 3 4 -6 -7 -8
leaf_value=3.0865840721063923e-05 -5.7329980814683873e-06 -0.0002266689173301998 0.00014835508176019548 1.3482714754806114e-06 -0.00011822621468174687 0.00023144494418240202 -9.7243110651049687e-05
leaf_weight=239 78 26 40 205 91 33 39
leaf_count=239 78 26 40 205 91 33 39
internal_value=-3.32889e-05 0.00102524 0.0015625 -0.000595238 -0.00185811 0.00422794 -0.00576923
internal_weight=751 634 608 336 296 272 117
internal_count=751 634 608 336 296 272 117
is_linear=0
shrinkage=0.05


Tree=21
num_leaves=8
num_cat=0
split_feature=8 16 3 14 16 12 13
split_gain=1.60293 1.63409 1.74204 1.5591 1.32504 1.68221 1.50012
threshold=-0.12173838028025551 -0.032224910553068413 -0.0073126063530306587 -0.086337752297859935 -0.016959416349571096 -0.016904021540445843 19.105000495910648
decision_type=10 2 2 2 2 2 2
left_child=-1 -2 -3 -4 5 -5 -6
right_child=1 2 3 4 6 -7 -8
leaf_value=-0.00030554246615587042 0.00011299061359333425 -0.00022078675566521321 0.00017030752607769583 1.0323930762022464e-05 -3.5851882428758044e-06 -0.00016559805675905349 9.5411224793571952e-05
leaf_weight=35 30 53 45 26 448 31 80
leaf_count=35 30 53 45 26 448 31 80
internal_value=-0.00026738 0.000245442 -0.000256223 0.00047619 -0.000213675 -0.00745614 0.000568182
internal_weight=748 713 683 630 585 57 528
internal_count=748 713 683 630 585 57 528
is_linear=0
shrinkage=0.05


Tree=22
num_leaves=8
num_cat=0
split_feature=8 1 5 9 1 1 9
split_gain=1.46873 0.989399 0.981337 0.733137 0.832367 1.15145 1.15169
threshold=0.09893375268261996 -0.055510413280996089 0.014483372608897604 -0.093373615218836511 -0.033731586746137347 -0.015830264010342484 -0.065347750735615925
decision_type=8 2 2 8 2 2 8
left_child=1 -1 -2 -3 -5 -6 -7
right_child=2 3 -4 4 5 6 -8
leaf_value=-0.00030739110927194399 -5.2011356238782639e-07 -0.0001047350729934139 -0.00022633249697430916 5.4597091915850737e-05 -4.6393305944240036e-05 0.0001618475275634752 1.3188277555575054e-05
leaf_weight=25 27 32 28 37 91 27 475
leaf_count=25 27 32 28 37 91 27 475
internal_value=0.000134771 0.000764192 -0.00772727 0.00113293 0.00150794 0.00105396 0.00199203
internal_weight=742 687 55 662 630 593 502
internal_count=742 687 55 662 630 593 502
is_linear=0
shrinkage=0.05


Tree=23
num_leaves=8
num_cat=0
split_feature=9 5 5 3 4 7 13
split_gain=1.41549 1.57629 1.75907 2.19678 1.97528 1.76943 1.8025
threshold=0.10205626394786373 0.010274621989066491 0.014431159493184194 -0.0023046786197636333 0.019856146476661712 0.02009157183473376 13.525000095367433
decision_type=8 2 2 2 2 2 2
left_child=-1 -2 4 -4 5 6 -3
right_child=1 2 3 -5 -6 -7 -8
leaf_value=2.8453771702893502e-05 -0.00020959826012141678 0.00012728354949310464 7.6566855832436737e-05 -0.00010758822190021005 9.3373889216822085e-05 -0.00015838006034590144 -8.015571785626817e-05
leaf_weight=371 26 40 35 62 102 52 63
leaf_count=371 26 40 35 62 102 52 63
internal_value=0.000565912 -0.00157895 -0.000706215 -0.0064433 0.00145914 -0.00209677 0.00169903
internal_weight=751 380 354 97 257 155 103
internal_count=751 380 354 97 257 155 103
is_linear=0
shrinkage=0.05


Tree=24
num_leaves=8
num_cat=0
split_feature=7 2 2 2 8 3 8
split_gain=1.76118 1.24976 2.12916 1.3379 1.6103 1.9417 1.30393
threshold=0.064748760707100908 -0.031217218549040412 -0.040930277208233883 -0.049631020010119091 -0.062816115141452619 -0.0018316824873439994 0.024622951314742351
decision_type=2 2 2 2 8 2 8
left_child=1 2 3 4 -1 -6 -3
right_child=-2 6 -4 -5 5 -7 -8
leaf_value=5.0098306486746905e-05 -0.00022461876768637025 6.1507386651448481e-05 -0.00032942270750301061 0.00013162740839686498 1.6428558001942042e-05 -0.00031204601332018189 4.9714668721267782e-07
leaf_weight=51 27 228 38 27 30 33 315
leaf_count=51 27 228 38 27 30 33 315
internal_value=0.000500668 0.000969529 -0.00265363 0.000177305 -0.00219298 -0.00753968 0.0021639
internal_weight=749 722 179 141 114 63 543
internal_count=749 722 179 141 114 63 543
is_linear=0
shrinkage=0.05


Tree=25
num_leaves=8
num_cat=0
split_feature=8 16 14 3 14 2 3
split_gain=1.46622 1.33539 1.1783 1.87831 1.44288 1.44283 2.01776
threshold=0.12890675756137418 -0.032224910553068413 -0.035401414565419224 -0.00089667967274203997 -0.026106823606350468 0.080073198766017498 0.0041903943752273918
decision_type=8 2 2 2 2 2 2
left_child=1 -1 3 -3 -4 6 -5
right_child=-2 2 4 5 -6 -7 -8
leaf_value=8.7206553858491288e-05 -0.00025682333266200503 -9.6636299671065931e-05 -0.00012073152694002244 0.0001807201403018167 -2.1960056773844864e-06 -2.4704664069321152e-05 4.1760334721830392e-05
leaf_weight=34 31 36 38 65 455 31 67
leaf_count=34 31 36 38 65 455 31 67
internal_value=0.000165125 0.000619835 0.000144509 0.00339196 -0.00116633 0.00567485 0.00795455
internal_weight=757 726 692 199 493 163 132
internal_count=757 726 692 199 493 163 132
is_linear=0
shrinkage=0.05


Tree=26
num_leaves=8
num_cat=0
split_feature=8 16 16 9 5 11 6
split_gain=1.56462 1.09625 1.36438 2.08848 1.64706 2.44701 1.64042
threshold=inf -0.032224910553068413 0.007999781867832902 0.064073357444570225 0.015359895220935853 -0.0091308486085681078 0.47830847100750445
decision_type=8 2 2 10 2 2 2
left_child=1 -1 4 -4 5 -3 -5
right_child=-2 2 3 6 -6 -7 -8
leaf_value=9.2034026095080829e-05 -0.00030114270062198329 0.00016153715427164359 -5.2379395599524897e-06 4.459686234590608e-05 -0.00021183947956348798 -3.7755187488518716e-05 0.00011118796236260941
leaf_weight=33 26 84 172 110 60 213 39
leaf_count=33 26 84 172 110 60 213 39
internal_value=0.00050882 0.000949367 0.000516224 0.00288162 -0.00161064 -8.41751e-05 0.00721477
internal_weight=737 711 678 321 357 297 149
internal_count=737 711 678 321 357 297 149
is_linear=0
shrinkage=0.05


Tree=27
num_leaves=8
num_cat=0
split_feature=9 12 12 11 5 10 16
split_gain=0.818975 1.17474 1.72074 1.87863 3.36663 1.91176 2.12511
threshold=0.14279727164168179 0.04833072164899422 0.028151177986243673 -0.0043480810751578827 0.011398518480155351 -0.0023625284956628185 0.0063622223276003096
decision_type=8 2 2 2 2 2 2
left_child=1 2 3 4 -1 -5 -7
right_child=-2 -3 -4 5 -6 6 -8
leaf_value=0.00021432979067679254 -2.5699273983150396e-05 -8.0281460219839911e-05 8.1449158286773593e-05 -9.7724381211959733e-05 6.624576570008097e-07 -0.00024124608842381845 3.5473433810217367e-05
leaf_weight=36 293 56 93 40 101 37 93
leaf_count=36 293 56 93 40 101 37 93
internal_value=0.000100134 0.00142544 0.002375 0.000570033 0.00492701 -0.00294118 0
internal_weight=749 456 400 307 137 170 130
internal_count=749 456 400 307 137 170 130
is_linear=0
shrinkage=0.05


end of trees

feature_importances:
dist_ma50=31
sector_ret_5d=28
parkinson_20=20
vix_chg_1d=20
overnight_gap=15
dist_ma200=14
atr_pct=11
spy_ret_5d=11
ret_20d=10
vix_level=7
dist_ma20=6
spy_ret_1d=6
spy_ret_20d=6
ret_5d=4
ret_1d=3
sector_ret_1d=3
dvol_z_20=1

parameters:
[boosting: gbdt]
[objective: quantile]
[metric: quantile]
[tree_learner: serial]
[device_type: cpu]
[data_sample_strategy: bagging]
[data: ]
[valid: ]
[num_iterations: 80]
[learning_rate: 0.05]
[num_leaves: 8]
[num_threads: 1]
[seed: 0]
[deterministic: 0]
[force_col_wise: 1]
[force_row_wise: 0]
[histogram_pool_size: -1]
[max_depth: -1]
[min_data_in_leaf: 25]
[min_sum_hessian_in_leaf: 0.001]
[bagging_fraction: 0.9]
[pos_bagging_fraction: 1]
[neg_bagging_fraction: 1]
[bagging_freq: 1]
[bagging_seed: 3]
[bagging_by_query: 0]
[feature_fraction: 0.9]
[feature_fraction_bynode: 1]
[feature_fraction_seed: 2]
[extra_trees: 0]
[extra_seed: 6]
[early_stopping_round: 0]
[early_stopping_min_delta: 0]
[first_metric_only: 0]
[max_delta_step: 0]
[lambda_l1: 0]
[lambda_l2: 0]
[linear_lambda: 0]
[min_gain_to_split: 0]
[drop_rate: 0.1]
[max_drop: 50]
[skip_drop: 0.5]
[xgboost_dart_mode: 0]
[uniform_drop: 0]
[drop_seed: 4]
[top_rate: 0.2]
[other_rate: 0.1]
[min_data_per_group: 100]
[max_cat_threshold: 32]
[cat_l2: 10]
[cat_smooth: 10]
[max_cat_to_onehot: 4]
[top_k: 20]
[monotone_constraints: ]
[monotone_constraints_method: basic]
[monotone_penalty: 0]
[feature_contri: ]
[forcedsplits_filename: ]
[refit_decay_rate: 0.9]
[cegb_tradeoff: 1]
[cegb_penalty_split: 0]
[cegb_penalty_feature_lazy: ]
[cegb_penalty_feature_coupled: ]
[path_smooth: 0]
[interaction_constraints: ]
[verbosity: -1]
[saved_feature_importance_type: 0]
[use_quantized_grad: 0]
[num_grad_quant_bins: 4]
[quant_train_renew_leaf: 0]
[stochastic_rounding: 1]
[linear_tree: 0]
[max_bin: 255]
[max_bin_by_feature: ]
[min_data_in_bin: 3]
[bin_construct_sample_cnt: 200000]
[data_random_seed: 1]
[is_enable_sparse: 1]
[enable_bundle: 1]
[use_missing: 1]
[zero_as_missing: 0]
[feature_pre_filter: 1]
[pre_partition: 0]
[two_round: 0]
[header: 0]
[label_column: ]
[weight_column: ]
[group_column: ]
[ignore_column: ]
[categorical_feature: ]
[forcedbins_filename: ]
[precise_float_parser: 0]
[parser_config_file: ]
[objective_seed: 5]
[num_class: 1]
[is_unbalance: 0]
[scale_pos_weight: 1]
[sigmoid: 1]
[boost_from_average: 1]
[reg_sqrt: 0]
[alpha: 0.5]
[fair_c: 1]
[poisson_max_delta_step: 0.7]
[tweedie_variance_power: 1.5]
[lambdarank_truncation_level: 30]
[lambdarank_norm: 1]
[label_gain: ]
[lambdarank_position_bias_regularization: 0]
[eval_at: ]
[multi_error_top_k: 1]
[auc_mu_weights: ]
[num_machines: 1]
[local_listen_port: 12400]
[time_out: 120]
[machine_list_filename: ]
[machines: ]
[gpu_platform_id: -1]
[gpu_device_id: -1]
[gpu_device_id_list: ]
[gpu_use_dp: 0]
[num_gpu: 1]

end of parameters

pandas_categorical:[]
