tree
version=v4
num_class=1
num_tree_per_iteration=1
label_index=0
max_feature_idx=16
objective=quantile
feature_names=ret_1d ret_5d ret_20d overnight_gap atr_pct parkinson_20 dvol_z_20 dist_ma20 dist_ma50 dist_ma200 spy_ret_1d spy_ret_5d spy_ret_20d vix_level vix_chg_1d sector_ret_1d sector_ret_5d
feature_infos=[-0.24790338812479029:0.5918674698795181] [-0.28320802005012535:0.82352941176470607] [-0.33097205824478548:1.859375] [-0.24812030075187974:0.57756024096385539] [0.036896646761598498:0.17755591891162512] [0.021468382796647988:0.082832536564663217] [-2.3724075890296441:4.2698273051089197] [-0.26677529254925192:0.88193556371436821] [-0.31565712830633108:1.1305109790041579] [-0.43030066494048158:2.5977049689872622] [-0.058542947643003718:0.10501933612632941] [-0.11496158439845272:0.082843216242346029] [-0.12265592443394913:0.15756596870864792] [11.859999656677246:52.330001831054688] [-0.35753873962348437:0.74039073966007019] [-0.06285260230433054:0.088816354578251211] [-0.11675897124649115:0.08529462291702461]
tree_sizes=818 854 843 830 853 854 854 856 855 854 860 862 861 860 860 843 863 862 866 866 869 858 865 847 860 866 860 869

Tree=0
num_leaves=8
num_cat=0
split_feature=4 3 8 2 2 9 12
split_gain=3.12686 1.64809 1.02185 0.741548 1.10554 0.425601 0.454235
threshold=0.11242499563928136 0.043712070868991988 0.34499863652543999 0.56390329531785699 0.44305898594799248 0.5625560799535777 -0.037333173257957868
decision_type=2 2 10 2 2 8 2
left_child=1 2 5 4 -4 6 -1
right_child=-2 -3 3 -5 -6 -7 -8
leaf_value=0.091361717205594717 0.09243132499609423 0.091403527513205463 0.090148770377624032 0.089271469275172197 0.092039721960271242 0.089227782151504981 0.089449412780159943
leaf_weight=38 36 38 33 52 25 234 294
leaf_count=38 36 38 33 52 25 234 294
internal_value=0.0901982 0.0894732 0.0889037 0.0933133 0.0972005 0.0880467 0.0891978
internal_weight=750 714 676 110 58 566 332
internal_count=750 714 676 110 58 566 332
is_linear=0
shrinkage=1


Tree=1
num_leaves=8
num_cat=0
split_feature=4 7 14 4 10 11 14
split_gain=3.11402 1.21658 0.995611 1.14645 1.58226 0.947368 0.560908
threshold=0.11242499563928136 0.069052207594107698 -0.023978062109039463 0.053264066118197416 0.0022948798930048091 0.032599070140324489 0.055948056460050417
decision_type=2 2 2 2 2 2 2
left_child=1 5 -3 -4 6 -1 -5
right_child=-2 2 3 4 -6 -7 -8
leaf_value=-0.00079375122993253935 0.0023267719190647718 -0.00088028167947344399 -0.0016336373082224431 -0.00016482277164520245 0.0041030966668285252 0.0026143368936666581 0.0021267985361898638
leaf_weight=450 29 72 28 67 38 25 25
leaf_count=450 29 72 28 67 38 25 25
internal_value=-0.000367849 -0.00102837 0.00195652 0.00417721 0.00615384 -0.00247369 0.00260869
internal_weight=734 705 230 158 130 475 92
internal_count=734 705 230 158 130 475 92
is_linear=0
shrinkage=0.05


Tree=2
num_leaves=8
num_cat=0
split_feature=9 1 11 1 2 13 3
split_gain=2.30045 2.09776 1.19414 1.22885 0.856159 0.882168 1.35601
threshold=0.13680303657078077 -0.12600804318129541 0.015296140057879161 0.16659080375809435 0.11279046970189079 15.97499990463257 -0.0052926583954760456
decision_type=10 2 2 2 2 2 2
left_child=-1 -2 4 -4 -3 -6 -7
right_child=1 2 3 -5 5 6 -8
leaf_value=-0.00075462249538934482 0.0023782845131662244 -0.00042483361332917944 0.0019655807349793662 0.00046092956598182445 -0.00038859773485377968 0.0036789331861610819 0.00017050524283893803
leaf_weight=421 25 105 37 29 52 27 53
leaf_count=421 25 105 37 29 52 27 53
internal_value=-6.00813e-05 0.00307927 0.00193069 0.00787879 0.00027426 0.00295454 0.00625
internal_weight=749 328 303 66 237 132 80
internal_count=749 328 303 66 237 132 80
is_linear=0
shrinkage=0.05


Tree=3
num_leaves=8
num_cat=0
split_feature=4 3 4 8 8 0 16
split_gain=1.96268 1.01851 0.828907 0.876037 0.807638 0.72 0.5
threshold=0.11242499563928136 0.043712070868991988 0.079420521641675998 0.35479812400501948 -0.055139301933530276 0.0052996111402445764 0.0092515522841996062
decision_type=2 2 2 10 10 2 2
left_child=1 2 -1 4 6 -5 -4
right_child=-2 -3 3 5 -6 -7 -8
leaf_value=-0.0007602537504875623 0.001835172684754173 0.0010564311721495687 0.0012432979305131925 6.1002717598034532e-05 -0.00076334187152667728 0.0020279027671890643 -0.001174284534557692
leaf_weight=500 34 38 25 25 71 25 25
leaf_count=500 34 38 25 25 71 25 25
internal_value=-0.000558548 -0.0011213 -0.00157228 0.00143275 -0.00086777 0.007 0.004
internal_weight=743 709 671 171 121 50 50
internal_count=743 709 671 171 121 50 50
is_linear=0
shrinkage=0.05


Tree=4
num_leaves=8
num_cat=0
split_feature=4 1 15 3 14 0 3
split_gain=1.95719 1.70668 1.26253 0.74504 0.589884 1.12875 0.494891
threshold=0.077999511678964531 -0.15171413040994361 0.011113263775802464 0.043712070868991988 0.0017102699334086149 -0.0045551995360508237 -0.014325618515562631
decision_type=2 2 2 2 2 2 2
left_child=3 -2 4 -1 -3 6 -6
right_child=1 2 -4 -5 5 -7 -8
leaf_value=-0.0006512044600277087 0.0015245841842205982 -0.00053303268603758505 0.0008051163581697619 0.00092783501934712612 0.00081473468705432089 0.0030388010663378352 -0.0007251747050943067
leaf_weight=485 27 92 26 27 27 31 31
leaf_count=485 27 92 26 27 27 31 31
internal_value=-0.000241288 0.00354701 0.00200483 -0.00197266 0.000524861 0.00342697 -0.000689656
internal_weight=746 234 207 512 181 89 58
internal_count=746 234 207 512 181 89 58
is_linear=0
shrinkage=0.05


Tree=5
num_leaves=8
num_cat=0
split_feature=4 0 3 15 6 12 7
split_gain=1.6043 1.25491 0.989044 0.656717 0.416081 1.23479 1.27168
threshold=0.05885911846537082 -0.084584462171382699 0.043712070868991988 0.012468622952242161 0.055317461842687078 0.018878595009899749 0.26239751557297591
decision_type=2 2 2 2 2 2 2
left_child=-1 -2 3 4 -3 -6 -7
right_child=1 2 -4 -5 5 6 -8
leaf_value=-0.0013051908580033068 0.0017563548167681454 -0.00027052234023387464 0.0014088393225201033 0.00079790684241215167 -0.00050075989531532734 0.0044727586669881586 -0.0010844264222609557
leaf_weight=244 27 245 32 41 76 47 25
leaf_count=244 27 245 32 41 76 47 25
internal_value=-0.000454547 0.00118661 0.000579398 -4.60841e-05 -0.000674301 0.00141892 0.00611111
internal_weight=737 493 466 434 393 148 72
internal_count=737 493 466 434 393 148 72
is_linear=0
shrinkage=0.05


Tree=6
num_leaves=8
num_cat=0
split_feature=3 0 4 2 6 4 11
split_gain=1.51158 1.63311 0.600733 0.458245 0.701867 0.746604 0.907407
threshold=0.043712070868991988 -0.088717812887409417 0.051986639187166207 0.094871869237257669 -0.25672454458807925 0.08409007605688161 0.0040071134155756924
decision_type=2 2 2 2 2 2 2
left_child=1 -1 -3 -4 -5 6 -6
right_child=-2 2 3 4 5 -7 -8
leaf_value=0.0016603439915450408 0.0012642112345909958 -0.0021266494350441144 -0.00036043468711432033 -0.00044292249520932461 -0.0011694600027505415 0.0017169798629632482 0.0018666210547747617
leaf_weight=28 38 114 349 80 36 29 72
leaf_count=28 38 114 349 80 36 29 72
internal_value=-0.000241288 -0.000762713 -0.00125 -0.00058304 0.0012212 0.00339416 0.00148148
internal_weight=746 708 680 566 217 137 108
internal_count=746 708 680 566 217 137 108
is_linear=0
shrinkage=0.05


Tree=7
num_leaves=8
num_cat=0
split_feature=0 3 2 11 10 10 1
split_gain=1.26178 1.11939 0.577197 0.729571 1.00355 1.44554 0.582038
threshold=-0.088717812887409417 0.043712070868991988 0.02345128945417663 0.015296140057879161 0.0022948798930048091 0.0060647119333787644 -0.037012801012775036
decision_type=2 2 2 2 2 2 2
left_child=-1 2 -2 6 -5 -6 -4
right_child=1 -3 3 4 5 -7 -8
leaf_value=0.0015937129607371846 -0.0005490657764882352 0.00059816103639897481 0.001185507190944748 -0.0010927087866615893 0.0039791149188717614 0.00089351952926255214 -0.00039414180797254665
leaf_weight=26 351 41 45 30 25 33 194
leaf_count=26 351 41 45 30 25 33 194
internal_value=-0.000436243 -0.000827539 -0.00131269 0.000198776 0.00409091 0.00793103 -0.00123431
internal_weight=745 719 678 327 88 58 239
internal_count=745 719 678 327 88 58 239
is_linear=0
shrinkage=0.05


Tree=8
num_leaves=8
num_cat=0
split_feature=3 4 14 0 3 15 6
split_gain=1.24982 1.03925 0.909017 0.882471 0.868443 0.438076 0.571954
threshold=0.043712070868991988 0.073390327503659605 0.028971532531295811 -0.0045551995360508237 -0.024121082781084987 0.011771598946131225 0.52557673536305971
decision_type=2 2 2 2 2 2 2
left_child=1 -1 5 4 -4 6 -3
right_child=-2 2 3 -5 -6 -7 -8
leaf_value=-0.00062373760341848756 0.00094139226258654245 -0.00056885231137369832 0.0015967437769742001 0.0035071212474662829 -0.0018241832895172757 0.00080348668284705457 0.0037698067355352045
leaf_weight=460 44 119 25 28 32 31 25
leaf_count=460 44 119 25 28 32 31 25
internal_value=-0.000680629 -0.00118056 0.00134615 0.00558823 0.00201754 -0.000714287 -0.001875
internal_weight=764 720 260 85 57 175 144
internal_count=764 720 260 85 57 175 144
is_linear=0
shrinkage=0.05


Tree=9
num_leaves=8
num_cat=0
split_feature=4 3 0 8 8 4 16
split_gain=1.37205 1.4047 1.20248 0.383658 0.864842 0.453151 1.10345
threshold=0.05885911846537082 0.043712070868991988 -0.088717812887409417 0.46307241650505276 0.34499863652543999 0.063530396585188956 0.0095662101135766137
decision_type=2 2 2 8 10 2 2
left_child=-1 2 -2 4 5 6 -4
right_child=1 -3 3 -5 -6 -7 -8
leaf_value=-0.00087799574277476272 0.0014909649578283071 0.0011938060234174905 -0.001112207746783684 -0.00099471337301319817 0.0047259990784135134 -9.1782348169847062e-05 0.0016437546427068676
leaf_weight=240 25 35 29 72 35 279 29
leaf_count=240 25 35 29 72 35 279 29
internal_value=-0.000430109 0.00105159 0.000330489 -0.000270271 0.000376343 -0.000400595 0.00362069
internal_weight=744 504 469 444 372 337 58
internal_count=744 504 469 444 372 337 58
is_linear=0
shrinkage=0.05


Tree=10
num_leaves=8
num_cat=0
split_feature=3 0 2 6 4 7 10
split_gain=1.14421 0.695586 0.635274 0.437433 0.641372 0.87798 0.468217
threshold=0.043712070868991988 -0.084584462171382699 0.02345128945417663 -0.25672454458807925 0.053264066118197416 0.12679653545731653 0.0023442699463880339
decision_type=2 2 2 2 2 2 2
left_child=1 -1 -3 -4 -5 -6 -7
right_child=-2 2 3 4 5 6 -8
leaf_value=0.00054114515829343656 0.00053805914586862525 -0.00050117636214838841 -0.00047457165529887421 -0.0013432391214484361 0.0040385192468618469 -0.00030595040901442214 4.2251323776730334e-05
leaf_weight=25 40 348 138 43 58 52 45
leaf_count=25 40 348 138 43 58 52 45
internal_value=-0.000727638 -0.00119182 -0.00149123 5.95226e-05 0.00156566 0.00306451 0.000154638
internal_weight=749 709 684 336 198 155 97
internal_count=749 709 684 336 198 155 97
is_linear=0
shrinkage=0.05


Tree=11
num_leaves=8
num_cat=0
split_feature=9 15 11 12 4 12 8
split_gain=1.70397 0.927236 1.09587 0.750473 0.655677 0.51252 0.536497
threshold=0.19808238554072313 -0.010286893464813983 0.014774716524866062 0.030501708894694394 0.059268684524957434 1.0000000180025095e-35 0.47721785268131972
decision_type=10 2 2 2 2 2 10
left_child=4 -2 5 -4 -1 -3 -7
right_child=1 2 3 -5 -6 6 -8
leaf_value=-0.0011114828670719494 0.0013840896484628663 -0.00045931863174728318 0.0001158430543820884 0.0055988467014552873 -4.5268630752980202e-05 0.00075253966637268358 -0.00081001839692025613
leaf_weight=242 37 61 34 27 203 85 58
leaf_count=242 37 61 34 27 203 85 58
internal_value=-0.000448462 0.00245033 0.00141509 0.00729508 -0.00241573 -0.000343138 0.00129371
internal_weight=747 302 265 61 445 204 143
internal_count=747 302 265 61 445 204 143
is_linear=0
shrinkage=0.05


Tree=12
num_leaves=8
num_cat=0
split_feature=2 9 11 9 10 13 13
split_gain=0.961318 0.675914 0.786513 0.834023 0.684961 0.344782 0.641026
threshold=-0.26246425650835864 0.19808238554072313 0.014774716524866062 0.85823534610133256 -0.011742889521192066 18.214999198913578 16.035000801086429
decision_type=2 10 2 10 2 2 2
left_child=-1 -2 4 -4 -3 6 -6
right_child=1 2 3 -5 5 -7 -8
leaf_value=0.0007296772228118475 -0.00061105187497687474 0.0013460965998962587 0.0036283186265170866 -7.2044190946522472e-05 -0.0005922319641286617 -0.00032581369649127686 0.00038504341335209567
leaf_weight=26 406 25 26 36 78 59 78
leaf_count=26 406 25 26 36 78 59 78
internal_value=-0.000980928 -0.00132768 0.000463575 0.00548387 -0.000833335 -0.00174419 -0.000512822
internal_weight=734 708 302 62 240 215 156
internal_count=734 708 302 62 240 215 156
is_linear=0
shrinkage=0.05


Tree=13
num_leaves=8
num_cat=0
split_feature=3 15 4 16 13 13 4
split_gain=1.20515 1.11184 1.54809 1.12657 0.59841 0.388083 0.387099
threshold=0.047018844638003217 -0.0059947456018758496 0.093998348886231001 -0.0051711600855784958 15.825000286102297 12.694999694824221 0.073060978990665396
decision_type=2 2 2 2 2 2 2
left_child=1 2 3 -1 -5 -3 -7
right_child=-2 5 -4 4 -6 6 -8
leaf_value=-0.00066282378032221331 0.00077599590282874734 0.0013002837389892948 0.0013004182666543217 0.0041365311667829023 -0.00062980024901469246 -0.00059769318579315956 -2.0528323871425644e-05
leaf_weight=70 33 30 36 25 28 338 185
leaf_count=70 33 30 36 25 28 338 185
internal_value=-0.000704699 -0.00113764 0.00254717 -0.000121952 0.00537736 -0.00219711 -0.00251434
internal_weight=745 712 159 123 53 553 523
internal_count=745 712 159 123 53 553 523
is_linear=0
shrinkage=0.05


Tree=14
num_leaves=8
num_cat=0
split_feature=7 2 2 0 15 14 5
split_gain=0.602383 0.576526 0.511866 0.692996 1.22437 0.872449 0.479631
threshold=-0.12547693621730868 0.02345128945417663 0.05314515847832902 -0.01033378732556106 -0.0010322857377295656 0.009860755526874045 0.04598518396184454
decision_type=2 2 2 2 2 2 2
left_child=6 -2 -3 -4 5 -5 -1
right_child=1 2 3 4 -6 -7 -8
leaf_value=1.2345486379048369e-06 -0.00055894209406059079 0.00076447580998363824 -0.00066781524105239765 0.00016074292118673742 -0.00038091956253674046 0.0016795569256561353 0.0010794081935531039
leaf_weight=39 309 32 104 33 146 31 25
leaf_count=39 309 32 104 33 146 31 25
internal_value=-0.00103616 -0.00148855 -8.67064e-05 -0.000700638 0.00095238 0.00671875 0.00359375
internal_weight=719 655 346 314 210 64 64
internal_count=719 655 346 314 210 64 64
is_linear=0
shrinkage=0.05


Tree=15
num_leaves=8
num_cat=0
split_feature=9 8 7 8 5 12 11
split_gain=1.05925 0.95993 0.848047 0.719365 0.7096 0.510859 0.5
threshold=0.22390415676505018 -0.026303089389757891 0.070177427564560149 0.46307241650505276 0.053042008767298102 0.024994038771031683 -0.0043480810751578827
decision_type=10 10 2 10 2 2 2
left_child=-1 6 -3 4 -4 -5 -2
right_child=1 2 3 5 -6 -7 -8
leaf_value=-0.0005327948550870841 0.0011028920579564381 -0.00035185656272744364 0.0041508733088918819 7.5702315557606563e-05 0.00022188057884385063 -0.0012919168912751977 8.9848883940138842e-05
leaf_weight=460 25 92 37 32 27 45 25
leaf_count=460 25 92 37 32 27 45 25
internal_value=-0.000693137 0.00171378 0.000364806 0.00280142 0.00671875 -0.000454547 0.008
internal_weight=743 283 233 141 64 77 50
internal_count=743 283 233 141 64 77 50
is_linear=0
shrinkage=0.05


Tree=16
num_leaves=8
num_cat=0
split_feature=4 3 15 4 16 1 15
split_gain=1.29253 0.822374 0.699734 1.12055 0.879259 0.826635 0.867591
threshold=0.05885911846537082 0.043712070868991988 -0.0059947456018758496 0.093998348886231001 -0.0051711600855784958 0.071428486817011319 0.009228690588452328
decision_type=2 2 2 2 2 2 2
left_child=-1 2 3 4 -2 -4 -7
right_child=1 -3 5 -5 -6 6 -8
leaf_value=-0.00093035164759009683 -0.00095212173556263522 0.00084260561420622436 -0.00022477136622360401 0.0015175131977454102 0.002668000879371002 -4.4771496825613326e-05 0.0014704238077736609
leaf_weight=249 45 33 259 33 34 75 29
leaf_count=249 45 33 259 33 34 75 29
internal_value=-0.000442538 0.00100394 0.000473683 0.00392857 0.000696201 -0.000592288 0.00317308
internal_weight=757 508 475 112 79 363 104
internal_count=757 508 475 112 79 363 104
is_linear=0
shrinkage=0.05


Tree=17
num_leaves=8
num_cat=0
split_feature=4 4 3 15 11 4 3
split_gain=1.0075 0.621155 0.533164 0.480498 0.695269 0.507937 0.417778
threshold=0.11242499563928136 0.051986639187166207 0.043712070868991988 -0.0056646136475956834 0.010167867285780898 0.091093504811398676 -0.0018686288989131492
decision_type=2 2 2 2 2 2 2
left_child=1 -1 3 4 5 6 -3
right_child=-2 2 -4 -5 -6 -7 -8
leaf_value=-0.0014132950053294287 0.0011030134904745903 -0.0014423973340130193 0.00076569522952605468 -0.0001755465056385984 0.004068071782197041 0.0010890411495292514 0.00011949230495777106
leaf_weight=126 30 47 32 429 29 28 25
leaf_count=126 30 47 32 429 29 28 25
internal_value=-0.000643433 -0.00101955 -0.000338984 -0.000698926 0.00197674 -1.19209e-09 -0.00222222
internal_weight=746 716 590 558 129 100 72
internal_count=746 716 590 558 129 100 72
is_linear=0
shrinkage=0.05


Tree=18
num_leaves=8
num_cat=0
split_feature=10 4 3 0 4 14 15
split_gain=0.889777 0.59701 0.514933 0.354281 0.645178 0.539075 0.853535
threshold=-0.015857529403489442 0.051986639187166207 0.043712070868991988 -0.010468913842990145 0.10773354403446263 0.009860755526874045 0.0030933514814167622
decision_type=2 2 2 2 2 2 2
left_child=-1 -2 3 4 -3 -5 -7
right_child=1 2 -4 5 -6 6 -8
leaf_value=0.00059889693968326145 -0.0014793882395801976 -0.00063397222164756966 0.00064833991715106825 -0.00015290087337122352 0.00099649752187854694 0.0013057097487621635 -0.000507946437769165
leaf_weight=27 116 202 41 243 25 66 33
leaf_count=27 116 202 41 243 25 66 33
internal_value=-0.000949536 -0.00128099 -0.000655739 -0.0010457 -0.00257709 -2.9241e-05 0.00308081
internal_weight=753 726 610 569 227 342 99
internal_count=753 726 610 569 227 342 99
is_linear=0
shrinkage=0.05


Tree=19
num_leaves=8
num_cat=0
split_feature=4 14 10 3 11 3 14
split_gain=1.2343 0.673338 0.427226 1.17916 0.654127 0.570482 0.92851
threshold=0.05885911846537082 0.12708615320093045 0.0063549494884102007 -0.0030536130536130131 -0.00023800871931395348 -0.0057136833227914288 0.039671535485110161
decision_type=2 2 2 2 2 2 2
left_child=-1 2 5 -4 -5 -2 -7
right_child=1 -3 3 4 -6 6 -8
leaf_value=-0.00064347881177418006 -0.00018845550673258078 0.001435513971369443 0.00063410884746650104 0.00086448264440389599 -0.00078238152925215259 -8.3602320186179589e-05 0.0023183267496132728
leaf_weight=245 134 31 26 25 62 172 44
leaf_count=245 134 31 26 25 62 172 44
internal_value=-0.000669825 0.00076923 0.000291575 0.0029646 0.000172413 -0.00057143 0.00101852
internal_weight=739 494 463 113 87 350 216
internal_count=739 494 463 113 87 350 216
is_linear=0
shrinkage=0.05


Tree=20
num_leaves=8
num_cat=0
split_feature=2 14 11 9 15 3 1
split_gain=0.887712 0.568435 0.477155 0.385933 0.482274 0.484717 0.453084
threshold=-0.26246425650835864 0.13936216153879713 0.034061321951450181 -0.25687876990141723 -0.011539962974196181 -0.0057568859382663975 -0.048667453147691546
decision_type=2 2 2 10 2 2 2
left_child=-1 2 3 -2 -5 -6 -7
right_child=1 -3 -4 4 5 6 -8
leaf_value=0.00044337278607123543 -0.0010434882879506429 0.0010250253766122869 0.0020676101035129661 0.00097793653270765338 -0.00017478780863558691 0.0001115137959507885 -0.00018688272104437102
leaf_weight=27 177 28 40 30 143 67 239
leaf_count=27 177 28 40 30 143 67 239
internal_value=-0.00093875 -0.00127072 -0.00155173 -0.001875 -0.00113779 -0.00154789 -0.000424838
internal_weight=751 724 696 656 479 449 306
internal_count=751 724 696 656 479 449 306
is_linear=0
shrinkage=0.05


Tree=21
num_leaves=8
num_cat=0
split_feature=4 11 1 6 11 3 4
split_gain=0.7846 1.45455 0.74344 0.716397 0.947444 0.723334 0.309563
threshold=0.093998348886231001 -0.016340293761251231 0.060875221866066427 0.52557673536305971 0.023193320881576888 0.016935917704147822 0.052476809423319885
decision_type=2 2 2 2 2 2 2
left_child=3 -2 -3 6 5 -5 -1
right_child=1 2 -4 4 -6 -7 -8
leaf_value=-0.0013681224115500998 0.0010350647762018882 -0.00041023817526482918 0.0015922808729039459 -0.00072297532943912447 0.0040820364970798762 0.0011786831837597234 -0.00014983795467356256
leaf_weight=107 33 74 25 91 27 32 359
leaf_count=107 33 74 25 91 27 32 359
internal_value=-0.000922461 0.00257576 -0.000454547 -0.00167208 0.00133333 -0.000528456 -0.00263949
internal_weight=748 132 99 616 150 123 466
internal_count=748 132 99 616 150 123 466
is_linear=0
shrinkage=0.05


Tree=22
num_leaves=8
num_cat=0
split_feature=14 4 0 5 5 1 9
split_gain=0.779109 0.508625 0.31603 0.35695 0.515753 0.534204 1.75046
threshold=0.13936216153879713 0.051986639187166207 -0.036723088524698681 0.032689108665443022 0.044379510788414948 0.11768172718155236 1.0105880785999748
decision_type=2 2 2 2 2 2 10
left_child=1 -1 -3 -4 -5 -6 -7
right_child=-2 2 3 4 5 6 -8
leaf_value=-0.0013058356966019044 0.00083247218760560879 -0.00035825147653809433 0.00041261213022169955 -0.00037076866948064773 -2.9850201705208716e-05 0.0038989727822838546 -5.4321628119937482e-05
leaf_weight=117 30 101 38 224 171 25 36
leaf_count=117 30 101 38 224 171 25 36
internal_value=-0.00122642 -0.00155899 -0.000966388 -0.000445345 -0.000833335 0.000818964 0.00483606
internal_weight=742 712 595 494 456 232 61
internal_count=742 712 595 494 456 232 61
is_linear=0
shrinkage=0.05


Tree=23
num_leaves=8
num_cat=0
split_feature=1 6 9 11 2 7 9
split_gain=1.12868 0.508743 0.860475 0.958338 0.2904 0.877981 0.963333
threshold=-0.15413650474711024 0.52557673536305971 1.1217164427842445 0.010798800902990015 0.11147514866111886 0.12679653545731653 0.28235538794873377
decision_type=2 2 8 2 2 2 10
left_child=-1 4 3 -3 -2 6 -6
right_child=1 2 -4 -5 5 -7 -8
leaf_value=0.00037093965951456181 -0.0004016513869776544 -0.00064268780382276982 -0.00039016360275462286 0.0032806266287455765 -6.6672984921965493e-05 -0.00013804503035224535 0.0024917073221603931
leaf_weight=36 369 49 66 46 75 85 25
leaf_count=36 369 49 66 46 75 85 25
internal_value=-0.00113848 -0.00157343 0.00090062 0.00394737 -0.00229242 -0.000675677 0.0025
internal_weight=751 715 161 95 554 185 100
internal_count=751 715 161 95 554 185 100
is_linear=0
shrinkage=0.05


Tree=24
num_leaves=8
num_cat=0
split_feature=6 6 15 8 10 14 14
split_gain=0.723257 0.850911 0.705971 0.553697 0.663947 0.397059 0.316032
threshold=0.52557673536305971 0.84430959968557884 -0.0051722374689389663 -0.17443438254975155 0.0022948798930048091 0.004407866869301503 0.083142255535003332
decision_type=2 2 2 8 2 2 2
left_child=3 -2 -3 4 -1 -4 -5
right_child=1 2 5 6 -6 -7 -8
leaf_value=-0.0004713050891526045 0.0011347062408910934 0.0033229671151548466 -0.0013441229961243212 -0.00024888946768957025 0.00033531194345199597 0.00030853890137070271 5.852376381738639e-05
leaf_weight=32 42 30 68 462 25 34 56
leaf_count=32 42 30 68 462 25 34 56
internal_value=-0.000927905 0.00189655 -7.57588e-05 -0.00178261 0.00289474 -0.00205882 -0.0022973
internal_weight=749 174 132 575 57 102 518
internal_count=749 174 132 575 57 102 518
is_linear=0
shrinkage=0.05


Tree=25
num_leaves=8
num_cat=0
split_feature=15 14 16 3 10 3 9
split_gain=0.83669 0.516515 0.498922 0.785786 0.765022 0.682199 0.462963
threshold=-0.015091247469635081 0.083142255535003332 0.012696105516356916 0.0045738277686910864 0.0049263668881139875 0.029726278132134024 0.54415038839206487
decision_type=2 2 2 2 2 2 8
left_child=-1 2 5 4 -4 -2 -3
right_child=1 6 3 -5 -6 -7 -8
leaf_value=0.00089241236417750671 -0.00044365608151260077 -0.00023351580089831796 -0.00012299707901507358 -0.00037844888248265458 0.0019189845478811613 0.00045467110982659072 0.0010914871014179879
leaf_weight=41 398 27 75 112 35 42 27
leaf_count=41 398 27 75 112 35 42 27
internal_value=-0.000970939 -0.00136872 -0.00175227 0.000180179 0.00318182 -0.00272727 0.00333333
internal_weight=757 716 662 222 110 440 54
internal_count=757 716 662 222 110 440 54
is_linear=0
shrinkage=0.05


Tree=26
num_leaves=8
num_cat=0
split_feature=4 11 16 3 16 4 4
split_gain=0.835756 1.39725 0.494698 0.57847 0.471196 0.38829 1.1268
threshold=0.089569241730126078 -0.016340293761251231 0.01115414512432278 0.0090596206345131564 0.0017343380817199663 0.056357158912807577 0.065148370934265662
decision_type=2 2 2 2 2 2 2
left_child=2 -2 -1 5 -3 -4 -7
right_child=1 4 3 -5 -6 6 -8
leaf_value=-0.00043981193462465178 0.00090184485864815741 0.00079546508690762647 -0.00038016059866900152 -0.0005624502559456794 -0.00036279438281102593 0.0014979768349614607 -5.2376772203144691e-05
leaf_weight=398 35 42 43 86 65 25 43
leaf_count=398 35 42 43 86 65 25 43
internal_value=-0.00140434 0.00204225 -0.00222689 -0.000177666 -0.000794394 0.00220721 0.00455882
internal_weight=737 142 595 197 107 111 68
internal_count=737 142 595 197 107 111 68
is_linear=0
shrinkage=0.05


Tree=27
num_leaves=8
num_cat=0
split_feature=4 11 3 1 14 16 15
split_gain=0.776122 1.15625 0.852648 0.378796 0.331834 0.317613 0.7691
threshold=0.074554189028366566 -0.016340293761251231 0.029726278132134024 0.21052430647099243 0.039671535485110161 0.0077716844620904233 0.0030933514814167622
decision_type=2 2 2 2 2 2 2
left_child=3 -2 4 5 -3 -1 -7
right_child=1 2 -4 -5 -6 6 -8
leaf_value=-0.00069405859324990059 0.00072595470384275254 -0.00026836324232900358 0.00024895392578589337 0.0015762742462109656 0.0010222854726871851 0.00031050772076550339 -0.0002592050543150404
leaf_weight=253 49 137 33 39 41 85 112
leaf_count=253 49 137 33 39 41 85 112
internal_value=-0.000861149 0.00134615 -0.000260665 -0.00203477 -0.00162921 -0.00244445 -0.000939087
internal_weight=749 260 211 489 178 450 197
internal_count=749 260 211 489 178 450 197
is_linear=0
shrinkage=0.05


end of trees

feature_importances:
atr_pct=31
overnight_gap=25
spy_ret_5d=15
vix_chg_1d=14
sector_ret_1d=14
ret_1d=11
ret_20d=11
dist_ma200=11
ret_5d=10
dist_ma50=9
spy_ret_1d=9
dvol_z_20=8
sector_ret_5d=8
dist_ma20=6
spy_ret_20d=5
vix_level=5
parkinson_20=4

parameters:
[boosting: gbdt]
[objective: quantile]
[metric: quantile]
[tree_learner: serial]
[device_type: cpu]
[data_sample_strategy: bagging]
[data: ]
[valid: ]
[num_iterations: 80]
[learning_rate: 0.05]
[num_leaves: 8]
[num_threads: 1]
[seed: 0]
[deterministic: 0]
[force_col_wise: 1]
[force_row_wise: 0]
[histogram_pool_size: -1]
[max_depth: -1]
[min_data_in_leaf: 25]
[min_sum_hessian_in_leaf: 0.001]
[bagging_fraction: 0.9]
[pos_bagging_fraction: 1]
[neg_bagging_fraction: 1]
[bagging_freq: 1]
[bagging_seed: 3]
[bagging_by_query: 0]
[feature_fraction: 0.9]
[feature_fraction_bynode: 1]
[feature_fraction_seed: 2]
[extra_trees: 0]
[extra_seed: 6]
[early_stopping_round: 0]
[early_stopping_min_delta: 0]
[first_metric_only: 0]
[max_delta_step: 0]
[lambda_l1: 0]
[lambda_l2: 0]
[linear_lambda: 0]
[min_gain_to_split: 0]
[drop_rate: 0.1]
[max_drop: 50]
[skip_drop: 0.5]
[xgboost_dart_mode: 0]
[uniform_drop: 0]
[drop_seed: 4]
[top_rate: 0.2]
[other_rate: 0.1]
[min_data_per_group: 100]
[max_cat_threshold: 32]
[cat_l2: 10]
[cat_smooth: 10]
[max_cat_to_onehot: 4]
[top_k: 20]
[monotone_constraints: ]
[monotone_constraints_method: basic]
[monotone_penalty: 0]
[feature_contri: ]
[forcedsplits_filename: ]
[refit_decay_rate: 0.9]
[cegb_tradeoff: 1]
[cegb_penalty_split: 0]
[cegb_penalty_feature_lazy: ]
[cegb_penalty_feature_coupled: ]
[path_smooth: 0]
[interaction_constraints: ]
[verbosity: -1]
[saved_feature_importance_type: 0]
[use_quantized_grad: 0]
[num_grad_quant_bins: 4]
[quant_train_renew_leaf: 0]
[stochastic_rounding: 1]
[linear_tree: 0]
[max_bin: 255]
[max_bin_by_feature: ]
[min_data_in_bin: 3]
[bin_construct_sample_cnt: 200000]
[data_random_seed: 1]
[is_enable_sparse: 1]
[enable_bundle: 1]
[use_missing: 1]
[zero_as_missing: 0]
[feature_pre_filter: 1]
[pre_partition: 0]
[two_round: 0]
[header: 0]
[label_column: ]
[weight_column: ]
[group_column: ]
[ignore_column: ]
[categorical_feature: ]
[forcedbins_filename: ]
[precise_float_parser: 0]
[parser_config_file: ]
[objective_seed: 5]
[num_class: 1]
[is_unbalance: 0]
[scale_pos_weight: 1]
[sigmoid: 1]
[boost_from_average: 1]
[reg_sqrt: 0]
[alpha: 0.9]
[fair_c: 1]
[poisson_max_delta_step: 0.7]
[tweedie_variance_power: 1.5]
[lambdarank_truncation_level: 30]
[lambdarank_norm: 1]
[label_gain: ]
[lambdarank_position_bias_regularization: 0]
[eval_at: ]
[multi_error_top_k: 1]
[auc_mu_weights: ]
[num_machines: 1]
[local_listen_port: 12400]
[time_out: 120]
[machine_list_filename: ]
[machines: ]
[gpu_platform_id: -1]
[gpu_device_id: -1]
[gpu_device_id_list: ]
[gpu_use_dp: 0]
[num_gpu: 1]

end of parameters

pandas_categorical:[]
