tree
version=v4
num_class=1
num_tree_per_iteration=1
label_index=0
max_feature_idx=16
objective=quantile
feature_names=ret_1d ret_5d ret_20d overnight_gap atr_pct parkinson_20 dvol_z_20 dist_ma20 dist_ma50 dist_ma200 spy_ret_1d spy_ret_5d spy_ret_20d vix_level vix_chg_1d sector_ret_1d sector_ret_5d
feature_infos=[-0.16004156923876345:0.15733205680548901] [-0.26635145784081959:0.2516107154967786] [-0.32585083272990589:0.36398713826366547] [-0.079382044306257282:0.12494016275730013] [0.018654756678790907:0.087244071717755889] [0.011327336594436702:0.044205744628258381] [-2.0744008369358449:4.1686982356947624] [-0.26226260598536677:0.21206233463435264] [-0.3207420522199308:0.23772487377657225] [-0.38019383089810299:0.27609273088850883] [-0.058542947643003718:0.10501933612632941] [-0.11496158439845272:0.082843216242346029] [-0.12265592443394913:0.15756596870864792] [11.859999656677246:52.330001831054688] [-0.35753873962348437:0.74039073966007019] [-0.06285260230433054:0.088816354578251211] [-0.11675897124649115:0.08529462291702461]
tree_sizes=830 852 849 856 850 860 855 867 855 855 858 865 852 867 854 861 864 856 857 861 868 858 856 848 846

Tree=0
num_leaves=8
num_cat=0
split_feature=13 16 14 15 5 4 14
split_gain=3.52841 2.89611 2.05217 2.16916 1.82573 2.23612 2.3639
threshold=16.935000419616703 -0.0079965497412306501 -0.037374592254897913 0.0050673441440691755 0.013226525090126548 0.029069855836658696 0.040951993391927573
decision_type=2 2 2 2 2 2 2
left_child=2 -2 3 -1 -4 -6 -7
right_child=1 -3 4 -5 5 6 -8
leaf_value=0.011525943409651518 0.011499771010130643 0.011212926171720029 0.011512876534834505 0.011121447570621968 0.010943181440234184 0.011117575480602682 0.011580597516149283
leaf_weight=37 149 198 32 68 161 78 27
leaf_count=37 149 198 32 68 161 78 27
internal_value=0.0114769 0.0151728 0.00829464 0.0143055 0.00617672 0.0048193 0.010496
internal_weight=750 347 403 105 298 266 105
internal_count=750 347 403 105 298 266 105
is_linear=0
shrinkage=1


Tree=1
num_leaves=8
num_cat=0
split_feature=12 9 7 11 2 10 7
split_gain=4.24221 2.62148 1.9427 1.74583 3.3319 1.6129 1.48687
threshold=0.0053623810378563572 -0.061887338048896338 0.033338178378545809 -0.0075284506861215674 -0.050952919760314679 0.0056625653487155656 0.0089767067314958666
decision_type=2 8 2 2 2 2 2
left_child=2 6 3 -1 5 -5 -2
right_child=1 -3 -4 4 -6 -7 -8
leaf_value=0.00022579193580895665 0.00027413453091867267 -9.6067449776455785e-05 0.00035389352357015016 -5.8160070329904907e-06 -0.00034157379297539598 0.00051036116667091847 -0.00023811859777197244
leaf_weight=112 69 389 34 31 38 31 30
leaf_count=112 69 389 34 31 38 31 30
internal_value=-0.00027248 -0.00297131 0.0050813 0.00330189 -0.0015 0.00564516 0.00429293
internal_weight=734 488 246 212 100 62 99
internal_count=734 488 246 212 100 62 99
is_linear=0
shrinkage=0.05


Tree=2
num_leaves=8
num_cat=0
split_feature=13 14 3 8 14 14 9
split_gain=3.57394 2.53006 2.6438 2.84056 2.06223 2.05165 1.5369
threshold=16.935000419616703 0.013234785210327617 -0.0066472608795135049 -0.043436928106016175 0.11927434384443127 -0.077913276979976895 -0.019520942917508829
decision_type=2 2 2 8 2 2 8
left_child=5 2 -2 -4 -3 -1 -7
right_child=1 4 3 -5 -6 6 -8
leaf_value=0.00028716568549862133 -0.00043008708523120735 0.0003737676208256744 0.00035727821508771743 -8.2172906608320777e-05 -1.5518728701863478e-05 3.8941536215133993e-05 -0.0001439292431459762
leaf_weight=27 33 107 66 93 43 119 261
leaf_count=27 33 107 66 93 43 119 261
internal_value=3.33778e-05 0.00380117 0 0.00267296 0.00866667 -0.00313268 -0.00407895
internal_weight=749 342 192 159 150 407 380
internal_count=749 342 192 159 150 407 380
is_linear=0
shrinkage=0.05


Tree=3
num_leaves=8
num_cat=0
split_feature=13 0 1 2 6 7 3
split_gain=3.07778 2.81384 2.56022 2.66778 1.88123 2.02421 1.39577
threshold=14.920000076293947 0.033688224191784528 -0.078178002191281334 0.1024218066924313 -0.77331228231056881 0.053323726654471056 -0.0045674397244136458
decision_type=2 2 2 2 2 2 2
left_child=4 2 -2 -4 -1 6 -6
right_child=1 -3 3 -5 5 -7 -8
leaf_value=-0.0003295344120444497 0.0005549173155712197 0.0004277245771925663 2.892859947751271e-05 -0.00028814271439914593 -0.00020420719232351983 -0.00026405444430129134 6.6600785907940024e-05
leaf_weight=43 27 42 400 50 32 38 111
leaf_count=43 27 42 400 50 32 38 111
internal_value=-0.000235532 0.00187861 0.000786164 -0.000111111 -0.00513393 -0.00290055 -0.000174825
internal_weight=743 519 477 450 224 181 143
internal_count=743 519 477 450 224 181 143
is_linear=0
shrinkage=0.05


Tree=4
num_leaves=8
num_cat=0
split_feature=13 0 15 8 1 2 8
split_gain=2.84548 2.43109 2.11834 2.20798 2.16664 1.80389 1.93518
threshold=16.355000495910648 0.033688224191784528 -0.003911952150341901 -0.09368816005102891 0.029319354631978881 -0.069180978203496932 -0.038319301040373892
decision_type=2 2 2 8 2 2 10
left_child=5 2 -2 -4 -5 -1 -7
right_child=1 -3 3 4 -6 6 -8
leaf_value=0.00027537044641954715 0.00015687211874843349 0.00047457740771948004 0.00015723253045667673 -0.00013976761742756934 0.00023442182333179522 -0.00032309031424651038 -8.1543018804222788e-05
leaf_weight=47 134 33 39 143 45 49 256
leaf_count=47 134 33 39 143 45 49 256
internal_value=0 0.00291878 0.0017313 -0.00121145 -0.00345745 -0.00326705 -0.00467213
internal_weight=746 394 361 227 188 352 305
internal_count=746 394 361 227 188 352 305
is_linear=0
shrinkage=0.05


Tree=5
num_leaves=8
num_cat=0
split_feature=11 0 4 3 6 3 8
split_gain=3.85542 1.9043 1.63432 1.76649 1.8672 1.82025 1.71194
threshold=-0.013447724126553815 -0.029013299220154939 0.021292256773349432 0.0035420982703905373 -0.58957607256523359 0.0056645377141504314 0.066405649975741624
decision_type=2 2 2 2 2 2 8
left_child=-1 -2 -3 6 -5 -6 -4
right_child=1 2 3 4 5 -7 -8
leaf_value=0.00025359027448818965 0.00040067479220101817 -0.000182548987692353 -4.9239156440991814e-05 -6.0742932268549429e-05 0.00020501658051501727 5.5685484855275747e-05 -0.00022629620334053475
leaf_weight=121 26 39 243 61 32 116 99
leaf_count=121 26 39 243 61 32 116 99
internal_value=-0.000101764 -0.00170455 -0.00228814 -0.00158802 0.00203349 0.00506757 -0.00380117
internal_weight=737 616 590 551 209 148 342
internal_count=737 616 590 551 209 148 342
is_linear=0
shrinkage=0.05


Tree=6
num_leaves=8
num_cat=0
split_feature=13 0 0 2 2 9 11
split_gain=3.12866 2.50204 2.35218 2.31305 2.66321 1.89605 1.4225
threshold=12.494999885559084 -0.030520934775288774 0.033688224191784528 0.092380597253440846 0.14157519340648086 -0.12153807828167772 0.0074730260687776448
decision_type=2 2 2 2 2 8 2
left_child=-1 -2 3 5 -5 -3 -7
right_child=1 2 -4 4 -6 6 -8
leaf_value=-0.00033338803180980907 0.00042491124894306667 0.00020744118291000417 0.00030639283490450551 -0.00028140891641712369 0.00019219769621667141 -5.7411480141637003e-05 5.90274348541385e-05
leaf_weight=26 40 58 55 70 31 278 188
leaf_count=26 40 58 55 70 31 278 188
internal_value=-0.000268097 0.000347222 -0.000367647 -0.00124 -0.00816832 9.54198e-05 -0.000965665
internal_weight=746 720 680 625 101 524 466
internal_count=746 720 680 625 101 524 466
is_linear=0
shrinkage=0.05


Tree=7
num_leaves=8
num_cat=0
split_feature=0 11 10 14 5 8 9
split_gain=3.14999 2.54275 1.80916 2.88428 1.53754 2.76103 1.87267
threshold=-0.030520934775288774 -0.0084964938619227475 0.0040309236924269696 0.10773003329269316 0.017650011944633944 0.068451366979814257 0.075624089936563901
decision_type=2 2 2 2 2 8 10
left_child=-1 2 3 -2 6 -6 -3
right_child=1 4 -4 -5 5 -7 -8
leaf_value=0.00040366568649591338 0.00033483560468109764 -6.9000592401134532e-05 -5.3948713210945617e-05 -9.0590440728246418e-05 0.00014191142517009544 -0.00015048213859829605 -0.00028334652455054386
leaf_weight=40 86 223 37 34 179 106 40
leaf_count=40 86 223 37 34 179 106 40
internal_value=0.000100671 -0.000673759 0.00493631 0.00791667 -0.00228102 0.000263158 -0.00503802
internal_weight=745 705 157 120 548 285 263
internal_count=745 705 157 120 548 285 263
is_linear=0
shrinkage=0.05


Tree=8
num_leaves=8
num_cat=0
split_feature=13 6 9 11 2 7 2
split_gain=2.71312 2.70405 2.04882 3.36779 1.9658 1.40608 2.11038
threshold=14.404999732971193 1.5814145789423855 -0.021898793152602843 0.021590263312926242 0.083898346002378346 0.023215136072450297 -0.069180978203496932
decision_type=2 2 8 2 2 2 2
left_child=4 2 3 -2 5 6 -1
right_child=1 -3 -4 -5 -6 -7 -8
leaf_value=0.00020015972926723213 0.00021980634014167707 0.00027166739307836864 -2.9908154307430656e-05 -0.00017315635744574064 -0.00025646076226174815 0.00010141734121134131 -0.00024104497466958687
leaf_weight=25 169 59 316 34 38 36 87
leaf_count=25 169 59 316 34 38 36 87
internal_value=-0.00039267 0.00129758 0.000144509 0.00406404 -0.00564516 -0.00304054 -0.00580357
internal_weight=764 578 519 203 186 148 112
internal_count=764 578 519 203 186 148 112
is_linear=0
shrinkage=0.05


Tree=9
num_leaves=8
num_cat=0
split_feature=13 0 0 9 4 4 16
split_gain=2.45601 2.45805 2.62397 1.65001 1.63335 2.96636 1.43314
threshold=14.404999732971193 0.033688224191784528 -0.030520934775288774 -0.22422564596034814 0.029167281568895701 0.024881084124163788 0.0014330475736896722
decision_type=2 2 2 8 2 2 2
left_child=4 2 -2 -4 5 6 -1
right_child=1 -3 3 -5 -6 -7 -8
leaf_value=-0.00028266234804319348 0.00039264171822334939 0.00042576245480568828 0.00034255086616126826 -2.0282810086645144e-05 7.1116178464014415e-05 -0.00036312609784504638 0.00010130047459579496
leaf_weight=28 32 44 26 462 32 65 55
leaf_count=28 32 44 26 462 32 65 55
internal_value=-0.00047043 0.00115248 0.000192308 -0.000717213 -0.00555556 -0.00777027 -0.00150602
internal_weight=744 564 520 488 180 148 83
internal_count=744 564 520 488 180 148 83
is_linear=0
shrinkage=0.05


Tree=10
num_leaves=8
num_cat=0
split_feature=1 4 12 0 16 2 16
split_gain=2.95203 1.6652 2.24323 1.67994 1.507 1.32064 1.59763
threshold=-0.078178002191281334 0.029167281568895701 0.048519167358985434 0.025947802399609036 0.014369805487750577 0.083540592936468663 0.033039770640380335
decision_type=2 2 2 2 2 2 2
left_child=-1 2 3 4 -2 6 -3
right_child=1 5 -4 -5 -6 -7 -8
leaf_value=0.00044618083332859256 -9.9900116350591653e-05 0.00015581601053820394 -0.0002779687591321113 0.00026631886034182679 7.8101081717623245e-05 -8.6909929724885056e-05 -9.3623795808751777e-05
leaf_weight=30 215 239 42 29 71 96 27
leaf_count=30 215 239 42 29 71 96 27
internal_value=-0.000367156 -0.00100834 -0.00343137 -0.00198413 -0.00314685 0.00138122 0.00319549
internal_weight=749 719 357 315 286 362 266
internal_count=749 719 357 315 286 362 266
is_linear=0
shrinkage=0.05


Tree=11
num_leaves=8
num_cat=0
split_feature=11 16 9 8 12 8 2
split_gain=2.77648 1.82245 2.3234 1.78382 1.80897 1.70551 2.4719
threshold=-0.014003492278460259 0.0029246570669991816 0.056530740280141163 0.079763643350454397 0.0072856362379064574 0.001289145493199251 -0.054770935894117349
decision_type=2 2 10 8 2 8 2
left_child=-1 2 5 -3 -5 6 -2
right_child=1 3 -4 4 -6 -7 -8
leaf_value=0.00021438792520376057 1.0327671392905848e-05 7.4196027631742115e-05 -0.00027315114930362595 9.8887501041467109e-05 -0.00020286078080380228 4.9564985394517057e-05 -0.00025626534323566243
leaf_weight=120 70 279 33 27 87 69 62
leaf_count=120 70 279 33 27 87 69 62
internal_value=-0.000301205 -0.00163477 -0.00512821 0.000445293 -0.00482456 -0.00310945 -0.00643939
internal_weight=747 627 234 393 114 201 132
internal_count=747 627 234 393 114 201 132
is_linear=0
shrinkage=0.05


Tree=12
num_leaves=8
num_cat=0
split_feature=16 15 3 2 2 15 10
split_gain=2.2627 1.72542 2.1415 1.71632 2.25789 2.57816 1.95222
threshold=-0.010657862426397156 0.0070853510662165506 0.00022667537491916082 0.092380597253440846 0.053665859992422245 -0.0034740224334356413 0.0040309236924269696
decision_type=2 2 2 2 2 2 2
left_child=-1 3 -3 4 6 -6 -2
right_child=1 2 -4 -5 5 -7 -8
leaf_value=0.00012624971963157567 -0.00017656114323327265 0.0003313949368996361 -2.4299199720536183e-05 -0.00023806571649018622 0.00066845981254273876 -6.7218998219259824e-06 0.00011162830387899054
leaf_weight=179 180 46 108 82 28 52 59
leaf_count=179 180 46 108 82 28 52 59
internal_value=0 -0.00157658 0.00292208 -0.00330424 -0.00164577 0.005625 -0.0040795
internal_weight=734 555 154 401 319 80 239
internal_count=734 555 154 401 319 80 239
is_linear=0
shrinkage=0.05


Tree=13
num_leaves=8
num_cat=0
split_feature=14 0 1 3 14 2 3
split_gain=2.05155 2.12252 1.60335 1.75997 2.4801 1.76649 1.71859
threshold=0.040951993391927573 0.033688224191784528 -0.063382498272604323 -0.0012277502998227494 -0.037374592254897913 0.083898346002378346 0.00022667537491916082
decision_type=2 2 2 2 2 2 2
left_child=1 2 -1 4 -4 6 -5
right_child=-2 -3 3 5 -6 -7 -8
leaf_value=0.00039804154652769736 0.00015226117592863619 0.00020916526934244787 0.00017608181436069975 0.00036303593565366603 -0.00021921085102224232 -0.0002038309319821856 -1.5296873215084676e-05
leaf_weight=35 168 53 40 36 137 68 208
leaf_count=35 168 53 40 36 137 68 208
internal_value=-0.000100671 -0.00151646 -0.00248092 -0.00322086 -0.00720339 -0.000961538 0.00102459
internal_weight=745 577 524 489 177 312 244
internal_count=745 577 524 489 177 312 244
is_linear=0
shrinkage=0.05


Tree=14
num_leaves=8
num_cat=0
split_feature=13 16 1 1 13 8 12
split_gain=2.06818 1.58015 1.67251 1.89564 1.40895 1.4443 1.31586
threshold=12.494999885559084 0.037212297723873584 -0.078178002191281334 0.04255642150327333 16.469999313354496 0.073219771856681284 0.058395912438342197
decision_type=2 2 2 2 2 10 2
left_child=-1 2 -2 6 5 -5 -4
right_child=1 -3 3 4 -6 -7 -8
leaf_value=-0.00023219009206528631 0.00037560981336411266 -0.00020844750469352038 -3.2426685900664463e-05 0.00035862661455400173 0.00038086505124260752 -0.00016548490700733681 0.0003848440527289356
leaf_weight=27 31 34 480 26 51 32 38
leaf_count=27 31 34 480 26 51 32 38
internal_value=-0.000312935 0.000216763 0.000759878 0.000199362 0.00619266 0.000862069 -0.00106178
internal_weight=719 692 658 627 109 58 518
internal_count=719 692 658 627 109 58 518
is_linear=0
shrinkage=0.05


Tree=15
num_leaves=8
num_cat=0
split_feature=16 9 5 15 10 9 9
split_gain=2.56604 1.98992 2.88085 1.84727 2.32079 1.78093 1.7129
threshold=0.029638103104262629 0.043519656873362574 0.023780637717931489 0.0069208731104983831 0.010824096152379449 0.00091795872247935073 -0.080861083442753875
decision_type=2 10 2 2 2 8 8
left_child=1 2 3 6 5 -5 -1
right_child=-2 -3 -4 4 -6 -7 -8
leaf_value=0.00012099115364936405 -0.00015771331857284402 -9.9063619563046981e-05 0.00056021522552046068 0.00017336339711308837 -0.00022499067579505902 0.00072780018512086809 -6.4602584234862639e-05
leaf_weight=91 77 149 27 46 30 28 295
leaf_count=91 77 149 27 46 30 28 295
internal_value=-0.00077389 0.000225225 0.00169246 0.000816327 0.00673077 0.0114865 -0.000777202
internal_weight=743 666 517 490 104 74 386
internal_count=743 666 517 490 104 74 386
is_linear=0
shrinkage=0.05


Tree=16
num_leaves=8
num_cat=0
split_feature=13 11 4 12 11 8 14
split_gain=2.18044 1.8159 1.66299 1.48622 1.4127 2.32386 1.92293
threshold=12.494999885559084 -0.013447724126553815 0.030101393786361764 -0.038043890036369758 0.003505922146060048 0.069363692502660848 0.044393091515214207
decision_type=2 2 2 2 2 8 2
left_child=-1 2 -2 -3 -5 6 -6
right_child=1 3 -4 4 5 -7 -8
leaf_value=-0.00023257719355948924 -8.5908337851461208e-06 -0.00033298452608661663 0.00036103867817430404 -8.0892172002239489e-05 2.8491498087714671e-05 -0.00012822844218643697 0.00038849232420021289
leaf_weight=26 57 26 65 210 240 106 27
leaf_count=26 57 26 65 210 240 106 27
internal_value=-0.00115588 -0.000649795 0.00491803 -0.00176519 -0.00124357 0.000603217 0.00308989
internal_weight=757 731 122 609 583 373 267
internal_count=757 731 122 609 583 373 267
is_linear=0
shrinkage=0.05


Tree=17
num_leaves=8
num_cat=0
split_feature=11 4 14 9 14 3 4
split_gain=1.85238 1.75845 1.66996 2.25096 1.76436 1.62582 1.39379
threshold=-0.017068833431084392 0.030101393786361764 -0.037374592254897913 -0.10338001544402768 0.0250539094836888 -0.00498192865735153 0.028105931225770875
decision_type=2 2 2 10 2 2 2
left_child=1 -1 3 -2 6 -3 -4
right_child=2 5 4 -5 -6 -7 -8
leaf_value=-1.2944551884519052e-05 0.0002414249965461716 9.688966205818059e-05 -0.00016770892734535695 -3.0398871989127663e-05 1.0381089702264819e-05 0.00049672869985714239 -7.0985273799782907e-05
leaf_weight=45 66 27 141 114 159 29 165
leaf_count=45 66 27 141 114 159 29 165
internal_value=-0.000603217 0.00569307 -0.00158915 0.0025 -0.00317204 0.0116071 -0.00539216
internal_weight=746 101 645 180 465 56 306
internal_count=746 101 645 180 465 56 306
is_linear=0
shrinkage=0.05


Tree=18
num_leaves=8
num_cat=0
split_feature=9 6 16 1 10 1 10
split_gain=2.62951 1.32811 1.89192 1.86985 1.74071 1.4507 1.07524
threshold=-0.021898793152602843 -0.90735343991760697 -0.013095414638577328 0.032874510976311451 -0.00020807375643927537 0.013484411299052869 0.0014914838547043232
decision_type=8 2 2 2 2 2 2
left_child=1 -1 4 5 -3 6 -4
right_child=-2 2 3 -5 -6 -7 -8
leaf_value=-0.00016338789112643398 -4.971592761850315e-05 0.00045877430681021196 -8.9437435638474978e-05 0.00047645372106771243 2.6811821584742277e-05 -0.00017367340521669291 0.00024581294427868382
leaf_weight=36 468 46 59 43 25 26 50
leaf_count=36 468 46 59 43 25 26 50
internal_value=-0.000365206 0.00342105 0.00471888 0.00196629 0.0116197 -0.000925926 0.0016055
internal_weight=753 285 249 178 71 135 109
internal_count=753 285 249 178 71 135 109
is_linear=0
shrinkage=0.05


Tree=19
num_leaves=8
num_cat=0
split_feature=1 13 15 16 12 9 7
split_gain=1.88111 1.53045 1.09881 1.57126 1.54925 1.97377 1.63333
threshold=-0.078178002191281334 12.494999885559084 -0.007875461395809023 0.0024025840172502426 0.03728924944291568 -0.025134421200177611 -0.03777455421287889
decision_type=2 2 2 2 2 8 2
left_child=-1 -2 -3 4 5 6 -4
right_child=1 2 3 -5 -6 -7 -8
leaf_value=0.00032831244764438845 -0.00020698014999460295 8.7330660862681249e-05 -0.000159332537354624 8.6661413712472296e-06 6.4387424339709589e-05 -0.00014268434233259816 8.9083249910165262e-05
leaf_weight=33 25 104 32 361 35 101 48
leaf_count=33 25 104 32 361 35 101 48
internal_value=-0.000304465 -0.000849858 -0.000403818 -0.0012565 -0.00462963 -0.00649171 -0.000625
internal_weight=739 706 681 577 216 181 80
internal_count=739 706 681 577 216 181 80
is_linear=0
shrinkage=0.05


Tree=20
num_leaves=8
num_cat=0
split_feature=13 3 10 10 9 0 10
split_gain=1.57859 1.48239 1.0068 2.18663 1.04332 0.970369 1.41028
threshold=12.494999885559084 0.015058628363111117 0.010824096152379449 0.0092143368425633438 -0.19922304993348447 -0.0151407178381448 0.0025358686375718258
decision_type=2 2 2 2 8 2 2
left_child=-1 2 3 4 -2 -6 -7
right_child=1 -3 -4 -5 5 6 -8
leaf_value=-0.00019663114249487284 0.00024893328921071707 0.00030617244246532773 -0.00023293067698624723 0.00044528460521638932 3.8853353457016154e-05 -4.8103588250929599e-07 -7.5157186810210014e-05
leaf_weight=27 28 49 41 30 147 274 155
leaf_count=27 28 49 41 30 147 274 155
internal_value=-0.000166445 0.000276243 -0.000333333 0.000157729 -0.000496689 -0.000954861 -0.00215618
internal_weight=751 724 675 634 604 576 429
internal_count=751 724 675 634 604 576 429
is_linear=0
shrinkage=0.05


Tree=21
num_leaves=8
num_cat=0
split_feature=12 12 3 6 8 8 2
split_gain=2.40795 3.18995 2.30942 2.18918 1.23806 1.67385 2.37992
threshold=0.0053623810378563572 -0.0052152181904612785 0.0030250424815208015 -0.33245753268598327 0.079763643350454397 0.090782754839639393 0.085494608960129961
decision_type=2 2 2 2 8 8 2
left_child=1 2 -1 -4 -2 -6 -7
right_child=4 -3 3 -5 5 6 -8
leaf_value=-3.4492423019026005e-05 -4.0361339793595645e-06 0.00032654766230105336 -1.3462030146039334e-05 0.00037062844327598489 -0.00022836423027935147 0.00014630487264371135 -0.0001733668439681227
leaf_weight=127 386 58 27 31 26 40 53
leaf_count=127 386 58 27 31 26 40 53
internal_value=0.000334225 0.00442387 0.00121622 0.00948276 -0.00163366 -0.00609244 -0.00295699
internal_weight=748 243 185 58 505 119 93
internal_count=748 243 185 58 505 119 93
is_linear=0
shrinkage=0.05


Tree=22
num_leaves=8
num_cat=0
split_feature=13 0 11 2 7 0 13
split_gain=2.06897 1.87704 1.44621 1.27211 1.63179 1.27781 1.23652
threshold=14.244999885559084 0.033688224191784528 -0.023324980459216712 0.085494608960129961 0.025218216698568278 -0.012675841192619384 15.355000019073488
decision_type=2 2 2 2 2 2 2
left_child=3 2 -2 4 5 -1 -4
right_child=1 -3 6 -5 -6 -7 -8
leaf_value=6.0941815778349073e-05 0.00029153692184936329 0.00032618372887824554 0.00010242176805966867 -0.00020243462807886282 0.0001013765071324408 -0.00015550295592272608 -1.8514436215850191e-05
leaf_weight=31 51 46 74 35 35 72 398
leaf_count=31 51 46 74 35 35 72 398
internal_value=-0.000269542 0.00118629 0.000334608 -0.0050578 -0.00289855 -0.00606796 -0.000529661
internal_weight=742 569 523 173 138 103 472
internal_count=742 569 523 173 138 103 472
is_linear=0
shrinkage=0.05


Tree=23
num_leaves=8
num_cat=0
split_feature=13 6 7 13 13 16 9
split_gain=2.05691 1.41945 1.64468 2.05272 1.40833 1.38145 2.24419
threshold=12.494999885559084 1.5814145789423855 0.057062521324480649 16.73499965667725 15.574999809265138 0.033039770640380335 -0.21898288847027905
decision_type=2 2 2 2 2 2 8
left_child=-1 2 5 -4 -3 6 -2
right_child=1 4 3 -5 -6 -7 -8
leaf_value=-0.00020352504169107523 0.00048230310650168161 -0.00011055276978308638 -0.00019258604271701191 0.00014016714021217823 0.00016118324642594439 -0.00015248703015319673 -6.6422532620524085e-06
leaf_weight=25 25 27 42 37 45 31 519
leaf_count=25 25 27 42 37 45 31 519
internal_value=-0.000898802 -0.000413223 -0.00114679 -0.00791139 0.00625 -0.000217391 0.000367647
internal_weight=751 726 654 79 72 575 544
internal_count=751 726 654 79 72 575 544
is_linear=0
shrinkage=0.05


Tree=24
num_leaves=8
num_cat=0
split_feature=11 4 13 0 2 2 15
split_gain=2.38387 1.479 1.3434 2.01136 1.37038 1.55385 3.58678
threshold=-0.017068833431084392 0.030101393786361764 14.315000057220461 0.033688224191784528 0.092380597253440846 0.053665859992422245 -0.0036202753257491001
decision_type=2 2 2 2 2 2 2
left_child=1 -1 -2 4 5 -4 -7
right_child=2 -3 3 -5 -6 6 -8
leaf_value=6.0301750490261969e-06 -0.00012552766637589658 0.00030219672733150076 -1.3320454806721883e-05 0.00019907039877093595 -0.00019246550666606645 0.00058637458688065157 -1.1751735221019432e-06
leaf_weight=40 162 53 283 39 80 27 65
leaf_count=40 162 53 283 39 80 27 65
internal_value=-0.000233645 0.00725806 -0.00129573 0 -0.000934066 0.000333333 0.00597826
internal_weight=749 93 656 494 455 375 92
internal_count=749 93 656 494 455 375 92
is_linear=0
shrinkage=0.05


end of trees

feature_importances:
vix_level=18
ret_20d=16
dist_ma200=15
ret_1d=14
dist_ma50=11
spy_ret_5d=11
vix_chg_1d=11
sector_ret_5d=11
overnight_gap=10
ret_5d=9
atr_pct=9
spy_ret_1d=9
spy_ret_20d=8
dist_ma20=7
sector_ret_1d=7
dvol_z_20=6
parkinson_20=3

parameters:
[boosting: gbdt]
[objective: quantile]
[metric: quantile]
[tree_learner: serial]
[device_type: cpu]
[data_sample_strategy: bagging]
[data: ]
[valid: ]
[num_iterations: 80]
[learning_rate: 0.05]
[num_leaves: 8]
[num_threads: 1]
[seed: 0]
[deterministic: 0]
[force_col_wise: 1]
[force_row_wise: 0]
[histogram_pool_size: -1]
[max_depth: -1]
[min_data_in_leaf: 25]
[min_sum_hessian_in_leaf: 0.001]
[bagging_fraction: 0.9]
[pos_bagging_fraction: 1]
[neg_bagging_fraction: 1]
[bagging_freq: 1]
[bagging_seed: 3]
[bagging_by_query: 0]
[feature_fraction: 0.9]
[feature_fraction_bynode: 1]
[feature_fraction_seed: 2]
[extra_trees: 0]
[extra_seed: 6]
[early_stopping_round: 0]
[early_stopping_min_delta: 0]
[first_metric_only: 0]
[max_delta_step: 0]
[lambda_l1: 0]
[lambda_l2: 0]
[linear_lambda: 0]
[min_gain_to_split: 0]
[drop_rate: 0.1]
[max_drop: 50]
[skip_drop: 0.5]
[xgboost_dart_mode: 0]
[uniform_drop: 0]
[drop_seed: 4]
[top_rate: 0.2]
[other_rate: 0.1]
[min_data_per_group: 100]
[max_cat_threshold: 32]
[cat_l2: 10]
[cat_smooth: 10]
[max_cat_to_onehot: 4]
[top_k: 20]
[monotone_constraints: ]
[monotone_constraints_method: basic]
[monotone_penalty: 0]
[feature_contri: ]
[forcedsplits_filename: ]
[refit_decay_rate: 0.9]
[cegb_tradeoff: 1]
[cegb_penalty_split: 0]
[cegb_penalty_feature_lazy: ]
[cegb_penalty_feature_coupled: ]
[path_smooth: 0]
[interaction_constraints: ]
[verbosity: -1]
[saved_feature_importance_type: 0]
[use_quantized_grad: 0]
[num_grad_quant_bins: 4]
[quant_train_renew_leaf: 0]
[stochastic_rounding: 1]
[linear_tree: 0]
[max_bin: 255]
[max_bin_by_feature: ]
[min_data_in_bin: 3]
[bin_construct_sample_cnt: 200000]
[data_random_seed: 1]
[is_enable_sparse: 1]
[enable_bundle: 1]
[use_missing: 1]
[zero_as_missing: 0]
[feature_pre_filter: 1]
[pre_partition: 0]
[two_round: 0]
[header: 0]
[label_column: ]
[weight_column: ]
[group_column: ]
[ignore_column: ]
[categorical_feature: ]
[forcedbins_filename: ]
[precise_float_parser: 0]
[parser_config_file: ]
[objective_seed: 5]
[num_class: 1]
[is_unbalance: 0]
[scale_pos_weight: 1]
[sigmoid: 1]
[boost_from_average: 1]
[reg_sqrt: 0]
[alpha: 0.5]
[fair_c: 1]
[poisson_max_delta_step: 0.7]
[tweedie_variance_power: 1.5]
[lambdarank_truncation_level: 30]
[lambdarank_norm: 1]
[label_gain: ]
[lambdarank_position_bias_regularization: 0]
[eval_at: ]
[multi_error_top_k: 1]
[auc_mu_weights: ]
[num_machines: 1]
[local_listen_port: 12400]
[time_out: 120]
[machine_list_filename: ]
[machines: ]
[gpu_platform_id: -1]
[gpu_device_id: -1]
[gpu_device_id_list: ]
[gpu_use_dp: 0]
[num_gpu: 1]

end of parameters

pandas_categorical:[]
