tree
version=v4
num_class=1
num_tree_per_iteration=1
label_index=0
max_feature_idx=16
objective=quantile
feature_names=ret_1d ret_5d ret_20d overnight_gap atr_pct parkinson_20 dvol_z_20 dist_ma20 dist_ma50 dist_ma200 spy_ret_1d spy_ret_5d spy_ret_20d vix_level vix_chg_1d sector_ret_1d sector_ret_5d
feature_infos=[-0.15592311130978986:0.088180112570356517] [-0.16080000000000005:0.12010755900806691] [-0.18773838112727792:0.16289714593430249] [-0.093416531018267301:0.1040337711069419] [0.012721233820903559:0.039577462976544311] [0.0079088882381885429:0.023186679633179892] [-2.544764168487224:4.3206925123286375] [-0.152555304720144:0.10408390828629166] [-0.16936915694620647:0.11946204058628918] [-0.24473141784859642:0.097039270695858493] [-0.058542947643003718:0.10501933612632941] [-0.11496158439845272:0.082843216242346029] [-0.12265592443394913:0.15756596870864792] [11.859999656677246:52.330001831054688] [-0.35753873962348437:0.74039073966007019] [-0.043404047793221157:0.03876882776686319] [-0.066511798508375297:0.073218480814408737]
tree_sizes=833 852 867 870 868 861 855 866 866 866 863 860 862 874 872 871 858 868 869 864 869 871 859 860 874 874 869 859

Tree=0
num_leaves=8
num_cat=0
split_feature=9 7 2 4 16 3 9
split_gain=1.63333 0.96 0.72 0.476242 0.468 0.65688 0.531158
threshold=0.011100913322387941 0.037095833877905833 0.035847019075530458 0.023100063592231598 0.0009473015032692712 -0.0010371658717285845 -0.037942241932233882
decision_type=10 2 2 2 2 2 10
left_child=3 2 -2 4 5 -1 -7
right_child=1 -3 -4 -5 -6 6 -8
leaf_value=-0.016365870097320163 -0.016740918378503368 -0.016876627798459904 -0.016374897451472345 -0.016294055005592927 -0.016274343745547162 -0.016506013106311168 -0.016853368745827994
leaf_weight=95 25 25 25 231 224 95 30
leaf_count=95 25 25 25 231 224 95 30
internal_value=-0.0164109 -0.0234109 -0.0194109 -0.0156331 -0.0165911 -0.0182291 -0.0206109
internal_weight=750 75 50 675 444 220 125
internal_count=750 75 50 675 444 220 125
is_linear=0
shrinkage=1


Tree=1
num_leaves=8
num_cat=0
split_feature=7 9 14 7 7 4 4
split_gain=1.27633 1.99161 1.08558 0.48741 0.576781 0.985973 1.14286
threshold=0.044202108760351917 -0.017212202898989722 0.13518549268873961 0.018683773329131407 -0.008709069405614998 0.017704060269589823 0.016487722535176226
decision_type=2 10 2 2 2 2 2
left_child=2 -2 3 4 -1 6 -6
right_child=1 -3 -4 -5 5 -7 -8
leaf_value=8.5639229703662867e-05 0.00010955313475343504 -0.00041536647163393722 -0.00012953715525266285 0.0001719696128221594 7.2758410297777115e-05 1.5099273516166744e-06 -0.00047599025438909212
leaf_weight=295 25 31 28 116 28 183 28
leaf_count=295 25 31 28 116 28 183 28
internal_value=-0.000245231 -0.0075 0.000353982 0.000769231 0.000131086 -0.00169456 -0.0075
internal_weight=734 56 678 650 534 239 56
internal_count=734 56 678 650 534 239 56
is_linear=0
shrinkage=0.05


Tree=2
num_leaves=8
num_cat=0
split_feature=9 7 6 7 16 16 12
split_gain=1.51496 2.8486 1.40422 0.527682 0.472439 0.450279 0.375401
threshold=-0.020038917919426299 0.042637395176297062 -0.12599457910605175 0.024816524552565337 0.00068055900589658613 -0.00061014571590078937 0.0061046403867389696
decision_type=10 2 2 2 2 2 2
left_child=3 2 5 6 -4 -2 -1
right_child=1 -3 4 -5 -6 -7 -8
leaf_value=-3.9311462221374616e-05 -6.3241011479778038e-05 -0.00046846816841078265 -0.00089983232542177485 0.00023938515094281863 -0.00039656173894615944 0.00020372141613058002 9.1886800822320425e-05
leaf_weight=155 51 34 25 78 29 71 306
leaf_count=155 51 34 25 78 29 71 306
internal_value=-0.000206942 -0.00380952 -0.00125 0.00119666 -0.00796296 0.00172131 0.000553146
internal_weight=749 210 176 539 54 122 461
internal_count=749 210 176 539 54 122 461
is_linear=0
shrinkage=0.05


Tree=3
num_leaves=8
num_cat=0
split_feature=9 7 6 9 6 16 4
split_gain=1.66478 1.09018 0.695278 0.869244 0.908286 0.967879 0.346077
threshold=0.030740643782167124 0.045489864069061643 -0.23089552156878082 -0.0060409749611064481 -0.1051592084099727 0.016224885640699686 0.021211595783440996
decision_type=10 2 2 10 2 2 2
left_child=1 2 6 4 -4 -6 -1
right_child=-2 -3 3 -5 5 -7 -8
leaf_value=9.0754189330345122e-05 -0.00044670834669251284 -0.00035435999470721861 -0.00026781055688797584 -0.00037523701662310442 0.00012947938724347979 -0.00022913000237548894 0.00024089113895690828
leaf_weight=167 25 44 30 38 221 33 185
leaf_count=167 25 44 30 38 221 33 185
internal_value=-0.000316285 0.000125348 0.000623146 -0.0010559 -0.000105634 0.000866142 0.00215909
internal_weight=743 718 674 322 284 254 352
internal_count=743 718 674 322 284 254 352
is_linear=0
shrinkage=0.05


Tree=4
num_leaves=8
num_cat=0
split_feature=9 7 6 3 7 3 13
split_gain=1.40683 2.75528 1.53648 0.666667 0.439642 0.464702 0.473104
threshold=-0.020038917919426299 0.042637395176297062 -0.12599457910605175 0.00082083858035364454 0.018683773329131407 -0.0022928290401751368 18.675000190734867
decision_type=10 2 2 2 2 2 2
left_child=4 2 -2 -4 5 -1 -7
right_child=1 -3 3 -5 -6 6 -8
leaf_value=0.00022040303643607688 4.9465097104247347e-05 -0.00044467465638538088 -0.00032417783361176982 -0.00041511442418320534 0.00019226827259216216 -8.7167193495276822e-05 0.00015017635736924142
leaf_weight=138 123 32 27 27 98 236 65
leaf_count=138 123 32 27 27 98 236 65
internal_value=0.000107239 -0.00337321 -0.000932203 -0.00796296 0.00146183 0.000785877 -0.000315614
internal_weight=746 209 177 54 537 439 301
internal_count=746 209 177 54 537 439 301
is_linear=0
shrinkage=0.05


Tree=5
num_leaves=8
num_cat=0
split_feature=14 10 9 10 11 7 14
split_gain=1.20202 0.583246 0.864298 0.803421 0.75396 1.15093 1.26
threshold=0.14228104891203866 0.0028970492937452357 -0.069572432125761238 0.0011106399623194154 -0.0019312644635973706 0.010814753724575745 -0.0032889554051496734
decision_type=2 2 10 2 2 2 2
left_child=1 2 3 -1 -4 6 -6
right_child=-2 -3 4 -5 5 -7 -8
leaf_value=0.00016480603812857797 -0.00022604899510307098 9.5594258924966245e-05 6.2589285122547432e-05 -0.00026971121928406043 3.8766354111770019e-05 -2.4232475735971472e-05 -0.00077962176488687376
leaf_weight=173 25 289 79 39 25 62 45
leaf_count=173 25 289 79 39 25 62 45
internal_value=-0.00022388 0.000154495 -0.00102837 0.00122642 -0.00329384 -0.00560606 -0.01
internal_weight=737 712 423 212 211 132 70
internal_count=737 712 423 212 211 132 70
is_linear=0
shrinkage=0.05


Tree=6
num_leaves=8
num_cat=0
split_feature=7 9 7 7 7 9 16
split_gain=0.994098 2.7781 0.695312 0.658067 0.98383 0.72 0.508309
threshold=0.042637395176297062 -0.020038917919426299 0.018683773329131407 0.0016115675789731834 0.0080844845483203382 -0.064513261298146649 0.01186463743529398
decision_type=2 10 2 2 2 10 2
left_child=2 -2 3 -1 5 -5 -6
right_child=1 -3 -4 4 6 -7 -8
leaf_value=1.9944636623240772e-05 0.00022347017993434198 -0.00041342356952964865 0.00014682119483855479 -0.0002642353411291452 0.00014033141133018716 -0.00049314514614683114 -0.00023227989151874259
leaf_weight=419 29 33 121 25 67 25 27
leaf_count=419 29 33 121 25 67 25 27
internal_value=-0.000227882 -0.00629032 0.000321638 -0.000417407 -0.00333333 -0.009 -0.000319149
internal_weight=746 62 684 563 144 50 94
internal_count=746 62 684 563 144 50 94
is_linear=0
shrinkage=0.05


Tree=7
num_leaves=8
num_cat=0
split_feature=9 7 2 7 7 5 10
split_gain=0.991246 0.950913 1.40281 0.302087 0.50677 0.371598 0.62419
threshold=0.0019330603098530743 0.036495658657055514 0.02084514198998844 0.05284276219306628 0.018683773329131407 0.01466473787584854 0.0028352827684376973
decision_type=10 2 2 2 2 2 2
left_child=3 2 -2 4 5 6 -1
right_child=1 -3 -4 -5 -6 -7 -8
leaf_value=-0.00012555180579759394 -0.00032162046706228376 -0.00043394928131942114 0.00010939659059329909 -0.00019408471477645885 0.00018725955866225305 8.9303412611839629e-05 9.897649043028637e-05
leaf_weight=240 35 29 47 26 105 112 151
leaf_count=240 35 29 47 26 105 112 151
internal_value=-0.000100671 -0.00445946 -0.00170732 0.000662461 0.000888158 0.000228628 -0.000498721
internal_weight=745 111 82 634 608 503 391
internal_count=745 111 82 634 608 503 391
is_linear=0
shrinkage=0.05


Tree=8
num_leaves=8
num_cat=0
split_feature=9 6 9 6 8 9 2
split_gain=1.22633 0.590136 0.983719 1.06031 0.991615 0.389964 0.898925
threshold=0.030740643782167124 -0.23089552156878082 -0.018374071366874852 -0.087024348664292955 0.028477328968327779 -0.064513261298146649 0.014415843917259587
decision_type=10 2 10 2 10 10 2
left_child=1 -1 3 -3 -4 -5 -7
right_child=-2 2 4 5 -6 6 -8
leaf_value=0.00011732747897718118 -0.00038547630337681254 -0.00019462438385875472 -0.00032088491560720422 0.00011029824750899609 -5.616760357066884e-05 -0.00040355074594702667 0.00029157603910362544
leaf_weight=374 26 36 31 162 42 55 38
leaf_count=374 26 36 31 162 42 55 38
internal_value=0.000287958 0.000663957 -0.000769231 0.000532646 -0.0059589 0.00166667 -0.000913978
internal_weight=764 738 364 291 73 255 93
internal_count=764 738 364 291 73 255 93
is_linear=0
shrinkage=0.05


Tree=9
num_leaves=8
num_cat=0
split_feature=6 9 8 5 12 16 10
split_gain=0.77162 1.24026 1.25641 0.766268 0.728642 0.782366 0.762624
threshold=-0.18073894760278222 -0.018374071366874852 0.028866779587892636 0.014775293360209557 0.040743458485600355 0.0099263245947175411 0.00090086264031330476
decision_type=2 10 10 2 2 2 2
left_child=-1 4 -3 -4 5 -2 -7
right_child=1 2 3 -5 -6 6 -8
leaf_value=7.2765957412947003e-05 1.3633634383971618e-05 -0.00032639159280477059 2.7882260057478253e-05 -0.00034647736754824985 0.00022815601117092584 -0.00040194445708964819 -0.00015327952501866118
leaf_weight=397 161 26 27 25 57 25 26
leaf_count=397 161 26 27 25 57 25 26
internal_value=9.40862e-05 -0.00162824 -0.00717949 -0.00269231 -1.85872e-05 -0.00136792 -0.00676471
internal_weight=744 347 78 52 269 212 51
internal_count=744 347 78 52 269 212 51
is_linear=0
shrinkage=0.05


Tree=10
num_leaves=8
num_cat=0
split_feature=6 9 8 5 6 9 16
split_gain=0.908666 0.927143 0.717522 0.766268 0.596614 0.660754 0.44724
threshold=-0.23089552156878082 -0.014340104043179812 0.028477328968327779 0.014775293360209557 -0.034432568450328278 -0.065272949687316159 0.016224885640699686
decision_type=2 10 10 2 2 8 2
left_child=-1 4 -3 -4 5 -2 -6
right_child=1 2 3 -5 6 -7 -8
leaf_value=0.00012300893430894916 0.00011989236078301585 -0.00031438219809863026 2.6488147054604308e-05 -0.00041708630407501961 9.9174621026679337e-05 -0.00022511276478518152 -0.0001328003077778951
leaf_weight=375 25 25 27 25 214 26 32
leaf_count=375 25 25 27 25 214 26 32
internal_value=0.000594126 -0.00114973 -0.00603896 -0.00269231 0.000117845 -0.00480392 0.00113821
internal_weight=749 374 77 52 297 51 246
internal_count=749 374 77 52 297 51 246
is_linear=0
shrinkage=0.05


Tree=11
num_leaves=8
num_cat=0
split_feature=9 6 6 0 12 5 6
split_gain=0.710038 0.640436 0.964815 0.827975 0.85249 0.689796 0.776891
threshold=-0.076135395878010589 -0.077048807950589923 0.098756578832426792 0.014995877420881822 -0.0062518627133230633 0.014156816213670457 0.94430812952461018
decision_type=10 2 2 2 2 2 2
left_child=-1 -2 -3 4 -4 6 -6
right_child=1 2 3 -5 5 -7 -8
leaf_value=7.2284678170856631e-05 1.892315326120964e-05 -0.00046070419889093149 -0.00041912585661748242 0.00014660308647590492 -0.00061889708448637838 0.00043623243851042604 0.00013502186849459501
leaf_weight=326 236 26 27 34 34 28 36
leaf_count=326 236 26 27 34 34 28 36
internal_value=0.000180723 -0.00117577 -0.00337838 -0.00191824 -0.0038 -0.00163265 -0.00428571
internal_weight=747 421 185 159 125 98 70
internal_count=747 421 185 159 125 98 70
is_linear=0
shrinkage=0.05


Tree=12
num_leaves=8
num_cat=0
split_feature=9 16 0 6 16 1 3
split_gain=0.4054 1.11378 0.981339 0.485576 0.447273 0.458622 0.492774
threshold=-0.016927798279677605 0.00084465730211036327 0.0075399724858146175 0.020446060823790638 0.023236271318140992 0.01205424255953458 0.0039226730969441634
decision_type=10 2 2 2 2 2 2
left_child=4 2 -2 -3 5 6 -1
right_child=1 3 -4 -5 -6 -7 -8
leaf_value=-3.0138882155966299e-06 -6.3503792435438833e-05 0.00013156594227285649 -0.00051240187264318482 -0.00012334132248591347 -0.00011738416609160972 0.0001180046705572516 0.00019445132127517134
leaf_weight=313 54 77 26 36 30 130 68
leaf_count=313 54 77 26 36 30 130 68
internal_value=0.000231608 -0.00173575 -0.00625 0.00146018 0.000933457 0.0012818 0.000406824
internal_weight=734 193 80 113 541 511 381
internal_count=734 193 80 113 541 511 381
is_linear=0
shrinkage=0.05


Tree=13
num_leaves=8
num_cat=0
split_feature=15 15 13 14 14 7 2
split_gain=0.545841 0.756417 0.793281 0.568406 0.578947 0.521755 0.688094
threshold=0.0095122812603982716 0.0079495592615392869 25.960000038146976 -0.011513166785666882 0.023268635347166725 -0.0054861797483016774 0.013865327125035189
decision_type=2 2 2 2 2 2 2
left_child=1 2 3 -1 5 -5 -7
right_child=-2 -3 -4 4 -6 6 -8
leaf_value=8.6150604608317588e-05 0.00016575555498610236 -0.00028990188360080571 -0.00021828214652905493 7.7669606488628624e-05 6.0134266719209805e-05 -0.00040460098365000229 -1.7344046438765795e-05
leaf_weight=267 72 31 26 65 188 43 53
leaf_count=267 72 31 26 65 188 43 53
internal_value=0.000167785 -0.000274888 9.34581e-05 0.000454546 -0.000873925 -0.00307453 -0.00541667
internal_weight=745 673 642 616 349 161 96
internal_count=745 673 642 616 349 161 96
is_linear=0
shrinkage=0.05


Tree=14
num_leaves=8
num_cat=0
split_feature=11 6 16 15 0 0 11
split_gain=0.714188 0.543872 0.598558 0.690225 1.8246 0.662201 0.523275
threshold=0.0069117113136190076 -0.98753308802658546 -0.014053290069976907 0.0016844884343980573 0.001443481757962495 -0.0012075628415880721 -0.0065232483108689778
decision_type=2 2 2 2 2 2 2
left_child=1 -1 5 -4 -5 -3 -6
right_child=-2 2 3 4 6 -7 -8
leaf_value=0.00018639831580369453 5.8203847973497889e-05 -2.3590006195779837e-05 0.00010589897640105305 -0.00051698401139960225 0.00032348354917305583 -0.00031671105941851407 -0.00016950135079824767
leaf_weight=34 330 51 153 37 39 31 44
leaf_count=34 330 51 153 37 39 31 44
internal_value=0.000410292 -0.00104113 -0.00161972 -0.000494505 -0.00333333 -0.00536585 0.000783133
internal_weight=719 389 355 273 120 82 83
internal_count=719 389 355 273 120 82 83
is_linear=0
shrinkage=0.05


Tree=15
num_leaves=8
num_cat=0
split_feature=7 9 7 5 5 16 12
split_gain=0.737727 1.64141 0.680342 0.420531 0.659321 0.405189 0.819244
threshold=0.036495658657055514 -0.020038917919426299 0.017895858535991408 0.014726183452998811 0.014248129297235729 -0.014053290069976907 -0.019977139710358579
decision_type=2 10 2 2 2 2 2
left_child=2 -2 3 4 5 6 -1
right_child=1 -3 -4 -5 -6 -7 -8
leaf_value=-0.00029239680056087502 8.6696292271410509e-05 -0.00040325168757459419 0.00013238407880584175 5.9196411514123376e-05 -0.00052359662161141401 5.3063863198264176e-06 2.5899858334402717e-05
leaf_weight=25 33 39 114 132 31 311 58
leaf_count=25 33 39 114 132 31 311 58
internal_value=8.74834e-05 -0.00472222 0.000603577 -0.000116696 -0.000882353 -0.000329949 -0.00343373
internal_weight=743 72 671 557 425 394 83
internal_count=743 72 671 557 425 394 83
is_linear=0
shrinkage=0.05


Tree=16
num_leaves=8
num_cat=0
split_feature=7 0 0 16 7 16 13
split_gain=0.593347 0.564815 0.793729 1.08908 1.03846 0.321429 0.285185
threshold=0.055536358158398642 0.0015172497370931073 -0.0012977100307892673 0.015746811572319722 0.015750194373553076 -0.010345512183915715 14.920000076293947
decision_type=2 2 2 2 2 2 2
left_child=1 2 3 6 -4 -3 -1
right_child=-2 5 4 -5 -6 -7 -8
leaf_value=-0.00011044597587992604 -0.00017837677680907486 -0.00022636940212902198 -0.00014922241037062167 -0.00024917855087953038 0.00034226612125550919 9.6249023559303047e-05 0.00010304092814260844
leaf_weight=99 25 48 49 42 26 252 216
leaf_count=99 25 48 49 42 26 252 216
internal_value=0.000574637 0.000833334 -0.000324074 0.000658263 -0.005 0.0025 0.00166667
internal_weight=757 732 432 357 75 300 315
internal_count=757 732 432 357 75 300 315
is_linear=0
shrinkage=0.05


Tree=17
num_leaves=8
num_cat=0
split_feature=11 9 16 2 8 14 3
split_gain=0.593778 0.537458 1.10688 0.750114 1.17128 1.26001 0.697022
threshold=0.018680357320368105 0.0019330603098530743 0.00068055900589658613 -0.024136733556268049 -0.03302176728383615 -0.011938112467112181 0.0010879222238922017
decision_type=2 10 2 2 8 2 2
left_child=1 3 -3 4 6 -6 -1
right_child=-2 2 -4 -5 5 -7 -8
leaf_value=0.00012261091197406256 8.6661219154162146e-05 -0.00033521414319648724 7.0606407939900679e-06 9.3986104802656344e-05 8.5538551700291564e-05 -0.00012894319723852018 -0.00021291896905015228
leaf_weight=90 136 34 61 286 32 42 65
leaf_count=90 136 34 61 286 32 42 65
internal_value=0.000174263 -0.000491803 -0.00394737 0.000145631 -0.0019869 -0.00716216 0.000483871
internal_weight=746 610 95 515 229 74 155
internal_count=746 610 95 515 229 74 155
is_linear=0
shrinkage=0.05


Tree=18
num_leaves=8
num_cat=0
split_feature=15 15 13 6 13 16 16
split_gain=0.585625 1.19336 0.813183 0.369728 0.775185 0.65623 0.684478
threshold=0.0095122812603982716 0.0079495592615392869 25.960000038146976 -0.23089552156878082 12.88000011444092 0.015746811572319722 -0.014053290069976907
decision_type=2 2 2 2 2 2 2
left_child=1 2 3 4 -1 6 -5
right_child=-2 -3 -4 5 -6 -7 -8
leaf_value=-0.00022647199569445007 0.00014685445538026336 -0.00024197637662134606 -0.00017854722065312818 -0.00032008553399700483 0.00011583492835261936 -0.0002374709907263347 4.7051079240697555e-05
leaf_weight=26 77 30 26 57 296 38 203
leaf_count=26 77 30 26 57 296 38 203
internal_value=0.000219124 -0.000251479 0.000201239 0.000564516 0.00173913 -0.000704698 0.000192308
internal_weight=753 676 646 620 322 298 260
internal_count=753 676 646 620 322 298 260
is_linear=0
shrinkage=0.05


Tree=19
num_leaves=8
num_cat=0
split_feature=7 9 16 7 5 5 7
split_gain=0.721696 0.546184 1.4596 0.565095 0.571598 1.03998 0.477606
threshold=0.054826027930203643 0.0019330603098530743 0.0009473015032692712 0.018683773329131407 0.01466473787584854 0.014093731500281549 -0.008709069405614998
decision_type=2 10 2 2 2 2 2
left_child=1 3 -3 4 5 6 -1
right_child=-2 2 -4 -5 -6 -7 -8
leaf_value=7.2855601722248409e-05 -0.00013129643528475931 -0.00032990884010692057 2.329173125829829e-05 0.00011904608107640871 0.0001010647001485795 -0.00076172265001923966 -3.9051958274907643e-05
leaf_weight=213 27 33 66 113 116 26 145
leaf_count=213 27 33 66 113 116 26 145
internal_value=6.08933e-05 0.000365169 -0.00308081 0.000921697 0.0002 -0.000729166 -2.79328e-05
internal_weight=739 712 99 613 500 384 358
internal_count=739 712 99 613 500 384 358
is_linear=0
shrinkage=0.05


Tree=20
num_leaves=8
num_cat=0
split_feature=9 2 2 7 7 9 1
split_gain=0.569727 0.671341 1.02752 1.12597 0.959996 0.743471 0.571069
threshold=-0.087143286786339522 -0.024136733556268049 -0.041295362097603032 -0.011064865598153005 0.036495658657055514 -0.0097474542342406694 0.0043244294102687828
decision_type=8 2 2 2 2 10 2
left_child=-1 2 -2 -4 6 -6 -3
right_child=1 4 3 -5 5 -7 -8
leaf_value=0.0001002683956210879 1.6829657670699569e-06 -1.6787647515746547e-06 -5.419959023654684e-05 -0.00021949386162142356 1.8573379076951337e-05 -0.0003292135076655156 0.00011041802903008691
leaf_weight=135 129 182 35 42 26 33 169
leaf_count=135 129 182 35 42 26 33 169
internal_value=0.000206392 -0.000438311 -0.00276699 -0.00733766 0.000731707 -0.00516949 0.00172365
internal_weight=751 616 206 77 410 59 351
internal_count=751 616 206 77 410 59 351
is_linear=0
shrinkage=0.05


Tree=21
num_leaves=8
num_cat=0
split_feature=13 8 1 3 15 6 13
split_gain=0.516872 0.428857 0.476424 0.750825 0.407325 0.437783 1.0338
threshold=26.494999885559086 -0.032676554373009974 -0.020515474401419317 0.0010879222238922017 0.010883860392767232 -0.10184874197479694 12.925000190734865
decision_type=2 10 2 2 2 2 2
left_child=1 2 3 -1 5 6 -3
right_child=-2 4 -4 -5 -6 -7 -8
leaf_value=9.3166687649390496e-05 -0.00013357669922558986 -0.00023136824550212983 0.00019664070007279725 -0.00050974512412523855 0.00023217365519463286 -0.00014785949960389842 2.8092426447866252e-05
leaf_weight=75 26 25 138 44 34 178 228
leaf_count=75 26 25 138 44 34 178 228
internal_value=0.000387701 0.000637119 0.00227626 -4.20166e-05 -0.000268817 -0.000684455 0.000652174
internal_weight=748 722 257 119 465 431 253
internal_count=748 722 257 119 465 431 253
is_linear=0
shrinkage=0.05


Tree=22
num_leaves=8
num_cat=0
split_feature=14 0 11 11 1 10 4
split_gain=0.40855 0.417122 0.305757 0.6881 0.414799 0.458124 0.501961
threshold=0.11068884178819839 -0.0035765688808639391 0.018680357320368105 0.016536757711404618 0.040128079156985581 0.0072501689697913605 0.02040616848802566
decision_type=2 2 2 2 2 2 2
left_child=2 -2 3 4 5 -1 -7
right_child=1 -3 -4 -5 -6 6 -8
leaf_value=8.403678936229743e-05 0.00013569442853083308 -0.00018721819755697562 2.932532435493408e-05 -8.7586156707386852e-05 -0.00025540747602419139 -0.00019081386667211072 2.765720499714943e-05
leaf_weight=398 25 27 132 29 46 34 51
leaf_count=398 25 27 132 29 46 34 51
internal_value=0.000619946 -0.00365385 0.000942029 0.000430108 0.00084121 0.00127329 -0.00205882
internal_weight=742 52 690 558 529 483 85
internal_count=742 52 690 558 529 483 85
is_linear=0
shrinkage=0.05


Tree=23
num_leaves=8
num_cat=0
split_feature=6 9 7 13 6 6 2
split_gain=0.605255 0.779612 0.602859 0.45843 0.387687 0.733536 0.400691
threshold=-0.27734975619543673 -0.0097474542342406694 0.029333434793223371 16.875000000000004 0.64256914195071102 0.49440313572329814 -0.056233922100595461
decision_type=2 10 2 2 2 2 2
left_child=3 4 -3 -1 5 6 -2
right_child=1 2 -4 -5 -6 -7 -8
leaf_value=4.5541265768895183e-05 -0.00011437524661675942 -2.4998009488899338e-05 -0.00030944776732405235 0.00010207027787069174 9.4348492034114189e-05 -0.00054058917918305735 1.32255810625887e-05
leaf_weight=181 49 41 29 177 138 26 110
leaf_count=181 49 41 29 177 138 26 110
internal_value=0.00113848 -0.000216285 -0.005 0.0026257 0.000820434 -0.000675675 0.000597484
internal_weight=751 393 70 358 323 185 159
internal_count=751 393 70 358 323 185 159
is_linear=0
shrinkage=0.05


Tree=24
num_leaves=8
num_cat=0
split_feature=11 11 15 16 1 8 2
split_gain=0.409752 0.638486 0.419363 0.441123 1.13019 0.431218 0.831933
threshold=0.018680357320368105 0.016536757711404618 -0.0084788634351287678 -0.014053290069976907 -0.022119240575180662 -0.032676554373009974 -0.026826181276124902
decision_type=2 2 2 2 2 10 2
left_child=1 2 -1 4 -4 -5 -7
right_child=-2 -3 3 5 -6 6 -8
leaf_value=8.6019212015590472e-05 4.5913414611331188e-05 -8.5160755380814991e-05 5.530377925769696e-05 0.00012878204808056058 -0.00029096877059458647 -0.00025032387368214767 1.2628789671416156e-05
leaf_weight=67 138 29 45 130 32 36 272
leaf_count=67 138 29 45 130 32 36 272
internal_value=0.000727637 0.00017185 0.000532646 4.85439e-05 -0.00344156 0.000662101 -0.000357143
internal_weight=749 611 582 515 77 438 308
internal_count=749 611 582 515 77 438 308
is_linear=0
shrinkage=0.05


Tree=25
num_leaves=8
num_cat=0
split_feature=15 15 8 15 10 16 9
split_gain=0.455275 1.04149 0.574533 0.274839 0.485787 0.357437 0.263052
threshold=0.0095122812603982716 0.0079495592615392869 0.080344919645799831 0.0029916294041463236 0.010510729988004066 0.016072003734196819 -0.016503399401035009
decision_type=2 2 10 2 2 2 8
left_child=1 2 3 4 5 6 -1
right_child=-2 -3 -4 -5 -6 -7 -8
leaf_value=0.00012143628121834987 0.00011824837348207846 -0.00021299753020652501 -0.0001551169834557947 8.9184249446782788e-05 -0.00016988465715532866 -6.7019496576099986e-05 7.3995565809876668e-07
leaf_weight=208 77 34 26 146 34 41 191
leaf_count=208 77 34 26 146 34 41 191
internal_value=0.000706737 0.000294118 0.000743034 0.00104839 0.000464135 0.000909091 0.00136591
internal_weight=757 680 646 620 474 440 399
internal_count=757 680 646 620 474 440 399
is_linear=0
shrinkage=0.05


Tree=26
num_leaves=8
num_cat=0
split_feature=9 11 10 7 2 9 16
split_gain=0.585732 0.304349 0.452071 0.451319 0.551732 0.43464 1.04716
threshold=0.030740643782167124 0.018680357320368105 0.010510729988004066 0.045489864069061643 0.039512871680296609 -0.016503399401035009 -0.0058684524379521421
decision_type=10 2 2 2 2 10 2
left_child=1 2 3 4 5 -1 -7
right_child=-2 -3 -4 -5 -6 6 -8
leaf_value=4.3511428158440367e-05 -0.00021446402347543908 5.7942493762021242e-05 -0.00017992232640264428 -0.00017489743998294591 0.00027111392094773264 -0.00084752026208945045 1.1984667719877419e-05
leaf_weight=359 25 126 41 36 76 29 45
leaf_count=359 25 126 41 36 76 29 45
internal_value=0.000522388 0.000786517 0.000307167 0.000688074 0.00107073 0.000381063 -0.00310811
internal_weight=737 712 586 545 509 433 74
internal_count=737 712 586 545 509 433 74
is_linear=0
shrinkage=0.05


Tree=27
num_leaves=8
num_cat=0
split_feature=6 9 6 16 15 14 13
split_gain=0.57625 0.948482 0.842103 0.828868 0.810662 0.66 0.571922
threshold=-0.27734975619543673 -0.021067774595297736 -0.034432568450328278 -0.0060500351717384651 0.0022091487076685294 -0.0056306847578752031 16.164999961853031
decision_type=2 10 2 2 2 2 2
left_child=6 2 5 -3 -5 -2 -1
right_child=1 3 -4 4 -6 -7 -8
leaf_value=-5.8943971391014777e-06 3.0104395548212454e-07 -0.00054582869999929068 7.0764200589761234e-05 0.00014361007639984407 -0.00020292689506934869 -0.00019124104214840473 9.21071656731359e-05
leaf_weight=147 30 25 239 32 36 25 215
leaf_count=147 30 25 239 32 36 25 215
internal_value=0.00052737 -0.000813953 0.000578231 -0.00521505 -0.00235294 -0.005 0.00196133
internal_weight=749 387 294 93 68 55 362
internal_count=749 387 294 93 68 55 362
is_linear=0
shrinkage=0.05


end of trees

feature_importances:
dist_ma20=29
dist_ma200=29
dvol_z_20=21
sector_ret_5d=21
sector_ret_1d=11
ret_20d=10
spy_ret_5d=9
vix_level=9
parkinson_20=8
vix_chg_1d=8
ret_1d=7
dist_ma50=7
spy_ret_1d=7
overnight_gap=6
ret_5d=5
atr_pct=5
spy_ret_20d=4

parameters:
[boosting: gbdt]
[objective: quantile]
[metric: quantile]
[tree_learner: serial]
[device_type: cpu]
[data_sample_strategy: bagging]
[data: ]
[valid: ]
[num_iterations: 80]
[learning_rate: 0.05]
[num_leaves: 8]
[num_threads: 1]
[seed: 0]
[deterministic: 0]
[force_col_wise: 1]
[force_row_wise: 0]
[histogram_pool_size: -1]
[max_depth: -1]
[min_data_in_leaf: 25]
[min_sum_hessian_in_leaf: 0.001]
[bagging_fraction: 0.9]
[pos_bagging_fraction: 1]
[neg_bagging_fraction: 1]
[bagging_freq: 1]
[bagging_seed: 3]
[bagging_by_query: 0]
[feature_fraction: 0.9]
[feature_fraction_bynode: 1]
[feature_fraction_seed: 2]
[extra_trees: 0]
[extra_seed: 6]
[early_stopping_round: 0]
[early_stopping_min_delta: 0]
[first_metric_only: 0]
[max_delta_step: 0]
[lambda_l1: 0]
[lambda_l2: 0]
[linear_lambda: 0]
[min_gain_to_split: 0]
[drop_rate: 0.1]
[max_drop: 50]
[skip_drop: 0.5]
[xgboost_dart_mode: 0]
[uniform_drop: 0]
[drop_seed: 4]
[top_rate: 0.2]
[other_rate: 0.1]
[min_data_per_group: 100]
[max_cat_threshold: 32]
[cat_l2: 10]
[cat_smooth: 10]
[max_cat_to_onehot: 4]
[top_k: 20]
[monotone_constraints: ]
[monotone_constraints_method: basic]
[monotone_penalty: 0]
[feature_contri: ]
[forcedsplits_filename: ]
[refit_decay_rate: 0.9]
[cegb_tradeoff: 1]
[cegb_penalty_split: 0]
[cegb_penalty_feature_lazy: ]
[cegb_penalty_feature_coupled: ]
[path_smooth: 0]
[interaction_constraints: ]
[verbosity: -1]
[saved_feature_importance_type: 0]
[use_quantized_grad: 0]
[num_grad_quant_bins: 4]
[quant_train_renew_leaf: 0]
[stochastic_rounding: 1]
[linear_tree: 0]
[max_bin: 255]
[max_bin_by_feature: ]
[min_data_in_bin: 3]
[bin_construct_sample_cnt: 200000]
[data_random_seed: 1]
[is_enable_sparse: 1]
[enable_bundle: 1]
[use_missing: 1]
[zero_as_missing: 0]
[feature_pre_filter: 1]
[pre_partition: 0]
[two_round: 0]
[header: 0]
[label_column: ]
[weight_column: ]
[group_column: ]
[ignore_column: ]
[categorical_feature: ]
[forcedbins_filename: ]
[precise_float_parser: 0]
[parser_config_file: ]
[objective_seed: 5]
[num_class: 1]
[is_unbalance: 0]
[scale_pos_weight: 1]
[sigmoid: 1]
[boost_from_average: 1]
[reg_sqrt: 0]
[alpha: 0.1]
[fair_c: 1]
[poisson_max_delta_step: 0.7]
[tweedie_variance_power: 1.5]
[lambdarank_truncation_level: 30]
[lambdarank_norm: 1]
[label_gain: ]
[lambdarank_position_bias_regularization: 0]
[eval_at: ]
[multi_error_top_k: 1]
[auc_mu_weights: ]
[num_machines: 1]
[local_listen_port: 12400]
[time_out: 120]
[machine_list_filename: ]
[machines: ]
[gpu_platform_id: -1]
[gpu_device_id: -1]
[gpu_device_id_list: ]
[gpu_use_dp: 0]
[num_gpu: 1]

end of parameters

pandas_categorical:[]
