tree
version=v4
num_class=1
num_tree_per_iteration=1
label_index=0
max_feature_idx=16
objective=quantile
feature_names=ret_1d ret_5d ret_20d overnight_gap atr_pct parkinson_20 dvol_z_20 dist_ma20 dist_ma50 dist_ma200 spy_ret_1d spy_ret_5d spy_ret_20d vix_level vix_chg_1d sector_ret_1d sector_ret_5d
feature_infos=[-0.13488551440480345:0.093093747163989438] [-0.15996920143726623:0.10331709400050459] [-0.19106177676207059:0.23590782366265883] [-0.070209833647145503:0.086893798664084532] [0.014886448980888388:0.052282787705072983] [0.009475801299547797:0.027142528642845141] [-2.2906961952428513:4.1415356380745774] [-0.15813158063627131:0.12788574805795183] [-0.18710359908970187:0.15973137936546] [-0.16601928758039097:0.17637909424649778] [-0.058542947643003718:0.10501933612632941] [-0.11496158439845272:0.082843216242346029] [-0.12265592443394913:0.15756596870864792] [11.859999656677246:52.330001831054688] [-0.35753873962348437:0.74039073966007019] [-0.073180960369049974:0.075364298724954315] [-0.12187673514714059:0.078003457216940353]
tree_sizes=859 862 865 870 855 863 873 867 850 871 857 875 861 852 872 864 870 875 865 870 870 867 883 874 864 863 861 865 871 876 863 874 870 855 874 869 859 871 860 869 860 865 860 863 865 864 875

Tree=0
num_leaves=8
num_cat=0
split_feature=3 2 16 7 3 4 1
split_gain=1.12914 1.46939 0.589237 0.637542 0.830592 0.907327 0.964224
threshold=-0.0076897157703597055 -0.015622398946234904 0.020805835257184716 0.016713085470115078 -0.0035032040999043441 0.018762832008431828 0.027195024498113732
decision_type=2 2 2 2 2 2 2
left_child=1 -1 3 -2 -5 -6 -7
right_child=2 -3 -4 4 5 6 -8
leaf_value=-0.0010696632323442894 -0.0011414374214298976 -0.0016556047603912272 -0.0010595183130835484 -0.0011097196399810817 -0.0011538452002189416 -0.0015468173649036902 -0.0012481485018306611
leaf_weight=49 367 49 134 27 35 46 43
leaf_count=49 367 49 134 27 35 46 43
internal_value=-0.00141107 -0.00641515 -0.000658921 -0.00142342 -0.00415809 -0.00588849 -0.00857062
internal_weight=750 98 652 518 151 124 89
internal_count=750 98 652 518 151 124 89
is_linear=0
shrinkage=1


Tree=1
num_leaves=8
num_cat=0
split_feature=9 5 3 14 12 1 12
split_gain=1.04431 1.458 0.988424 0.583694 1.25268 0.57684 0.576323
threshold=-0.012372219018462581 0.017278840436572619 -0.0012157736385022819 0.0071322940265206034 0.031326678595768549 -0.011695946365352648 0.0062346335449628984
decision_type=8 2 2 2 2 2 2
left_child=-1 3 -3 -2 5 -5 -7
right_child=1 2 -4 4 -6 6 -8
leaf_value=0.00015733096769190066 5.983108533773995e-05 -0.00034777090033413235 3.597028973877305e-05 0.00014876297157020893 -0.00032937625453210024 -0.00021254486124378894 5.360294431169414e-05
leaf_weight=202 287 38 26 41 49 38 53
leaf_count=202 287 38 26 41 49 38 53
internal_value=-4.08717e-05 -0.00120301 -0.00828125 -0.000235043 -0.00245856 7.57578e-05 -0.00214286
internal_weight=734 532 64 468 181 132 91
internal_count=734 532 64 468 181 132 91
is_linear=0
shrinkage=0.05


Tree=2
num_leaves=8
num_cat=0
split_feature=9 9 4 14 0 8 4
split_gain=0.992963 1.87937 0.827939 1.16889 1.4867 0.654127 0.47523
threshold=-0.0039301739286904938 0.0023585642542507394 0.024708698500594772 0.013234785210327617 -0.010621894817641029 -0.061391275987032805 0.022341943298804224
decision_type=8 8 2 2 2 10 2
left_child=-1 -2 6 5 -5 -4 -3
right_child=1 2 3 4 -6 -7 -8
leaf_value=0.00010452459182043483 -0.00013984875438750386 -2.2698562202038809e-06 -0.0004703394467291642 -0.00019631716184165816 -0.00028224422895885233 0.00010503413147667067 0.00017727652819724446
leaf_weight=244 26 264 25 25 26 62 77
leaf_count=244 26 264 25 25 26 62 77
internal_value=0.000126836 -0.00113861 -0.000427975 -0.00369565 -0.00970588 -0.000172414 0.000894428
internal_weight=749 505 479 138 51 87 341
internal_count=749 505 479 138 51 87 341
is_linear=0
shrinkage=0.05


Tree=3
num_leaves=8
num_cat=0
split_feature=3 2 8 16 7 3 3
split_gain=1.04003 1.71493 0.842042 0.493544 0.835795 1.35521 2.13292
threshold=-0.0071039834272134108 -0.015622398946234904 0.00097476018221809302 0.016156412343460328 0.012659161793168507 -0.0024108164586584819 -0.00077086506209733663
decision_type=2 2 10 2 2 2 2
left_child=1 -1 -3 4 -2 -6 -7
right_child=3 2 -4 -5 5 6 -8
leaf_value=0.00018372496022587192 6.09574208400276e-05 -0.00046310745000535647 -0.00021444264456104437 0.00013950935495006111 8.6887124528699943e-05 -0.00035833436360338934 -7.4686247254850759e-05
leaf_weight=49 328 27 26 170 36 25 82
leaf_count=49 328 27 26 170 36 25 82
internal_value=-0.000114401 -0.00480392 -0.0110377 0.000631825 -0.000201698 -0.00339161 -0.00621495
internal_weight=743 102 53 641 471 143 107
internal_count=743 102 53 641 471 143 107
is_linear=0
shrinkage=0.05


Tree=4
num_leaves=8
num_cat=0
split_feature=15 9 4 1 1 6 6
split_gain=0.498377 0.853054 1.13724 0.996835 2.11344 1.02564 0.350359
threshold=-0.0010427803340566919 -0.010101666464023161 0.028671592163568887 -0.0015448478451300927 0.026736867938618628 -0.53099320214659584 -0.47290781019236861
decision_type=2 8 2 2 2 2 2
left_child=1 -1 3 6 5 -5 -3
right_child=-2 2 -4 4 -6 -7 -8
leaf_value=0.00017106799078731808 6.0881857279201907e-05 -0.00010937693247209703 -0.00027085409076869714 -6.4008315321459631e-05 0.00010518866850302527 -0.00037182760564457521 0.00021626701251729248
leaf_weight=91 442 26 25 26 34 39 63
leaf_count=91 442 26 25 26 34 39 63
internal_value=0.000308311 -0.00125 -0.00298122 -0.00164894 -0.00510101 -0.0103846 0.00219101
internal_weight=746 304 213 188 99 65 89
internal_count=746 304 213 188 99 65 89
is_linear=0
shrinkage=0.05


Tree=5
num_leaves=8
num_cat=0
split_feature=3 1 16 7 3 4 15
split_gain=1.06109 1.29044 0.629287 0.665191 1.29065 1.27935 0.519016
threshold=-0.0076897157703597055 -0.01225394725345008 0.020805835257184716 0.030061689207981804 -0.0020661584786632599 0.020049835400398102 0.0046971265175130847
decision_type=2 2 2 2 2 2 2
left_child=1 -1 3 6 -5 -6 -2
right_child=2 -3 -4 4 5 -7 -8
leaf_value=9.1246405419000793e-05 -1.2000712674065568e-05 -0.0002829141253503984 0.0001341239416581124 6.1593145445802122e-05 5.7639658517576557e-05 -0.00037205572788007006 0.00010697870003248576
leaf_weight=52 292 46 131 28 26 45 117
leaf_count=52 292 46 131 28 26 45 117
internal_value=-0.000359566 -0.00520408 0.000383412 -0.000413386 -0.00409091 -0.00767606 0.000476773
internal_weight=737 98 639 508 99 71 409
internal_count=737 98 639 508 99 71 409
is_linear=0
shrinkage=0.05


Tree=6
num_leaves=8
num_cat=0
split_feature=3 7 16 15 0 11 4
split_gain=0.669325 1.23272 0.406541 0.734471 1.31072 0.475292 0.58817
threshold=-0.0079345185399707346 -0.013411808682365465 -0.0079271840467307047 -0.0057145326396527132 -0.0057419706593541666 0.0069843130840521192 0.026495350712940961
decision_type=2 2 2 2 2 2 2
left_child=1 -1 -2 4 -4 6 -5
right_child=2 -3 3 5 -6 -7 -8
leaf_value=0.00020569248951367812 0.00010443704970290408 -0.00018870262807441492 0.00011168581052243081 -1.097095531490675e-05 -0.0003531267922729231 6.9760103080094126e-05 -0.00022739987415585912
leaf_weight=47 170 48 30 142 27 256 26
leaf_count=47 170 48 30 142 27 256 26
internal_value=-2.68095e-05 -0.00394737 0.000545315 -0.000197505 -0.00552632 0.000518868 -0.00154762
internal_weight=746 95 651 481 57 424 168
internal_count=746 95 651 481 57 424 168
is_linear=0
shrinkage=0.05


Tree=7
num_leaves=8
num_cat=0
split_feature=9 5 2 9 14 8 8
split_gain=1.02886 1.51312 1.18378 0.692545 0.670784 0.654386 0.972086
threshold=-0.0033756906612010247 0.017691970753341078 -0.016133644755457584 0.0046843105262798232 -0.01786915050429105 -0.022245298697299628 0.0057575160781375709
decision_type=8 2 2 8 2 10 10
left_child=-1 3 -3 -2 -5 -6 -7
right_child=1 2 -4 4 5 6 -8
leaf_value=8.3754811540337167e-05 -7.8085136211359881e-05 -6.0711462472430897e-05 -0.00043550442401500119 8.5116077944877281e-05 0.00011142939926014639 -0.00023727920460486597 -3.0160474053988114e-05
leaf_weight=245 27 33 25 161 48 37 169
leaf_count=245 27 33 25 161 48 37 169
internal_value=0.000100671 -0.0012 -0.0087931 -0.00020362 0.000301205 -0.00129921 -0.00252427
internal_weight=745 500 58 442 415 254 206
internal_count=745 500 58 442 415 254 206
is_linear=0
shrinkage=0.05


Tree=8
num_leaves=8
num_cat=0
split_feature=3 2 8 2 0 3 6
split_gain=1.1302 1.47333 0.72 0.452758 0.552681 0.302206 0.851418
threshold=-0.0076897157703597055 -0.015622398946234904 0.0014879882626623877 0.080337915560394615 0.0050657026055662699 0.0069143068009683848 0.47742607621665545
decision_type=2 2 10 2 2 2 2
left_child=1 -1 -3 5 -5 -2 -7
right_child=3 2 -4 4 -6 6 -8
leaf_value=0.00014554887964715387 6.0895581646570418e-05 -0.00041372920281425112 -0.00015808158618829367 3.7093125587280598e-06 -0.00012286951069490507 5.2649382656670765e-05 -0.00046414385197458287
leaf_weight=51 501 25 25 43 25 64 30
leaf_count=51 501 25 25 43 25 64 30
internal_value=2.61782e-05 -0.00490099 -0.011 0.000776772 -0.00308824 0.00121849 -0.00138298
internal_weight=764 101 50 663 68 595 94
internal_count=764 101 50 663 68 595 94
is_linear=0
shrinkage=0.05


Tree=9
num_leaves=8
num_cat=0
split_feature=9 3 7 9 9 15 16
split_gain=0.981179 1.4866 0.970274 0.526428 0.630417 0.681081 1.04307
threshold=-0.0033756906612010247 -0.0076897157703597055 -0.0023484696675833967 0.0046843105262798232 0.041119443080864022 -0.0017217470928173049 -0.0042621193066445509
decision_type=8 2 2 8 8 2 2
left_child=-1 2 -2 -3 -5 6 -6
right_child=1 3 -4 4 5 -7 -8
leaf_value=9.9382089578479459e-05 -0.00017397184885706055 -7.6220912423032621e-05 -0.00035282001438055588 0.00014741718128180993 9.84206417079027e-05 3.2956030311973913e-05 -0.000262014502566753
leaf_weight=245 33 30 30 90 52 205 59
leaf_count=245 33 30 30 90 52 205 59
internal_value=-4.03224e-05 -0.00131263 -0.00849206 -0.000275229 0.000197045 -0.00085443 -0.00400901
internal_weight=744 499 63 436 406 316 111
internal_count=744 499 63 436 406 316 111
is_linear=0
shrinkage=0.05


Tree=10
num_leaves=8
num_cat=0
split_feature=2 3 4 4 9 2 11
split_gain=0.917543 1.79021 0.561768 0.706853 0.692308 0.526487 0.366285
threshold=-0.01703211548825356 -0.0076897157703597055 0.02502146598606483 0.027139647096639435 0.070801157726919986 -0.007676468317929507 0.01562981784988882
decision_type=2 2 2 2 8 2 2
left_child=-1 -2 5 -4 -5 -3 -7
right_child=1 2 3 4 -6 6 -8
leaf_value=0.00011939507896009056 -0.00031840272766123744 -5.986043720547633e-05 -0.00036202387872784608 0.00010479961157798348 -8.6269109400443833e-05 1.5002004570615142e-05 0.00012357479832197127
leaf_weight=269 49 34 25 26 26 228 92
leaf_count=269 49 34 25 26 26 228 92
internal_value=6.00803e-05 -0.00125 -0.000220417 -0.00409091 -0.000769231 0.000621469 0.00125
internal_weight=749 480 431 77 52 354 320
internal_count=749 480 431 77 52 354 320
is_linear=0
shrinkage=0.05


Tree=11
num_leaves=8
num_cat=0
split_feature=0 1 8 1 15 11 9
split_gain=0.533482 0.615826 0.663585 0.544608 1.63208 0.722082 0.639139
threshold=0.026940561273392508 0.019368609002291207 0.069953165505869067 -0.0015448478451300927 -0.0056703996269574222 0.0086495995411973742 -0.0039301739286904938
decision_type=2 2 8 2 2 2 10
left_child=1 2 3 -1 -5 6 -6
right_child=-2 -3 -4 4 5 -7 -8
leaf_value=6.7874893551613704e-05 -0.00021233866471652804 6.0053121404295053e-05 -0.00023469483908724497 -0.00018716139874763838 8.3027773432786827e-05 5.9420884168865452e-05 -0.00039951641274010413
leaf_weight=309 25 202 38 27 35 79 32
leaf_count=309 25 202 38 27 35 79 32
internal_value=0.000180723 0.000429363 -0.000480769 2.07471e-05 -0.00222543 -0.000136986 -0.00395522
internal_weight=747 722 520 482 173 146 67
internal_count=747 722 520 482 173 146 67
is_linear=0
shrinkage=0.05


Tree=12
num_leaves=8
num_cat=0
split_feature=3 2 8 3 6 2 12
split_gain=0.795033 1.62182 1.14286 0.391291 0.596232 0.507791 0.488803
threshold=-0.0071039834272134108 -0.015622398946234904 0.01014916668506949 0.0046281241195978992 1.2286013816281731 -0.033996356507416496 0.025155883078146649
decision_type=2 2 10 2 2 2 2
left_child=1 -1 -3 -2 5 -5 -7
right_child=3 2 -4 4 -6 6 -8
leaf_value=0.0002381320597788123 4.8137039419818338e-05 -0.00032494024744108858 -9.6376968785152564e-05 0.00018923982833183136 -0.00034702928614706741 -0.00012202480186401256 7.7284898013135845e-05
leaf_weight=51 465 28 28 43 28 43 48
leaf_count=51 465 28 28 43 28 43 48
internal_value=0.000572207 -0.00341121 -0.00928571 0.00125199 -0.000864197 0.000522388 -0.00159341
internal_weight=734 107 56 627 162 134 91
internal_count=734 107 56 627 162 134 91
is_linear=0
shrinkage=0.05


Tree=13
num_leaves=8
num_cat=0
split_feature=3 2 2 0 16 7 4
split_gain=0.608848 0.977815 0.5 0.440376 0.56323 0.773995 0.847349
threshold=-0.0076897157703597055 -0.015622398946234904 0.031890032206515324 -0.012936879621013751 0.020435408537912151 0.019225704546246728 0.019432272319524598
decision_type=2 2 2 2 2 2 2
left_child=1 -1 -3 -2 5 -5 -7
right_child=3 2 -4 4 -6 6 -8
leaf_value=0.0002053237555007346 0.00012359262063070981 -0.00028572497261233979 -0.0002055340698333531 2.6599111807680045e-05 0.00010775873841787462 4.4076134616718756e-05 -0.00020105283803101075
leaf_weight=49 66 25 25 314 135 41 90
leaf_count=49 66 25 25 314 135 41 90
internal_value=0.00057047 -0.00308081 -0.008 0.00113003 0.000689655 -0.000168539 -0.00339695
internal_weight=745 99 50 646 580 445 131
internal_count=745 99 50 646 580 445 131
is_linear=0
shrinkage=0.05


Tree=14
num_leaves=8
num_cat=0
split_feature=11 5 8 1 1 15 14
split_gain=0.514475 0.585724 0.794191 0.531355 0.616699 0.586891 0.805787
threshold=0.019179064165315788 0.017340884966336609 -0.032133109336967218 -0.018141902386648586 0.026736867938618628 -0.0074102049811580186 -0.014609583018452553
decision_type=2 2 8 2 2 2 2
left_child=1 3 -3 -1 5 -5 -7
right_child=-2 2 -4 4 -6 6 -8
leaf_value=8.5340157559274593e-05 9.2124146603893888e-05 6.4608701185771218e-05 -0.000296380209794772 2.5628792910103718e-05 5.4549031606047839e-05 1.2945061060768298e-05 -0.00019412335903099735
leaf_weight=153 129 46 48 49 78 96 120
leaf_count=153 129 46 48 49 78 96 120
internal_value=0.000201669 -0.000423729 -0.00404255 0.000262097 -0.000830904 -0.00198113 -0.00310185
internal_weight=719 590 94 496 343 265 216
internal_count=719 590 94 496 343 265 216
is_linear=0
shrinkage=0.05


Tree=15
num_leaves=8
num_cat=0
split_feature=9 3 15 9 16 3 1
split_gain=0.52331 0.792477 0.657735 0.389399 1.0016 0.513238 0.561978
threshold=-0.045884296387671157 -0.0071039834272134108 -0.0026117341786768829 0.097259950184127156 0.0031956229610483615 0.0079936151414027341 0.012397790835445901
decision_type=8 2 2 10 2 2 2
left_child=-1 2 -2 5 -5 -3 -7
right_child=1 3 -4 4 -6 6 -8
leaf_value=0.00020681849341670891 -2.5136406738966409e-05 4.4739442209964352e-05 -0.00026153130937109614 0.00013733468524382186 -0.0005161659047068979 8.2967286594329927e-05 -0.00033233134766391453
leaf_weight=102 47 418 39 25 39 41 32
leaf_count=102 47 418 39 25 39 41 32
internal_value=0.000693136 0.000163807 -0.00430233 0.000855856 -0.0028125 0.00133401 -0.00253425
internal_weight=743 641 86 555 64 491 73
internal_count=743 641 86 555 64 491 73
is_linear=0
shrinkage=0.05


Tree=16
num_leaves=8
num_cat=0
split_feature=16 10 14 13 16 11 7
split_gain=0.474615 0.519058 0.839987 0.861178 0.763126 0.55541 1.08333
threshold=0.016156412343460328 -0.0012214211173433573 0.013234785210327617 15.984999656677248 0.007796495259592918 -0.0030472627630497291 0.00084675078105933565
decision_type=2 2 2 2 2 2 2
left_child=1 4 5 -4 -1 6 -3
right_child=-2 2 3 -5 -6 -7 -8
leaf_value=4.2863904758524976e-05 0.00010351857733741387 6.297882245103934e-05 4.8010764724211035e-05 -0.00023375061635867698 -0.00011496083565734933 1.6213464057832043e-05 -0.00039552122647838989
leaf_weight=192 192 52 26 27 42 200 26
leaf_count=192 192 52 26 27 42 200 26
internal_value=0.000508587 -0.000221239 -0.00149547 -0.00726415 0.0015812 -0.000395683 -0.00397436
internal_weight=757 565 331 53 234 278 78
internal_count=757 565 331 53 234 278 78
is_linear=0
shrinkage=0.05


Tree=17
num_leaves=8
num_cat=0
split_feature=16 16 9 5 11 16 3
split_gain=0.608641 0.678447 1.23883 0.641328 0.796088 0.661683 0.800303
threshold=0.020435408537912151 -0.0079271840467307047 0.097259950184127156 0.017340884966336609 0.0090107413395309494 0.0078902681549852822 0.0045883703245706018
decision_type=2 2 10 2 2 2 2
left_child=1 -1 3 5 -5 6 -3
right_child=-2 2 -4 4 -6 -7 -8
leaf_value=6.8438674035617601e-05 0.00010810712407374534 5.7275168506774143e-06 -0.00049485291906764322 -0.00024532360494228315 7.7915433289459245e-05 9.02618424988881e-05 -0.00027680670775974691
leaf_weight=207 151 148 36 32 26 118 28
leaf_count=207 151 148 36 32 26 118 28
internal_value=0.000509384 -0.000210084 -0.0014433 -0.000539773 -0.00534483 0.000408163 -0.00153409
internal_weight=746 595 388 352 58 294 176
internal_count=746 595 388 352 58 294 176
is_linear=0
shrinkage=0.05


Tree=18
num_leaves=8
num_cat=0
split_feature=8 4 3 0 14 9 8
split_gain=0.490706 1.67155 0.605717 0.452085 0.419967 0.744027 0.731604
threshold=0.066747878033439526 0.025445840517418317 -0.013628463901061481 -0.012936879621013751 -0.016820561404990383 -0.012372219018462581 0.035339808616087327
decision_type=8 2 2 2 2 8 10
left_child=2 -2 -1 -4 -5 -6 -7
right_child=1 -3 3 4 5 6 -8
leaf_value=-0.00027826247543494525 4.3984009536475502e-05 -0.00049300532987532045 0.00019251838000749501 3.6541611029394496e-05 7.7410285837074244e-05 -7.6385094067421178e-05 8.1313979520595587e-05
leaf_weight=27 63 28 82 246 96 157 54
leaf_count=27 63 28 82 246 96 157 54
internal_value=0.000750332 -0.00269231 0.00122357 0.00153543 0.0010217 -0.000211726 -0.00187204
internal_weight=753 91 662 635 553 307 211
internal_count=753 91 662 635 553 307 211
is_linear=0
shrinkage=0.05


Tree=19
num_leaves=8
num_cat=0
split_feature=11 3 2 15 14 9 8
split_gain=0.577867 0.471203 0.804985 0.372689 0.51764 0.720343 0.816157
threshold=0.023858934510878397 -0.0071039834272134108 -0.015622398946234904 -0.011769894730702999 -0.01013918808565367 0.046090762204457077 0.031923536349610655
decision_type=2 2 2 2 2 8 10
left_child=1 2 -1 -3 -5 -6 -7
right_child=-2 3 -4 4 5 6 -8
leaf_value=0.00011976996781547817 0.00012177566728428958 0.00029395471679295667 -0.00024439497763744283 3.0090226458895925e-05 6.6843510600797317e-05 -0.00022498777872055625 1.2056069847057264e-05
leaf_weight=51 83 43 46 270 128 65 53
leaf_count=51 83 43 46 270 128 65 53
internal_value=0.000466847 -3.04876e-05 -0.00324742 0.000527728 0.000155039 -0.00150406 -0.00432203
internal_weight=739 656 97 559 516 246 118
internal_count=739 656 97 559 516 246 118
is_linear=0
shrinkage=0.05


Tree=20
num_leaves=8
num_cat=0
split_feature=9 14 14 1 1 1 4
split_gain=0.647373 0.459006 0.615299 0.614401 0.670234 1.18344 0.741259
threshold=-0.012372219018462581 -0.01786915050429105 -0.048915299030690522 0.036950149484258017 0.011160042017140827 0.015630723775589498 0.024708698500594772
decision_type=8 2 2 2 2 2 2
left_child=-1 2 -2 4 6 -6 -3
right_child=1 3 -4 -5 5 -7 -8
leaf_value=8.7009499975847649e-05 -2.7274343763038479e-05 2.1389942955137206e-05 0.00010928414106150977 3.9449106553815638e-05 -0.00041020442284804733 -2.8363042353801831e-05 -0.00018146266808394609
leaf_weight=210 99 141 100 48 25 63 65
leaf_count=210 99 141 100 48 25 63 65
internal_value=0.000739015 -0.000175601 0.00173367 -0.00128655 -0.00214286 -0.00579545 -0.000582524
internal_weight=751 541 199 342 294 88 206
internal_count=751 541 199 342 294 88 206
is_linear=0
shrinkage=0.05


Tree=21
num_leaves=8
num_cat=0
split_feature=3 1 3 14 14 1 16
split_gain=0.898789 0.762228 0.353748 0.899209 0.458601 0.442206 0.491047
threshold=-0.0076897157703597055 -0.01225394725345008 0.0057108361948665651 -0.060408912479391223 -0.01013918808565367 0.026736867938618628 0.0067849518169680332
decision_type=2 2 2 2 2 2 2
left_child=1 -1 4 -4 -2 6 -6
right_child=2 -3 3 -5 5 -7 -8
leaf_value=3.3278244881927292e-05 0.00011131934130485078 -0.00017921767819816523 -0.00024421488330013695 4.7035594589794487e-05 2.2331812859928514e-05 6.781675474564256e-05 -3.4841300446939355e-05
leaf_weight=49 222 46 44 93 146 58 90
leaf_count=49 222 46 44 93 146 58 90
internal_value=0.00112299 -0.00342105 0.00178407 -0.000474452 0.00238372 0.00108844 0.000127119
internal_weight=748 95 653 137 516 294 236
internal_count=748 95 653 137 516 294 236
is_linear=0
shrinkage=0.05


Tree=22
num_leaves=8
num_cat=0
split_feature=16 10 8 15 15 15 0
split_gain=0.591579 0.730186 0.696801 0.495605 0.680262 0.730192 0.774757
threshold=0.016156412343460328 -0.0012214211173433573 0.052892753259586096 0.0048229259170046177 0.0024237805101907654 -0.00065077602950613922 -0.00076111926653527051
decision_type=2 2 8 2 2 2 2
left_child=1 -1 3 4 5 6 -3
right_child=-2 2 -4 -5 -6 -7 -8
leaf_value=1.8123474987824716e-05 9.5155726392879785e-05 3.4316031325922299e-05 -0.00031651557540515371 5.4655869689978675e-05 -0.00025644939361803997 0.00020655723131155642 -0.00023396117885376668
leaf_weight=241 183 39 49 110 32 48 40
leaf_count=241 183 39 49 110 32 48 40
internal_value=0.000619946 -0.000187835 -0.00176101 -0.000762082 -0.00254717 -0.000905512 -0.00386076
internal_weight=742 559 318 269 159 127 79
internal_count=742 559 318 269 159 127 79
is_linear=0
shrinkage=0.05


Tree=23
num_leaves=8
num_cat=0
split_feature=16 10 14 16 3 1 12
split_gain=0.675892 0.481213 1.34371 0.488366 0.411301 0.399392 0.680282
threshold=0.016156412343460328 -0.0012214211173433573 0.013234785210327617 0.007796495259592918 -0.0076897157703597055 -0.011504783265721684 0.0065049647434682898
decision_type=2 2 2 2 2 2 2
left_child=1 3 5 4 -1 -3 -7
right_child=-2 2 -4 -5 -6 6 -8
leaf_value=-5.4850657545662123e-05 9.6546987127192168e-05 6.0785666347552035e-05 -0.00017118769157752468 -9.1336701773801012e-05 3.4218698087635275e-05 -0.00041690013520384009 1.2456812184985077e-05
leaf_weight=51 192 108 47 45 148 43 117
leaf_count=51 192 108 47 45 148 43 117
internal_value=0.00113848 0.000259392 -0.00103175 0.00192623 0.00298995 0.000335821 -0.00125
internal_weight=751 559 315 244 199 268 160
internal_count=751 559 315 244 199 268 160
is_linear=0
shrinkage=0.05


Tree=24
num_leaves=8
num_cat=0
split_feature=11 3 1 10 14 15 13
split_gain=0.436621 0.464348 0.83863 0.451785 0.531445 0.648787 1.16883
threshold=0.021459813769517781 -0.0076897157703597055 -0.01225394725345008 -0.0015422325614574126 -0.01013918808565367 -0.0029824253050558798 15.775000095367433
decision_type=2 2 2 2 2 2 2
left_child=1 2 -1 -3 -5 -6 -7
right_child=-2 3 -4 4 5 6 -8
leaf_value=0.00021217839007412034 0.00012809148765852016 2.3669150581423724e-05 -9.6648869929129343e-05 1.3102091043354316e-05 9.8366370604554898e-05 1.401769824240463e-05 -0.00032910846798820477
leaf_weight=51 115 188 36 238 31 55 35
leaf_count=51 115 188 36 238 31 55 35
internal_value=0.000861148 0.000347003 -0.00304598 0.000886655 -0.000153203 -0.00285124 -0.005
internal_weight=749 634 87 547 359 121 90
internal_count=749 634 87 547 359 121 90
is_linear=0
shrinkage=0.05


Tree=25
num_leaves=8
num_cat=0
split_feature=6 15 15 3 15 2 6
split_gain=0.493927 1.05315 0.597758 0.33394 0.934615 0.246473 0.518292
threshold=1.2286013816281731 0.0080027719538189341 -0.0025181297225463357 -0.0076897157703597055 -0.0012308547038500926 -0.021913080049445973 -0.86192892078073069
decision_type=2 2 2 2 2 2 2
left_child=3 2 -2 4 -1 -5 -7
right_child=1 -3 -4 5 -6 6 -8
leaf_value=8.4186698730566662e-05 -0.00018846581371850406 -0.00062787713160353969 0.00021095609622456582 9.2117647564126818e-05 -0.00018126343862202775 -5.4517620812212903e-05 1.6090168800027308e-05
leaf_weight=48 33 25 40 180 30 95 306
leaf_count=48 33 25 40 180 30 95 306
internal_value=0.00116909 -0.00214286 0.000890411 0.00166161 -0.00141026 0.00207401 0.00138404
internal_weight=757 98 73 659 78 581 401
internal_count=757 98 73 659 78 581 401
is_linear=0
shrinkage=0.05


Tree=26
num_leaves=8
num_cat=0
split_feature=3 1 3 8 9 3 4
split_gain=0.57706 0.727751 0.30914 0.452465 0.418465 0.949507 1.13719
threshold=-0.0076897157703597055 -0.01225394725345008 0.0069143068009683848 0.006427555950807907 0.060849297675906196 0.00028129414225208654 0.019968852270561773
decision_type=2 2 2 8 10 2 2
left_child=1 -1 4 -4 -2 6 -6
right_child=2 -3 3 -5 5 -7 -8
leaf_value=8.8112334092363433e-05 5.1703159115075678e-05 -0.00011721217242849046 3.5304413968903962e-05 -0.00019126908512951052 4.2888046591097076e-05 7.7302137282613906e-05 -0.00046371284392325281
leaf_weight=55 426 40 57 49 29 56 25
leaf_count=55 426 40 57 49 29 56 25
internal_value=0.00126866 -0.00236842 0.00180685 -0.000660377 0.00229478 -0.000454545 -0.00518518
internal_weight=737 95 642 106 536 110 54
internal_count=737 95 642 106 536 110 54
is_linear=0
shrinkage=0.05


Tree=27
num_leaves=8
num_cat=0
split_feature=3 2 0 6 13 15 4
split_gain=0.398154 0.654855 0.385498 0.529955 0.873372 0.404407 0.461866
threshold=-0.0079345185399707346 -0.015622398946234904 -0.0088368235303652991 1.2286013816281731 16.32499980926514 0.0046971265175130847 0.021425104677393544
decision_type=2 2 2 2 2 2 2
left_child=1 -1 -2 5 -5 6 -4
right_child=2 -3 3 4 -6 -7 -8
leaf_value=0.00011907618037509788 7.8580482964407219e-05 -0.00012907136886685991 -6.0027570644994995e-05 5.5866312694301479e-05 -0.00044191431134344214 8.0247314174109369e-05 1.4795703800572099e-05
leaf_weight=50 118 44 154 27 32 185 139
leaf_count=50 118 44 154 27 32 185 139
internal_value=0.00112817 -0.00191489 0.00156489 0.000996276 -0.00347458 0.00154812 0.000392492
internal_weight=749 94 655 537 59 478 293
internal_count=749 94 655 537 59 478 293
is_linear=0
shrinkage=0.05


Tree=28
num_leaves=8
num_cat=0
split_feature=2 3 2 0 14 12 16
split_gain=0.636948 0.716372 0.830312 0.443094 1.02943 0.779271 0.679029
threshold=-0.027318623297282681 -0.0071039834272134108 0.011085045591772593 -0.0088368235303652991 0.035115678917499234 0.017951110302837473 0.0039198128882216307
decision_type=2 2 2 2 2 2 2
left_child=-1 2 -2 -3 6 -6 -5
right_child=1 3 -4 4 5 -7 -8
leaf_value=0.00012768793381854029 -0.00015246075363831884 8.0060172613967678e-05 0.00012001878592098979 -2.3594533624195112e-05 -7.2129320213181117e-06 -0.00020553216343138097 4.4325724815845154e-05
leaf_weight=222 32 73 41 137 29 30 200
leaf_count=222 32 73 41 137 29 30 200
internal_value=0.000942409 1.84504e-05 -0.00458904 0.000735608 7.57578e-05 -0.00601695 0.00114243
internal_weight=764 542 73 469 396 59 337
internal_count=764 542 73 469 396 59 337
is_linear=0
shrinkage=0.05


Tree=29
num_leaves=8
num_cat=0
split_feature=4 8 3 3 5 0 16
split_gain=0.589742 0.528925 0.84651 0.674371 0.798283 0.455707 0.619898
threshold=0.019148268334756427 -0.032133109336967218 -0.0076897157703597055 -0.0025142116410014066 0.011929317107002891 -0.0088368235303652991 0.0097040477320496938
decision_type=2 8 2 2 2 2 2
left_child=-1 -2 -3 -4 -5 -6 -7
right_child=1 2 3 4 5 6 -8
leaf_value=5.6768155458157492e-05 8.7854737911684857e-05 -0.00016588702651992607 3.7875916932506844e-05 -0.00028330779233006999 0.00012946952642282046 -7.365306565671892e-05 8.0955378362290568e-05
leaf_weight=198 146 50 85 28 34 100 91
leaf_count=198 146 50 85 28 34 100 91
internal_value=0.00090164 3.74534e-05 -0.000927835 -2.95856e-05 -0.00132411 -0.000333333 -0.00128272
internal_weight=732 534 388 338 253 225 191
internal_count=732 534 388 338 253 225 191
is_linear=0
shrinkage=0.05


Tree=30
num_leaves=8
num_cat=0
split_feature=9 5 3 4 9 13 8
split_gain=0.630264 0.605206 0.556359 0.582842 0.534128 0.444444 0.318182
threshold=0.097259950184127156 0.017691970753341078 0.0074383954344551259 0.02429765817449387 0.11680171640672544 23.265000343322757 -0.023675671445784471
decision_type=8 2 2 2 8 2 8
left_child=2 4 5 -4 -2 -1 -6
right_child=1 -3 3 -5 6 -7 -8
leaf_value=5.9586813313168293e-05 -0.00029829567049106313 -0.00018177484155484707 -0.00028450688882208371 0.00013172959572162925 0.00012215756604082314 -1.1920000567284766e-05 -1.9127642528641346e-06
leaf_weight=400 25 37 33 25 36 50 132
leaf_count=400 25 37 33 25 36 50 132
internal_value=0.000867209 -0.00130435 0.00185039 -0.00275862 -0.000181347 0.00244444 0.000833334
internal_weight=738 230 508 58 193 450 168
internal_count=738 230 508 58 193 450 168
is_linear=0
shrinkage=0.05


Tree=31
num_leaves=8
num_cat=0
split_feature=3 1 0 16 10 10 3
split_gain=0.655475 0.480159 0.414625 0.451517 0.399607 0.893564 0.642998
threshold=-0.0095642810814746664 -0.01225394725345008 -0.014740230255346707 0.016156412343460328 0.0056232321882017109 -0.0015422325614574126 -0.00097545826061762309
decision_type=2 2 2 2 2 2 2
left_child=1 -1 -2 4 5 -4 -7
right_child=2 -3 3 -5 -6 6 -8
leaf_value=9.679659802470262e-06 0.00016136881836590377 -6.9050617474526789e-05 1.429583389394603e-05 6.0632115636033414e-05 4.0501063763158393e-05 -0.00020811756209957984 -5.7292405328100974e-06
leaf_weight=36 57 28 148 174 122 63 110
leaf_count=36 57 28 148 174 122 63 110
internal_value=0.000460705 -0.004375 0.000919881 0.00054295 -0.00030474 -0.00123053 -0.00367052
internal_weight=738 64 674 617 443 321 173
internal_count=738 64 674 617 443 321 173
is_linear=0
shrinkage=0.05


Tree=32
num_leaves=8
num_cat=0
split_feature=2 8 8 6 3 6 8
split_gain=0.632638 0.835345 0.906923 0.772247 0.478415 0.474725 0.38395
threshold=-0.027318623297282681 0.0082557037025877706 0.0014879882626623877 -0.31647949561125804 -0.0060101176986663831 -0.84300436315681193 -0.049072160751961906
decision_type=2 10 8 2 2 2 8
left_child=6 2 4 -4 -2 -6 -1
right_child=1 -3 3 -5 5 -7 -8
leaf_value=-8.7513671614496809e-06 -1.2860427193902196e-05 1.4269022081839768e-05 -5.3814992057977403e-05 -0.0003240956239038858 -0.00012860708558402545 5.9744318898260347e-05 0.00012508719865449882
leaf_weight=79 36 323 26 25 30 91 141
leaf_count=79 36 323 26 25 30 91 141
internal_value=0.000472703 -0.000461393 -0.00293269 -0.00872549 -0.00105096 0.000454546 0.00272727
internal_weight=751 531 208 51 157 121 220
internal_count=751 531 208 51 157 121 220
is_linear=0
shrinkage=0.05


Tree=33
num_leaves=8
num_cat=0
split_feature=3 9 2 2 2 3 13
split_gain=0.704776 0.760976 1.06408 0.628713 0.678461 0.420579 0.550611
threshold=-0.0071039834272134108 0.0017495525629080968 0.011085045591772593 0.080337915560394615 0.11003735548271666 0.0074383954344551259 16.32499980926514
decision_type=2 8 2 2 2 2 2
left_child=1 -1 -3 5 -5 -2 -7
right_child=3 2 -4 4 -6 6 -8
leaf_value=0.00010198711145097503 2.7026055919976825e-05 -0.00013515052364557724 0.00013754422033690798 -0.00010767599451061909 6.1804793962812697e-05 6.1439934470689989e-05 -0.00028500743112186286
leaf_weight=38 496 34 31 40 25 33 51
leaf_count=38 496 34 31 40 25 33 51
internal_value=0.000588235 -0.00325243 -0.00653846 0.00120155 -0.00346154 0.00172414 -0.00154762
internal_weight=748 103 65 645 65 580 84
internal_count=748 103 65 645 65 580 84
is_linear=0
shrinkage=0.05


Tree=34
num_leaves=8
num_cat=0
split_feature=11 2 12 16 3 2 15
split_gain=0.417907 0.523796 0.521524 0.392922 0.526429 0.476017 0.459316
threshold=0.023858934510878397 -0.043683461977741804 -0.039191737143437648 -0.0039277574381671445 -0.0055217908927138173 0.061746730074535024 -0.0055724079314788391
decision_type=2 2 2 2 2 2 2
left_child=1 -1 -3 5 -5 -4 -6
right_child=-2 2 3 4 6 -7 -8
leaf_value=8.3169399129177262e-05 0.00011136399579820805 -0.00048697305231359999 4.9571712270497428e-05 -0.00014091431582564313 -8.5410538040037013e-05 -0.00010592691173296875 7.6076793278602933e-06
leaf_weight=136 88 25 153 61 28 29 229
leaf_count=136 88 25 153 61 28 29 229
internal_value=0.00119493 0.000763994 4.76192e-05 0.0004 -0.000660377 0.00225275 0.000330739
internal_weight=749 661 525 500 318 182 257
internal_count=749 661 525 500 318 182 257
is_linear=0
shrinkage=0.05


Tree=35
num_leaves=8
num_cat=0
split_feature=13 9 3 14 10 3 10
split_gain=0.369601 0.505165 0.497372 0.511501 0.495628 0.653886 0.505346
threshold=25.960000038146976 0.027458632743561754 -0.0076897157703597055 -0.01786915050429105 -0.001095493805140457 -0.0021998473531988356 0.0034738887417754554
decision_type=2 8 2 2 2 2 2
left_child=1 -1 -3 -4 -5 -6 -7
right_child=-2 2 3 4 5 6 -8
leaf_value=3.1997000483632467e-05 -9.8633770404743989e-05 -0.00012969482724691273 5.1128226813902582e-05 1.3635007416069394e-05 8.2646990954427966e-05 -0.00015885829411317877 2.4188080265550142e-06
leaf_weight=315 32 52 144 110 27 41 32
leaf_count=315 32 52 144 110 27 41 32
internal_value=0.000883134 0.00111651 -4.92609e-05 0.000621469 -0.000952381 -0.0035 -0.0059589
internal_weight=753 721 406 354 210 100 73
internal_count=753 721 406 354 210 100 73
is_linear=0
shrinkage=0.05


Tree=36
num_leaves=8
num_cat=0
split_feature=8 4 5 0 3 3 13
split_gain=0.36272 1.13676 0.39989 0.57038 0.543543 1.01023 0.474873
threshold=0.066747878033439526 0.025445840517418317 0.012762415863143891 -0.007997671487195766 -0.00071745774396625428 -0.0027446778891824781 25.960000038146976
decision_type=8 2 2 2 2 2 2
left_child=2 -2 3 -1 5 -5 -4
right_child=1 -3 6 4 -6 -7 -8
leaf_value=5.9335217102351213e-05 2.6061856095314691e-05 -0.00034421975420937864 3.9555686539903801e-05 -2.600742435443275e-06 4.4466476446776471e-06 -0.0002576285325229973 -0.00014276020343574554
leaf_weight=59 63 30 368 52 125 25 28
leaf_count=59 63 30 368 52 125 25 28
internal_value=0.000933333 -0.00198925 0.00134703 -0.000172414 -0.00143564 -0.00474026 0.00234848
internal_weight=750 93 657 261 202 77 396
internal_count=750 93 657 261 202 77 396
is_linear=0
shrinkage=0.05


Tree=37
num_leaves=8
num_cat=0
split_feature=2 4 0 4 8 14 16
split_gain=0.4944 0.485808 0.560616 0.552638 0.538172 0.714808 0.69301
threshold=-0.02674852036259073 0.024936878445629293 -0.0094241843017072151 0.02738225813540841 0.023533476742515384 0.043372068741787458 -0.0022607525091419829
decision_type=2 2 2 2 10 2 2
left_child=-1 2 -2 -3 5 6 -4
right_child=1 3 4 -5 -6 -7 -8
leaf_value=0.00010103550766337355 5.7422411502650917e-05 -0.0002577507128014445 -0.00020426307938456223 9.2212689469890015e-06 1.9440188746780897e-05 -0.00021985305299906954 2.4830182610223266e-05
leaf_weight=227 66 45 47 61 179 28 105
leaf_count=227 66 45 47 61 179 28 105
internal_value=0.000844327 9.41638e-06 0.000764706 -0.00301887 -1.39274e-05 -0.00194444 -0.000592105
internal_weight=758 531 425 106 359 180 152
internal_count=758 531 425 106 359 180 152
is_linear=0
shrinkage=0.05


Tree=38
num_leaves=8
num_cat=0
split_feature=16 7 7 2 10 6 14
split_gain=0.51653 0.865184 0.898476 0.961538 0.350185 0.562902 0.345607
threshold=0.015610851920665582 0.029668098906885158 0.054177270228375825 0.07102596172485677 -0.0019500004630599863 -1.0257834124527112 -0.012410493039419599
decision_type=2 2 2 2 2 2 2
left_child=1 4 3 -3 -1 -6 -7
right_child=-2 2 -4 -5 5 6 -8
leaf_value=5.622114263771171e-05 5.5630397944079579e-05 -2.4440355036658877e-06 4.1103507990789485e-05 -0.00032248872575290689 -0.00012099309002617236 4.2988284725900872e-05 -8.619834984873639e-06
leaf_weight=174 203 40 29 25 38 144 95
leaf_count=174 203 40 29 25 38 144 95
internal_value=0.00112299 0.000321101 -0.00404255 -0.00730769 0.0012306 0.000126354 0.0010251
internal_weight=748 545 94 65 451 277 239
internal_count=748 545 94 65 451 277 239
is_linear=0
shrinkage=0.05


Tree=39
num_leaves=8
num_cat=0
split_feature=11 2 5 5 8 6 15
split_gain=0.419376 0.500836 0.502508 0.435664 0.675625 0.675247 0.818797
threshold=0.023858934510878397 -0.043683461977741804 0.017691970753341078 0.012287526416665459 0.039412358998684678 -0.13649677912679814 0.00038791338183430396
decision_type=2 2 2 2 10 2 2
left_child=1 -1 3 4 5 6 -3
right_child=-2 2 -4 -5 -6 -7 -8
leaf_value=6.7202297982040082e-05 9.7903464950225755e-05 -0.00015826480640072677 -0.00017598428104505215 1.462415890201185e-05 7.1826094103974667e-05 2.5590121275129225e-06 -9.2872675469368839e-07
leaf_weight=127 89 38 42 290 51 68 32
leaf_count=127 89 38 42 290 51 68 32
internal_value=0.000658073 0.00021605 -0.000470249 -1.04382e-05 -0.00187831 -0.00369565 -0.00714286
internal_weight=737 648 521 479 189 138 70
internal_count=737 648 521 479 189 138 70
is_linear=0
shrinkage=0.05


Tree=40
num_leaves=8
num_cat=0
split_feature=12 2 9 5 5 8 8
split_gain=0.419946 0.440359 0.436414 0.567588 0.724844 0.349439 0.598297
threshold=-0.039191737143437648 -0.043683461977741804 -0.02380256483652959 0.017340884966336609 0.019093414834869548 -0.022611273465447165 -0.013169352703824409
decision_type=2 2 8 2 2 10 10
left_child=1 -1 -2 5 -5 -4 -7
right_child=2 -3 3 4 -6 6 -8
leaf_value=6.0901598283251654e-05 6.3409067747299946e-05 -0.00042985752830583719 8.7749145066088512e-05 -0.0001479181718398945 5.7258713717622654e-07 -0.00012549900900400522 7.9614816157645614e-06
leaf_weight=26 159 27 71 26 42 25 374
leaf_count=26 159 27 71 26 42 25 374
internal_value=0.0008 -0.00349057 0.00112626 0.000446097 -0.00382353 0.00106383 0.000488722
internal_weight=750 53 697 538 68 470 399
internal_count=750 53 697 538 68 470 399
is_linear=0
shrinkage=0.05


Tree=41
num_leaves=8
num_cat=0
split_feature=13 11 16 13 0 15 8
split_gain=0.49759 0.492751 0.380287 0.575336 0.657737 0.726463 0.562493
threshold=25.960000038146976 0.021459813769517781 -0.0039277574381671445 15.75500011444092 -0.0029885637849699771 -0.0017217470928173049 0.072441936966619838
decision_type=2 2 2 2 2 2 8
left_child=1 2 6 -4 -5 -6 -1
right_child=-2 -3 3 4 5 -7 -8
leaf_value=3.248183813039758e-05 -0.00010410185587825368 9.7020614775396161e-05 1.9294655110907635e-05 3.0294299149264088e-05 -0.00023610102066484292 -5.5094960652567272e-05 -0.00027023890406844691
leaf_weight=218 29 104 186 73 27 89 26
leaf_count=218 29 104 186 73 27 89 26
internal_value=0.00107713 0.00133472 0.000799677 -0.0002 -0.00214286 -0.00448276 0.00233607
internal_weight=752 723 619 375 189 116 244
internal_count=752 723 619 375 189 116 244
is_linear=0
shrinkage=0.05


Tree=42
num_leaves=8
num_cat=0
split_feature=8 7 11 3 5 5 13
split_gain=0.50961 0.722067 0.84672 0.326431 0.426656 0.844754 0.392715
threshold=0.056597873750593115 0.054177270228375825 0.0087351921378735504 -0.013628463901061481 0.012287526416665459 0.011755568277584125 17.695000648498539
decision_type=8 2 2 2 2 2 2
left_child=3 2 -2 -1 5 6 -5
right_child=1 -3 -4 4 -6 -7 -8
leaf_value=-0.00016254584923956544 -0.00025167719212408315 6.5986047219370912e-05 1.8268797916596977e-05 5.1090077499511292e-05 2.2319027029243889e-05 -0.00011863825048757812 -1.2962427882355236e-05
leaf_weight=29 46 37 30 141 402 32 36
leaf_count=29 46 37 30 141 402 32 36
internal_value=0.00101594 -0.00207965 -0.00486842 0.0015625 0.00180851 -2.39233e-05 0.00132768
internal_weight=753 113 76 640 611 209 177
internal_count=753 113 76 640 611 209 177
is_linear=0
shrinkage=0.05


Tree=43
num_leaves=8
num_cat=0
split_feature=13 11 9 1 1 12 5
split_gain=0.456964 0.467213 0.470987 0.522032 0.462059 0.423429 0.387075
threshold=25.960000038146976 0.019998315354098021 0.097259950184127156 0.026736867938618628 -0.018141902386648586 -0.015496668614707719 0.014213790765811392
decision_type=2 2 8 2 2 2 2
left_child=1 2 4 5 -1 -4 -7
right_child=-2 -3 3 -5 -6 6 -8
leaf_value=0.00010745623792536761 -8.4578599116239776e-05 8.1253400886280975e-05 2.685929030412855e-05 6.9698668796120571e-05 1.7471764160867122e-06 -2.6871683774538261e-06 -0.00016445689578301829
leaf_weight=127 30 119 36 41 270 64 59
leaf_count=127 30 119 36 41 270 64 59
internal_value=0.00104558 0.00129888 0.000728643 -0.00125 0.00172544 -0.00254717 -0.00394309
internal_weight=746 716 597 200 397 159 123
internal_count=746 716 597 200 397 159 123
is_linear=0
shrinkage=0.05


Tree=44
num_leaves=8
num_cat=0
split_feature=2 8 14 1 13 6 6
split_gain=0.437541 0.590493 0.439805 0.64543 0.427286 1.04657 0.442653
threshold=-0.024781521741723486 -0.064813385347172223 0.064380578257103652 -0.0015448478451300927 16.32499980926514 0.71370631299272369 -0.87868741371319081
decision_type=2 10 2 2 2 2 2
left_child=-1 -2 4 -4 6 -6 -3
right_child=1 2 3 -5 5 -7 -8
leaf_value=8.3624067879229822e-05 -0.00010919463642551525 -1.3505782544695934e-05 7.4388490135144351e-05 -0.00023729807960872135 9.9377995567656208e-06 -0.00025995108975451536 3.4675297651242394e-05
leaf_weight=218 25 58 32 30 158 28 191
leaf_count=218 25 58 32 30 158 28 191
internal_value=0.00128378 0.000498084 0.000875252 -0.00306452 0.00143678 -0.000376344 0.00279116
internal_weight=740 522 497 62 435 186 249
internal_count=740 522 497 62 435 186 249
is_linear=0
shrinkage=0.05


Tree=45
num_leaves=8
num_cat=0
split_feature=13 1 9 0 16 5 3
split_gain=0.472412 0.373706 0.381159 0.368583 0.528303 0.731002 0.563886
threshold=25.960000038146976 0.036950149484258017 0.027458632743561754 -0.0078615517277492702 0.0078902681549852822 0.014980601078978452 0.0019169475648812553
decision_type=2 2 8 2 2 2 2
left_child=1 2 3 -1 5 6 -5
right_child=-2 -3 -4 4 -6 -7 -8
leaf_value=0.00010558897458166134 -9.701753698733258e-05 3.4982906338647299e-05 -3.7852894097417912e-06 -0.00012856503673656751 8.9444553794909879e-05 0.00010450876334583859 3.3471101462446726e-05
leaf_weight=78 29 100 342 49 87 32 29
leaf_count=78 29 100 342 49 87 32 29
internal_value=0.000911528 0.00116457 0.000705024 0.00209091 0.000939086 -0.00136364 -0.00397436
internal_weight=746 717 617 275 197 110 78
internal_count=746 717 617 275 197 110 78
is_linear=0
shrinkage=0.05


Tree=46
num_leaves=8
num_cat=0
split_feature=16 0 16 4 9 16 2
split_gain=0.369886 0.564103 0.369206 0.713495 0.581598 0.489945 0.395425
threshold=0.016156412343460328 0.02378685019832372 -0.0042621193066445509 0.029901126627062961 0.097259950184127156 0.00037852892535461541 0.061746730074535024
decision_type=2 2 2 2 10 2 2
left_child=1 2 6 4 5 -4 -1
right_child=-2 -3 3 -5 -6 -7 -8
leaf_value=4.1995770299566619e-05 4.4620600042633788e-05 -0.00030388971321970124 -9.2376030705653851e-05 -0.00010906227455396952 -0.00035362203245411443 1.1658298020005488e-05 -9.4371624768329284e-05
leaf_weight=225 190 25 47 26 25 180 30
leaf_count=225 190 25 47 26 25 180 30
internal_value=0.000989305 0.000340502 0.000684803 -0.000575539 0.000238095 0.00103524 0.00205882
internal_weight=748 558 533 278 252 227 255
internal_count=748 558 533 278 252 227 255
is_linear=0
shrinkage=0.05


end of trees

feature_importances:
overnight_gap=46
ret_20d=28
sector_ret_5d=27
dist_ma50=26
dist_ma200=26
ret_5d=23
atr_pct=19
sector_ret_1d=19
vix_chg_1d=18
ret_1d=16
parkinson_20=15
dvol_z_20=13
spy_ret_5d=13
vix_level=13
dist_ma20=10
spy_ret_1d=9
spy_ret_20d=8

parameters:
[boosting: gbdt]
[objective: quantile]
[metric: quantile]
[tree_learner: serial]
[device_type: cpu]
[data_sample_strategy: bagging]
[data: ]
[valid: ]
[num_iterations: 80]
[learning_rate: 0.05]
[num_leaves: 8]
[num_threads: 1]
[seed: 0]
[deterministic: 0]
[force_col_wise: 1]
[force_row_wise: 0]
[histogram_pool_size: -1]
[max_depth: -1]
[min_data_in_leaf: 25]
[min_sum_hessian_in_leaf: 0.001]
[bagging_fraction: 0.9]
[pos_bagging_fraction: 1]
[neg_bagging_fraction: 1]
[bagging_freq: 1]
[bagging_seed: 3]
[bagging_by_query: 0]
[feature_fraction: 0.9]
[feature_fraction_bynode: 1]
[feature_fraction_seed: 2]
[extra_trees: 0]
[extra_seed: 6]
[early_stopping_round: 0]
[early_stopping_min_delta: 0]
[first_metric_only: 0]
[max_delta_step: 0]
[lambda_l1: 0]
[lambda_l2: 0]
[linear_lambda: 0]
[min_gain_to_split: 0]
[drop_rate: 0.1]
[max_drop: 50]
[skip_drop: 0.5]
[xgboost_dart_mode: 0]
[uniform_drop: 0]
[drop_seed: 4]
[top_rate: 0.2]
[other_rate: 0.1]
[min_data_per_group: 100]
[max_cat_threshold: 32]
[cat_l2: 10]
[cat_smooth: 10]
[max_cat_to_onehot: 4]
[top_k: 20]
[monotone_constraints: ]
[monotone_constraints_method: basic]
[monotone_penalty: 0]
[feature_contri: ]
[forcedsplits_filename: ]
[refit_decay_rate: 0.9]
[cegb_tradeoff: 1]
[cegb_penalty_split: 0]
[cegb_penalty_feature_lazy: ]
[cegb_penalty_feature_coupled: ]
[path_smooth: 0]
[interaction_constraints: ]
[verbosity: -1]
[saved_feature_importance_type: 0]
[use_quantized_grad: 0]
[num_grad_quant_bins: 4]
[quant_train_renew_leaf: 0]
[stochastic_rounding: 1]
[linear_tree: 0]
[max_bin: 255]
[max_bin_by_feature: ]
[min_data_in_bin: 3]
[bin_construct_sample_cnt: 200000]
[data_random_seed: 1]
[is_enable_sparse: 1]
[enable_bundle: 1]
[use_missing: 1]
[zero_as_missing: 0]
[feature_pre_filter: 1]
[pre_partition: 0]
[two_round: 0]
[header: 0]
[label_column: ]
[weight_column: ]
[group_column: ]
[ignore_column: ]
[categorical_feature: ]
[forcedbins_filename: ]
[precise_float_parser: 0]
[parser_config_file: ]
[objective_seed: 5]
[num_class: 1]
[is_unbalance: 0]
[scale_pos_weight: 1]
[sigmoid: 1]
[boost_from_average: 1]
[reg_sqrt: 0]
[alpha: 0.1]
[fair_c: 1]
[poisson_max_delta_step: 0.7]
[tweedie_variance_power: 1.5]
[lambdarank_truncation_level: 30]
[lambdarank_norm: 1]
[label_gain: ]
[lambdarank_position_bias_regularization: 0]
[eval_at: ]
[multi_error_top_k: 1]
[auc_mu_weights: ]
[num_machines: 1]
[local_listen_port: 12400]
[time_out: 120]
[machine_list_filename: ]
[machines: ]
[gpu_platform_id: -1]
[gpu_device_id: -1]
[gpu_device_id_list: ]
[gpu_use_dp: 0]
[num_gpu: 1]

end of parameters

pandas_categorical:[]
