tree
version=v4
num_class=1
num_tree_per_iteration=1
label_index=0
max_feature_idx=16
objective=quantile
feature_names=ret_1d ret_5d ret_20d overnight_gap atr_pct parkinson_20 dvol_z_20 dist_ma20 dist_ma50 dist_ma200 spy_ret_1d spy_ret_5d spy_ret_20d vix_level vix_chg_1d sector_ret_1d sector_ret_5d
feature_infos=[-0.15336360837438412:0.13676980316087373] [-0.20224624412965697:0.17737672912549707] [-0.25996717693330695:0.26928980459295127] [-0.10865874363327688:0.12943321683634701] [0.014760771337718314:0.057039184677561042] [0.0090226021761357286:0.033443266524041074] [-1.9652056547603316:4.1944680506830547] [-0.21225326223784624:0.18092317545962255] [-0.21870995669293902:0.2364428471164961] [-0.27402051087395196:0.35274507841126623] [-0.058542947643003718:0.10501933612632941] [-0.11496158439845272:0.082843216242346029] [-0.12265592443394913:0.15756596870864792] [11.859999656677246:52.330001831054688] [-0.35753873962348437:0.74039073966007019] [-0.060397403108400582:0.10888057162300102] [-0.11617882919005618:0.10060180541624875]
tree_sizes=867 866 866 846 855 866 865 850 862 861 868 870 857 867 869 867 862 876 859 867 870 862 868 862 856 855 863 857 870 866 871 862 873 876 864 869 862 872 859

Tree=0
num_leaves=8
num_cat=0
split_feature=3 9 13 16 13 14 10
split_gain=0.883092 0.828421 0.988566 1.01965 1.00499 1.05076 1.38871
threshold=-0.010808044826304595 0.13446365392127571 13.605000019073488 0.025572332372305943 18.595000267028812 -0.021447279396770266 -0.0024374516674448006
decision_type=2 10 2 2 2 2 2
left_child=-1 2 -2 4 5 -4 -7
right_child=1 -3 3 -5 -6 6 -8
leaf_value=-0.000940550603148279 -0.00052253424643316734 -0.00054983426466122547 -0.00065494287364251005 -0.00059052983917253475 -0.00066638752234933539 -0.00074717849151609045 -0.0010712162904821271
leaf_weight=47 107 192 59 82 142 66 55
leaf_count=47 107 192 59 82 142 66 55
internal_value=-0.000734373 -0.00029075 -0.00134285 -0.00247464 -0.00374224 -0.00622326 -0.00889085
internal_weight=750 703 511 404 322 180 121
internal_count=750 703 511 404 322 180 121
is_linear=0
shrinkage=1


Tree=1
num_leaves=8
num_cat=0
split_feature=3 11 3 8 8 13 13
split_gain=0.89127 0.637987 0.809095 0.801164 0.798625 0.962192 1.1759
threshold=-0.010808044826304595 0.0044457206101340416 -0.0059554536164320706 -0.0020527960536496632 -0.018800473240375367 19.23499965667725 14.960000038146974
decision_type=2 2 2 8 10 2 2
left_child=-1 2 -2 4 5 6 -4
right_child=1 -3 3 -5 -6 -7 -8
leaf_value=-0.00025920197116611202 0.00019219698668663894 3.6983625166076487e-05 0.00019058437579430549 3.2003865841384597e-05 -0.00072475123318392729 0.00010806517224808235 -0.00028086543250515895
leaf_weight=47 46 354 29 151 25 36 46
leaf_count=47 46 354 29 151 25 36 46
internal_value=-4.08717e-05 0.000414847 -0.00115616 -0.00214286 -0.00492647 -0.00310811 -0.00633333
internal_weight=734 687 333 287 136 111 75
internal_count=734 687 333 287 136 111 75
is_linear=0
shrinkage=0.05


Tree=2
num_leaves=8
num_cat=0
split_feature=11 6 16 12 11 1 0
split_gain=0.87777 1.13349 0.703141 0.851558 0.617405 0.601364 0.549567
threshold=0.0044457206101340416 1.5050907715693296 -0.0044219953296087957 0.0098181049461038023 -0.018044507294420583 -0.038718842635577726 0.0048964712207556502
decision_type=2 2 2 2 2 2 2
left_child=1 2 4 -4 5 -1 -5
right_child=-2 -3 3 6 -6 -7 -8
leaf_value=-0.00054233720018893167 3.5400195845922717e-05 -0.00039185535444657738 -0.0002541585429893793 -8.4803320699115478e-05 0.00017185970621977473 0.00010505646175003321 0.00011843560981009957
leaf_weight=26 383 42 32 57 125 58 26
leaf_count=26 383 42 32 57 125 58 26
internal_value=0.000193592 -0.00155738 -0.000555555 -0.00369565 0.00117225 -0.00214286 -0.0010241
internal_weight=749 366 324 115 209 84 83
internal_count=749 366 324 115 209 84 83
is_linear=0
shrinkage=0.05


Tree=3
num_leaves=8
num_cat=0
split_feature=6 13 1 8 9 3 1
split_gain=0.948481 0.779578 0.7372 0.745898 0.8 0.686988 0.532127
threshold=0.34969950903606312 14.340000152587892 0.033015627838703938 -0.093033107173945237 0.089866756282559815 -0.010808044826304595 0.00025821225092004246
decision_type=2 2 2 10 8 2 2
left_child=5 -2 3 -3 -5 -1 -6
right_child=1 2 -4 4 6 -7 -8
leaf_value=-0.0002286206025912696 0.00023601038137381145 9.083281241857437e-06 0.00010503858302420732 -0.00046517515050889307 -7.5203279267544072e-05 5.7022704059681152e-05 -0.00025067181381722915
leaf_weight=26 38 33 27 30 34 529 26
leaf_count=26 38 33 27 30 34 529 26
internal_value=0.000356662 -0.00271277 -0.00433333 -0.00597561 -0.00833333 0.0013964 -0.005
internal_weight=743 188 150 123 90 555 60
internal_count=743 188 150 123 90 555 60
is_linear=0
shrinkage=0.05


Tree=4
num_leaves=8
num_cat=0
split_feature=13 6 9 7 0 2 2
split_gain=0.893285 0.889446 0.80446 0.736868 0.551993 0.678525 0.600714
threshold=13.605000019073488 0.34969950903606312 0.15859884821431017 0.049797848655201433 0.015365293382685665 0.037729103786329439 -0.006625024076370444
decision_type=2 2 10 2 2 2 2
left_child=-1 2 3 -2 5 6 -3
right_child=1 4 -4 -5 -6 -7 -8
leaf_value=0.0001775380154409292 2.0315613774252798e-05 -0.00025281141014576081 0.00010581810841298514 -0.00014408802098055245 0.0001281648987700232 -0.00031185056827309396 0.00011168250041959355
leaf_weight=121 281 72 134 42 34 34 28
leaf_count=121 281 72 134 42 34 34 28
internal_value=0.000241287 -0.00052 0.000623633 -0.000727554 -0.00363095 -0.00507463 -0.003
internal_weight=746 625 457 323 168 134 100
internal_count=746 625 457 323 168 134 100
is_linear=0
shrinkage=0.05


Tree=5
num_leaves=8
num_cat=0
split_feature=3 9 16 7 6 3 5
split_gain=0.851234 0.679184 0.729822 0.759185 0.480818 0.675556 0.72595
threshold=-0.010808044826304595 0.15859884821431017 0.026937457938834401 0.054602593130325013 0.34969950903606312 -0.0010161472982966877 0.013190697273346255
decision_type=2 10 2 2 2 2 2
left_child=-1 2 3 4 -2 -6 -7
right_child=1 -3 -4 -5 5 6 -8
leaf_value=-0.00021126785225562654 1.836623163918033e-05 0.00010562512500706138 0.00012001097411563422 -0.00013564404185287994 3.2696329904923062e-05 -0.00021032717190315681 -0.00059001206685802216
leaf_weight=48 288 167 97 33 41 31 32
leaf_count=48 288 167 97 33 41 31 32
internal_value=-2.03526e-05 0.000428157 -0.00045977 -0.00135294 -0.000739796 -0.00365385 -0.00690476
internal_weight=737 689 522 425 392 104 63
internal_count=737 689 522 425 392 104 63
is_linear=0
shrinkage=0.05


Tree=6
num_leaves=8
num_cat=0
split_feature=14 3 3 9 11 6 13
split_gain=0.989945 0.694444 0.752137 1.11592 0.619269 0.605089 0.586806
threshold=0.038811658900465458 0.0036432694154402427 -0.00054457728388951343 0.065272062543584544 0.0019507680783907857 0.36097153363387641 15.050000190734865
decision_type=2 2 2 10 2 2 2
left_child=5 2 3 4 -2 -1 -7
right_child=1 -3 -4 -5 -6 6 -8
leaf_value=6.4522945011553728e-05 8.841444752170086e-05 -4.4485673159958255e-05 0.00024454923155836568 -0.00027442702013564206 -0.00013193952414569107 0.00017701434968005029 -0.00021413290353923875
leaf_weight=422 58 30 33 34 25 48 96
leaf_count=422 58 30 33 34 25 48 96
internal_value=0.000174263 -0.00305556 -0.00166667 -0.00354701 -0.000421687 0.00120141 -0.00159722
internal_weight=746 180 150 117 83 566 144
internal_count=746 180 150 117 83 566 144
is_linear=0
shrinkage=0.05


Tree=7
num_leaves=8
num_cat=0
split_feature=14 5 15 6 6 6 1
split_gain=0.7601 0.796095 0.605962 0.81504 0.640021 0.524372 0.575422
threshold=0.049298283120689408 0.022337207589930397 -0.019480239069289747 -0.29564342014428951 0.19034030985419095 0.34969950903606312 0.012664467392910607
decision_type=2 2 2 2 2 2 2
left_child=1 5 -2 -4 -5 -1 -7
right_child=2 -3 3 4 -6 6 -8
leaf_value=5.4256564229309532e-05 0.00015635612160798198 -0.00018725272859677235 -0.00015142135366127033 0.00017556584096482054 -9.3817305656362267e-05 -0.00027243755352861736 8.9156231033753053e-05
leaf_weight=427 38 29 47 25 33 85 61
leaf_count=427 38 29 47 25 33 85 61
internal_value=0.0002349 0.00101329 -0.00304196 -0.005 -0.00103448 0.00142234 -0.00116438
internal_weight=745 602 143 105 58 573 146
internal_count=745 602 143 105 58 573 146
is_linear=0
shrinkage=0.05


Tree=8
num_leaves=8
num_cat=0
split_feature=6 12 10 12 14 2 0
split_gain=0.749403 0.815425 0.912938 0.642857 0.548903 0.429576 0.467135
threshold=0.34969950903606312 0.034436805865122662 0.0028970492937452357 0.0053623810378563572 0.047142331582309634 0.16567042516547506 -0.0025029434261959467
decision_type=2 2 2 2 2 2 2
left_child=5 2 4 -4 -2 6 -1
right_child=1 -3 3 -5 -6 -7 -8
leaf_value=7.2286500060120544e-07 8.7628749220577352e-05 0.00011659078418955495 -0.00018815290269054313 -0.00037837169132858261 -0.0003104696182339307 -2.850409674873026e-05 7.7511507226315024e-05
leaf_weight=236 52 51 28 28 31 32 306
leaf_count=236 52 51 28 28 31 32 306
internal_value=0.000353403 -0.00236842 -0.00435252 -0.00928571 -0.0010241 0.00125436 0.00158672
internal_weight=764 190 139 56 83 574 542
internal_count=764 190 139 56 83 574 542
is_linear=0
shrinkage=0.05


Tree=9
num_leaves=8
num_cat=0
split_feature=3 6 13 5 12 6 12
split_gain=0.722727 0.438899 0.464044 0.692839 0.521967 0.385566 0.456419
threshold=-0.010808044826304595 0.34969950903606312 14.340000152587892 0.017754065027043082 0.023201691607264822 -0.17527443701863507 0.060339670934961183
decision_type=2 2 2 2 2 2 2
left_child=-1 5 -3 4 -4 6 -2
right_child=1 2 3 -5 -6 -7 -8
leaf_value=-0.00018799304102716437 1.0258720535476608e-05 0.000182896834351259 -0.00017874525718688172 0.00010751228078720627 -0.00044885460670859926 0.00012339394348755118 -0.00011470714271254438
leaf_weight=47 378 35 58 40 28 129 29
leaf_count=47 378 35 58 40 28 129 29
internal_value=0.000362903 0.000767575 -0.00152174 -0.00293651 -0.00546512 0.00145522 0.000700246
internal_weight=744 697 161 126 86 536 407
internal_count=744 697 161 126 86 536 407
is_linear=0
shrinkage=0.05


Tree=10
num_leaves=8
num_cat=0
split_feature=9 2 1 2 6 14 1
split_gain=0.944584 0.452098 0.454434 0.565871 0.549367 0.700054 0.853164
threshold=0.13446365392127571 0.16567042516547506 -0.023131958712702457 -0.026204347338814157 0.081089051929203654 0.0053913947730825926 0.015072408395131133
decision_type=10 2 2 2 2 2 2
left_child=1 2 3 -1 -4 6 -6
right_child=-2 -3 4 -5 5 -7 -8
leaf_value=-1.9825730287831979e-06 8.4492335548140966e-05 -3.7577973168996678e-05 4.1159300579945675e-05 -0.000285304745867645 -0.00025794189489912895 0.00011906930320291362 3.6539699060013676e-05
leaf_weight=116 206 25 258 40 30 43 31
leaf_count=116 206 25 258 40 30 43 31
internal_value=0.000660881 -0.000432781 -0.00011583 -0.00237179 0.000856354 -0.00221154 -0.00565574
internal_weight=749 543 518 156 362 104 61
internal_count=749 543 518 156 362 104 61
is_linear=0
shrinkage=0.05


Tree=11
num_leaves=8
num_cat=0
split_feature=11 12 16 14 12 5 6
split_gain=0.583929 0.964222 0.664171 1.0696 1.01505 0.802008 0.673544
threshold=-0.010779002929662549 0.00075809453830288931 -0.0069527279033146363 0.017639326626862298 0.0061046403867389696 0.0211858578412993 -0.25857129303793797
decision_type=2 2 2 2 2 2 2
left_child=1 -1 -2 5 -5 -4 -6
right_child=2 -3 3 4 6 -7 -8
leaf_value=1.7441549157813862e-05 0.00014833054149037054 -0.00027403810923194434 6.760448364426259e-05 -7.0955964238994843e-05 -8.0828999237570487e-05 -2.2319628347372818e-05 9.1717776228976254e-05
leaf_weight=100 121 43 330 25 52 31 45
leaf_count=100 121 43 330 25 52 31 45
internal_value=0.000180723 -0.00269231 0.000860927 3.10561e-05 -0.00401639 0.00139889 -0.00170103
internal_weight=747 143 604 483 122 361 97
internal_count=747 143 604 483 122 361 97
is_linear=0
shrinkage=0.05


Tree=12
num_leaves=8
num_cat=0
split_feature=1 1 6 5 3 3 1
split_gain=0.752446 1.44231 0.555604 1.04652 0.519231 0.51609 0.442786
threshold=-0.049264130434248536 -0.060602384727742757 0.89360023014169399 0.015480961099313741 -0.0031961354267959203 0.0016651831801369756 0.024563298497632172
decision_type=2 2 2 2 2 2 2
left_child=1 4 6 5 -1 -4 -2
right_child=2 -3 3 -5 -6 -7 -8
leaf_value=-0.00020396269307086732 6.0697402179278452e-05 -0.00052893534650839903 9.1946919959325993e-05 -0.0003624951910321441 0.00013836217061515067 -0.00016319764276385084 -2.1892172901443583e-05
leaf_weight=25 406 26 34 33 27 27 156
leaf_count=25 406 26 34 33 27 27 156
internal_value=2.72481e-05 -0.00461538 0.000579268 -0.00297872 0.000192308 0.00090164 0.00117438
internal_weight=734 78 656 94 52 61 562
internal_count=734 78 656 94 52 61 562
is_linear=0
shrinkage=0.05


Tree=13
num_leaves=8
num_cat=0
split_feature=1 1 12 12 8 8 1
split_gain=0.746132 1.46975 0.431656 0.800907 0.643216 0.587132 0.720588
threshold=-0.049264130434248536 -0.060602384727742757 0.02953543879256915 0.027728982804785422 0.0076988137618541072 0.086005137244229216 0.032011663701882138
decision_type=2 2 2 2 8 10 2
left_child=1 -1 3 4 -2 -4 -7
right_child=2 -3 5 -5 -6 6 -8
leaf_value=5.5413516454376653e-05 -1.5931129477826427e-05 -0.00050248857918297907 0.00011381975198639068 -0.00013632334172602824 4.3852556067687488e-05 -0.00019199629855824046 3.5666798412373027e-05
leaf_weight=53 199 26 175 25 199 34 34
leaf_count=53 199 26 175 25 199 34 34
internal_value=0.000100671 -0.00449367 0.000645646 -0.000319149 0.000226131 0.0023251 -0.00161765
internal_weight=745 79 666 423 398 243 68
internal_count=745 79 666 423 398 243 68
is_linear=0
shrinkage=0.05


Tree=14
num_leaves=8
num_cat=0
split_feature=13 13 6 3 1 7 14
split_gain=0.496193 0.476632 0.47655 0.522953 1.16325 0.623537 0.449796
threshold=13.59500026702881 13.869999885559084 0.34969950903606312 -7.2044061710740945e-05 0.027524391410849839 -0.054314714910418775 -0.044386160859696593
decision_type=2 2 2 2 2 2 2
left_child=-1 -2 3 4 -3 -5 -4
right_child=1 2 6 5 -6 -7 -8
leaf_value=0.00014945041102038564 -1.3181541059224608e-05 2.2959869895211031e-05 -0.00024655142497361616 -8.8001673550866594e-06 -0.0001966102239920763 9.0829803907626456e-05 -0.00011455217658908508
leaf_weight=118 25 155 37 25 35 212 112
leaf_count=118 25 155 37 25 35 212 112
internal_value=0.000340751 -0.000241264 5.20835e-05 0.00090164 -0.00105263 0.00246835 -0.00238255
internal_weight=719 601 576 427 190 237 149
internal_count=719 601 576 427 190 237 149
is_linear=0
shrinkage=0.05


Tree=15
num_leaves=8
num_cat=0
split_feature=8 13 7 1 10 10 1
split_gain=0.49478 0.552429 0.505903 0.603015 0.619898 0.909345 1.05198
threshold=0.056828070120920067 13.59500026702881 -0.11328385140465279 -0.011326224051813214 -0.011231004293396683 -0.0016165810670417111 -0.024481362349369314
decision_type=8 2 2 2 2 2 2
left_child=1 -1 -3 4 -4 -6 -7
right_child=-2 2 3 -5 5 6 -8
leaf_value=0.0001441204319735188 3.8476909221008049e-05 0.00027011357366693638 -0.00029393524200752052 -1.6227549466776935e-06 0.00020706987265181557 -5.932930346568879e-05 -0.00015802361773315697
leaf_weight=73 241 26 28 207 62 77 29
leaf_count=73 241 26 28 207 62 77 29
internal_value=-0.000181696 -0.0010757 -0.00175991 -0.00219603 -0.00418367 -0.00303571 -0.00584906
internal_weight=743 502 429 403 196 168 106
internal_count=743 502 429 403 196 168 106
is_linear=0
shrinkage=0.05


Tree=16
num_leaves=8
num_cat=0
split_feature=1 1 16 13 1 16 6
split_gain=0.387743 1.31987 0.383559 0.542817 0.764545 0.578716 0.57666
threshold=-0.049264130434248536 -0.060602384727742757 -0.014283796114835488 19.440000534057621 0.019304976818539602 0.025123087006889814 -0.74912152161488377
decision_type=2 2 2 2 2 2 2
left_child=1 -1 -2 5 -5 6 -4
right_child=2 -3 3 4 -6 -7 -8
leaf_value=7.326787013181491e-05 0.00011510662718323725 -0.00047797385516169344 0.00010284423113749468 2.4487202803434458e-06 -0.00012161133035437607 0.00010237194957493298 -3.8389233557065135e-05
leaf_weight=55 130 26 71 55 25 133 262
leaf_count=55 130 26 71 55 25 133 262
internal_value=0.000244386 -0.00302469 0.000636095 5.49452e-05 -0.00375 0.000708155 -0.000405405
internal_weight=757 81 676 546 80 466 333
internal_count=757 81 676 546 80 466 333
is_linear=0
shrinkage=0.05


Tree=17
num_leaves=8
num_cat=0
split_feature=9 10 11 9 14 16 3
split_gain=0.548746 0.483818 0.651913 0.551062 0.689142 0.446102 0.59034
threshold=0.13446365392127571 0.00040263484850655567 -0.010779002929662549 0.072180958883109617 -0.0070547548707520216 0.0034366881787152308 -0.0020301579547261635
decision_type=10 2 2 10 2 2 2
left_child=1 3 -3 4 -1 -6 -7
right_child=-2 2 -4 -5 5 6 -8
leaf_value=-0.00017076407474721914 6.2648471161794747e-05 -0.00026331538832423304 4.2996918505057826e-05 -0.0002726469520963882 9.351406247243292e-05 -0.00012596502704242618 1.4600687401586726e-05
leaf_weight=48 200 33 269 25 109 25 37
leaf_count=48 200 33 269 25 109 25 37
internal_value=0.000509384 -0.000311355 0.00102649 -0.00196721 -0.00116438 0.000321638 -0.00306452
internal_weight=746 546 302 244 219 171 62
internal_count=746 546 302 244 219 171 62
is_linear=0
shrinkage=0.05


Tree=18
num_leaves=8
num_cat=0
split_feature=16 6 10 9 14 4 6
split_gain=0.459342 0.5017 0.659232 1.36481 0.597589 0.725511 1.50026
threshold=0.040280898876404521 0.34969950903606312 0.0028970492937452357 0.09449417163303854 -0.014609583018452553 0.029796604690835029 -0.38900462363169447
decision_type=2 2 2 10 2 2 2
left_child=1 4 -3 -4 -1 -6 -7
right_child=-2 2 3 -5 5 6 -8
leaf_value=6.8747378144179785e-05 0.00016329552450663511 8.0542057049223183e-06 -0.00024329838169314237 0.00023526343390872304 1.4364605336902659e-05 -0.00032764993423495909 9.8823265173436376e-05
leaf_weight=201 51 107 47 27 220 44 56
leaf_count=201 51 107 47 27 220 44 56
internal_value=0.000418327 8.54703e-05 -0.00218232 -0.00581081 0.000873321 -0.00046875 -0.004
internal_weight=753 702 181 74 521 320 100
internal_count=753 702 181 74 521 320 100
is_linear=0
shrinkage=0.05


Tree=19
num_leaves=8
num_cat=0
split_feature=9 5 5 5 12 15 12
split_gain=0.704173 0.468223 0.821716 0.91778 0.688805 0.652142 0.613482
threshold=0.13446365392127571 0.012463962216932876 0.015590164456264233 0.014064130301570277 0.030225182467667037 0.00097403380558125374 -0.042339714563459634
decision_type=10 2 2 2 2 2 2
left_child=1 -1 3 5 6 -3 -4
right_child=-2 2 4 -5 -6 -7 -8
leaf_value=4.9296352811845166e-05 5.4054798445342437e-05 0.00011589595654399785 0.00015249304453701729 -0.00034798028508726902 7.0241231448576579e-05 -0.0001668486386386657 -4.852473921084317e-05
leaf_weight=149 199 28 39 27 89 38 170
leaf_count=149 199 28 39 27 89 38 170
internal_value=0.000196211 -0.000740741 -0.00164962 -0.00575269 -0.000369127 -0.00257576 -0.0019378
internal_weight=739 540 391 93 298 66 209
internal_count=739 540 391 93 298 66 209
is_linear=0
shrinkage=0.05


Tree=20
num_leaves=8
num_cat=0
split_feature=9 13 16 7 14 0 9
split_gain=0.495087 0.507561 0.579634 0.639289 0.797182 0.958436 1.13108
threshold=0.19487470938331611 13.605000019073488 0.044508487947509619 -0.012282149248056594 0.063421642021299643 0.00022084629718577278 -0.012629690975696327
decision_type=10 2 2 2 2 2 10
left_child=1 -1 3 -3 5 6 -5
right_child=-2 2 -4 4 -6 -7 -8
leaf_value=0.00014372347055064411 5.543786469118529e-05 1.1454987824410406e-05 0.00015893768047870924 -0.00016102051176000604 4.169531412799243e-05 -6.5129245638534896e-05 1.5264789326424356e-05
leaf_weight=113 149 237 38 44 43 102 25
leaf_count=113 149 237 38 44 43 102 25
internal_value=0.000406125 -0.000232558 -0.00093047 -0.00143015 -0.00341121 -0.00494152 -0.00949275
internal_weight=751 602 489 451 214 171 69
internal_count=751 602 489 451 214 171 69
is_linear=0
shrinkage=0.05


Tree=21
num_leaves=8
num_cat=0
split_feature=16 13 8 6 2 13 12
split_gain=0.488526 0.485724 0.508527 0.804885 0.800735 0.702652 0.787371
threshold=0.041894655970399104 13.59500026702881 0.00504284450948811 0.33741339723416658 -0.036873301806482288 18.394999504089359 0.024994038771031683
decision_type=2 2 8 2 2 2 2
left_child=1 -1 3 5 -5 6 -3
right_child=-2 2 -4 4 -6 -7 -8
leaf_value=0.00012634363133403708 0.0001083185829039435 -0.00012717693139540162 1.1147670918776914e-05 -0.00021137429765890698 -0.00018435795010620601 5.204449550928524e-05 4.6603731570623376e-05
leaf_weight=113 48 69 299 56 27 98 38
leaf_count=113 48 69 299 56 27 98 38
internal_value=0.000120321 -0.000214286 -0.000792163 -0.00229167 -0.00644578 -0.000609756 -0.00341121
internal_weight=748 700 587 288 83 205 107
internal_count=748 700 587 288 83 205 107
is_linear=0
shrinkage=0.05


Tree=22
num_leaves=8
num_cat=0
split_feature=9 2 0 5 4 2 10
split_gain=0.639498 0.71836 0.438597 0.556717 0.662094 0.460563 1.05402
threshold=0.13446365392127571 0.15068193457761539 -0.017314571975670375 0.018595918762236208 0.02785918883392571 0.0050838394379605365 -0.0022250967273709783
decision_type=10 2 2 2 2 2 2
left_child=1 2 3 4 -1 -4 -7
right_child=-2 -3 5 -5 -6 6 -8
leaf_value=-6.2070154423120985e-05 5.5204666355052112e-05 -2.8991533165082187e-05 6.2617979914462889e-06 9.2903428514069594e-05 -0.00040979080140340191 -0.00014013530889485514 2.9028529613929159e-05
leaf_weight=29 196 29 256 29 25 49 129
leaf_count=29 196 29 256 29 25 49 129
internal_value=-0.000256064 -0.00113553 -0.000705996 -0.00403614 -0.00703704 -6.91242e-05 -0.00202247
internal_weight=742 546 517 83 54 434 178
internal_count=742 546 517 83 54 434 178
is_linear=0
shrinkage=0.05


Tree=23
num_leaves=8
num_cat=0
split_feature=15 15 10 9 6 13 3
split_gain=0.378103 0.48265 0.936039 0.467759 0.456193 1.28822 0.692308
threshold=0.01955216062649601 0.011536766997730543 0.0066242939925211805 0.12691490338471037 0.89360023014169399 15.050000190734865 -0.0010161472982966877
decision_type=2 2 2 10 2 2 2
left_child=1 3 -3 4 -1 -6 -7
right_child=-2 2 -4 -5 5 6 -8
leaf_value=3.2357518043839097e-06 0.00014990831780668356 -0.00030834612128621044 2.9237755643666286e-06 5.3479580442306816e-05 0.00017226545861539762 -0.00013593046116396775 -0.00051413934205424598
leaf_weight=374 39 28 60 171 27 26 26
leaf_count=374 39 28 60 171 27 26 26
internal_value=0.000206392 -5.61796e-05 -0.00352273 0.000432692 -0.000408388 -0.00386076 -0.00846154
internal_weight=751 712 88 624 453 79 52
internal_count=751 712 88 624 453 79 52
is_linear=0
shrinkage=0.05


Tree=24
num_leaves=8
num_cat=0
split_feature=6 11 2 8 10 1 1
split_gain=0.559927 0.710316 0.62418 0.48614 1.25212 0.573624 0.891343
threshold=0.081089051929203654 0.019998315354098021 0.16567042516547506 0.056828070120920067 0.0028970492937452357 -0.052243783144286286 -0.014040943375477564
decision_type=2 2 2 10 2 2 2
left_child=2 3 -1 4 5 -2 -7
right_child=1 -3 -4 -5 -6 6 -8
leaf_value=2.9010324634805103e-05 0.00024372160095042464 8.7142165078580688e-05 -2.3650102185477865e-05 2.5082080846959381e-05 -0.0002298201443913842 -0.00026880045636834467 4.8735307624859498e-05
leaf_weight=478 28 37 28 64 43 30 41
leaf_count=478 28 37 28 64 43 30 41
internal_value=0.000594126 -0.0013786 0.0015415 -0.00252427 -0.00415493 -0.00106061 -0.0034507
internal_weight=749 243 506 206 142 99 71
internal_count=749 243 506 206 142 99 71
is_linear=0
shrinkage=0.05


Tree=25
num_leaves=8
num_cat=0
split_feature=3 2 9 15 13 14 8
split_gain=0.577683 0.652028 0.87823 0.9 0.933333 0.782281 0.308044
threshold=-0.010808044826304595 0.045181318760810558 0.1244773985555684 0.006576384018443516 14.715000152587892 0.028010740507291913 0.043175648079484603
decision_type=2 2 8 2 2 2 8
left_child=-1 6 3 4 -3 -4 -2
right_child=1 2 5 -5 -6 -7 -8
leaf_value=-0.00010014182941875989 4.2026046305048946e-06 0.00014762794163379557 0.00010601638948802397 -0.00022549140077431185 -0.00016638810558016311 -8.0316099296429607e-05 9.0681627356452941e-05
leaf_weight=49 392 28 103 36 32 39 78
leaf_count=49 392 28 103 36 32 39 78
internal_value=4.62353e-05 0.000409605 -0.00172269 -0.00541667 -0.00166667 0.000774648 0.00148936
internal_weight=757 708 238 96 60 142 470
internal_count=757 708 238 96 60 142 470
is_linear=0
shrinkage=0.05


Tree=26
num_leaves=8
num_cat=0
split_feature=3 16 6 2 1 3 8
split_gain=0.535632 0.413679 0.49165 0.697059 0.647436 0.968533 0.597203
threshold=-0.010808044826304595 0.030445016203896284 0.34969950903606312 0.049888326417133706 0.024563298497632172 -1.0000000180025095e-35 0.0036461834608895187
decision_type=2 2 2 2 2 2 8
left_child=-1 2 4 6 -2 -6 -4
right_child=1 -3 3 -5 5 -7 -8
leaf_value=-9.9444101582564441e-05 3.1337236606539078e-05 4.8290336720943419e-05 -0.00011744929679726811 -0.00021916837255524051 -9.909877161772385e-05 1.8778528756426991e-05 0.00011316679376750564
leaf_weight=47 359 97 63 39 36 58 38
leaf_count=47 359 97 63 39 36 58 38
internal_value=0.000590231 0.000942029 0.00044688 -0.00214286 0.00124724 -0.00244681 4.95051e-05
internal_weight=737 690 593 140 453 94 101
internal_count=737 690 593 140 453 94 101
is_linear=0
shrinkage=0.05


Tree=27
num_leaves=8
num_cat=0
split_feature=2 11 2 2 9 3 0
split_gain=0.40634 0.396261 0.331896 0.403829 0.716918 0.620727 0.575048
threshold=0.16567042516547506 0.023193320881576888 0.10382364663005884 0.045181318760810558 0.076559908674160751 -0.011142867012801759 -0.0021449897412439962
decision_type=2 2 2 2 8 2 2
left_child=1 2 3 5 -5 -1 -6
right_child=-2 -3 -4 4 6 -7 -8
leaf_value=-0.00010739998772873647 -5.7241082923749213e-06 5.421123103705809e-05 0.00010448399789369665 -0.00020776446265659108 -0.00011331048689035408 5.5840933222187663e-06 0.00011522857189738854
leaf_weight=31 36 88 69 37 29 417 42
leaf_count=31 36 88 69 37 29 417 42
internal_value=0.000460614 0.0007223 0.00028 -0.000125899 -0.00287037 0.000535714 7.04227e-05
internal_weight=749 713 625 556 108 448 71
internal_count=749 713 625 556 108 448 71
is_linear=0
shrinkage=0.05


Tree=28
num_leaves=8
num_cat=0
split_feature=3 2 11 10 5 10 0
split_gain=0.496876 0.38877 0.327643 0.741616 0.533605 0.481751 0.776286
threshold=-0.010808044826304595 0.16567042516547506 -0.010779002929662549 -0.0021138824674655772 0.016326277182259229 -0.0019500004630599863 -0.0019970461219777076
decision_type=2 2 2 2 2 2 2
left_child=-1 2 3 -2 -5 6 -4
right_child=1 -3 5 4 -6 -7 -8
leaf_value=-8.6947215299628121e-05 5.7258937867438123e-05 -4.2878692077815402e-06 -5.8075787865125451e-05 -0.00032395762171127793 -4.4820406733463663e-05 4.297405445549711e-05 0.00018798457366928382
leaf_weight=48 70 39 94 25 26 409 53
leaf_count=48 70 39 94 25 26 409 53
internal_value=0.000549738 0.000879888 0.00115953 -0.00119835 -0.00578431 0.00167266 -0.000782313
internal_weight=764 716 677 121 51 556 147
internal_count=764 716 677 121 51 556 147
is_linear=0
shrinkage=0.05


Tree=29
num_leaves=8
num_cat=0
split_feature=9 11 16 14 4 4 3
split_gain=0.489519 0.604237 0.790297 0.56683 0.779453 1.24161 1.18521
threshold=0.076559908674160751 0.023488197271316905 -0.017480500540385743 -0.036818887874406285 0.023409378511029127 0.028229315567766866 -1.0000000180025095e-35
decision_type=8 2 2 2 2 2 2
left_child=1 2 -1 -4 -5 -6 -7
right_child=-2 -3 3 4 5 6 -8
leaf_value=8.5447564074293741e-05 2.5500628553803959e-05 0.00012484134098015537 5.3934721903232521e-05 2.9605362655407984e-06 -0.00013580918565099222 -0.00024757876282258503 7.6630763717330157e-05
leaf_weight=77 399 55 59 40 33 40 29
leaf_count=77 399 55 59 40 33 40 29
internal_value=-0.000191257 -0.00160661 -0.00255396 -0.00420398 -0.00591549 -0.00823529 -0.00442029
internal_weight=732 333 278 201 142 102 69
internal_count=732 333 278 201 142 102 69
is_linear=0
shrinkage=0.05


Tree=30
num_leaves=8
num_cat=0
split_feature=12 8 3 12 4 5 5
split_gain=0.697676 0.926342 0.85432 0.580216 0.841925 0.517604 0.584217
threshold=0.029468566644150655 0.048814909948775582 0.006299150510800878 -0.043864369041982591 0.035424602617379279 0.019373530398069591 0.017668606276509662
decision_type=2 10 2 2 2 2 2
left_child=1 3 -2 -1 5 6 -5
right_child=2 -3 -4 4 -6 -7 -8
leaf_value=0.00010417053944124478 7.8709568996242926e-05 5.0232082569177667e-05 -0.00011009409517951238 -8.6070557343359325e-05 -0.00021312619620068239 -0.00013928527075364632 7.6497548675351067e-05
leaf_weight=47 210 128 44 194 36 25 54
leaf_count=47 210 128 44 194 36 25 54
internal_value=0.000121951 -0.000991735 0.00224409 -0.00230337 -0.00309061 -0.00214286 -0.00145161
internal_weight=738 484 254 356 309 273 248
internal_count=738 484 254 356 309 273 248
is_linear=0
shrinkage=0.05


Tree=31
num_leaves=8
num_cat=0
split_feature=6 12 10 1 3 12 8
split_gain=0.619038 0.750274 0.766743 0.628893 1.05092 1.29275 0.582424
threshold=0.33741339723416658 0.037030604996718515 0.0034152998486263191 0.024563298497632172 -1.0000000180025095e-35 0.030878633072902176 0.00504284450948811
decision_type=2 2 2 2 2 2 10
left_child=3 2 -2 -1 5 -5 -4
right_child=1 -3 6 4 -6 -7 -8
leaf_value=4.2539393908355933e-05 -3.5329720639487242e-06 0.00015756076703832975 -0.00020806936510652809 -0.00012889057156211252 1.9361526845276078e-05 4.4365574637949515e-05 -5.197304577039521e-06
leaf_weight=407 83 51 30 28 89 25 25
leaf_count=407 83 51 30 28 89 25 25
internal_value=0.000325203 -0.00214286 -0.00405797 0.00117486 -0.00169014 -0.00726415 -0.00863636
internal_weight=738 189 138 549 142 53 55
internal_count=738 189 138 549 142 53 55
is_linear=0
shrinkage=0.05


Tree=32
num_leaves=8
num_cat=0
split_feature=0 12 12 16 14 8 12
split_gain=0.30014 0.369231 0.48768 0.843765 0.829903 0.580438 0.538298
threshold=0.029567596394058263 0.066100470646601531 0.024150484969903577 -0.0092303718740776013 0.070306169308441371 0.14423651991065425 0.018878595009899749
decision_type=2 2 2 2 2 8 2
left_child=1 2 3 -1 6 -4 -5
right_child=-2 -3 5 4 -6 -7 -8
leaf_value=7.7573344504040716e-05 -0.00017257733453457158 -3.8249358830920428e-05 7.769569329429168e-05 -3.1226063833795939e-06 -0.00020173295577443229 -2.0480854919582115e-05 -0.00011019649384666679
leaf_weight=165 31 44 249 185 25 25 27
leaf_count=165 31 44 249 185 25 25 27
internal_value=0.000139814 0.000347222 0.000636095 -0.000472637 -0.00238397 0.00226277 -0.00136792
internal_weight=751 720 676 402 237 274 212
internal_count=751 720 676 402 237 274 212
is_linear=0
shrinkage=0.05


Tree=33
num_leaves=8
num_cat=0
split_feature=9 13 16 12 4 12 11
split_gain=0.474957 0.585512 0.696664 0.708723 0.889118 0.490862 1.07457
threshold=0.15859884821431017 13.59500026702881 0.035617888392423198 -0.040334955259991249 0.03443681807042847 -0.00052819005217041848 -0.010779002929662549
decision_type=10 2 2 2 2 2 2
left_child=1 -1 3 -3 5 -5 -7
right_child=-2 2 -4 4 -6 6 -8
leaf_value=9.9626704260749217e-05 4.0960087963579394e-05 0.00010598168320556604 7.4744462574153882e-05 5.1435901241847874e-06 -0.00027005243813202936 -0.00034657529435728487 -9.2406729158641773e-06
leaf_weight=113 186 51 60 100 39 32 167
leaf_count=113 186 51 60 100 39 32 167
internal_value=-0.000147059 -0.000871886 -0.00168151 -0.00245501 -0.00328402 -0.00235786 -0.00379397
internal_weight=748 562 449 389 338 299 199
internal_count=748 562 449 389 338 299 199
is_linear=0
shrinkage=0.05


Tree=34
num_leaves=8
num_cat=0
split_feature=3 6 3 1 15 14 16
split_gain=0.38018 0.495371 0.744615 0.474075 0.695046 0.301576 1.1047
threshold=0.01241661212160894 1.5050907715693296 0.00021581895057554148 0.048347791040255668 0.0043319469370912697 0.017639326626862298 1.0000000180025095e-35
decision_type=2 2 2 2 2 2 2
left_child=1 3 -3 5 -5 -1 -7
right_child=-2 2 -4 4 -6 6 -8
leaf_value=3.7437216516099755e-05 0.00013759778986471375 4.7306070334456237e-06 -0.00034574857778297928 7.291101806424546e-05 -5.2506963225311404e-05 3.2641953959931511e-05 -3.1037144500159052e-05
leaf_weight=382 39 40 25 28 27 125 83
leaf_count=382 39 40 25 28 27 125 83
internal_value=0.000193592 -7.04223e-05 -0.00423077 0.000348837 -0.00409091 0.000762712 -0.000769231
internal_weight=749 710 65 645 55 590 208
internal_count=749 710 65 645 55 590 208
is_linear=0
shrinkage=0.05


Tree=35
num_leaves=8
num_cat=0
split_feature=12 3 8 9 2 8 6
split_gain=0.403515 0.986377 0.631233 0.604977 0.635111 0.888339 0.951249
threshold=0.031326678595768549 0.0022467039257787484 0.092029391206797553 0.034793308156457876 -0.036873301806482288 0.0076988137618541072 -0.1126140644168979
decision_type=2 2 10 10 2 8 2
left_child=3 -2 -3 4 -1 6 -6
right_child=1 2 -4 -5 5 -7 -8
leaf_value=1.0164295776900588e-06 9.2549217552841706e-05 5.8816099347200352e-06 -0.00020063753865085681 1.3810355789877898e-05 -6.5388893328918154e-05 -5.5812622326550407e-06 -0.00017809117626638456
leaf_weight=169 148 73 25 197 44 71 26
leaf_count=169 148 73 25 197 44 71 26
internal_value=8.63216e-05 0.00174797 -0.00214286 -0.000719921 -0.00209677 -0.00457447 -0.00857143
internal_weight=753 246 98 507 310 141 70
internal_count=753 246 98 507 310 141 70
is_linear=0
shrinkage=0.05


Tree=36
num_leaves=8
num_cat=0
split_feature=1 1 3 15 10 1 4
split_gain=0.406544 0.675565 0.5 0.319206 0.957651 0.520548 0.464457
threshold=-0.049264130434248536 -0.06384287935464876 -0.0041245973408114414 0.011536766997730543 0.0066242939925211805 0.0034673869273255113 0.019508137039145185
decision_type=2 2 2 2 2 2 2
left_child=1 2 -1 6 -5 -6 -2
right_child=3 -3 -4 4 5 -7 -8
leaf_value=-7.4665288299845007e-05 -1.0696731998510548e-05 -0.00038960965803797227 0.00010498254493140387 -0.00019537199062834125 -2.2447243764324007e-05 0.00013954300360527607 1.9479259875896746e-05
leaf_weight=25 125 27 25 31 33 50 434
leaf_count=25 125 27 25 31 33 50 434
internal_value=1.86265e-10 -0.00344156 1.86265e-10 0.000393759 -0.00201754 0.000783133 0.00088551
internal_weight=750 77 50 673 114 83 559
internal_count=750 77 50 673 114 83 559
is_linear=0
shrinkage=0.05


Tree=37
num_leaves=8
num_cat=0
split_feature=8 3 7 12 0 1 13
split_gain=0.566996 0.535248 0.550749 0.556771 0.683761 0.590965 0.804103
threshold=0.056828070120920067 -0.010808044826304595 -0.028654106025727374 0.041226484541621485 0.022151677522967653 -0.013759543289712515 16.164999961853031
decision_type=10 2 2 2 2 2 2
left_child=1 -1 -3 4 5 6 -4
right_child=-2 2 3 -5 -6 -7 -8
leaf_value=-7.7571948524072457e-05 2.4809310391242957e-05 2.7605922789453876e-05 -0.00044529196595303328 3.5354493679850737e-05 -0.0003103286555149531 -3.1379283997337985e-06 7.8193950586019596e-05
leaf_weight=39 224 173 25 62 26 182 27
leaf_count=39 224 173 25 62 26 182 27
internal_value=-1.31924e-05 -0.000898876 -0.000454545 -0.00167702 -0.00269231 -0.00183761 -0.00653846
internal_weight=758 534 495 322 260 234 52
internal_count=758 534 495 322 260 234 52
is_linear=0
shrinkage=0.05


Tree=38
num_leaves=8
num_cat=0
split_feature=11 2 7 7 7 3 1
split_gain=0.510906 0.461486 0.82848 0.631942 0.697735 0.784 0.47651
threshold=0.023858934510878397 0.10106209971669845 0.041346266995633825 -0.008316989801454731 -0.013138940204585723 -0.010808044826304595 0.037976773824210615
decision_type=2 2 2 2 2 2 2
left_child=1 2 3 4 5 -1 -4
right_child=-2 -3 6 -5 -6 -7 -8
leaf_value=-8.0688594621720661e-05 6.0995456395262533e-05 7.7468814835269595e-05 -0.00018100831961341736 2.261157790538488e-05 -0.00017646031566802929 4.2638619736952251e-06 -5.3476783766419713e-06
leaf_weight=25 95 104 33 212 29 225 25
leaf_count=25 95 104 33 212 29 225 25
internal_value=0.000521391 2.29711e-05 -0.000555555 0.000112016 -0.00145161 -0.0006 -0.0062069
internal_weight=748 653 549 491 279 250 58
internal_count=748 653 549 491 279 250 58
is_linear=0
shrinkage=0.05


end of trees

feature_importances:
ret_5d=28
overnight_gap=28
dvol_z_20=25
spy_ret_20d=23
dist_ma200=19
vix_level=19
ret_20d=17
dist_ma50=16
sector_ret_5d=15
vix_chg_1d=14
spy_ret_1d=13
parkinson_20=12
spy_ret_5d=12
ret_1d=9
dist_ma20=9
atr_pct=7
sector_ret_1d=7

parameters:
[boosting: gbdt]
[objective: quantile]
[metric: quantile]
[tree_learner: serial]
[device_type: cpu]
[data_sample_strategy: bagging]
[data: ]
[valid: ]
[num_iterations: 80]
[learning_rate: 0.05]
[num_leaves: 8]
[num_threads: 1]
[seed: 0]
[deterministic: 0]
[force_col_wise: 1]
[force_row_wise: 0]
[histogram_pool_size: -1]
[max_depth: -1]
[min_data_in_leaf: 25]
[min_sum_hessian_in_leaf: 0.001]
[bagging_fraction: 0.9]
[pos_bagging_fraction: 1]
[neg_bagging_fraction: 1]
[bagging_freq: 1]
[bagging_seed: 3]
[bagging_by_query: 0]
[feature_fraction: 0.9]
[feature_fraction_bynode: 1]
[feature_fraction_seed: 2]
[extra_trees: 0]
[extra_seed: 6]
[early_stopping_round: 0]
[early_stopping_min_delta: 0]
[first_metric_only: 0]
[max_delta_step: 0]
[lambda_l1: 0]
[lambda_l2: 0]
[linear_lambda: 0]
[min_gain_to_split: 0]
[drop_rate: 0.1]
[max_drop: 50]
[skip_drop: 0.5]
[xgboost_dart_mode: 0]
[uniform_drop: 0]
[drop_seed: 4]
[top_rate: 0.2]
[other_rate: 0.1]
[min_data_per_group: 100]
[max_cat_threshold: 32]
[cat_l2: 10]
[cat_smooth: 10]
[max_cat_to_onehot: 4]
[top_k: 20]
[monotone_constraints: ]
[monotone_constraints_method: basic]
[monotone_penalty: 0]
[feature_contri: ]
[forcedsplits_filename: ]
[refit_decay_rate: 0.9]
[cegb_tradeoff: 1]
[cegb_penalty_split: 0]
[cegb_penalty_feature_lazy: ]
[cegb_penalty_feature_coupled: ]
[path_smooth: 0]
[interaction_constraints: ]
[verbosity: -1]
[saved_feature_importance_type: 0]
[use_quantized_grad: 0]
[num_grad_quant_bins: 4]
[quant_train_renew_leaf: 0]
[stochastic_rounding: 1]
[linear_tree: 0]
[max_bin: 255]
[max_bin_by_feature: ]
[min_data_in_bin: 3]
[bin_construct_sample_cnt: 200000]
[data_random_seed: 1]
[is_enable_sparse: 1]
[enable_bundle: 1]
[use_missing: 1]
[zero_as_missing: 0]
[feature_pre_filter: 1]
[pre_partition: 0]
[two_round: 0]
[header: 0]
[label_column: ]
[weight_column: ]
[group_column: ]
[ignore_column: ]
[categorical_feature: ]
[forcedbins_filename: ]
[precise_float_parser: 0]
[parser_config_file: ]
[objective_seed: 5]
[num_class: 1]
[is_unbalance: 0]
[scale_pos_weight: 1]
[sigmoid: 1]
[boost_from_average: 1]
[reg_sqrt: 0]
[alpha: 0.1]
[fair_c: 1]
[poisson_max_delta_step: 0.7]
[tweedie_variance_power: 1.5]
[lambdarank_truncation_level: 30]
[lambdarank_norm: 1]
[label_gain: ]
[lambdarank_position_bias_regularization: 0]
[eval_at: ]
[multi_error_top_k: 1]
[auc_mu_weights: ]
[num_machines: 1]
[local_listen_port: 12400]
[time_out: 120]
[machine_list_filename: ]
[machines: ]
[gpu_platform_id: -1]
[gpu_device_id: -1]
[gpu_device_id_list: ]
[gpu_use_dp: 0]
[num_gpu: 1]

end of parameters

pandas_categorical:[]
