tree
version=v4
num_class=1
num_tree_per_iteration=1
label_index=0
max_feature_idx=16
objective=quantile
feature_names=ret_1d ret_5d ret_20d overnight_gap atr_pct parkinson_20 dvol_z_20 dist_ma20 dist_ma50 dist_ma200 spy_ret_1d spy_ret_5d spy_ret_20d vix_level vix_chg_1d sector_ret_1d sector_ret_5d
feature_infos=[-0.1717780019944084:0.28472649940374684] [-0.23410175508600872:0.31049649278041591] [-0.33364843848046399:0.49697130167160197] [-0.20620889152436739:0.24437453257372499] [0.021456956213873848:0.089843463181087477] [0.014082400255243759:0.041415104902657617] [-2.0240576826199987:4.3130869051910645] [-0.20132926013239127:0.23564741674847123] [-0.26550373546453321:0.32720691418765924] [-0.30775115742815684:0.54777492190711108] [-0.058542971330535654:0.10501930183911301] [-0.11496151859245618:0.082843162776128354] [-0.1226559005192206:0.15756591020035837] [11.859999656677246:52.330001831054688] [-0.35753873962348437:0.74039073966007019] [-0.068247998544687438:0.13425697132599002] [-0.13587196028298487:0.11773217696052685]
tree_sizes=841 857 851 866 861 856 862 858 847 855 858 848 867 861 852 859 852 852 862 867

Tree=0
num_leaves=8
num_cat=0
split_feature=6 9 16 16 16 8 6
split_gain=2.91852 2.398 1.55208 3.82174 1.60964 1.3424 1.4407
threshold=-0.86414140025823805 0.3082969442517271 0.037463820671091559 0.021107221132141588 0.047986839837214641 1.0000000180025095e-35 -1.1879618344870508
decision_type=2 10 2 2 2 10 2
left_child=5 2 3 -2 -4 6 -1
right_child=1 -3 4 -5 -6 -7 -8
leaf_value=0.00038708192296326159 0.00068787649506703015 0.00010706975590437647 0.00090480917133390899 0.00029028386343270539 0.00054965313320280988 0.0005202122600167058 -0.00025188169674947867
leaf_weight=27 413 32 46 90 48 50 32
leaf_count=27 413 32 46 90 48 50 32
internal_value=6.71224e-05 0.00137604 0.00209079 0.000988693 0.00798819 -0.00748615 -0.0125942
internal_weight=738 629 597 503 94 109 59
internal_count=738 629 597 503 94 109 59
is_linear=0
shrinkage=1


Tree=1
num_leaves=8
num_cat=0
split_feature=9 5 16 13 4 10 16
split_gain=2.63516 1.4304 1.50649 1.88347 2.18076 1.74422 2.3793
threshold=0.3082969442517271 0.015642862016193689 0.0039606467991071268 13.554999828338625 0.028203273759664828 -0.00025978449841479451 0.037973301068390149
decision_type=10 2 2 2 2 2 2
left_child=1 -1 -3 -4 -5 -6 -7
right_child=-2 2 3 4 5 6 -8
leaf_value=0.00047800446805922552 -0.00041259199031628673 0.00015567567839752883 0.00021539915236644448 -0.00032181350252358243 0.00016427268656116212 -0.00023571819005155706 0.00019691182264068631
leaf_weight=32 32 321 60 30 72 124 54
leaf_count=32 32 321 60 30 72 124 54
internal_value=-3.44828e-05 0.000613276 0.000113464 -0.00220588 -0.00392857 -0.0024 -0.00505618
internal_weight=725 693 661 340 280 250 178
internal_count=725 693 661 340 280 250 178
is_linear=0
shrinkage=0.05


Tree=2
num_leaves=8
num_cat=0
split_feature=6 5 9 12 3 8 3
split_gain=2.1 1.98352 2.26246 1.43009 1.58855 1.50169 1.57184
threshold=-1.1290214062609378 0.01592212716679816 0.3082969442517271 -0.049048436065559579 0.010933890793906722 -0.12778501652016935 -0.012186273957350611
decision_type=2 2 10 2 2 8 2
left_child=-1 -2 3 -3 5 -5 -7
right_child=1 2 -4 4 -6 6 -8
leaf_value=-0.00029347693119962065 0.00034578168581174401 0.00060110896595870142 -0.0007158736697747372 -0.00074229963353718634 -0.00021523781319501722 -8.9760732924332846e-05 0.00017929138851468455
leaf_weight=49 49 35 27 29 104 75 367
leaf_count=49 49 35 27 29 104 75 367
internal_value=0.000306122 0.00102041 0.000274725 0.000901639 0.000304348 0.00153928 0.00226244
internal_weight=735 686 637 610 575 471 442
internal_count=735 686 637 610 575 471 442
is_linear=0
shrinkage=0.05


Tree=3
num_leaves=8
num_cat=0
split_feature=13 10 9 8 12 11 16
split_gain=2.58919 3.07276 2.52219 2.26395 2.50569 2.4285 2.75806
threshold=13.894999980926515 -0.0055512615129113532 0.24767329013338105 0.035411198541613793 -0.023938025174318197 0.02466677756805891 0.019877323023969721
decision_type=2 2 10 10 2 2 2
left_child=-1 -2 3 4 -3 6 -6
right_child=1 2 -4 -5 5 -7 -8
leaf_value=0.0002322287946848519 0.00022472907508986283 0.00022147716549661712 -0.00085274604670266857 0.00017032681908895031 -0.00028889396316217244 0.00019531365961565828 -0.00053129951042101312
leaf_weight=139 122 71 27 145 147 39 43
leaf_count=139 122 71 27 145 147 39 43
internal_value=0.000511596 -0.000925926 -0.00275424 -0.00185393 -0.00433333 -0.00687773 -0.00921053
internal_weight=733 594 472 445 300 229 190
internal_count=733 594 472 445 300 229 190
is_linear=0
shrinkage=0.05


Tree=4
num_leaves=8
num_cat=0
split_feature=15 3 13 6 9 3 16
split_gain=1.68251 2.27201 1.66211 2.06745 2.27547 1.82247 2.09402
threshold=-0.0002822022496172249 0.0031270152283814361 13.894999980926515 -0.76019690555064778 -0.079947098384979307 0.0070756462751347957 0.017814231725210242
decision_type=2 2 2 2 8 2 2
left_child=1 -1 -2 -4 -5 6 -6
right_child=2 -3 3 4 5 -7 -8
leaf_value=7.0059795682361715e-05 0.00010245978686928538 0.00040679340385058711 -0.00033154805073456377 0.00028973881737958204 0.00026666332846518115 -0.00045653210203491432 -0.00028257544170366602
leaf_weight=221 106 66 55 50 84 82 67
leaf_count=221 106 66 55 50 84 82 67
internal_value=0.000239398 0.003223 -0.00168919 -0.00340237 -0.00167845 -0.00375536 -0.000496689
internal_weight=731 287 444 338 283 233 151
internal_count=731 287 444 338 283 233 151
is_linear=0
shrinkage=0.05


Tree=5
num_leaves=8
num_cat=0
split_feature=6 9 14 8 14 4 4
split_gain=2.66252 1.51751 1.91526 1.89174 1.78974 2.49629 2.26032
threshold=-1.0268696168063098 -0.06353298876416251 0.090336443973437111 -0.079274877985159461 -0.024970108459849868 0.037957975221372738 0.051491385898229901
decision_type=2 10 2 10 2 2 2
left_child=-1 2 4 -3 5 -2 -7
right_child=1 3 -4 -5 -6 6 -8
leaf_value=-0.00022602754298521314 0.00060338275078982871 -0.0005228266857538903 0.00075736165853663735 -7.9859055111523366e-06 -7.0820062562559886e-05 -0.00052028579708937237 0.00065508315390196386
leaf_weight=71 28 30 37 366 128 30 37
leaf_count=71 28 30 37 366 128 30 37
internal_value=-0.000309491 0.000685976 0.00365385 -0.00126263 0.00190583 0.00710526 0.00186567
internal_weight=727 656 260 396 223 95 67
internal_count=727 656 260 396 223 95 67
is_linear=0
shrinkage=0.05


Tree=6
num_leaves=8
num_cat=0
split_feature=11 16 15 3 8 16 9
split_gain=1.88477 2.10712 2.64316 1.98213 2.32881 1.81481 2.3142
threshold=-0.0013567736689930052 0.037973301068390149 -0.004129318822591598 -0.011907417536539009 -0.16035946224777994 0.050057815319462858 -0.064398081703101281
decision_type=2 2 2 2 10 2 10
left_child=3 2 -2 -1 -5 -3 -7
right_child=1 5 -4 4 -6 6 -8
leaf_value=-0.00017394660502994993 0.00019717238501803264 0.00040105515421124662 -0.00015028957720993096 -0.00073360668929438484 0.00045774504006445492 0.00026363253566180964 -0.0003494608973327012
leaf_weight=62 79 54 281 30 172 29 25
leaf_count=62 79 54 281 30 172 29 25
internal_value=0.000409836 -0.00149573 -0.00333333 0.00378788 0.00618812 0.00462963 -0.00185185
internal_weight=732 468 360 264 202 108 54
internal_count=732 468 360 264 202 108 54
is_linear=0
shrinkage=0.05


Tree=7
num_leaves=8
num_cat=0
split_feature=11 6 11 7 2 0 1
split_gain=1.87842 2.81493 1.93339 1.78894 1.84048 1.43993 1.71518
threshold=0.0010676984150611581 -0.1814379133472305 0.0029179381895917404 -0.03463571427310768 -0.11486950780822479 -0.017519547545494226 -0.017926841589298744
decision_type=2 2 2 2 2 2 2
left_child=1 -1 -2 4 -4 -5 -7
right_child=2 -3 3 5 -6 6 -8
leaf_value=-0.00016270496603207538 -0.00049262840776210777 0.00035370362516092251 2.9008303247710414e-05 -0.00078129228743910827 -0.00047429970964153436 0.00057187997575734067 2.4090692115324218e-05
leaf_weight=147 34 149 37 27 43 27 265
leaf_count=147 34 149 37 27 43 27 265
internal_value=0.000308642 0.00337838 -0.00178984 -0.000814536 -0.0075 0.000862069 0.00188356
internal_weight=729 296 433 399 80 319 292
internal_count=729 296 433 399 80 319 292
is_linear=0
shrinkage=0.05


Tree=8
num_leaves=8
num_cat=0
split_feature=6 15 4 3 4 4 0
split_gain=1.40979 1.5801 1.9259 2.36849 2.21115 2.19453 1.7443
threshold=-1.0268696168063098 -0.004129318822591598 0.048580956006992866 0.0035308781669587401 0.057144700675858924 0.04166448190645277 -0.012812767822480918
decision_type=2 2 2 2 2 2 2
left_child=-1 2 3 5 -4 -2 -3
right_child=1 6 4 -5 -6 -7 -8
leaf_value=-0.00019785530077423669 0.0001344076108093458 -0.00033156681008396973 0.00070125454375221828 0.00046925176146244904 0.00014740006035586265 -0.00057573815355433625 1.9394333285241894e-05
leaf_weight=70 94 77 34 26 25 32 398
leaf_count=70 94 77 34 26 25 32 398
internal_value=0.000330688 0.00102041 0.00462085 0.00164474 0.0122881 -0.00119048 -0.000578947
internal_weight=756 686 211 152 59 126 475
internal_count=756 686 211 152 59 126 475
is_linear=0
shrinkage=0.05


Tree=9
num_leaves=8
num_cat=0
split_feature=8 9 13 4 9 14 3
split_gain=1.751 2.16882 1.8558 1.7664 1.66098 1.55898 2.28616
threshold=-0.12778501652016935 -0.061873671559320047 14.184999942779543 0.060592740758534928 0.2215522427238478 0.083142255535003332 -0.007749923248550338
decision_type=10 10 2 2 10 2 2
left_child=3 5 -3 -1 -4 6 -2
right_child=1 2 4 -5 -6 -7 -8
leaf_value=-0.00062691919454974749 -0.00012578281005275481 0.00012753971483139153 -9.2929690379293532e-05 0.00079179092603733211 -0.00064132202774302765 0.00074556498412026823 0.00021398230180011857
leaf_weight=66 43 123 269 25 40 25 140
leaf_count=66 43 123 269 25 40 25 140
internal_value=0.000170999 0.00109375 -0.000925926 -0.00631868 -0.00299353 0.00528846 0.00368852
internal_weight=731 640 432 91 309 208 183
internal_count=731 640 432 91 309 208 183
is_linear=0
shrinkage=0.05


Tree=10
num_leaves=8
num_cat=0
split_feature=5 4 2 7 5 9 4
split_gain=1.59315 1.80748 1.87006 2.36837 1.9323 1.67404 1.5616
threshold=0.017519635229556574 0.048580956006992866 0.077872930576452074 0.034970994749597313 0.027320044439908365 0.14360124691295675 0.028203273759664828
decision_type=2 2 2 2 2 10 2
left_child=6 2 4 -4 5 -2 -1
right_child=1 -3 3 -5 -6 -7 -8
leaf_value=4.8978818318968839e-05 -3.2622855076277654e-05 0.00015749614897110764 0.00040988450584598902 -3.3761473908699702e-05 -0.00060247357720475802 -0.00044529253288543865 0.00051996708892728533
leaf_weight=88 223 153 43 123 33 51 31
leaf_count=88 223 153 43 123 33 51 31
internal_value=0.000369128 -0.000638978 -0.00216702 0.00210843 -0.00447883 -0.00310219 0.00567227
internal_weight=745 626 473 166 307 274 119
internal_count=745 626 473 166 307 274 119
is_linear=0
shrinkage=0.05


Tree=11
num_leaves=8
num_cat=0
split_feature=16 16 16 9 6 15 4
split_gain=1.41968 2.86636 2.18824 1.98466 1.41696 2.27892 1.54205
threshold=0.037973301068390149 0.030645891293829334 0.04669855087474007 -0.052533986513038637 -1.0268696168063098 0.0032469475414346198 0.048580956006992866
decision_type=2 2 2 10 2 2 2
left_child=1 4 -2 -4 -1 6 -6
right_child=2 -3 3 -5 5 -7 -8
leaf_value=-0.0001986836966297984 0.00044867539885190804 -0.0003189502369172235 0.00056552451417567478 -0.00033890794672385014 7.4071757421306057e-05 -0.00015226980569908616 0.00041412162650651831
leaf_weight=56 40 42 35 27 266 202 66
leaf_count=56 40 42 35 27 266 202 66
internal_value=0.000408719 -0.000474684 0.00588235 0 0.000423729 0.00121723 0.00376506
internal_weight=734 632 102 62 590 534 332
internal_count=734 632 102 62 590 534 332
is_linear=0
shrinkage=0.05


Tree=12
num_leaves=8
num_cat=0
split_feature=15 10 11 16 9 8 2
split_gain=1.41679 2.99233 1.64132 1.56272 2.28259 2.57347 2.12056
threshold=-0.025947713901271593 -0.0055512615129113532 0.024185912746781283 0.024882776850682967 0.27237253722463189 0.084033175932236373 0.019466891090663355
decision_type=2 2 2 2 10 10 2
left_child=-1 -2 3 4 5 -3 -5
right_child=1 2 -4 6 -6 -7 -8
leaf_value=-0.00082023403992865682 0.00035250558665458047 -8.4185697155355547e-05 0.00016631064169200885 -0.00030278891523133447 -0.00049273588948583634 0.00041074073550801814 -3.8679195247093897e-05
leaf_weight=25 103 272 85 39 35 98 63
leaf_count=25 103 272 85 39 35 98 63
internal_value=0.000694444 0.00111511 -0.000253378 -0.00133136 6.17284e-05 0.00121622 -0.00686275
internal_weight=720 695 592 507 405 370 102
internal_count=720 695 592 507 405 370 102
is_linear=0
shrinkage=0.05


Tree=13
num_leaves=8
num_cat=0
split_feature=12 0 15 6 6 6 14
split_gain=1.67421 1.39075 2.01195 2.25887 2.2766 1.81381 1.50684
threshold=-0.049048436065559579 -0.02561290262997978 -0.0002822022496172249 -0.10778309568722502 -0.35702062268593637 -0.9676175222252732 0.021941009830483863
decision_type=2 2 2 2 2 2 2
left_child=-1 -2 3 4 5 -3 -4
right_child=1 2 6 -5 -6 -7 -8
leaf_value=0.00068201585743562999 -0.00013037231601920152 -0.00019776759165651814 -8.4693564042061759e-06 0.00033338808637516987 -0.00045750499170459509 0.00041919172837721831 -0.00026977804582613589
leaf_weight=38 83 28 350 77 25 78 54
leaf_count=38 83 28 350 77 25 78 54
internal_value=0.000306958 -0.000251799 0.000571895 0.00456731 0.000572519 0.00377358 -0.00148515
internal_weight=733 695 612 208 131 106 404
internal_count=733 695 612 208 131 106 404
is_linear=0
shrinkage=0.05


Tree=14
num_leaves=8
num_cat=0
split_feature=0 6 13 4 4 8 16
split_gain=2.20491 2.18852 1.765 1.68943 2.4851 1.87861 1.59578
threshold=-0.039911912760750727 -0.12528697072966236 13.894999980926515 0.050815076604869058 0.03075106341367163 -0.030163443041603285 -0.0082952589045941477
decision_type=2 2 2 2 2 8 2
left_child=-1 2 -2 4 6 -6 -3
right_child=1 3 -4 -5 5 -7 -8
leaf_value=-0.00063195708401751196 7.0253694729204984e-05 0.00056573659555464364 -0.00011317550365849346 0.00049921194838826533 0.00036388504469715048 -0.0003026366524600175 0.00011770711822976393
leaf_weight=46 83 27 312 39 56 110 51
leaf_count=46 83 27 312 39 56 110 51
internal_value=-0.000276243 0.000442478 -0.00196203 0.00379859 0.0022541 -0.00120482 0.00961538
internal_weight=724 678 395 283 244 166 78
internal_count=724 678 395 283 244 166 78
is_linear=0
shrinkage=0.05


Tree=15
num_leaves=8
num_cat=0
split_feature=5 9 8 15 12 3 16
split_gain=1.43769 1.55334 1.50041 1.32856 1.45127 1.88265 1.79437
threshold=0.01592212716679816 0.14119199146869224 0.042050849291457422 -0.0055026973775331714 -0.022997185287748575 0.0024712779016478064 0.037615017397873991
decision_type=2 10 10 2 2 2 2
left_child=-1 2 3 -2 5 -5 -6
right_child=1 -3 -4 4 6 -7 -8
leaf_value=0.00015694613393691317 0.00017422407269702153 -0.00015180436928126205 0.00031680320249796961 -9.0884520488106166e-05 -0.00033282572444045763 0.0005963827413919074 0.00012965112515201245
leaf_weight=56 118 168 129 34 151 26 42
leaf_count=56 118 168 129 34 151 26 42
internal_value=-0.000552486 -0.0011976 0.0002 -0.00141509 -0.0034585 0.00333333 -0.00556995
internal_weight=724 668 500 371 253 60 193
internal_count=724 668 500 371 253 60 193
is_linear=0
shrinkage=0.05


Tree=16
num_leaves=8
num_cat=0
split_feature=13 6 14 8 13 8 7
split_gain=1.54109 2.09317 1.27493 1.48607 1.07013 0.940285 1.09954
threshold=13.894999980926515 -1.1454107352911418 -0.022573745611405568 0.17296617650174043 14.684999942779543 0.287210473679885 0.12286066473944181
decision_type=2 2 2 10 2 8 2
left_child=2 -2 -1 -4 -3 6 -6
right_child=1 4 3 -5 5 -7 -8
leaf_value=0.00035418133836445458 -0.00029869689527000818 -0.00044721276840724614 -5.5674612525887619e-05 0.00021650585632527667 4.8730124789286356e-06 -0.00062115286846850624 0.00043315971543946615
leaf_weight=50 34 51 75 26 446 30 25
leaf_count=50 34 51 75 26 446 30 25
internal_value=-3.39213e-05 -0.00119454 0.0044702 0.00123762 -0.000452899 0.000249501 0.000796178
internal_weight=737 586 151 101 552 501 471
internal_count=737 586 151 101 552 501 471
is_linear=0
shrinkage=0.05


Tree=17
num_leaves=8
num_cat=0
split_feature=6 9 3 7 3 15 4
split_gain=1.40578 1.86656 1.59633 1.44696 1.44 1.27059 1.15823
threshold=-0.55913408314445334 -0.16515659879976005 -0.012186273957350611 -0.0095567651717116103 0.0019872898012478495 -0.0021965180474238228 0.03780260632354164
decision_type=2 8 2 2 2 2 2
left_child=3 -2 -3 4 5 -1 -4
right_child=1 2 6 -5 -6 -7 -8
leaf_value=-0.00025869989710968698 0.00071120063141126707 -0.00013253961620570014 0.00012726538377712184 7.2984132722694032e-07 2.8479917507004654e-07 -0.00041802082505166236 -3.8238889549360613e-05
leaf_weight=34 30 68 216 130 36 30 191
leaf_count=34 30 68 216 130 36 30 191
internal_value=-0.000238095 0.00123762 0.000473684 -0.00347826 -0.008 -0.0125 0.00165848
internal_weight=735 505 475 230 100 64 407
internal_count=735 505 475 230 100 64 407
is_linear=0
shrinkage=0.05


Tree=18
num_leaves=8
num_cat=0
split_feature=6 10 15 10 14 4 3
split_gain=2.27458 2.12308 1.75769 2.17785 2.09091 1.34115 1.72071
threshold=-1.0268696168063098 0.0021685217340158274 -0.025947713901271593 -0.0055512615129113532 0.035381364185180238 0.037730714203330025 0.011523225788593773
decision_type=2 2 2 2 2 2 2
left_child=1 -1 -2 -4 5 6 -5
right_child=2 -3 3 4 -6 -7 -8
leaf_value=-0.00034396042579462729 -0.00073236378110888307 5.9476712052837419e-06 0.00030298039360016483 0.00031222694916713343 -0.00023967753133191606 -3.7368588175451871e-05 -8.5754093980270187e-05
leaf_weight=39 26 30 100 186 60 244 48
leaf_count=39 26 30 100 186 60 244 48
internal_value=0.000306958 -0.00833333 0.00120482 0.00172414 0.000464684 0.00156904 0.0042735
internal_weight=733 69 664 638 538 478 234
internal_count=733 69 664 638 538 478 234
is_linear=0
shrinkage=0.05


Tree=19
num_leaves=8
num_cat=0
split_feature=10 15 13 9 8 14 12
split_gain=1.41456 2.03012 1.81022 2.48509 1.23533 1.34296 1.45394
threshold=-0.0055512615129113532 -0.024469919857228236 13.84500026702881 0.24767329013338105 0.14970495765815675 0.035381364185180238 -0.042339723299349867
decision_type=2 2 2 10 10 2 2
left_child=1 -1 -2 4 5 6 -4
right_child=2 -3 3 -5 -6 -7 -8
leaf_value=-0.00038100560383704397 7.4418753344256475e-05 0.00034027633762163207 0.00024605951657761778 -0.00097749030078431685 0.00013654808350121937 -0.00027425421979159875 -4.9413311498156414e-05
leaf_weight=26 133 108 29 26 50 50 316
leaf_count=26 133 108 29 26 50 50 316
internal_value=0.000203252 0.00485075 -0.000827815 -0.00228238 -0.00140449 -0.00234177 -0.00123188
internal_weight=738 134 604 471 445 395 345
internal_count=738 134 604 471 445 395 345
is_linear=0
shrinkage=0.05


end of trees

feature_importances:
dvol_z_20=15
dist_ma200=15
sector_ret_5d=15
atr_pct=14
dist_ma50=12
overnight_gap=11
sector_ret_1d=10
vix_level=8
vix_chg_1d=7
spy_ret_1d=6
parkinson_20=5
spy_ret_5d=5
spy_ret_20d=5
ret_1d=4
dist_ma20=4
ret_20d=3
ret_5d=1

parameters:
[boosting: gbdt]
[objective: quantile]
[metric: quantile]
[tree_learner: serial]
[device_type: cpu]
[data_sample_strategy: bagging]
[data: ]
[valid: ]
[num_iterations: 80]
[learning_rate: 0.05]
[num_leaves: 8]
[num_threads: 1]
[seed: 0]
[deterministic: 0]
[force_col_wise: 1]
[force_row_wise: 0]
[histogram_pool_size: -1]
[max_depth: -1]
[min_data_in_leaf: 25]
[min_sum_hessian_in_leaf: 0.001]
[bagging_fraction: 0.9]
[pos_bagging_fraction: 1]
[neg_bagging_fraction: 1]
[bagging_freq: 1]
[bagging_seed: 3]
[bagging_by_query: 0]
[feature_fraction: 0.9]
[feature_fraction_bynode: 1]
[feature_fraction_seed: 2]
[extra_trees: 0]
[extra_seed: 6]
[early_stopping_round: 0]
[early_stopping_min_delta: 0]
[first_metric_only: 0]
[max_delta_step: 0]
[lambda_l1: 0]
[lambda_l2: 0]
[linear_lambda: 0]
[min_gain_to_split: 0]
[drop_rate: 0.1]
[max_drop: 50]
[skip_drop: 0.5]
[xgboost_dart_mode: 0]
[uniform_drop: 0]
[drop_seed: 4]
[top_rate: 0.2]
[other_rate: 0.1]
[min_data_per_group: 100]
[max_cat_threshold: 32]
[cat_l2: 10]
[cat_smooth: 10]
[max_cat_to_onehot: 4]
[top_k: 20]
[monotone_constraints: ]
[monotone_constraints_method: basic]
[monotone_penalty: 0]
[feature_contri: ]
[forcedsplits_filename: ]
[refit_decay_rate: 0.9]
[cegb_tradeoff: 1]
[cegb_penalty_split: 0]
[cegb_penalty_feature_lazy: ]
[cegb_penalty_feature_coupled: ]
[path_smooth: 0]
[interaction_constraints: ]
[verbosity: -1]
[saved_feature_importance_type: 0]
[use_quantized_grad: 0]
[num_grad_quant_bins: 4]
[quant_train_renew_leaf: 0]
[stochastic_rounding: 1]
[linear_tree: 0]
[max_bin: 255]
[max_bin_by_feature: ]
[min_data_in_bin: 3]
[bin_construct_sample_cnt: 200000]
[data_random_seed: 1]
[is_enable_sparse: 1]
[enable_bundle: 1]
[use_missing: 1]
[zero_as_missing: 0]
[feature_pre_filter: 1]
[pre_partition: 0]
[two_round: 0]
[header: 0]
[label_column: ]
[weight_column: ]
[group_column: ]
[ignore_column: ]
[categorical_feature: ]
[forcedbins_filename: ]
[precise_float_parser: 0]
[parser_config_file: ]
[objective_seed: 5]
[num_class: 1]
[is_unbalance: 0]
[scale_pos_weight: 1]
[sigmoid: 1]
[boost_from_average: 1]
[reg_sqrt: 0]
[alpha: 0.5]
[fair_c: 1]
[poisson_max_delta_step: 0.7]
[tweedie_variance_power: 1.5]
[lambdarank_truncation_level: 30]
[lambdarank_norm: 1]
[label_gain: ]
[lambdarank_position_bias_regularization: 0]
[eval_at: ]
[multi_error_top_k: 1]
[auc_mu_weights: ]
[num_machines: 1]
[local_listen_port: 12400]
[time_out: 120]
[machine_list_filename: ]
[machines: ]
[gpu_platform_id: -1]
[gpu_device_id: -1]
[gpu_device_id_list: ]
[gpu_use_dp: 0]
[num_gpu: 1]

end of parameters

pandas_categorical:[]
