tree
version=v4
num_class=1
num_tree_per_iteration=1
label_index=0
max_feature_idx=16
objective=quantile
feature_names=ret_1d ret_5d ret_20d overnight_gap atr_pct parkinson_20 dvol_z_20 dist_ma20 dist_ma50 dist_ma200 spy_ret_1d spy_ret_5d spy_ret_20d vix_level vix_chg_1d sector_ret_1d sector_ret_5d
feature_infos=[-0.084106728538283049:0.078388131515637394] [-0.17020218760357975:0.13091337963569649] [-0.24002574002573995:0.15344620717237678] [-0.055581891443470033:0.08600641539695264] [0.011998699327986119:0.057094574204840341] [0.0077723470329439702:0.024948188414689727] [-2.1730209792297859:4.0614450994557467] [-0.17516553443976268:0.10921885543523668] [-0.21453084679028434:0.11590685258835487] [-0.10837979126487518:0.22018935208007728] [-0.058542947643003718:0.10501933612632941] [-0.11496158439845272:0.082843216242346029] [-0.12265592443394913:0.15756596870864792] [11.859999656677246:52.330001831054688] [-0.35753873962348437:0.74039073966007019] [-0.073180960369049974:0.075364298724954315] [-0.12187673514714059:0.078003457216940353]
tree_sizes=845 860 863 862 858 858 865 859 861 867 861 854 851 864

Tree=0
num_leaves=8
num_cat=0
split_feature=8 4 3 16 3 14 5
split_gain=2.45338 2.01971 2.86698 2.69856 2.05187 1.91781 1.80214
threshold=0.083785622294768838 0.017767207638401578 0.0017553530244516227 0.034437881415261613 0.0064709672378997505 -0.0067330833557224237 0.01019707329239212
decision_type=10 2 2 2 2 2 2
left_child=1 2 5 4 -3 -1 -4
right_child=-2 3 6 -5 -6 -7 -8
leaf_value=0.00090339182643219831 0.00084584800642915068 0.0011287302651908249 0.00098791293930844404 0.00084854905144311483 0.0013044025108683854 0.0012066309282090515 0.00069494040799327199
leaf_weight=60 25 404 40 35 65 86 35
leaf_count=60 25 404 40 35 65 86 35
internal_value=0.00146539 0.00199642 -0.00198891 0.00374396 0.00474343 0.00209279 -0.00993461
internal_weight=750 725 221 504 469 146 75
internal_count=750 725 221 504 469 146 75
is_linear=0
shrinkage=1


Tree=1
num_leaves=8
num_cat=0
split_feature=8 0 0 11 12 13 14
split_gain=2.71583 2.43167 1.88991 1.95319 1.66595 3.75877 2.40692
threshold=0.08180567577009458 0.0020629573330477329 -0.00086683297773210144 -0.022310337551763478 0.0072856362379064574 19.329999923706058 0.003286853869637119
decision_type=10 2 2 2 2 2 2
left_child=1 2 3 -1 5 -3 -6
right_child=-2 4 -4 -5 6 -7 -8
leaf_value=0.00051563518529292192 -0.00021929435344645752 0.00012427648092852906 0.00021939408417892992 9.3716566334478535e-06 -0.00014688715717056766 -0.000195530267956201 0.00012487729109125211
leaf_weight=34 29 67 74 278 136 41 75
leaf_count=34 29 67 74 278 136 41 75
internal_value=0.000340599 0.000957447 0.00362694 0.00192308 -0.00227273 0.00277778 -0.00485782
internal_weight=734 705 386 312 319 108 211
internal_count=734 705 386 312 319 108 211
is_linear=0
shrinkage=0.05


Tree=2
num_leaves=8
num_cat=0
split_feature=8 0 0 6 11 11 16
split_gain=2.75042 1.91251 1.96628 2.02809 1.80626 2.40571 1.74738
threshold=0.08180567577009458 0.0020111279356697103 -0.00034787784666606697 -0.45493688744928945 -0.022310337551763478 0.010411796556971999 0.018258639910813893
decision_type=10 2 2 2 2 2 2
left_child=1 2 4 -4 -1 -6 -3
right_child=-2 6 3 -5 5 -7 -8
leaf_value=0.00030775137906312013 -0.00020296405359113124 -3.2841710199136324e-06 3.6702264432278749e-05 0.0004355906953323939 -0.00011584640388900879 0.00011040283938928042 -0.00019622068291937468
leaf_weight=40 30 244 34 27 184 105 85
leaf_count=40 30 244 34 27 184 105 85
internal_value=-0.000166889 0.000452017 0.00282051 0.0110656 0.00129179 -8.65052e-05 -0.00235562
internal_weight=749 719 390 61 329 289 329
internal_count=749 719 390 61 329 289 329
is_linear=0
shrinkage=0.05


Tree=3
num_leaves=8
num_cat=0
split_feature=8 6 10 16 4 4 3
split_gain=2.69774 2.89732 4.37789 1.69865 1.77003 2.21191 1.97077
threshold=-0.028302115948080683 -0.035856622808092362 0.0002101400880069049 0.034437881415261613 0.017628466739438142 0.016347481513363512 -0.0052785959343480951
decision_type=8 2 2 2 2 2 2
left_child=1 -1 -3 4 5 -2 -6
right_child=3 2 -4 -5 6 -7 -8
leaf_value=0.0002401984079402155 -1.1216937241260896e-05 0.00038724339080872599 -0.00033212956963907345 -0.00029320498776926344 -0.00019571979085085333 -0.00026003028416671443 5.4097983392784956e-05
leaf_weight=67 127 27 25 40 63 68 326
leaf_count=67 127 27 25 40 63 68 326
internal_value=3.36474e-05 0.00693277 -0.00192308 -0.00128205 -0.000599315 -0.00448718 0.00134961
internal_weight=743 119 52 624 584 195 389
internal_count=743 119 52 624 584 195 389
is_linear=0
shrinkage=0.05


Tree=4
num_leaves=8
num_cat=0
split_feature=4 3 8 2 0 15 8
split_gain=2.62516 2.15614 2.11605 1.91365 1.69194 2.13667 2.03876
threshold=0.017628466739438142 0.0017553530244516227 0.06261853218289605 0.045850723944532275 0.0055179655170991557 0.0026840539138157653 0.039910909716364358
decision_type=2 2 8 2 2 2 10
left_child=1 -1 4 -3 6 -6 -2
right_child=2 3 -4 -5 5 -7 -8
leaf_value=-3.0174640197619739e-05 8.2159230485667658e-05 -7.7972811448998996e-05 -0.00017130887273904592 -0.00043409990731297515 -0.00027340975566565251 3.1014052222435575e-05 0.00034978069770347253
leaf_weight=139 265 49 81 32 46 101 33
leaf_count=139 265 49 81 32 46 101 33
internal_value=0.000268097 -0.00431818 0.00218631 -0.0108025 0.00353933 -0.00085034 0.0057047
internal_weight=746 220 526 81 445 147 298
internal_count=746 220 526 81 445 147 298
is_linear=0
shrinkage=0.05


Tree=5
num_leaves=8
num_cat=0
split_feature=8 10 6 16 6 3 5
split_gain=2.28186 2.03914 2.53762 1.44963 1.64101 1.92073 1.7701
threshold=-0.028867961075754397 0.00097855070405028521 -0.051718818542577392 0.034437881415261613 2.3307943579596286 -0.0054030743292937658 0.010996898373381326
decision_type=8 2 2 2 2 2 2
left_child=1 -1 -3 4 5 -2 -7
right_child=3 2 -4 -5 -6 6 -8
leaf_value=0.00030633584151200149 -0.00026743764550856032 6.412903805868745e-05 -0.00019875790795197739 -0.00028137407044850281 0.00032805491605809997 -7.500570051548357e-05 1.7819863667513348e-05
leaf_weight=62 68 35 25 42 28 144 333
leaf_count=62 68 35 25 42 28 144 333
internal_value=-0.00050882 0.0057377 -0.000833333 -0.00174797 -0.00109075 -0.00169725 -0.00057652
internal_weight=737 122 60 615 573 545 477
internal_count=737 122 60 615 573 545 477
is_linear=0
shrinkage=0.05


Tree=6
num_leaves=8
num_cat=0
split_feature=0 13 8 6 8 2 16
split_gain=1.81619 1.84739 2.01923 1.55667 1.55547 3.0928 1.89008
threshold=0.0028414595835631888 13.934999942779543 -0.00058816726408800191 -0.74690914037539469 0.013332463912288485 -0.0079967415303993077 0.018912979918239928
decision_type=2 2 8 2 10 2 2
left_child=1 -1 -3 -4 5 -2 -6
right_child=4 2 3 -5 6 -7 -8
leaf_value=0.00018224498235913807 -5.3371561918267343e-05 0.00011982997134582954 -0.00023108319176865432 -2.5373698867798243e-05 -6.3589603037668619e-05 0.00019367235069210284 -0.00024271758361250163
leaf_weight=82 94 176 41 128 125 53 47
leaf_count=82 94 176 41 128 125 53 47
internal_value=0.000268097 0.00240047 0.000797101 -0.00310651 -0.00258621 0.00119048 -0.00581395
internal_weight=746 427 345 169 319 147 172
internal_count=746 427 345 169 319 147 172
is_linear=0
shrinkage=0.05


Tree=7
num_leaves=8
num_cat=0
split_feature=0 11 15 8 9 15 2
split_gain=1.86445 1.65806 1.84167 1.47266 1.71837 1.78592 1.76627
threshold=0.0020111279356697103 -0.022310337551763478 -0.0048107365349669409 0.013332463912288485 0.0087516162626122291 0.0080027719538189341 -0.0070216766777352327
decision_type=2 2 2 8 8 2 2
left_child=1 -1 -3 4 5 -2 -6
right_child=3 2 -4 -5 6 -7 -8
leaf_value=0.00033425601797565417 -0.00014417267471753044 -0.00012191412604235387 7.0461251371817027e-05 -0.00013151429548634302 1.2394720713595023e-06 0.00014822263457132378 0.00038679052709255561
leaf_weight=45 51 127 228 195 45 25 29
leaf_count=45 51 127 228 195 45 25 29
internal_value=0.000302013 0.002625 0.00147887 -0.0023913 0.00133333 -0.00394737 0.00675676
internal_weight=745 400 355 345 150 76 74
internal_count=745 400 355 345 150 76 74
is_linear=0
shrinkage=0.05


Tree=8
num_leaves=8
num_cat=0
split_feature=11 8 7 7 6 10 8
split_gain=2.14018 1.39445 2.15505 1.81574 1.80763 1.86864 1.6736
threshold=-0.022024013564940267 -0.027866441091203727 -0.012323685863864229 -0.0086183172401291235 -0.12033806982246598 0.0014013952122059472 0.08180567577009458
decision_type=2 8 2 2 2 2 8
left_child=-1 4 -3 -4 -2 -6 -5
right_child=1 2 3 6 5 -7 -8
leaf_value=0.00029735487162592427 0.00015009664924957281 -0.00015344201413157053 0.00017573863435858136 -6.2065909515638621e-06 0.00018632918433958155 -0.00031359102488552225 -0.00016376912348969164
leaf_weight=69 58 93 27 431 26 31 29
leaf_count=69 58 93 27 431 26 31 29
internal_value=-6.5445e-05 -0.000899281 -0.00189655 -0.000564682 0.00413043 -0.00219298 -0.00130435
internal_weight=764 695 580 487 115 57 460
internal_count=764 695 580 487 115 57 460
is_linear=0
shrinkage=0.05


Tree=9
num_leaves=8
num_cat=0
split_feature=8 11 15 0 6 3 3
split_gain=1.54163 1.27599 1.6874 2.1111 1.88488 1.73068 2.33802
threshold=0.08180567577009458 -0.022024013564940267 -0.0048107365349669409 0.00035096581020965806 -0.48922751866638947 -0.0018598508455566762 0.003053256810507055
decision_type=10 2 2 2 2 2 2
left_child=1 -1 -3 4 -4 -5 -7
right_child=-2 2 3 5 -6 6 -8
leaf_value=0.00030267547349557529 -9.090389722180726e-05 -0.00011678178898038544 0.00012679934921277795 -0.00013878440001036373 1.8468882945034242e-05 8.4624486500068632e-05 -6.0481877229277905e-05
leaf_weight=57 32 150 74 74 109 121 127
leaf_count=57 32 150 74 74 109 121 127
internal_value=-0.000201613 0.000280899 -0.000343511 0.0010396 0.00532787 -0.00139752 0.000604839
internal_weight=744 712 655 505 183 322 248
internal_count=744 712 655 505 183 322 248
is_linear=0
shrinkage=0.05


Tree=10
num_leaves=8
num_cat=0
split_feature=8 8 10 5 5 4 11
split_gain=1.65315 1.51218 1.46309 1.50137 1.85984 1.76154 1.55039
threshold=0.08180567577009458 -0.065970884894259937 0.013109315021302749 0.010981792769713011 0.010434369906563398 0.017628466739438142 0.0013310073142193126
decision_type=10 8 2 2 2 2 2
left_child=1 -1 3 4 6 -6 -3
right_child=-2 2 -4 -5 5 -7 -8
leaf_value=0.00018582110296635619 -0.00012128848108604707 -8.3581338412531218e-05 -0.00025211253367772259 4.8248987998747366e-05 -0.00035297187945695587 -9.2863764780959314e-05 5.6338308490993101e-05
leaf_weight=32 30 43 34 457 28 39 86
leaf_count=32 30 43 34 457 28 39 86
internal_value=-0.000166889 0.000312935 -0.000181951 0.000344564 -0.00331633 -0.0100746 0.000193798
internal_weight=749 719 687 653 196 67 129
internal_count=749 719 687 653 196 67 129
is_linear=0
shrinkage=0.05


Tree=11
num_leaves=8
num_cat=0
split_feature=7 0 14 9 15 4 4
split_gain=1.69934 1.47702 1.32517 2.79596 1.67555 1.62034 1.71456
threshold=0.048293569010125943 0.0055179655170991557 0.003286853869637119 0.062020079272274715 0.0021051432659990881 0.018197774018852742 0.022277411957154537
decision_type=2 2 2 8 2 2 2
left_child=1 -1 4 -4 -3 -6 -7
right_child=-2 2 3 -5 5 6 -8
leaf_value=2.3502268687450333e-05 -6.5730659256301916e-05 -0.00032969142074724126 -0.00016332924276994305 0.00026736346855828018 -0.00019852649685497752 0.00017140964964302226 -8.985629522302913e-05
leaf_weight=473 43 32 32 36 40 56 35
leaf_count=473 43 32 32 36 40 56 35
internal_value=-0.00023427 0.000355114 -0.00292208 0.00294118 -0.0053681 -0.0028626 0.000824176
internal_weight=747 704 231 68 163 131 91
internal_count=747 704 231 68 163 131 91
is_linear=0
shrinkage=0.05


Tree=12
num_leaves=8
num_cat=0
split_feature=8 16 16 3 9 6 9
split_gain=1.89453 0.946605 2.83815 1.268 2.28792 1.47817 1.42604
threshold=0.08180567577009458 -0.018342276129327869 -0.006704906899365203 0.0063330617504768769 0.066975208349967189 1.262661189698606 -0.015350566080286397
decision_type=10 2 2 2 8 2 8
left_child=1 -1 -3 5 -5 6 -4
right_child=-2 2 3 4 -6 -7 -8
leaf_value=0.00017227968740108593 -8.2190532700859983e-05 -0.00012491708934123848 6.5647308537883126e-05 -6.2011442529280567e-05 0.00029296783087553248 0.00025302449486763105 -4.0975799493913272e-05
leaf_weight=109 31 102 64 25 32 44 327
leaf_count=109 31 102 64 25 32 44 327
internal_value=0 0.000533428 -0.000252525 0.00132114 0.00833333 0.000402299 -0.000575448
internal_weight=734 703 594 492 57 435 391
internal_count=734 703 594 492 57 435 391
is_linear=0
shrinkage=0.05


Tree=13
num_leaves=8
num_cat=0
split_feature=2 0 13 12 3 3 10
split_gain=1.55486 1.27265 1.49425 2.90069 2.00973 1.47453 1.50222
threshold=-0.070605938541778032 0.0027154829588802447 21.954999923706058 0.0011335469917099774 0.0022148577543500418 -0.0018598508455566762 0.00054085357346300722
decision_type=2 2 2 2 2 2 2
left_child=-1 -2 3 -3 5 -5 -7
right_child=1 2 -4 4 -6 6 -8
leaf_value=0.00024164488130654492 1.6796461166591686e-05 7.2635653260991496e-05 -0.00022988177079313237 -0.00011476615762635609 -0.0001739747432087005 -0.0001459734272849423 0.00019853846874555594
leaf_weight=53 388 60 25 51 93 30 45
leaf_count=53 388 60 25 51 93 30 45
internal_value=-0.000234899 -0.000867052 -0.00328947 -0.00224014 -0.00490868 -0.000793651 0.00366667
internal_weight=745 692 304 279 219 126 75
internal_count=745 692 304 279 219 126 75
is_linear=0
shrinkage=0.05


end of trees

feature_importances:
dist_ma50=16
ret_1d=10
overnight_gap=10
dvol_z_20=8
atr_pct=7
spy_ret_5d=7
sector_ret_5d=7
spy_ret_1d=5
sector_ret_1d=5
ret_20d=4
parkinson_20=4
dist_ma200=4
dist_ma20=3
vix_level=3
vix_chg_1d=3
spy_ret_20d=2

parameters:
[boosting: gbdt]
[objective: quantile]
[metric: quantile]
[tree_learner: serial]
[device_type: cpu]
[data_sample_strategy: bagging]
[data: ]
[valid: ]
[num_iterations: 80]
[learning_rate: 0.05]
[num_leaves: 8]
[num_threads: 1]
[seed: 0]
[deterministic: 0]
[force_col_wise: 1]
[force_row_wise: 0]
[histogram_pool_size: -1]
[max_depth: -1]
[min_data_in_leaf: 25]
[min_sum_hessian_in_leaf: 0.001]
[bagging_fraction: 0.9]
[pos_bagging_fraction: 1]
[neg_bagging_fraction: 1]
[bagging_freq: 1]
[bagging_seed: 3]
[bagging_by_query: 0]
[feature_fraction: 0.9]
[feature_fraction_bynode: 1]
[feature_fraction_seed: 2]
[extra_trees: 0]
[extra_seed: 6]
[early_stopping_round: 0]
[early_stopping_min_delta: 0]
[first_metric_only: 0]
[max_delta_step: 0]
[lambda_l1: 0]
[lambda_l2: 0]
[linear_lambda: 0]
[min_gain_to_split: 0]
[drop_rate: 0.1]
[max_drop: 50]
[skip_drop: 0.5]
[xgboost_dart_mode: 0]
[uniform_drop: 0]
[drop_seed: 4]
[top_rate: 0.2]
[other_rate: 0.1]
[min_data_per_group: 100]
[max_cat_threshold: 32]
[cat_l2: 10]
[cat_smooth: 10]
[max_cat_to_onehot: 4]
[top_k: 20]
[monotone_constraints: ]
[monotone_constraints_method: basic]
[monotone_penalty: 0]
[feature_contri: ]
[forcedsplits_filename: ]
[refit_decay_rate: 0.9]
[cegb_tradeoff: 1]
[cegb_penalty_split: 0]
[cegb_penalty_feature_lazy: ]
[cegb_penalty_feature_coupled: ]
[path_smooth: 0]
[interaction_constraints: ]
[verbosity: -1]
[saved_feature_importance_type: 0]
[use_quantized_grad: 0]
[num_grad_quant_bins: 4]
[quant_train_renew_leaf: 0]
[stochastic_rounding: 1]
[linear_tree: 0]
[max_bin: 255]
[max_bin_by_feature: ]
[min_data_in_bin: 3]
[bin_construct_sample_cnt: 200000]
[data_random_seed: 1]
[is_enable_sparse: 1]
[enable_bundle: 1]
[use_missing: 1]
[zero_as_missing: 0]
[feature_pre_filter: 1]
[pre_partition: 0]
[two_round: 0]
[header: 0]
[label_column: ]
[weight_column: ]
[group_column: ]
[ignore_column: ]
[categorical_feature: ]
[forcedbins_filename: ]
[precise_float_parser: 0]
[parser_config_file: ]
[objective_seed: 5]
[num_class: 1]
[is_unbalance: 0]
[scale_pos_weight: 1]
[sigmoid: 1]
[boost_from_average: 1]
[reg_sqrt: 0]
[alpha: 0.5]
[fair_c: 1]
[poisson_max_delta_step: 0.7]
[tweedie_variance_power: 1.5]
[lambdarank_truncation_level: 30]
[lambdarank_norm: 1]
[label_gain: ]
[lambdarank_position_bias_regularization: 0]
[eval_at: ]
[multi_error_top_k: 1]
[auc_mu_weights: ]
[num_machines: 1]
[local_listen_port: 12400]
[time_out: 120]
[machine_list_filename: ]
[machines: ]
[gpu_platform_id: -1]
[gpu_device_id: -1]
[gpu_device_id_list: ]
[gpu_use_dp: 0]
[num_gpu: 1]

end of parameters

pandas_categorical:[]
