tree
version=v4
num_class=1
num_tree_per_iteration=1
label_index=0
max_feature_idx=16
objective=quantile
feature_names=ret_1d ret_5d ret_20d overnight_gap atr_pct parkinson_20 dvol_z_20 dist_ma20 dist_ma50 dist_ma200 spy_ret_1d spy_ret_5d spy_ret_20d vix_level vix_chg_1d sector_ret_1d sector_ret_5d
feature_infos=[-0.055888608811834439:0.054371932420482549] [-0.095380507625188904:0.11390005630791489] [-0.19878008054133112:0.18342557409607174] [-0.053085708763881079:0.055049436407756502] [0.013172066729091906:0.046489582011253437] [0.0081046061544157565:0.024465397361517177] [-2.5930919407332715:4.0717752712872635] [-0.10461740730363711:0.10625345295874555] [-0.1545174487224279:0.14609611572974512] [-0.1537879997907825:0.20380491087626895] [-0.058542971330535654:0.10501930183911301] [-0.11496151859245618:0.082843162776128354] [-0.1226559005192206:0.15756591020035837] [11.859999656677246:52.330001831054688] [-0.35753873962348437:0.74039073966007019] [-0.060400368534546778:0.10888055657805773] [-0.11617886647053255:0.1006018727753657]
tree_sizes=852 854 858 844 850 855 860 865 839 866 866 864 849 852 856 853 861 847 858

Tree=0
num_leaves=8
num_cat=0
split_feature=4 7 9 8 2 5 15
split_gain=1.62436 1.48533 1.87577 1.53859 1.92026 1.61656 1.48378
threshold=0.029679979841609274 -0.050124836801822607 -0.093966215449342347 0.11756727737002338 0.046458893489068627 0.010482476131239963 -0.0065728295269786288
decision_type=2 2 8 8 2 2 2
left_child=1 6 -3 4 5 -4 -1
right_child=-2 2 3 -5 -6 -7 -8
leaf_value=-5.9558002976700674e-05 0.00052272229804657395 0.0004509359889198095 -2.8476415900513562e-05 8.3011906826868637e-05 0.00039103066083043812 0.00027631122102320658 0.000244151600782061
leaf_weight=25 30 29 57 44 192 323 38
leaf_count=25 30 29 57 44 192 323 38
internal_value=0.000557251 7.43835e-05 0.000790124 0.000205079 0.000898136 -0.00116112 -0.00725343
internal_weight=738 708 645 616 572 380 63
internal_count=738 708 645 616 572 380 63
is_linear=0
shrinkage=1


Tree=1
num_leaves=8
num_cat=0
split_feature=1 11 13 3 10 8 11
split_gain=2.75438 3.66898 1.88766 1.86096 2.1975 1.65209 1.61277
threshold=0.035059940976858946 0.02466677756805891 15.464999675750734 -0.0065733736085252783 -0.0078395794787745592 -0.0052813221844262284 -0.017775510039936489
decision_type=2 2 2 2 2 8 2
left_child=1 3 -2 4 -1 -6 -5
right_child=2 -3 -4 6 5 -7 -8
leaf_value=-0.00029600249632494524 -0.000289090791484341 0.00029276993989697076 -1.9551533041521908e-05 0.00022935832783332446 0.00039772616399204709 4.1762637847568848e-05 -8.3559147988125922e-05
leaf_weight=26 61 47 51 76 30 33 401
leaf_count=26 61 47 51 76 30 33 401
internal_value=-0.00037931 0.00093801 -0.00758929 -0.000176678 0.00646067 0.0115079 -0.00141509
internal_weight=725 613 112 566 89 63 477
internal_count=725 613 112 566 89 63 477
is_linear=0
shrinkage=0.05


Tree=2
num_leaves=8
num_cat=0
split_feature=0 0 14 13 11 5 13
split_gain=1.77797 2.52496 1.65762 1.54425 1.91034 1.74105 2.49914
threshold=-0.019262390403703585 -0.013789700975583017 0.036556757472233643 22.330000877380375 -0.0081164241286432719 0.011770968665290553 17.605000495910648
decision_type=2 2 2 2 2 2 2
left_child=2 -2 -1 4 -3 -6 -7
right_child=1 3 -4 -5 5 6 -8
leaf_value=0.00035138410146919345 -0.00032658782336420704 0.00024559369767393951 5.7022016936571168e-05 -0.00013106776372205786 -5.4501844669175626e-05 0.00012866439239678584 -0.00019647232082115808
leaf_weight=25 54 103 35 53 230 159 76
leaf_count=25 54 103 35 53 230 159 76
internal_value=0.000918367 0.000185185 0.00916667 0.00108696 0.00184859 0.000483871 0.00351064
internal_weight=735 675 60 621 568 465 235
internal_count=735 675 60 621 568 465 235
is_linear=0
shrinkage=0.05


Tree=3
num_leaves=8
num_cat=0
split_feature=0 0 4 3 4 0 11
split_gain=1.70281 2.48331 1.75926 1.53634 1.71176 2.76231 1.65537
threshold=-0.019262390403703585 -0.014332486431234524 0.023461142285579811 0.00460935142133967 0.020225318616785819 0.013879703959580049 0.023193318891049478
decision_type=2 2 2 2 2 2 2
left_child=2 -2 -1 6 5 -5 -3
right_child=1 3 -4 4 -6 -7 -8
leaf_value=-1.3560591983195991e-05 -0.00034471358246087225 6.4309091423638168e-06 0.00040460972354590017 -9.953473007185494e-05 -0.00028545087735897142 0.00031779428883824042 0.00018086279369158547
leaf_weight=27 51 422 30 41 77 27 58
leaf_count=27 51 422 30 41 77 27 58
internal_value=3.41064e-05 -0.00066568 0.00833333 0.0002 -0.00431034 0.00147059 0.0015625
internal_weight=733 676 57 625 145 68 480
internal_count=733 676 57 625 145 68 480
is_linear=0
shrinkage=0.05


Tree=4
num_leaves=8
num_cat=0
split_feature=1 13 3 5 1 13 13
split_gain=2.28576 1.97368 1.605 2.41858 3.15744 2.28564 2.14496
threshold=0.035059940976858946 15.105000019073488 0.00460935142133967 0.011256601876225904 -0.008014777666320581 16.73499965667725 18.005000114440922
decision_type=2 2 2 2 2 2 2
left_child=2 -2 3 4 5 -1 -5
right_child=1 -3 -4 6 -6 -7 -8
leaf_value=-0.00040133553552284748 -0.00028472460500715671 -4.447021952703377e-06 -9.4557993568262193e-05 0.00016467425429549622 4.6353376631807361e-05 1.9573931276590889e-06 3.8242133278538383e-06
leaf_weight=52 57 57 109 178 99 31 148
leaf_count=52 57 57 109 178 99 31 148
internal_value=-0.000512996 -0.00701754 0.000688817 0.00187008 -0.00274725 -0.00993976 0.00444785
internal_weight=731 114 617 508 182 83 326
internal_count=731 114 617 508 182 83 326
is_linear=0
shrinkage=0.05


Tree=5
num_leaves=8
num_cat=0
split_feature=6 5 1 11 11 15 7
split_gain=1.72661 2.84117 1.59356 1.97687 1.54436 1.80513 1.60193
threshold=-1.1008693093822735 0.012739569212590248 0.033693245601732376 0.02466677756805891 0.008381662460648533 -0.0043288307220783464 0.020138897830875527
decision_type=2 2 2 2 2 2 2
left_child=1 -1 3 4 6 -6 -2
right_child=2 -3 -4 -5 5 -7 -8
leaf_value=-0.00025989528673199812 3.9804012575071573e-05 2.1486713219109278e-05 -0.00017148991835639561 0.00040329523203944053 -0.00029695782031346606 2.2715328235894562e-05 0.00016200681877291789
leaf_weight=27 284 35 120 39 33 110 79
leaf_count=27 284 35 120 39 33 110 79
internal_value=0.000722146 -0.00725806 0.00146617 0.00261468 0.00177866 -0.00262238 0.0035124
internal_weight=727 62 665 545 506 143 363
internal_count=727 62 665 545 506 143 363
is_linear=0
shrinkage=0.05


Tree=6
num_leaves=8
num_cat=0
split_feature=4 4 9 2 12 2 11
split_gain=1.51335 1.85179 1.39717 1.63624 2.77644 1.70155 1.56235
threshold=0.029679979841609274 0.028182342877091541 -0.093966215449342347 0.046458893489068627 0.048152369041769456 0.10671579650209197 0.018630365638917849
decision_type=2 2 8 2 2 2 2
left_child=1 2 -1 4 6 -5 -4
right_child=-2 -3 3 5 -6 -7 -8
leaf_value=0.00014066804927607393 0.0001927250963490358 -0.00035030415676418238 -5.7889761952388378e-05 9.1044558966929103e-05 -0.00033844550613965519 -0.00010334008406428161 0.00018287076733362035
leaf_weight=42 33 38 312 156 38 51 62
leaf_count=42 33 38 312 156 38 51 62
internal_value=-0.000614754 -0.00110873 -0.000491679 -0.00109047 -0.00291262 0.00253623 -0.00160428
internal_weight=732 699 661 619 412 207 374
internal_count=732 699 661 619 412 207 374
is_linear=0
shrinkage=0.05


Tree=7
num_leaves=8
num_cat=0
split_feature=11 11 9 12 0 0 4
split_gain=1.59152 1.71191 1.69418 1.92931 1.84174 1.82186 1.65222
threshold=0.037714619913018062 -0.022672211523631577 -0.093966215449342347 0.054737000046613422 -0.0087866224452051705 -0.0047500646150766537 0.023461142285579811
decision_type=2 2 8 2 2 2 2
left_child=1 -1 -3 4 6 -6 -4
right_child=-2 2 3 -5 5 -7 -8
leaf_value=0.00025119243273995635 0.00022397751094618661 0.00014150753883641196 -0.00021230529971269196 -0.00026796071333974375 0.00022531131819294328 -1.4401932728908371e-05 0.0001287428738763745
leaf_weight=58 32 40 87 56 68 354 34
leaf_count=58 32 40 87 56 68 354 34
internal_value=3.42936e-05 -0.000466284 -0.00121283 -0.00187813 -0.000966851 0.000592417 -0.00640496
internal_weight=729 697 639 599 543 422 121
internal_count=729 697 639 599 543 422 121
is_linear=0
shrinkage=0.05


Tree=8
num_leaves=8
num_cat=0
split_feature=2 8 12 8 0 4 13
split_gain=1.24342 2.92248 2.6322 2.07237 2.18195 1.96012 1.56908
threshold=0.046458893489068627 0.092219262954753592 0.025122863139992905 0.0086609890707728416 -0.0047500646150766537 0.020634993582625934 18.005000114440922
decision_type=2 8 2 10 2 2 2
left_child=3 6 -3 -1 5 -5 -2
right_child=1 2 -4 4 -6 -7 -8
leaf_value=8.5758593104999539e-06 0.00014024379390173032 0.00014697326244373225 -0.00030619283767076305 -0.00016539397703381519 -0.00031764511271938864 0.00035776705179217834 -0.00012049598028974134
leaf_weight=380 125 29 40 33 93 26 30
leaf_count=380 125 29 40 33 93 26 30
internal_value=0 0.003125 -0.00543478 -0.00131579 -0.00625 0.00127119 0.00693548
internal_weight=756 224 69 532 152 59 155
internal_count=756 224 69 532 152 59 155
is_linear=0
shrinkage=0.05


Tree=9
num_leaves=8
num_cat=0
split_feature=6 16 8 9 15 15 8
split_gain=1.48838 1.81052 2.1964 2.04215 2.15131 1.71443 1.43915
threshold=-1.1008693093822735 -0.0092272051770867485 -0.050754877732966823 -0.0087460151764911492 0.010673304530720131 -0.0040733646136651416 -0.076813218062123587
decision_type=2 2 8 8 2 2 10
left_child=-1 2 6 4 -3 -5 -2
right_child=1 3 -4 5 -6 -7 -8
leaf_value=-0.00013545086348854563 0.00013481473455006314 0.00021328534559385151 0.00016595081254105199 -0.0001642721695628866 -0.00022362085597564131 -1.0561752504638719e-05 -0.00033017492929300672
leaf_weight=74 34 86 128 72 26 280 31
leaf_count=74 34 86 128 72 26 280 31
internal_value=-3.41997e-05 0.000722983 0.00479275 -0.000969828 0.00491071 -0.00284091 -0.00269231
internal_weight=731 657 193 464 112 352 65
internal_count=731 657 193 464 112 352 65
is_linear=0
shrinkage=0.05


Tree=10
num_leaves=8
num_cat=0
split_feature=3 3 14 11 7 1 2
split_gain=1.25966 2.56 2.18701 1.76916 1.54455 1.79421 1.70166
threshold=0.013273910808579094 0.0046754038990772804 -0.035401414565419224 -0.023324981642921735 -0.039100052558932223 0.035059940976858946 0.038162842218189448
decision_type=2 2 2 2 2 2 2
left_child=1 2 -1 -4 -5 6 -6
right_child=-2 -3 3 4 5 -7 -8
leaf_value=0.00011942699537383058 0.0001870421600873657 -0.00018279553357648007 0.00025199505537872084 -0.00026134273213387254 -3.4745036467540739e-05 -0.00014649507022700416 9.422588139645864e-05
leaf_weight=142 25 120 41 55 193 65 104
leaf_count=142 25 120 41 55 193 65 104
internal_value=-3.3557e-05 -0.000416667 0.000916667 -0.000764192 -0.00173861 -0.000552486 0.00109428
internal_weight=745 720 600 458 417 362 297
internal_count=745 720 600 458 417 362 297
is_linear=0
shrinkage=0.05


Tree=11
num_leaves=8
num_cat=0
split_feature=0 0 4 7 16 9 2
split_gain=1.6099 2.59194 1.95327 1.70168 1.25472 1.67025 2.86412
threshold=-0.019262390403703585 -0.014332486431234524 0.028222700644744563 -0.035800921049362382 -0.0092272051770867485 0.033978537614106748 0.046458893489068627
decision_type=2 2 2 2 2 8 2
left_child=3 -2 4 -1 -3 -6 -7
right_child=1 2 -4 -5 5 6 -8
leaf_value=7.691003373490975e-06 -0.00031910195877106061 5.3923785997313647e-05 -0.00029160448446022839 0.00032074722714226959 0.00010233268657247462 -0.00014576209981955162 2.0631537251904724e-05
leaf_weight=28 48 161 45 27 147 148 130
leaf_count=28 48 161 45 27 147 148 130
internal_value=0.000408719 -0.000257732 0.000594295 0.00863636 0.00136519 -5.88235e-05 -0.00233813
internal_weight=734 679 631 55 586 425 278
internal_count=734 679 631 55 586 425 278
is_linear=0
shrinkage=0.05


Tree=12
num_leaves=8
num_cat=0
split_feature=12 5 4 5 3 5 8
split_gain=1.39492 1.1722 1.58959 1.32218 1.14286 1.12449 1.07214
threshold=0.054737000046613422 0.010482476131239963 0.015890897885406111 0.010732253262773845 0.0022783946322567643 0.010905424916630576 0.0082989401724236096
decision_type=2 2 2 2 2 2 10
left_child=1 2 -1 -3 -2 -5 -4
right_child=4 3 6 5 -6 -7 -8
leaf_value=5.1227596697447979e-05 -1.3780480696453844e-05 9.6606631295866293e-05 -8.5801393606914898e-05 -0.00033198391063920938 -0.00041694549853700909 3.7324539729520995e-05 -0.00037313627500863521
leaf_weight=27 45 28 39 25 25 495 36
leaf_count=27 45 28 39 25 25 495 36
internal_value=0.000277778 0.001 -0.00392157 0.00191606 -0.00642857 0.00134615 -0.00766667
internal_weight=720 650 102 548 70 520 75
internal_count=720 650 102 548 70 520 75
is_linear=0
shrinkage=0.05


Tree=13
num_leaves=8
num_cat=0
split_feature=1 13 13 8 12 2 6
split_gain=1.63529 1.9927 2.3142 1.68043 2.59024 1.64223 1.56051
threshold=0.035059940976858946 15.425000190734865 17.224999427795414 0.029356857050919508 -0.027486551032664949 0.10671579650209197 -1.1305322701709726
decision_type=2 2 2 10 2 2 2
left_child=3 -2 -3 4 -1 -5 -6
right_child=1 2 -4 5 6 -7 -8
leaf_value=0.00013852707004168472 -0.00023212340544802209 0.00015241530167253923 -0.00020868223677656222 0.00013151496138069947 -0.00031130134363651415 -0.00011342960615753106 -2.3406342633512426e-05
leaf_weight=93 59 25 29 143 43 30 311
leaf_count=93 59 25 29 143 43 30 311
internal_value=0.000443383 -0.0050885 0.00185185 0.00145161 -0.000167785 0.00563584 -0.00211864
internal_weight=733 113 54 620 447 173 354
internal_count=733 113 54 620 447 173 354
is_linear=0
shrinkage=0.05


Tree=14
num_leaves=8
num_cat=0
split_feature=0 6 0 7 13 12 0
split_gain=1.23248 1.92308 1.4454 1.95193 1.74855 1.69179 1.51647
threshold=-0.020807175279241415 0.44176977572297221 -0.0087866224452051705 -0.042114144777458777 16.469999313354496 0.04854639636196257 -0.0034953929344313512
decision_type=2 2 2 2 2 2 2
left_child=1 -1 3 -2 -5 6 -4
right_child=2 -3 5 4 -6 -7 -8
leaf_value=-7.2908730045295647e-05 -0.00032761845183133863 0.00036575916437057548 0.00021308761139367184 -0.00013270221084720393 8.1684475629039164e-05 -0.0001818282632694941 4.0561483384710941e-06
leaf_weight=26 26 26 97 47 55 70 377
leaf_count=26 26 26 97 47 55 70 377
internal_value=0.000276243 0.00769231 -0.000297619 -0.00507813 -0.00196078 0.000827206 0.00189873
internal_weight=724 52 672 128 102 544 474
internal_count=724 52 672 128 102 544 474
is_linear=0
shrinkage=0.05


Tree=15
num_leaves=8
num_cat=0
split_feature=1 13 11 13 12 2 8
split_gain=1.18951 2.90221 2.42546 1.35909 1.18503 1.28792 1.85185
threshold=0.035059940976858946 15.105000019073488 0.023193318891049478 16.765000343322757 0.06618061408831423 0.038162842218189448 0.092219262954753592
decision_type=2 2 2 2 2 2 8
left_child=2 -2 4 -3 5 -1 -7
right_child=1 3 -4 -5 -6 6 -8
leaf_value=-9.7824976885826545e-06 -0.00025567227911468539 0.00016724895234807914 0.00024214480560854549 -1.1518000568152457e-05 -0.00024194487148261371 0.00014236044692093745 -7.344927707219984e-05
leaf_weight=378 48 26 55 37 29 110 41
leaf_count=378 48 26 55 37 29 110 41
internal_value=0.000483425 -0.00427928 0.00134584 0.00277778 0.000358423 0.000897921 0.00480132
internal_weight=724 111 613 63 558 529 151
internal_count=724 111 613 63 558 529 151
is_linear=0
shrinkage=0.05


Tree=16
num_leaves=8
num_cat=0
split_feature=15 12 15 14 8 13 16
split_gain=1.68027 3.32786 1.79847 1.96034 1.39902 1.31305 1.41841
threshold=-0.0043288307220783464 0.0061045845958173093 -0.011618428196003226 0.025090891472494884 0.12452552495214188 22.330000877380375 -0.017071179662469124
decision_type=2 2 2 2 8 2 2
left_child=1 -1 -3 -4 5 6 -2
right_child=4 2 3 -5 -6 -7 -8
leaf_value=6.3673803347586138e-05 0.00021021980414715442 -5.8310898988477035e-07 -0.00035871320870578321 -0.00012811925409182578 -0.00020232812913343774 -0.00011449195593202882 4.1075723971383239e-05
leaf_weight=107 40 42 50 35 30 33 400
leaf_count=107 40 42 50 35 30 33 400
internal_value=0.00050882 -0.00299145 -0.00846457 -0.0126471 0.00213718 0.00280127 0.00352273
internal_weight=737 234 127 85 503 473 440
internal_count=737 234 127 85 503 473 440
is_linear=0
shrinkage=0.05


Tree=17
num_leaves=8
num_cat=0
split_feature=5 12 10 9 9 14 1
split_gain=1.36771 1.63227 1.98701 2.18571 1.74395 1.59534 1.42766
threshold=0.011280525280308486 0.024098951150824836 0.0038763574350731971 0.030312391433922507 0.023894429395265874 -0.033157965869525234 0.035506548869898021
decision_type=2 2 2 10 8 2 2
left_child=1 4 3 -3 -1 -6 -2
right_child=6 2 -4 -5 5 -7 -8
leaf_value=0.0002933732157946116 3.6692415273278025e-05 -1.700679315527279e-05 2.4762260783247259e-05 -0.00040256607227771797 0.00011092447064698827 -0.00017133890191723289 -0.00011613011036093973
leaf_weight=25 407 28 44 40 25 70 96
leaf_count=25 407 28 44 40 25 70 96
internal_value=0.00037415 -0.00280172 -0.00714286 -0.0125 0.00125 -0.00184211 0.00183897
internal_weight=735 232 112 68 120 95 503
internal_count=735 232 112 68 120 95 503
is_linear=0
shrinkage=0.05


Tree=18
num_leaves=8
num_cat=0
split_feature=0 4 0 8 12 1 14
split_gain=1.4344 2.28792 1.7165 1.85138 2.04443 1.56135 3.04806
threshold=-0.019262390403703585 0.023461142285579811 -0.0087866224452051705 0.007614612194200677 0.056027042495551023 -0.0013727840930127797 0.041106720448919616
decision_type=2 2 2 8 2 2 2
left_child=1 -1 5 -4 -5 6 -2
right_child=2 -3 3 4 -6 -7 -8
leaf_value=-8.9317415933955788e-05 -0.00040054498302657292 0.00026779642391985755 6.7699817824303142e-05 -6.4772272165741817e-07 -0.00024123216192808083 3.0428638692313441e-05 3.1951359863070346e-06
leaf_weight=25 38 32 242 285 25 51 35
leaf_count=25 38 32 242 285 25 51 35
internal_value=0.000716235 0.00833333 7.39645e-05 0.00126812 -0.00129032 -0.00524194 -0.00993151
internal_weight=733 57 676 552 310 124 73
internal_count=733 57 676 552 310 124 73
is_linear=0
shrinkage=0.05


end of trees

feature_importances:
ret_1d=15
vix_level=13
dist_ma50=11
spy_ret_5d=11
atr_pct=10
spy_ret_20d=10
ret_5d=9
ret_20d=8
parkinson_20=8
dist_ma200=7
overnight_gap=6
sector_ret_1d=6
dist_ma20=5
vix_chg_1d=5
dvol_z_20=4
sector_ret_5d=3
spy_ret_1d=2

parameters:
[boosting: gbdt]
[objective: quantile]
[metric: quantile]
[tree_learner: serial]
[device_type: cpu]
[data_sample_strategy: bagging]
[data: ]
[valid: ]
[num_iterations: 80]
[learning_rate: 0.05]
[num_leaves: 8]
[num_threads: 1]
[seed: 0]
[deterministic: 0]
[force_col_wise: 1]
[force_row_wise: 0]
[histogram_pool_size: -1]
[max_depth: -1]
[min_data_in_leaf: 25]
[min_sum_hessian_in_leaf: 0.001]
[bagging_fraction: 0.9]
[pos_bagging_fraction: 1]
[neg_bagging_fraction: 1]
[bagging_freq: 1]
[bagging_seed: 3]
[bagging_by_query: 0]
[feature_fraction: 0.9]
[feature_fraction_bynode: 1]
[feature_fraction_seed: 2]
[extra_trees: 0]
[extra_seed: 6]
[early_stopping_round: 0]
[early_stopping_min_delta: 0]
[first_metric_only: 0]
[max_delta_step: 0]
[lambda_l1: 0]
[lambda_l2: 0]
[linear_lambda: 0]
[min_gain_to_split: 0]
[drop_rate: 0.1]
[max_drop: 50]
[skip_drop: 0.5]
[xgboost_dart_mode: 0]
[uniform_drop: 0]
[drop_seed: 4]
[top_rate: 0.2]
[other_rate: 0.1]
[min_data_per_group: 100]
[max_cat_threshold: 32]
[cat_l2: 10]
[cat_smooth: 10]
[max_cat_to_onehot: 4]
[top_k: 20]
[monotone_constraints: ]
[monotone_constraints_method: basic]
[monotone_penalty: 0]
[feature_contri: ]
[forcedsplits_filename: ]
[refit_decay_rate: 0.9]
[cegb_tradeoff: 1]
[cegb_penalty_split: 0]
[cegb_penalty_feature_lazy: ]
[cegb_penalty_feature_coupled: ]
[path_smooth: 0]
[interaction_constraints: ]
[verbosity: -1]
[saved_feature_importance_type: 0]
[use_quantized_grad: 0]
[num_grad_quant_bins: 4]
[quant_train_renew_leaf: 0]
[stochastic_rounding: 1]
[linear_tree: 0]
[max_bin: 255]
[max_bin_by_feature: ]
[min_data_in_bin: 3]
[bin_construct_sample_cnt: 200000]
[data_random_seed: 1]
[is_enable_sparse: 1]
[enable_bundle: 1]
[use_missing: 1]
[zero_as_missing: 0]
[feature_pre_filter: 1]
[pre_partition: 0]
[two_round: 0]
[header: 0]
[label_column: ]
[weight_column: ]
[group_column: ]
[ignore_column: ]
[categorical_feature: ]
[forcedbins_filename: ]
[precise_float_parser: 0]
[parser_config_file: ]
[objective_seed: 5]
[num_class: 1]
[is_unbalance: 0]
[scale_pos_weight: 1]
[sigmoid: 1]
[boost_from_average: 1]
[reg_sqrt: 0]
[alpha: 0.5]
[fair_c: 1]
[poisson_max_delta_step: 0.7]
[tweedie_variance_power: 1.5]
[lambdarank_truncation_level: 30]
[lambdarank_norm: 1]
[label_gain: ]
[lambdarank_position_bias_regularization: 0]
[eval_at: ]
[multi_error_top_k: 1]
[auc_mu_weights: ]
[num_machines: 1]
[local_listen_port: 12400]
[time_out: 120]
[machine_list_filename: ]
[machines: ]
[gpu_platform_id: -1]
[gpu_device_id: -1]
[gpu_device_id_list: ]
[gpu_use_dp: 0]
[num_gpu: 1]

end of parameters

pandas_categorical:[]
