tree
version=v4
num_class=1
num_tree_per_iteration=1
label_index=0
max_feature_idx=16
objective=quantile
feature_names=ret_1d ret_5d ret_20d overnight_gap atr_pct parkinson_20 dvol_z_20 dist_ma20 dist_ma50 dist_ma200 spy_ret_1d spy_ret_5d spy_ret_20d vix_level vix_chg_1d sector_ret_1d sector_ret_5d
feature_infos=[-0.086206896551724199:0.12041406606789451] [-0.12821594264023617:0.17210024395653134] [-0.18520159503766054:0.2808723843206602] [-0.12810185786670125:0.07425555974368625] [0.01407351398814605:0.050047786720321938] [0.0097532526377952962:0.030212689835653068] [-1.9285892271537124:4.1795747130847785] [-0.14174140668583457:0.17417601374425273] [-0.17951844856560728:0.23568763097132917] [-0.22779351174816842:0.4637435552688034] [-0.058542947643003718:0.10501933612632941] [-0.11496158439845272:0.082843216242346029] [-0.12265592443394913:0.15756596870864792] [11.859999656677246:52.330001831054688] [-0.35753873962348437:0.74039073966007019] [-0.054845245580940394:0.043465182734245822] [-0.079035682487500813:0.068782287822878097]
tree_sizes=831 867 857 859 858 865 863 859 863 855 862 871 867 867 871 863 867 857

Tree=0
num_leaves=8
num_cat=0
split_feature=5 7 5 3 8 15 6
split_gain=1.24895 0.688376 0.960955 0.969934 0.603847 0.776901 0.472213
threshold=0.015053985046426655 -0.052306062584149875 0.019445056810574308 -0.0042967671005650345 0.044173216663780275 0.00058706524160023765 0.5442296620435999
decision_type=2 2 2 2 10 2 2
left_child=-1 -2 3 -3 -5 -6 -4
right_child=1 2 6 4 5 -7 -8
leaf_value=0.019772906412071474 0.02037523266082536 0.020357486306776119 0.019822234257177152 0.019880753770347391 0.019950932915465246 0.020532289563188488 0.020344839543181725
leaf_weight=276 40 36 159 136 34 41 28
leaf_count=276 40 36 159 136 34 41 28
internal_value=0.0196712 0.0212282 0.0206497 0.0226969 0.0214026 0.0250045 0.0179457
internal_weight=750 474 434 247 211 75 187
internal_count=750 474 434 247 211 75 187
is_linear=0
shrinkage=1


Tree=1
num_leaves=8
num_cat=0
split_feature=5 7 14 11 16 9 4
split_gain=1.11235 0.986507 0.749562 0.706134 1.66036 0.662722 0.643964
threshold=0.016346414801102317 -0.049634083433381153 0.10370151545599839 0.0039566049461625683 -0.011685765849780037 0.24940004704477539 0.02747779937173803
decision_type=2 2 2 2 2 10 2
left_child=-1 -2 3 5 -5 -3 -6
right_child=1 2 -4 4 6 -7 -8
leaf_value=-0.00014149151512662142 0.00066375491885068696 -0.00018690745543678783 0.00038279732385549238 0.00039192708588643038 0.00033748395272309223 0.00026571246530952608 -0.00010915879100503404
leaf_weight=354 34 105 30 27 44 27 113
leaf_count=354 34 105 30 27 44 27 113
internal_value=-0.000299729 0.00157895 0.000780346 6.32899e-05 0.00206522 -0.00272727 9.55402e-05
internal_weight=734 380 346 316 184 132 157
internal_count=734 380 346 316 184 132 157
is_linear=0
shrinkage=0.05


Tree=2
num_leaves=8
num_cat=0
split_feature=5 7 7 16 3 6 5
split_gain=1.48106 0.917845 1.47752 1.12683 1.31171 1.54288 0.792712
threshold=0.016346414801102317 -0.049634083433381153 -0.0089323259574163299 0.0070656518068725757 0.0045611441979367404 -0.12326548536116674 0.017563492767043956
decision_type=2 2 2 2 2 2 2
left_child=-1 -2 -3 4 5 -4 -5
right_child=1 2 3 6 -6 -7 -8
leaf_value=-0.00016997669102517094 0.0005832032843743392 -0.00014991844324619525 0.00030526928783179181 0.00028245185425194221 -9.2796656439424923e-05 0.00088397457815703672 -0.00021957626577699414
leaf_weight=366 33 114 52 28 31 37 88
leaf_count=366 33 114 52 28 31 37 88
internal_value=6.67438e-06 0.00218016 0.00142857 0.00368644 0.00708333 0.0101685 0.000172413
internal_weight=749 383 350 236 120 89 116
internal_count=749 383 350 236 120 89 116
is_linear=0
shrinkage=0.05


Tree=3
num_leaves=8
num_cat=0
split_feature=9 7 7 16 14 8 16
split_gain=0.992193 0.998922 1.0554 0.859697 0.675915 1.04969 0.684211
threshold=0.44230729246904171 -0.053354022603112554 -0.0089323259574163299 -0.016609690209170299 0.021982133330242685 0.02081324242186933 0.013588669575278602
decision_type=8 2 2 2 2 10 2
left_child=1 -1 -3 -4 -5 -6 -7
right_child=-2 2 3 4 5 6 -8
leaf_value=0.00057765817849776344 -0.00022418002806625997 -0.00013806355504227021 0.00044774218086705928 -4.8750434493496987e-05 0.00029678682081487234 0.00024159673504935624 -0.0005228774930801488
leaf_weight=41 166 181 30 233 28 38 26
leaf_count=41 166 181 30 233 28 38 26
internal_value=-8.74844e-05 0.000892546 0.000317163 0.00190141 0.00115384 0.00478261 0.00125
internal_weight=743 577 536 355 325 92 64
internal_count=743 577 536 355 325 92 64
is_linear=0
shrinkage=0.05


Tree=4
num_leaves=8
num_cat=0
split_feature=5 16 14 6 13 0 2
split_gain=1.31292 1.12992 0.866059 1.08203 0.586413 0.509804 0.477662
threshold=0.016363092180660361 -0.028016976163731552 0.025331387226238514 -0.21666887452110131 12.694999694824221 -0.0014888873502735265 0.029579594717209504
decision_type=2 2 2 2 2 2 2
left_child=4 -2 6 5 -1 -4 -3
right_child=1 2 3 -5 -6 -7 -8
leaf_value=0.0012752354215705339 0.00046521381597074005 -0.00013539380897416989 -0.00016060761743041398 0.0004486795038072404 -0.00018244032619286603 0.00025211928564269334 0.00011184293269605777
leaf_weight=25 27 149 26 49 339 25 106
leaf_count=25 27 149 26 49 339 25 106
internal_value=-0.000241288 0.00180628 0.00105634 0.005 -0.00239011 -9.80404e-05 -0.000490197
internal_weight=746 382 355 100 364 51 255
internal_count=746 382 355 100 364 51 255
is_linear=0
shrinkage=0.05


Tree=5
num_leaves=8
num_cat=0
split_feature=5 7 7 3 6 15 0
split_gain=1.25217 0.758421 0.700202 0.745711 1.39771 0.928023 0.668981
threshold=0.015053985046426655 -0.049634083433381153 -0.0089323259574163299 0.0044169421918152105 0.5442296620435999 0.0064332399492322842 -0.012313264421893786
decision_type=2 2 2 2 2 2 2
left_child=-1 -2 -3 4 5 6 -4
right_child=1 2 3 -5 -6 -7 -8
leaf_value=-0.0001701963920883159 0.00050189949228082677 -9.7930302136616811e-05 0.00020563305913857608 -0.00010264188426629187 0.00072385573067112671 0.00056601627422386673 -0.0001665070370318969
leaf_weight=273 43 128 36 81 33 35 108
leaf_count=273 43 128 36 81 33 35 108
internal_value=-0.000115334 0.00146552 0.000819476 0.00216723 0.00372641 0.00198324 0.000208332
internal_weight=737 464 421 293 212 179 144
internal_count=737 464 421 293 212 179 144
is_linear=0
shrinkage=0.05


Tree=6
num_leaves=8
num_cat=0
split_feature=9 7 7 7 12 4 6
split_gain=0.879722 0.690874 0.594283 0.62228 0.953373 0.643936 0.639087
threshold=0.44230729246904171 -0.053354022603112554 -0.0089323259574163299 0.025711375054267908 0.019854414597249462 0.02903166104254171 0.22563436552546925
decision_type=8 2 2 2 2 2 2
left_child=1 -1 -3 4 5 -4 -5
right_child=-2 2 3 6 -6 -7 -8
leaf_value=0.00048861206091354117 -0.00020592102467429827 -9.929131318227064e-05 0.0012579517621054449 -0.00021088496703136969 0.00013171265040687723 0.00023170916950962593 0.00026980624989341335
leaf_weight=42 161 186 29 106 112 34 76
leaf_count=42 161 186 29 106 112 34 76
internal_value=-0.000174264 0.000726495 0.000248618 0.00144258 0.00357143 0.00849206 -0.000604397
internal_weight=746 585 543 357 175 63 182
internal_count=746 585 543 357 175 63 182
is_linear=0
shrinkage=0.05


Tree=7
num_leaves=8
num_cat=0
split_feature=5 7 2 2 6 3 14
split_gain=1.12649 0.978583 0.972077 0.841634 0.720526 1.02434 0.654708
threshold=0.016346414801102317 -0.049634083433381153 0.024231616756725808 0.048117157238430693 -0.39901170939730335 -0.0021784707104690599 0.049298283120689408
decision_type=2 2 2 2 2 2 2
left_child=-1 -2 4 -4 -3 -6 -5
right_child=1 2 3 6 5 -7 -8
leaf_value=-0.00013045007570270685 0.0005003165315815701 -0.0002102987482901971 0.00031211228333600025 -2.8038778699496423e-05 0.0003143647792480428 -0.00014885788971230376 0.00021477355314911104
leaf_weight=367 34 100 31 93 27 63 30
leaf_count=367 34 100 31 93 27 63 30
internal_value=-0.000302015 0.00161376 0.000813952 0.00376623 -0.00157895 0.00166667 0.00191057
internal_weight=745 378 344 154 190 90 123
internal_count=745 378 344 154 190 90 123
is_linear=0
shrinkage=0.05


Tree=8
num_leaves=8
num_cat=0
split_feature=9 7 7 14 1 1 7
split_gain=0.99484 0.863945 0.799976 0.782849 0.982963 1.34486 0.679613
threshold=0.44230729246904171 -0.054988393084050895 -0.0089323259574163299 0.020823614308890352 0.014692325691665233 0.039440889713444179 0.0053104467638944728
decision_type=8 2 2 2 2 2 2
left_child=1 -1 -3 6 -5 -6 -4
right_child=-2 2 3 4 5 -7 -8
leaf_value=0.0005260379714166004 -0.00023178877552294894 -9.9543564922013498e-05 0.00043711242807861409 -4.4821392395246921e-05 0.0011289456928671125 3.3108825179946077e-05 -9.1062758655180971e-05
leaf_weight=38 167 186 54 45 33 35 206
leaf_count=38 167 186 54 45 33 35 206
internal_value=-9.16242e-05 0.000862645 0.000366725 0.00170241 0.00517699 0.00897059 0.000192307
internal_weight=764 597 559 373 113 68 260
internal_count=764 597 559 373 113 68 260
is_linear=0
shrinkage=0.05


Tree=9
num_leaves=8
num_cat=0
split_feature=5 5 3 5 11 12 13
split_gain=0.913888 0.875153 1.58991 0.890363 0.595342 0.875 0.769972
threshold=0.016060490072843461 0.019445056810574308 -0.0043404345700269733 0.028295849471528075 0.015296140057879161 0.032816284988903439 15.400000095367433
decision_type=2 2 2 2 2 2 2
left_child=-1 2 -2 -3 6 -6 -4
right_child=1 3 4 -5 5 -7 -8
leaf_value=-0.00012865996033170691 0.00063863479076441089 -9.8469304813749228e-05 -0.00026591899020557636 0.00050178475340236547 0.00015761377964725295 0.00045677627602784304 0.00016530199196564447
leaf_weight=328 27 185 43 27 28 28 78
leaf_count=328 27 185 43 27 28 28 78
internal_value=0.00017473 0.00173077 0.00406863 -0.000518869 0.00234463 0.00660714 0.0003719
internal_weight=744 416 204 212 177 56 121
internal_count=744 416 204 212 177 56 121
is_linear=0
shrinkage=0.05


Tree=10
num_leaves=8
num_cat=0
split_feature=5 16 14 6 7 4 6
split_gain=0.988329 0.938171 0.732836 1.14739 0.496789 0.625626 0.384089
threshold=0.016346414801102317 -0.028016976163731552 0.025331387226238514 -0.21666887452110131 -0.041514962792825398 0.025844850528597675 1.3791316487473453
decision_type=2 2 2 2 2 2 2
left_child=6 -2 4 -4 -3 -6 -1
right_child=1 2 3 -5 5 -7 -8
leaf_value=-0.00015838189983811304 0.00029631545491641304 0.00020520154356708996 -8.288777159003421e-05 0.00036777527873210698 0.00040658677551314921 -9.8406532068749173e-05 0.0003992229753596758
leaf_weight=325 30 28 48 46 36 196 40
leaf_count=325 30 28 48 46 36 196 40
internal_value=-0.000260348 0.00151042 0.000790959 0.00457447 -0.000576924 -0.00133621 -0.00212329
internal_weight=749 384 354 94 260 232 365
internal_count=749 384 354 94 260 232 365
is_linear=0
shrinkage=0.05


Tree=11
num_leaves=8
num_cat=0
split_feature=5 7 14 16 7 12 12
split_gain=0.818212 0.649376 0.721213 1.24391 0.691783 0.645716 0.351156
threshold=0.028295849471528075 -0.0089323259574163299 0.020823614308890352 -0.011685765849780037 -0.0045917341628919353 0.017951110302837473 0.04572357186415122
decision_type=2 2 2 2 2 2 2
left_child=1 6 4 -4 -3 -5 -1
right_child=-2 2 3 5 -6 -7 -8
leaf_value=-9.8000316143806755e-05 0.00046977417049195259 0.00086381334474887838 0.00032068634930686982 0.0001735688247377053 -0.00013233916920079721 -3.8266724519848551e-05 7.5129985025264851e-05
leaf_weight=276 27 25 28 36 272 58 25
leaf_count=276 27 25 28 36 272 58 25
internal_value=-0.000582331 -0.000902779 0.000369927 0.00360656 -0.000959597 0.000851063 -0.00267442
internal_weight=747 720 419 122 297 94 301
internal_count=747 720 419 122 297 94 301
is_linear=0
shrinkage=0.05


Tree=12
num_leaves=8
num_cat=0
split_feature=9 16 15 13 0 2 12
split_gain=0.729228 0.577916 0.625196 0.693085 0.754085 0.814881 0.7424
threshold=0.42686176459359232 -0.026575763078951261 0.00050520489011918201 15.905000209808351 0.02303369889415641 0.024231616756725808 0.045280709361418599
decision_type=8 2 2 2 2 2 2
left_child=1 -1 -3 6 5 -5 -4
right_child=-2 2 3 4 -6 -7 -8
leaf_value=0.00018915351665419841 -0.00016192888724846094 -6.2083451354275645e-05 -8.3368341408060858e-05 0.00017136286890949784 -0.0003174344254409261 0.00026283304043259935 0.00061687904665355209
leaf_weight=45 161 260 104 70 27 42 25
leaf_count=45 161 260 104 70 27 42 25
internal_value=-0.000163489 0.000671901 0.000208332 0.00190298 0.00435252 0.00616071 -0.000736435
internal_weight=734 573 528 268 139 112 129
internal_count=734 573 528 268 139 112 129
is_linear=0
shrinkage=0.05


Tree=13
num_leaves=8
num_cat=0
split_feature=13 14 13 15 14 13 8
split_gain=0.682604 0.429829 0.41156 0.359721 0.632007 0.340485 0.658418
threshold=12.644999980926515 0.13518549268873961 25.505000114440922 0.00021014760718940376 0.050179471356022971 15.905000209808351 -0.055467705485962797
decision_type=2 2 2 2 2 2 10
left_child=-1 2 3 -2 5 -5 -7
right_child=1 -3 -4 4 -6 6 -8
leaf_value=0.0011537829016898802 -0.000123814601457147 0.00022522424939963134 9.325216489817722e-05 -7.9929423081236901e-05 0.00022878307327506257 -0.00033887356896371415 0.00019399240914297724
leaf_weight=31 323 32 26 135 25 45 128
leaf_count=31 323 32 26 135 25 45 128
internal_value=-0.000973156 -0.00128852 -0.00155425 -0.00179878 -0.000645647 -0.00126623 0.000202311
internal_weight=745 714 682 656 333 308 173
internal_count=745 714 682 656 333 308 173
is_linear=0
shrinkage=0.05


Tree=14
num_leaves=8
num_cat=0
split_feature=6 16 13 14 15 3 15
split_gain=0.765945 0.556814 0.538032 0.53123 0.602509 0.894575 0.77895
threshold=-0.801997600500999 -0.026943830130190301 12.644999980926515 -0.014609583018452553 -0.010193806070227183 -0.0044842399325322182 -0.0076029833594873355
decision_type=2 2 2 2 2 2 2
left_child=-1 -2 -3 -4 -5 -6 -7
right_child=1 2 3 4 5 6 -8
leaf_value=-0.00033150144807311501 0.00011658065033623815 0.0011096886704889477 -0.00010198023466783026 -0.0003310375584269438 0.00032347380815914178 0.00017229249216839653 -1.6554562531870001e-05
leaf_weight=106 40 30 223 36 45 25 214
leaf_count=106 40 30 223 36 45 25 214
internal_value=-0.000132129 0.000546491 0.000148341 -0.000211788 0.00109375 0.0018662 0.000648534
internal_weight=719 613 573 543 320 284 239
internal_count=719 613 573 543 320 284 239
is_linear=0
shrinkage=0.05


Tree=15
num_leaves=8
num_cat=0
split_feature=7 14 12 16 12 12 8
split_gain=0.559557 0.448608 0.530292 0.52779 0.838583 1.0614 0.712297
threshold=0.07264696179824516 -0.014609583018452553 0.060736863464118891 0.0051778374353466114 0.035783081956657366 0.048152428754814187 -0.011213516424164736
decision_type=2 2 2 2 2 2 8
left_child=1 2 -1 -3 6 -6 -5
right_child=-2 3 -4 4 5 -7 -8
leaf_value=-0.00019495801499741348 0.00016904779621193563 -4.8570498701673501e-05 0.00011684426860384 5.7025906782568213e-05 0.00021270883682673812 -3.5586072590578379e-05 -0.00041204415810461981
leaf_weight=263 46 253 27 33 25 32 64
leaf_count=263 46 253 27 33 25 32 64
internal_value=-0.000558548 -0.000911049 -0.00241379 0.000159704 0.00246753 0.0072807 -0.000360826
internal_weight=743 697 290 407 154 57 97
internal_count=743 697 290 407 154 57 97
is_linear=0
shrinkage=0.05


Tree=16
num_leaves=8
num_cat=0
split_feature=11 13 7 3 0 13 4
split_gain=0.791701 0.561704 0.879526 0.506327 1.30503 0.379495 0.359674
threshold=0.040036365268930958 14.715000152587892 0.070767778655369443 0.0054034579729039809 0.0054035738610331849 12.644999980926515 0.021584168925474833
decision_type=2 2 2 2 2 2 2
left_child=1 5 3 6 -5 -1 -3
right_child=-2 2 -4 4 -6 -7 -8
leaf_value=0.00099448256705429879 0.00043614041630875977 -0.00032065280575313212 0.00034960184152080611 0.00091905095964492421 -0.00013711497196395558 -0.0001357711858235338 1.0895796219143818e-06
leaf_weight=35 26 110 34 25 42 174 311
leaf_count=35 26 110 34 25 42 174 311
internal_value=-0.000112287 -0.000417238 0.000459769 -8.19684e-05 0.00395522 -0.00260766 -0.000724467
internal_weight=757 731 522 488 67 209 421
internal_count=757 731 522 488 67 209 421
is_linear=0
shrinkage=0.05


Tree=17
num_leaves=8
num_cat=0
split_feature=5 7 5 6 3 11 2
split_gain=0.987661 1.09003 0.597523 0.809798 0.749654 0.808923 0.805963
threshold=0.016060490072843461 -0.053354022603112554 0.019445056810574308 0.5442296620435999 0.001187312390401041 0.0051016705998240272 0.029579594717209504
decision_type=2 2 2 2 2 2 2
left_child=-1 -2 4 -4 5 -3 -7
right_child=1 2 3 -5 -6 6 -8
leaf_value=-9.9514752635586649e-05 0.00041389889738987367 5.4566635539440118e-05 -9.881118021107016e-05 0.00065540155965937853 -2.2915882803580776e-05 0.00015415202665803449 0.00059022469651019227
leaf_weight=326 33 44 158 32 99 28 26
leaf_count=326 33 44 158 32 99 28 26
internal_value=-0.000174264 0.00142857 0.000684753 -0.00131579 0.00261421 0.00571428 0.00981481
internal_weight=746 420 387 190 197 98 54
internal_count=746 420 387 190 197 98 54
is_linear=0
shrinkage=0.05


end of trees

feature_importances:
dist_ma20=21
parkinson_20=15
vix_chg_1d=11
dvol_z_20=10
sector_ret_5d=10
vix_level=9
overnight_gap=8
spy_ret_20d=8
sector_ret_1d=6
ret_20d=5
dist_ma200=5
ret_1d=4
atr_pct=4
dist_ma50=4
spy_ret_5d=4
ret_5d=2

parameters:
[boosting: gbdt]
[objective: quantile]
[metric: quantile]
[tree_learner: serial]
[device_type: cpu]
[data_sample_strategy: bagging]
[data: ]
[valid: ]
[num_iterations: 80]
[learning_rate: 0.05]
[num_leaves: 8]
[num_threads: 1]
[seed: 0]
[deterministic: 0]
[force_col_wise: 1]
[force_row_wise: 0]
[histogram_pool_size: -1]
[max_depth: -1]
[min_data_in_leaf: 25]
[min_sum_hessian_in_leaf: 0.001]
[bagging_fraction: 0.9]
[pos_bagging_fraction: 1]
[neg_bagging_fraction: 1]
[bagging_freq: 1]
[bagging_seed: 3]
[bagging_by_query: 0]
[feature_fraction: 0.9]
[feature_fraction_bynode: 1]
[feature_fraction_seed: 2]
[extra_trees: 0]
[extra_seed: 6]
[early_stopping_round: 0]
[early_stopping_min_delta: 0]
[first_metric_only: 0]
[max_delta_step: 0]
[lambda_l1: 0]
[lambda_l2: 0]
[linear_lambda: 0]
[min_gain_to_split: 0]
[drop_rate: 0.1]
[max_drop: 50]
[skip_drop: 0.5]
[xgboost_dart_mode: 0]
[uniform_drop: 0]
[drop_seed: 4]
[top_rate: 0.2]
[other_rate: 0.1]
[min_data_per_group: 100]
[max_cat_threshold: 32]
[cat_l2: 10]
[cat_smooth: 10]
[max_cat_to_onehot: 4]
[top_k: 20]
[monotone_constraints: ]
[monotone_constraints_method: basic]
[monotone_penalty: 0]
[feature_contri: ]
[forcedsplits_filename: ]
[refit_decay_rate: 0.9]
[cegb_tradeoff: 1]
[cegb_penalty_split: 0]
[cegb_penalty_feature_lazy: ]
[cegb_penalty_feature_coupled: ]
[path_smooth: 0]
[interaction_constraints: ]
[verbosity: -1]
[saved_feature_importance_type: 0]
[use_quantized_grad: 0]
[num_grad_quant_bins: 4]
[quant_train_renew_leaf: 0]
[stochastic_rounding: 1]
[linear_tree: 0]
[max_bin: 255]
[max_bin_by_feature: ]
[min_data_in_bin: 3]
[bin_construct_sample_cnt: 200000]
[data_random_seed: 1]
[is_enable_sparse: 1]
[enable_bundle: 1]
[use_missing: 1]
[zero_as_missing: 0]
[feature_pre_filter: 1]
[pre_partition: 0]
[two_round: 0]
[header: 0]
[label_column: ]
[weight_column: ]
[group_column: ]
[ignore_column: ]
[categorical_feature: ]
[forcedbins_filename: ]
[precise_float_parser: 0]
[parser_config_file: ]
[objective_seed: 5]
[num_class: 1]
[is_unbalance: 0]
[scale_pos_weight: 1]
[sigmoid: 1]
[boost_from_average: 1]
[reg_sqrt: 0]
[alpha: 0.9]
[fair_c: 1]
[poisson_max_delta_step: 0.7]
[tweedie_variance_power: 1.5]
[lambdarank_truncation_level: 30]
[lambdarank_norm: 1]
[label_gain: ]
[lambdarank_position_bias_regularization: 0]
[eval_at: ]
[multi_error_top_k: 1]
[auc_mu_weights: ]
[num_machines: 1]
[local_listen_port: 12400]
[time_out: 120]
[machine_list_filename: ]
[machines: ]
[gpu_platform_id: -1]
[gpu_device_id: -1]
[gpu_device_id_list: ]
[gpu_use_dp: 0]
[num_gpu: 1]

end of parameters

pandas_categorical:[]
