tree
version=v4
num_class=1
num_tree_per_iteration=1
label_index=0
max_feature_idx=16
objective=quantile
feature_names=ret_1d ret_5d ret_20d overnight_gap atr_pct parkinson_20 dvol_z_20 dist_ma20 dist_ma50 dist_ma200 spy_ret_1d spy_ret_5d spy_ret_20d vix_level vix_chg_1d sector_ret_1d sector_ret_5d
feature_infos=[-0.086206896551724199:0.12041406606789451] [-0.12821594264023617:0.17210024395653134] [-0.18520159503766054:0.2808723843206602] [-0.12810185786670125:0.07425555974368625] [0.01407351398814605:0.050047786720321938] [0.0097532526377952962:0.030212689835653068] [-1.9285892271537124:4.1795747130847785] [-0.14174140668583457:0.17417601374425273] [-0.17951844856560728:0.23568763097132917] [-0.22779351174816842:0.4637435552688034] [-0.058542947643003718:0.10501933612632941] [-0.11496158439845272:0.082843216242346029] [-0.12265592443394913:0.15756596870864792] [11.859999656677246:52.330001831054688] [-0.35753873962348437:0.74039073966007019] [-0.054845245580940394:0.043465182734245822] [-0.079035682487500813:0.068782287822878097]
tree_sizes=817 866 848 860 850 868 864 872 864 868 872 869 869 877 869 865 855 863 862 873 869 865 872 858 862 868 873 870 859 869 855 867 866 857 849 859 862 865 872 858 851 864 868 855 869 861 858 866 868 871 867 873 857 870 864 863 871 869 863 858 862

Tree=0
num_leaves=8
num_cat=0
split_feature=5 7 13 3 6 8 10
split_gain=1.28592 1.07854 0.781971 0.692354 1.61044 1.05443 0.98
threshold=0.016921869230161372 -0.054988393084050895 15.400000095367433 0.002845772211528375 0.5442296620435999 0.027462893994975594 0.00038115432096208496
decision_type=2 2 2 2 2 10 2
left_child=-1 -2 -3 4 5 -4 -7
right_child=1 2 3 -5 -6 6 -8
leaf_value=0.028488950236464694 0.029127615295655662 0.028533734929653332 0.028627869049507516 0.028602497210478649 0.029798416980419917 0.028647243620760144 0.03033478742889777
leaf_weight=411 27 98 71 67 26 25 25
leaf_count=411 27 98 71 67 26 25 25
internal_value=0.0284939 0.0307736 0.0299439 0.0316378 0.0335579 0.0311319 0.0366939
internal_weight=750 339 312 214 147 121 50
internal_count=750 339 312 214 147 121 50
is_linear=0
shrinkage=1


Tree=1
num_leaves=8
num_cat=0
split_feature=9 10 5 2 12 9 9
split_gain=1.43887 0.71836 0.615762 0.672553 0.627066 0.742854 0.907019
threshold=-0.16030734159489166 -0.01521359351313417 0.024298900783459906 0.088205868034558779 0.04572357186415122 -0.0092913456357002749 0.0080181135819145117
decision_type=10 2 2 2 2 10 10
left_child=-1 -2 3 4 5 -3 -7
right_child=1 2 -4 -5 -6 6 -8
leaf_value=-0.00045295308743212862 0.00044542502996545557 -0.0004409077192143828 0.00063473259793137807 -0.00029640072402843068 0.00039433794201554351 0.00088509598007980867 1.2095458393708522e-05
leaf_weight=188 29 70 44 99 60 26 218
leaf_count=188 29 70 44 99 60 26 218
internal_value=-0.000163489 0.00113553 0.000705995 0.000179703 0.00114973 0.000254776 0.00155738
internal_weight=734 546 517 473 374 314 244
internal_count=734 546 517 473 374 314 244
is_linear=0
shrinkage=0.05


Tree=2
num_leaves=8
num_cat=0
split_feature=5 13 7 8 14 5 4
split_gain=1.44444 0.86632 0.80086 0.790154 1.39239 1.07654 0.781931
threshold=0.0172270640031317 12.644999980926515 -0.054988393084050895 0.0070568102591015433 0.0250539094836888 0.019125838348608187 0.03011360583270159
decision_type=2 2 2 10 2 2 2
left_child=1 -1 -2 -4 5 -5 -6
right_child=2 -3 3 4 6 -7 -8
leaf_value=0.0010110654769858519 0.0006115954000982573 -0.00024748369435828973 -4.5694438129499802e-05 0.0010188379008168719 0.00015270895897826248 -0.00030196244646373948 0.00080532911444483482
leaf_weight=25 25 414 107 39 26 88 25
leaf_count=25 25 414 107 39 26 88 25
internal_value=-0.000193593 -0.00203873 0.00241935 0.00166667 0.00370786 0.000905511 0.0106863
internal_weight=749 439 310 285 178 127 51
internal_count=749 439 310 285 178 127 51
is_linear=0
shrinkage=0.05


Tree=3
num_leaves=8
num_cat=0
split_feature=9 6 12 9 0 8 2
split_gain=1.00714 0.817136 1.15442 0.968437 1.21582 0.7424 0.653235
threshold=0.42686176459359232 -0.19870731234454966 0.021636027658746174 0.059491734206101328 0.0012075722179282213 -0.020332610542658777 0.022383436211044109
decision_type=8 2 2 10 2 10 2
left_child=1 6 3 -3 -5 -4 -1
right_child=-2 2 5 4 -6 -7 -8
leaf_value=-0.00014938879840865207 -0.0004054821816969487 0.00020200072825304275 0.00044705814467747368 0.00013875459982341885 0.0012705597659121387 -6.0852967737664471e-05 8.3466340046381668e-05
leaf_weight=194 169 53 25 38 42 104 118
leaf_count=194 169 53 25 38 42 104 118
internal_value=-0.000423958 0.000574912 0.00263359 0.00590225 0.009375 -0.000736435 -0.00115385
internal_weight=743 574 262 133 80 129 312
internal_count=743 574 262 133 80 129 312
is_linear=0
shrinkage=0.05


Tree=4
num_leaves=8
num_cat=0
split_feature=16 0 13 5 16 14 13
split_gain=0.908321 0.98 0.76294 0.786438 0.726006 0.771559 0.614706
threshold=-0.026943830130190301 -0.0072275181018852655 12.644999980926515 0.018243157910914572 0.020564180994133156 -0.013693091090924312 19.23499965667725
decision_type=2 2 2 2 2 2 2
left_child=1 -1 -2 -4 5 -5 -7
right_child=2 -3 3 4 -6 6 -8
leaf_value=0.00041959862752160443 0.00089613918081349667 -5.7334577899455615e-05 -0.00025060627317597788 -8.8132302358388532e-05 -0.00046336863788896086 0.00058671266371966894 -3.6466715938866418e-05
leaf_weight=25 36 25 425 83 42 76 34
leaf_count=25 36 25 425 83 42 76 34
internal_value=-0.000509385 0.006 -0.000977013 -0.00136364 0.000957446 0.00225388 0.005
internal_weight=746 50 696 660 235 193 110
internal_count=746 50 696 660 235 193 110
is_linear=0
shrinkage=0.05


Tree=5
num_leaves=8
num_cat=0
split_feature=9 9 10 15 16 15 14
split_gain=0.925542 0.568597 0.731523 0.462023 0.886565 1.1176 0.898848
threshold=0.42686176459359232 0.2813344598146244 -0.01521359351313417 0.00021014760718940376 0.016435979091941503 0.0016761412430685854 0.009860755526874045
decision_type=8 10 2 2 2 2 2
left_child=1 2 -1 -4 5 -5 -7
right_child=-2 -3 3 4 -6 6 -8
leaf_value=0.00046017369320434438 -0.00041094165357508409 0.00056638993506679042 -9.0051516609580373e-05 0.0010661609774614363 -0.00017056240497042102 -1.8768227447973854e-05 0.00043288867485005646
leaf_weight=26 168 39 243 29 79 126 27
leaf_count=26 168 39 243 29 79 126 27
internal_value=-0.000251019 0.000711774 0.000283018 -0.00013889 0.00132184 0.00324176 0.00153595
internal_weight=737 569 530 504 261 182 153
internal_count=737 569 530 504 261 182 153
is_linear=0
shrinkage=0.05


Tree=6
num_leaves=8
num_cat=0
split_feature=9 7 6 3 3 15 16
split_gain=0.879602 0.631828 0.582194 0.86691 1.05941 0.564228 0.448764
threshold=0.42686176459359232 -0.057757838503693586 0.19146649394130522 0.0034187317952748546 0.0010409577000463079 -0.0016937070643079919 0.020040538312360971
decision_type=8 2 2 2 2 2 2
left_child=1 -1 6 4 5 -4 -3
right_child=-2 2 3 -5 -6 -7 -8
leaf_value=0.00039918596764896815 -0.00035749847747365581 -1.7820367899574746e-05 -1.5717269714876652e-05 -0.00036415866353477872 0.0019911638029177156 0.00098144645562021362 -0.00025856941255990583
leaf_weight=32 164 336 35 55 26 44 54
leaf_count=32 164 336 35 55 26 44 54
internal_value=-0.000241288 0.000670102 0.000272726 0.0028125 0.00547619 0.00259494 -0.000769232
internal_weight=746 582 550 160 105 79 390
internal_count=746 582 550 160 105 79 390
is_linear=0
shrinkage=0.05


Tree=7
num_leaves=8
num_cat=0
split_feature=9 7 3 3 15 9 3
split_gain=0.860759 0.844774 0.563803 1.59343 0.774326 0.726458 0.742424
threshold=0.40452678236309653 -0.057757838503693586 0.002362817303376286 0.0017877380570827663 -0.0014459185936829264 0.011081972737189473 -0.0017242581462765803
decision_type=8 2 2 2 2 10 2
left_child=1 -1 3 4 -3 6 -6
right_child=-2 2 -4 -5 5 -7 -8
leaf_value=0.00049302476234149549 -0.00033962355782073009 -9.0556534251375905e-05 -0.00022122583225647383 0.00089519958390047935 0.00044761118283850117 -1.9455599922153207e-05 8.2988067183233124e-05
leaf_weight=30 174 164 171 25 33 115 33
leaf_count=30 174 164 171 25 33 115 33
internal_value=-0.000771813 0.000166374 -0.000286508 0.00081081 -7.2465e-05 0.00218232 0.00636364
internal_weight=745 571 541 370 345 181 66
internal_count=745 571 541 370 345 181 66
is_linear=0
shrinkage=0.05


Tree=8
num_leaves=8
num_cat=0
split_feature=9 2 3 13 9 3 6
split_gain=1.24437 0.785985 0.876145 0.74069 0.748299 0.656448 0.618136
threshold=0.35994452748425604 -0.036421963859027788 -0.0055809549518202042 12.644999980926515 0.26320657384355511 0.0050251752305708894 -0.34278642244712004
decision_type=8 2 2 2 10 2 2
left_child=1 2 -1 -3 -5 6 -4
right_child=-2 3 5 4 -6 -7 -8
leaf_value=0.00032761076139712497 -0.00036435449745093559 0.00083712699775887367 -0.00042681661108954035 -7.0504642207718023e-05 0.0010577510129891898 0.00055095124108767179 0.00052184422236483774
leaf_weight=31 181 35 50 360 31 25 51
leaf_count=31 181 35 50 360 31 25 51
internal_value=-0.000549739 0.000574613 0.00359872 -0.000539907 -0.00116368 0.00174603 -4.95061e-05
internal_weight=764 583 157 426 391 126 101
internal_count=764 583 157 426 391 126 101
is_linear=0
shrinkage=0.05


Tree=9
num_leaves=8
num_cat=0
split_feature=9 10 15 16 14 3 10
split_gain=0.97515 1.06698 0.634314 0.89601 0.905469 2.00733 0.761905
threshold=0.35994452748425604 -0.01521359351313417 -0.00045293766750092995 0.020040538312360971 -0.026106823606350468 -0.002030257207340513 0.0066242939925211805
decision_type=8 2 2 2 2 2 2
left_child=1 -1 6 4 -4 -6 -3
right_child=-2 2 3 -5 5 -7 -8
leaf_value=0.00038776740624745686 -0.00034317898816752689 -8.9361822765307315e-05 -5.4750281206065631e-05 -0.00016372063191720705 0.00082808300804652283 8.3784514022087382e-05 0.00041163690926901241
leaf_weight=26 170 225 116 56 36 88 27
leaf_count=26 170 225 116 56 36 88 27
internal_value=-0.000497313 0.000487804 1.8247e-05 0.00158784 0.00291667 0.0058871 -0.0018254
internal_weight=744 574 548 296 240 124 252
internal_count=744 574 548 296 240 124 252
is_linear=0
shrinkage=0.05


Tree=10
num_leaves=8
num_cat=0
split_feature=3 9 10 4 8 2 2
split_gain=0.909345 0.640241 0.668896 0.533605 0.532187 0.660813 0.442728
threshold=-0.0090122690581350678 -0.091014318379563405 -0.0012922335739780075 0.029099744341875376 -0.047793784886253458 -0.058270960488556893 0.022383436211044109
decision_type=2 8 2 2 10 2 2
left_child=3 2 -2 -1 -3 -6 -7
right_child=1 4 -4 -5 5 6 -8
leaf_value=0.00076991974548574083 -0.00053240124978452959 -0.00034628644021317219 0.00050787393946641107 1.9332306684088441e-05 0.00065873731200982418 -0.00013310077624651011 4.3098734922650735e-07
leaf_weight=25 26 123 46 26 25 222 256
leaf_count=25 26 123 46 26 25 222 256
internal_value=-0.000660882 -0.00113181 0.00333333 0.00578431 -0.00164537 -0.000924454 -0.00133891
internal_weight=749 698 72 51 626 503 478
internal_count=749 698 72 51 626 503 478
is_linear=0
shrinkage=0.05


Tree=11
num_leaves=8
num_cat=0
split_feature=9 15 16 14 16 16 5
split_gain=0.922919 0.704887 1.02058 0.783349 1.07788 0.643434 0.44766
threshold=0.35994452748425604 -0.00045293766750092995 0.020040538312360971 -0.014609583018452553 -0.0037957778704101326 0.011119948000202553 0.022470337780568197
decision_type=8 2 2 2 2 2 2
left_child=1 6 3 -3 -5 -6 -1
right_child=-2 2 -4 4 5 -7 -8
leaf_value=-0.00010321712114233901 -0.00026475035063128872 4.3132444110526505e-05 -0.00015478768611528143 0.00094809309288563083 -2.100739171341555e-05 0.00044305242890229951 0.00044227258888346571
leaf_weight=240 177 138 57 31 45 33 26
leaf_count=240 177 138 57 31 45 33 26
internal_value=-0.000716199 0.000263157 0.00190789 0.00329959 0.00646789 0.00333333 -0.00161654
internal_weight=747 570 304 247 109 78 266
internal_count=747 570 304 247 109 78 266
is_linear=0
shrinkage=0.05


Tree=12
num_leaves=8
num_cat=0
split_feature=9 10 15 16 2 6 8
split_gain=0.887434 0.844581 0.635559 0.829878 0.644234 0.637645 0.670586
threshold=0.44230729246904171 -0.01521359351313417 -0.00045293766750092995 0.020040538312360971 -0.037832380535435521 0.19146649394130522 0.044173216663780275
decision_type=8 2 2 2 2 2 10
left_child=1 -1 -3 4 -4 6 -6
right_child=-2 2 3 -5 5 -7 -8
leaf_value=0.00028366665873098867 -0.00030001178435436725 -5.5546005872480514e-05 0.00042246139948018846 -0.00013676901476414845 -6.5638658670667553e-05 0.0010187837164544879 9.0135768394025847e-05
leaf_weight=29 159 251 61 53 83 49 49
leaf_count=29 159 251 61 53 83 49 49
internal_value=-0.000435968 0.00047826 3.66288e-05 0.00161017 0.00285124 0.00135359 -0.000454547
internal_weight=734 575 546 295 242 181 132
internal_count=734 575 546 295 242 181 132
is_linear=0
shrinkage=0.05


Tree=13
num_leaves=8
num_cat=0
split_feature=13 3 15 5 16 0 16
split_gain=0.682604 0.719193 0.846079 0.437626 0.412284 0.360128 0.610918
threshold=12.644999980926515 -0.0090122690581350678 -0.0027934201027435819 0.028213790125960054 -0.029711514926268997 -0.00065361614869763318 -0.0032412885374015761
decision_type=2 2 2 2 2 2 2
left_child=-1 2 -2 4 -3 -6 -7
right_child=1 3 -4 -5 5 6 -8
leaf_value=0.00080747876817457542 -0.00010002943603410378 0.00013511790736445319 0.00042410442942566437 0.00023176557340251838 -0.00023643892377073824 0.00037585460656838489 -0.00012244909069110871
leaf_weight=31 29 28 25 26 263 120 223
leaf_count=31 29 28 25 26 263 120 223
internal_value=-0.000973156 -0.00128852 0.00425926 -0.00174243 -0.00200316 -0.00227723 -0.00120991
internal_weight=745 714 54 660 634 606 343
internal_count=745 714 54 660 634 606 343
is_linear=0
shrinkage=0.05


Tree=14
num_leaves=8
num_cat=0
split_feature=16 6 1 14 15 3 11
split_gain=0.880883 0.763134 0.711202 0.919329 0.3583 0.525359 0.361931
threshold=-0.03065063575242782 0.3212640267389108 -0.0040079850384444051 0.021982133330242685 -0.0049990474474465576 -0.0046199551979704259 -0.012843904813593874
decision_type=2 2 2 2 2 2 2
left_child=-1 4 -3 -4 -2 -6 -7
right_child=1 2 3 -5 5 6 -8
leaf_value=0.0002527416840420453 -0.00026217592908516044 -0.00021506366676080107 0.00027016518243387432 0.00088450598332637264 9.6858670701880441e-05 1.4122853544459527e-06 -0.00014528339621486551
leaf_weight=27 119 52 76 35 47 41 322
leaf_count=27 119 52 76 35 47 41 322
internal_value=-0.00089708 -0.00124278 0.00174847 0.00400901 -0.00216446 -0.00146342 -0.00210744
internal_weight=719 692 163 111 529 410 363
internal_count=719 692 163 111 529 410 363
is_linear=0
shrinkage=0.05


Tree=15
num_leaves=8
num_cat=0
split_feature=10 13 9 2 5 2 2
split_gain=0.558261 0.561558 0.339029 1.12867 0.511072 0.459035 0.909086
threshold=-0.01521359351313417 12.555000305175783 -0.054995231211638289 -0.036421963859027788 0.018799958700543927 0.022383436211044109 0.048117157238430693
decision_type=2 2 10 2 2 2 2
left_child=-1 -2 -3 4 -4 -5 -7
right_child=1 2 3 5 -6 6 -8
leaf_value=0.00019722356376837463 0.00074584908861274359 -0.00021207434859848125 0.000637619827597869 -0.00019063954078081777 0.00019972229057275829 0.00045269911322944821 -0.00012120295975397284
leaf_weight=35 29 252 36 143 43 56 149
leaf_count=35 29 252 36 143 43 56 149
internal_value=-0.0011642 -0.00146893 -0.00175994 -0.000901641 0.00449367 -0.00212644 -0.000609757
internal_weight=743 708 679 427 79 348 205
internal_count=743 708 679 427 79 348 205
is_linear=0
shrinkage=0.05


Tree=16
num_leaves=8
num_cat=0
split_feature=10 6 8 1 4 10 8
split_gain=0.467561 0.419965 0.985977 0.98469 0.367098 0.292861 0.889599
threshold=-0.01521359351313417 0.6453292824394472 0.0604760120132758 0.0062333716658733449 0.03914902110602822 0.0075491306904977859 0.032148164405171771
decision_type=2 2 8 2 2 2 10
left_child=-1 4 3 -3 5 -2 -7
right_child=1 2 -4 -5 -6 6 -8
leaf_value=0.00018430726711934911 -8.6746008154899024e-05 5.3530956028347231e-05 -0.00047086915797651182 0.0011165099060528251 4.1683356111618994e-05 -0.0002333792275350053 0.00074227775999471382
leaf_weight=36 459 49 39 34 28 86 26
leaf_count=36 459 49 39 34 28 86 26
internal_value=-0.000838839 -0.00111651 0.00155738 0.00463855 -0.0016611 -0.0019352 0.000357142
internal_weight=757 721 122 83 599 571 112
internal_count=757 721 122 83 599 571 112
is_linear=0
shrinkage=0.05


Tree=17
num_leaves=8
num_cat=0
split_feature=1 8 3 11 15 9 11
split_gain=0.608912 0.582803 0.511563 1.04563 1.32567 0.582107 0.61152
threshold=-0.060476390308378085 -0.093761519274867963 -0.0046199551979704259 0.010968315958417631 -0.0056745000234181267 0.24246850237208953 0.015296140057879161
decision_type=2 10 2 2 2 10 2
left_child=-1 -2 3 4 -3 6 -4
right_child=1 2 5 -5 -6 -7 -8
leaf_value=0.0004148983681442394 -0.00042011334270722269 -0.00038938994501045717 -0.00018247760217636366 -0.00011088551590353236 0.00035016129581227505 0.00065735422052379949 5.856402865399254e-05
leaf_weight=37 73 25 348 29 46 56 132
leaf_count=37 73 25 348 29 46 56 132
internal_value=-0.00044236 -0.000768689 -0.00028302 0.003 0.0062676 -0.000895524 -0.00145833
internal_weight=746 709 636 100 71 536 480
internal_count=746 709 636 100 71 536 480
is_linear=0
shrinkage=0.05


Tree=18
num_leaves=8
num_cat=0
split_feature=16 9 0 9 11 3 13
split_gain=0.629885 0.491249 0.490789 0.448978 1.26841 0.477586 0.469331
threshold=-0.03065063575242782 0.35994452748425604 0.028606452966892907 0.21349941046059753 0.00301412428072434 -0.010204128734375427 12.555000305175783
decision_type=2 8 2 10 2 2 2
left_child=-1 2 3 5 -5 -2 -7
right_child=1 -3 -4 4 -6 6 -8
leaf_value=0.00012013341292678711 0.00025363811006701907 -0.00023597520806334675 0.00086732294523953867 0.00094312453419081056 -0.00010357021258868383 0.00055924052907742371 -6.7895143280364176e-05
leaf_weight=33 25 169 28 34 48 27 389
leaf_count=33 25 169 28 34 48 27 389
internal_value=-0.00114874 -0.00145833 -0.000735028 -0.00108031 0.00231707 -0.00171202 -0.00211539
internal_weight=753 720 551 523 82 441 416
internal_count=753 720 551 523 82 441 416
is_linear=0
shrinkage=0.05


Tree=19
num_leaves=8
num_cat=0
split_feature=10 13 9 2 14 7 7
split_gain=0.725975 0.540334 0.555171 0.847415 0.621939 0.437546 1.40665
threshold=-0.01425655493307104 12.644999980926515 -0.0037810977314645662 -0.036421963859027788 -0.014609583018452553 -0.0069327628358012974 0.0012128177378799567
decision_type=2 2 10 2 2 2 2
left_child=-1 -2 -3 4 -4 -5 -7
right_child=1 2 3 5 -6 6 -8
leaf_value=0.00015712240002787562 0.00067218092877838881 -0.00017490334118751375 -3.7004713587653648e-05 -0.00019519878040071928 0.00056311196447417591 0.00039990244522974429 -2.4903979745969801e-05
leaf_weight=42 35 297 25 60 39 25 216
leaf_count=42 35 297 25 60 39 25 216
internal_value=-0.000669825 -0.00105452 -0.00137462 -6.84943e-05 0.00515625 -0.0011794 -0.000228217
internal_weight=739 697 662 365 64 301 241
internal_count=739 697 662 365 64 301 241
is_linear=0
shrinkage=0.05


Tree=20
num_leaves=8
num_cat=0
split_feature=10 0 1 9 9 1 16
split_gain=0.741083 0.62656 0.423877 0.777264 0.757576 0.936691 2.07015
threshold=-0.01425655493307104 0.028606452966892907 0.024307387727328215 -0.0092913456357002749 0.0067858259482767034 0.0087343077894911376 0.0072125038588334309
decision_type=2 2 2 10 10 2 2
left_child=-1 2 3 -2 -5 -6 -7
right_child=1 -3 -4 4 5 6 -8
leaf_value=0.00014926628002648191 -0.00014315160136222995 0.00075228667082431451 -0.00018434436334417378 0.00065626405891951308 -3.4599879751044344e-05 0.00096202984143334389 -0.00037639131742550202
leaf_weight=42 260 33 157 29 175 26 29
leaf_count=42 260 33 157 29 175 26 29
internal_value=-0.000739016 -0.0011213 -0.00144971 -0.00076108 0.0011776 0.00021739 0.00590909
internal_weight=751 709 676 519 259 230 55
internal_count=751 709 676 519 259 230 55
is_linear=0
shrinkage=0.05


Tree=21
num_leaves=8
num_cat=0
split_feature=6 16 13 4 2 1 15
split_gain=0.541004 0.500149 0.449068 0.398817 0.506458 0.353151 0.262899
threshold=2.2254367448267467 -0.03065063575242782 12.644999980926515 0.031312101956310227 -0.037832380535435521 0.017006644552941878 0.00058706524160023765
decision_type=2 2 2 2 2 2 2
left_child=1 -1 -3 6 -5 -6 -4
right_child=-2 2 3 4 5 -7 -8
leaf_value=0.00012499932843515745 0.00037206769270338165 0.00054666876837852687 -0.00021385622619295559 0.0003205678304824485 -5.2649800831354183e-05 0.00028210522248625619 -7.7701056044111687e-05
leaf_weight=30 42 33 259 46 56 34 248
leaf_count=30 42 33 259 46 56 34 248
internal_value=-0.000989306 -0.00131728 -0.00159763 -0.00188958 0.000514705 -0.00166667 -0.00253452
internal_weight=748 706 676 643 136 90 507
internal_count=748 706 676 643 136 90 507
is_linear=0
shrinkage=0.05


Tree=22
num_leaves=8
num_cat=0
split_feature=16 0 8 2 16 11 1
split_gain=0.679667 0.655019 0.483909 0.59336 0.508572 1.50812 0.326667
threshold=-0.03065063575242782 0.028606452966892907 -0.045990549234477755 -0.056692006188860548 -0.0085219720321245123 0.0070762605113673391 -0.0016042359652513325
decision_type=2 2 10 2 2 2 2
left_child=-1 2 -2 -4 5 6 -5
right_child=1 -3 3 4 -6 -7 -8
leaf_value=9.2495330156007745e-05 -0.00027900560645658859 0.00071405968544051312 0.00047806512076575402 -4.441541992200256e-05 -7.7492959174109356e-05 0.00062938722481566632 0.00032951632036762974
leaf_weight=31 176 33 26 50 375 26 25
leaf_count=31 176 33 26 50 375 26 25
internal_value=-0.000956875 -0.00127286 -0.00160767 -0.000816734 -0.00121849 0.00193069 -0.00166667
internal_weight=742 711 678 502 476 101 75
internal_count=742 711 678 502 476 101 75
is_linear=0
shrinkage=0.05


Tree=23
num_leaves=8
num_cat=0
split_feature=3 13 16 6 1 6 2
split_gain=0.951631 0.637993 0.646998 0.49872 0.518094 0.767813 1.01872
threshold=-0.0096504777985332284 12.644999980926515 -0.03065063575242782 0.029358738721374858 0.013835731089707372 1.5496252670769892 0.087626299072082761
decision_type=2 2 2 2 2 2 2
left_child=-1 -2 -3 -4 -5 6 -6
right_child=1 2 3 4 5 -7 -8
leaf_value=0.00022353745237411885 0.00055508047894514191 0.00016663301837796486 -9.0865579178880614e-05 -0.00020163897735087969 0.00082427980520887649 -0.00049823475922858892 -7.4671486917412657e-05
leaf_weight=45 34 28 431 114 43 25 31
leaf_count=45 34 28 431 114 43 25 31
internal_value=-0.00093875 -0.0013881 -0.00172619 -0.00204969 -7.04237e-05 0.00257576 0.00513513
internal_weight=751 706 672 644 213 99 74
internal_count=751 706 672 644 213 99 74
is_linear=0
shrinkage=0.05


Tree=24
num_leaves=8
num_cat=0
split_feature=10 0 6 8 8 3 1
split_gain=0.554506 0.539183 0.324889 0.770758 1.09066 0.318086 0.759166
threshold=-0.01425655493307104 0.028606452966892907 0.68364399792828234 0.048825995497740922 -0.0024147766731393845 -0.0046199551979704259 -0.012601948621126733
decision_type=2 2 2 8 10 2 2
left_child=-1 2 5 4 -4 6 -2
right_child=1 -3 3 -5 -6 -7 -8
leaf_value=0.00015893393284522044 3.5223508526497839e-05 0.00062358948769856287 -1.9648051219914563e-05 -0.00045403844162788187 0.00086003223247020557 -6.4697412206679577e-05 -6.3462551628743941e-05
leaf_weight=40 34 35 45 34 26 486 49
leaf_count=40 34 35 45 34 26 486 49
internal_value=-0.000727638 -0.00105078 -0.00136499 0.00119047 0.00415493 -0.00183656 0.0010241
internal_weight=749 709 674 105 71 569 83
internal_count=749 709 674 105 71 569 83
is_linear=0
shrinkage=0.05


Tree=25
num_leaves=8
num_cat=0
split_feature=6 0 0 16 9 2 15
split_gain=0.800422 0.60664 0.859091 0.705833 0.523463 0.509584 0.556544
threshold=0.17700666206166124 -0.00065361614869763318 0.0040385825029372055 -0.0085219720321245123 -0.16030734159489166 -0.036421963859027788 -0.0033338568408336484
decision_type=2 2 2 2 10 2 2
left_child=4 -2 -3 -4 -1 6 -6
right_child=1 2 3 -5 5 -7 -8
leaf_value=-0.00022724194667633971 -0.00013942939063720495 0.0007997541554400075 0.00087281286697297425 -8.7967448414942906e-05 -0.00040976993413233419 -3.6361037825173975e-05 0.00026115890931759106
leaf_weight=140 89 27 25 80 32 296 68
leaf_count=140 89 27 25 80 32 296 68
internal_value=-0.000970939 0.00156108 0.00371212 0.00166667 -0.00201493 -0.00108586 0.002
internal_weight=757 221 132 105 536 396 100
internal_count=757 221 132 105 536 396 100
is_linear=0
shrinkage=0.05


Tree=26
num_leaves=8
num_cat=0
split_feature=13 3 16 9 11 10 6
split_gain=0.540678 0.504774 0.435004 0.394671 0.826216 0.298012 0.335788
threshold=12.644999980926515 -0.0096504777985332284 -0.03065063575242782 0.15079184731760911 -0.0036909172011733156 -0.0045512787110520972 0.6453292824394472
decision_type=2 2 2 10 2 2 2
left_child=-1 -2 -3 5 -5 -4 -7
right_child=1 2 3 4 -6 6 -8
leaf_value=0.00053389346922774056 0.00012238754931020329 0.00021035061562388064 -0.00023625539588940787 0.00070890277544248938 -8.6232003757438151e-05 -0.00013284718538057128 0.00034821100138955055
leaf_weight=35 46 26 106 39 101 332 52
leaf_count=35 46 26 106 39 101 332 52
internal_value=-0.00106513 -0.00136752 -0.00172256 -0.00198413 0.000357142 -0.00265306 -0.00200521
internal_weight=737 702 656 630 140 490 384
internal_count=737 702 656 630 140 490 384
is_linear=0
shrinkage=0.05


Tree=27
num_leaves=8
num_cat=0
split_feature=1 9 10 9 12 1 0
split_gain=0.567507 0.413866 0.531875 0.411036 0.508087 0.80391 0.634645
threshold=-0.060476390308378085 0.35994452748425604 -0.01425655493307104 0.25235761692055997 0.038546138655022773 -0.016272318595640541 0.00042500568411840694
decision_type=2 8 2 10 2 2 2
left_child=-1 2 -2 4 -4 -6 -7
right_child=1 -3 3 -5 5 6 -8
leaf_value=0.00031139833792803121 0.00011626819557770864 -0.00017551377678090503 -0.00010325045909514734 0.00051012599334765809 0.00015635152496406191 -0.00018514653476045607 0.00032285998767970852
leaf_weight=40 26 172 341 38 29 46 57
leaf_count=40 26 172 341 38 29 46 57
internal_value=-0.000794394 -0.0011213 -0.000437618 -0.000792565 -0.0011945 0.00143939 -0.000631069
internal_weight=749 709 537 511 473 132 103
internal_count=749 709 537 511 473 132 103
is_linear=0
shrinkage=0.05


Tree=28
num_leaves=8
num_cat=0
split_feature=0 10 3 11 15 6 2
split_gain=0.615488 0.653077 0.437658 0.824275 1.37246 0.360811 0.649351
threshold=0.028606452966892907 -0.01425655493307104 -0.0046199551979704259 0.010968315958417631 -0.0049990474474465576 0.68364399792828234 0.041320289892731517
decision_type=2 2 2 2 2 2 2
left_child=1 -1 3 4 -3 -4 -7
right_child=-2 2 5 -5 -6 6 -8
leaf_value=0.00013534063845045769 0.00058753030181067775 -0.00026678310608349462 -9.4674921259790414e-05 -0.00013529889888762056 0.00036583115027981957 0.00050717879444623574 -0.00045585113329227149
leaf_weight=41 33 31 498 35 38 56 32
leaf_count=41 33 31 498 35 38 56 32
internal_value=-0.0010733 -0.00137483 -0.00173913 0.00125 0.00442029 -0.00226963 0.000681817
internal_weight=764 731 690 104 69 586 88
internal_count=764 731 690 104 69 586 88
is_linear=0
shrinkage=0.05


Tree=29
num_leaves=8
num_cat=0
split_feature=9 0 13 6 11 1 3
split_gain=0.645493 0.568746 0.528642 0.411869 0.795911 1.21834 0.369417
threshold=0.35994452748425604 0.028606452966892907 14.734999656677248 -0.19870731234454966 -0.0034482783257907541 1.0000000180025095e-35 0.0021957932378406935
decision_type=8 2 2 2 2 2 2
left_child=1 2 -1 -4 5 -5 -6
right_child=-2 -3 3 4 6 -7 -8
leaf_value=-0.0001893585447470655 -0.00016647049216553071 0.00057872760916659099 -1.6165228195405143e-05 3.2238338939376449e-05 0.00032504603314317387 0.00073963617027567692 -0.00043572857281970148
leaf_weight=144 169 31 211 39 71 33 34
leaf_count=144 169 31 211 39 71 33 34
internal_value=-0.00110656 -0.000293074 -0.000676693 0.000283504 0.00206215 0.00611111 -0.000714287
internal_weight=732 563 532 388 177 72 105
internal_count=732 563 532 388 177 72 105
is_linear=0
shrinkage=0.05


Tree=30
num_leaves=8
num_cat=0
split_feature=6 14 6 0 2 2 13
split_gain=0.481181 0.584571 0.629667 0.56953 0.632187 0.636738 0.649733
threshold=-0.12326548536116674 0.055948056460050417 0.46328454348504139 0.003139156917773001 -0.040226770422490891 0.085665500818154175 15.875000000000002
decision_type=2 2 2 2 2 2 2
left_child=-1 3 -3 -2 -5 6 -6
right_child=1 2 -4 4 5 -7 -8
leaf_value=-4.0496093211082014e-05 -0.00013333139209272497 0.00031159487517289514 -5.5156840627707429e-05 -0.00041733672983378431 0.00015570585049717086 -0.00043401635664073632 0.00063068813652136617
leaf_weight=436 113 30 31 28 32 34 34
leaf_count=436 113 30 31 28 32 34 34
internal_value=-0.00107046 0.000463575 0.00483606 -0.000643155 0.00164062 0.0035 0.00636364
internal_weight=738 302 61 241 128 100 66
internal_count=738 302 61 241 128 100 66
is_linear=0
shrinkage=0.05


Tree=31
num_leaves=8
num_cat=0
split_feature=3 13 14 10 3 7 9
split_gain=0.656784 0.445617 0.430764 0.686345 0.53323 0.570037 0.339726
threshold=-0.0092822550637839934 12.644999980926515 0.0012326341754252958 0.0018732675411667901 0.0017877380570827663 0.019658781789982486 -0.07822569565862196
decision_type=2 2 2 2 2 2 8
left_child=-1 -2 6 4 -4 -6 -3
right_child=1 2 3 -5 5 -7 -8
leaf_value=0.00014712121045822293 0.0004589014003671336 2.7927988620162729e-05 -8.4065523785276629e-05 0.00017140165328484599 0.00033239361430122225 -0.00041182477372221909 -0.00013914385954168974
leaf_weight=46 32 49 162 42 47 29 331
leaf_count=46 32 49 162 42 47 29 331
internal_value=-0.00100271 -0.00138728 -0.00166667 -0.000178573 -0.00121849 0.00223684 -0.00276316
internal_weight=738 692 660 280 238 76 380
internal_count=738 692 660 280 238 76 380
is_linear=0
shrinkage=0.05


Tree=32
num_leaves=8
num_cat=0
split_feature=9 3 11 4 11 9 9
split_gain=0.500255 0.634543 0.470926 1.07821 0.388196 0.673899 0.364574
threshold=0.050925963316757923 -0.0046199551979704259 0.01160523990497442 0.025930510121335872 -0.011693730673341061 0.15079184731760911 -0.12272093842945379
decision_type=8 2 2 2 2 10 10
left_child=1 -1 6 -4 5 -2 -3
right_child=4 2 3 -5 -6 -7 -8
leaf_value=0.00011450919491010972 -8.3357363176385807e-06 0.0003188533437520853 0.0024652434931900715 -2.2369596525439788e-05 -0.00013411752448641142 0.00061704102603028093 -0.00011506925334018286
leaf_weight=46 56 25 30 78 374 29 113
leaf_count=46 56 25 30 78 374 29 113
internal_value=-0.00113848 0.000479451 -0.000528456 0.00194444 -0.00216776 0.000882352 -0.00246377
internal_weight=751 292 246 108 459 85 138
internal_count=751 292 246 108 459 85 138
is_linear=0
shrinkage=0.05


Tree=33
num_leaves=8
num_cat=0
split_feature=6 1 16 3 2 2 16
split_gain=0.488073 0.701356 1.23642 0.639316 0.718007 0.460225 0.287122
threshold=0.17700666206166124 0.0040902767966788387 -0.0060159834535865589 0.0034187317952748546 0.067527095295163 -0.074269611661300236 0.019599526227569556
decision_type=2 2 2 2 2 2 2
left_child=6 5 -3 4 -4 -2 -1
right_child=1 2 3 -5 -6 -7 -8
leaf_value=-2.042359848047578e-05 0.00025619332100742067 0.00080201627206090724 0.00057045093167766244 -0.00056329086846703725 -0.00016482022052611282 -0.0004051608740421478 -0.00013809717231969375
leaf_weight=457 25 25 33 34 32 64 78
leaf_count=457 25 25 33 34 32 64 78
internal_value=-0.00139038 0.000633802 0.00306451 0.000555554 0.00346154 -0.00275281 -0.00219626
internal_weight=748 213 124 99 65 89 535
internal_count=748 213 124 99 65 89 535
is_linear=0
shrinkage=0.05


Tree=34
num_leaves=8
num_cat=0
split_feature=9 1 1 1 6 7 10
split_gain=0.51632 0.390077 0.667885 1.10771 0.711434 0.323196 0.32
threshold=0.28655035409436286 0.053445672358744874 0.012284462217845184 0.017063627605525714 0.1415295959541385 0.041388356316357851 0.0022328849049373383
decision_type=8 2 2 2 2 2 2
left_child=1 2 -1 -4 5 -5 -6
right_child=-2 -3 3 4 6 -7 -8
leaf_value=-2.058927078879986e-05 -0.00012836590791523011 -0.00034039579807163776 0.00058353629689076518 -0.00010395807535116041 -6.0411190203191387e-05 3.9363252822093836e-05 0.0007234657186018967
leaf_weight=327 192 48 37 67 25 28 25
leaf_count=327 192 48 37 67 25 28 25
internal_value=-0.00146195 -0.000691204 -0.000284873 0.00214286 0.000172413 -0.00236842 0.005
internal_weight=749 557 509 182 145 95 50
internal_count=749 557 509 182 145 95 50
is_linear=0
shrinkage=0.05


Tree=35
num_leaves=8
num_cat=0
split_feature=0 6 2 2 13 12 14
split_gain=0.605361 0.387182 0.449491 1.26503 0.622675 0.350818 0.272687
threshold=0.028606452966892907 0.21748469665145778 0.082082282767938844 0.023546731914805722 19.520000457763675 0.059758756541204668 0.055948056460050417
decision_type=2 2 2 2 2 2 2
left_child=1 5 3 4 -3 6 -1
right_child=-2 2 -4 -5 -6 -7 -8
leaf_value=-5.670683926752254e-05 0.00050037175981063867 -0.00019545969335538744 -0.00035991264617118578 0.00055348757346070391 0.00025472545400228918 0.0001162381180454913 -2.8373028443803365e-06
leaf_weight=407 33 71 43 42 30 40 87
leaf_count=407 33 71 43 42 30 40 87
internal_value=-0.00101594 -0.00131945 0.00064516 0.00199301 -0.00103961 -0.00200375 -0.00236842
internal_weight=753 720 186 143 101 534 494
internal_count=753 720 186 143 101 534 494
is_linear=0
shrinkage=0.05


Tree=36
num_leaves=8
num_cat=0
split_feature=14 15 3 11 13 5 7
split_gain=0.535098 0.617128 0.695214 0.422831 0.574012 0.505263 0.6
threshold=-0.014609583018452553 -0.011128384238419662 -0.0065402250443909451 -0.023324980459216712 18.365000724792484 0.019051041773163718 0.016259054119032505
decision_type=2 2 2 2 2 2 2
left_child=-1 -2 -3 -4 5 -5 -7
right_child=1 2 3 4 -6 6 -8
leaf_value=-8.3510305469977402e-05 -0.00049434698067438805 0.00022903586321903035 0.00046699663465568707 -9.8900079205924471e-06 -4.0056703351638247e-05 -8.1414504807999767e-06 0.00051823319142985959
leaf_weight=317 45 46 26 190 66 30 30
leaf_count=317 45 46 26 190 66 30 30
internal_value=-0.000600001 0.000542724 0.00118557 0.000409356 -9.49379e-05 0.000999999 0.005
internal_weight=750 433 388 342 316 250 60
internal_count=750 433 388 342 316 250 60
is_linear=0
shrinkage=0.05


Tree=37
num_leaves=8
num_cat=0
split_feature=13 12 15 14 15 1 13
split_gain=0.479622 0.414959 0.366276 0.300152 0.507613 0.672854 0.589669
threshold=12.644999980926515 0.073733848686565309 0.014576378738065167 0.01016731697942619 -0.0077327788149407764 0.025216807158474411 17.494999885559086
decision_type=2 2 2 2 2 2 2
left_child=-1 2 3 -2 -5 6 -6
right_child=1 -3 -4 4 5 -7 -8
leaf_value=0.00032474232129549557 -9.8179447266464055e-05 7.753218522595506e-05 0.00026868019934789982 -0.00032018271919788508 0.00023758511851948818 -5.8265216723794501e-05 -5.831032574426578e-06
leaf_weight=36 405 32 27 78 73 48 59
leaf_count=36 405 32 27 78 73 48 59
internal_value=-0.000910291 -0.00119114 -0.00144928 -0.00168175 -0.000348838 0.00111111 0.00295454
internal_weight=758 722 690 663 258 180 132
internal_count=758 722 690 663 258 180 132
is_linear=0
shrinkage=0.05


Tree=38
num_leaves=8
num_cat=0
split_feature=0 15 15 15 3 3 3
split_gain=0.515163 0.335928 0.918311 0.706067 0.607907 0.528302 0.3227
threshold=0.028606452966892907 0.0032001019979279737 0.00021014760718940376 0.0016761412430685854 0.0054034579729039809 0.00046801876631130673 -0.004801016641904631
decision_type=2 2 2 2 2 2 2
left_child=1 2 4 -4 6 -5 -1
right_child=-2 -3 3 5 -6 -7 -8
leaf_value=2.803328993010559e-07 0.00041372820264081849 -6.1256935825739124e-05 0.00041141724524108229 0.00027132888807929949 0.00025983062611519464 -0.00050120395375151123 -0.00021340332158600864
leaf_weight=81 35 242 50 25 29 28 258
leaf_count=81 35 242 50 25 29 28 258
internal_value=-0.000922461 -0.00121318 -0.000435245 0.00373786 -0.00160326 -0.00028302 -0.00219764
internal_weight=748 713 471 103 368 53 339
internal_count=748 713 471 103 368 53 339
is_linear=0
shrinkage=0.05


Tree=39
num_leaves=8
num_cat=0
split_feature=5 14 5 3 15 13 6
split_gain=0.635217 0.572857 0.698849 0.705616 1.04185 0.480074 0.425542
threshold=0.017328242382182866 0.11365091649526195 0.020423211645538734 0.0002749111721688236 -0.0018661576754923634 12.694999694824221 1.3791316487473453
decision_type=2 2 2 2 2 2 2
left_child=5 2 3 4 -2 -1 -7
right_child=1 -3 -4 -5 -6 6 -8
leaf_value=0.000389407711279449 -4.8917277564425321e-05 0.00020315982391476539 -2.202590483675489e-05 -4.4180506138501391e-05 0.00041270179586324766 -0.00011852475057720397 0.00033142654726146825
leaf_weight=26 28 27 111 98 44 363 40
leaf_count=26 28 27 111 98 44 363 40
internal_value=-0.000725917 0.00100649 0.000338077 0.00235294 0.00611111 -0.0019697 -0.00239454
internal_weight=737 308 281 170 72 429 403
internal_count=737 308 281 170 72 429 403
is_linear=0
shrinkage=0.05


Tree=40
num_leaves=8
num_cat=0
split_feature=13 9 10 2 6 8 11
split_gain=0.446815 0.508925 0.588272 0.522942 0.314965 0.367315 0.307528
threshold=12.555000305175783 0.23073991503515515 0.0043826949132023127 0.090392313758367884 1.3791316487473453 0.02081324242186933 0.023193320881576888
decision_type=2 10 2 2 2 8 2
left_child=-1 4 3 -3 6 -6 -2
right_child=1 2 -4 -5 5 -7 -8
leaf_value=0.00026750340392065917 -5.8827733210026389e-05 0.00024635663135307576 0.00056581446881344747 -0.00040381904727062939 0.00030907313155854622 -0.00051160670777535477 5.2746170096457498e-07
leaf_weight=31 493 26 26 31 36 26 81
leaf_count=31 493 26 26 31 36 26 81
internal_value=-0.0012 -0.00145341 0.00222891 -0.000614036 -0.00193396 0.00145161 -0.00229965
internal_weight=750 719 83 57 636 62 574
internal_count=750 719 83 57 636 62 574
is_linear=0
shrinkage=0.05


Tree=41
num_leaves=8
num_cat=0
split_feature=9 12 1 5 12 9 3
split_gain=0.519329 0.766148 0.940473 0.722 0.655058 0.878452 0.68097
threshold=-0.16030734159489166 0.034436805865122662 -0.016869177911533469 0.015350744850233211 0.02096310075060959 0.2813344598146244 0.0062636274234207931
decision_type=10 2 2 2 2 10 2
left_child=-1 4 -3 -4 5 6 -2
right_child=1 2 3 -5 -6 -7 -8
leaf_value=-0.00011520202124525425 -1.2275785206190026e-05 0.00045899611500304304 0.00039050689271385216 -1.3029476518271238e-05 -0.00026826240782007802 0.0003937254089859961 0.00026400839816211134
leaf_weight=192 220 31 25 100 125 29 30
leaf_count=192 220 31 25 100 125 29 30
internal_value=-0.000412235 0.000357142 0.00333333 0.0014 -0.00079208 0.000555554 -0.000400001
internal_weight=752 560 156 125 404 279 250
internal_count=752 560 156 125 404 279 250
is_linear=0
shrinkage=0.05


Tree=42
num_leaves=8
num_cat=0
split_feature=1 13 2 7 16 11 11
split_gain=0.53453 0.578483 0.486864 0.458566 0.849599 1.9544 1.00899
threshold=-0.053291782963374661 12.644999980926515 -0.069793670751844269 -0.02253408436900672 -0.0085219720321245123 0.0021655828678432969 -0.014003492278460259
decision_type=2 2 2 2 2 2 2
left_child=2 -2 -1 -3 5 -5 -6
right_child=1 3 -4 4 6 -7 -8
leaf_value=0.00019833220910198766 0.00027343241984917826 -7.4526547795400618e-05 -2.3759534985699605e-05 -0.00028005019166930538 0.00039500262308724113 0.00031159293419964903 -7.4652764979070963e-05
leaf_weight=25 35 189 32 55 29 48 340
leaf_count=25 35 189 32 55 29 48 340
internal_value=-0.000883135 -0.00126437 0.00377193 -0.00159607 -0.000762713 0.00325243 -0.00188347
internal_weight=753 696 57 661 472 103 369
internal_count=753 696 57 661 472 103 369
is_linear=0
shrinkage=0.05


Tree=43
num_leaves=8
num_cat=0
split_feature=0 9 8 6 12 5 6
split_gain=0.677423 0.364562 0.736472 0.332347 0.623219 0.536068 0.570478
threshold=0.028606452966892907 0.23073991503515515 0.10891976584839048 -0.69915142729840329 0.0086975765073127338 0.0184224162519992 -0.84619710751399702
decision_type=2 10 10 2 2 2 2
left_child=1 3 -3 4 -1 6 -6
right_child=-2 2 -4 -5 5 -7 -8
leaf_value=-0.00025951556797249546 0.00037383589379768456 0.00047656456061777146 -3.1719939348159104e-05 -4.7029399266918274e-05 -0.00026375016252605646 0.00034235087376275892 3.3854975371334858e-05
leaf_weight=53 32 39 34 498 28 25 37
leaf_count=53 32 39 34 498 28 25 37
internal_value=-0.00117963 -0.0014986 0.00184931 -0.00187988 0.000244754 0.00277778 0.000384614
internal_weight=746 714 73 641 143 90 65
internal_count=746 714 73 641 143 90 65
is_linear=0
shrinkage=0.05


Tree=44
num_leaves=8
num_cat=0
split_feature=0 16 2 16 1 14 16
split_gain=0.592793 0.329412 0.522851 0.869437 1.01445 0.28552 0.689977
threshold=0.028606452966892907 0.019599526227569556 0.023546731914805722 -0.01147318271638864 -0.0016042359652513325 -0.014609583018452553 0.0051778374353466114
decision_type=2 2 2 2 2 2 2
left_child=1 2 5 4 -4 -1 -7
right_child=-2 -3 3 -5 -6 6 -8
leaf_value=-0.00020244067279235074 0.0003257478467229367 -9.0270768590083696e-05 -2.2242721700674586e-05 -2.9437621231448292e-05 0.00045510940059346371 -4.4089197914963387e-05 6.3097936531976694e-05
leaf_weight=172 35 92 25 154 28 166 68
leaf_count=172 35 92 25 154 28 166 68
internal_value=-0.00135135 -0.00166667 -0.00124796 0.0007971 0.00632075 -0.00229064 -0.00115385
internal_weight=740 705 613 207 53 406 234
internal_count=740 705 613 207 53 406 234
is_linear=0
shrinkage=0.05


Tree=45
num_leaves=8
num_cat=0
split_feature=6 1 16 9 4 1 0
split_gain=0.584676 0.541707 0.887111 0.736773 0.805963 0.417778 0.405816
threshold=0.21748469665145778 -0.0040079850384444051 -0.0060159834535865589 0.1025107003767879 0.02731331221706719 -0.046098159359530592 -0.007067267969439405
decision_type=2 2 2 8 2 2 2
left_child=6 5 -3 4 -4 -2 -1
right_child=1 2 3 -5 -6 -7 -8
leaf_value=1.7872301549185974e-06 0.00017791685914959933 0.00060013026134464334 0.00088057993531481501 -0.0002341268107413367 -0.00029428286730602971 -0.00021938713028065381 -4.3100623332859881e-05
leaf_weight=162 25 28 28 53 26 47 377
leaf_count=162 25 28 28 53 26 47 377
internal_value=-0.000978553 0.00128019 0.00314815 0.00107477 0.00518518 -0.00222222 -0.00184601
internal_weight=746 207 135 107 54 72 539
internal_count=746 207 135 107 54 72 539
is_linear=0
shrinkage=0.05


Tree=46
num_leaves=8
num_cat=0
split_feature=0 1 9 6 16 6 3
split_gain=0.698171 0.276635 0.441136 0.620606 0.373777 0.380306 0.333064
threshold=0.028606452966892907 0.053445672358744874 0.23073991503515515 -0.12326548536116674 -0.03065063575242782 2.2254367448267467 -0.0046199551979704259
decision_type=2 2 10 2 2 2 2
left_child=1 2 4 -4 -1 6 -6
right_child=-2 -3 3 -5 5 -7 -8
leaf_value=9.8503801366148423e-05 0.00036036175823865504 -0.00018084668502293505 -8.4645278435524962e-05 0.000483502045385476 2.000174909487422e-06 0.00024510744781351619 -5.3462214604798712e-05
leaf_weight=27 31 49 30 25 74 28 484
leaf_count=27 31 49 30 25 74 28 484
internal_value=-0.00105615 -0.00137378 -0.00110779 0.00318182 -0.00149266 -0.00175768 -0.00204301
internal_weight=748 717 668 55 613 586 558
internal_count=748 717 668 55 613 586 558
is_linear=0
shrinkage=0.05


Tree=47
num_leaves=8
num_cat=0
split_feature=0 3 12 13 1 16 6
split_gain=0.616887 0.336625 0.507214 0.456049 0.27776 0.498213 0.942308
threshold=0.028606452966892907 -0.0046199551979704259 0.0090148119717247139 15.984999656677248 -0.0016042359652513325 -0.0062032497539457046 -0.29021889055751093
decision_type=2 2 2 2 2 2 2
left_child=1 2 -1 -4 -3 6 -6
right_child=-2 4 3 -5 5 -7 -8
leaf_value=-4.8628678145174973e-05 0.0003115990986185837 -5.6776246645424597e-05 -4.5091787766193294e-06 0.00016628344747161744 -0.00045161355530905917 -4.3687168803525916e-05 0.00060397756971230718
leaf_weight=56 33 294 30 29 26 245 26
leaf_count=56 33 294 30 29 26 245 26
internal_value=-0.00107578 -0.0013881 0.00108696 0.00432203 -0.00186971 -0.000791247 0.00365384
internal_weight=739 706 115 59 591 297 52
internal_count=739 706 115 59 591 297 52
is_linear=0
shrinkage=0.05


Tree=48
num_leaves=8
num_cat=0
split_feature=1 13 13 13 7 14 10
split_gain=0.798306 0.673442 0.656582 0.358431 0.451576 0.464806 0.875214
threshold=-0.052296258886665219 12.644999980926515 19.72500038146973 14.614999771118166 -0.010126794036757201 -0.041613677684134036 0.0052131672495069345
decision_type=2 2 2 2 2 2 2
left_child=2 -2 -1 -3 -5 -6 -7
right_child=1 3 -4 4 5 6 -8
leaf_value=-2.5155967874973163e-06 0.00019473730044535699 -0.00015204926023641604 0.00023054038515643298 -6.8051903478385045e-05 -0.00013468023181010391 -7.3106297789643099e-06 0.0003264203951666254
leaf_weight=32 27 156 26 193 72 195 39
leaf_count=32 27 156 26 193 72 195 39
internal_value=-0.00114865 -0.00162757 0.00448276 -0.00194657 -0.00129259 -9.80404e-05 0.000982905
internal_weight=740 682 58 655 499 306 234
internal_count=740 682 58 655 499 306 234
is_linear=0
shrinkage=0.05


Tree=49
num_leaves=8
num_cat=0
split_feature=0 8 6 0 14 12 2
split_gain=0.709429 0.307794 0.456994 0.93617 0.342657 0.830288 0.302707
threshold=0.028606452966892907 -0.05794115163177415 -0.48047041783976024 -0.007067267969439405 -0.0091057157714133346 0.037030604996718515 -0.096996470836181001
decision_type=2 10 2 2 2 2 2
left_child=1 6 3 -3 -5 -6 -1
right_child=-2 2 -4 4 5 -7 -8
leaf_value=-1.3060623424497798e-05 0.00031044270034681653 0.00024797037790293179 -2.6703436599009575e-05 -9.8884909842658202e-05 -4.8029667100795987e-05 0.00026635813165493702 -0.00015482864979859989
leaf_weight=54 31 44 358 78 41 25 102
leaf_count=54 31 44 358 78 41 25 102
internal_value=-0.00111187 -0.00143875 -0.000879122 0.00111702 -0.000833335 0.00181818 -0.00339744
internal_weight=733 702 546 188 144 66 156
internal_count=733 702 546 188 144 66 156
is_linear=0
shrinkage=0.05


Tree=50
num_leaves=8
num_cat=0
split_feature=7 1 5 8 2 0 0
split_gain=0.631409 0.405614 0.371218 0.267124 0.447978 0.907407 0.317151
threshold=-0.054988393084050895 -0.053291782963374661 0.011847699511189131 -0.093761519274867963 -0.066620194452985101 0.00032874984285646841 0.028606452966892907
decision_type=2 2 2 10 2 2 2
left_child=1 -1 -2 -4 5 -5 -6
right_child=2 -3 3 4 6 -7 -8
leaf_value=0.00014980503365452224 -0.00023779776353452625 -8.5027473495208846e-05 -0.00031857335674726275 -7.0267797870654375e-05 -2.1396947661285731e-05 0.00036410219108741173 0.00022154888029770421
leaf_weight=32 76 25 45 27 479 27 29
leaf_count=32 76 25 45 27 479 27 29
internal_value=-0.00128378 0.00377193 -0.00170571 -0.00129325 -0.000996442 0.00333333 -0.00145669
internal_weight=740 57 683 607 562 54 508
internal_count=740 57 683 607 562 54 508
is_linear=0
shrinkage=0.05


Tree=51
num_leaves=8
num_cat=0
split_feature=9 7 4 0 14 7 14
split_gain=0.387925 0.407714 0.405235 0.727857 0.441489 0.700939 0.379339
threshold=0.35994452748425604 -0.054988393084050895 0.028587670966685387 0.01987805993982306 -0.008595690120394071 -0.0050367827453846039 0.064380578257103652
decision_type=8 2 2 2 2 2 2
left_child=1 -1 3 4 5 -3 -6
right_child=-2 2 -4 -5 6 -7 -8
leaf_value=0.00012736263696195037 -5.8609249391229992e-05 0.00034126345481165108 -2.7658303900776968e-05 0.00031546220800749016 -0.00022935908857682106 -2.0959436824879596e-05 0.00010897060668649272
leaf_weight=36 182 48 216 38 118 79 45
leaf_count=36 182 48 216 38 118 79 45
internal_value=-0.00106299 -0.000431036 -0.00077206 0.000335365 -0.000517243 0.00169291 -0.00223926
internal_weight=762 580 544 328 290 127 163
internal_count=762 580 544 328 290 127 163
is_linear=0
shrinkage=0.05


Tree=52
num_leaves=8
num_cat=0
split_feature=0 9 8 14 15 6 13
split_gain=0.625284 0.336054 0.486527 0.333415 0.531614 0.408656 0.290642
threshold=0.028606452966892907 0.23073991503515515 0.051309654262723277 0.093015395411206861 -0.0079511712901329506 2.2254367448267467 12.555000305175783
decision_type=2 10 10 2 2 2 2
left_child=1 3 -3 5 -5 6 -1
right_child=-2 2 -4 4 -6 -7 -8
leaf_value=0.00019615200588072882 0.00023864227046724708 0.00034785364272333621 -9.4568506748056609e-06 -0.00019258563084614613 0.00040955181857537173 0.00020687843618480301 -4.2099906533934424e-05
leaf_weight=26 33 30 44 28 31 29 527
leaf_count=26 33 30 44 28 31 29 527
internal_value=-0.001123 -0.00143357 0.00175676 -0.00180187 0.00177966 -0.00216495 -0.00246836
internal_weight=748 715 74 641 59 582 553
internal_count=748 715 74 641 59 582 553
is_linear=0
shrinkage=0.05


Tree=53
num_leaves=8
num_cat=0
split_feature=1 9 14 14 6 12 2
split_gain=0.372447 0.543343 0.403121 0.569404 0.409472 0.420779 0.858413
threshold=-0.052296258886665219 0.060536874387546964 -0.014609583018452553 -0.0078563959177023728 -0.47744795128882767 0.014776412045584443 1.0000000180025095e-35
decision_type=2 8 2 2 2 2 2
left_child=1 -1 -2 -4 5 -5 -7
right_child=2 -3 3 4 -6 6 -8
leaf_value=0.00018798461391513656 -0.00014567387709232021 -2.0182477521625436e-05 0.00035863667485633007 -4.4960870544507923e-05 -4.6970324673512067e-05 9.5265251477144911e-05 -1.9384916272207656e-05
leaf_weight=28 291 33 40 55 226 25 45
leaf_count=28 291 33 40 55 226 25 45
internal_value=-0.00136608 0.00237705 -0.00170088 -0.000652175 -0.0012963 0.000999999 0.00357143
internal_weight=743 61 682 391 351 125 70
internal_count=743 61 682 391 351 125 70
is_linear=0
shrinkage=0.05


Tree=54
num_leaves=8
num_cat=0
split_feature=9 11 14 6 4 11 16
split_gain=0.547009 1.38753 0.528799 0.527188 0.530396 0.352881 0.375098
threshold=0.19839653571937801 -0.0036909172011733156 0.009860755526874045 1.009790302065549 0.023935986983853519 0.01246418622804202 -0.0068596223647773283
decision_type=10 2 2 2 2 2 2
left_child=3 -2 -3 5 -5 -1 -7
right_child=1 2 -4 4 -6 6 -8
leaf_value=-5.7771121288721796e-05 0.00043888957756833678 -0.00025402321516714314 0.00025542079488768407 0.00025207458265918389 -0.00014153987017483322 0.00025376363538017626 -4.8034376922907817e-05
leaf_weight=374 32 60 27 35 46 25 148
leaf_count=374 32 60 27 35 46 25 148
internal_value=-0.00138554 0.00172269 -0.00155173 -0.00197452 0.00179012 -0.00253199 -0.000664741
internal_weight=747 119 87 628 81 547 173
internal_count=747 119 87 628 81 547 173
is_linear=0
shrinkage=0.05


Tree=55
num_leaves=8
num_cat=0
split_feature=0 4 1 1 4 9 10
split_gain=0.56389 0.355706 0.401803 0.680491 0.342287 0.335346 0.526367
threshold=0.028606452966892907 0.038000993775965629 0.019966705843075808 0.015240815359499617 0.041300152846090475 -0.044162252534792105 -0.0012922335739780075
decision_type=2 2 2 2 2 8 2
left_child=1 2 3 5 -3 6 -1
right_child=-2 4 -4 -5 -6 -7 -8
leaf_value=-0.00016898902210241401 0.00019201599852246347 0.00028234008960105212 -0.00010420515944090602 0.00023710446648393235 -2.0655621301732841e-05 -4.1699314617492454e-05 0.00020991846466621289
leaf_weight=30 35 26 176 39 28 391 38
leaf_count=30 35 26 176 39 28 391 38
internal_value=-0.00119921 -0.00149725 -0.00181009 -0.00108434 0.00240741 -0.00162309 0.00161765
internal_weight=763 728 674 498 54 459 68
internal_count=763 728 674 498 54 459 68
is_linear=0
shrinkage=0.05


Tree=56
num_leaves=8
num_cat=0
split_feature=0 5 7 7 13 5 11
split_gain=0.579358 0.409924 0.296012 0.704711 0.448227 0.286528 0.377285
threshold=0.028606452966892907 0.024298900783459906 -0.020821968863776904 -0.01566927618543917 14.870000362396242 0.020583483017711134 -0.0034482783257907541
decision_type=2 2 2 2 2 2 2
left_child=1 2 -1 -4 -5 6 -6
right_child=-2 -3 3 4 5 -7 -8
leaf_value=-5.5639616421278882e-05 0.00018241519859634034 0.00018864632853648382 5.7533219471996525e-05 -0.00014333846119424717 0.00041727242514177161 -0.00019879858162329483 -2.8825540442524201e-05
leaf_weight=219 35 43 25 141 66 31 179
leaf_count=219 35 43 25 141 66 31 179
internal_value=-0.00127876 -0.00159091 -0.00189864 -0.00115385 -0.00164269 -0.000471016 0.00010204
internal_weight=739 704 661 442 417 276 245
internal_count=739 704 661 442 417 276 245
is_linear=0
shrinkage=0.05


Tree=57
num_leaves=8
num_cat=0
split_feature=0 5 3 7 9 11 11
split_gain=0.526803 0.52325 0.21944 0.443568 0.652803 1.02302 0.589226
threshold=0.028606452966892907 0.022755949470713979 -0.00084979751017999472 0.030025060538956819 0.084378407116861634 0.0053660199298344322 0.012763464240655777
decision_type=2 2 2 2 10 2 2
left_child=1 2 -1 4 6 -6 -4
right_child=-2 -3 3 -5 5 -7 -8
leaf_value=-3.4952077348387847e-05 0.00017329443866652338 0.0001488995589564191 -5.9505647596817209e-05 -0.00037985984280645448 0.00041983199721518419 -0.00022152315340094039 0.00020638605327899097
leaf_weight=253 35 53 164 94 37 26 73
leaf_count=253 35 53 164 94 37 26 73
internal_value=-0.000986396 -0.00128572 -0.00167697 -0.000939087 -1.19209e-09 0.00452381 -0.00120253
internal_weight=735 700 647 394 300 63 237
internal_count=735 700 647 394 300 63 237
is_linear=0
shrinkage=0.05


Tree=58
num_leaves=8
num_cat=0
split_feature=0 6 4 0 15 12 2
split_gain=0.631198 0.365654 0.801216 0.60713 0.694126 0.554293 0.463478
threshold=0.028606452966892907 0.21748469665145778 0.033185642213948131 -0.00065361614869763318 0.0027974486639651412 0.056550546731705904 0.045384691064129019
decision_type=2 2 2 2 2 2 2
left_child=1 5 3 -3 6 -1 -5
right_child=-2 2 -4 4 -6 -7 -8
leaf_value=-3.3016575964627388e-05 0.0002087981360982073 -0.00029174949180661301 0.00025831627156237179 0.00037900976460995069 -0.00041811981939041202 4.7637940095862321e-06 -4.1636451089792099e-05
leaf_weight=484 32 67 25 31 35 49 27
leaf_count=484 32 67 25 31 35 49 27
internal_value=-0.000933335 -0.00123956 0.000675674 -0.000625001 0.00198925 -0.00190432 0.00534483
internal_weight=750 718 185 160 93 533 58
internal_count=750 718 185 160 93 533 58
is_linear=0
shrinkage=0.05


Tree=59
num_leaves=8
num_cat=0
split_feature=6 0 8 2 12 3 2
split_gain=0.425034 0.698397 0.797736 0.962034 0.608593 0.511747 0.632325
threshold=0.17700666206166124 -0.00065361614869763318 -0.0024147766731393845 0.088205868034558779 0.057873596393828615 0.0054034579729039809 -0.013194816003804842
decision_type=2 2 10 2 2 2 2
left_child=4 -2 -3 -4 5 -1 -7
right_child=1 2 3 -5 -6 6 -8
leaf_value=-4.7060700465342041e-05 -0.00013276562938734098 -0.0001247442816745553 0.0013540504450684557 -6.3956440150978513e-05 4.2171426941457548e-06 6.89772026982939e-05 -0.00015294566770962783
leaf_weight=438 85 53 45 34 41 30 32
leaf_count=438 85 53 45 34 41 30 32
internal_value=-0.00156992 0.000299538 0.00257576 0.00575949 -0.00231978 -0.0028 0.00145161
internal_weight=758 217 132 79 541 500 62
internal_count=758 217 132 79 541 500 62
is_linear=0
shrinkage=0.05


Tree=60
num_leaves=8
num_cat=0
split_feature=0 12 1 11 1 13 6
split_gain=0.555242 0.355989 0.581521 0.41849 0.794566 0.537394 0.239634
threshold=0.028606452966892907 0.056550546731705904 0.018193344911723534 -0.014003492278460259 -0.0014281040392718489 23.409999847412113 -0.12326548536116674
decision_type=2 2 2 2 2 2 2
left_child=1 3 -3 4 5 -1 -5
right_child=-2 2 -4 6 -6 -7 -8
leaf_value=-0.0002701138151940486 0.00012248025319122472 9.8654589263144811e-05 -0.00025914360427922804 -6.0330159614503709e-05 0.0003933614462532466 0.00013351353053436937 -5.3910555520810861e-05
leaf_weight=48 34 41 29 330 37 29 205
leaf_count=48 34 41 29 330 37 29 205
internal_value=-0.000949536 -0.00124479 0.00214286 -0.00161017 0.00114035 -0.00175325 -0.00219626
internal_weight=753 719 70 649 114 77 535
internal_count=753 719 70 649 114 77 535
is_linear=0
shrinkage=0.05


end of trees

feature_importances:
dist_ma200=45
dvol_z_20=35
ret_1d=33
overnight_gap=33
ret_5d=31
ret_20d=30
sector_ret_5d=30
vix_level=29
vix_chg_1d=22
sector_ret_1d=22
spy_ret_1d=21
spy_ret_5d=20
parkinson_20=17
dist_ma20=17
dist_ma50=17
spy_ret_20d=14
atr_pct=11

parameters:
[boosting: gbdt]
[objective: quantile]
[metric: quantile]
[tree_learner: serial]
[device_type: cpu]
[data_sample_strategy: bagging]
[data: ]
[valid: ]
[num_iterations: 80]
[learning_rate: 0.05]
[num_leaves: 8]
[num_threads: 1]
[seed: 0]
[deterministic: 0]
[force_col_wise: 1]
[force_row_wise: 0]
[histogram_pool_size: -1]
[max_depth: -1]
[min_data_in_leaf: 25]
[min_sum_hessian_in_leaf: 0.001]
[bagging_fraction: 0.9]
[pos_bagging_fraction: 1]
[neg_bagging_fraction: 1]
[bagging_freq: 1]
[bagging_seed: 3]
[bagging_by_query: 0]
[feature_fraction: 0.9]
[feature_fraction_bynode: 1]
[feature_fraction_seed: 2]
[extra_trees: 0]
[extra_seed: 6]
[early_stopping_round: 0]
[early_stopping_min_delta: 0]
[first_metric_only: 0]
[max_delta_step: 0]
[lambda_l1: 0]
[lambda_l2: 0]
[linear_lambda: 0]
[min_gain_to_split: 0]
[drop_rate: 0.1]
[max_drop: 50]
[skip_drop: 0.5]
[xgboost_dart_mode: 0]
[uniform_drop: 0]
[drop_seed: 4]
[top_rate: 0.2]
[other_rate: 0.1]
[min_data_per_group: 100]
[max_cat_threshold: 32]
[cat_l2: 10]
[cat_smooth: 10]
[max_cat_to_onehot: 4]
[top_k: 20]
[monotone_constraints: ]
[monotone_constraints_method: basic]
[monotone_penalty: 0]
[feature_contri: ]
[forcedsplits_filename: ]
[refit_decay_rate: 0.9]
[cegb_tradeoff: 1]
[cegb_penalty_split: 0]
[cegb_penalty_feature_lazy: ]
[cegb_penalty_feature_coupled: ]
[path_smooth: 0]
[interaction_constraints: ]
[verbosity: -1]
[saved_feature_importance_type: 0]
[use_quantized_grad: 0]
[num_grad_quant_bins: 4]
[quant_train_renew_leaf: 0]
[stochastic_rounding: 1]
[linear_tree: 0]
[max_bin: 255]
[max_bin_by_feature: ]
[min_data_in_bin: 3]
[bin_construct_sample_cnt: 200000]
[data_random_seed: 1]
[is_enable_sparse: 1]
[enable_bundle: 1]
[use_missing: 1]
[zero_as_missing: 0]
[feature_pre_filter: 1]
[pre_partition: 0]
[two_round: 0]
[header: 0]
[label_column: ]
[weight_column: ]
[group_column: ]
[ignore_column: ]
[categorical_feature: ]
[forcedbins_filename: ]
[precise_float_parser: 0]
[parser_config_file: ]
[objective_seed: 5]
[num_class: 1]
[is_unbalance: 0]
[scale_pos_weight: 1]
[sigmoid: 1]
[boost_from_average: 1]
[reg_sqrt: 0]
[alpha: 0.9]
[fair_c: 1]
[poisson_max_delta_step: 0.7]
[tweedie_variance_power: 1.5]
[lambdarank_truncation_level: 30]
[lambdarank_norm: 1]
[label_gain: ]
[lambdarank_position_bias_regularization: 0]
[eval_at: ]
[multi_error_top_k: 1]
[auc_mu_weights: ]
[num_machines: 1]
[local_listen_port: 12400]
[time_out: 120]
[machine_list_filename: ]
[machines: ]
[gpu_platform_id: -1]
[gpu_device_id: -1]
[gpu_device_id_list: ]
[gpu_use_dp: 0]
[num_gpu: 1]

end of parameters

pandas_categorical:[]
