tree
version=v4
num_class=1
num_tree_per_iteration=1
label_index=0
max_feature_idx=16
objective=quantile
feature_names=ret_1d ret_5d ret_20d overnight_gap atr_pct parkinson_20 dvol_z_20 dist_ma20 dist_ma50 dist_ma200 spy_ret_1d spy_ret_5d spy_ret_20d vix_level vix_chg_1d sector_ret_1d sector_ret_5d
feature_infos=[-0.20019274346886151:0.125767147202275] [-0.20408874220755413:0.20807894956929007] [-0.36246043637459768:0.27108886107634533] [-0.18660953819706716:0.14374673793711645] [0.013504959862116779:0.076888285128100142] [0.0085749747180007951:0.03668987475761229] [-2.1300170439233641:4.1440954576861424] [-0.22757690488932303:0.17731976672347272] [-0.35367804915929613:0.21028695627541438] [-0.46013689821174031:0.27804392971286562] [-0.058542947643003718:0.10501933612632941] [-0.11496158439845272:0.082843216242346029] [-0.12265592443394913:0.15756596870864792] [11.859999656677246:52.330001831054688] [-0.35753873962348437:0.74039073966007019] [-0.068244726543857936:0.13419383554022479] [-0.13586538461538455:0.11772560364971629]
tree_sizes=852 864 861 863 859 856 868 863 866 858 860 859 834 865 849 853 856 861 863 861

Tree=0
num_leaves=8
num_cat=0
split_feature=4 8 14 6 6 1 12
split_gain=2.07083 1.2029 1.06638 1.12015 1.1987 1.12946 0.779779
threshold=0.03543835225512923 -0.025045725944256299 0.0017102699334086149 -0.92196460220523269 0.11148191189551186 0.0090156620320582821 -0.0021779989337359913
decision_type=2 8 2 2 2 2 2
left_child=2 6 -1 -4 -5 -6 -2
right_child=1 -3 3 4 5 -7 -8
leaf_value=-0.0026098599329083551 -0.0026300614656922616 -0.0033245875867754069 -0.0030585124196880918 -0.0026155862343631678 -0.0027425928995439062 -0.0032706266768147084 -0.0032402342093768529
leaf_weight=360 39 38 29 141 66 37 40
leaf_count=360 39 38 29 141 66 37 40
internal_value=-0.00274696 -0.00885807 -0.00161742 -0.00397407 -0.00286991 -0.00697026 -0.0053419
internal_weight=750 117 633 273 244 103 79
internal_count=750 117 633 273 244 103 79
is_linear=0
shrinkage=1


Tree=1
num_leaves=8
num_cat=0
split_feature=4 8 12 14 13 11 14
split_gain=0.975881 1.37403 0.809857 0.737212 1.47984 0.520818 0.334125
threshold=0.03543835225512923 -0.025723847886007952 -0.0021779989337359913 0.013234785210327617 14.340000152587892 0.0028224343190543792 0.038811658900465458
decision_type=2 8 2 2 2 2 2
left_child=3 2 -2 -1 -5 -6 -7
right_child=1 -3 -4 4 5 6 -8
leaf_value=0.00012369417734551329 0.00018713937805659879 -0.00061476354585467846 -0.00030943039738378947 -0.00038921725808784436 0.00010729036844647144 0.00021671367472543584 -0.00059537677725523793
leaf_weight=393 38 35 39 46 118 28 37
leaf_count=393 38 35 39 46 118 28 37
internal_value=0.000367848 -0.00392857 -0.000194805 0.00114148 -0.00111354 0.00090164 -0.00269231
internal_weight=734 112 77 622 229 183 65
internal_count=734 112 77 622 229 183 65
is_linear=0
shrinkage=0.05


Tree=2
num_leaves=8
num_cat=0
split_feature=4 12 13 14 8 8 2
split_gain=1.29641 1.18357 0.844828 0.56865 0.868711 0.926001 0.435185
threshold=0.035971194713798747 -0.0021779989337359913 18.035000801086429 -0.02368562203831703 0.036648278058583957 0.050771030409748626 0.14639453275090289
decision_type=2 2 2 2 8 8 2
left_child=3 -2 -3 -1 -5 -6 -7
right_child=1 2 -4 4 5 6 -8
leaf_value=0.00011493621280776246 6.2417703093091501e-05 -0.00034009362266117644 -0.0006038028769945529 9.4941925284022549e-05 -0.00048150089751576857 1.5889855544483145e-05 -0.00020373460685025108
leaf_weight=206 56 29 29 269 28 107 25
leaf_count=206 56 29 29 269 28 107 25
internal_value=0.000260347 -0.00464912 -0.00965517 0.00114173 0.000104895 -0.0028125 -0.00106061
internal_weight=749 114 58 635 429 160 132
internal_count=749 114 58 635 429 160 132
is_linear=0
shrinkage=0.05


Tree=3
num_leaves=8
num_cat=0
split_feature=4 8 14 12 2 7 7
split_gain=1.26652 0.952155 0.736832 1.99366 0.859054 0.668412 0.453257
threshold=0.03543835225512923 -0.023499856680601224 1.0000000180025095e-35 0.033074838531269919 0.077116899391490926 -0.095071023128444607 0.02213876632857326
decision_type=2 8 2 2 2 2 2
left_child=2 5 6 -4 -5 -2 -1
right_child=1 -3 3 4 -6 -7 -8
leaf_value=0.00012070570969223046 -0.00064089075050595976 -0.00037388284316615031 4.1317877336576073e-05 -0.00029494423323155945 -0.00013788236028396028 9.1625830087955598e-05 1.0225238866624961e-05
leaf_weight=223 26 36 205 34 37 54 128
leaf_count=223 26 36 205 34 37 54 128
internal_value=-0.000114401 -0.00491379 0.000773525 -0.00115942 -0.00838028 -0.001875 0.00229345
internal_weight=743 116 627 276 71 80 351
internal_count=743 116 627 276 71 80 351
is_linear=0
shrinkage=0.05


Tree=4
num_leaves=8
num_cat=0
split_feature=9 9 2 9 16 0 2
split_gain=0.978921 1.13174 0.513781 0.550456 0.473157 0.446028 1.35273
threshold=-0.20059145256675057 -0.32127695837150572 0.12078971766192871 0.15405773525303459 0.025891082444643668 -0.0010182538641932968 0.057078687063571672
decision_type=8 10 2 10 2 2 2
left_child=1 -1 4 -4 5 6 -2
right_child=2 -3 3 -5 -6 -7 -8
leaf_value=2.6665890097644746e-05 1.9241865347544341e-05 -0.0016998364690845689 -0.00036835578126228577 0.00015850574074310558 0.0001843780795804823 9.0590052281286137e-05 -0.00019356511485528046
leaf_weight=48 211 28 25 27 148 226 33
leaf_count=48 211 28 25 27 148 226 33
internal_value=0.000509384 -0.00486842 0.0011194 -0.00365385 0.00152104 0.000744681 -0.000737705
internal_weight=746 76 670 52 618 470 244
internal_count=746 76 670 52 618 470 244
is_linear=0
shrinkage=0.05


Tree=5
num_leaves=8
num_cat=0
split_feature=4 14 6 9 14 11 16
split_gain=1.38863 1.04925 1.00466 0.564854 0.730501 0.662033 0.528169
threshold=0.03543835225512923 0.003286853869637119 -0.6221804519037929 0.013757783299484407 0.028971532531295811 0.0015109645581827815 0.025891082444643668
decision_type=2 2 2 10 2 2 2
left_child=3 2 -2 -1 6 -6 -5
right_child=1 -3 -4 4 5 -7 -8
leaf_value=9.4080085175590262e-05 -4.3338445255597926e-05 0.00011880459040757271 -0.00065331993565192624 -3.6216462274390527e-05 -0.00029277322613792135 -0.0005342667522327219 0.00013734181145315922
leaf_weight=340 25 47 43 142 41 28 71
leaf_count=340 25 47 43 142 41 28 71
internal_value=4.749e-05 -0.005 -0.00897059 0.000980708 -0.000673759 -0.00514493 0.000774648
internal_weight=737 115 68 622 282 69 213
internal_count=737 115 68 622 282 69 213
is_linear=0
shrinkage=0.05


Tree=6
num_leaves=8
num_cat=0
split_feature=4 8 9 4 12 2 0
split_gain=1.15293 0.85675 0.616502 0.701564 0.597561 0.589143 0.571765
threshold=0.03543835225512923 -0.025045725944256299 0.013757783299484407 0.025375624585516617 -0.0021779989337359913 0.070980767697736882 -0.0010182538641932968
decision_type=2 8 10 2 2 2 2
left_child=2 4 5 6 -2 -1 -4
right_child=1 -3 3 -5 -6 -7 -8
leaf_value=0.00011427963539663229 0.00017003151953553825 -0.00040900300228392306 -0.00013565700177972125 -0.00046306790001439369 -0.0004230434188477899 -0.00017793576538989919 0.00012066414611710006
leaf_weight=288 41 38 96 48 41 52 142
leaf_count=288 41 38 96 48 41 52 142
internal_value=-9.38336e-05 -0.00458333 0.000766773 -0.000944056 -0.00170732 0.00220588 0.000168067
internal_weight=746 120 626 286 82 340 238
internal_count=746 120 626 286 82 340 238
is_linear=0
shrinkage=0.05


Tree=7
num_leaves=8
num_cat=0
split_feature=4 8 14 6 6 3 0
split_gain=0.945913 0.932467 0.719076 1.00242 0.867705 1.02693 0.823362
threshold=0.035971194713798747 -0.025045725944256299 0.010891009150098998 -0.87774615200391581 -0.066611649488080502 -0.0021738170711420031 -0.013168106499340968
decision_type=2 8 2 2 2 2 2
left_child=2 -2 -1 -4 -5 6 -6
right_child=1 -3 3 4 5 -7 -8
leaf_value=8.5370104847540024e-05 -8.1418834619725056e-05 -0.00046453473636023641 -0.00036468844320674317 0.00013862286514454485 -0.00025692795947768833 9.497064523900717e-05 -0.00047800246156596893
leaf_weight=396 86 34 25 89 27 63 25
leaf_count=396 86 34 25 89 27 63 25
internal_value=-0.000100671 -0.00416667 0.00068 -0.00155022 -0.000392157 -0.00326087 -0.00846154
internal_weight=745 120 625 229 204 115 52
internal_count=745 120 625 229 204 115 52
is_linear=0
shrinkage=0.05


Tree=8
num_leaves=8
num_cat=0
split_feature=4 0 0 13 14 6 12
split_gain=0.812752 0.888989 1.09641 0.574443 0.811561 0.807493 1.17022
threshold=0.035971194713798747 0.011001212063735612 -0.014120332420232471 16.894999504089359 -0.0029443342389950384 -0.87774615200391581 0.03728924944291568
decision_type=2 2 2 2 2 2 2
left_child=3 2 -2 4 -1 -6 -7
right_child=1 -3 -4 -5 5 6 -8
leaf_value=0.00011340258156384273 -3.2216954875080215e-05 0.00015684406550574886 -0.00041899034577925012 9.7055606707446691e-05 -0.0003464540210464061 7.5980248394764854e-05 -0.00027162029148705534
leaf_weight=210 41 40 36 254 25 112 46
leaf_count=210 41 40 36 254 25 112 46
internal_value=0.000287958 -0.00354701 -0.00668831 0.000981453 -0.000216285 -0.00265027 -0.00132911
internal_weight=764 117 77 647 393 183 158
internal_count=764 117 77 647 393 183 158
is_linear=0
shrinkage=0.05


Tree=9
num_leaves=8
num_cat=0
split_feature=9 5 8 0 6 6 9
split_gain=0.627391 1.45129 0.564799 1.21332 1.10054 0.633874 1.23521
threshold=-0.20059145256675057 0.026351927324514683 0.038948722242590723 -0.0046602840561394956 -0.066611649488080502 -0.92196460220523269 0.0079717742402337661
decision_type=8 2 8 2 2 2 10
left_child=1 -1 5 4 -4 6 -2
right_child=2 -3 3 -5 -6 -7 -8
leaf_value=-0.0010124409680444819 0.00015411387751631229 0.00010968214482502228 -4.0362102836431195e-05 2.6054159161012987e-05 -0.00089128300648492467 0.00010241897808647041 -0.00040410312213254724
leaf_weight=27 34 49 38 179 28 360 29
leaf_count=27 34 49 38 179 28 360 29
internal_value=9.40862e-05 -0.00421053 0.000583833 -0.00132653 -0.00712121 0.00169031 -0.00293651
internal_weight=744 76 668 245 66 423 63
internal_count=744 76 668 245 66 423 63
is_linear=0
shrinkage=0.05


Tree=10
num_leaves=8
num_cat=0
split_feature=5 12 8 0 0 1 11
split_gain=1.26936 1.1949 0.473328 1.20314 0.792549 0.441112 0.835047
threshold=0.020925334987844307 -0.0021779989337359913 0.038948722242590723 -0.0046602840561394956 -0.012098736447027246 0.039846024516157381 0.015047033906525955
decision_type=2 2 8 2 2 2 2
left_child=2 -2 -1 4 -4 6 -5
right_child=1 -3 3 5 -6 -7 -8
leaf_value=6.6792445686505761e-05 0.00017563094933498456 -0.00080493564451537174 -8.543181910283748e-05 6.2356890344718088e-05 -0.0002722950129074694 0.0001575610993514266 -0.00016631457299865661
leaf_weight=417 46 48 27 89 32 57 33
leaf_count=417 46 48 27 89 32 57 33
internal_value=0.000327103 -0.00510638 0.00110687 -0.000672269 -0.00686441 0.00136872 -0.000327869
internal_weight=749 94 655 238 59 179 122
internal_count=749 94 655 238 59 179 122
is_linear=0
shrinkage=0.05


Tree=11
num_leaves=8
num_cat=0
split_feature=5 5 2 1 12 9 14
split_gain=1.17802 1.29411 0.609063 0.856464 1.03116 0.348012 0.456604
threshold=0.020925334987844307 0.02491196534535901 0.085421334001430607 0.040491863706781935 0.041391549965092096 -0.0087132387544642236 0.038811658900465458
decision_type=2 2 2 2 2 10 2
left_child=2 -2 5 4 -4 -1 -7
right_child=1 -3 3 -5 -6 6 -8
leaf_value=0.00010659547155985775 -0.0011390474196933118 -0.00011097552202662084 -0.00026245610018654802 0.00011224120139211223 9.9760439127682893e-06 6.1010917495078983e-05 -0.00019699089819933733
leaf_weight=277 26 66 38 31 44 212 53
leaf_count=277 26 66 38 31 44 212 53
internal_value=0.000515395 -0.00478261 0.00125954 -0.00207965 -0.0047561 0.00195572 0.000660378
internal_weight=747 92 655 113 82 542 265
internal_count=747 92 655 113 82 542 265
is_linear=0
shrinkage=0.05


Tree=12
num_leaves=8
num_cat=0
split_feature=6 1 6 2 9 9 8
split_gain=0.820182 1.69 0.540064 0.653333 0.5 0.460303 0.272399
threshold=-0.92196460220523269 0.0060054154628679255 1.1337130192254739 0.050947493486395719 0.016187880661943991 0.051294292729548004 0.062060170788649456
decision_type=2 2 2 2 8 8 8
left_child=1 4 6 5 -1 -4 -2
right_child=2 -3 3 -5 -6 -7 -8
leaf_value=-0.0002167641290458934 9.3626231040213397e-05 0.0001017134275663884 -0.00056190369793759573 -0.00075943923968116553 -0.00033152267212925861 0.00028092835790350192 -1.4950961737631486e-06
leaf_weight=25 417 50 44 25 25 31 117
leaf_count=25 417 50 44 25 25 31 117
internal_value=0.000708447 -0.0035 0.00137224 -0.002 -0.01 0.000333334 0.00200375
internal_weight=734 100 634 100 50 75 534
internal_count=734 100 634 100 50 75 534
is_linear=0
shrinkage=0.05


Tree=13
num_leaves=8
num_cat=0
split_feature=5 12 16 14 13 1 3
split_gain=0.837648 0.641249 0.509804 0.44314 0.900537 0.38295 0.4536
threshold=0.020925334987844307 -0.0021779989337359913 -0.0070536252802962931 0.013234785210327617 14.340000152587892 -0.033886731254655571 0.0037673323270815966
decision_type=2 2 2 2 2 2 2
left_child=3 2 -2 -1 -5 -6 -7
right_child=1 -3 -4 4 5 6 -8
leaf_value=7.2429489918920367e-05 -0.00011107194992139281 -0.00056246789698537701 0.00027811732433897986 -0.00025584270197016466 0.00044702863476741992 -2.1620615848362781e-05 0.00012853100187761062
leaf_weight=412 25 46 26 47 46 111 32
leaf_count=412 25 46 26 47 46 111 32
internal_value=0.00057047 -0.00376289 9.80394e-05 0.00121914 -0.000508474 0.00103175 -0.000244755
internal_weight=745 97 51 648 236 189 143
internal_count=745 97 51 648 236 189 143
is_linear=0
shrinkage=0.05


Tree=14
num_leaves=8
num_cat=0
split_feature=6 14 4 6 14 2 7
split_gain=0.534894 0.555556 0.490909 0.335216 1.20708 0.493714 0.404968
threshold=1.1337130192254739 0.038811658900465458 0.024636740172540594 -0.92196460220523269 0.010891009150098998 0.14639453275090289 -0.060149036596414067
decision_type=2 2 2 2 2 2 2
left_child=3 2 -2 4 -1 6 -5
right_child=1 -3 -4 5 -6 -7 -8
leaf_value=0.00010112473614281718 0.00035149037103308374 -0.00094766465036983175 -0.00042275495621704761 -0.00020155599042587038 -0.00039831775121675647 -8.6134194688964669e-05 8.0749127373799966e-05
leaf_weight=73 27 30 33 39 31 25 461
leaf_count=73 27 30 33 39 31 25 461
internal_value=0.000827538 -0.00277778 1.86265e-10 0.0013434 -0.00125 0.00185714 0.0022
internal_weight=719 90 60 629 104 525 500
internal_count=719 90 60 629 104 525 500
is_linear=0
shrinkage=0.05


Tree=15
num_leaves=8
num_cat=0
split_feature=4 8 2 14 5 9 9
split_gain=0.724258 0.692308 0.552942 0.544011 0.525611 0.506504 0.548305
threshold=0.03543835225512923 -0.023499856680601224 0.12078971766192871 0.038811658900465458 0.012702023585495589 -0.015050383974900603 0.051294292729548004
decision_type=2 8 2 2 2 8 8
left_child=2 -2 3 -1 -4 -5 -7
right_child=1 -3 4 5 -6 6 -8
leaf_value=6.7139756036979829e-05 -9.9296102042621863e-05 -0.0001840908025748834 0.00012988022774402223 0.0002346150082089926 -0.00023795571657102651 -0.0005004756835692148 -6.2369550835336496e-07
leaf_weight=436 81 36 26 39 25 29 71
leaf_count=436 81 36 26 39 25 29 71
internal_value=0.000491252 -0.00311966 0.00116613 0.0016087 -0.00382353 -0.00111511 -0.003
internal_weight=743 117 626 575 51 139 100
internal_count=743 117 626 575 51 139 100
is_linear=0
shrinkage=0.05


Tree=16
num_leaves=8
num_cat=0
split_feature=2 7 4 4 6 3 6
split_gain=0.689949 0.669852 0.504969 0.609985 0.429545 0.211163 0.424747
threshold=0.12078971766192871 0.054131597479727962 0.043082648287489193 0.050416875815064092 -1.1323627150105804 -0.0091039371665985729 -0.066611649488080502
decision_type=2 2 2 2 2 2 2
left_child=2 -2 4 -4 -1 6 -6
right_child=1 -3 3 -5 5 -7 -8
leaf_value=-1.1203225129439536e-05 -0.00020459158080511774 1.5965028138595157e-05 -0.0005105323304040822 0.00020109449970906546 5.6797410309174791e-05 6.2601592050893926e-05 -0.00013201080163094801
leaf_weight=40 25 37 35 31 30 523 36
leaf_count=40 25 37 35 31 30 523 36
internal_value=0.000376486 -0.00467742 0.000827338 -0.00333333 0.00126391 0.00160441 -0.00106061
internal_weight=757 62 695 66 629 589 66
internal_count=757 62 695 66 629 589 66
is_linear=0
shrinkage=0.05


Tree=17
num_leaves=8
num_cat=0
split_feature=5 5 9 4 1 7 12
split_gain=0.586693 0.738182 0.60141 0.981161 0.565867 0.717703 1.31072
threshold=0.020925334987844307 0.02491196534535901 0.0079717742402337661 0.026179790913763809 0.039846024516157381 0.030145713501177122 0.045280709361418599
decision_type=2 2 10 2 2 2 2
left_child=2 -2 -1 4 5 -4 -7
right_child=1 -3 3 -5 -6 6 -8
leaf_value=5.9142208724245384e-05 -0.00098780033234519287 -3.0760697016610891e-06 3.21835129256146e-05 -0.00039778789591859894 0.00011397188274973911 -0.00023165986928055582 0.00010387477755436377
leaf_weight=347 26 72 152 38 54 27 30
leaf_count=347 26 72 152 38 54 27 30
internal_value=0.000442359 -0.00316327 0.000987654 -0.00064784 0.000437263 -0.000741627 -0.00552632
internal_weight=746 98 648 301 263 209 57
internal_count=746 98 648 301 263 209 57
is_linear=0
shrinkage=0.05


Tree=18
num_leaves=8
num_cat=0
split_feature=0 0 2 6 6 8 11
split_gain=0.701123 1.44824 0.611863 0.575555 0.677517 0.685195 0.414654
threshold=-0.0010182538641932968 -0.0025973256545471775 0.12078971766192871 1.8696427509270812 -0.93247229030619383 0.068425891253609775 -0.01262108781240978
decision_type=2 2 2 2 2 8 2
left_child=1 3 6 4 -1 -6 -2
right_child=2 -3 -4 -5 5 -7 -8
leaf_value=-0.00012227615964025901 -0.00012073506049119472 -0.00035031564136317261 -7.5840367039145949e-05 -0.00045839042542173981 9.9355812147225773e-05 -0.00015853225579486439 8.9905869465621734e-05
leaf_weight=39 46 31 41 31 215 37 313
leaf_count=39 46 31 41 31 215 37 313
internal_value=0.000816733 -0.000807365 0.00225 0.000186336 0.000876289 0.0018254 0.00291086
internal_weight=753 353 400 322 291 252 359
internal_count=753 353 400 322 291 252 359
is_linear=0
shrinkage=0.05


Tree=19
num_leaves=8
num_cat=0
split_feature=5 14 9 8 16 7 15
split_gain=0.748435 0.914036 0.798441 0.502122 0.642857 1.04293 0.485514
threshold=0.020925334987844307 0.020125848996620292 -0.32127695837150572 0.032076764491316141 0.0013501333457180966 0.02213876632857326 -0.0040451297749238826
decision_type=2 2 8 8 2 2 2
left_child=3 2 -2 -1 5 -5 -6
right_child=1 -3 -4 4 6 -7 -8
leaf_value=4.6926254201187333e-05 -8.5863993369926343e-05 0.00018622578585961467 -0.0013588422739318736 5.9056179415525858e-05 -0.00034615908959681474 -0.00021103843175258516 6.7450011322836467e-05
leaf_weight=399 30 31 27 43 25 41 143
leaf_count=399 30 31 27 43 25 41 143
internal_value=0.000805142 -0.00352273 -0.0072807 0.00139017 -0.000357143 -0.00392857 0.00142857
internal_weight=739 88 57 651 252 84 168
internal_count=739 88 57 651 252 84 168
is_linear=0
shrinkage=0.05


end of trees

feature_importances:
dvol_z_20=16
vix_chg_1d=15
atr_pct=14
dist_ma200=14
dist_ma50=13
ret_20d=11
ret_1d=10
spy_ret_20d=10
parkinson_20=9
ret_5d=6
dist_ma20=6
spy_ret_5d=4
vix_level=4
sector_ret_5d=4
overnight_gap=3
sector_ret_1d=1

parameters:
[boosting: gbdt]
[objective: quantile]
[metric: quantile]
[tree_learner: serial]
[device_type: cpu]
[data_sample_strategy: bagging]
[data: ]
[valid: ]
[num_iterations: 80]
[learning_rate: 0.05]
[num_leaves: 8]
[num_threads: 1]
[seed: 0]
[deterministic: 0]
[force_col_wise: 1]
[force_row_wise: 0]
[histogram_pool_size: -1]
[max_depth: -1]
[min_data_in_leaf: 25]
[min_sum_hessian_in_leaf: 0.001]
[bagging_fraction: 0.9]
[pos_bagging_fraction: 1]
[neg_bagging_fraction: 1]
[bagging_freq: 1]
[bagging_seed: 3]
[bagging_by_query: 0]
[feature_fraction: 0.9]
[feature_fraction_bynode: 1]
[feature_fraction_seed: 2]
[extra_trees: 0]
[extra_seed: 6]
[early_stopping_round: 0]
[early_stopping_min_delta: 0]
[first_metric_only: 0]
[max_delta_step: 0]
[lambda_l1: 0]
[lambda_l2: 0]
[linear_lambda: 0]
[min_gain_to_split: 0]
[drop_rate: 0.1]
[max_drop: 50]
[skip_drop: 0.5]
[xgboost_dart_mode: 0]
[uniform_drop: 0]
[drop_seed: 4]
[top_rate: 0.2]
[other_rate: 0.1]
[min_data_per_group: 100]
[max_cat_threshold: 32]
[cat_l2: 10]
[cat_smooth: 10]
[max_cat_to_onehot: 4]
[top_k: 20]
[monotone_constraints: ]
[monotone_constraints_method: basic]
[monotone_penalty: 0]
[feature_contri: ]
[forcedsplits_filename: ]
[refit_decay_rate: 0.9]
[cegb_tradeoff: 1]
[cegb_penalty_split: 0]
[cegb_penalty_feature_lazy: ]
[cegb_penalty_feature_coupled: ]
[path_smooth: 0]
[interaction_constraints: ]
[verbosity: -1]
[saved_feature_importance_type: 0]
[use_quantized_grad: 0]
[num_grad_quant_bins: 4]
[quant_train_renew_leaf: 0]
[stochastic_rounding: 1]
[linear_tree: 0]
[max_bin: 255]
[max_bin_by_feature: ]
[min_data_in_bin: 3]
[bin_construct_sample_cnt: 200000]
[data_random_seed: 1]
[is_enable_sparse: 1]
[enable_bundle: 1]
[use_missing: 1]
[zero_as_missing: 0]
[feature_pre_filter: 1]
[pre_partition: 0]
[two_round: 0]
[header: 0]
[label_column: ]
[weight_column: ]
[group_column: ]
[ignore_column: ]
[categorical_feature: ]
[forcedbins_filename: ]
[precise_float_parser: 0]
[parser_config_file: ]
[objective_seed: 5]
[num_class: 1]
[is_unbalance: 0]
[scale_pos_weight: 1]
[sigmoid: 1]
[boost_from_average: 1]
[reg_sqrt: 0]
[alpha: 0.1]
[fair_c: 1]
[poisson_max_delta_step: 0.7]
[tweedie_variance_power: 1.5]
[lambdarank_truncation_level: 30]
[lambdarank_norm: 1]
[label_gain: ]
[lambdarank_position_bias_regularization: 0]
[eval_at: ]
[multi_error_top_k: 1]
[auc_mu_weights: ]
[num_machines: 1]
[local_listen_port: 12400]
[time_out: 120]
[machine_list_filename: ]
[machines: ]
[gpu_platform_id: -1]
[gpu_device_id: -1]
[gpu_device_id_list: ]
[gpu_use_dp: 0]
[num_gpu: 1]

end of parameters

pandas_categorical:[]
