tree
version=v4
num_class=1
num_tree_per_iteration=1
label_index=0
max_feature_idx=16
objective=quantile
feature_names=ret_1d ret_5d ret_20d overnight_gap atr_pct parkinson_20 dvol_z_20 dist_ma20 dist_ma50 dist_ma200 spy_ret_1d spy_ret_5d spy_ret_20d vix_level vix_chg_1d sector_ret_1d sector_ret_5d
feature_infos=[-0.097898377227986111:0.27493744631586803] [-0.13744415509950536:0.22877842924898228] [-0.15842157511581723:0.34780079769554617] [-0.046732286955750602:0.23658363520932157] [0.01608272640370188:0.045873463605831027] [0.010355021012277138:0.028731834592224618] [-2.4510640338957073:4.1779116557111333] [-0.12435880334210503:0.24835164031500412] [-0.16602219567340515:0.27918747108957231] [-0.20259479153311333:0.4827407815551894] [-0.058542947643003718:0.10501933612632941] [-0.11496158439845272:0.082843216242346029] [-0.12265592443394913:0.15756596870864792] [11.859999656677246:52.330001831054688] [-0.35753873962348437:0.74039073966007019] [-0.054845245580940394:0.043465182734245822] [-0.079035682487500813:0.068782287822878097]
tree_sizes=826 868 852 848 857 843 866 855 859 861 865 855

Tree=0
num_leaves=8
num_cat=0
split_feature=13 9 6 2 16 9 8
split_gain=3.15832 1.48772 0.505928 1.00046 0.931619 1.02194 0.908375
threshold=24.630000114440922 -0.14421956200613381 0.40515850472795062 -0.026424409471023143 -0.0014277714633598724 0.080733910667221367 -0.0039566491495600644
decision_type=2 8 2 2 2 10 8
left_child=1 -1 6 -4 -5 -6 -3
right_child=-2 2 3 4 5 -7 -8
leaf_value=0.028379706411421068 0.029123001681279348 0.027845201590437862 0.027450819573626738 0.02776324208085492 0.028996129479985377 0.027662470982491794 0.027466192801454216
leaf_weight=25 41 223 63 47 40 29 282
leaf_count=25 41 223 63 47 40 29 282
internal_value=0.0276154 0.0268352 0.0263973 0.0286814 0.0314361 0.0351343 0.0255877
internal_weight=750 709 684 179 116 69 505
internal_count=750 709 684 179 116 69 505
is_linear=0
shrinkage=1


Tree=1
num_leaves=8
num_cat=0
split_feature=13 9 11 0 13 1 8
split_gain=4.60673 0.747826 0.597115 0.38413 0.384609 0.535472 1.21454
threshold=24.630000114440922 -0.12073496233161495 -0.023775986944761848 -0.02628959124179114 15.400000095367433 -0.0023625648495003699 0.00064987967061813656
decision_type=2 8 2 2 2 2 10
left_child=1 -1 -3 -4 5 -5 -7
right_child=-2 2 3 4 -6 6 -8
leaf_value=0.00019333073373530718 0.0011383547743337719 0.00030456552188040393 0.00018630074144918742 -0.00027765893465690246 -0.00021997402675440376 0.00058729566883792498 -0.00015286031554326832
leaf_weight=45 44 29 29 103 338 35 111
leaf_count=45 44 29 29 103 338 35 111
internal_value=-0.000231609 -0.00123189 -0.00166667 -0.00199675 -0.00227428 -0.000783134 0.00116438
internal_weight=734 690 645 616 587 249 146
internal_count=734 690 645 616 587 249 146
is_linear=0
shrinkage=0.05


Tree=2
num_leaves=8
num_cat=0
split_feature=13 14 9 9 5 6 7
split_gain=2.5739 0.745913 0.828636 0.772095 0.693138 0.665954 1.28205
threshold=24.630000114440922 0.083142255535003332 -0.094770725215556559 -0.029356029559377324 0.017455479258128102 0.40515850472795062 -0.007370395952731589
decision_type=2 2 8 10 2 2 2
left_child=1 2 4 -3 -1 -4 -7
right_child=-2 3 5 -5 -6 6 -8
leaf_value=-1.9851374757744216e-05 0.00082287578863969872 -2.6993147930641319e-05 -0.00024081842375692523 0.00032816434047646753 0.00047277677276446727 -0.00036068601397544811 0.00047055096703727461
leaf_weight=54 45 34 422 29 37 50 78
leaf_count=54 45 34 422 29 37 50 78
internal_value=7.343e-05 -0.000667615 -0.00117785 0.00452381 0.00324176 -0.00190909 0.00125
internal_weight=749 704 641 63 91 550 128
internal_count=749 704 641 63 91 550 128
is_linear=0
shrinkage=0.05


Tree=3
num_leaves=8
num_cat=0
split_feature=13 9 6 7 1 12 8
split_gain=2.70818 0.865145 0.59675 1.31556 1.95568 0.890998 0.520197
threshold=24.630000114440922 -0.10609164570182826 0.40515850472795062 -0.0085218769901958518 0.009514943962209756 -0.0059221070934643008 -0.013801118331445148
decision_type=2 8 2 2 2 2 8
left_child=1 -1 5 -4 -5 6 -3
right_child=-2 2 3 4 -6 -7 -8
leaf_value=0.00025801387895348196 0.0010056850302908266 0.00049383362072363032 -0.00020569176632085945 0.0032793397828259213 -0.00017449075936274349 -0.00025019969145514254 -0.00013831186645284592
leaf_weight=78 45 55 67 29 61 379 29
leaf_count=78 45 55 67 29 61 379 29
internal_value=-0.000222074 -0.00098854 -0.0016129 0.00105095 0.005 -0.0025162 0.00214286
internal_weight=743 698 620 157 90 463 84
internal_count=743 698 620 157 90 463 84
is_linear=0
shrinkage=0.05


Tree=4
num_leaves=8
num_cat=0
split_feature=4 12 13 9 12 15 6
split_gain=3.00376 1.85704 0.637023 1.11094 0.476571 0.438669 0.279615
threshold=0.034425497020461972 -0.0041728615781457248 19.329999923706058 0.095894880471613556 0.060736863464118891 -0.0016042895442359704 -0.4147498958104095
decision_type=2 2 2 8 2 2 2
left_child=2 -2 4 5 6 -4 -1
right_child=1 -3 3 -5 -6 -7 -8
leaf_value=-0.00028401552569144625 0.0018398638590810452 0.00010842593414047676 -9.130705596043202e-05 0.00047227432488384055 0.00033150499438907037 0.00026276019614610268 -0.00013369210321845446
leaf_weight=204 25 32 55 45 43 38 304
leaf_count=204 25 32 55 45 43 38 304
internal_value=-0.000241288 0.0107895 -0.00115385 0.00188406 -0.0019147 -0.00123656 -0.00234252
internal_weight=746 57 689 138 551 93 508
internal_count=746 57 689 138 551 93 508
is_linear=0
shrinkage=0.05


Tree=5
num_leaves=8
num_cat=0
split_feature=4 9 6 7 9 6 1
split_gain=2.12204 1.21361 0.742415 1.03199 1.01744 0.882081 0.355137
threshold=0.034425497020461972 -0.049103207936336539 0.40515850472795062 -0.017178221853873517 0.080733910667221367 1.0630956602784274 0.013621294465788527
decision_type=2 8 2 2 8 2 2
left_child=2 -2 -1 -4 5 -5 -6
right_child=1 -3 3 4 6 -7 -8
leaf_value=-0.00017426298861846696 0.0015179050268465024 0.00026840417802417009 -0.00013484224683455649 0.0023816680260710568 0.0008779940890481007 0.00017797684093412089 -0.00028200478415212532
leaf_weight=485 32 26 77 26 25 25 41
leaf_count=485 32 26 77 26 25 25 41
internal_value=-0.000386704 0.0087931 -0.00117084 0.0014433 0.00440171 0.00970588 0.000303029
internal_weight=737 58 679 194 117 51 66
internal_count=737 58 679 194 117 51 66
is_linear=0
shrinkage=0.05


Tree=6
num_leaves=8
num_cat=0
split_feature=10 13 15 8 6 6 14
split_gain=1.54206 0.87819 1.16883 0.470199 0.484619 0.490876 0.59645
threshold=-0.01521359351313417 21.82499980926514 -0.0016543160920964304 -0.0039566491495600644 1.5465341398448562 0.057273127964923766 -0.044623986751606441
decision_type=2 2 2 10 2 2 2
left_child=-1 3 -3 4 5 6 -2
right_child=1 2 -4 -5 -6 -7 -8
leaf_value=0.00041141702541056956 0.00044438600334688609 -8.1149760797604093e-05 0.00062045992247904006 -0.00028679279242251353 0.00090282107487014485 -0.00016523308235149876 -7.3334410852238501e-05
leaf_weight=39 35 33 30 325 27 92 165
leaf_count=39 35 33 30 325 27 92 165
internal_value=-0.000576409 -0.00111033 0.00452381 -0.00166149 -0.000297807 -0.000890412 0.000499999
internal_weight=746 707 63 644 319 292 200
internal_count=746 707 63 644 319 292 200
is_linear=0
shrinkage=0.05


Tree=7
num_leaves=8
num_cat=0
split_feature=4 6 2 11 1 8 6
split_gain=1.66795 1.32115 0.444789 0.647126 0.461098 0.734082 0.430543
threshold=0.03402167226100191 -0.070219190323240463 -0.096219206718589009 -0.022024013564940267 0.03040176474216694 0.0078431659733226872 1.4428881999235947
decision_type=2 2 2 2 2 8 2
left_child=2 -2 -1 -4 6 -6 -5
right_child=1 -3 3 4 5 -7 -8
leaf_value=0.00042562473199939219 2.5429434058482957e-05 0.0016234033259435923 0.00017745275985242209 -0.00022277443833285576 0.0003154265168732579 -0.00013773671159048037 0.00038838581390986219
leaf_weight=49 43 31 36 425 34 94 33
leaf_count=49 43 31 36 425 34 94 33
internal_value=-0.000637585 0.00648649 -0.00142325 -0.00178457 -0.0021843 0.000468749 -0.00292577
internal_weight=745 74 671 622 586 128 458
internal_count=745 74 671 622 586 128 458
is_linear=0
shrinkage=0.05


Tree=8
num_leaves=8
num_cat=0
split_feature=10 0 13 6 9 8 14
split_gain=1.39068 0.593501 0.370892 0.444961 0.385357 0.457032 0.342287
threshold=-0.01521359351313417 0.034133907941617754 24.630000114440922 1.4428881999235947 0.12577443453101303 0.10477930316874985 -0.0049345356588886271
decision_type=2 2 2 2 10 10 2
left_child=-1 2 3 4 5 -2 -5
right_child=1 -3 -4 6 -6 -7 -8
leaf_value=0.00085452993259348738 -0.00012320289141489987 0.00061907077539726126 0.00017694967311620847 -0.00028462086945966699 -0.00041526465070824259 0.0001681029400302811 0.00059399198530725071
leaf_weight=37 427 28 28 28 165 25 26
leaf_count=37 427 28 28 28 165 25 26
internal_value=-0.00094241 -0.00142366 -0.00170959 -0.00194486 -0.00232577 -0.0015708 0.00240741
internal_weight=764 727 699 671 617 452 54
internal_count=764 727 699 671 617 452 54
is_linear=0
shrinkage=0.05


Tree=9
num_leaves=8
num_cat=0
split_feature=13 14 9 6 14 8 0
split_gain=0.855955 0.767815 0.508789 0.489594 0.462691 0.446429 0.496753
threshold=21.82499980926514 0.020823614308890352 -0.10728674421282912 -0.24400161702502976 -0.023264351429904847 0.10219652829914418 -0.0046199452833950985
decision_type=2 2 8 2 2 8 2
left_child=2 -2 4 -4 -1 6 -5
right_child=1 -3 3 5 -6 -7 -8
leaf_value=0.00054329055043450232 -6.1160982068771079e-06 0.00079056858072674952 -0.0002233917331571914 -0.00016607222042005996 -3.7655074270035317e-05 0.00017505532614497902 4.119399587289852e-05
leaf_weight=28 43 34 305 99 46 36 153
leaf_count=28 43 34 305 99 46 36 153
internal_value=-0.000900539 0.00409091 -0.00147676 -0.00196459 0.00243243 -0.000486112 -0.00123016
internal_weight=744 77 667 593 74 288 252
internal_count=744 77 667 593 74 288 252
is_linear=0
shrinkage=0.05


Tree=10
num_leaves=8
num_cat=0
split_feature=14 1 9 16 0 14 16
split_gain=0.950492 0.7 0.494767 0.679424 0.800283 0.557184 0.48887
threshold=0.090336443973437111 -0.031054471336670161 0.013655025315483018 0.00051427268697623607 -0.00038866905592732642 -0.0049345356588886271 0.012499439611237896
decision_type=2 2 8 2 2 2 2
left_child=2 -2 3 -1 5 -5 -6
right_child=1 -3 -4 4 6 -7 -8
leaf_value=-0.00011051133153213557 0.00088940813225008215 -8.1705039882159984e-05 -0.00020240511227239005 0.00011438736037983618 0.00028463480694975428 0.00062717461621708776 -0.00014287358342165128
leaf_weight=132 35 35 410 28 34 26 49
leaf_count=132 35 35 410 28 34 26 49
internal_value=-0.00126168 0.00428571 -0.00183358 -0.000167287 0.00229927 0.00703704 -0.000783134
internal_weight=749 70 679 269 137 54 83
internal_count=749 70 679 269 137 54 83
is_linear=0
shrinkage=0.05


Tree=11
num_leaves=8
num_cat=0
split_feature=4 0 6 7 9 8 14
split_gain=0.872773 0.98009 0.516377 1.12191 0.946288 0.674683 0.676204
threshold=0.034425497020461972 -0.0041275777393018345 0.45703972348329219 -0.0085218769901958518 0.080733910667221367 -0.010522082553311883 -0.037778052319122728
decision_type=2 2 2 2 8 8 2
left_child=2 -2 5 -4 -5 6 -1
right_child=1 -3 3 4 -6 -7 -8
leaf_value=0.00051150563739037669 0.0015313187380760526 -6.3358940138803435e-05 -0.00013407527152672639 0.001325411742820144 0.00019565655550355271 -0.00023548069356664047 -0.00010640121614789358
leaf_weight=49 26 34 85 38 61 296 158
leaf_count=49 26 34 85 38 61 296 158
internal_value=-0.000783134 0.005 -0.00128821 0.00097826 0.00459596 -0.0021173 7.24626e-05
internal_weight=747 60 687 184 99 503 207
internal_count=747 60 687 184 99 503 207
is_linear=0
shrinkage=0.05


end of trees

feature_importances:
dvol_z_20=13
dist_ma200=13
vix_level=9
dist_ma50=8
vix_chg_1d=8
ret_1d=5
ret_5d=5
atr_pct=4
dist_ma20=4
spy_ret_20d=3
sector_ret_5d=3
ret_20d=2
spy_ret_1d=2
spy_ret_5d=2
sector_ret_1d=2
parkinson_20=1

parameters:
[boosting: gbdt]
[objective: quantile]
[metric: quantile]
[tree_learner: serial]
[device_type: cpu]
[data_sample_strategy: bagging]
[data: ]
[valid: ]
[num_iterations: 80]
[learning_rate: 0.05]
[num_leaves: 8]
[num_threads: 1]
[seed: 0]
[deterministic: 0]
[force_col_wise: 1]
[force_row_wise: 0]
[histogram_pool_size: -1]
[max_depth: -1]
[min_data_in_leaf: 25]
[min_sum_hessian_in_leaf: 0.001]
[bagging_fraction: 0.9]
[pos_bagging_fraction: 1]
[neg_bagging_fraction: 1]
[bagging_freq: 1]
[bagging_seed: 3]
[bagging_by_query: 0]
[feature_fraction: 0.9]
[feature_fraction_bynode: 1]
[feature_fraction_seed: 2]
[extra_trees: 0]
[extra_seed: 6]
[early_stopping_round: 0]
[early_stopping_min_delta: 0]
[first_metric_only: 0]
[max_delta_step: 0]
[lambda_l1: 0]
[lambda_l2: 0]
[linear_lambda: 0]
[min_gain_to_split: 0]
[drop_rate: 0.1]
[max_drop: 50]
[skip_drop: 0.5]
[xgboost_dart_mode: 0]
[uniform_drop: 0]
[drop_seed: 4]
[top_rate: 0.2]
[other_rate: 0.1]
[min_data_per_group: 100]
[max_cat_threshold: 32]
[cat_l2: 10]
[cat_smooth: 10]
[max_cat_to_onehot: 4]
[top_k: 20]
[monotone_constraints: ]
[monotone_constraints_method: basic]
[monotone_penalty: 0]
[feature_contri: ]
[forcedsplits_filename: ]
[refit_decay_rate: 0.9]
[cegb_tradeoff: 1]
[cegb_penalty_split: 0]
[cegb_penalty_feature_lazy: ]
[cegb_penalty_feature_coupled: ]
[path_smooth: 0]
[interaction_constraints: ]
[verbosity: -1]
[saved_feature_importance_type: 0]
[use_quantized_grad: 0]
[num_grad_quant_bins: 4]
[quant_train_renew_leaf: 0]
[stochastic_rounding: 1]
[linear_tree: 0]
[max_bin: 255]
[max_bin_by_feature: ]
[min_data_in_bin: 3]
[bin_construct_sample_cnt: 200000]
[data_random_seed: 1]
[is_enable_sparse: 1]
[enable_bundle: 1]
[use_missing: 1]
[zero_as_missing: 0]
[feature_pre_filter: 1]
[pre_partition: 0]
[two_round: 0]
[header: 0]
[label_column: ]
[weight_column: ]
[group_column: ]
[ignore_column: ]
[categorical_feature: ]
[forcedbins_filename: ]
[precise_float_parser: 0]
[parser_config_file: ]
[objective_seed: 5]
[num_class: 1]
[is_unbalance: 0]
[scale_pos_weight: 1]
[sigmoid: 1]
[boost_from_average: 1]
[reg_sqrt: 0]
[alpha: 0.9]
[fair_c: 1]
[poisson_max_delta_step: 0.7]
[tweedie_variance_power: 1.5]
[lambdarank_truncation_level: 30]
[lambdarank_norm: 1]
[label_gain: ]
[lambdarank_position_bias_regularization: 0]
[eval_at: ]
[multi_error_top_k: 1]
[auc_mu_weights: ]
[num_machines: 1]
[local_listen_port: 12400]
[time_out: 120]
[machine_list_filename: ]
[machines: ]
[gpu_platform_id: -1]
[gpu_device_id: -1]
[gpu_device_id_list: ]
[gpu_use_dp: 0]
[num_gpu: 1]

end of parameters

pandas_categorical:[]
