tree
version=v4
num_class=1
num_tree_per_iteration=1
label_index=0
max_feature_idx=16
objective=quantile
feature_names=ret_1d ret_5d ret_20d overnight_gap atr_pct parkinson_20 dvol_z_20 dist_ma20 dist_ma50 dist_ma200 spy_ret_1d spy_ret_5d spy_ret_20d vix_level vix_chg_1d sector_ret_1d sector_ret_5d
feature_infos=[-0.069717554522702896:0.050920910075839654] [-0.087343441001977551:0.084370677731673505] [-0.14197530864197538:0.12371455282019306] [-0.069303583502366317:0.033409378960709724] [0.011113530778164916:0.032841382989040838] [0.0069060052236321542:0.019743780348402108] [-2.3784232827608216:4.2673155394569084] [-0.094412125740513386:0.083908201451823761] [-0.10917162866032015:0.12489769584152244] [-0.1682133105304584:0.098985464388889888] [-0.058542947643003718:0.10501933612632941] [-0.11496158439845272:0.082843216242346029] [-0.12265592443394913:0.15756596870864792] [11.859999656677246:52.330001831054688] [-0.35753873962348437:0.74039073966007019] [-0.043404047793221157:0.03876882776686319] [-0.066511798508375297:0.073218480814408737]
tree_sizes=828 845 865 856 842 860 865 865 866 860 863 872 857 868 864 869 869 869 860 861 866 859 866 860 858 866 867 860 862 866 861 871

Tree=0
num_leaves=8
num_cat=0
split_feature=4 9 10 6 3 3 6
split_gain=1.99718 1.76389 1.44585 0.977357 0.823112 0.569485 0.57011
threshold=0.020416902226529875 -0.11542866372062759 -0.0033501025601940788 -0.81078213374009345 0.0012359023680915684 -0.00074226977864644262 1.1734972411356039
decision_type=2 8 2 2 2 2 2
left_child=5 -2 4 -4 -3 -1 -7
right_child=1 2 3 -5 -6 6 -8
leaf_value=0.014232119682399801 0.014917355603174887 0.014934323995614595 0.014541973365693272 0.014321696854006794 0.01465467942141041 0.014297194691582516 0.014693538078124745
leaf_weight=178 46 28 27 137 27 274 33
leaf_count=178 46 28 27 137 27 274 33
internal_value=0.0144209 0.0179115 0.0160419 0.0136892 0.0230573 0.0125137 0.0138183
internal_weight=750 265 219 164 55 485 307
internal_count=750 265 219 164 55 485 307
is_linear=0
shrinkage=1


Tree=1
num_leaves=8
num_cat=0
split_feature=4 9 4 13 8 8 4
split_gain=2.04506 1.64394 1.49012 2.203 0.620483 0.65058 1.01341
threshold=0.020416902226529875 -0.080903216287913512 0.022843740418203449 18.260000228881839 -0.032204879501402266 -0.056671614740486258 0.01509811326603995
decision_type=2 8 2 2 8 10 2
left_child=4 2 -2 -4 5 -1 -7
right_child=1 -3 3 -5 -6 6 -8
leaf_value=-0.00021907608264079057 9.6855674257755308e-05 -2.082295912372853e-05 0.00057171513609988623 0.00039534637495239891 -0.0001648335530073979 0.00021100706915384067 -3.9838192091941319e-05
leaf_weight=92 44 135 31 41 291 28 72
leaf_count=92 44 135 31 41 291 28 72
internal_value=-9.5369e-05 0.00356574 0.00793103 0.0123611 -0.00199793 0.000208332 0.003
internal_weight=734 251 116 72 483 192 100
internal_count=734 251 116 72 483 192 100
is_linear=0
shrinkage=0.05


Tree=2
num_leaves=8
num_cat=0
split_feature=4 9 14 6 12 0 14
split_gain=2.32063 1.06616 0.671815 0.666096 0.568786 0.524216 0.518998
threshold=0.020416902226529875 -0.11542866372062759 0.082777995482000835 -0.81078213374009345 0.035394075274519328 0.0051097280649937691 -0.017044659763988276
decision_type=2 8 2 2 2 2 2
left_child=5 -2 3 -3 -5 -1 -7
right_child=1 2 -4 4 -6 6 -8
leaf_value=-0.00014252217321263471 0.00045663228091317597 0.00012846517857345222 0.00037293732505467897 -0.00011315138868642288 0.00044202991585133491 -0.00025470190964566362 0.00013630756507554385
leaf_weight=342 44 31 32 114 40 57 89
leaf_count=342 44 31 32 114 40 57 89
internal_value=6.67438e-06 0.00381226 0.00237327 0.00121622 -0.000129871 -0.00202869 0.000479451
internal_weight=749 261 217 185 154 488 146
internal_count=749 261 217 185 154 488 146
is_linear=0
shrinkage=0.05


Tree=3
num_leaves=8
num_cat=0
split_feature=4 9 12 6 14 10 8
split_gain=2.22793 1.68035 1.21448 2.17302 0.961827 0.633435 0.39221
threshold=0.020416902226529875 -0.066753320914131539 0.035394075274519328 -0.76386641329639715 0.025331387226238514 -0.0036672927234202564 -0.032204879501402266
decision_type=2 8 2 2 2 2 8
left_child=6 2 3 -2 -5 -3 -1
right_child=1 5 -4 4 -6 -7 -8
leaf_value=-2.4067590770486064e-05 0.00032792844384173448 0.00027252649020865458 0.00049204145022009474 -7.5867772113616475e-05 0.00044707204321211289 -0.00025603701001463368 -0.00015048561933751943
leaf_weight=197 30 30 31 61 35 73 286
leaf_count=197 30 30 31 61 35 73 286
internal_value=0.0001144 0.00384615 0.00710191 0.00492063 0.00125 -0.00111651 -0.00189441
internal_weight=743 260 157 126 96 103 483
internal_count=743 260 157 126 96 103 483
is_linear=0
shrinkage=0.05


Tree=4
num_leaves=8
num_cat=0
split_feature=4 9 6 12 14 9 6
split_gain=1.95752 1.4937 1.152 1.33333 0.96052 0.584234 0.769551
threshold=0.020416902226529875 -0.080903216287913512 -0.75056256111245434 0.031326678595768549 0.025331387226238514 -0.10544375247444164 0.15072907937768662
decision_type=2 8 2 2 2 8 2
left_child=5 2 -2 4 -4 6 -1
right_child=1 -3 3 -5 -6 -7 -8
leaf_value=-3.3731487688270911e-05 0.00035379039046284553 -2.2699734413198815e-05 -8.7001631098910086e-05 0.00044368618902127779 0.00054467226918647504 -0.00014351666856572554 0.00078307246466765472
leaf_weight=48 25 135 46 25 29 408 30
leaf_count=48 25 135 46 25 29 408 30
internal_value=-4.02157e-05 0.00346154 0.0074 0.005 0.00166667 -0.00191358 0.00205128
internal_weight=746 260 125 100 75 486 78
internal_count=746 260 125 100 75 486 78
is_linear=0
shrinkage=0.05


Tree=5
num_leaves=8
num_cat=0
split_feature=1 5 9 9 8 12 8
split_gain=1.67374 1.54358 1.05176 0.535572 0.907036 0.558895 0.369185
threshold=-0.046074370746088215 0.012994506576780638 -0.11542866372062759 -0.066753320914131539 -0.0017184436938179613 0.0033715078329863428 -0.057558504447787255
decision_type=2 2 10 8 10 2 10
left_child=-1 6 -3 4 5 -4 -2
right_child=1 2 3 -5 -6 -7 -8
leaf_value=0.0003137146867721 -0.0002693274079106107 0.0003799611977843939 0.000176745107775474 -8.4022562536351623e-05 0.00045920493945173364 -7.575587725716968e-05 -7.7997296683441031e-05
leaf_weight=41 126 26 28 75 36 37 368
leaf_count=41 126 26 28 75 36 37 368
internal_value=-0.000183176 -0.000761495 0.00292079 0.00153409 0.00391089 0.000384614 -0.00226721
internal_weight=737 696 202 176 101 65 494
internal_count=737 696 202 176 101 65 494
is_linear=0
shrinkage=0.05


Tree=6
num_leaves=8
num_cat=0
split_feature=4 10 13 6 3 9 4
split_gain=1.41174 1.27719 0.964732 0.799372 0.624797 0.692544 0.637461
threshold=0.020416902226529875 -0.0030883271740247405 18.625000000000004 -0.81078213374009345 -0.00060033614499327415 -0.10544375247444164 0.01509811326603995
decision_type=2 2 2 2 2 8 2
left_child=4 2 -2 -3 -1 -6 -7
right_child=1 3 -4 -5 5 6 -8
leaf_value=-0.0001515488732541175 0.00039474879381848522 0.00015927495424753152 0.00022570824753692008 -3.8334917621344228e-05 0.00051819962203978297 5.127996295702254e-05 -0.00026119370976590041
leaf_weight=174 29 30 49 158 48 100 158
leaf_count=174 29 30 49 158 48 100 158
internal_value=0.000160857 0.00308271 0.00846154 0.000851063 -0.00145833 -9.80404e-05 -0.00112403
internal_weight=746 266 78 188 480 306 258
internal_count=746 266 78 188 480 306 258
is_linear=0
shrinkage=0.05


Tree=7
num_leaves=8
num_cat=0
split_feature=7 5 9 14 3 3 11
split_gain=1.19326 1.0339 1.33421 0.629405 0.900744 1.37143 0.712727
threshold=-0.046176283067727246 0.012791878004207611 -0.11542866372062759 0.005094684764536229 -0.00074226977864644262 0.00059015326919487087 -0.0075284506861215674
decision_type=2 2 10 2 2 2 2
left_child=-1 3 -3 -2 -5 -6 -7
right_child=1 2 -4 4 5 6 -8
leaf_value=0.0003041045672528832 -0.00015515855414631127 0.00040185624311534716 7.2615853313901901e-05 -0.00019177829673413038 0.00079557967857807983 0.00015067640465935407 -0.00025615237820782974
leaf_weight=53 278 38 190 78 28 25 55
leaf_count=53 278 38 190 78 28 25 55
internal_value=3.35559e-05 -0.000520232 0.00223684 -0.001875 0.000376343 0.00333333 -1.19209e-09
internal_weight=745 692 228 464 186 108 80
internal_count=745 692 228 464 186 108 80
is_linear=0
shrinkage=0.05


Tree=8
num_leaves=8
num_cat=0
split_feature=4 10 13 6 12 0 3
split_gain=1.08113 1.14491 0.913346 0.582897 0.613133 0.499506 0.481371
threshold=0.020416902226529875 -0.0016894208297127398 17.369999885559086 -0.81078213374009345 0.035394075274519328 -0.0036363735711319452 -0.00074226977864644262
decision_type=2 2 2 2 2 2 2
left_child=6 2 -2 -3 -5 -4 -1
right_child=1 3 5 4 -6 -7 -8
leaf_value=-0.00014781367630898497 0.00038830509345704639 0.00025294784480357654 0.00021883007921852566 -7.9052897132316814e-05 0.00041568104346706924 -0.0001038154427384663 -3.2007922932912204e-05
leaf_weight=183 25 25 29 109 38 39 316
leaf_count=183 25 25 29 109 38 39 316
internal_value=-0.000222514 0.00235849 0.00682796 -5.81407e-05 -0.0012585 0.00382353 -0.00159319
internal_weight=764 265 93 172 147 68 499
internal_count=764 265 93 172 147 68 499
is_linear=0
shrinkage=0.05


Tree=9
num_leaves=8
num_cat=0
split_feature=9 10 16 0 5 15 5
split_gain=1.06601 0.967696 0.956405 0.813076 0.727816 1.16932 0.784493
threshold=-0.10395482760656143 -0.0060493286934151782 0.0049142945518620982 0.016793948412767493 0.012791878004207611 -0.0018045804465308677 0.011788563977374928
decision_type=8 2 2 2 2 2 2
left_child=4 2 -2 -3 6 -6 -1
right_child=1 3 -4 -5 5 -7 -8
leaf_value=0.00037088904653510672 -0.00014668338597479972 -9.2058836990578833e-05 0.00017135222412597591 0.00028138539671940872 0.00037413890304450803 0.00019769079418707877 -7.0720168147631331e-05
leaf_weight=44 53 457 36 39 26 30 59
leaf_count=44 53 457 36 39 26 30 59
internal_value=0.00017473 -0.000811967 0.00398876 -0.00167339 0.00380503 0.00839286 0.00131068
internal_weight=744 585 89 496 159 56 103
internal_count=744 585 89 496 159 56 103
is_linear=0
shrinkage=0.05


Tree=10
num_leaves=8
num_cat=0
split_feature=9 7 10 11 0 12 4
split_gain=1.03395 1.0729 1.03526 0.503346 1.0243 1.34436 0.443257
threshold=-0.095945540759777001 -0.012683886404890708 -0.0016894208297127398 -0.0030472627630497291 -0.0076733307230564254 0.015576171273286367 0.025901027466083738
decision_type=8 2 2 2 2 2 2
left_child=1 2 -1 4 -2 -6 -5
right_child=3 -3 -4 6 5 -7 -8
leaf_value=0.00026648675695002845 -0.00035018194626160268 0.00036676396902046509 -9.4516324701922956e-05 -0.00011143832922932051 3.80365847655355e-05 0.00025417439208973451 0.00010657313957231105
leaf_weight=45 47 48 98 360 87 27 37
leaf_count=45 47 48 98 360 87 27 37
internal_value=-6.00813e-05 0.00311518 0.000944055 -0.00114695 0.00121118 0.00377193 -0.00210328
internal_weight=749 191 143 558 161 114 397
internal_count=749 191 143 558 161 114 397
is_linear=0
shrinkage=0.05


Tree=11
num_leaves=8
num_cat=0
split_feature=6 9 10 11 1 15 0
split_gain=0.986425 0.975275 0.882873 0.550396 0.513315 0.44846 0.578649
threshold=2.2294858273888694 -0.10395482760656143 -0.0001525908648420948 0.0065559076404506653 -0.014598707165618617 -0.0073534153434903762 -0.0044504492714922952
decision_type=2 8 2 2 2 2 2
left_child=1 2 4 5 -1 -3 -7
right_child=-2 3 -4 -5 -6 6 -8
leaf_value=0.00017764744964702194 0.00050245882903467794 -0.00015552088003422838 -1.159033571761219e-05 -0.00010481015872148515 0.00028757302614849088 0.00017652504196731544 -1.7316222526338154e-05
leaf_weight=25 29 56 89 272 28 59 189
leaf_count=25 29 56 89 272 28 59 189
internal_value=-0.000247658 -0.000612815 0.00309859 -0.00152778 0.00820755 -6.57907e-05 0.000846773
internal_weight=747 718 142 576 53 304 248
internal_count=747 718 142 576 53 304 248
is_linear=0
shrinkage=0.05


Tree=12
num_leaves=8
num_cat=0
split_feature=4 9 16 16 1 5 12
split_gain=1.02124 1.10896 1.28099 0.991399 1.58237 0.581491 0.875
threshold=0.020218499609801616 -0.11542866372062759 0.0018693136060806694 0.0022042977346471431 0.011829548906017175 0.0085799626266271477 0.017951110302837473
decision_type=2 10 2 2 2 2 2
left_child=5 2 -2 -3 -5 6 -1
right_child=1 3 -4 4 -6 -7 -8
leaf_value=0.00018860143715223668 0.00034919846007979262 -0.00017724969614098609 1.1252002283069053e-05 0.0002848247295161462 -3.2489273048314231e-05 -0.0001062815105091686 -0.00018452993759138491
leaf_weight=28 29 103 27 48 67 404 28
leaf_count=28 29 103 27 48 67 404 28
internal_value=-0.000299729 0.00211679 0.00839286 0.000504586 0.00369565 -0.00173913 0.00303571
internal_weight=734 274 56 218 115 460 56
internal_count=734 274 56 218 115 460 56
is_linear=0
shrinkage=0.05


Tree=13
num_leaves=8
num_cat=0
split_feature=7 5 8 3 3 15 5
split_gain=1.24922 0.806444 0.703491 1.03886 0.674953 0.672222 0.399654
threshold=-0.046176283067727246 0.012791878004207611 0.014805938841578438 -0.0032537999230664578 -0.00032174539293927657 -0.0019291826877208538 0.0082452921141907432
decision_type=2 2 10 2 2 2 2
left_child=-1 6 3 -3 -5 -6 -2
right_child=1 2 -4 4 5 -7 -8
leaf_value=0.00022394269705106615 0.00017917135519658053 0.00033508493965531475 -7.5325903139344982e-05 -4.8295259902173823e-05 0.00024287527295592233 5.3701667387686781e-05 -9.5533093152381772e-05
leaf_weight=48 38 25 84 28 30 60 432
leaf_count=48 38 25 84 28 30 60 432
internal_value=-0.000302015 -0.000839313 0.00160793 0.00374126 0.00177966 0.00388889 -0.00202128
internal_weight=745 697 227 143 118 90 470
internal_count=745 697 227 143 118 90 470
is_linear=0
shrinkage=0.05


Tree=14
num_leaves=8
num_cat=0
split_feature=4 6 6 15 14 5 15
split_gain=1.19915 0.873726 0.652107 0.807548 0.582867 0.45241 0.364809
threshold=0.019220152019631846 1.0489287237205807 -0.78773732481748782 1.0000000180025095e-35 0.082777995482000835 0.0082452921141907432 -0.0050565893135554587
decision_type=2 2 2 2 2 2 2
left_child=5 2 3 -2 6 -1 -4
right_child=1 -3 4 -5 -6 -7 -8
leaf_value=0.00017868364300566348 0.00020492397361067372 0.00041013654440551705 -9.8142141324546368e-05 3.4949055200810715e-06 0.00020910667189337907 -0.00010829124065181069 1.5128000178976496e-05
leaf_weight=36 26 44 46 29 25 366 147
leaf_count=36 26 44 46 29 25 366 147
internal_value=-0.00020167 0.00209779 0.00104395 0.00590909 -0.000183487 -0.00201493 -0.00111399
internal_weight=719 317 273 55 218 402 193
internal_count=719 317 273 55 218 402 193
is_linear=0
shrinkage=0.05


Tree=15
num_leaves=8
num_cat=0
split_feature=7 7 9 7 10 16 11
split_gain=0.715753 0.754167 1.23017 0.748093 0.678764 1.74253 0.511853
threshold=-0.046176283067727246 -0.024782488652939191 -0.11061159442582912 -0.016322303082102915 -0.0067260257632843481 0.0049142945518620982 -0.0034482783257907541
decision_type=2 2 8 2 2 2 2
left_child=6 -2 3 -3 5 -4 -1
right_child=1 2 4 -5 -6 -7 -8
leaf_value=-3.1452158602006572e-05 -0.00014593783344033114 1.3773167869018499e-05 -0.00022609657194768882 0.00035961379016648286 -6.2646950028052859e-05 0.00017881653892995545 0.00033785848196179807
leaf_weight=27 140 26 38 32 418 36 26
leaf_count=27 140 26 38 32 418 36 26
internal_value=-0.000222074 -0.000652175 0.000181817 0.00706896 -0.000630082 0.00378378 0.00537736
internal_weight=743 690 550 58 492 74 53
internal_count=743 690 550 58 492 74 53
is_linear=0
shrinkage=0.05


Tree=16
num_leaves=8
num_cat=0
split_feature=4 10 8 10 12 0 0
split_gain=0.943882 0.824975 1.36712 0.530208 0.648961 0.458251 1.02761
threshold=0.020462585478040765 -0.0016894208297127398 -0.02857033833639205 0.0007464509492582928 0.035394075274519328 -0.0079073295985060948 -0.0054083792968967473
decision_type=2 2 8 2 2 2 2
left_child=5 2 -2 -3 -5 -1 -7
right_child=1 3 -4 4 -6 6 -8
leaf_value=-8.000163071668169e-05 0.00026190929928655003 -5.5963885961136749e-05 0.00011438445351566831 -1.2715015966838497e-05 0.00033975628367896251 0.00011466558876391046 -0.0001139242893577665
leaf_weight=116 34 37 55 97 36 30 352
leaf_count=116 34 37 55 97 36 30 352
internal_value=-0.000112287 0.00233591 0.00623595 0.000294116 0.00176692 -0.00138554 -0.000549739
internal_weight=757 259 89 170 133 498 382
internal_count=757 259 89 170 133 498 382
is_linear=0
shrinkage=0.05


Tree=17
num_leaves=8
num_cat=0
split_feature=9 5 16 11 8 14 12
split_gain=0.628654 1.2371 0.538226 0.533333 0.826668 0.635489 0.771699
threshold=-0.12031635513831283 0.012791878004207611 -0.019157041252664705 -0.0022568172628349421 -0.049856871236000459 0.014555585659076444 -0.0062518627133230633
decision_type=8 2 2 2 10 2 2
left_child=1 -1 -2 4 -4 -6 -7
right_child=2 -3 3 -5 5 6 -8
leaf_value=-1.488623143804307e-05 -0.00010775249476802148 0.00031708701574043133 0.00022389518989774008 -5.6140439517627664e-05 -0.00020087295269146985 -0.00011878755815669971 0.00021388699510519016
leaf_weight=63 66 29 31 420 70 25 42
leaf_count=63 66 29 31 420 70 25 42
internal_value=-0.000174264 0.00369565 -0.000718656 -0.000238096 0.00214286 0.000474451 0.00395522
internal_weight=746 92 654 588 168 137 67
internal_count=746 92 654 588 168 137 67
is_linear=0
shrinkage=0.05


Tree=18
num_leaves=8
num_cat=0
split_feature=6 4 10 9 2 4 4
split_gain=0.830969 0.567685 1.19324 1.03034 0.640212 0.533444 1.31604
threshold=2.2294858273888694 0.020462585478040765 -0.0038582878398281113 -0.11542866372062759 -0.030782501648031087 0.014944413542670567 0.013949166379309231
decision_type=2 2 2 8 2 2 2
left_child=1 5 4 -4 -3 6 -1
right_child=-2 2 3 -5 -6 -7 -8
leaf_value=-0.00015439152162294789 0.00040080094519892741 0.00019857233129249552 0.00026488742493012613 -3.4392089964836313e-05 0.0001265078315343975 -7.8954789199447767e-05 0.00010149976705803653
leaf_weight=66 30 27 30 168 36 331 65
leaf_count=66 30 27 30 168 36 331 65
internal_value=0.000179282 -0.000159061 0.00170498 -0.000202021 0.00769841 -0.00121212 0.00148855
internal_weight=753 723 261 198 63 462 131
internal_count=753 723 261 198 63 462 131
is_linear=0
shrinkage=0.05


Tree=19
num_leaves=8
num_cat=0
split_feature=7 5 9 2 16 1 7
split_gain=0.746242 0.622251 1.48106 0.482156 0.416564 0.955852 0.444878
threshold=-0.046176283067727246 0.012994506576780638 -0.10952976129931767 0.049252781088168447 0.005407535593905278 0.011829548906017175 0.029554301883201965
decision_type=2 2 10 2 2 2 2
left_child=-1 3 -3 -2 6 -6 -4
right_child=1 2 4 -5 5 -7 -8
leaf_value=0.00020652481693936753 -7.9643471455522147e-05 0.00025264003582281357 -6.5676115394029631e-05 0.00010066857570540917 0.00032174602162490562 -1.8094352142393414e-05 0.00013162499596915421
leaf_weight=45 447 29 57 40 31 65 25
leaf_count=45 447 29 57 40 31 65 25
internal_value=-0.000128553 -0.000533142 0.00176328 -0.00150924 5.61786e-05 0.00229167 -0.00256098
internal_weight=739 694 207 487 178 96 82
internal_count=739 694 207 487 178 96 82
is_linear=0
shrinkage=0.05


Tree=20
num_leaves=8
num_cat=0
split_feature=5 9 13 9 7 12 4
split_gain=0.850849 2.13252 0.67528 0.513759 0.488294 0.608054 0.480929
threshold=0.012994506576780638 -0.12031635513831283 16.875000000000004 -0.054855820345773958 0.0063557897161240504 -0.029032360146205412 0.01509811326603995
decision_type=2 10 2 10 2 2 2
left_child=2 -2 6 4 5 -3 -1
right_child=1 3 -4 -5 -6 -7 -8
leaf_value=2.3783166172017301e-05 0.00026728532779480695 0.0001398795630702153 -8.3073984158225003e-05 -0.00017402458705391031 0.00029647935932626632 -3.0042562847873108e-05 -6.8048303802144123e-05
leaf_weight=103 26 25 201 55 53 69 219
leaf_count=103 26 25 201 55 53 69 219
internal_value=0.000126497 0.00267544 -0.000984705 0.000940593 0.00248299 0.000319148 0.000434781
internal_weight=751 228 523 202 147 94 322
internal_count=751 228 523 202 147 94 322
is_linear=0
shrinkage=0.05


Tree=21
num_leaves=8
num_cat=0
split_feature=4 11 13 16 4 4 0
split_gain=0.958888 0.883874 0.945172 1.00595 0.773616 1.24936 0.990111
threshold=0.019220152019631846 0.0023966928807116488 20.714999198913578 0.0071114678518026117 0.01509811326603995 0.014189137056830623 0.0039766571886556976
decision_type=2 2 2 2 2 2 2
left_child=4 2 3 -2 5 -1 -7
right_child=1 -3 -4 -5 -6 6 -8
leaf_value=-0.00011332906211035105 0.00022096855533701028 -2.216868074341813e-05 -5.6277463115543707e-06 2.5317566676618656e-05 -0.00018180582704349871 9.0704258519619575e-05 -8.5481841745887592e-06
leaf_weight=78 56 199 61 28 265 31 30
leaf_count=78 56 199 61 28 265 31 30
internal_value=-0.000254012 0.00168605 0.00465517 0.00809524 -0.00190594 0.00111511 0.00647541
internal_weight=748 344 145 84 404 139 61
internal_count=748 344 145 84 404 139 61
is_linear=0
shrinkage=0.05


Tree=22
num_leaves=8
num_cat=0
split_feature=7 7 9 13 11 11 11
split_gain=0.740876 0.671021 1.06744 0.916871 0.548611 0.861764 0.53867
threshold=-0.044573467149475847 -0.026785803254046999 -0.11061159442582912 16.935000419616703 -0.0070947588285928389 -0.011129796687205316 -0.0034482783257907541
decision_type=2 2 8 2 2 2 2
left_child=6 -2 3 -3 5 -4 -1
right_child=1 2 4 -5 -6 -7 -8
leaf_value=-0.00011759835714931556 -0.00011278470609483844 0.00072152763337318378 -1.040319745654616e-05 6.6781880114772683e-05 -3.720041401015424e-05 0.00029229237538720579 0.00023285082008236304
leaf_weight=28 111 32 84 36 390 31 30
leaf_count=28 111 32 84 36 390 31 30
internal_value=-8.08637e-05 -0.000540937 0.000148341 0.00602941 -0.000643566 0.0023913 0.00534483
internal_weight=742 684 573 68 505 115 58
internal_count=742 684 573 68 505 115 58
is_linear=0
shrinkage=0.05


Tree=23
num_leaves=8
num_cat=0
split_feature=4 7 4 4 6 11 13
split_gain=0.743457 0.743807 0.732162 0.81378 0.696374 0.427958 1.18259
threshold=0.019220152019631846 -0.04766579712584023 0.014944413542670567 0.013949166379309231 -0.14309406598664873 -0.0073194328445433934 20.714999198913578
decision_type=2 2 2 2 2 2 2
left_child=2 -2 3 -1 -5 6 -3
right_child=1 5 -4 4 -6 -7 -8
leaf_value=-0.00010315712824669395 0.00023353718995951036 0.00020715013254743138 -0.00017304017315975309 0.00016892571566633032 -2.5474200722321993e-05 -1.5886857305737946e-05 -1.9064255631185954e-05
leaf_weight=68 39 36 272 38 33 227 38
leaf_count=68 39 36 272 38 33 227 38
internal_value=-0.000406126 0.00132353 -0.00183698 0.00111511 0.00485915 0.000481726 0.00378378
internal_weight=751 340 411 139 71 301 74
internal_count=751 340 411 139 71 301 74
is_linear=0
shrinkage=0.05


Tree=24
num_leaves=8
num_cat=0
split_feature=1 0 7 10 6 15 15
split_gain=0.664034 0.536409 0.5 0.392795 0.410281 0.423947 0.45041
threshold=-0.046074370746088215 0.014754957246868152 0.013900125457178116 -0.013932246020769588 -1.2515459020519963 -0.0070914960570939703 -0.003842156368344118
decision_type=2 2 2 2 2 2 2
left_child=-1 3 -3 -2 -5 -6 -7
right_child=1 2 -4 4 5 6 -8
leaf_value=0.00018433066428290333 7.7770967104657e-05 -8.1745568415613146e-05 0.00030009374199443375 0.00010571745608108951 -0.00010863862091718168 2.8064408439420761e-05 -5.7230607870569106e-05
leaf_weight=42 33 36 36 34 89 85 394
leaf_count=42 33 36 36 34 89 85 394
internal_value=-0.00039386 -0.00075672 0.00333333 -0.00122047 -0.00151163 -0.00183099 -0.00124217
internal_weight=749 707 72 635 602 568 479
internal_count=749 707 72 635 602 568 479
is_linear=0
shrinkage=0.05


Tree=25
num_leaves=8
num_cat=0
split_feature=7 10 5 9 8 8 7
split_gain=0.845163 0.56641 0.56601 1.10394 0.48013 0.902838 1.02308
threshold=-0.04766579712584023 -0.0012572661502254776 0.012994506576780638 -0.1122285732639781 -0.054385560417136596 -0.024941067382390211 -0.026785803254046999
decision_type=2 2 2 10 10 10 2
left_child=1 -1 4 -4 -2 6 -6
right_child=2 -3 3 -5 5 -7 -8
leaf_value=0.00019218158363323189 -0.00018742265792215447 1.1117702171474043e-05 0.00021207958604135547 -7.9447347942197349e-06 -0.00023662593657733442 -5.7035489700425486e-05 0.00013476504408511294
leaf_weight=25 127 27 25 187 35 236 95
leaf_count=25 127 27 25 187 35 236 95
internal_value=-0.000574638 0.00557692 -0.00102837 0.00113207 -0.0019574 -0.00103825 0.00230769
internal_weight=757 52 705 212 493 366 130
internal_count=757 52 705 212 493 366 130
is_linear=0
shrinkage=0.05


Tree=26
num_leaves=8
num_cat=0
split_feature=7 5 9 6 15 4 8
split_gain=1.32177 0.498986 1.13679 0.461996 0.970274 0.367163 0.551566
threshold=-0.046176283067727246 0.013050017569494202 -0.11383489578309096 0.066345460894455047 0.0021140694876901072 0.01509811326603995 -0.034173166304971407
decision_type=2 2 10 2 2 2 10
left_child=-1 5 -3 -4 -5 6 -2
right_child=1 2 3 4 -6 -7 -8
leaf_value=0.00017666061641621007 0.00015809890856728279 0.00021592853526272807 -1.7470285724655643e-05 -0.00011472436713827489 0.00027528456536624388 -0.00013548951966626605 -3.3457746709895273e-05
leaf_weight=48 39 25 121 27 26 345 106
leaf_count=48 39 25 121 27 26 345 106
internal_value=-0.000522389 -0.00108128 0.00103015 -0.0004023 0.00349056 -0.00193878 0.000172413
internal_weight=737 689 199 174 53 490 145
internal_count=737 689 199 174 53 490 145
is_linear=0
shrinkage=0.05


Tree=27
num_leaves=8
num_cat=0
split_feature=9 6 6 13 6 11 12
split_gain=1.13447 0.735361 0.799783 2.12891 0.401296 0.382425 0.761636
threshold=-0.10395482760656143 -0.78773732481748782 0.055079435996103175 16.894999504089359 1.9502566309944134 -0.0070947588285928389 -0.0014831774620820968
decision_type=8 2 2 2 2 2 2
left_child=1 -1 -3 -4 5 6 -2
right_child=4 2 3 -5 -6 -7 -8
leaf_value=0.00012218767219632681 -7.9752885661832167e-05 -6.8760377700676669e-05 0.0005382741950294295 -0.00015059675249311081 0.00025761707888538403 -4.7344048019926793e-05 3.4311759650644035e-05
leaf_weight=29 80 60 25 42 26 433 54
leaf_count=29 80 60 25 42 26 433 54
internal_value=-0.000460615 0.00333333 0.00169291 0.00544776 -0.00145869 -0.00173721 0.000597014
internal_weight=749 156 127 67 593 567 134
internal_count=749 156 127 67 593 567 134
is_linear=0
shrinkage=0.05


Tree=28
num_leaves=8
num_cat=0
split_feature=4 7 7 2 6 1 6
split_gain=0.911323 0.567708 0.538868 1.21959 0.911734 0.588216 0.461451
threshold=0.019220152019631846 -0.04766579712584023 -0.012683886404890708 -0.026713105082521778 0.055079435996103175 0.020830320123421012 -0.78773732481748782
decision_type=2 2 2 2 2 2 2
left_child=-1 -2 6 -4 -5 -6 -3
right_child=1 2 3 4 5 -7 -8
leaf_value=-4.446298433158933e-05 0.00017467145425610118 9.2289115599252186e-05 0.00029327164632557239 -3.3482846040380679e-05 0.00016643116909933185 -1.7189990655165449e-05 -7.5562124739388299e-05
leaf_weight=421 36 27 34 85 29 28 104
leaf_count=421 36 27 34 85 29 28 104
internal_value=-0.000353404 0.00155977 0.000863191 0.00267045 0.000633802 0.00552631 -0.00156489
internal_weight=764 343 307 176 142 57 131
internal_count=764 343 307 176 142 57 131
is_linear=0
shrinkage=0.05


Tree=29
num_leaves=8
num_cat=0
split_feature=7 5 2 8 8 4 9
split_gain=1.22414 0.505684 1.12249 0.58812 0.977578 0.672222 0.54697
threshold=-0.046176283067727246 0.012994506576780638 -0.026713105082521778 -0.054385560417136596 -0.034173166304971407 0.016219067837476602 -0.10544375247444164
decision_type=2 2 2 10 10 2 8
left_child=-1 3 -3 -2 5 -5 -7
right_child=1 2 -4 4 -6 6 -8
leaf_value=0.00016221078802233909 -0.00016238463279246048 0.00018773306460137594 -1.9500167915243758e-05 0.00029488154796866381 -4.1435096067680468e-05 0.00017468893287941978 -0.00032006777500886183
leaf_weight=48 125 51 155 30 263 27 33
leaf_count=48 125 51 155 30 263 27 33
internal_value=-0.00021858 -0.000760235 0.00131068 -0.00165272 -0.000609066 0.00388889 0.000833332
internal_weight=732 684 206 478 353 90 60
internal_count=732 684 206 478 353 90 60
is_linear=0
shrinkage=0.05


Tree=30
num_leaves=8
num_cat=0
split_feature=4 9 16 14 16 11 4
split_gain=1.09275 0.887841 1.5371 0.520415 0.688849 0.921886 0.498671
threshold=0.019220152019631846 -0.11542866372062759 0.0025227716109674785 0.012431899030548645 -0.0082686281025119972 0.0023966928807116488 0.014944413542670567
decision_type=2 10 2 2 2 2 2
left_child=6 2 -2 -3 -5 -6 -1
right_child=1 3 -4 4 5 -7 -8
leaf_value=3.640580273507932e-06 0.00018003283618980015 -3.1686902221669087e-05 -5.2431062809404189e-05 -0.000104989876935382 0.00036584998795306345 1.0191542315633377e-05 -0.00012979992770729959
leaf_weight=140 49 155 38 26 27 33 270
leaf_count=140 49 155 38 26 27 33 270
internal_value=1.35489e-05 0.00216463 0.00649425 0.000601659 0.00372093 0.00666667 -0.00170732
internal_weight=738 328 87 241 86 60 410
internal_count=738 328 87 241 86 60 410
is_linear=0
shrinkage=0.05


Tree=31
num_leaves=8
num_cat=0
split_feature=4 6 10 16 8 8 13
split_gain=0.783082 0.866482 0.496419 0.584028 0.447475 0.873801 0.460939
threshold=0.019220152019631846 1.0489287237205807 -0.0037293651666452927 0.0056675660372567114 -0.056671614740486258 -0.050649538585265712 16.375000000000004
decision_type=2 2 2 2 10 10 2
left_child=4 2 3 -2 -1 -6 -7
right_child=1 -3 -4 -5 5 6 -8
leaf_value=-0.00016205510038839088 -1.5373114705905039e-05 0.00029301942476384649 -6.8089336490155462e-06 0.00017519420233801859 0.00023660452627685612 -4.9591245231246398e-06 -0.0001451034549782738
leaf_weight=86 40 47 213 32 28 157 135
leaf_count=86 40 47 213 32 28 157 135
internal_value=-0.000325204 0.0014759 0.000438595 0.00402778 -0.00179803 -0.000937501 -0.00174658
internal_weight=738 332 285 72 406 320 292
internal_count=738 332 285 72 406 320 292
is_linear=0
shrinkage=0.05


end of trees

feature_importances:
atr_pct=30
dist_ma200=26
dvol_z_20=21
dist_ma20=19
dist_ma50=15
parkinson_20=14
spy_ret_1d=14
spy_ret_5d=12
spy_ret_20d=11
sector_ret_5d=10
ret_1d=9
vix_level=9
overnight_gap=8
vix_chg_1d=8
sector_ret_1d=8
ret_5d=6
ret_20d=4

parameters:
[boosting: gbdt]
[objective: quantile]
[metric: quantile]
[tree_learner: serial]
[device_type: cpu]
[data_sample_strategy: bagging]
[data: ]
[valid: ]
[num_iterations: 80]
[learning_rate: 0.05]
[num_leaves: 8]
[num_threads: 1]
[seed: 0]
[deterministic: 0]
[force_col_wise: 1]
[force_row_wise: 0]
[histogram_pool_size: -1]
[max_depth: -1]
[min_data_in_leaf: 25]
[min_sum_hessian_in_leaf: 0.001]
[bagging_fraction: 0.9]
[pos_bagging_fraction: 1]
[neg_bagging_fraction: 1]
[bagging_freq: 1]
[bagging_seed: 3]
[bagging_by_query: 0]
[feature_fraction: 0.9]
[feature_fraction_bynode: 1]
[feature_fraction_seed: 2]
[extra_trees: 0]
[extra_seed: 6]
[early_stopping_round: 0]
[early_stopping_min_delta: 0]
[first_metric_only: 0]
[max_delta_step: 0]
[lambda_l1: 0]
[lambda_l2: 0]
[linear_lambda: 0]
[min_gain_to_split: 0]
[drop_rate: 0.1]
[max_drop: 50]
[skip_drop: 0.5]
[xgboost_dart_mode: 0]
[uniform_drop: 0]
[drop_seed: 4]
[top_rate: 0.2]
[other_rate: 0.1]
[min_data_per_group: 100]
[max_cat_threshold: 32]
[cat_l2: 10]
[cat_smooth: 10]
[max_cat_to_onehot: 4]
[top_k: 20]
[monotone_constraints: ]
[monotone_constraints_method: basic]
[monotone_penalty: 0]
[feature_contri: ]
[forcedsplits_filename: ]
[refit_decay_rate: 0.9]
[cegb_tradeoff: 1]
[cegb_penalty_split: 0]
[cegb_penalty_feature_lazy: ]
[cegb_penalty_feature_coupled: ]
[path_smooth: 0]
[interaction_constraints: ]
[verbosity: -1]
[saved_feature_importance_type: 0]
[use_quantized_grad: 0]
[num_grad_quant_bins: 4]
[quant_train_renew_leaf: 0]
[stochastic_rounding: 1]
[linear_tree: 0]
[max_bin: 255]
[max_bin_by_feature: ]
[min_data_in_bin: 3]
[bin_construct_sample_cnt: 200000]
[data_random_seed: 1]
[is_enable_sparse: 1]
[enable_bundle: 1]
[use_missing: 1]
[zero_as_missing: 0]
[feature_pre_filter: 1]
[pre_partition: 0]
[two_round: 0]
[header: 0]
[label_column: ]
[weight_column: ]
[group_column: ]
[ignore_column: ]
[categorical_feature: ]
[forcedbins_filename: ]
[precise_float_parser: 0]
[parser_config_file: ]
[objective_seed: 5]
[num_class: 1]
[is_unbalance: 0]
[scale_pos_weight: 1]
[sigmoid: 1]
[boost_from_average: 1]
[reg_sqrt: 0]
[alpha: 0.9]
[fair_c: 1]
[poisson_max_delta_step: 0.7]
[tweedie_variance_power: 1.5]
[lambdarank_truncation_level: 30]
[lambdarank_norm: 1]
[label_gain: ]
[lambdarank_position_bias_regularization: 0]
[eval_at: ]
[multi_error_top_k: 1]
[auc_mu_weights: ]
[num_machines: 1]
[local_listen_port: 12400]
[time_out: 120]
[machine_list_filename: ]
[machines: ]
[gpu_platform_id: -1]
[gpu_device_id: -1]
[gpu_device_id_list: ]
[gpu_use_dp: 0]
[num_gpu: 1]

end of parameters

pandas_categorical:[]
