tree
version=v4
num_class=1
num_tree_per_iteration=1
label_index=0
max_feature_idx=16
objective=quantile
feature_names=ret_1d ret_5d ret_20d overnight_gap atr_pct parkinson_20 dvol_z_20 dist_ma20 dist_ma50 dist_ma200 spy_ret_1d spy_ret_5d spy_ret_20d vix_level vix_chg_1d sector_ret_1d sector_ret_5d
feature_infos=[-0.089867109634551579:0.1486206896551725] [-0.13656941649899401:0.19620689655172407] [-0.22552204176334101:0.30021834061135366] [-0.077723258096172754:0.10314987885081339] [0.013906436652378635:0.060002776779589088] [0.010084650778287475:0.029498433023804789] [-2.5904856937184686:4.2973058084689555] [-0.13576774975122219:0.16126345463864689] [-0.14684218774486768:0.2129181639932276] [-0.23893782564679578:0.47277442280554749] [-0.058542947643003718:0.10501933612632941] [-0.11496158439845272:0.082843216242346029] [-0.12265592443394913:0.15756596870864792] [11.859999656677246:52.330001831054688] [-0.35753873962348437:0.74039073966007019] [-0.060397403108400582:0.10888057162300102] [-0.11617882919005618:0.10060180541624875]
tree_sizes=852 859 863 861 861 865 863 861 862 864 866 868 862 859 872 864 859 873 863 855 871 854 877 872

Tree=0
num_leaves=8
num_cat=0
split_feature=2 9 6 13 14 15 6
split_gain=1.36417 1.59266 1.46486 0.910956 0.763245 1.23429 0.461385
threshold=0.0041444898845315334 0.13953152402959226 1.7359406222952809 22.730000495910648 -0.001390218635627771 -0.0029350642745266105 -0.13632336730522651
decision_type=2 10 2 2 2 2 2
left_child=1 3 -2 4 -1 6 -6
right_child=2 -3 -4 -5 5 -7 -8
leaf_value=-0.0029971195282447243 -0.0030181370227609127 -0.0034907585709734049 -0.0036319081322053392 -0.003922933495567129 -0.0030056253655099062 -0.003423093670641432 -0.0032451425941764089
leaf_weight=128 393 42 34 48 42 30 33
leaf_count=128 393 42 34 48 42 30 33
internal_value=-0.0032751 -0.00572691 -0.00142046 -0.00436953 -0.00307739 -0.00623701 -0.00280843
internal_weight=750 323 427 281 233 105 75
internal_count=750 323 427 281 233 105 75
is_linear=0
shrinkage=1


Tree=1
num_leaves=8
num_cat=0
split_feature=2 9 8 4 13 16 7
split_gain=1.06113 2.0004 0.758032 1.44689 0.36807 0.56489 0.345043
threshold=0.0041444898845315334 0.15398961668116132 -0.078613189768777222 0.033025410447211641 17.860000610351566 0.0023948592568482367 0.0083439654370800493
decision_type=2 10 8 2 2 2 2
left_child=1 2 -1 4 5 -4 -2
right_child=6 -3 3 -5 -6 -7 -8
leaf_value=0.00016600901779139062 0.00026893182722728199 -0.00039294545664198129 -0.0001225868003117667 -0.00048918651858403277 0.00010958547491502758 0.00023548827259789432 4.2246942438714391e-05
leaf_weight=92 84 35 46 50 54 38 335
leaf_count=92 84 35 46 50 54 38 335
internal_value=-0.000108992 -0.00230159 -0.000892857 -0.00271277 -7.24636e-05 -0.00214286 0.00153938
internal_weight=734 315 280 188 138 84 419
internal_count=734 315 280 188 138 84 419
is_linear=0
shrinkage=0.05


Tree=2
num_leaves=8
num_cat=0
split_feature=2 9 6 6 13 0 14
split_gain=1.24865 1.97664 0.907449 0.776855 1.41751 0.929032 0.857143
threshold=0.0041444898845315334 0.13953152402959226 1.7359406222952809 -0.27285488701031452 22.730000495910648 -0.014465856653550156 0.031250907350716124
decision_type=2 10 2 2 2 2 2
left_child=1 3 -2 5 6 -1 -5
right_child=2 -3 -4 4 -6 -7 -8
leaf_value=-0.00025388320982954729 0.00011057892558253505 -0.00031859673271407722 -0.00045793045289197962 9.1129748603982204e-05 -0.00096132608527905615 0.00012796086218252141 -0.00017902279594740175
leaf_weight=31 383 43 37 75 26 124 30
leaf_count=31 383 43 37 75 26 124 30
internal_value=-0.000140187 -0.00244681 0.00166667 -0.000944056 -0.00377863 0.00145161 -0.00119048
internal_weight=749 329 420 286 131 155 105
internal_count=749 329 420 286 131 155 105
is_linear=0
shrinkage=0.05


Tree=3
num_leaves=8
num_cat=0
split_feature=6 14 9 9 14 2 9
split_gain=1.0626 0.784616 0.977708 0.69291 1.37634 0.661293 0.89403
threshold=-0.16479546359158415 0.065842641676127869 0.18663085810385174 0.29781731775514603 -0.001390218635627771 -0.0038851957565126933 0.12335757841108476
decision_type=2 2 8 8 2 2 10
left_child=5 3 -3 -2 -5 6 -1
right_child=1 2 -4 4 -6 -7 -8
leaf_value=2.6214053325487855e-05 5.5748066870929254e-05 -0.00083645755463616044 2.1735674693663742e-05 4.2433900467382372e-05 -0.00027961710293565909 0.00018684673897109087 -0.00027162687994481083
leaf_weight=146 193 39 25 62 31 222 25
leaf_count=146 193 39 25 62 31 222 25
internal_value=0.000289368 -0.00171429 -0.00671875 -0.000594405 -0.00413978 0.00207379 -0.000263158
internal_weight=743 350 64 286 93 393 171
internal_count=743 350 64 286 93 393 171
is_linear=0
shrinkage=0.05


Tree=4
num_leaves=8
num_cat=0
split_feature=6 2 14 9 2 6 7
split_gain=1.18133 1.23624 1.17355 0.89438 0.523897 0.578361 0.829082
threshold=-0.28210239872467641 -0.07795522515016888 0.076607678117126224 0.35404012871860863 0.046978286073958715 -0.084257360952410335 0.092219900008143854
decision_type=2 2 2 10 2 2 2
left_child=-1 -2 3 4 -3 -6 -7
right_child=1 2 -4 -5 5 6 -8
leaf_value=0.00011373038125060876 -0.00029771787264768943 0.00024765021188764309 -0.00046477470954290137 -0.00021355225816515412 0.00011680538048426662 -0.00026335572379392004 0.00045900218976638606
leaf_weight=349 46 146 47 27 33 72 26
leaf_count=349 46 146 47 27 33 72 26
internal_value=0.000442359 -0.00142317 -0.000413105 0.000723684 0.0015704 -0.000725191 -0.00265306
internal_weight=746 397 351 304 277 131 98
internal_count=746 397 351 304 277 131 98
is_linear=0
shrinkage=0.05


Tree=5
num_leaves=8
num_cat=0
split_feature=6 8 0 11 5 0 10
split_gain=1.14703 0.778846 0.609864 0.489298 0.614744 0.603339 0.35763
threshold=0.95526343935843028 0.064415479970546544 -0.0064693135075679633 0.003505922146060048 0.013323753913428072 -0.028630796211142114 -0.001746991736331027
decision_type=2 10 2 2 2 2 2
left_child=3 2 -2 4 -1 -6 -7
right_child=1 -3 -4 -5 5 6 -8
leaf_value=-0.00016134683535080671 -0.00012037102678523582 0.00019833015355875711 -0.00038623721185262214 9.4413817881422153e-05 -0.00060887228219877779 0.00016648127300125163 -2.5089542326359114e-05
leaf_weight=34 29 32 43 339 25 112 123
leaf_count=34 29 32 43 339 25 112 123
internal_value=0.000251018 -0.00461538 -0.0075 0.00105055 -0.000442177 0.000384616 0.00117021
internal_weight=737 104 72 633 294 260 235
internal_count=737 104 72 633 294 260 235
is_linear=0
shrinkage=0.05


Tree=6
num_leaves=8
num_cat=0
split_feature=6 2 8 10 9 3 3
split_gain=0.929873 0.716222 0.674456 0.71808 0.553424 0.453233 1.63628
threshold=0.95526343935843028 -0.0035516454871293286 0.064415479970546544 0.0021398765862171714 0.15398961668116132 0.0054276952143779153 0.0093969586770343855
decision_type=2 2 8 2 10 2 2
left_child=1 4 3 -2 5 -1 -7
right_child=2 -3 -4 -5 -6 6 -8
leaf_value=1.1856064072134972e-05 -0.00038294594667397401 0.00012391257670822195 0.00018886219720175643 8.9930157677465541e-05 -0.00017936253976954896 -0.00045418700882808333 0.00021476129121484732
leaf_weight=175 45 366 33 28 28 28 43
leaf_count=175 45 366 33 28 28 28 43
internal_value=0.000375335 0.00109375 -0.00396226 -0.00664384 -0.000839416 -8.13006e-05 -0.0034507
internal_weight=746 640 106 73 274 246 71
internal_count=746 640 106 73 274 246 71
is_linear=0
shrinkage=0.05


Tree=7
num_leaves=8
num_cat=0
split_feature=12 12 4 4 4 9 4
split_gain=0.589411 1.00854 0.70094 1.01385 0.406724 0.52442 0.724077
threshold=-0.0052152181904612785 -0.0093119060190361962 0.031671769042770241 0.039394963017230895 0.031825381957290733 0.45735559634226569 0.030875336001016482
decision_type=2 2 2 2 2 8 2
left_child=1 2 -1 -4 5 6 -2
right_child=4 -3 3 -5 -6 -7 -8
leaf_value=6.8409378941221218e-05 8.4069169864830546e-05 -0.00020336077046538868 -0.00033471329051692263 0.00018690059521347057 0.00018170478138157588 -0.00014661388524722489 -0.00029409700396062431
leaf_weight=80 345 25 44 39 99 86 27
leaf_count=80 345 25 44 39 99 86 27
internal_value=0.000771812 -0.00164894 -0.000214724 -0.00343373 0.00158887 0.000960699 0.00177419
internal_weight=745 188 163 83 557 458 372
internal_count=745 188 163 83 557 458 372
is_linear=0
shrinkage=0.05


Tree=8
num_leaves=8
num_cat=0
split_feature=6 14 9 9 3 3 2
split_gain=1.25128 0.716698 0.640347 0.537063 0.51961 0.741758 0.434952
threshold=-0.21899193867754657 0.065842641676127869 0.27776828116516566 0.18663085810385174 0.0010838512429831584 -0.003763408558349723 -0.0038851957565126933
decision_type=2 2 8 8 2 2 2
left_child=6 2 -2 -3 5 -4 -1
right_child=1 3 4 -5 -6 -7 -8
leaf_value=1.3462365605878648e-05 5.8923945597442306e-05 -0.00072562548877333477 -0.00015789844827008776 -7.725125365874074e-06 -0.00027654484236701478 0.00026412767131620912 0.00016345671919827502
leaf_weight=166 202 40 26 26 53 30 221
leaf_count=166 202 40 26 26 53 30 221
internal_value=0.000418848 -0.0016313 -0.000627009 -0.00636364 -0.0037156 -0.000357143 0.00241602
internal_weight=764 377 311 66 109 56 387
internal_count=764 377 311 66 109 56 387
is_linear=0
shrinkage=0.05


Tree=9
num_leaves=8
num_cat=0
split_feature=6 8 9 16 11 10 7
split_gain=0.830733 0.872482 0.983315 0.413642 0.841586 0.73704 0.946904
threshold=0.95526343935843028 0.036823300116966558 0.097587777340334206 -0.020711770902028911 0.003505922146060048 0.0030128499392588774 0.011857851096895413
decision_type=2 10 8 2 2 2 2
left_child=3 2 -2 -1 5 -5 -7
right_child=1 -3 -4 4 -6 6 -8
leaf_value=0.00023884768820630329 -1.4387412897460651e-05 5.8261592525078952e-05 -0.00037413225387191557 3.8407343245759857e-06 6.0052178116011063e-05 -0.00015523138514400217 2.3322160004507668e-05
leaf_weight=102 25 50 28 139 340 31 29
leaf_count=102 25 50 28 139 340 31 29
internal_value=0.000430108 -0.00373786 -0.00820755 0.00109984 0.00054731 -0.00203518 -0.00666667
internal_weight=744 103 53 641 539 199 60
internal_count=744 103 53 641 539 199 60
is_linear=0
shrinkage=0.05


Tree=10
num_leaves=8
num_cat=0
split_feature=6 7 5 12 6 6 6
split_gain=0.924281 0.646077 0.647574 0.492505 0.413048 0.409358 0.618394
threshold=0.95526343935843028 0.053795808463594892 0.014878235993339635 0.030225182467667037 -0.98542426958111096 -0.084257360952410335 0.027849505440066973
decision_type=2 2 2 2 2 2 2
left_child=3 2 -2 5 -5 -1 -7
right_child=1 -3 -4 4 -6 6 -8
leaf_value=3.0461492140788596e-05 -1.7154060195000523e-05 0.00025272440000585728 -0.00038409899511091298 -7.4174867277153764e-05 0.00016200952139805991 -0.00032214470298030842 -1.1815426902736829e-05
leaf_weight=281 34 26 43 26 201 25 113
leaf_count=281 34 26 43 26 201 25 113
internal_value=0.000660881 -0.00373786 -0.00603896 0.00136223 0.00323789 0.000346062 -0.00188406
internal_weight=749 103 77 646 227 419 138
internal_count=749 103 77 646 227 419 138
is_linear=0
shrinkage=0.05


Tree=11
num_leaves=8
num_cat=0
split_feature=6 7 14 2 8 15 12
split_gain=0.84219 0.625587 0.568791 0.427911 0.78268 1.18728 0.899411
threshold=0.95526343935843028 0.053795808463594892 -0.011298954547856009 -0.0035516454871293286 -0.077568597046110396 -0.001522565424722788 -0.0045413720184895303
decision_type=2 2 2 2 10 2 2
left_child=3 2 -2 4 -1 -6 -7
right_child=1 -3 -4 -5 5 6 -8
leaf_value=0.00012808022308945845 -0.00013262139871902628 0.00025694120918223534 -0.0003596093559832471 8.6024865843370852e-05 6.7120332746282074e-05 -0.00026177780335147203 -0.00013045720345196114
leaf_weight=81 40 27 45 372 79 27 76
leaf_count=81 40 27 45 372 79 27 76
internal_value=0.000515395 -0.00348214 -0.00558823 0.00122047 -0.000323194 -0.00214286 -0.00567961
internal_weight=747 112 85 635 263 182 103
internal_count=747 112 85 635 263 182 103
is_linear=0
shrinkage=0.05


Tree=12
num_leaves=8
num_cat=0
split_feature=8 2 0 6 9 16 2
split_gain=0.447075 0.772584 0.904273 0.657642 0.709189 0.582814 0.489879
threshold=-0.078880082174744556 -0.044898206532113731 -0.01158772970630084 0.076867078633375552 0.28588202272503588 0.0095700381825423193 -0.068493985623142392
decision_type=10 2 2 2 8 2 2
left_child=-1 2 -2 4 -3 -6 -4
right_child=1 3 6 -5 5 -7 -8
leaf_value=0.00013802811442798662 -0.0002713714325822772 0.00014097793627341026 1.1759022354889174e-05 -0.00012211860617156729 2.0532019868182416e-05 -0.00046280637232922329 -0.00032187109646064963
leaf_weight=114 26 264 38 192 48 26 26
leaf_count=114 26 264 38 192 48 26 26
internal_value=0.000367848 -0.00016129 -0.00444444 0.000566038 0.00189349 -0.00243243 -0.00125
internal_weight=734 620 90 530 338 74 64
internal_count=734 620 90 530 338 74 64
is_linear=0
shrinkage=0.05


Tree=13
num_leaves=8
num_cat=0
split_feature=14 15 13 10 6 16 5
split_gain=0.921344 0.620745 0.64872 0.574844 0.634598 0.760665 0.812839
threshold=0.15436855290822041 -0.01129203605041723 23.694999694824222 0.004568837884475486 0.96430831845724396 0.016060560177838971 0.016884261867805856
decision_type=2 2 2 2 2 2 2
left_child=1 -1 3 4 5 -3 -7
right_child=-2 2 -4 -5 -6 6 -8
leaf_value=0.00018508164619432551 -0.00064632085070348024 2.8290543241712822e-05 -0.00024625305613227877 0.00013081045875320605 -0.00026781862564801193 1.4822135520937879e-05 -0.00034428025897924558
leaf_weight=97 25 231 35 213 51 54 39
leaf_count=97 25 231 35 213 51 54 39
internal_value=0.000436242 0.000763889 0.000184591 0.000578231 -0.0006 0.00021605 -0.00360215
internal_weight=745 720 623 588 375 324 93
internal_count=745 720 623 588 375 324 93
is_linear=0
shrinkage=0.05


Tree=14
num_leaves=8
num_cat=0
split_feature=14 16 12 12 4 11 11
split_gain=0.839888 0.436548 0.551792 0.625727 0.382275 0.347946 0.939986
threshold=0.13518549268873961 -0.020338021759873145 -0.0052152181904612785 -0.023938003454768261 0.033378383316080104 0.015980526956462796 0.014107159275651539
decision_type=2 2 2 2 2 2 2
left_child=1 -1 3 4 -3 6 -4
right_child=-2 2 5 -5 -6 -7 -8
leaf_value=0.00020558919532513592 -0.00058428395152654029 9.1121504909942588e-05 3.530201540682866e-05 -0.00018925210093499712 -7.8029738376662894e-05 9.6224070634493811e-05 -0.00069406745385782581
leaf_weight=103 27 36 318 39 27 144 25
leaf_count=103 27 36 318 39 27 144 25
internal_value=0.000688456 0.00102601 0.000500849 -0.00284314 0.000238095 0.00120123 0.000335277
internal_weight=719 692 589 102 63 487 343
internal_count=719 692 589 102 63 487 343
is_linear=0
shrinkage=0.05


Tree=15
num_leaves=8
num_cat=0
split_feature=14 15 3 3 9 3 15
split_gain=0.552818 0.553295 0.721079 1.56421 0.486284 0.732501 0.466071
threshold=0.13518549268873961 -0.01129203605041723 -0.0076245045071230413 -0.0094176423639900069 0.27776828116516566 0.0051836107887265346 -0.001732310717528107
decision_type=2 2 2 2 8 2 2
left_child=1 -1 3 6 -4 -6 -3
right_child=-2 2 4 -5 5 -7 -8
leaf_value=0.00013961689056052388 -0.00062937189334025191 0.00033684802394956981 5.7893218671268927e-05 -0.00022925974237512025 9.5511063667785617e-06 -0.00029291893369057367 -0.000195756413496958
leaf_weight=90 32 29 353 26 130 48 35
leaf_count=90 32 29 353 26 130 48 35
internal_value=0.000491252 0.000780591 0.000249598 -0.00388889 0.000951036 -0.00117978 0.0003125
internal_weight=743 711 621 90 531 178 64
internal_count=743 711 621 90 531 178 64
is_linear=0
shrinkage=0.05


Tree=16
num_leaves=8
num_cat=0
split_feature=6 13 2 11 16 4 10
split_gain=0.649495 0.65247 0.687533 0.359744 0.544357 0.346247 1.2458
threshold=0.95526343935843028 17.82499980926514 0.046978286073958715 0.003505922146060048 -0.020711770902028911 0.027482352805036084 -0.001746991736331027
decision_type=2 2 2 2 2 2 2
left_child=3 2 -2 4 -1 6 -6
right_child=1 -3 -4 -5 5 -7 -8
leaf_value=0.00019152525585531239 6.5044060556591313e-05 -0.00025204789106794326 -0.00030849897391775009 5.7348462405735047e-05 5.28406254799017e-05 2.5182480895981562e-06 -0.00023762208944868316
leaf_weight=102 36 44 29 353 48 101 44
leaf_count=102 36 44 29 353 48 101 44
internal_value=0.000772787 -0.00279816 0.000384616 0.00137346 8.47459e-05 -0.00147668 -0.00369565
internal_weight=757 109 65 648 295 193 92
internal_count=757 109 65 648 295 193 92
is_linear=0
shrinkage=0.05


Tree=17
num_leaves=8
num_cat=0
split_feature=7 1 14 16 12 12 3
split_gain=0.398154 0.570003 0.357828 0.546953 0.966277 1.06869 0.502194
threshold=0.090348573309936078 0.070054825932874723 -0.03897851358283843 -0.020711770902028911 -0.0052152181904612785 -0.023938003454768261 0.008005479541424056
decision_type=2 2 2 2 2 2 2
left_child=1 2 -1 -4 5 -5 -6
right_child=-2 -3 3 4 6 -7 -8
leaf_value=0.00012523005308375177 0.00025193719414505115 -0.00017619193799777537 0.00017044495339270567 -3.2690151715201329e-06 1.9764830230394953e-05 -0.00022283712214966612 -0.00034580345271077186
leaf_weight=169 49 31 94 36 304 30 33
leaf_count=169 49 31 94 36 304 30 33
internal_value=0.000643432 0.000337159 0.000645646 -3.01809e-05 -0.000831265 -0.00636364 0.000252226
internal_weight=746 697 666 497 403 66 337
internal_count=746 697 666 497 403 66 337
is_linear=0
shrinkage=0.05


Tree=18
num_leaves=8
num_cat=0
split_feature=14 9 2 8 6 12 14
split_gain=0.610704 0.675111 0.773352 1.17 0.56391 0.930614 0.415142
threshold=0.15436855290822041 0.20803195237668873 0.0041444898845315334 -0.017271783981296304 -0.73654919990134959 -0.0052152181904612785 0.059971774713864064
decision_type=2 8 2 8 2 2 2
left_child=1 6 3 4 -3 -6 -1
right_child=-2 2 -4 -5 5 -7 -8
leaf_value=0.00013865316683718827 -0.00056254906265573181 0.00012163910300897406 3.2933721320269083e-05 -0.00025446827380631984 -0.00018802979693203153 2.6949020142955259e-05 -8.5420680756355589e-05
leaf_weight=358 25 27 193 32 25 32 61
leaf_count=358 25 27 193 32 25 32 61
internal_value=0.000683931 0.000947802 -0.000825243 -0.00405172 -0.000952381 -0.00377193 0.00225537
internal_weight=753 728 309 116 84 57 419
internal_count=753 728 309 116 84 57 419
is_linear=0
shrinkage=0.05


Tree=19
num_leaves=8
num_cat=0
split_feature=4 12 1 12 12 12 13
split_gain=0.498774 0.410269 0.449168 1.1533 1.08377 0.427305 1.03926
threshold=0.01852091968447939 -0.0052152181904612785 0.043745038386248998 0.028951929172189476 0.017951110302837473 -0.025750779649927887 18.974999427795414
decision_type=2 2 2 2 2 2 2
left_child=-1 5 -3 4 -4 -2 -7
right_child=1 2 3 -5 -6 6 -8
leaf_value=-5.0967562837276828e-05 1.2549345320246808e-05 5.482879317316003e-05 1.9307792438392588e-05 0.00015295675181279213 -0.00027201096474838425 -0.00017862830697331809 1.6603729993840617e-05
leaf_weight=26 110 404 29 70 26 35 39
leaf_count=26 110 404 29 70 26 35 39
internal_value=0.00026387 0.000511922 0.00121928 -0.0014 -0.00681818 -0.00152174 -0.00445946
internal_weight=739 713 529 125 55 184 74
internal_count=739 713 529 125 55 184 74
is_linear=0
shrinkage=0.05


Tree=20
num_leaves=8
num_cat=0
split_feature=15 2 14 7 0 0 2
split_gain=0.46593 0.702991 0.941021 0.753634 0.478627 0.433509 0.418251
threshold=-0.0032718482423349511 0.0041444898845315334 -0.034475777702634207 -0.019539907687562138 0.012687032385164889 -0.030859493503684662 0.050013030579395441
decision_type=2 2 2 2 2 2 2
left_child=4 2 -2 -4 5 -1 -3
right_child=1 6 3 -5 -6 -7 -8
leaf_value=-0.00037239576729637528 1.4037590263568601e-05 0.00015648808826282336 -6.6612167613553888e-05 -0.00026865757782686882 -0.00011555139753079336 8.1562677016779839e-05 -5.9332971578656077e-06
leaf_weight=33 93 104 54 43 27 212 185
leaf_count=33 93 104 54 43 27 212 185
internal_value=0.000406125 -0.000532359 -0.00289474 -0.00634021 0.00205882 0.0027551 0.00102076
internal_weight=751 479 190 97 272 245 289
internal_count=751 479 190 97 272 245 289
is_linear=0
shrinkage=0.05


Tree=21
num_leaves=8
num_cat=0
split_feature=12 6 12 4 4 12 4
split_gain=0.541678 0.954872 1.22007 0.853114 0.463806 0.39318 0.356806
threshold=-0.0031637025986434027 -0.15292638799489316 -0.015496668614707719 0.034423797613328207 0.01852091968447939 0.011040708270440904 0.021793430408927079
decision_type=2 2 2 2 2 2 2
left_child=1 -1 3 -3 -2 -6 -7
right_child=4 2 -4 -5 5 6 -8
leaf_value=2.0975442875904534e-05 -4.3377610347365329e-05 0.00025913079400961987 -0.00021087419279452728 -0.00072728954515075515 0.00014739366033608182 0.00014001680626931983 5.276724771273429e-06
leaf_weight=100 25 37 26 32 89 80 359
leaf_count=100 25 37 26 32 89 80 359
internal_value=0.000855615 -0.00141026 -0.005 -0.00152174 0.00165461 0.0019697 0.00135535
internal_weight=748 195 95 69 553 528 439
internal_count=748 195 95 69 553 528 439
is_linear=0
shrinkage=0.05


Tree=22
num_leaves=8
num_cat=0
split_feature=15 0 1 15 1 1 9
split_gain=0.512147 0.924288 1.34129 0.948471 0.628045 0.498642 0.388119
threshold=-0.0032718482423349511 -0.00088695617514106251 -0.035876257597987841 -0.00088398920683713234 -0.019162754654841237 0.0044317090513601451 0.0877933767671253
decision_type=2 2 2 2 2 2 10
left_child=-1 3 -3 -2 -5 -6 -4
right_child=1 2 6 4 5 -7 -8
leaf_value=3.9168207705560876e-05 -0.00022859116481884379 -0.00015626174684853363 0.00010265818675743172 0.00021803015933233641 -0.00016629842270606281 -4.3883554511192907e-06 9.1428490335982029e-06
leaf_weight=272 25 32 142 50 25 48 148
leaf_count=272 25 32 142 50 25 48 148
internal_value=0.000148248 -0.000851064 0.000652174 -0.00412162 -0.00231707 -0.00527397 0.00172414
internal_weight=742 470 322 148 123 73 290
internal_count=742 470 322 148 123 73 290
is_linear=0
shrinkage=0.05


Tree=23
num_leaves=8
num_cat=0
split_feature=6 2 15 14 14 7 2
split_gain=0.672098 0.657767 0.462357 0.734134 1.28496 0.457882 0.645431
threshold=-0.21899193867754657 -0.098441780090583894 -0.0026875569287474472 -0.033937801347731548 -0.021911996714153944 0.093007972559141741 0.067717756704392076
decision_type=2 2 2 2 2 2 2
left_child=2 -2 -1 -4 -5 6 -3
right_child=1 5 3 4 -6 -7 -8
leaf_value=0.0001116262165883463 -0.00017867913302927241 1.1027606398383008e-06 0.00023293841156662542 -0.00058422727464894312 3.0011369283082803e-06 0.00037701275037999081 -0.00017308711589003828
leaf_weight=149 25 229 91 27 111 33 86
leaf_count=149 25 229 91 27 111 33 86
internal_value=0.000339547 -0.00116622 0.0018254 0.000414847 -0.00188406 -0.000603448 -0.00119048
internal_weight=751 373 378 229 138 348 315
internal_count=751 373 378 229 138 348 315
is_linear=0
shrinkage=0.05


end of trees

feature_importances:
dvol_z_20=22
ret_20d=17
dist_ma200=16
spy_ret_20d=16
vix_chg_1d=16
atr_pct=11
sector_ret_1d=9
overnight_gap=8
dist_ma20=8
ret_1d=7
dist_ma50=7
sector_ret_5d=7
vix_level=6
ret_5d=5
spy_ret_1d=5
spy_ret_5d=5
parkinson_20=3

parameters:
[boosting: gbdt]
[objective: quantile]
[metric: quantile]
[tree_learner: serial]
[device_type: cpu]
[data_sample_strategy: bagging]
[data: ]
[valid: ]
[num_iterations: 80]
[learning_rate: 0.05]
[num_leaves: 8]
[num_threads: 1]
[seed: 0]
[deterministic: 0]
[force_col_wise: 1]
[force_row_wise: 0]
[histogram_pool_size: -1]
[max_depth: -1]
[min_data_in_leaf: 25]
[min_sum_hessian_in_leaf: 0.001]
[bagging_fraction: 0.9]
[pos_bagging_fraction: 1]
[neg_bagging_fraction: 1]
[bagging_freq: 1]
[bagging_seed: 3]
[bagging_by_query: 0]
[feature_fraction: 0.9]
[feature_fraction_bynode: 1]
[feature_fraction_seed: 2]
[extra_trees: 0]
[extra_seed: 6]
[early_stopping_round: 0]
[early_stopping_min_delta: 0]
[first_metric_only: 0]
[max_delta_step: 0]
[lambda_l1: 0]
[lambda_l2: 0]
[linear_lambda: 0]
[min_gain_to_split: 0]
[drop_rate: 0.1]
[max_drop: 50]
[skip_drop: 0.5]
[xgboost_dart_mode: 0]
[uniform_drop: 0]
[drop_seed: 4]
[top_rate: 0.2]
[other_rate: 0.1]
[min_data_per_group: 100]
[max_cat_threshold: 32]
[cat_l2: 10]
[cat_smooth: 10]
[max_cat_to_onehot: 4]
[top_k: 20]
[monotone_constraints: ]
[monotone_constraints_method: basic]
[monotone_penalty: 0]
[feature_contri: ]
[forcedsplits_filename: ]
[refit_decay_rate: 0.9]
[cegb_tradeoff: 1]
[cegb_penalty_split: 0]
[cegb_penalty_feature_lazy: ]
[cegb_penalty_feature_coupled: ]
[path_smooth: 0]
[interaction_constraints: ]
[verbosity: -1]
[saved_feature_importance_type: 0]
[use_quantized_grad: 0]
[num_grad_quant_bins: 4]
[quant_train_renew_leaf: 0]
[stochastic_rounding: 1]
[linear_tree: 0]
[max_bin: 255]
[max_bin_by_feature: ]
[min_data_in_bin: 3]
[bin_construct_sample_cnt: 200000]
[data_random_seed: 1]
[is_enable_sparse: 1]
[enable_bundle: 1]
[use_missing: 1]
[zero_as_missing: 0]
[feature_pre_filter: 1]
[pre_partition: 0]
[two_round: 0]
[header: 0]
[label_column: ]
[weight_column: ]
[group_column: ]
[ignore_column: ]
[categorical_feature: ]
[forcedbins_filename: ]
[precise_float_parser: 0]
[parser_config_file: ]
[objective_seed: 5]
[num_class: 1]
[is_unbalance: 0]
[scale_pos_weight: 1]
[sigmoid: 1]
[boost_from_average: 1]
[reg_sqrt: 0]
[alpha: 0.1]
[fair_c: 1]
[poisson_max_delta_step: 0.7]
[tweedie_variance_power: 1.5]
[lambdarank_truncation_level: 30]
[lambdarank_norm: 1]
[label_gain: ]
[lambdarank_position_bias_regularization: 0]
[eval_at: ]
[multi_error_top_k: 1]
[auc_mu_weights: ]
[num_machines: 1]
[local_listen_port: 12400]
[time_out: 120]
[machine_list_filename: ]
[machines: ]
[gpu_platform_id: -1]
[gpu_device_id: -1]
[gpu_device_id_list: ]
[gpu_use_dp: 0]
[num_gpu: 1]

end of parameters

pandas_categorical:[]
