tree
version=v4
num_class=1
num_tree_per_iteration=1
label_index=0
max_feature_idx=16
objective=quantile
feature_names=ret_1d ret_5d ret_20d overnight_gap atr_pct parkinson_20 dvol_z_20 dist_ma20 dist_ma50 dist_ma200 spy_ret_1d spy_ret_5d spy_ret_20d vix_level vix_chg_1d sector_ret_1d sector_ret_5d
feature_infos=[-0.14136420274126771:0.14869626497533472] [-0.17929243241116055:0.20662056103815374] [-0.21104399692311571:0.35746684203409829] [-0.11629296797184541:0.14410123826370924] [0.016112154560555723:0.055921702927277363] [0.0096510880253905893:0.035940627074894309] [-2.2856472781009423:4.3281347451513534] [-0.17845723552468318:0.16844449062086153] [-0.18970269024146402:0.27673612716703189] [-0.21728755515361076:0.4314049955862298] [-0.058542947643003718:0.10501933612632941] [-0.11496158439845272:0.082843216242346029] [-0.12265592443394913:0.15756596870864792] [11.859999656677246:52.330001831054688] [-0.35753873962348437:0.74039073966007019] [-0.054845245580940394:0.043465182734245822] [-0.079035682487500813:0.068782287822878097]
tree_sizes=828 864 861 864 854 853 863 868 860 863 856 864 862 858

Tree=0
num_leaves=8
num_cat=0
split_feature=6 8 5 9 6 9 16
split_gain=1.53226 1.17268 1.09328 0.769666 0.694286 0.96 0.72
threshold=-0.48099866479517772 -0.023542555333287415 0.012789047486932647 0.31678191958409224 -0.16263925999395154 -0.097350507795743321 -0.0042301177911188139
decision_type=2 8 2 10 2 10 2
left_child=-1 4 -3 -4 -2 -6 -7
right_child=1 2 3 -5 5 6 -8
leaf_value=0.0024255669270888272 0.0025421216729760356 0.0027318686597086585 0.0024457784147167622 0.0026511787044364299 0.0026437094311023259 0.0043653153963624904 0.0029115185804586162
leaf_weight=269 30 48 293 35 25 25 25
leaf_count=269 30 48 293 35 25 25 25
internal_value=0.00260454 0.00429463 0.00299 0.0019586 0.00896644 0.0115379 0.0155379
internal_weight=750 481 376 328 105 75 50
internal_count=750 481 376 328 105 75 50
is_linear=0
shrinkage=1


Tree=1
num_leaves=8
num_cat=0
split_feature=8 3 1 0 4 12 5
split_gain=1.89004 0.546946 0.578798 0.384869 0.8818 0.404719 0.39691
threshold=-0.10042015900359873 0.017431762951274136 -0.06134485717469506 0.0097046702525651635 0.019809493345102309 0.04833072164899422 0.016924152821155253
decision_type=8 2 2 2 2 2 2
left_child=-1 2 -2 6 -5 -6 -4
right_child=1 -3 3 4 5 -7 -8
leaf_value=0.00096949431950018672 0.0001704655816746699 0.00013349315481834688 -0.00011681901468207014 0.00036251724352099658 -8.513071095832904e-05 0.00016853199385551056 -1.6495739352771681e-05
leaf_weight=33 33 26 287 29 117 25 184
leaf_count=33 33 26 287 29 117 25 184
internal_value=-2.72491e-05 -0.000577747 -0.000851853 -0.0011838 0.000847952 -0.000774649 -0.00192144
internal_weight=734 701 675 642 171 142 471
internal_count=734 701 675 642 171 142 471
is_linear=0
shrinkage=0.05


Tree=2
num_leaves=8
num_cat=0
split_feature=2 6 5 8 6 0 5
split_gain=1.72608 1.16743 0.623061 0.657236 0.793259 0.60488 0.759867
threshold=-0.11870586320741737 -0.21785413929597655 0.012242740615556807 -0.014879839662800485 0.58449874360291731 0.021687235393969221 0.018455362247861169
decision_type=2 2 2 8 2 2 2
left_child=-1 -2 -3 4 -4 6 -5
right_child=1 2 3 5 -6 -7 -8
leaf_value=0.00078112349730650511 -0.00010494547729505076 0.00038874490438564477 -4.4275653789581987e-05 -2.5957177069141348e-05 0.00063312846661011421 -0.00019125321813315263 0.00019933778793225672
leaf_weight=35 362 25 33 167 36 55 36
leaf_count=35 362 25 33 167 36 55 36
internal_value=-0.000126837 -0.000658264 0.00139204 0.000810396 0.00514493 -0.000348838 0.000911329
internal_weight=749 714 352 327 69 258 203
internal_count=749 714 352 327 69 258 203
is_linear=0
shrinkage=0.05


Tree=3
num_leaves=8
num_cat=0
split_feature=8 1 6 6 4 14 6
split_gain=1.14535 0.939723 0.818684 0.659109 0.427986 1.48654 0.734425
threshold=-0.065070323031137897 -0.064761633853810827 -0.47148080384374341 -0.39750632169804406 0.019809493345102309 -0.0029443342389950384 2.1703812985792776
decision_type=8 2 2 2 2 2 2
left_child=1 -1 -2 -4 5 -5 -6
right_child=2 -3 3 4 6 -7 -8
leaf_value=-0.00010807084995995936 -0.00012508489466818871 0.00067265031502411888 0.00014704455234780902 -8.5589779870374384e-05 -8.9559373487879446e-05 0.00038190823474886697 0.00024664447851026312
leaf_weight=29 251 47 27 31 303 25 30
leaf_count=29 251 47 27 31 303 25 30
internal_value=-0.000289369 0.00552631 -0.000952025 0.000408653 -0.000115682 0.00392857 -0.000795797
internal_weight=743 76 667 416 389 56 333
internal_count=743 76 667 416 389 56 333
is_linear=0
shrinkage=0.05


Tree=4
num_leaves=8
num_cat=0
split_feature=2 9 12 0 7 8 15
split_gain=0.857791 0.916023 0.657167 1.08213 0.768806 0.600863 0.546452
threshold=-0.06887624256412804 0.0077924156407940268 0.04833072164899422 -0.0011533010895116156 -0.027112112482412017 -0.0038305731143208894 0.0027056046776593461
decision_type=2 10 2 2 2 8 2
left_child=1 -1 4 -4 5 -2 -5
right_child=2 -3 3 6 -6 -7 -8
leaf_value=0.00017829788317511158 0.00017787407059021064 0.00071253188691550509 -0.00024691373941492482 0.00036382558133215268 -8.4220829050334951e-05 -0.00016108995464528752 0.00012734364006190238
leaf_weight=71 40 26 36 25 486 31 31
leaf_count=71 40 26 36 25 486 31 31
internal_value=-0.00010724 0.00427835 -0.000762713 0.00315217 -0.00140934 0.0034507 0.0075
internal_weight=746 97 649 92 557 71 56
internal_count=746 97 649 92 557 71 56
is_linear=0
shrinkage=0.05


Tree=5
num_leaves=8
num_cat=0
split_feature=6 8 5 9 0 15 5
split_gain=1.18667 0.999765 0.689481 0.625541 0.594286 0.5 0.362502
threshold=-0.29163150654894082 -0.028348442617960486 0.012789047486932647 -0.097350507795743321 0.016168747745088922 -0.0062373245110906575 0.016129428716166887
decision_type=2 8 2 10 2 2 2
left_child=4 3 -3 -2 -1 -5 -4
right_child=1 2 6 5 -6 -7 -8
leaf_value=-0.00010940260511603383 1.5805348738530443e-05 0.00017077267779752218 -8.1719368825511861e-05 0.0016586286161706166 0.00023436208835165935 0.00062594429873441863 2.2863002159386664e-05
leaf_weight=325 27 39 135 25 25 25 136
leaf_count=325 27 39 135 25 25 25 136
internal_value=-0.000318861 0.00158915 0.000322579 0.00668831 -0.00242857 0.01 -0.000571957
internal_weight=737 387 310 77 350 50 271
internal_count=737 387 310 77 350 50 271
is_linear=0
shrinkage=0.05


Tree=6
num_leaves=8
num_cat=0
split_feature=6 6 14 15 2 4 4
split_gain=1.25294 0.885018 1.0683 0.826476 0.82672 0.658659 0.414263
threshold=-0.21785413929597655 -0.10574667730499193 -0.093449770795740669 -0.0068168675786700042 -0.014933615124294584 0.019809493345102309 0.026978232001686669
decision_type=2 2 2 2 2 2 2
left_child=6 -2 -3 4 -4 -5 -1
right_child=1 2 3 5 -6 -7 -8
leaf_value=-0.00010943867861088429 0.00025767824054940863 0.00022675922078256073 0.00045671482399460355 0.00028341702045380282 -0.00015914548262461711 -7.7988863652463699e-05 -1.8432608610547703e-05
leaf_weight=212 44 25 36 34 27 199 169
leaf_count=212 44 25 36 34 27 199 169
internal_value=-0.00010724 0.0019863 0.00107477 0.000236485 0.00531746 -0.00113734 -0.00211286
internal_weight=746 365 321 296 63 233 381
internal_count=746 365 321 296 63 233 381
is_linear=0
shrinkage=0.05


Tree=7
num_leaves=8
num_cat=0
split_feature=6 6 12 5 6 5 3
split_gain=0.903615 0.55699 0.439789 0.512996 0.498287 0.307283 0.294048
threshold=2.434516899397198 -0.48099866479517772 -0.043864369041982591 0.012789047486932647 -0.39750632169804406 0.020275426324081539 0.0037986676442909322
decision_type=2 2 2 2 2 2 2
left_child=1 5 -3 -4 -5 -1 -6
right_child=-2 2 3 4 6 -7 -8
leaf_value=-9.4718139656698298e-05 0.00031802372426027823 0.00017657047699025231 8.5587420989578409e-05 0.00014455842784076738 -2.4111905443559356e-05 4.1277825620666267e-05 -0.00010657790989530429
leaf_weight=228 30 31 44 34 232 36 110
leaf_count=228 30 31 44 34 232 36 110
internal_value=-0.000167786 -0.000524477 0.000543236 0.000119046 -0.000478725 -0.00234849 -0.00105263
internal_weight=745 715 451 420 376 264 342
internal_count=745 715 451 420 376 264 342
is_linear=0
shrinkage=0.05


Tree=8
num_leaves=8
num_cat=0
split_feature=15 15 4 0 6 15 9
split_gain=0.87981 0.607904 0.561001 0.704369 0.861575 0.57745 0.565599
threshold=-0.014009057219614316 0.016565698961578893 0.030147213730871026 0.020688958122282445 -0.58791959419859408 -0.0027934201027435819 0.14451077574999663
decision_type=2 2 2 2 2 2 8
left_child=-1 2 -2 4 -4 -6 -7
right_child=1 -3 3 -5 5 6 -8
leaf_value=0.0001347063230087955 -7.6815317763435264e-05 0.00033942547572917575 -0.00010690520635878276 -0.00032716654997947634 0.0009272375696999989 -0.00010985992321351331 0.00019017698118552014
leaf_weight=32 517 26 48 38 45 28 30
leaf_count=32 517 26 48 38 45 28 30
internal_value=-0.000615184 -0.000969947 -0.00124646 0.00108465 0.00261589 0.00519417 0.00189655
internal_weight=764 732 706 189 151 103 58
internal_count=764 732 706 189 151 103 58
is_linear=0
shrinkage=0.05


Tree=9
num_leaves=8
num_cat=0
split_feature=8 3 12 0 15 16 4
split_gain=0.760433 0.623394 0.533079 0.949158 1.36763 0.500437 0.438528
threshold=-0.069285265116413572 -0.0089054999402863304 0.038546138655022773 0.0036380086574181463 0.00058706524160023765 -0.017476623166847168 0.04000325041930989
decision_type=8 2 2 2 2 2 2
left_child=5 -2 6 -4 -5 -1 -3
right_child=1 2 3 4 -6 -7 -8
leaf_value=0.0003499846809608107 0.00011500238565680488 -8.7119306106159142e-05 -8.7430072263171895e-05 0.00025768257663215621 4.4773133831433342e-05 2.7458032355601197e-05 0.00022355983220226093
leaf_weight=31 45 445 78 25 52 41 27
leaf_count=31 45 445 78 25 52 41 27
internal_value=-0.000161292 -0.000684525 -0.00109251 0.00145161 0.00538961 0.00472222 -0.00192797
internal_weight=744 672 627 155 77 72 472
internal_count=744 672 627 155 77 72 472
is_linear=0
shrinkage=0.05


Tree=10
num_leaves=8
num_cat=0
split_feature=6 8 9 2 12 9 9
split_gain=0.792107 0.58713 0.688463 0.608496 1.33909 1.28762 0.49237
threshold=-0.48099866479517772 -0.028348442617960486 0.024040837485309167 0.099670045515089636 0.021751379698535137 0.22044720031039192 0.25840379165686039
decision_type=2 8 10 2 2 10 10
left_child=-1 2 -2 6 -5 -6 -3
right_child=1 3 -4 4 5 -7 -8
leaf_value=-8.1029065607520989e-05 0.00012858427295347317 -7.7387650050203603e-05 0.0012470664628284845 -0.00014706014563337262 0.00030872268006997905 8.198214195497676e-05 0.00011950980748330475
leaf_weight=267 73 225 28 57 25 35 39
leaf_count=267 73 225 28 57 25 35 39
internal_value=-0.000193593 0.0010166 0.00440594 0.000118109 0.00311966 0.00833333 -0.00121212
internal_weight=749 482 101 381 117 60 264
internal_count=749 482 101 381 117 60 264
is_linear=0
shrinkage=0.05


Tree=11
num_leaves=8
num_cat=0
split_feature=2 6 4 6 2 2 6
split_gain=0.669147 0.478627 0.564644 0.679554 0.500442 0.666083 0.628205
threshold=-0.1262040211787874 -0.21785413929597655 0.018906224293215815 -0.16183408892302581 0.14916508830874411 -0.028747839260806315 0.58449874360291731
decision_type=2 2 2 2 2 2 2
left_child=-1 -2 -3 -4 5 6 -5
right_child=1 2 3 4 -6 -7 -8
leaf_value=0.00024110186898943032 -6.8067621263850366e-05 0.00031438487616620986 0.00031481522823504097 -6.3728936460907744e-05 9.0293303559151012e-05 -8.5640522942973375e-05 0.00045587856928727081
leaf_weight=30 374 29 29 39 37 170 39
leaf_count=30 374 29 29 39 37 170 39
internal_value=-0.000649265 -0.000955371 0.000393585 -0.000222931 -0.000964913 -0.00177419 0.00205128
internal_weight=747 717 343 314 285 248 78
internal_count=747 717 343 314 285 248 78
is_linear=0
shrinkage=0.05


Tree=12
num_leaves=8
num_cat=0
split_feature=2 12 0 9 11 8 13
split_gain=0.829907 0.777034 1.29207 0.536617 0.790947 0.629604 0.579659
threshold=-0.1262040211787874 0.04833072164899422 -0.0011533010895116156 0.1631518250825639 0.019998315354098021 0.054735324678708681 14.404999732971193
decision_type=2 2 2 8 2 10 2
left_child=-1 3 -3 -2 6 -6 -5
right_child=1 2 -4 4 5 -7 -8
leaf_value=0.00046002202166146069 -8.1988996542853082e-05 -0.00030682684509641489 0.000243377134689078 -0.00011422971892681728 0.00028016805622052527 -6.8099378356661719e-06 2.1069705243717722e-06
leaf_weight=27 251 40 58 100 25 29 204
leaf_count=27 251 40 58 100 25 29 204
internal_value=-0.000640328 -0.000968884 0.00316326 -0.00163383 -0.000391063 0.00518518 -0.00138158
internal_weight=734 707 98 609 358 54 304
internal_count=734 707 98 609 358 54 304
is_linear=0
shrinkage=0.05


Tree=13
num_leaves=8
num_cat=0
split_feature=6 8 15 16 12 12 7
split_gain=0.853147 0.849221 0.560042 0.463455 0.809157 0.505352 0.989188
threshold=2.6168180215502344 -0.069285265116413572 -0.0036526583563808997 0.022761986354727596 0.030878633072902176 0.04833072164899422 0.014259856608994316
decision_type=2 8 2 2 2 2 2
left_child=1 2 -1 5 -5 -3 -7
right_child=-2 3 -4 4 -6 6 -8
leaf_value=0.0010406228735839016 0.00019333647647847219 -7.8660881308990774e-05 -1.6000567081385491e-05 0.00021941949759763768 -4.165194676610792e-05 -0.00022125921442855517 0.0001636206173729519
leaf_weight=31 26 507 37 35 30 31 48
leaf_count=31 26 507 37 35 30 31 48
internal_value=-0.000436243 -0.000757998 0.00455882 -0.00131337 0.00269231 -0.00175768 0.00196202
internal_weight=745 719 68 651 65 586 79
internal_count=745 719 68 651 65 586 79
is_linear=0
shrinkage=0.05


end of trees

feature_importances:
dvol_z_20=19
dist_ma50=10
dist_ma200=9
ret_20d=8
parkinson_20=8
spy_ret_20d=8
sector_ret_1d=8
ret_1d=7
atr_pct=7
overnight_gap=3
sector_ret_5d=3
ret_5d=2
dist_ma20=2
vix_chg_1d=2
spy_ret_5d=1
vix_level=1

parameters:
[boosting: gbdt]
[objective: quantile]
[metric: quantile]
[tree_learner: serial]
[device_type: cpu]
[data_sample_strategy: bagging]
[data: ]
[valid: ]
[num_iterations: 80]
[learning_rate: 0.05]
[num_leaves: 8]
[num_threads: 1]
[seed: 0]
[deterministic: 0]
[force_col_wise: 1]
[force_row_wise: 0]
[histogram_pool_size: -1]
[max_depth: -1]
[min_data_in_leaf: 25]
[min_sum_hessian_in_leaf: 0.001]
[bagging_fraction: 0.9]
[pos_bagging_fraction: 1]
[neg_bagging_fraction: 1]
[bagging_freq: 1]
[bagging_seed: 3]
[bagging_by_query: 0]
[feature_fraction: 0.9]
[feature_fraction_bynode: 1]
[feature_fraction_seed: 2]
[extra_trees: 0]
[extra_seed: 6]
[early_stopping_round: 0]
[early_stopping_min_delta: 0]
[first_metric_only: 0]
[max_delta_step: 0]
[lambda_l1: 0]
[lambda_l2: 0]
[linear_lambda: 0]
[min_gain_to_split: 0]
[drop_rate: 0.1]
[max_drop: 50]
[skip_drop: 0.5]
[xgboost_dart_mode: 0]
[uniform_drop: 0]
[drop_seed: 4]
[top_rate: 0.2]
[other_rate: 0.1]
[min_data_per_group: 100]
[max_cat_threshold: 32]
[cat_l2: 10]
[cat_smooth: 10]
[max_cat_to_onehot: 4]
[top_k: 20]
[monotone_constraints: ]
[monotone_constraints_method: basic]
[monotone_penalty: 0]
[feature_contri: ]
[forcedsplits_filename: ]
[refit_decay_rate: 0.9]
[cegb_tradeoff: 1]
[cegb_penalty_split: 0]
[cegb_penalty_feature_lazy: ]
[cegb_penalty_feature_coupled: ]
[path_smooth: 0]
[interaction_constraints: ]
[verbosity: -1]
[saved_feature_importance_type: 0]
[use_quantized_grad: 0]
[num_grad_quant_bins: 4]
[quant_train_renew_leaf: 0]
[stochastic_rounding: 1]
[linear_tree: 0]
[max_bin: 255]
[max_bin_by_feature: ]
[min_data_in_bin: 3]
[bin_construct_sample_cnt: 200000]
[data_random_seed: 1]
[is_enable_sparse: 1]
[enable_bundle: 1]
[use_missing: 1]
[zero_as_missing: 0]
[feature_pre_filter: 1]
[pre_partition: 0]
[two_round: 0]
[header: 0]
[label_column: ]
[weight_column: ]
[group_column: ]
[ignore_column: ]
[categorical_feature: ]
[forcedbins_filename: ]
[precise_float_parser: 0]
[parser_config_file: ]
[objective_seed: 5]
[num_class: 1]
[is_unbalance: 0]
[scale_pos_weight: 1]
[sigmoid: 1]
[boost_from_average: 1]
[reg_sqrt: 0]
[alpha: 0.9]
[fair_c: 1]
[poisson_max_delta_step: 0.7]
[tweedie_variance_power: 1.5]
[lambdarank_truncation_level: 30]
[lambdarank_norm: 1]
[label_gain: ]
[lambdarank_position_bias_regularization: 0]
[eval_at: ]
[multi_error_top_k: 1]
[auc_mu_weights: ]
[num_machines: 1]
[local_listen_port: 12400]
[time_out: 120]
[machine_list_filename: ]
[machines: ]
[gpu_platform_id: -1]
[gpu_device_id: -1]
[gpu_device_id_list: ]
[gpu_use_dp: 0]
[num_gpu: 1]

end of parameters

pandas_categorical:[]
