tree
version=v4
num_class=1
num_tree_per_iteration=1
label_index=0
max_feature_idx=16
objective=quantile
feature_names=ret_1d ret_5d ret_20d overnight_gap atr_pct parkinson_20 dvol_z_20 dist_ma20 dist_ma50 dist_ma200 spy_ret_1d spy_ret_5d spy_ret_20d vix_level vix_chg_1d sector_ret_1d sector_ret_5d
feature_infos=[-0.13058089294287079:0.1442444339175748] [-0.24822173166544037:0.15329218106995901] [-0.28919294990723565:0.27007575757575775] [-0.073461091753774577:0.07895595432300162] [0.014372188680152975:0.074927821522309715] [0.010769845347896972:0.036882685925985967] [-2.6982292606494469:3.808564813974824] [-0.24198394935018364:0.18361313483264707] [-0.25236496795849861:0.26931525669381684] [-0.25718053403750152:0.35059980946470715] [-0.058542947643003718:0.10501933612632941] [-0.11496158439845272:0.082843216242346029] [-0.12265592443394913:0.15756596870864792] [11.859999656677246:52.330001831054688] [-0.35753873962348437:0.74039073966007019] [-0.073180960369049974:0.075364298724954315] [-0.12187673514714059:0.078003457216940353]
tree_sizes=838 865 855 863 857 859 853 848 848 856 861 867 854 868 858 853 855 863 864 863 861 860 851 864 861 868 859 859 861 859 864 866 858 860 859 861 865 867 861 868 869 847 862 867 863 860 868 864 877 871 872 858 864 867 859 864 861 867 870 869 844 867 870 870 859 871 877 861 873 861 858 867 869 865 854 860 868 858 856 869

Tree=0
num_leaves=8
num_cat=0
split_feature=1 4 3 6 5 3 12
split_gain=3.52051 1.83373 1.46104 0.79436 1.0124 0.668196 0.425669
threshold=-0.084629204458600601 0.032851029988238793 0.0081457023695182835 -0.78661534579181502 0.022590664672875817 -0.011717664805906356 0.032816284988903439
decision_type=2 2 2 2 2 2 2
left_child=-1 5 3 -3 -5 -2 -7
right_child=1 2 -4 4 -6 6 -8
leaf_value=-0.035691566950823816 -0.032710331928597361 -0.032277964892506651 -0.031976621082440593 -0.032728517465026717 -0.033267490249544208 -0.032069677812893049 -0.031881927972775032
leaf_weight=26 37 38 36 57 37 363 156
leaf_count=26 37 38 36 57 37 363 156
internal_value=-0.0322992 -0.0316501 -0.0362278 -0.0386629 -0.041129 -0.0302669 -0.0298041
internal_weight=750 724 168 132 94 556 519
internal_count=750 724 168 132 94 556 519
is_linear=0
shrinkage=1


Tree=1
num_leaves=8
num_cat=0
split_feature=1 4 3 4 12 8 1
split_gain=3.17727 1.36915 1.0165 0.567275 0.539173 0.676672 0.658899
threshold=-0.079413821945806248 0.032851029988238793 -0.0069448702905345874 0.038847906338653947 0.032816284988903439 0.13864498147623697 0.0090700607893962077
decision_type=2 2 2 2 2 8 2
left_child=-1 4 -3 -4 5 6 -2
right_child=1 2 3 -5 -6 -7 -8
leaf_value=-0.0013784258869441028 -0.00012911338906722858 -0.00084533425206157788 0.00017725664132941537 -0.00038149555023749064 0.00041001036477969353 -0.00069634574972506904 0.00038629239330218584
leaf_weight=32 191 44 68 44 163 25 167
leaf_count=32 191 44 68 44 163 25 167
internal_value=9.5368e-05 0.000797721 -0.00333333 -0.000803571 0.00197802 0.000953003 0.00150838
internal_weight=734 702 156 112 546 383 358
internal_count=734 702 156 112 546 383 358
is_linear=0
shrinkage=0.05


Tree=2
num_leaves=8
num_cat=0
split_feature=4 13 3 9 11 1 12
split_gain=3.19249 1.42394 0.899475 1.12198 1.02857 0.76447 0.719141
threshold=0.032851029988238793 21.295000076293949 0.0081457023695182835 0.19035512922543799 0.0032511788494672404 -0.043801274250125248 0.029689581325769047
decision_type=2 2 2 8 2 2 2
left_child=6 2 3 -2 -5 -3 -1
right_child=1 5 -4 4 -6 -7 -8
leaf_value=4.9329248550667591e-05 0.00021327645411394898 -0.0023814194654605153 0.00026367898959230284 -2.465177692674523e-05 -0.0018475584922457975 -0.00038061631090416674 0.00039295313279970323
leaf_weight=366 41 25 28 28 35 29 197
leaf_count=366 41 25 28 28 35 29 197
internal_value=-7.34311e-05 -0.00575269 -0.00295455 -0.00509615 -0.00928571 -0.0125926 0.00180284
internal_weight=749 186 132 104 63 54 563
internal_count=749 186 132 104 63 54 563
is_linear=0
shrinkage=0.05


Tree=3
num_leaves=8
num_cat=0
split_feature=1 4 3 12 3 13 11
split_gain=2.60843 1.43539 0.85605 0.730577 0.838573 0.78408 1.39934
threshold=-0.084629204458600601 0.032851029988238793 0.0081457023695182835 0.032816284988903439 -0.0090382808406064812 17.494999885559086 0.0013310073142193126
decision_type=2 2 2 2 2 2 2
left_child=-1 3 -3 4 -2 -6 -7
right_child=1 2 -4 -5 5 6 -8
leaf_value=-0.0030327118457027531 -0.0006276492573351896 -0.00040294273195395696 0.00026898736272583379 0.00035762114879469496 0.00034816708623003562 0.0001934757507191775 -0.0009503458586461003
leaf_weight=27 46 128 33 169 227 82 31
leaf_count=27 46 128 33 169 227 82 31
internal_value=-0.000114401 0.000460894 -0.00369565 0.00166667 0.000466321 0.00132353 -0.00207965
internal_weight=743 716 161 555 386 340 113
internal_count=743 716 161 555 386 340 113
is_linear=0
shrinkage=0.05


Tree=4
num_leaves=8
num_cat=0
split_feature=1 9 1 1 1 5 3
split_gain=2.80187 1.37938 1.16343 1.48544 0.590162 0.583838 0.475399
threshold=-0.084629204458600601 0.28327523279359917 -0.017734432511493977 0.015541198769157051 -0.050111128492294814 0.019206502192822168 -0.011717664805906356
decision_type=2 8 2 2 2 2 2
left_child=-1 4 -3 -4 -2 -5 -6
right_child=1 2 3 5 6 -7 -8
leaf_value=-0.0018501854483809511 -0.00030208050432397444 0.00013133652127139662 -0.00066451980247696175 0.00050260431207600526 -0.00023994473968436231 -0.00096887431205155907 0.00034621303086302627
leaf_weight=27 32 60 36 30 39 36 486
leaf_count=27 32 60 36 30 39 36 486
internal_value=0.000442359 0.00103616 -0.00302469 -0.00627451 0.00221724 -0.00181818 0.00261905
internal_weight=746 719 162 102 557 66 525
internal_count=746 719 162 102 557 66 525
is_linear=0
shrinkage=0.05


Tree=5
num_leaves=8
num_cat=0
split_feature=4 16 6 12 6 11 1
split_gain=2.09822 0.89473 0.92803 0.666974 0.917753 0.992787 1.30617
threshold=0.032851029988238793 -0.001477546616446612 0.1451646198478361 0.032816284988903439 -0.68434892185400376 0.0069843130840521192 0.010889383376355479
decision_type=2 2 2 2 2 2 2
left_child=3 2 -2 4 -1 -6 -7
right_child=1 -3 -4 -5 5 6 -8
leaf_value=0.00054278812482540001 -0.00026789940617110119 -0.00014899326081229726 -0.0025718791064333309 0.00030023149618411201 0.00020613280184474602 -0.0009765216764523253 2.9705518013665153e-06
leaf_weight=107 55 98 33 165 192 33 54
leaf_count=107 55 98 33 165 192 33 54
internal_value=0.000183175 -0.0044086 -0.00806818 0.00173321 0.000595855 -0.000913978 -0.00534483
internal_weight=737 186 88 551 386 279 87
internal_count=737 186 88 551 386 279 87
is_linear=0
shrinkage=0.05


Tree=6
num_leaves=8
num_cat=0
split_feature=4 3 6 11 13 12 8
split_gain=1.7305 1.13225 1.09519 1.12618 1.58601 0.687237 0.934618
threshold=0.032851029988238793 0.0078255460094119895 -0.78661534579181502 0.0032511788494672404 20.659999847412113 0.029689581325769047 0.14393470148520096
decision_type=2 2 2 2 2 2 8
left_child=5 2 -2 4 -4 6 -1
right_child=1 -3 3 -5 -6 -7 -8
leaf_value=0.00016397047056888973 0.0003369753225739008 0.00014921917909603276 0.00037021532932649182 -0.0012697006747038843 -0.0012956002707814954 0.00032933937006604692 -0.0009215667944354564
leaf_weight=339 32 46 32 46 28 198 25
leaf_count=339 32 46 32 46 28 198 25
internal_value=0.000241287 -0.00396739 -0.00623188 -0.00867924 -0.00416667 0.00161922 0.000329671
internal_weight=746 184 138 106 60 562 364
internal_count=746 184 138 106 60 562 364
is_linear=0
shrinkage=0.05


Tree=7
num_leaves=8
num_cat=0
split_feature=1 9 1 1 3 8 9
split_gain=2.75249 1.07655 0.908529 0.880514 0.797459 0.5 0.4855
threshold=-0.084629204458600601 0.28327523279359917 -0.023700770485555963 0.015541198769157051 -0.0090382808406064812 -0.071757365587723818 0.099393217727195241
decision_type=2 8 2 2 2 10 10
left_child=-1 4 -3 5 6 -4 -2
right_child=1 2 3 -5 -6 -7 -8
leaf_value=-0.0025951930121378263 0.00041857172534993486 0.00024611172048112341 -0.00042377561952349808 -5.170475026273908e-05 0.00027193951115569683 -0.00057896068794042262 -0.00029272630348870226
leaf_weight=27 30 51 25 71 478 25 38
leaf_count=27 30 51 25 71 478 25 38
internal_value=0.000302014 0.000891365 -0.00255814 -0.00491736 0.00197802 -0.01 -0.00308824
internal_weight=745 718 172 121 546 50 68
internal_count=745 718 172 121 546 50 68
is_linear=0
shrinkage=0.05


Tree=8
num_leaves=8
num_cat=0
split_feature=4 3 6 6 4 12 8
split_gain=1.4442 1.09714 0.812329 1.05026 0.589796 0.575729 1.3531
threshold=0.032851029988238793 0.0081457023695182835 0.1451646198478361 1.2414945921695331 0.041663496164679452 0.032816284988903439 0.13864498147623697
decision_type=2 2 2 2 2 2 8
left_child=5 2 4 -4 -2 6 -1
right_child=1 -3 3 -5 -6 -7 -8
leaf_value=0.00021386052222525367 1.1548168860370131e-05 0.00023397728677088719 -0.0018984710206891874 -0.0006190339159009013 -0.00034468657106867496 0.00027900064828958652 -0.00079869872677233798
leaf_weight=376 63 42 27 25 35 170 26
leaf_count=376 63 42 27 25 35 170 26
internal_value=0.000418848 -0.00333333 -0.00533333 -0.0103846 -0.00265306 0.00167832 0.000646766
internal_weight=764 192 150 52 98 572 402
internal_count=764 192 150 52 98 572 402
is_linear=0
shrinkage=0.05


Tree=9
num_leaves=8
num_cat=0
split_feature=9 11 16 3 9 13 6
split_gain=1.4213 0.988313 1.225 0.841768 1.12519 0.854905 0.822413
threshold=0.28327523279359917 -0.0073194328445433934 -0.0058066517307007173 -0.0090382808406064812 0.13074340428524259 18.015000343322757 0.54023164966819226
decision_type=8 2 2 2 10 2 2
left_child=3 -2 -3 4 -1 -5 -7
right_child=1 2 -4 5 -6 6 -8
leaf_value=0.00032581014409844883 0.00023142961782047258 -0.00083027150934837863 -0.00046378918121186928 0.00026368391484830818 -0.0006770285811086641 0.0002349105718305932 -0.00066602500182385204
leaf_weight=50 51 30 90 345 27 109 42
leaf_count=50 51 30 90 345 27 109 42
internal_value=0.000228495 -0.00377193 -0.00625 0.00142234 -0.00344156 0.00217742 -0.000960265
internal_weight=744 171 120 573 77 496 151
internal_count=744 171 120 573 77 496 151
is_linear=0
shrinkage=0.05


Tree=10
num_leaves=8
num_cat=0
split_feature=1 9 11 6 16 1 10
split_gain=1.81201 0.804381 0.820829 0.965641 1.35194 0.592105 0.37214
threshold=-0.084629204458600601 0.28327523279359917 -0.0098148245313025555 -0.3737198041971253 0.012949109354779444 -0.050111128492294814 -0.0001525908648420948
decision_type=2 8 2 2 2 2 2
left_child=-1 5 -3 -4 -5 -2 -7
right_child=1 2 3 4 -6 6 -8
leaf_value=-0.0023888111176757626 -7.1817580072572963e-05 0.00036330798942678952 4.9769000064769131e-05 -0.0014124191278796123 6.0531874375639384e-05 0.00011798742363205426 0.00025863514579902721
leaf_weight=26 31 34 61 40 31 199 327
leaf_count=26 31 34 61 40 31 199 327
internal_value=0.000660881 0.00112725 -0.00192771 -0.00371212 -0.00767606 0.0020377 0.00243346
internal_weight=749 723 166 132 71 557 526
internal_count=749 723 166 132 71 557 526
is_linear=0
shrinkage=0.05


Tree=11
num_leaves=8
num_cat=0
split_feature=1 4 16 16 7 12 6
split_gain=1.56221 0.79919 0.753785 0.843162 0.636755 0.602127 0.766584
threshold=-0.084629204458600601 0.032193909357537707 -0.001477546616446612 -0.013288673439882657 -0.012797515136882541 0.032816284988903439 -0.68434892185400376
decision_type=2 2 2 2 2 2 2
left_child=-1 5 3 -3 -4 6 -2
right_child=1 2 4 -5 -6 -7 -8
leaf_value=-0.002265348961843246 0.00040719777266812624 4.2690706992820366e-06 0.00030982278715883048 -0.00083186133417380542 -0.00043659071644077242 0.00026067040521792867 -8.0813740689395126e-05
leaf_weight=28 102 33 57 28 53 167 279
leaf_count=28 102 33 57 28 53 167 279
internal_value=0.000515395 0.00096662 -0.00201754 -0.00647541 0.000454546 0.00189781 0.000800525
internal_weight=747 719 171 61 110 548 381
internal_count=747 719 171 61 110 548 381
is_linear=0
shrinkage=0.05


Tree=12
num_leaves=8
num_cat=0
split_feature=1 0 5 15 3 10 3
split_gain=1.27376 1.04537 0.724975 1.04845 1.37457 1.53482 0.88772
threshold=-0.055386186896558214 -0.014220756227888263 0.020220771017122361 -0.0027486234333860544 0.0081457023695182835 0.0021398765862171714 -0.011717664805906356
decision_type=2 2 2 2 2 2 2
left_child=1 -1 6 -4 5 -5 -2
right_child=2 -3 3 4 -6 -7 -8
leaf_value=-0.00060143551594015506 -0.00029001360680578909 4.8665538249922656e-05 0.00017157985636271573 -0.0012213477203280119 0.00026864021494584379 -0.00032528437595476104 0.00021170346431343941
leaf_weight=31 39 25 36 25 31 33 514
leaf_count=31 39 25 36 25 31 33 514
internal_value=0.000640327 -0.00660714 0.00123894 -0.0022 -0.00511236 -0.00965517 0.00201628
internal_weight=734 56 678 125 89 58 553
internal_count=734 56 678 125 89 58 553
is_linear=0
shrinkage=0.05


Tree=13
num_leaves=8
num_cat=0
split_feature=1 12 3 10 13 12 16
split_gain=1.92441 0.739438 0.865127 1.28267 0.858204 0.769318 0.674099
threshold=-0.084629204458600601 0.032816284988903439 -0.0071376385336591177 -0.0057060977224409606 17.445000648498539 0.0027925982816148225 -0.023170361797710256
decision_type=2 2 2 2 2 2 2
left_child=-1 2 3 -2 -4 -5 -6
right_child=1 -3 4 5 6 -7 -8
leaf_value=-0.0021475451683403992 0.00039132217643021711 0.00015366529765962339 0.00021873815059490496 -0.00048721751786899998 0.00024669343781976702 -0.00072967828359975294 -0.0004332521130885424
leaf_weight=25 41 228 241 26 29 31 124
leaf_count=25 41 228 241 26 29 31 124
internal_value=0.000637584 0.00111111 2.03254e-05 -0.00418367 0.00106599 -0.00903509 -0.00186274
internal_weight=745 720 492 98 394 57 153
internal_count=745 720 492 98 394 57 153
is_linear=0
shrinkage=0.05


Tree=14
num_leaves=8
num_cat=0
split_feature=0 8 1 1 14 12 5
split_gain=1.22868 0.910896 0.898075 0.894219 0.357298 0.289314 0.374985
threshold=-0.015701606757545835 -0.12804064858768302 -0.055386186896558214 0.00033790150715340422 0.076607678117126224 0.032816284988903439 0.020220771017122361
decision_type=2 8 2 2 2 2 2
left_child=2 -2 -1 4 -4 6 -3
right_child=1 5 3 -5 -6 -7 -8
leaf_value=-0.00090378037106353707 -0.00046363798861703246 0.00023679069363535994 0.00020046095360912262 -0.0011827127165003862 -0.00013994094595591098 0.00018026841879367653 -0.00029204993676625941
leaf_weight=32 31 336 41 25 27 180 47
leaf_count=32 31 336 41 25 27 180 47
internal_value=0.0011057 0.00205387 -0.0034 -0.000913978 0.00205882 0.00251332 0.00173629
internal_weight=719 594 125 93 68 563 383
internal_count=719 594 125 93 68 563 383
is_linear=0
shrinkage=0.05


Tree=15
num_leaves=8
num_cat=0
split_feature=3 10 9 9 13 3 7
split_gain=0.871717 1.13417 0.94697 0.548844 0.463261 0.962971 0.596979
threshold=-0.010156159548677433 -0.0057060977224409606 0.13074340428524259 -0.16775445069456849 17.445000648498539 0.00036861372976759737 0.0094862708270604407
decision_type=2 2 8 10 2 2 2
left_child=1 -1 -3 4 6 -6 -2
right_child=3 2 -4 -5 5 -7 -8
leaf_value=0.00029168197761460018 0.00019496721541914196 0.00024371693134825646 -0.0006226866615463289 0.0002066540078396042 0.00014756705575799057 -0.00065328198002569376 -0.00077181990510751756
leaf_weight=47 49 27 33 500 26 34 27
leaf_count=47 49 27 33 500 26 34 27
internal_value=0.00123149 -0.00294392 -0.0075 0.00193396 -0.000882353 -0.00416667 0.00171053
internal_weight=743 107 60 636 136 60 76
internal_count=743 107 60 636 136 60 76
is_linear=0
shrinkage=0.05


Tree=16
num_leaves=8
num_cat=0
split_feature=1 11 3 10 15 6 8
split_gain=0.908861 0.963737 0.545788 0.675558 0.313467 0.501931 0.27894
threshold=-0.055386186896558214 -0.017068833431084392 -0.011717664805906356 -0.0054343681151217118 0.011864917221098505 0.2361300437761519 -0.10767838546224938
decision_type=2 2 2 2 2 2 10
left_child=1 -1 3 -2 6 -6 -4
right_child=2 -3 4 -5 5 -7 -8
leaf_value=3.9458199487991637e-05 0.00039986252857056006 -0.00047067951267144013 -0.00018039476508682864 -0.00054192789859633459 0.00026309972040583729 -0.00083213856776424107 0.00016068723039170196
leaf_weight=29 26 31 46 36 36 25 528
leaf_count=29 26 31 46 36 36 25 528
internal_value=0.000904888 -0.005 0.0014132 -0.00306452 0.00185039 -0.00155738 0.00221254
internal_weight=757 60 697 62 635 61 574
internal_count=757 60 697 62 635 61 574
is_linear=0
shrinkage=0.05


Tree=17
num_leaves=8
num_cat=0
split_feature=1 4 10 7 8 6 1
split_gain=1.01645 0.532584 0.54631 0.528723 1.08435 0.519862 0.551179
threshold=-0.084629204458600601 0.022851566794942272 0.0087442348777118113 0.064694805536910441 0.097500149780153769 -0.85451076509744606 -0.011738444986158001
decision_type=2 2 2 2 10 2 2
left_child=-1 -2 3 4 5 -3 -7
right_child=1 2 -4 -5 -6 6 -8
leaf_value=-0.0020233012196094694 0.0003073579341223156 0.0002078834430448035 0.0005131314175562217 0.00041729840188763117 -0.00060156254245657969 9.0597677531549989e-06 -0.00037502994909430871
leaf_weight=25 180 84 94 59 25 129 150
leaf_count=25 180 84 94 59 25 129 150
internal_value=0.000911528 0.0012552 0.00047135 -0.000257271 -0.000927835 -0.00023416 -0.0012724
internal_weight=746 721 541 447 388 363 279
internal_count=746 721 541 447 388 363 279
is_linear=0
shrinkage=0.05


Tree=18
num_leaves=8
num_cat=0
split_feature=4 9 3 8 15 6 8
split_gain=0.624872 0.531618 0.652631 0.704464 0.472881 0.558295 0.87626
threshold=0.021257081348203265 0.12145601731355184 -0.0090382808406064812 -0.026090562144649995 -0.0089160658290529642 0.51282030412280355 0.029874446220112375
decision_type=2 8 2 8 2 2 10
left_child=-1 -2 3 -3 -4 -6 -7
right_child=1 2 4 -5 5 6 -8
leaf_value=0.00017383349313585932 0.00014634289176912086 4.160201091316804e-05 -0.00030311187618088566 -0.000690618689986941 9.2699125550811299e-05 -0.0012099811917744121 0.00022335940902404826
leaf_weight=124 221 25 33 37 239 31 43
leaf_count=124 221 25 33 37 239 31 43
internal_value=0.000949535 0.000310016 -0.000759804 -0.00548387 8.67054e-05 0.000686901 -0.00310811
internal_weight=753 629 408 62 346 313 74
internal_count=753 629 408 62 346 313 74
is_linear=0
shrinkage=0.05


Tree=19
num_leaves=8
num_cat=0
split_feature=3 13 9 11 5 2 12
split_gain=0.832088 0.575304 0.678705 1.21262 0.659121 0.830926 0.572751
threshold=-0.0090382808406064812 17.445000648498539 0.21501812941973777 0.0032511788494672404 0.018899408502696911 0.0050124262449462451 0.033234533088993386
decision_type=2 2 8 2 2 2 2
left_child=6 4 -3 -4 -2 -6 -1
right_child=1 2 3 -5 5 -7 -8
leaf_value=-0.00044247823703329973 0.00017871276194401711 0.00016026347271959557 0.00026330247511964993 -0.00097707756444277683 7.9971143316787783e-05 -0.00052500291842405523 0.00066461959274956382
leaf_weight=92 298 164 32 29 47 48 29
leaf_count=92 298 164 32 29 47 48 29
internal_value=0.00094046 0.00168285 -0.000333333 -0.00483607 0.00283715 -0.000789473 -0.00285124
internal_weight=739 618 225 61 393 95 121
internal_count=739 618 225 61 393 95 121
is_linear=0
shrinkage=0.05


Tree=20
num_leaves=8
num_cat=0
split_feature=1 11 9 10 10 11 14
split_gain=0.662268 0.480552 0.357929 0.501677 0.581709 0.572344 0.514697
threshold=-0.055386186896558214 -0.017068833431084392 0.28327523279359917 -0.0054954783327307846 0.0018426326691356467 -0.0026525623299795682 -0.053534792570075034
decision_type=2 2 8 2 2 2 2
left_child=1 -1 -2 -4 5 -5 -6
right_child=2 -3 3 4 6 -7 -8
leaf_value=2.1068921878031509e-05 0.0001520249214030265 -0.00039602658169593329 0.0001826782729137516 8.8671897401076754e-05 -0.0010021768792880272 -0.00070322370596122025 0.00011024110761861106
leaf_weight=31 536 29 30 26 25 28 46
leaf_count=31 536 29 30 26 25 28 46
internal_value=0.000872171 -0.00416667 0.0013097 -0.000806451 -0.0022 -0.00611111 0.000774648
internal_weight=751 60 691 155 125 54 71
internal_count=751 60 691 155 125 54 71
is_linear=0
shrinkage=0.05


Tree=21
num_leaves=8
num_cat=0
split_feature=8 12 4 1 16 16 15
split_gain=0.935819 0.657926 0.501606 0.373768 0.663691 1.70667 0.38801
threshold=-0.12804064858768302 0.016494758368500898 0.021257081348203265 0.023483840641551072 0.010667683507438854 0.013600539479629139 0.010115608101725295
decision_type=10 2 2 2 2 2 2
left_child=1 -1 -2 4 -4 -6 -5
right_child=2 -3 3 6 5 -7 -8
leaf_value=-0.0016081004490263878 0.00022352963563761387 0.00025796612366973617 4.497688394087835e-05 0.00041382292079360255 -0.0012485586317494515 0.00013971234597825422 -0.00022374019499166449
leaf_weight=45 106 28 306 153 25 50 35
leaf_count=45 106 28 306 153 25 50 35
internal_value=0.00078877 -0.00458904 0.00137037 0.000782074 -0.00011811 -0.00433333 0.00260638
internal_weight=748 73 675 569 381 75 188
internal_count=748 73 675 569 381 75 188
is_linear=0
shrinkage=0.05


Tree=22
num_leaves=8
num_cat=0
split_feature=8 8 12 2 1 9 9
split_gain=0.558721 0.508152 0.420537 0.490591 0.39799 0.602805 0.637822
threshold=-0.12804064858768302 -0.19730811297686021 0.032816284988903439 0.127521348304968 0.010889383376355479 0.13074340428524259 0.1661045681040724
decision_type=10 10 2 2 2 8 8
left_child=1 -1 3 4 5 -2 -7
right_child=2 -3 -4 -5 -6 6 -8
leaf_value=4.4239659743716365e-05 6.042084375186475e-05 -0.001784644637497404 0.00012931858451335846 -0.00026427913315227688 0.00021663474411171289 -0.00056545875922439594 6.5910841337491873e-05
leaf_weight=44 107 31 215 35 174 45 91
leaf_count=44 107 31 215 35 174 45 91
internal_value=0.00109164 -0.003 0.00155172 0.000685841 0.00116307 -0.000144033 -0.00235294
internal_weight=742 75 667 452 417 243 136
internal_count=742 75 667 452 417 243 136
is_linear=0
shrinkage=0.05


Tree=23
num_leaves=8
num_cat=0
split_feature=5 6 11 13 11 3 3
split_gain=0.577773 0.459434 0.661807 1.03942 1.30032 0.480074 0.445208
threshold=0.015973244772088214 -0.78661534579181502 0.0032511788494672404 15.775000095367433 0.0096931856558561975 -0.010156159548677433 0.0017001935908219636
decision_type=2 2 2 2 2 2 2
left_child=-1 -2 5 6 -5 -3 -4
right_child=1 2 3 4 -6 -7 -8
leaf_value=0.00016867259771637729 0.00012408733156227036 -0.00046025558894611553 -6.1923027939117298e-05 -0.0013928725686820883 -0.00036629181564365801 0.00019145933098065637 0.00013992306565855815
leaf_weight=328 97 41 42 25 45 129 44
leaf_count=328 97 41 42 25 45 129 44
internal_value=0.00113848 -8.27421e-05 -0.000981595 -0.00333333 -0.00785714 0.00117647 0.000348837
internal_weight=751 423 326 156 70 170 86
internal_count=751 423 326 156 70 170 86
is_linear=0
shrinkage=0.05


Tree=24
num_leaves=8
num_cat=0
split_feature=3 13 13 5 13 15 6
split_gain=0.629981 0.796742 0.661126 0.487664 0.436244 0.437818 0.358106
threshold=-0.0069448702905345874 16.875000000000004 22.429999351501468 0.011676967351815032 17.445000648498539 -0.0083782708515516818 0.54023164966819226
decision_type=2 2 2 2 2 2 2
left_child=1 -1 -3 -2 -5 -6 -7
right_child=3 2 -4 4 5 6 -8
leaf_value=-0.00034944076020767254 -8.1414503783119594e-05 0.00048719513887482467 -0.00043724281042282109 0.00015660449432808389 -0.00052163366939432369 0.00019626233396835514 -0.00023387678837116018
leaf_weight=70 25 64 31 358 36 127 38
leaf_count=70 25 64 31 358 36 127 38
internal_value=0.00106142 -0.00166667 0.00131579 0.00183219 0.00213775 0.000273632 0.00136364
internal_weight=749 165 95 584 559 201 165
internal_count=749 165 95 584 559 201 165
is_linear=0
shrinkage=0.05


Tree=25
num_leaves=8
num_cat=0
split_feature=1 12 16 5 6 1 1
split_gain=0.76071 0.785131 1.20473 0.766345 0.593195 0.867915 0.628279
threshold=0.010889383376355479 0.029126747512220778 0.010129999632627286 0.018899408502696911 -0.70423060052979947 -0.007952578370466255 -0.031526225939344003
decision_type=2 2 2 2 2 2 2
left_child=1 2 4 -2 -1 6 -6
right_child=3 -3 -4 -5 5 -7 -8
leaf_value=0.00027536135652913858 0.00023252078950434878 8.0367351400844212e-05 -0.00069599394450995116 -7.3757529982409933e-05 -0.00026911417562471154 -0.00066397537718989436 0.0002349257482575667
leaf_weight=71 246 128 26 84 98 44 60
leaf_count=71 246 128 26 84 98 44 60
internal_value=0.000772787 -0.000620609 -0.00202341 0.00257576 -0.00104396 -0.00242574 -0.000696202
internal_weight=757 427 299 330 273 202 158
internal_count=757 427 299 330 273 202 158
is_linear=0
shrinkage=0.05


Tree=26
num_leaves=8
num_cat=0
split_feature=1 9 11 10 10 15 14
split_gain=0.641744 0.569697 0.608471 0.84575 0.923686 0.44082 0.275016
threshold=-0.055386186896558214 0.28327523279359917 -0.0098148245313025555 0.0018426326691356467 -0.0024374516674448006 -0.007000754557618837 -0.048915299030690522
decision_type=2 8 2 2 2 2 2
left_child=5 -2 -3 4 -4 -1 -5
right_child=1 2 3 6 -6 -7 -8
leaf_value=-0.0012426478405665406 0.00014848088108098659 0.0005996041713920607 -7.8612775155875515e-06 -0.00017885843995546285 -0.00081798674576827692 1.5757751673825636e-05 5.432462745295824e-05
leaf_weight=25 523 31 31 25 26 37 39
leaf_count=25 523 31 31 25 26 37 39
internal_value=0.000997286 0.00144444 -0.00125 -0.00285124 -0.0072807 -0.00387097 0.00109375
internal_weight=737 675 152 121 57 62 64
internal_count=737 675 152 121 57 62 64
is_linear=0
shrinkage=0.05


Tree=27
num_leaves=8
num_cat=0
split_feature=4 3 15 11 1 6 15
split_gain=0.70659 0.738513 1.31934 0.867439 0.397576 0.379302 0.342781
threshold=0.032193909357537707 0.0081457023695182835 -0.0027486234333860544 0.0072949699106841246 -0.05387615079840196 -0.97828511498926518 -0.0056703996269574222
decision_type=2 2 2 2 2 2 2
left_child=5 2 4 -4 -2 -1 -7
right_child=1 -3 3 -5 -6 6 -8
leaf_value=0.00028211432775804252 -0.0010688615743789669 0.00023422681725985097 -0.00098917643898072181 -0.00021990606062008129 0.00033076812181050813 -5.5966813194762897e-05 8.5248713344683895e-05
leaf_weight=76 25 45 39 50 41 102 371
leaf_count=76 25 45 39 50 41 102 371
internal_value=0.000794393 -0.00175 -0.0033871 -0.00735955 0.0019697 0.00172131 0.0011945
internal_weight=749 200 155 89 66 549 473
internal_count=749 200 155 89 66 549 473
is_linear=0
shrinkage=0.05


Tree=28
num_leaves=8
num_cat=0
split_feature=3 5 5 5 5 12 13
split_gain=0.609888 0.34817 0.27385 0.674622 0.292096 0.339665 0.435992
threshold=-0.022311473864023709 0.011610596904604331 0.013365812052107033 0.013782561454225907 0.016079031984920222 -0.032606215925707109 20.610000610351566
decision_type=2 2 2 2 2 2 2
left_child=-1 -2 -3 -4 -5 -6 -7
right_child=1 2 3 4 5 6 -8
leaf_value=-0.0015771569115894876 -5.5678657022118383e-05 0.00031422242357697435 -0.00057390856966984432 0.00032023953070791397 0.00019450974782256146 2.7496876273428705e-05 -0.00076587897972907977
leaf_weight=27 28 108 26 182 65 293 35
leaf_count=27 28 108 26 182 65 293 35
internal_value=0.00126963 0.00154003 0.00175599 0.00133943 0.00169565 0.000928753 0.00027439
internal_weight=764 737 709 601 575 393 328
internal_count=764 737 709 601 575 393 328
is_linear=0
shrinkage=0.05


Tree=29
num_leaves=8
num_cat=0
split_feature=3 14 9 1 14 16 15
split_gain=0.667368 0.6939 0.437048 0.640418 0.509947 0.907808 0.213471
threshold=-0.011717664805906356 0.040951993391927573 0.30004565807987987 -0.023700770485555963 0.014555585659076444 0.0049490203376132422 -0.0054061645034700892
decision_type=2 2 8 2 2 2 2
left_child=1 -1 6 -4 5 -5 -2
right_child=2 -3 3 4 -6 -7 -8
leaf_value=-0.0011674751100767737 9.276401251267749e-06 0.00012399131746887411 6.5818853132763557e-05 -0.00080473320453346262 0.00014620934630193416 -6.2483318333712029e-05 0.00016614688064330675
leaf_weight=27 91 51 47 25 25 48 418
leaf_count=27 91 51 47 25 25 48 418
internal_value=0.00103825 -0.00333333 0.00155963 -0.000862069 -0.00316327 -0.00527397 0.00224951
internal_weight=732 78 654 145 98 73 509
internal_count=732 78 654 145 98 73 509
is_linear=0
shrinkage=0.05


Tree=30
num_leaves=8
num_cat=0
split_feature=3 16 1 15 5 9 8
split_gain=0.618753 0.395942 0.405318 0.460265 0.747 0.609849 1.22225
threshold=-0.022311473864023709 -0.024996552887159736 0.010889383376355479 -0.0049997326680355494 0.014098267794357014 0.21130557198616087 -0.024756935486037576
decision_type=2 2 2 2 2 8 10
left_child=-1 -2 3 4 -3 -5 -7
right_child=1 2 -4 5 -6 6 -8
leaf_value=-0.0014935799328499285 0.00015295148475722632 -0.00039735332792271587 0.00011712860079621116 7.4284218509894758e-05 -2.6769405575225765e-05 0.00012316581003379701 -0.00076274765357602688
leaf_weight=25 57 25 324 165 61 49 32
leaf_count=25 57 25 324 165 61 49 32
internal_value=0.000731707 0.00100281 0.000655488 -0.000572289 -0.00372093 0.000528455 -0.00302469
internal_weight=738 713 656 332 86 246 81
internal_count=738 713 656 332 86 246 81
is_linear=0
shrinkage=0.05


Tree=31
num_leaves=8
num_cat=0
split_feature=3 1 12 1 16 12 8
split_gain=0.602072 0.388629 0.305009 0.359102 0.396976 0.4595 0.757089
threshold=-0.020131214821354933 0.088045007032348868 -0.037333173257957868 0.038283434326045536 0.023304463073956175 0.00075809453830288931 -0.016554181013551269
decision_type=2 2 2 2 2 2 8
left_child=-1 2 -2 4 5 6 -4
right_child=1 -3 3 -5 -6 -7 -8
leaf_value=-0.0014114456226996222 0.00021318347320000618 -4.1436071490670948e-05 4.1563166931306717e-05 0.0003507450500533488 -0.00019812094859895696 6.1880830625677083e-05 -0.00052913313894173517
leaf_weight=26 56 33 71 114 30 361 47
leaf_count=26 56 33 71 114 30 361 47
internal_value=0.00093496 0.00120787 0.00146539 0.00114767 0.000579568 0.000929019 -0.00177966
internal_weight=738 712 679 623 509 479 118
internal_count=738 712 679 623 509 479 118
is_linear=0
shrinkage=0.05


Tree=32
num_leaves=8
num_cat=0
split_feature=3 16 16 12 12 13 2
split_gain=0.63491 0.448515 0.652365 0.555973 1.0085 0.770774 0.368017
threshold=-0.022311473864023709 -0.018342276129327869 -0.015497422852297436 0.00075809453830288931 -0.032606215925707109 17.695000648498539 0.127521348304968
decision_type=2 2 2 2 2 2 2
left_child=-1 -2 -3 4 -4 -6 -5
right_child=1 2 3 6 5 -7 -8
leaf_value=-0.001340873341564641 0.00015658143842878604 -0.00019370852492115324 0.00030288745902830636 0.00013891312114260076 5.297461349051178e-05 -0.00087066496519179254 -2.388721579509216e-05
leaf_weight=26 101 25 39 376 42 46 96
leaf_count=26 101 25 39 376 42 46 96
internal_value=0.00113848 0.00141379 0.000913462 0.00124374 -0.00169291 -0.00465909 0.0020339
internal_weight=751 725 624 599 127 88 472
internal_count=751 725 624 599 127 88 472
is_linear=0
shrinkage=0.05


Tree=33
num_leaves=8
num_cat=0
split_feature=5 3 3 15 3 16 16
split_gain=0.525034 0.742791 0.721107 1.20929 0.551165 0.387692 0.381176
threshold=0.01984395330969688 -0.011717664805906356 0.0087995979690713728 -0.0027486234333860544 0.0007621740939799394 -0.018342276129327869 -0.014513917449056222
decision_type=2 2 2 2 2 2 2
left_child=1 -1 3 -2 -5 -3 -7
right_child=2 5 -4 4 -6 6 -8
leaf_value=-0.00028375534102913707 0.0002844087044662922 0.00013035309155082155 0.00023702276685407466 -0.00023585079796368576 -0.00022754276167404454 -5.9578106060205558e-05 7.7247657266661684e-05
leaf_weight=44 60 70 41 56 27 25 425
leaf_count=44 60 70 41 56 27 25 425
internal_value=0.000254011 0.00101064 -0.00206522 -0.00374126 -0.0076506 0.00153846 0.001
internal_weight=748 564 184 143 83 520 450
internal_count=748 564 184 143 83 520 450
is_linear=0
shrinkage=0.05


Tree=34
num_leaves=8
num_cat=0
split_feature=6 2 11 14 1 9 13
split_gain=0.361658 0.776533 0.751336 0.84375 1.09578 0.997403 0.440741
threshold=-0.70423060052979947 0.030947505653614264 -0.0073194328445433934 -0.03286597934359297 0.010889383376355479 0.14028041572991004 20.610000610351566
decision_type=2 2 2 2 2 8 2
left_child=-1 2 6 -4 5 -5 -2
right_child=1 -3 3 4 -6 -7 -8
leaf_value=0.00015544122861351809 0.00040100931588823259 0.00016273049980374384 2.5978027874827424e-05 -3.0163281197123704e-05 1.451658776058654e-06 -0.0010151720331083572 -0.00020056934434264169
leaf_weight=199 51 253 64 44 44 40 54
leaf_count=199 51 253 64 44 44 40 54
internal_value=0.000660881 1.86265e-10 -0.00173401 -0.00359375 -0.0059375 -0.00928571 0.00166667
internal_weight=749 550 297 192 128 84 105
internal_count=749 550 297 192 128 84 105
is_linear=0
shrinkage=0.05


Tree=35
num_leaves=8
num_cat=0
split_feature=3 1 6 11 9 8 6
split_gain=0.50715 0.356586 0.374659 0.378055 0.409057 0.513231 1.33289
threshold=-0.022311473864023709 0.091323120600934629 1.5805545274919115 0.01955675936649726 0.1287958467498598 0.035949464149731554 0.34664391442059533
decision_type=2 2 2 2 8 8 2
left_child=-1 2 3 4 -2 6 -6
right_child=1 -3 -4 -5 5 -7 -8
leaf_value=-0.0012601611399440035 0.00010345010866690376 -5.8760731294099332e-05 0.00014814288718304218 0.00016135672656037291 -2.1675259583892364e-05 0.00010501094186142999 -0.00096550633260708964
leaf_weight=27 189 25 56 102 121 196 37
leaf_count=27 189 25 56 102 121 196 37
internal_value=0.00061753 0.000867769 0.00107703 0.000736434 0.000211787 -0.00079096 -0.00291139
internal_weight=753 726 701 645 543 354 158
internal_count=753 726 701 645 543 354 158
is_linear=0
shrinkage=0.05


Tree=36
num_leaves=8
num_cat=0
split_feature=9 11 11 12 9 8 14
split_gain=0.506167 0.567952 0.479267 0.486103 0.750629 0.892428 0.596817
threshold=-0.10477070390856068 -0.007196249019797262 0.023858934510878397 0.0065049647434682898 0.2131813412713103 -0.068946397400896406 0.047546513885702975
decision_type=8 2 2 2 8 10 2
left_child=-1 -2 3 4 -3 -6 -5
right_child=1 2 -4 6 5 -7 -8
leaf_value=-0.00019571338301379801 0.00021541962130563466 3.4631038263585979e-05 0.00046955929519776552 4.5157687789525015e-05 -0.00020976134503269281 -0.00036677389369724715 -9.7301465637756633e-05
leaf_weight=34 167 41 80 325 25 26 52
leaf_count=34 167 41 80 325 25 26 52
internal_value=0.000666667 0.000949721 0.000173042 -0.0004371 -0.00369565 -0.0077451 0.00035809
internal_weight=750 716 549 469 92 51 377
internal_count=750 716 549 469 92 51 377
is_linear=0
shrinkage=0.05


Tree=37
num_leaves=8
num_cat=0
split_feature=0 4 9 0 15 11 11
split_gain=0.409534 0.374741 0.683393 0.369137 0.767154 0.835259 1.28762
threshold=0.0083386743515850865 0.027629077059371985 0.17220258898868049 0.0011796581512865114 -0.00031265132822799741 0.013034559844421813 0.005791561968896298
decision_type=2 2 10 2 2 2 2
left_child=3 -2 -3 -1 -5 6 -6
right_child=1 2 -4 4 5 -7 -8
leaf_value=1.2158245517764964e-05 0.00020910305191110059 0.00014399717968174172 -0.00045371895594502158 0.00029173188831456935 -4.9297572766020027e-06 0.00025905686608199006 -0.00053002055512730911
leaf_weight=382 130 93 25 37 35 31 25
leaf_count=382 130 93 25 37 35 31 25
internal_value=0.000712401 0.00237903 0.000338983 -9.8039e-05 -0.00242187 -0.00489011 -0.00833333
internal_weight=758 248 118 510 128 91 60
internal_count=758 248 118 510 128 91 60
is_linear=0
shrinkage=0.05


Tree=38
num_leaves=8
num_cat=0
split_feature=0 2 1 1 6 2 0
split_gain=0.434938 0.385801 0.50534 0.588216 0.472106 0.639752 0.889869
threshold=0.0083386743515850865 0.11244942173895246 0.038574022732310816 0.0037883258821164172 -0.74274153489035466 0.072980560465584224 0.0013938068804552064
decision_type=2 2 2 2 2 2 2
left_child=1 4 3 -3 -1 6 -6
right_child=-2 2 -4 -5 5 -7 -8
leaf_value=0.00011819399424491217 0.00012134036597677497 -9.8499263362726518e-05 0.000585879589895144 -0.00014494331293273487 9.976942785922633e-06 0.00047741529987904631 -0.00029141431609716861
leaf_weight=110 247 28 25 29 210 50 49
leaf_count=110 247 28 25 29 210 50 49
internal_value=0.00105615 0.000209581 -0.00292683 -0.00552632 0.000823389 -0.000177993 -0.00117761
internal_weight=748 501 82 57 419 309 259
internal_count=748 501 82 57 419 309 259
is_linear=0
shrinkage=0.05


Tree=39
num_leaves=8
num_cat=0
split_feature=3 10 11 15 5 4 14
split_gain=0.478265 0.639061 0.310372 0.5887 0.401382 0.68419 0.480769
threshold=-0.011717664805906356 -0.0055859659212495463 0.00081107941047609 -0.0095531148928049685 0.015973244772088214 0.02827282212654831 -0.0092544987085180757
decision_type=2 2 2 2 2 2 2
left_child=1 -1 -2 -4 -5 6 -6
right_child=2 -3 3 4 5 -7 -8
leaf_value=0.00040543324592710579 7.778127653595732e-05 -0.00048881717406620742 -0.0003108036064008325 0.00013730289176884815 -0.00067971180087664619 9.9084838983159644e-06 -6.4884710026832262e-05
leaf_weight=41 256 35 25 186 26 142 26
leaf_count=41 256 35 25 186 26 142 26
internal_value=0.000861601 -0.00289474 0.00129349 0.000432099 0.000921053 -0.000670103 -0.00557692
internal_weight=737 76 661 405 380 194 52
internal_count=737 76 661 405 380 194 52
is_linear=0
shrinkage=0.05


Tree=40
num_leaves=8
num_cat=0
split_feature=6 6 14 1 15 5 14
split_gain=0.601459 0.270353 0.295868 0.453943 0.448784 0.534686 0.667244
threshold=2.7040619696772379 1.5805545274919115 -0.03286597934359297 -0.055386186896558214 -0.00056698089704332311 0.016767210735965824 -0.0052209332646739317
decision_type=2 2 2 2 2 2 2
left_child=1 2 -1 -4 -5 -6 -7
right_child=-2 -3 3 4 5 6 -8
leaf_value=4.6665754514614403e-05 -0.00080141738093504893 0.00017646750717685669 -0.000257430404522123 7.5823848481399895e-05 9.3391039037065166e-05 -0.00038207568455719284 -1.0924813731921667e-05
leaf_weight=204 26 44 34 233 119 35 55
leaf_count=204 26 44 34 233 119 35 55
internal_value=0.000933333 0.00120166 0.000955883 0.000273109 0.000701358 -0.000980861 -0.00388889
internal_weight=750 724 680 476 442 209 90
internal_count=750 724 680 476 442 209 90
is_linear=0
shrinkage=0.05


Tree=41
num_leaves=8
num_cat=0
split_feature=3 9 12 2 5 8 12
split_gain=0.459028 0.515551 0.39108 0.659072 0.34903 0.326274 0.32
threshold=-0.011717664805906356 -0.1945458355079954 0.032568541829068882 -0.082788653904538476 0.01935272822556287 -0.10435301391682754 -0.0011596324607267003
decision_type=2 10 2 2 2 8 2
left_child=4 2 3 5 -1 -2 -5
right_child=1 -3 -4 6 -6 -7 -8
leaf_value=-0.00026129808204058676 -0.00024053242875264068 5.3003192242169348e-05 8.750981394471426e-05 -0.00016580883081724753 0.00022261001233784013 4.7988522305141292e-05 -0.00026723999880380367
leaf_weight=42 25 528 44 25 37 26 25
leaf_count=42 25 528 44 25 37 26 25
internal_value=0.00101064 0.00143388 -0.0012069 -0.00292079 -0.00259494 0.00107843 -0.007
internal_weight=752 673 145 101 79 51 50
internal_count=752 673 145 101 79 51 50
is_linear=0
shrinkage=0.05


Tree=42
num_leaves=8
num_cat=0
split_feature=2 6 14 10 4 2 6
split_gain=0.369909 0.865416 0.556231 0.956447 0.775924 0.696985 0.531198
threshold=0.055077249137388769 -0.82951962827051628 -0.014609583018452553 0.00063381300570131149 0.028561838459139764 -0.10733260609838445 -0.7643887809775779
decision_type=2 2 2 2 2 2 2
left_child=1 -1 -3 4 -4 -6 -2
right_child=6 2 3 -5 5 -7 -8
leaf_value=0.00014951201350688504 -1.3092059660916169e-05 1.324849530709531e-05 0.00017441792199533553 -0.00028971211644114445 8.1032318839229832e-05 -0.0012182646882047934 0.00010127059195625586
leaf_weight=106 47 167 97 46 27 43 220
leaf_count=106 47 167 97 46 27 43 220
internal_value=0.000883134 6.17286e-05 -0.00105263 -0.00274648 -0.000988024 -0.005 0.00237828
internal_weight=753 486 380 213 167 70 267
internal_count=753 486 380 213 167 70 267
is_linear=0
shrinkage=0.05


Tree=43
num_leaves=8
num_cat=0
split_feature=9 14 4 7 9 6 12
split_gain=0.375195 0.696993 0.542556 0.402977 0.615174 0.639061 0.385145
threshold=0.18546661437797576 -0.056340529311790281 0.038847906338653947 0.0090664037706883489 0.12145601731355184 -0.29003014582777159 -0.0014831774620820968
decision_type=8 2 2 2 10 2 2
left_child=2 -2 3 4 -1 -6 -3
right_child=1 6 -4 -5 5 -7 -8
leaf_value=0.00012678569898653952 -0.00056622710927440689 -3.1226671879912236e-05 -0.00013851459739607446 0.0002671747647540882 -0.0004289840764737261 1.3638535445336643e-05 8.4219655201160567e-05
leaf_weight=133 50 71 31 183 35 41 202
leaf_count=133 50 71 31 183 35 41 202
internal_value=0.000710456 -0.000572755 0.00169031 0.00219388 0.00069378 -0.00289474 0.000421246
internal_weight=746 323 423 392 209 76 273
internal_count=746 323 423 392 209 76 273
is_linear=0
shrinkage=0.05


Tree=44
num_leaves=8
num_cat=0
split_feature=3 3 1 3 13 11 1
split_gain=0.387446 1.25026 0.571855 0.486864 0.424351 0.616549 0.372859
threshold=0.003245180168620521 0.0024958957937641917 -0.043801274250125248 -0.0057111316881405241 14.465000152587892 0.01160523990497442 0.010889383376355479
decision_type=2 2 2 2 2 2 2
left_child=1 2 3 -1 5 -4 -6
right_child=-2 -3 4 -5 6 -7 -8
leaf_value=3.8375276221345809e-05 5.6814982604503191e-05 -0.00010263855163009962 9.758956801584362e-05 -9.2517579302553202e-05 4.5686331936314822e-05 -5.5199793610860714e-05 0.00036455437344646142
leaf_weight=32 275 26 58 25 147 49 128
leaf_count=32 275 26 58 25 147 49 128
internal_value=0.00114865 0.000268817 0.000899772 -0.00377193 0.00159686 -0.00107477 0.00263636
internal_weight=740 465 439 57 382 107 275
internal_count=740 465 439 57 382 107 275
is_linear=0
shrinkage=0.05


Tree=45
num_leaves=8
num_cat=0
split_feature=3 5 2 12 13 1 3
split_gain=0.48535 0.539929 0.760465 1.66944 0.878385 0.479233 0.250274
threshold=0.00094990163958053053 0.017695371181634181 -0.10733260609838445 0.0065049647434682898 13.934999942779543 -0.027985558799512308 0.0025884811731249351
decision_type=2 2 2 2 2 2 2
left_child=1 5 -3 -4 -5 -1 -2
right_child=6 2 3 4 -6 -7 -8
leaf_value=-5.7789283001831725e-05 0.00019183892143717247 0.00022922768969393343 -0.00057885826469814114 -7.3499552362270908e-05 9.3229515993235659e-05 0.00016865136138326649 1.7258132663390581e-05
leaf_weight=46 58 35 30 37 50 198 292
leaf_count=46 58 35 30 37 50 198 292
internal_value=0.000643432 -0.000555555 -0.00289474 -0.00482906 -0.00132184 0.00090164 0.002
internal_weight=746 396 152 117 87 244 350
internal_count=746 396 152 117 87 244 350
is_linear=0
shrinkage=0.05


Tree=46
num_leaves=8
num_cat=0
split_feature=3 16 12 12 5 9 8
split_gain=0.330857 0.49378 0.375445 0.667449 0.98324 0.30275 0.383201
threshold=-0.022311473864023709 -0.018342276129327869 -0.032606215925707109 -0.0045413720184895303 0.01750569150905339 0.088953185104318613 0.037711436282931284
decision_type=2 2 2 2 2 8 8
left_child=-1 -2 -3 4 -4 -5 -7
right_child=1 2 3 5 -6 6 -8
leaf_value=-0.0011930544180657901 6.4130983270706065e-05 7.4528190383583453e-05 2.7654634108342169e-05 0.00020027959129682469 -0.00046731882903339384 -1.5227201979784626e-05 6.6274046743026411e-05
leaf_weight=25 104 40 41 72 26 190 250
leaf_count=25 104 40 41 72 26 190 250
internal_value=0.00065508 0.000850623 0.000315024 -8.63539e-06 -0.00470149 0.000605469 0.000113637
internal_weight=748 723 619 579 67 512 440
internal_count=748 723 619 579 67 512 440
is_linear=0
shrinkage=0.05


Tree=47
num_leaves=8
num_cat=0
split_feature=5 3 14 5 10 0 11
split_gain=0.388122 0.551707 0.752166 0.781844 0.541659 0.374283 0.534085
threshold=0.01984395330969688 0.0087995979690713728 -0.0070547548707520216 0.021581988159907983 0.0056625653487155656 0.0083386743515850865 -0.01262108781240978
decision_type=2 2 2 2 2 2 2
left_child=5 2 4 -4 -2 6 -1
right_child=1 -3 3 -5 -6 -7 -8
leaf_value=0.00015618238788499335 -0.00010581991981663314 0.00020100927702099882 -5.3968115365976743e-05 0.00037865360276489139 -0.0005596116282445497 0.00011340888176586246 -5.0975801365280684e-06
leaf_weight=70 25 40 30 58 26 184 306
leaf_count=70 25 40 30 58 26 184 306
internal_value=0.000602165 -0.00142458 -0.00291367 -0.000113636 -0.0077451 0.00125 0.000345745
internal_weight=739 179 139 88 51 560 376
internal_count=739 179 139 88 51 560 376
is_linear=0
shrinkage=0.05


Tree=48
num_leaves=8
num_cat=0
split_feature=3 3 1 10 14 3 9
split_gain=0.317122 0.819669 0.566852 0.454113 1.23065 0.41625 0.434047
threshold=0.003245180168620521 0.0024255790259116732 -0.055386186896558214 -0.0060493286934151782 0.048234950984074383 -0.0026769093967874964 -0.0033292512251876789
decision_type=2 2 2 2 2 2 10
left_child=1 2 -1 -4 5 6 -5
right_child=-2 -3 3 4 -6 -7 -8
leaf_value=-0.00063156303366688755 3.3169651401744448e-05 -9.9924396040569941e-05 0.00038689033430980226 -0.00012393056655184595 -0.00010092745030836782 0.00020144300000386639 4.8492830868866712e-05
leaf_weight=38 278 25 76 60 26 143 94
leaf_count=38 278 25 76 60 26 143 94
internal_value=0.000608108 -0.000194805 0.000308925 0.000864662 4.64398e-05 0.000959596 -0.000844156
internal_weight=740 462 437 399 323 297 154
internal_count=740 462 437 399 323 297 154
is_linear=0
shrinkage=0.05


Tree=49
num_leaves=8
num_cat=0
split_feature=11 16 10 12 16 9 2
split_gain=0.406922 0.58254 0.749624 1.17876 0.847239 0.713136 0.67931
threshold=-0.011940064700992346 0.013600539479629139 0.0056625653487155656 -0.0014831774620820968 0.010667683507438854 0.191609800621409 0.028177238547944298
decision_type=2 2 2 2 2 10 2
left_child=-1 2 3 -2 6 -3 -5
right_child=1 5 -4 4 -6 -7 -8
leaf_value=0.00015192430909820033 -0.00016789260947879168 0.00016438986596158179 6.5687869750067563e-05 -5.786640337523563e-05 -0.00066296218106560274 -7.4788799660001793e-05 0.00027722978195630969
leaf_weight=131 43 173 101 100 28 48 109
leaf_count=131 43 173 101 100 28 48 109
internal_value=0.000566167 1.66115e-05 -0.00116798 -0.0025 -0.00111814 0.00205882 -2.39233e-05
internal_weight=733 602 381 280 237 221 209
internal_count=733 602 381 280 237 221 209
is_linear=0
shrinkage=0.05


Tree=50
num_leaves=8
num_cat=0
split_feature=1 10 11 7 4 15 2
split_gain=0.35916 0.433966 0.423931 0.44955 0.423613 0.407753 0.805345
threshold=0.038283434326045536 0.0083253127378262199 -0.0073194328445433934 -0.017351240633448502 0.034352775151278679 -0.00056698089704332311 0.035356797100225441
decision_type=2 2 2 2 2 2 2
left_child=1 2 3 -1 -2 -4 -7
right_child=4 -3 5 -5 -6 6 -8
leaf_value=-3.3847638442943184e-06 0.00038101887455059411 0.00019386186189568393 7.7886150447518639e-06 0.00044127771842208279 -9.1747645638168323e-05 -0.00024778322477959658 2.1747193771858033e-05
leaf_weight=91 119 90 172 63 25 93 87
leaf_count=91 119 90 172 63 25 93 87
internal_value=0.000675676 0.000134228 -0.000434782 0.00175325 0.00291667 -0.00139205 -0.00305556
internal_weight=740 596 506 154 144 352 180
internal_count=740 596 506 154 144 352 180
is_linear=0
shrinkage=0.05


Tree=51
num_leaves=8
num_cat=0
split_feature=9 3 15 0 3 0 11
split_gain=0.352254 0.534022 0.683155 0.509684 1.18564 0.39 0.311839
threshold=-0.059247344686177088 0.0081457023695182835 -0.0033831624636520559 0.0059379536875459058 -0.007234867388690224 -0.025303346711071813 0.005791561968896298
decision_type=10 2 2 2 2 2 2
left_child=1 2 5 4 -4 -1 -2
right_child=6 -3 3 -5 -6 -7 -8
leaf_value=-0.00066993647243640151 0.00013040606910557517 0.0001607236854736613 0.00013055908749428559 -1.4229577803482984e-05 -0.00020652216596762584 0.00014337590466898873 3.4588917813899822e-06
leaf_weight=25 286 45 25 45 39 39 258
leaf_count=25 286 45 25 45 39 39 258
internal_value=0.000734908 -0.000963303 -0.00222543 -0.00463303 -0.0075 0.001875 0.00141544
internal_weight=762 218 173 109 64 64 544
internal_count=762 218 173 109 64 64 544
is_linear=0
shrinkage=0.05


Tree=52
num_leaves=8
num_cat=0
split_feature=1 7 15 6 10 0 12
split_gain=0.371942 0.505996 0.432625 0.642857 0.415166 0.311859 0.353648
threshold=0.088045007032348868 0.06901504712614627 0.011864917221098505 0.16270602157797218 0.0084135321607602415 -0.035469874220092006 -0.037333173257957868
decision_type=2 2 2 2 2 2 2
left_child=1 2 4 -4 5 -1 -7
right_child=-2 -3 3 -5 -6 6 -8
leaf_value=-0.00073586936090586823 -4.4916987107023936e-05 0.00042411705668089365 0.00014166317621664015 -0.00069504758298968231 0.00040474739374832209 0.00010558304328241308 3.3189472242465894e-06
leaf_weight=31 30 62 28 28 70 40 459
leaf_count=31 30 62 28 28 70 40 459
internal_value=0.000454546 0.000682451 0.00027439 -0.00392857 0.000666667 0.000188679 0.000490982
internal_weight=748 718 656 56 600 530 499
internal_count=748 718 656 56 600 530 499
is_linear=0
shrinkage=0.05


Tree=53
num_leaves=8
num_cat=0
split_feature=5 5 3 0 4 15 9
split_gain=0.398852 0.651143 0.515068 0.328615 0.461261 0.476502 0.744615
threshold=0.020564192562812649 0.022122000080978022 -0.011717664805906356 0.0083386743515850865 0.026474149327359083 0.0015543293523336834 0.18172326507427752
decision_type=2 2 2 2 2 2 10
left_child=2 -2 -1 4 5 -4 -7
right_child=1 -3 3 -5 -6 6 -8
leaf_value=-0.0001174504898950501 -9.5788683821623768e-05 1.2851448447152943e-05 1.8772545858966141e-05 7.2971405730971393e-05 4.9021406233970179e-05 3.776654100678197e-06 -0.00040766255436051928
leaf_weight=45 36 106 157 186 148 40 25
leaf_count=45 36 106 157 186 148 40 25
internal_value=0.000693136 -0.00169014 0.00125624 0.00167266 0.000810811 -0.00063063 -0.00423077
internal_weight=743 142 601 556 370 222 65
internal_count=743 142 601 556 370 222 65
is_linear=0
shrinkage=0.05


Tree=54
num_leaves=8
num_cat=0
split_feature=3 5 5 3 15 4 12
split_gain=0.391043 0.443635 0.433195 0.669324 1.06512 0.311637 0.360417
threshold=-0.011717664805906356 0.01935272822556287 0.020220771017122361 0.0081457023695182835 -0.0022134531198421121 0.019304184211921701 0.062788606761277746
decision_type=2 2 2 2 2 2 2
left_child=1 -1 5 4 -4 -2 -7
right_child=2 -3 3 -5 -6 6 -8
leaf_value=-0.00019625978275625495 -1.1503861419511754e-05 0.00029150367182204215 0.00025756669979909848 0.00018795881340363016 -0.00024520023074163982 6.2821272806134969e-05 -1.5925985412911918e-05
leaf_weight=39 48 38 29 38 51 465 39
leaf_count=39 48 38 29 38 51 465 39
internal_value=0.000582329 -0.00279221 0.000970149 -0.00177966 -0.004375 0.00155797 0.0019246
internal_weight=747 77 670 118 80 552 504
internal_count=747 77 670 118 80 552 504
is_linear=0
shrinkage=0.05


Tree=55
num_leaves=8
num_cat=0
split_feature=0 12 12 3 15 4 1
split_gain=0.38938 0.273365 0.417834 0.612387 1.10334 0.309202 0.435272
threshold=-0.03391699161433042 -0.037333173257957868 0.00075809453830288931 0.0007621740939799394 0.00080280830329937391 0.027858847226964533 -0.031526225939344003
decision_type=2 2 2 2 2 2 2
left_child=-1 -2 3 4 -3 6 -4
right_child=1 2 5 -5 -6 -7 -8
leaf_value=-0.00049002186920781129 0.00011396794864052443 3.4343733878445332e-05 -6.7161989402957461e-05 3.4808336693460246e-06 -0.00048726461528689777 9.450557461000181e-05 1.8507552210401894e-05
leaf_weight=37 57 47 35 71 28 184 304
leaf_count=37 57 47 35 71 28 184 304
internal_value=0.000543906 0.000798898 0.000515695 -0.00184931 -0.005 0.00117591 0.000280236
internal_weight=763 726 669 146 75 523 339
internal_count=763 726 669 146 75 523 339
is_linear=0
shrinkage=0.05


Tree=56
num_leaves=8
num_cat=0
split_feature=6 6 14 14 9 11 13
split_gain=0.654551 0.357353 0.638409 1.25813 0.563332 0.93578 0.932114
threshold=-0.68434892185400376 -0.29003014582777159 -0.029587498132827402 -0.0054293361358405115 0.191609800621409 0.0069117113136190076 15.050000190734865
decision_type=2 2 2 2 8 2 2
left_child=-1 2 -2 -4 -3 -6 -7
right_child=1 4 3 -5 5 6 -8
leaf_value=9.0356263758719876e-05 0.00024729286614103696 2.8159122704470339e-05 -0.00035643457845640553 -1.8920158963347329e-06 0.00015394623049619911 2.5251222047835162e-05 -0.00084419616910146565
leaf_weight=196 44 243 35 65 89 31 36
leaf_count=196 44 243 35 65 89 31 36
internal_value=0.000737483 -0.000156538 -0.00229167 -0.0045 0.000614035 -0.00173077 -0.00619403
internal_weight=739 543 144 100 399 156 67
internal_count=739 543 144 100 399 156 67
is_linear=0
shrinkage=0.05


Tree=57
num_leaves=8
num_cat=0
split_feature=9 2 6 0 10 12 10
split_gain=0.489837 0.398276 0.800952 1.12724 0.705739 0.958427 0.68271
threshold=0.12145601731355184 0.023429187107785191 -0.97828511498926518 -0.010964571578995606 0.0086193521775437282 0.00075809453830288931 0.00034887818574524948
decision_type=8 2 2 2 2 2 2
left_child=-1 2 -2 -4 5 -5 -7
right_child=1 -3 3 4 -6 6 -8
leaf_value=8.8883617470758385e-05 0.00021846484162997126 1.8781605759455961e-05 4.1692547954389972e-05 -0.00030874798763006736 0.00015417830891740933 0.00010418026258240709 -0.00033861284953358537
leaf_weight=240 35 285 58 29 26 27 35
leaf_count=240 35 285 58 29 26 27 35
internal_value=0.000646259 -0.000252525 -0.00190476 -0.00328571 -0.00611111 -0.00818681 -0.00467742
internal_weight=735 495 210 175 117 91 62
internal_count=735 495 210 175 117 91 62
is_linear=0
shrinkage=0.05


Tree=58
num_leaves=8
num_cat=0
split_feature=3 3 6 11 12 1 3
split_gain=0.347829 0.332681 0.309266 0.439045 0.42452 0.388103 0.670641
threshold=0.020387944737157441 0.0087003880815876861 1.2830900631757316 -0.0040062881878700765 -0.019164236455942892 -0.031526225939344003 0.0025884811731249351
decision_type=2 2 2 2 2 2 2
left_child=1 2 3 -1 -5 -6 -7
right_child=-2 -3 -4 4 5 6 -8
leaf_value=9.1062747590250667e-05 -0.00032970774633956268 0.00015681383096704287 7.3694006334798452e-05 5.4079882861066868e-05 -7.2511065592481381e-05 2.4087540079236231e-05 -1.4677437867440989e-05
leaf_weight=165 26 98 80 32 43 210 96
leaf_count=165 26 98 80 32 43 210 96
internal_value=0.00106667 0.00127072 0.000846646 0.000421246 -0.000511811 -0.00101719 -0.000392157
internal_weight=750 724 626 546 381 349 306
internal_count=750 724 626 546 381 349 306
is_linear=0
shrinkage=0.05


Tree=59
num_leaves=8
num_cat=0
split_feature=14 9 10 7 16 10 16
split_gain=0.25934 0.7626 0.294997 0.290667 0.380517 0.452357 0.578274
threshold=-0.073050802278400592 0.18546661437797576 0.0080340487242571718 0.072616350890006301 -0.0050501877008752851 0.006164585920325428 0.013600539479629139
decision_type=2 8 2 2 2 2 2
left_child=1 -1 3 4 -2 6 -6
right_child=2 -3 -4 -5 5 -7 -8
leaf_value=0.00031732382364937461 4.4608357715214089e-05 -0.00069732456002783284 0.00027154811721109183 0.00015721209513394773 -1.9746665699163298e-05 -9.7337932803880924e-05 0.00014774559693582224
leaf_weight=47 212 25 70 60 193 25 126
leaf_count=47 212 25 70 60 193 25 126
internal_value=0.00091029 -0.00194444 0.00120991 0.00086039 0.000503597 -0.000523256 -1.56738e-05
internal_weight=758 72 686 616 556 344 319
internal_count=758 72 686 616 556 344 319
is_linear=0
shrinkage=0.05


Tree=60
num_leaves=8
num_cat=0
split_feature=3 1 1 2 9 9 2
split_gain=0.436024 0.529445 0.517861 0.572432 0.749048 1.28 0.444711
threshold=-0.011717664805906356 0.088045007032348868 0.038283434326045536 0.10535674887944448 0.1928426750993564 0.15746600625205212 0.062408361797890229
decision_type=2 2 2 2 10 8 2
left_child=-1 2 3 6 5 -5 -2
right_child=1 -3 -4 4 -6 -7 -8
leaf_value=-0.00010515201425486314 4.8744367189866467e-06 -3.4589074828070854e-05 0.00028943400384105544 0.00017373488710593359 7.7816285434310846e-05 -0.0003869210381759228 0.00020340207951104173
leaf_weight=75 378 28 125 25 28 25 69
leaf_count=75 378 28 125 25 28 25 69
internal_value=0.00061753 0.0010177 0.00130769 0.000619048 -0.00333333 -0.007 0.00130872
internal_weight=753 678 650 525 78 50 447
internal_count=753 678 650 525 78 50 447
is_linear=0
shrinkage=0.05


Tree=61
num_leaves=8
num_cat=0
split_feature=6 7 8 6 16 7 4
split_gain=0.363829 0.809887 0.622004 0.796954 1.10375 0.590543 0.343191
threshold=-0.69207077166302311 0.014846771914906022 -0.010420905243357646 -0.3138768206122976 -0.0016034350658803984 0.031253240265366251 0.025848081937764888
decision_type=2 2 8 2 2 2 2
left_child=5 2 -2 -4 -5 -1 -3
right_child=1 6 3 4 -6 -7 -8
leaf_value=0.00016165479248723524 6.3079972825675983e-05 0.00024905864685408465 -0.00024448086557001843 4.0246208931676668e-05 -0.000143366888292596 -2.1319106711542154e-05 4.2216467360985689e-06
leaf_weight=148 153 129 35 67 46 47 111
leaf_count=148 153 129 35 67 46 47 111
internal_value=0.000584239 -8.31791e-05 -0.00181063 -0.00412162 -0.00207965 0.0024359 0.00208333
internal_weight=736 541 301 148 113 195 240
internal_count=736 541 301 148 113 195 240
is_linear=0
shrinkage=0.05


Tree=62
num_leaves=8
num_cat=0
split_feature=8 0 3 16 16 14 10
split_gain=0.574598 0.489718 1.25212 0.419611 0.373536 0.339584 0.319808
threshold=0.069787056162515362 0.018669310054685199 0.0089391998026902026 0.031402520545209318 0.016156412343460328 -0.058539441914538297 -0.0054343681151217118
decision_type=8 2 2 2 2 2 2
left_child=1 3 -3 4 6 -2 -1
right_child=5 2 -4 -5 -6 -7 -8
leaf_value=9.7960492837576891e-05 -6.0375223883728839e-06 -0.00055431593856970047 0.00016084956941028546 -6.1847549612978561e-05 0.00018640376111766366 0.00011550995373237833 -3.953745786433513e-06
leaf_weight=98 26 39 38 28 62 188 272
leaf_count=98 26 39 38 28 62 188 272
internal_value=0.000472703 -0.000400372 -0.00409091 0.000217391 0.000601852 0.00266355 1.86265e-10
internal_weight=751 537 77 460 432 214 370
internal_count=751 537 77 460 432 214 370
is_linear=0
shrinkage=0.05


Tree=63
num_leaves=8
num_cat=0
split_feature=12 1 1 9 1 15 7
split_gain=0.378628 0.427299 0.522807 0.40692 0.409385 0.81302 0.481666
threshold=0.031890065816476361 0.071235070062898434 0.011874925581813025 0.099393217727195241 -0.0061344271363620853 0.00026123117090492981 -0.035222829916304314
decision_type=2 2 2 8 2 2 2
left_child=1 2 3 -1 6 -6 -5
right_child=-2 -3 -4 4 5 -7 -8
leaf_value=8.6712996640613848e-05 2.5985640337020888e-05 -1.7044286555817877e-05 0.0001675746450445206 -9.5441388174393182e-06 -0.00046929351880599737 3.971750871731787e-05 0.00012839102486178483
leaf_weight=71 242 26 167 72 35 32 107
leaf_count=71 242 26 167 72 35 32 107
internal_value=0.000478724 -0.000294117 4.13225e-05 -0.00115142 -0.00211382 -0.00544776 -0.000865922
internal_weight=752 510 484 317 246 67 179
internal_count=752 510 484 317 246 67 179
is_linear=0
shrinkage=0.05


Tree=64
num_leaves=8
num_cat=0
split_feature=1 6 1 9 10 10 8
split_gain=0.613845 0.614937 0.54485 0.366071 0.686025 0.673107 0.34215
threshold=-0.0356408142955058 -0.47022075060194007 0.088045007032348868 0.28327523279359917 -0.001095493805140457 0.0041080553382388816 -0.046980189968854384
decision_type=2 2 2 8 2 2 10
left_child=1 -1 3 -2 -5 -6 -3
right_child=2 6 -4 4 5 -7 -8
leaf_value=-8.3690408626086923e-06 6.5875058088800577e-05 -0.00010165436249463614 -3.2431922625261463e-05 6.8589428234947222e-05 -0.00033369768352039956 6.9846516357482937e-06 0.00013231440118352075
leaf_weight=44 448 41 28 46 31 49 45
leaf_count=44 448 41 28 46 31 49 45
internal_value=0.000423497 -0.00269231 0.00109635 0.00142857 -0.000952381 -0.00375 -0.000232558
internal_weight=732 130 602 574 126 80 86
internal_count=732 130 602 574 126 80 86
is_linear=0
shrinkage=0.05


Tree=65
num_leaves=8
num_cat=0
split_feature=1 4 6 2 9 11 16
split_gain=0.431887 0.703996 0.541799 0.626431 0.400567 0.412274 0.528675
threshold=-0.023023126990721451 0.023571735944094802 -0.48344436041352085 -0.050283830346297791 0.1161557637732107 -0.0020344936195998971 -0.00055863161518965299
decision_type=2 2 2 2 8 2 2
left_child=1 -1 3 -3 -2 -6 -7
right_child=4 2 -4 -5 5 6 -8
leaf_value=-0.0001248360805802254 0.00013532472307741306 9.2488649617150856e-05 2.921948591849733e-05 -1.0076761882067082e-05 0.00010265022785294768 -0.00031175263120909562 1.0750653180019308e-05
leaf_weight=29 150 33 108 27 89 62 254
leaf_count=29 150 33 108 27 89 62 254
internal_value=0.000412234 -0.00159898 -0.000357143 -0.00416667 0.00112613 0.000308642 -0.000537974
internal_weight=752 197 168 60 555 405 316
internal_count=752 197 168 60 555 405 316
is_linear=0
shrinkage=0.05


Tree=66
num_leaves=8
num_cat=0
split_feature=5 1 12 14 1 16 16
split_gain=0.381057 0.440183 0.438312 0.622633 0.690611 0.686588 0.690755
threshold=0.015973244772088214 -0.031526225939344003 -0.032606215925707109 -0.0056306847578752031 -0.046683113468555908 0.023304463073956175 -0.0011183953762152197
decision_type=2 2 2 2 2 2 2
left_child=1 -1 -2 5 -5 6 -4
right_child=2 -3 3 4 -6 -7 -8
leaf_value=-5.5965311533433706e-06 8.0204912356767453e-05 0.00010358513479707508 -0.00068612390032750023 -5.4038361023570475e-05 0.00024909001416891619 -0.00012013426866670824 1.9652917331910547e-05
leaf_weight=46 77 279 49 26 148 39 81
leaf_count=46 77 279 49 26 148 39 81
internal_value=0.000637584 0.00192308 -0.000357143 -0.00112245 0.000977012 -0.00328402 -0.00153846
internal_weight=745 325 420 343 174 169 130
internal_count=745 325 420 343 174 169 130
is_linear=0
shrinkage=0.05


Tree=67
num_leaves=8
num_cat=0
split_feature=15 14 1 16 2 8 7
split_gain=0.383647 0.667244 0.368513 0.44428 0.966643 1.63723 0.611511
threshold=0.011864917221098505 -0.069744182185856193 0.023483840641551072 -0.0050501877008752851 0.028177238547944298 -0.012863849335848164 0.049182933253652757
decision_type=2 2 2 2 2 8 2
left_child=2 -2 3 -1 5 -5 -6
right_child=1 -3 -4 4 6 -7 -8
leaf_value=3.4458377418916108e-05 -0.0006840677582097901 0.00017842169118081425 0.00012800342500295128 1.1708675003598193e-05 7.3556048383574747e-05 -0.00057953132492028663 -0.00012713306767416987
leaf_weight=231 30 33 212 76 97 49 34
leaf_count=231 30 33 212 76 97 49 34
internal_value=0.000800525 -0.00293651 0.00113734 0.000379877 -0.00105469 -0.0042 0.00194657
internal_weight=762 63 699 487 256 125 131
internal_count=762 63 699 487 256 125 131
is_linear=0
shrinkage=0.05


Tree=68
num_leaves=8
num_cat=0
split_feature=10 10 8 11 11 16 16
split_gain=0.464256 0.535469 0.65689 0.427485 0.630117 0.646204 1.01958
threshold=0.0092143368425633438 0.0060647119333787644 0.054019324582430535 0.01723808414084094 -0.0068475574788619533 0.013600539479629139 0.007796495259592918
decision_type=2 2 10 2 2 2 2
left_child=1 3 -3 4 -1 6 -6
right_child=-2 2 -4 -5 5 -7 -8
leaf_value=8.0887867409595363e-05 0.00032604942480102939 1.673601822496144e-07 -8.2925628064262432e-05 8.4330179682261448e-05 -2.5501680796341089e-06 9.4018118463288041e-05 -0.00031294425432266444
leaf_weight=162 102 49 27 96 189 76 52
leaf_count=162 102 49 27 96 189 76 52
internal_value=0.000883134 0.000391705 -0.00355263 0.000913044 0.000302714 -0.000993691 -0.00226141
internal_weight=753 651 76 575 479 317 241
internal_count=753 651 76 575 479 317 241
is_linear=0
shrinkage=0.05


Tree=69
num_leaves=8
num_cat=0
split_feature=3 9 9 14 14 1 1
split_gain=0.538785 0.565317 0.517965 0.4791 0.412088 0.534729 0.34537
threshold=0.019482251627725437 -0.10477070390856068 0.17852751549521276 -0.054330610723124943 0.076607678117126224 -0.027027297621324883 0.02024398021998575
decision_type=2 8 8 2 2 2 2
left_child=1 -1 4 6 -3 -6 -4
right_child=-2 2 3 -5 5 -7 -8
leaf_value=-0.00014189651321532635 -0.00028415307592278546 3.5213036000845977e-05 -0.00031555424987747267 1.1868292529301159e-05 -9.5909093359816818e-05 0.00033182827349713374 -1.8956371705822878e-06
leaf_weight=33 26 312 25 276 25 27 26
leaf_count=33 26 312 25 276 25 27 26
internal_value=0.000533334 0.000787293 0.00109262 -0.000351682 0.00239011 -0.00173077 -0.00480392
internal_weight=750 724 691 327 364 52 51
internal_count=750 724 691 327 364 52 51
is_linear=0
shrinkage=0.05


Tree=70
num_leaves=8
num_cat=0
split_feature=1 8 4 13 1 6 4
split_gain=0.69139 0.303602 0.76752 0.934562 0.370631 0.592717 0.660754
threshold=0.085136557640904789 0.037711436282931284 0.023608416505266756 17.250000000000004 -0.011738444986158001 0.085467505969419669 0.027748920515138862
decision_type=2 10 2 2 2 2 2
left_child=1 2 3 -1 -4 -6 -7
right_child=-2 -3 4 -5 5 6 -8
leaf_value=-5.8842711192364342e-05 -2.1897098923229333e-05 5.1514218727180216e-05 6.0818291797217654e-05 0.00029855598448599673 0.00012320589818757749 4.3293618085473738e-06 -0.0014323284901426384
leaf_weight=27 31 304 174 35 119 25 26
leaf_count=27 31 304 174 35 119 25 26
internal_value=0.00101889 0.00133803 0.00044335 -0.00467742 0.00136628 -0.000294117 -0.00480392
internal_weight=741 710 406 62 344 170 51
internal_count=741 710 406 62 344 170 51
is_linear=0
shrinkage=0.05


Tree=71
num_leaves=8
num_cat=0
split_feature=1 16 8 7 4 1 5
split_gain=0.373347 0.33779 0.319189 0.877838 0.739339 0.664419 0.453697
threshold=-0.055386186896558214 -0.018342276129327869 0.025200550359716804 0.028140808651792807 0.023856734893656636 -0.011738444986158001 0.015499217021690057
decision_type=2 2 8 2 2 2 2
left_child=-1 -2 3 4 -3 -6 -7
right_child=1 2 -4 -5 5 6 -8
leaf_value=-6.5973648058244126e-05 0.0002583708997532977 -0.00026986939073098554 1.2601574138799352e-05 -0.00024420268441231692 0.00028186164923093356 0.00015123492703470479 -3.3340675851729856e-05
leaf_weight=55 73 29 350 29 81 27 103
leaf_count=55 73 29 350 29 81 27 103
internal_value=0.000783133 0.00109827 0.000718902 -0.000576208 0.000416667 0.0014455 -0.000769231
internal_weight=747 692 619 269 240 211 130
internal_count=747 692 619 269 240 211 130
is_linear=0
shrinkage=0.05


Tree=72
num_leaves=8
num_cat=0
split_feature=1 2 7 1 11 15 15
split_gain=0.331092 0.441884 0.60213 0.455033 0.34084 0.306261 0.597931
threshold=0.085136557640904789 -0.023203280666311995 0.0017682425009371008 -0.046683113468555908 0.017946069561085468 -0.007000754557618837 -0.012947114369412092
decision_type=2 2 2 2 2 2 2
left_child=1 2 5 -3 -5 6 -1
right_child=-2 3 -4 4 -6 -7 -8
leaf_value=5.4155943028179423e-05 -2.1432322684007801e-05 -1.9578806652723494e-05 -0.00010971101053776003 2.8211939938816116e-05 0.00011935173270458027 2.4774042649161692e-05 -0.00055737387021217977
leaf_weight=29 31 25 38 350 75 174 25
leaf_count=29 31 25 38 350 75 174 25
internal_value=0.000381526 0.000600559 -0.00101504 0.00155556 0.00194118 -4.38595e-05 -0.00333333
internal_weight=747 716 266 450 425 228 54
internal_count=747 716 266 450 425 228 54
is_linear=0
shrinkage=0.05


Tree=73
num_leaves=8
num_cat=0
split_feature=0 15 8 2 9 6 4
split_gain=0.383296 0.50267 0.518145 0.854528 0.4416 0.816536 0.226468
threshold=-0.035469874220092006 0.0014805183288940651 -0.038799915337595074 -0.084732172088142696 0.18172326507427752 0.17380693706102279 0.023204734641495309
decision_type=2 2 8 2 10 2 2
left_child=-1 6 3 -3 -4 -6 -2
right_child=1 2 4 -5 5 -7 -8
leaf_value=-0.00057838813746177329 6.3145238655536655e-06 0.00025343615384945326 4.8411695493026073e-05 -0.00024001067225042406 0.00015822954673145432 -0.00048933036505613349 3.7678026105657188e-05
leaf_weight=32 102 37 196 29 55 47 248
leaf_count=32 102 37 196 29 55 47 248
internal_value=0.000978552 0.00121849 -8.24174e-05 -0.00409091 0.000805369 -0.00186274 0.00257143
internal_weight=746 714 364 66 298 102 350
internal_count=746 714 364 66 298 102 350
is_linear=0
shrinkage=0.05


Tree=74
num_leaves=8
num_cat=0
split_feature=2 10 8 11 1 1 6
split_gain=0.373624 0.54924 0.369317 0.37531 0.364841 0.432132 0.338673
threshold=0.14231158781550349 0.0044649128256998303 -0.12804064858768302 0.0033857375272920991 0.023483840641551072 0.018831945069880066 -0.68434892185400376
decision_type=2 2 8 2 2 2 2
left_child=2 -2 3 -1 5 6 -4
right_child=1 -3 4 -5 -6 -7 -8
leaf_value=0.00034004431292583115 3.189014210201737e-05 -8.6843924137883563e-05 2.5142205023037404e-05 -0.00064287472328410306 0.00017792574524216057 -1.3171079652309277e-05 3.6031565698886616e-06
leaf_weight=28 49 27 117 25 186 31 291
leaf_count=28 49 27 117 25 186 31 291
internal_value=0.00108753 -0.00223684 0.00146018 -0.00254717 0.0018 0.00101367 0.00144608
internal_weight=754 76 678 53 625 439 408
internal_count=754 76 678 53 625 439 408
is_linear=0
shrinkage=0.05


Tree=75
num_leaves=8
num_cat=0
split_feature=15 12 9 12 14 10 12
split_gain=0.621569 0.490909 0.312903 0.482254 1.09293 0.872406 0.720256
threshold=0.0172435740228194 0.062788606761277746 0.1161557637732107 0.024994038771031683 0.044393091515214207 0.0043826949132023127 0.033795250994550281
decision_type=2 2 8 2 2 2 2
left_child=1 2 -1 -4 5 -5 -7
right_child=-2 -3 3 4 -6 6 -8
leaf_value=5.7679829665012217e-05 -0.00030415237996007276 -5.5277302658014969e-06 2.0996724039618967e-05 3.3265532806408139e-05 -0.00030950425109058663 -0.00031355654523839799 -3.5518388604541298e-07
leaf_weight=185 25 44 283 103 25 25 39
leaf_count=185 25 44 283 103 25 25 39
internal_value=0.0007476 0.00102273 0.00136364 0.000684211 -0.00125 0.000209581 -0.004375
internal_weight=729 704 660 475 192 167 64
internal_count=729 704 660 475 192 167 64
is_linear=0
shrinkage=0.05


Tree=76
num_leaves=8
num_cat=0
split_feature=1 5 5 16 10 14 6
split_gain=0.473447 0.384772 1.47125 0.376857 0.443105 0.528872 0.71474
threshold=-0.045684603153786633 0.013262455999295259 0.013782561454225907 -0.0050501877008752851 0.0087442348777118113 -0.0022749768251851816 0.51282030412280355
decision_type=2 2 2 2 2 2 2
left_child=-1 -2 -3 -4 5 -5 -7
right_child=1 2 3 4 -6 6 -8
leaf_value=-1.7071752611793067e-05 4.4497940436029375e-05 -0.00043953197985531169 0.0001771549447424658 -3.428034338507192e-05 0.00021886972174433618 0.00010778749901881437 -0.00026425447342894791
leaf_weight=94 127 30 124 160 68 108 40
leaf_count=94 127 30 124 160 68 108 40
internal_value=0.000872171 0.00134703 0.000754717 0.0014 0.000611702 -0.000194805 0.00195946
internal_weight=751 657 530 500 376 308 148
internal_count=751 657 530 500 376 308 148
is_linear=0
shrinkage=0.05


Tree=77
num_leaves=8
num_cat=0
split_feature=8 4 6 5 9 7 14
split_gain=0.616598 0.531865 0.46165 0.447287 0.533286 0.453914 0.516535
threshold=0.029874446220112375 0.022449508841534169 -0.78661534579181502 0.017417366729174152 0.10641741421839547 0.0086296363559387208 0.018846539562811352
decision_type=10 2 2 2 8 2 2
left_child=1 -1 -3 4 -4 6 -5
right_child=-2 2 3 5 -6 -7 -8
leaf_value=-5.0082790658212227e-05 5.2574677748044585e-05 6.3142099123538397e-05 -3.338118196553989e-06 2.5563979247919121e-05 2.1115922347100782e-05 -0.00024288435038385812 -0.0010568464419032119
leaf_weight=31 352 98 34 71 97 26 43
leaf_count=31 352 98 34 71 97 26 43
internal_value=0.00134309 1.86265e-10 0.000528455 -0.000535055 0.00156489 -0.0025 -0.00114035
internal_weight=752 400 369 271 131 140 114
internal_count=752 400 369 271 131 140 114
is_linear=0
shrinkage=0.05


Tree=78
num_leaves=8
num_cat=0
split_feature=1 14 1 12 14 5 4
split_gain=0.494177 0.5 0.435424 0.902738 1.42055 0.333623 0.596238
threshold=0.071235070062898434 -0.0054293361358405115 -0.023023126990721451 0.018681832940772639 -0.01786915050429105 0.016079031984920222 0.026474149327359083
decision_type=2 2 2 2 2 2 2
left_child=2 -2 3 -1 -5 -4 -7
right_child=1 -3 5 4 -6 6 -8
leaf_value=4.966250886788127e-05 -6.1220248692677264e-05 8.4633088305139677e-06 0.00010352204470332884 -1.9237128507442662e-05 3.1657249073033593e-05 -7.3059474132440753e-05 2.3830985680376299e-05
leaf_weight=131 25 25 252 25 41 48 191
leaf_count=131 25 25 252 25 41 48 191
internal_value=0.000799458 -0.004 0.00114826 -0.000837563 -0.00560606 0.00194501 0.000606695
internal_weight=738 50 688 197 66 491 239
internal_count=738 50 688 197 66 491 239
is_linear=0
shrinkage=0.05


Tree=79
num_leaves=8
num_cat=0
split_feature=2 2 6 3 3 0 0
split_gain=0.426901 0.499221 0.549626 0.318062 0.300661 0.467054 0.869399
threshold=0.023429187107785191 0.11441231461424663 -0.28173781615758325 0.00081752017952430045 -0.012888730614732445 -0.0058118532375888146 -0.0019034808836715931
decision_type=2 2 2 2 2 2 2
left_child=4 -2 3 -3 -1 -6 -7
right_child=1 2 -4 -5 5 6 -8
leaf_value=-0.00057040740546694375 0.00018482447375249556 -9.6444256401664969e-05 5.366386798212324e-05 -3.3540336137243244e-06 2.7149134288256124e-05 -5.7852555962303031e-05 1.5215255119623964e-06
leaf_weight=51 218 27 78 28 117 39 194
leaf_count=51 218 27 78 28 117 39 194
internal_value=0.00087766 0.002151 -0.000263158 -0.00409091 -0.000236908 0.000285714 -0.00100858
internal_weight=752 351 133 55 401 350 233
internal_count=752 351 133 55 401 350 233
is_linear=0
shrinkage=0.05


end of trees

feature_importances:
ret_5d=72
overnight_gap=58
dist_ma200=43
dvol_z_20=40
spy_ret_20d=40
spy_ret_5d=33
sector_ret_5d=32
parkinson_20=31
atr_pct=30
spy_ret_1d=29
dist_ma50=28
vix_chg_1d=27
sector_ret_1d=26
ret_20d=22
vix_level=18
ret_1d=17
dist_ma20=14

parameters:
[boosting: gbdt]
[objective: quantile]
[metric: quantile]
[tree_learner: serial]
[device_type: cpu]
[data_sample_strategy: bagging]
[data: ]
[valid: ]
[num_iterations: 80]
[learning_rate: 0.05]
[num_leaves: 8]
[num_threads: 1]
[seed: 0]
[deterministic: 0]
[force_col_wise: 1]
[force_row_wise: 0]
[histogram_pool_size: -1]
[max_depth: -1]
[min_data_in_leaf: 25]
[min_sum_hessian_in_leaf: 0.001]
[bagging_fraction: 0.9]
[pos_bagging_fraction: 1]
[neg_bagging_fraction: 1]
[bagging_freq: 1]
[bagging_seed: 3]
[bagging_by_query: 0]
[feature_fraction: 0.9]
[feature_fraction_bynode: 1]
[feature_fraction_seed: 2]
[extra_trees: 0]
[extra_seed: 6]
[early_stopping_round: 0]
[early_stopping_min_delta: 0]
[first_metric_only: 0]
[max_delta_step: 0]
[lambda_l1: 0]
[lambda_l2: 0]
[linear_lambda: 0]
[min_gain_to_split: 0]
[drop_rate: 0.1]
[max_drop: 50]
[skip_drop: 0.5]
[xgboost_dart_mode: 0]
[uniform_drop: 0]
[drop_seed: 4]
[top_rate: 0.2]
[other_rate: 0.1]
[min_data_per_group: 100]
[max_cat_threshold: 32]
[cat_l2: 10]
[cat_smooth: 10]
[max_cat_to_onehot: 4]
[top_k: 20]
[monotone_constraints: ]
[monotone_constraints_method: basic]
[monotone_penalty: 0]
[feature_contri: ]
[forcedsplits_filename: ]
[refit_decay_rate: 0.9]
[cegb_tradeoff: 1]
[cegb_penalty_split: 0]
[cegb_penalty_feature_lazy: ]
[cegb_penalty_feature_coupled: ]
[path_smooth: 0]
[interaction_constraints: ]
[verbosity: -1]
[saved_feature_importance_type: 0]
[use_quantized_grad: 0]
[num_grad_quant_bins: 4]
[quant_train_renew_leaf: 0]
[stochastic_rounding: 1]
[linear_tree: 0]
[max_bin: 255]
[max_bin_by_feature: ]
[min_data_in_bin: 3]
[bin_construct_sample_cnt: 200000]
[data_random_seed: 1]
[is_enable_sparse: 1]
[enable_bundle: 1]
[use_missing: 1]
[zero_as_missing: 0]
[feature_pre_filter: 1]
[pre_partition: 0]
[two_round: 0]
[header: 0]
[label_column: ]
[weight_column: ]
[group_column: ]
[ignore_column: ]
[categorical_feature: ]
[forcedbins_filename: ]
[precise_float_parser: 0]
[parser_config_file: ]
[objective_seed: 5]
[num_class: 1]
[is_unbalance: 0]
[scale_pos_weight: 1]
[sigmoid: 1]
[boost_from_average: 1]
[reg_sqrt: 0]
[alpha: 0.1]
[fair_c: 1]
[poisson_max_delta_step: 0.7]
[tweedie_variance_power: 1.5]
[lambdarank_truncation_level: 30]
[lambdarank_norm: 1]
[label_gain: ]
[lambdarank_position_bias_regularization: 0]
[eval_at: ]
[multi_error_top_k: 1]
[auc_mu_weights: ]
[num_machines: 1]
[local_listen_port: 12400]
[time_out: 120]
[machine_list_filename: ]
[machines: ]
[gpu_platform_id: -1]
[gpu_device_id: -1]
[gpu_device_id_list: ]
[gpu_use_dp: 0]
[num_gpu: 1]

end of parameters

pandas_categorical:[]
