tree
version=v4
num_class=1
num_tree_per_iteration=1
label_index=0
max_feature_idx=16
objective=quantile
feature_names=ret_1d ret_5d ret_20d overnight_gap atr_pct parkinson_20 dvol_z_20 dist_ma20 dist_ma50 dist_ma200 spy_ret_1d spy_ret_5d spy_ret_20d vix_level vix_chg_1d sector_ret_1d sector_ret_5d
feature_infos=[-0.10406091370558379:0.084758364312267798] [-0.12690355329949243:0.16652173913043478] [-0.16599394550958624:0.22188841201716736] [-0.054804804804804874:0.0733240223463687] [0.011313600782778875:0.05203705098275474] [0.0078511363995988712:0.056459191625164919] [-2.3665695177258832:4.2441390405452335] [-0.12737826507578209:0.12989917219192582] [-0.15978969785704766:0.15761210347765986] [-0.14618840497619523:0.30240206730486863] [-0.058542947643003718:0.10501933612632941] [-0.11496158439845272:0.082843216242346029] [-0.12265592443394913:0.15756596870864792] [11.859999656677246:52.330001831054688] [-0.35753873962348437:0.74039073966007019] [-0.057278720415000484:0.088354812492743573] [-0.10755362138638491:0.081588053177927611]
tree_sizes=845 857 855 866 863 859 870 856 844 861 858 853 864 858 845 862 862 860 858 857 859 855 855 860 850 855 856 849 864 851 855 857 850 868 857 855 849 859 867 863 853 833 848 862

Tree=0
num_leaves=8
num_cat=0
split_feature=6 12 9 9 15 6 2
split_gain=2.75517 2.26343 2.14988 1.77216 1.69387 2.3964 2.26132
threshold=-0.58198958877369333 0.045280709361418599 0.19065156909524142 0.21991662255022618 0.0044870713032003637 1.666097958599807 -0.032330298096444159
decision_type=2 2 8 8 2 2 2
left_child=1 -1 4 -4 5 -2 -6
right_child=2 -3 3 -5 6 -7 -8
leaf_value=-0.0070026188390329477 -0.0071511189453303814 -0.007207740726880729 -0.0073755487566813825 -0.0072030923794955013 -0.007120339712128043 -0.0068578324047848579 -0.0069454988930374387
leaf_weight=191 197 48 32 139 26 29 88
leaf_count=191 197 48 32 139 26 29 88
internal_value=-0.00702134 -0.0025901 -0.00909388 -0.013667 -0.00679389 -0.0093004 -0.00182485
internal_weight=750 239 511 171 340 226 114
internal_count=750 239 511 171 340 226 114
is_linear=0
shrinkage=1


Tree=1
num_leaves=8
num_cat=0
split_feature=9 8 0 13 13 5 7
split_gain=1.89393 1.79911 1.45528 1.69558 3.82829 1.75402 1.37149
threshold=0.20358077888247353 0.082637971634205179 0.016715320570162676 14.765000343322756 13.085000038146974 0.0094831690865017863 -0.004895211140544308
decision_type=8 10 2 2 2 2 2
left_child=1 2 3 4 -1 -5 -7
right_child=-2 -3 -4 5 -6 6 -8
leaf_value=-2.6540962280705582e-05 -7.9636009177193071e-05 -0.00023580127279274168 -6.4692157320678237e-05 -0.00017414225614629687 0.00019658175995573404 -3.8201150018721833e-05 7.4431846151128405e-05
leaf_weight=58 224 26 35 36 83 127 145
leaf_count=58 224 26 35 36 83 127 145
internal_value=-0.000408719 0.00127451 0.00196281 0.00272829 0.0072695 0.000649351 0.00202206
internal_weight=734 510 484 449 141 308 272
internal_count=734 510 484 449 141 308 272
is_linear=0
shrinkage=0.05


Tree=2
num_leaves=8
num_cat=0
split_feature=6 12 9 12 13 8 8
split_gain=3.75193 2.74854 2.02783 2.06793 2.0589 1.86831 1.83732
threshold=-0.58198958877369333 0.045280709361418599 0.18739181452059886 0.0066896649330910893 12.765000343322756 0.074968145284696433 0.079220579507311109
decision_type=2 2 8 2 2 10 8
left_child=1 6 3 -2 -5 -4 -1
right_child=2 -3 5 4 -6 -7 -8
leaf_value=0.00013170108047779648 -0.0001227706031058915 -0.00011663009191397578 -0.00018712487648008392 -0.00016306570189772172 8.0116224591620302e-05 2.0882792945485553e-05 -7.2390114015433938e-05
leaf_weight=165 97 45 140 30 205 42 25
leaf_count=165 97 45 140 30 205 42 25
internal_value=-0.000233645 0.005 -0.00262646 -0.000301205 0.00223404 -0.00686813 0.00763158
internal_weight=749 235 514 332 235 182 190
internal_count=749 235 514 332 235 182 190
is_linear=0
shrinkage=0.05


Tree=3
num_leaves=8
num_cat=0
split_feature=8 6 10 9 10 12 4
split_gain=2.39376 2.43906 2.51656 1.87637 2.14742 2.30101 1.84037
threshold=0.1134670983387447 -0.54855142801141865 0.0052131672495069345 0.13035494494888403 -0.00025977690608347531 -0.0066426429034430181 0.024080805985054337
decision_type=8 2 2 8 2 2 2
left_child=1 -1 3 4 5 -3 -5
right_child=-2 2 -4 6 -6 -7 -8
leaf_value=6.6178162075811962e-05 -0.00022422043280967047 -0.00029294808185368313 6.7877665731066385e-05 -0.00012769260105560532 -0.0001188469799773884 0.00016350267007073853 9.2461702850414447e-06
leaf_weight=225 49 29 142 114 72 77 35
leaf_count=225 49 29 142 114 72 77 35
internal_value=-3.36474e-05 0.000720461 -0.00133262 -0.00374618 -0.000280899 0.00424528 -0.00788591
internal_weight=743 694 469 327 178 106 149
internal_count=743 694 469 327 178 106 149
is_linear=0
shrinkage=0.05


Tree=4
num_leaves=8
num_cat=0
split_feature=6 15 0 1 16 12 9
split_gain=2.35035 1.63096 2.39025 2.03495 1.66051 2.61019 1.59993
threshold=-0.55788226437660571 -0.0074162979340176563 -0.019191811711936565 0.02260961994093014 -0.0012739859428193554 -0.0072815226745224218 0.19065156909524142
decision_type=2 2 2 2 2 2 8
left_child=-1 4 -3 6 5 -2 -4
right_child=1 2 3 -5 -6 -7 -8
leaf_value=6.1038995565322653e-05 -0.00029949887636743374 0.00019813379337931111 -1.4410923087889425e-05 6.7998199813591774e-05 -0.00047198313232096553 6.7717188564711265e-05 -0.0001979225057236181
leaf_weight=239 29 40 184 106 28 38 82
leaf_count=239 29 40 184 106 28 38 82
internal_value=0.000201072 -0.00172584 -0.000364078 -0.0016129 -0.00763158 -0.00335821 -0.00394737
internal_weight=746 507 412 372 95 67 266
internal_count=746 507 412 372 95 67 266
is_linear=0
shrinkage=0.05


Tree=5
num_leaves=8
num_cat=0
split_feature=8 6 10 10 12 4 4
split_gain=2.21843 1.93983 2.62294 1.91049 2.06425 1.56703 1.90246
threshold=0.1134670983387447 -0.52323486548870712 0.0052131672495069345 0.0028970492937452357 -0.0077541062485576564 0.01745400407289802 0.023336951770012351
decision_type=8 2 2 2 2 2 2
left_child=1 -1 3 4 -3 -4 -7
right_child=-2 2 5 -5 -6 6 -8
leaf_value=7.0028253713870077e-05 -0.00019938871550358815 -0.00027627192647269302 -7.965309193184475e-05 -9.9439264572571094e-05 -5.0921930844194906e-07 0.00013648146718502538 -5.9344952292462056e-05
leaf_weight=233 46 62 48 41 213 60 34
leaf_count=233 46 62 48 41 213 60 34
internal_value=-0.000237449 0.000470333 -0.00141921 -0.0039557 -0.00245455 0.00422535 0.00797872
internal_weight=737 691 458 316 275 142 94
internal_count=737 691 458 316 275 142 94
is_linear=0
shrinkage=0.05


Tree=6
num_leaves=8
num_cat=0
split_feature=6 10 10 12 12 3 10
split_gain=3.29812 2.73611 2.8889 2.07026 1.74271 2.40301 1.82403
threshold=-0.54855142801141865 0.0052131672495069345 0.0012830359695055196 0.045280709361418599 -0.0026166681708668089 -0.0040180350229058739 -0.0018713980649029403
decision_type=2 2 2 2 2 2 2
left_child=3 2 4 -1 -2 -6 -7
right_child=1 -3 -4 -5 5 6 -8
leaf_value=7.4092838103466058e-05 -0.00018095765180864242 5.7143960941545884e-05 -0.00016190655591152703 -0.00013106967561826821 0.00014468877715477813 2.4001757082413877e-05 -0.0001292881695816759
leaf_weight=196 84 150 80 48 34 90 64
leaf_count=196 84 150 80 48 34 90 64
internal_value=-0.000670241 -0.00298805 -0.00539773 0.00409836 -0.00294118 -0.000265957 -0.00292208
internal_weight=746 502 352 244 272 188 154
internal_count=746 502 352 244 272 188 154
is_linear=0
shrinkage=0.05


Tree=7
num_leaves=8
num_cat=0
split_feature=6 15 6 9 1 1 12
split_gain=2.1331 2.19347 2.32899 2.50242 1.89766 1.7225 1.42305
threshold=-0.53189407924634968 -0.0074162979340176563 0.62913364845259723 0.13407420222510461 0.02260961994093014 0.037293059714602624 -0.0072815226745224218
decision_type=2 2 2 10 2 2 2
left_child=-1 6 4 -4 -3 -6 -2
right_child=1 2 3 -5 5 -7 -8
leaf_value=5.0669639271474168e-05 -0.00027022499034159021 -0.00010762967850726508 0.00014218985511963301 -2.7906738397610444e-05 0.00016964525100707985 -9.9790287421051361e-05 -7.8198980504696436e-05
leaf_weight=252 40 206 94 29 39 28 57
leaf_count=252 40 206 94 29 39 28 57
internal_value=-0.000369128 -0.00228195 -0.000631313 0.0050813 -0.00320513 0.00410448 -0.00902062
internal_weight=745 493 396 123 273 67 97
internal_count=745 493 396 123 273 67 97
is_linear=0
shrinkage=0.05


Tree=8
num_leaves=8
num_cat=0
split_feature=8 8 4 4 9 11 4
split_gain=2.38722 3.11535 2.83131 1.78329 1.59683 1.58759 1.543
threshold=0.039008528542858863 -0.0067772663966890181 0.021357363938410329 0.016474935045918338 0.17822087502077669 0.017946069561085468 0.020694658418222527
decision_type=8 10 2 2 8 2 2
left_child=1 3 5 -1 -4 -3 -5
right_child=-2 2 4 6 -6 -7 -8
leaf_value=-9.8640053233237958e-05 -4.6750089703895229e-05 0.00011625501059869863 0.00010797926735487559 6.7854714234719034e-05 -0.00036408439855163774 0.00017727546539798937 -6.8333982120618255e-05
leaf_weight=46 264 135 44 106 27 38 104
leaf_count=46 264 135 44 106 27 38 104
internal_value=-0.00013089 0.0019 0.00594262 -0.00195312 -0.00246479 0.00939306 0
internal_weight=764 500 244 256 71 173 210
internal_count=764 500 244 256 71 173 210
is_linear=0
shrinkage=0.05


Tree=9
num_leaves=8
num_cat=0
split_feature=15 0 8 12 13 7 11
split_gain=1.92242 2.5835 1.75111 1.55289 1.82635 1.54627 2.70101
threshold=-0.0074162979340176563 -0.019191811711936565 0.11565116514141484 0.021636027658746174 17.394999504089359 -0.0049864586331677665 -0.0058457898138861699
decision_type=2 2 8 2 2 2 2
left_child=3 -2 5 4 -1 6 -3
right_child=1 2 -4 -5 -6 -7 -8
leaf_value=-0.00012422951913146875 0.00021189629587069618 0.00011843041553899338 -0.00030568461327778193 5.5466802669190121e-06 -0.00013517856602382204 3.3012318363495392e-05 -0.00011099693193095188
leaf_weight=26 38 45 28 50 61 358 138
leaf_count=26 38 45 28 50 61 358 138
internal_value=-0.000672043 0.00053542 -0.000307557 -0.0060219 -0.0100575 0.000323475 -0.0034153
internal_weight=744 607 569 137 87 541 183
internal_count=744 607 569 137 87 541 183
is_linear=0
shrinkage=0.05


Tree=10
num_leaves=8
num_cat=0
split_feature=9 1 2 16 16 2 8
split_gain=2.28554 1.82751 2.59876 1.79865 2.5726 1.57788 1.6544
threshold=0.18325223857643871 -0.016127724911358162 0.07410448363665724 0.025644723182959187 0.014202499347618082 -0.052985504901043971 0.040247478903619134
decision_type=8 2 2 2 2 2 10
left_child=1 -1 5 4 -2 -3 -7
right_child=3 2 -4 -5 -6 6 -8
leaf_value=-2.9764746012908009e-05 -7.9448797051296738e-05 -0.00013175171046440269 -0.00012662163522050306 -0.000211642663559024 6.9174810008378187e-05 0.00011369941204724581 2.8329594058117052e-06
leaf_weight=129 159 25 35 57 48 209 87
leaf_count=129 159 25 35 57 48 209 87
internal_value=-0.000233645 0.00180412 0.00365169 -0.00397727 -0.00181159 0.00506231 0.00608108
internal_weight=749 485 356 264 207 321 296
internal_count=749 485 356 264 207 321 296
is_linear=0
shrinkage=0.05


Tree=11
num_leaves=8
num_cat=0
split_feature=6 0 1 6 9 1 11
split_gain=1.69393 1.54411 1.6403 2.39791 2.21876 1.88087 1.74956
threshold=-0.58198958877369333 -0.017975557180615883 0.02260961994093014 0.35967435775556855 0.13035494494888403 0.036881308360770755 0.0065559076404506653
decision_type=2 2 2 2 8 2 2
left_child=-1 -2 6 5 -5 -4 -3
right_child=1 2 3 4 -6 -7 -8
leaf_value=4.7554167271148754e-05 0.00011741924794914164 -1.7383128828512077e-05 0.00017078072822599699 3.4161751957158609e-05 -0.00016298679194732413 -1.1268438014377545e-05 -0.00012387145642995111
leaf_weight=241 51 183 38 33 30 31 140
leaf_count=241 51 183 38 33 30 31 140
internal_value=-0.00023427 -0.00187747 -0.0028022 0.00189394 -0.00515873 0.00833333 -0.00472136
internal_weight=747 506 455 132 63 69 323
internal_count=747 506 455 132 63 69 323
is_linear=0
shrinkage=0.05


Tree=12
num_leaves=8
num_cat=0
split_feature=6 12 15 9 9 8 10
split_gain=1.84634 2.47359 1.22506 1.39624 2.33309 1.66978 1.59772
threshold=-0.59489906927118785 0.045280709361418599 -0.0074162979340176563 0.19065156909524142 0.21739945571524136 -0.044735220945518732 -0.0016894208297127398
decision_type=2 2 2 8 8 10 2
left_child=1 -1 -2 6 -5 -6 -4
right_child=2 -3 3 4 5 -7 -8
leaf_value=8.1422331036056959e-05 -0.00011360323507668726 -0.00015752620446787409 0.00015422265578082567 -0.0002580436372673492 -0.00016880725459725898 2.6364821987322684e-05 -1.624718834128047e-05
leaf_weight=178 96 45 62 25 45 64 219
leaf_count=178 96 45 62 25 45 64 219
internal_value=-0.000544959 0.00325112 -0.00220157 -0.0010241 -0.00522388 -0.00206422 0.000978648
internal_weight=734 223 511 415 134 109 281
internal_count=734 223 511 415 134 109 281
is_linear=0
shrinkage=0.05


Tree=13
num_leaves=8
num_cat=0
split_feature=1 15 10 6 1 8 13
split_gain=1.47671 1.4356 2.47475 1.75124 2.32663 3.1105 1.61538
threshold=0.057569905189007627 0.016580623285313848 0.0059228912076465532 -0.58198958877369333 0.02260961994093014 0.039008528542858863 20.060000419616703
decision_type=2 2 2 2 2 8 2
left_child=1 2 3 -1 5 6 -5
right_child=-2 -3 -4 4 -6 -7 -8
leaf_value=5.134455470365458e-05 -0.0002633290777309222 -0.00016045827131100878 9.3932296274253226e-05 -3.6446376484250462e-05 8.4663032571691017e-05 -0.00030447405668904457 0.00015921539799452144
leaf_weight=173 26 35 153 179 80 68 31
leaf_count=173 26 35 153 179 80 68 31
internal_value=0.000167785 0.000591099 0.00109649 -0.000517891 -0.00251397 -0.00467626 -0.00166667
internal_weight=745 719 684 531 358 278 210
internal_count=745 719 684 531 358 278 210
is_linear=0
shrinkage=0.05


Tree=14
num_leaves=8
num_cat=0
split_feature=8 8 2 3 4 4 16
split_gain=1.88379 2.24198 1.96881 1.95885 1.90345 2.06869 1.3764
threshold=-0.039622429847352418 0.039008528542858863 -0.10806752167416205 -0.00077379799114740677 0.017980352845644105 0.020786792982859542 -0.0035981408976096803
decision_type=10 10 2 2 2 2 2
left_child=2 3 -1 4 -2 -6 -4
right_child=1 -3 6 -5 5 -7 -8
leaf_value=5.6870044351999954e-05 -0.0001578120636554966 -2.174806359999909e-05 -5.5035514895108479e-06 0.0001079345615441787 0.00015397323939363963 -5.6717750808960108e-05 -0.00015235222498590303
leaf_weight=27 58 220 64 184 36 44 86
leaf_count=27 58 220 64 184 36 44 86
internal_value=0.000382476 0.00184502 -0.00409605 0.00450311 0 0.005 -0.00633333
internal_weight=719 542 177 322 138 80 150
internal_count=719 542 177 322 138 80 150
is_linear=0
shrinkage=0.05


Tree=15
num_leaves=8
num_cat=0
split_feature=10 15 2 3 4 9 12
split_gain=1.53127 1.93772 1.46788 1.46292 1.96909 1.29128 2.21294
threshold=0.0053455325599094392 0.017287055016336986 -0.043852782940961614 -0.0013708251023538118 0.019862386581555303 0.20358077888247353 0.0037861814309102519
decision_type=2 2 2 2 2 8 2
left_child=5 2 -2 4 -4 6 -1
right_child=1 -3 3 -5 -6 -7 -8
leaf_value=-9.4608058180465152e-05 -6.6235469135583766e-05 -0.00011798664592928405 -0.00023219384348867065 0.00012127390092321394 0.00012081923966683698 -7.0463108240755544e-05 2.6846527198369412e-05
leaf_weight=99 39 30 25 87 30 167 266
leaf_count=99 39 30 25 87 30 167 266
internal_value=-0.000168237 0.00343602 0.00538674 0.00774648 0.00136364 -0.00159774 6.84932e-05
internal_weight=743 211 181 142 55 532 365
internal_count=743 211 181 142 55 532 365
is_linear=0
shrinkage=0.05


Tree=16
num_leaves=8
num_cat=0
split_feature=11 8 8 2 3 7 2
split_gain=1.65566 2.43944 1.76207 1.37426 1.34805 1.33921 1.40497
threshold=0.010968315958417631 -0.031821973063010871 0.023357116037445506 -0.066477272727272704 -0.0027408991163206937 -0.030385625733953533 -0.016133712533458296
decision_type=2 10 10 2 2 2 2
left_child=5 3 -3 -2 -4 -1 -7
right_child=1 2 4 -5 -6 6 -8
leaf_value=5.8623644910238071e-05 5.2549024851967318e-06 0.0001266885663041114 6.4269051264933627e-05 -0.00041302119172991337 -1.8945528648013893e-05 -9.1422798727524909e-05 -1.1215983759881162e-05
leaf_weight=83 32 89 26 30 87 101 309
leaf_count=83 32 89 26 30 87 101 309
internal_value=-0.000165125 0.0030303 0.00569307 -0.00564516 0.00154867 -0.00187627 -0.00304878
internal_weight=757 264 202 62 113 493 410
internal_count=757 264 202 62 113 493 410
is_linear=0
shrinkage=0.05


Tree=17
num_leaves=8
num_cat=0
split_feature=10 8 10 10 15 6 6
split_gain=1.886 1.67697 1.86826 2.029 2.82305 1.79155 1.87617
threshold=-0.009254911904007011 0.1134670983387447 -0.0016894208297127398 0.0049263668881139875 0.016580623285313848 0.050453104726693641 0.82304124877109419
decision_type=2 8 2 2 2 2 2
left_child=-1 2 -2 5 -5 -4 -7
right_child=1 -3 3 4 -6 6 -8
leaf_value=-9.614854194419578e-05 7.7714768206686369e-05 -0.00014061159074094226 -3.6635681404451234e-06 7.4007808022817341e-05 -0.00022008472254777796 -0.00024906873102449075 -1.3840083754002443e-05
leaf_weight=78 170 34 173 185 27 43 36
leaf_count=78 170 34 173 185 27 43 36
internal_value=-0.000335121 0.000523952 0.0011041 -0.000538793 0.00306604 -0.00357143 -0.00981013
internal_weight=746 668 634 464 212 252 79
internal_count=746 668 634 464 212 252 79
is_linear=0
shrinkage=0.05


Tree=18
num_leaves=8
num_cat=0
split_feature=8 15 6 0 4 2 11
split_gain=2.26627 1.15737 2.23579 2.04474 2.07408 2.64902 2.17907
threshold=0.11565116514141484 -0.0074162979340176563 -0.10423202422460574 -0.021947902158459761 0.024772213158763105 -0.0053248119542894648 -0.010042466881963584
decision_type=8 2 2 2 2 2 2
left_child=1 2 -1 -3 6 -6 -5
right_child=-2 3 -4 4 5 -7 -8
leaf_value=4.5383738476294495e-05 -0.00021519545466877778 0.00020001242752986658 -0.00023372083285441334 9.5655394698959502e-05 -0.00018247115334719548 2.9353740991597398e-05 8.0821773609292963e-06
leaf_weight=53 43 29 73 61 41 33 420
leaf_count=53 43 29 73 61 41 33 420
internal_value=9.96016e-05 0.000774648 -0.00357143 0.00171233 0.00103604 -0.00675676 0.00223493
internal_weight=753 710 126 584 555 74 481
internal_count=753 710 126 584 555 74 481
is_linear=0
shrinkage=0.05


Tree=19
num_leaves=8
num_cat=0
split_feature=8 7 8 9 5 9 8
split_gain=1.50188 2.66524 1.68163 1.71589 1.65962 2.03619 1.62317
threshold=0.040774239509705164 0.023093659583524277 0.074057657101257904 0.13035494494888403 0.014989779777025878 0.093008329013750349 0.087289184803579625
decision_type=8 2 10 8 2 10 10
left_child=1 4 3 -2 5 -1 -4
right_child=2 -3 6 -5 -6 -7 -8
leaf_value=-1.4003470911271629e-06 -4.8626449194517056e-06 0.00016165350106867832 0.00012774561576614469 -0.00010672733304592318 -0.00010864624676176006 0.00010565889820229307 -3.8065884984460601e-05
leaf_weight=296 71 41 28 85 52 107 59
leaf_count=296 71 41 28 85 52 107 59
internal_value=0.000236806 0.00181452 -0.00298354 -0.00608974 0.000714286 0.00179901 0.00258621
internal_weight=739 496 243 156 455 403 87
internal_count=739 496 243 156 455 403 87
is_linear=0
shrinkage=0.05


Tree=20
num_leaves=8
num_cat=0
split_feature=15 13 0 7 9 13 9
split_gain=1.63385 1.3439 1.2624 1.64436 1.71423 2.26631 1.9702
threshold=-0.0074162979340176563 16.675000190734867 -0.021947902158459761 -0.0061115096428941964 0.13035494494888403 13.174999713897707 0.16423964459038545
decision_type=2 2 2 2 8 2 8
left_child=1 -1 -2 -4 5 -5 -6
right_child=2 -3 3 4 6 -7 -8
leaf_value=-0.00013276632818710001 0.00016552802698366247 -1.4016411612414386e-05 -4.4797172719508121e-05 -2.2397034660998724e-05 -8.5720958663398569e-05 8.1369780758917953e-05 1.4518680508268483e-06
leaf_weight=46 29 96 187 59 32 155 147
leaf_count=46 29 96 187 59 32 155 147
internal_value=-9.98668e-05 -0.00492958 0.00102627 0.000517241 0.00235369 0.00537383 -0.00125698
internal_weight=751 142 609 580 393 214 179
internal_count=751 142 609 580 393 214 179
is_linear=0
shrinkage=0.05


Tree=21
num_leaves=8
num_cat=0
split_feature=3 3 2 1 14 7 7
split_gain=1.31344 1.3708 2.07532 1.7634 1.64058 1.77155 2.24417
threshold=0.010395385780519796 -0.0010214600514172887 0.054164512270759364 0.024160319651820864 0.10157519013318318 -0.012772841334911021 -0.030385625733953533
decision_type=2 2 2 2 2 2 2
left_child=1 -1 4 -4 5 6 -3
right_child=-2 2 3 -5 -6 -7 -8
leaf_value=-1.2805971884816224e-05 -0.00031086627030499673 5.7367228423976574e-05 -9.4861586050015197e-05 2.1862903324194883e-05 -0.00020752071766058601 0.00010252746848431246 -8.3274959250421922e-05
leaf_weight=311 25 54 44 41 26 194 53
leaf_count=311 25 54 44 41 26 194 53
internal_value=0.00026738 0.000656985 0.00254854 -0.00441176 0.0043578 0.00539867 0.000233645
internal_weight=748 723 412 85 327 301 107
internal_count=748 723 412 85 327 301 107
is_linear=0
shrinkage=0.05


Tree=22
num_leaves=8
num_cat=0
split_feature=8 10 15 14 12 15 15
split_gain=2.24618 1.32362 1.89556 1.69998 1.59994 1.58726 1.39636
threshold=0.1134670983387447 0.0060647119333787644 0.016580623285313848 -0.041613677684134036 -0.0059221070934643008 0.0061874209344676698 0.0090400762277101938
decision_type=8 2 2 2 2 2 2
left_child=1 3 4 -1 -3 -5 -7
right_child=-2 2 -4 5 -6 6 -8
leaf_value=-5.0191488899031889e-05 -0.00017032353848527482 0.00016772015107815384 -0.00018210373924724767 -9.5868968751126675e-06 5.294956337235106e-05 0.00013044860337580504 -8.8059670706503891e-05
leaf_weight=55 42 33 29 422 106 30 25
leaf_count=55 42 33 29 422 106 30 25
internal_value=-0.000673854 0 0.00386905 -0.0012218 0.00629496 -0.000262055 0.00772727
internal_weight=742 700 168 532 139 477 55
internal_count=742 700 168 532 139 477 55
is_linear=0
shrinkage=0.05


Tree=23
num_leaves=8
num_cat=0
split_feature=6 3 12 13 5 9 2
split_gain=1.1402 1.3652 1.35376 1.20073 1.49265 1.25119 1.39714
threshold=-0.69789305366503729 0.0034516184046188285 -0.019977139710358579 22.930000305175785 0.0095369649530972576 0.27885953240926081 -0.073528632903012134
decision_type=2 2 2 2 2 8 2
left_child=1 2 -1 4 -2 6 -6
right_child=3 -3 -4 -5 5 -7 -8
leaf_value=6.0276842101670381e-05 -8.3535514573338711e-05 0.00014713181763590494 -4.619426498013663e-06 -0.00027031798442953345 -1.392960901264945e-05 -6.4161628997586693e-05 3.4440511833107529e-05
leaf_weight=26 78 32 127 52 30 104 302
leaf_count=26 78 32 127 52 30 104 302
internal_value=-0.000299601 0.00310811 0.00114379 -0.00141343 -0.000680934 0.000458716 0.00195783
internal_weight=751 185 153 566 514 436 332
internal_count=751 185 153 566 514 436 332
is_linear=0
shrinkage=0.05


Tree=24
num_leaves=8
num_cat=0
split_feature=3 5 5 7 5 13 16
split_gain=1.08516 1.65722 1.82229 1.59635 1.45089 1.69293 1.76129
threshold=0.000461178294059228 0.010047102664770413 0.010764994294442538 0.007968036476870723 0.0096199084303915418 17.615000724792484 0.0013600715316829384
decision_type=2 2 2 2 2 2 2
left_child=4 3 -3 -2 -1 -6 -7
right_child=1 2 -4 -5 5 6 -8
leaf_value=-0.00016287713061124759 0.00020076021422502988 -7.4447741390075133e-05 1.16000457055451e-05 0.00011578632240352837 2.9457006668330438e-05 8.7958147889798024e-07 -0.00020460839765551984
leaf_weight=52 38 44 218 33 224 78 62
leaf_count=52 38 44 218 33 224 78 62
internal_value=-0.000100134 0.00202703 0.00019084 0.00880282 -0.00180288 -0.000686813 -0.005
internal_weight=749 333 262 71 416 364 140
internal_count=749 333 262 71 416 364 140
is_linear=0
shrinkage=0.05


Tree=25
num_leaves=8
num_cat=0
split_feature=8 1 6 7 9 13 5
split_gain=1.1301 1.06227 1.73516 1.90968 1.59196 2.04921 1.52084
threshold=0.1134670983387447 0.02260961994093014 -0.58909580832086439 0.0073192974924937157 0.13035494494888403 15.784999847412111 0.0094417467146032056
decision_type=8 2 2 2 8 2 2
left_child=1 2 -1 6 -3 -6 -4
right_child=-2 4 3 -5 5 -7 -8
leaf_value=3.6285282107758407e-05 -8.8369567918567243e-05 8.9185521407366902e-05 -0.00010612138429718271 -9.068946313807326e-05 -0.00016210800519760333 4.7213561044364731e-05 1.0304269135626957e-05
leaf_weight=176 51 83 36 117 25 49 220
leaf_count=176 51 83 36 117 25 49 220
internal_value=-0.000165125 0.000354108 -0.00068306 -0.00261394 0.00398089 -0.00135135 -0.000195313
internal_weight=757 706 549 373 157 74 256
internal_count=757 706 549 373 157 74 256
is_linear=0
shrinkage=0.05


Tree=26
num_leaves=8
num_cat=0
split_feature=8 9 7 9 8 14 16
split_gain=1.51268 2.29503 1.88727 1.50127 1.42043 1.60959 1.86356
threshold=0.040354726593185848 0.030104149997548294 0.028624329333589053 0.21991662255022618 0.034427408501250818 0.015727597801877272 -0.0035981408976096803
decision_type=8 8 2 10 10 2 2
left_child=2 -2 4 -3 5 -1 -7
right_child=1 3 -4 -5 -6 6 -8
leaf_value=1.4447558051473723e-05 0.000170303918256263 -5.64369915021581e-05 0.00011453147944025565 4.3419544251608508e-05 8.4231203717854421e-05 5.4465341716075237e-05 -9.5963059200799512e-05
leaf_weight=292 34 173 25 34 27 68 84
leaf_count=292 34 173 25 34 27 68 84
internal_value=3.39213e-05 -0.00321577 0.0016129 -0.00519324 0.000902335 0.000225225 -0.00394737
internal_weight=737 241 496 207 471 444 152
internal_count=737 241 496 207 471 444 152
is_linear=0
shrinkage=0.05


Tree=27
num_leaves=8
num_cat=0
split_feature=1 13 15 6 5 1 0
split_gain=1.52715 1.39409 1.45936 2.19473 2.11287 2.47203 1.64847
threshold=0.05552221917000378 13.13000011444092 -0.0074162979340176563 -0.10423202422460574 0.017888986933497626 0.024160319651820864 -0.019191811711936565
decision_type=2 2 2 2 2 2 2
left_child=1 -1 3 -3 5 6 -4
right_child=-2 2 4 -5 -6 -7 -8
leaf_value=-0.00010522849673618123 -0.00022174690709844238 3.4869297807428594e-05 0.00012732942871965694 -0.00020437458484410338 -0.00011526247277400723 0.00013912175760962122 4.082120281267607e-06
leaf_weight=64 26 61 35 70 28 89 376
leaf_count=64 26 61 35 70 28 89 376
internal_value=0.000367156 0.000795297 0.00147951 -0.00324427 0.00265152 0.0034 0.00176399
internal_weight=749 723 659 131 528 500 411
internal_count=749 723 659 131 528 500 411
is_linear=0
shrinkage=0.05


Tree=28
num_leaves=8
num_cat=0
split_feature=11 3 15 12 11 12 12
split_gain=0.963515 2.14907 2.07072 1.81529 1.56828 1.57938 1.47309
threshold=0.010968315958417631 -0.0048515392935332682 0.0044049834430367482 0.035783081956657366 0.0070762605113673391 0.028749021538237555 0.0072856362379064574
decision_type=2 2 2 2 2 2 2
left_child=4 -2 3 6 -1 -6 -3
right_child=1 2 -4 -5 5 -7 -8
leaf_value=6.1724211830342318e-07 9.1352059798073505e-05 -0.00012211706285506025 7.0793985004307582e-05 -0.0001838668177517655 -1.5015583169419152e-05 -0.0002528794245871383 6.1139000206334324e-05
leaf_weight=423 39 25 107 45 34 39 52
leaf_count=423 39 25 107 45 34 39 52
internal_value=0.000196335 0.00261194 0.000764192 -0.00368852 -0.00110887 -0.00787671 0.000974026
internal_weight=764 268 229 122 496 73 77
internal_count=764 268 229 122 496 73 77
is_linear=0
shrinkage=0.05


Tree=29
num_leaves=8
num_cat=0
split_feature=0 9 7 5 15 1 16
split_gain=1.15832 1.38552 1.98688 2.00563 1.76787 1.73255 1.57394
threshold=-0.02258904049976795 0.088265607701891194 0.011960709814576644 0.011102297521893676 0.0022367922133481604 0.022146824889440867 0.03416642841192364
decision_type=2 10 2 2 2 2 2
left_child=-1 6 -3 4 -4 -5 -2
right_child=1 2 3 5 -6 -7 -8
leaf_value=0.00014889289723192653 -4.907355083304602e-06 7.7641916034262832e-05 -0.00016783955619739394 -6.904428284097556e-05 3.4151111029114781e-06 6.5431608798453711e-05 -0.0002614959770423956
leaf_weight=35 389 104 35 51 37 49 32
leaf_count=35 389 104 35 51 37 49 32
internal_value=0.000409836 -3.5868e-05 0.00271739 -0.000581395 -0.00694444 0.004 -0.00184086
internal_weight=732 697 276 172 72 100 421
internal_count=732 697 276 172 72 100 421
is_linear=0
shrinkage=0.05


Tree=30
num_leaves=8
num_cat=0
split_feature=0 8 3 3 1 14 8
split_gain=1.20216 1.22559 1.56169 2.5723 1.82828 1.66736 1.26955
threshold=-0.021947902158459761 -0.039622429847352418 0.0011284596675134042 -0.0048515392935332682 -0.016454871293581027 -0.0059106162699663059 0.0030346246319380436
decision_type=2 10 2 2 2 2 10
left_child=-1 2 3 -2 -4 -5 -3
right_child=1 6 4 5 -6 -7 -8
leaf_value=0.00014021096857619095 1.1796998447355725e-05 6.5191622849805836e-05 0.00014927396249975623 -3.8586914143885182e-05 -0.00013531122875892686 -0.00021955882693534294 -3.0113031629758723e-06
leaf_weight=37 31 130 29 32 34 40 405
leaf_count=37 31 130 29 32 34 40 405
internal_value=0 -0.000463623 -0.00421687 -0.00800971 0.00198413 -0.0131944 0.000700935
internal_weight=738 701 166 103 63 72 535
internal_count=738 701 166 103 63 72 535
is_linear=0
shrinkage=0.05


Tree=31
num_leaves=8
num_cat=0
split_feature=13 7 15 16 4 4 8
split_gain=1.52418 1.35788 2.31758 1.9169 1.2963 1.59091 1.25364
threshold=12.694999694824221 -0.0049864586331677665 -0.0074162979340176563 -0.0073762939729282708 0.023222116129801466 0.01796208557383332 0.038774560893452333
decision_type=2 2 2 2 2 2 8
left_child=-1 3 -3 4 5 -2 -4
right_child=1 2 6 -5 -6 -7 -8
leaf_value=-0.00013243022689870903 -1.2168733384592323e-06 -9.3476609129938056e-05 8.7399178964711575e-05 -4.5209407134740946e-05 -6.4337372678851393e-05 9.6359306270034714e-05 4.6641052860724525e-06
leaf_weight=38 30 67 182 180 45 33 163
leaf_count=38 30 67 182 180 45 33 163
internal_value=0.000542005 0.00107143 0.00291262 -0.0015625 0.0037037 0.00833333 0.00456522
internal_weight=738 700 412 288 108 63 345
internal_count=738 700 412 288 108 63 345
is_linear=0
shrinkage=0.05


Tree=32
num_leaves=8
num_cat=0
split_feature=13 9 9 13 13 15 16
split_gain=0.93099 0.998727 1.42119 2.53391 3.3804 1.815 1.80341
threshold=22.930000305175785 0.17192394361904065 0.079448975680605508 14.444999694824221 12.925000190734865 -0.0086123897367607043 -0.0035981408976096803
decision_type=2 10 8 2 2 2 2
left_child=1 2 3 4 -1 -5 -7
right_child=-2 -3 -4 5 -6 6 -8
leaf_value=-4.3079606901597246e-06 -0.00012739889551170312 3.5610773014684496e-05 -1.6164003648864654e-05 -8.4997498307074016e-05 0.00020088441138929556 5.8720354918466883e-05 -2.6952005440912771e-05
leaf_weight=32 69 99 350 25 41 55 80
leaf_count=32 69 99 350 25 41 55 80
internal_value=9.98668e-05 0.000659824 -0.000128645 0.002897 0.0106164 -0.000625 0.00166667
internal_weight=751 682 583 233 73 160 135
internal_count=751 682 583 233 73 160 135
is_linear=0
shrinkage=0.05


Tree=33
num_leaves=8
num_cat=0
split_feature=10 10 2 14 6 12 16
split_gain=0.891286 1.36464 2.82228 1.21377 1.18648 1.6969 2.23963
threshold=0.0059451726660438861 0.0014013952122059472 0.02239825071683477 -0.034475777702634207 -0.58909580832086439 -0.0086076797691169143 -0.015065826617370713
decision_type=2 2 2 2 2 2 2
left_child=1 4 -3 -4 -1 -6 -7
right_child=-2 2 3 -5 5 6 -8
leaf_value=5.3379566745800807e-05 3.4412871570134669e-05 -0.00011463625558641921 -0.00014790969165693357 0.00010457799401187274 -0.00019920150812131212 0.00018121612822281344 -1.2383860859231503e-05
leaf_weight=118 180 85 25 56 67 31 186
leaf_count=118 180 85 25 56 67 31 186
internal_value=0.00026738 -0.000704225 -0.00451807 0.00216049 0.000870647 -0.000880282 0.00126728
internal_weight=748 568 166 81 402 284 217
internal_count=748 568 166 81 402 284 217
is_linear=0
shrinkage=0.05


Tree=34
num_leaves=8
num_cat=0
split_feature=6 11 3 8 8 5 1
split_gain=1.10697 1.45056 1.23033 1.5861 1.53409 1.37683 1.21171
threshold=-0.58909580832086439 -0.016340293761251231 0.0015673069974991851 -0.04768151524367114 0.017846451245435938 0.013620069791526853 0.02260961994093014
decision_type=2 2 2 10 10 2 2
left_child=1 -1 3 -3 -5 -4 -2
right_child=6 2 5 4 -6 -7 -8
leaf_value=8.2506421218107607e-05 -1.3207979760669685e-05 -0.00010840042908820821 0.00011630371053682312 9.9409430012656433e-05 -8.7602131501345402e-06 -2.9324917617771152e-05 3.3132740557761334e-05
leaf_weight=28 380 26 37 54 66 25 133
leaf_count=28 380 26 37 54 66 25 133
internal_value=0.00076769 0.00360169 0.00216346 -0.000342466 0.00208333 0.00806452 -0.000536062
internal_weight=749 236 208 146 120 62 513
internal_count=749 236 208 146 120 62 513
is_linear=0
shrinkage=0.05


Tree=35
num_leaves=8
num_cat=0
split_feature=7 7 12 14 6 11 13
split_gain=1.07515 3.28369 2.22691 1.65887 1.57975 1.42328 1.352
threshold=-0.030385625733953533 -0.012772841334911021 0.033921054671782865 0.083812216488613714 -0.52323486548870712 0.01955675936649726 16.035000801086429
decision_type=2 2 2 2 2 2 2
left_child=6 4 3 -3 -2 -4 -1
right_child=1 2 5 -5 -6 -7 -8
leaf_value=8.6112374561184537e-05 8.2189985125729129e-06 4.1633253509972643e-05 -8.4896544148902039e-05 -0.00016878319363756896 -0.00037394409975463177 4.0198369501607971e-05 2.2221476832945744e-05
leaf_weight=25 37 315 116 44 83 33 100
leaf_count=25 37 315 116 44 83 33 100
internal_value=0.000365206 -0.000477707 0.00127953 0.00341226 -0.00791667 -0.00385906 0.0046
internal_weight=753 628 508 359 120 149 125
internal_count=753 628 508 359 120 149 125
is_linear=0
shrinkage=0.05


Tree=36
num_leaves=8
num_cat=0
split_feature=9 4 5 15 9 13 8
split_gain=1.26922 1.7482 3.30763 1.77736 1.67469 1.57133 1.59905
threshold=0.20358077888247353 0.021312375701176958 0.01350227256151597 0.0048991559883665445 0.21991662255022618 17.445000648498539 0.011542903188441535
decision_type=8 2 2 2 8 2 8
left_child=1 2 -1 -3 -2 -6 -7
right_child=4 3 -4 -5 5 6 -8
leaf_value=1.2243800992661888e-05 -0.00017114909095679916 -6.571174161524672e-05 0.000131269571455727 6.5701413873280048e-05 -5.7516082418291975e-05 0.00015914405584002686 -7.0978466487296899e-06
leaf_weight=307 28 116 36 61 105 32 65
leaf_count=307 28 116 36 61 105 32 65
internal_value=0.000266667 0.00163462 0.0037172 -0.00240113 -0.00282609 -0.00123762 0.00335052
internal_weight=750 520 343 177 230 202 97
internal_count=750 520 343 177 230 202 97
is_linear=0
shrinkage=0.05


Tree=37
num_leaves=8
num_cat=0
split_feature=7 8 3 7 9 12 13
split_gain=1.11119 2.59199 2.16083 1.71204 1.46666 2.34267 1.38638
threshold=-0.030385625733953533 -0.021202217925416652 -0.002232828625573446 -0.020661192460005914 0.030104149997548294 0.0065049647434682898 13.085000038146974
decision_type=2 10 2 2 8 2 2
left_child=-1 2 -2 -4 5 -3 -6
right_child=1 4 3 -5 6 -7 -8
leaf_value=4.5688375257588268e-05 -0.00013858389088368473 -6.5484253118699705e-05 -0.00037100846731179422 1.1227661411588631e-05 -0.00011642939739485194 0.00019994675248307119 4.8736258373389706e-06
leaf_weight=119 41 32 27 45 61 33 400
leaf_count=119 41 32 27 45 61 33 400
internal_value=0.000395778 -0.00043036 -0.00730088 -0.00208333 0.00104563 0.00807692 5.42299e-05
internal_weight=758 639 113 72 526 65 461
internal_count=758 639 113 72 526 65 461
is_linear=0
shrinkage=0.05


Tree=38
num_leaves=8
num_cat=0
split_feature=6 15 16 16 16 16 1
split_gain=1.10709 1.58118 1.25971 2.15746 1.92509 1.37034 1.70439
threshold=-1.0832626038888649 -0.0011366922830762236 -0.016959416349571096 -0.02378455853763289 -0.012684703964484177 -0.0073762939729282708 -0.016310507638154888
decision_type=2 2 2 2 2 2 2
left_child=1 -1 3 -2 -4 -6 -7
right_child=2 -3 4 -5 5 6 -8
leaf_value=-6.9869285487782901e-06 -7.5107116041954301e-06 8.9919901437230014e-05 -0.00022237565230287344 0.00020193952422475293 5.8968822109095733e-05 -9.258265491155114e-05 2.3280714632327364e-06
leaf_weight=27 69 41 30 38 49 118 376
leaf_count=27 69 41 30 38 49 118 376
internal_value=0.000534759 0.00661765 -7.35294e-05 0.00490654 -0.00100349 -0.000322284 -0.00111336
internal_weight=748 68 680 107 573 543 494
internal_count=748 68 680 107 573 543 494
is_linear=0
shrinkage=0.05


Tree=39
num_leaves=8
num_cat=0
split_feature=11 10 14 8 3 2 9
split_gain=0.769335 2.17807 1.81383 1.80283 1.85696 1.7193 1.70653
threshold=0.010325592829658616 0.0014013952122059472 -0.02368562203831703 -0.031821973063010871 -0.0037088963427753248 0.0076668086864460925 0.18325223857643871
decision_type=2 2 2 10 2 2 10
left_child=1 -1 5 -2 -5 -3 -6
right_child=3 2 -4 4 6 -7 -8
leaf_value=1.3295863845315349e-05 -3.5690714095484593e-05 1.4379420047767096e-05 -0.00014680713667740086 9.4803649688984719e-05 5.4696617380201263e-05 -0.00014881743831539714 -9.0353690294881267e-05
leaf_weight=303 63 57 52 35 142 57 28
leaf_count=303 63 57 52 35 142 57 28
internal_value=0.000101764 -0.0011194 -0.00572289 0.00223881 0.0045122 -0.00219298 0.00235294
internal_weight=737 469 166 268 205 114 170
internal_count=737 469 166 268 205 114 170
is_linear=0
shrinkage=0.05


Tree=40
num_leaves=8
num_cat=0
split_feature=10 15 12 6 1 1 15
split_gain=1.40609 1.60439 1.78701 1.30297 1.58982 2.11203 1.27895
threshold=0.0059228912076465532 0.01464548177550762 -0.01116014011506866 -0.58909580832086439 -0.011599988320504349 0.0031561644121392844 -0.0022931595187591909
decision_type=2 2 2 2 2 2 2
left_child=3 2 -2 4 -1 -6 -7
right_child=1 -3 -4 -5 5 6 -8
leaf_value=-7.3023753136051105e-06 0.00018559505265944358 -5.8476872433900636e-05 3.520738853405295e-05 -1.4219018250470119e-05 0.00015355491893917332 -4.4315618530982168e-05 5.4807555764057637e-05
leaf_weight=43 26 52 108 388 38 38 57
leaf_count=43 26 52 108 388 38 38 57
internal_value=0.0008 0.00456989 0.00746269 -0.000443262 0.003125 0.00582707 0.00184211
internal_weight=750 186 134 564 176 133 95
internal_count=750 186 134 564 176 133 95
is_linear=0
shrinkage=0.05


Tree=41
num_leaves=8
num_cat=0
split_feature=8 7 2 7 3 1 1
split_gain=1.22797 1.13589 0.850705 1.40407 2.07976 1.65414 1.29585
threshold=0.1134670983387447 0.059828317703296448 0.054164512270759364 0.023093659583524277 0.00067265202614097419 0.02862605845397426 0.02260961994093014
decision_type=8 2 2 2 2 2 2
left_child=1 2 3 5 -5 6 -1
right_child=-2 -3 -4 4 -6 -7 -8
leaf_value=2.5461399717030367e-07 -5.0734592457387775e-05 2.7258280902281181e-05 -4.6782007247865143e-05 -3.323330780455715e-05 0.00016357417571964604 -8.1815535332487813e-05 5.2908777277070048e-05
leaf_weight=447 49 25 109 29 40 27 26
leaf_count=447 49 25 109 29 40 27 26
internal_value=0 0.000533428 0.000147493 0.000922671 0.0076087 0 0.000687104
internal_weight=752 703 678 569 69 500 473
internal_count=752 703 678 569 69 500 473
is_linear=0
shrinkage=0.05


Tree=42
num_leaves=8
num_cat=0
split_feature=16 13 13 7 11 1 1
split_gain=1.53273 1.98173 1.61618 1.4642 1.37419 2.1541 2.01092
threshold=0.013718940175006635 15.400000095367433 13.795000076293947 0.035387505555654626 -0.0048868884818967775 -0.040621634019816492 -0.015313238308795716
decision_type=2 2 2 2 2 2 2
left_child=4 2 -2 -3 -1 -6 -7
right_child=1 3 -4 -5 5 6 -8
leaf_value=2.5453983209744457e-05 1.022195301243695e-05 -1.900121358620003e-05 0.00013269289809238321 5.0935510669931905e-05 7.7598815514698209e-05 -0.00020161962115316929 -1.6084244152778484e-05
leaf_weight=203 62 119 55 25 25 68 196
leaf_count=203 62 119 55 25 25 68 196
internal_value=0.000830013 0.0039272 0.00876068 0 -0.000813008 -0.00302768 -0.00435606
internal_weight=753 261 117 144 492 289 264
internal_count=753 261 117 144 492 289 264
is_linear=0
shrinkage=0.05


Tree=43
num_leaves=8
num_cat=0
split_feature=5 11 1 9 1 9 14
split_gain=1.17698 1.62611 2.74962 1.69576 2.84516 1.5481 1.57982
threshold=0.014792324506806337 0.015980526956462796 -0.024061982374364407 0.20533026741137653 -0.023181205741704899 0.16765604443348273 -0.083456210331023115
decision_type=2 2 2 8 2 10 2
left_child=1 3 -3 5 -5 6 -1
right_child=-2 2 -4 4 -6 -7 -8
leaf_value=0.0001332337469919423 -2.5087288491242423e-05 -0.0003389907846230993 6.122766082274131e-05 6.1929851795108605e-05 -0.00011520604264489052 8.0985711674821814e-05 -5.7634660130579525e-06
leaf_weight=27 128 25 106 31 124 34 271
leaf_count=27 128 25 106 31 124 34 271
internal_value=6.70241e-05 0.000970874 0.00591603 -0.000359343 -0.00467742 0.00165663 0.000503356
internal_weight=746 618 131 487 155 332 298
internal_count=746 618 131 487 155 332 298
is_linear=0
shrinkage=0.05


end of trees

feature_importances:
dist_ma50=33
dist_ma200=30
ret_5d=24
dvol_z_20=24
sector_ret_1d=22
spy_ret_20d=21
vix_level=20
dist_ma20=19
spy_ret_1d=18
overnight_gap=15
sector_ret_5d=15
ret_20d=13
atr_pct=13
parkinson_20=12
spy_ret_5d=12
ret_1d=9
vix_chg_1d=8

parameters:
[boosting: gbdt]
[objective: quantile]
[metric: quantile]
[tree_learner: serial]
[device_type: cpu]
[data_sample_strategy: bagging]
[data: ]
[valid: ]
[num_iterations: 80]
[learning_rate: 0.05]
[num_leaves: 8]
[num_threads: 1]
[seed: 0]
[deterministic: 0]
[force_col_wise: 1]
[force_row_wise: 0]
[histogram_pool_size: -1]
[max_depth: -1]
[min_data_in_leaf: 25]
[min_sum_hessian_in_leaf: 0.001]
[bagging_fraction: 0.9]
[pos_bagging_fraction: 1]
[neg_bagging_fraction: 1]
[bagging_freq: 1]
[bagging_seed: 3]
[bagging_by_query: 0]
[feature_fraction: 0.9]
[feature_fraction_bynode: 1]
[feature_fraction_seed: 2]
[extra_trees: 0]
[extra_seed: 6]
[early_stopping_round: 0]
[early_stopping_min_delta: 0]
[first_metric_only: 0]
[max_delta_step: 0]
[lambda_l1: 0]
[lambda_l2: 0]
[linear_lambda: 0]
[min_gain_to_split: 0]
[drop_rate: 0.1]
[max_drop: 50]
[skip_drop: 0.5]
[xgboost_dart_mode: 0]
[uniform_drop: 0]
[drop_seed: 4]
[top_rate: 0.2]
[other_rate: 0.1]
[min_data_per_group: 100]
[max_cat_threshold: 32]
[cat_l2: 10]
[cat_smooth: 10]
[max_cat_to_onehot: 4]
[top_k: 20]
[monotone_constraints: ]
[monotone_constraints_method: basic]
[monotone_penalty: 0]
[feature_contri: ]
[forcedsplits_filename: ]
[refit_decay_rate: 0.9]
[cegb_tradeoff: 1]
[cegb_penalty_split: 0]
[cegb_penalty_feature_lazy: ]
[cegb_penalty_feature_coupled: ]
[path_smooth: 0]
[interaction_constraints: ]
[verbosity: -1]
[saved_feature_importance_type: 0]
[use_quantized_grad: 0]
[num_grad_quant_bins: 4]
[quant_train_renew_leaf: 0]
[stochastic_rounding: 1]
[linear_tree: 0]
[max_bin: 255]
[max_bin_by_feature: ]
[min_data_in_bin: 3]
[bin_construct_sample_cnt: 200000]
[data_random_seed: 1]
[is_enable_sparse: 1]
[enable_bundle: 1]
[use_missing: 1]
[zero_as_missing: 0]
[feature_pre_filter: 1]
[pre_partition: 0]
[two_round: 0]
[header: 0]
[label_column: ]
[weight_column: ]
[group_column: ]
[ignore_column: ]
[categorical_feature: ]
[forcedbins_filename: ]
[precise_float_parser: 0]
[parser_config_file: ]
[objective_seed: 5]
[num_class: 1]
[is_unbalance: 0]
[scale_pos_weight: 1]
[sigmoid: 1]
[boost_from_average: 1]
[reg_sqrt: 0]
[alpha: 0.5]
[fair_c: 1]
[poisson_max_delta_step: 0.7]
[tweedie_variance_power: 1.5]
[lambdarank_truncation_level: 30]
[lambdarank_norm: 1]
[label_gain: ]
[lambdarank_position_bias_regularization: 0]
[eval_at: ]
[multi_error_top_k: 1]
[auc_mu_weights: ]
[num_machines: 1]
[local_listen_port: 12400]
[time_out: 120]
[machine_list_filename: ]
[machines: ]
[gpu_platform_id: -1]
[gpu_device_id: -1]
[gpu_device_id_list: ]
[gpu_use_dp: 0]
[num_gpu: 1]

end of parameters

pandas_categorical:[]
