tree
version=v4
num_class=1
num_tree_per_iteration=1
label_index=0
max_feature_idx=16
objective=quantile
feature_names=ret_1d ret_5d ret_20d overnight_gap atr_pct parkinson_20 dvol_z_20 dist_ma20 dist_ma50 dist_ma200 spy_ret_1d spy_ret_5d spy_ret_20d vix_level vix_chg_1d sector_ret_1d sector_ret_5d
feature_infos=[-0.091988015097863807:0.09424353634901661] [-0.1318094291570906:0.19760952239838003] [-0.20098522167487687:0.24539436435695294] [-0.080411689170784895:0.10671858191852568] [0.01283232829490677:0.057234782292121728] [0.0088709870275380971:0.032074316858993875] [-2.8075044343431026:4.1758356490266371] [-0.15580323617819314:0.12160491151145858] [-0.20410582767413499:0.16696537027376124] [-0.26468795888707985:0.29608570765783071] [-0.058542947643003718:0.10501933612632941] [-0.11496158439845272:0.082843216242346029] [-0.12265592443394913:0.15756596870864792] [11.859999656677246:52.330001831054688] [-0.35753873962348437:0.74039073966007019] [-0.054845245580940394:0.043465182734245822] [-0.079035682487500813:0.068782287822878097]
tree_sizes=825 853 849 860 856 858 853 857 865 863 862 868 859 861 867 865

Tree=0
num_leaves=8
num_cat=0
split_feature=13 9 7 8 6 9 12
split_gain=2.35341 1.70288 0.995794 1.09185 0.808044 0.631472 0.424404
threshold=25.505000114440922 -0.11065073463114748 0.013775913733819924 0.021623338339212709 -0.35701881649668082 0.0049546043280208627 0.0094949171636059555
decision_type=2 8 2 8 2 8 2
left_child=1 4 -3 -4 -1 -5 -7
right_child=-2 2 3 5 -6 6 -8
leaf_value=0.026371772526267843 0.026537130357456994 0.025718567391799098 0.026733981156676023 0.026351868571618843 0.026134828146979316 0.026140978586068609 0.025678181376723098
leaf_weight=32 29 400 25 44 61 47 112
leaf_count=32 29 400 25 44 61 47 112
internal_value=0.0259961 0.0254343 0.0244992 0.0271364 0.0317487 0.0259222 0.0244552
internal_weight=750 721 628 228 93 203 159
internal_count=750 721 628 228 93 203 159
is_linear=0
shrinkage=1


Tree=1
num_leaves=8
num_cat=0
split_feature=13 0 9 0 16 9 5
split_gain=2.85097 1.3361 1.08854 1.0437 0.537037 0.503561 0.370844
threshold=25.505000114440922 0.02562615584862549 -0.11065073463114748 -0.0068813981468845977 0.0093341591292158705 0.2074324265372374 0.018108255369631034
decision_type=2 2 8 2 2 10 2
left_child=1 2 3 -1 -5 6 -4
right_child=-2 -3 5 4 -6 -7 -8
leaf_value=0.00054900405011842522 0.00051403335226570153 0.00089653403617251609 -0.00024791373245222522 -0.00031815939976018729 0.00012382106854991922 4.9272241869449591e-05 0.00027762141198043439
leaf_weight=35 30 26 533 29 25 25 31
leaf_count=35 30 26 533 29 25 25 31
internal_value=-9.5369e-05 -0.000738638 -0.00116519 0.00398876 -0.000370372 -0.00194397 -0.00225177
internal_weight=734 704 678 89 54 589 564
internal_count=734 704 678 89 54 589 564
is_linear=0
shrinkage=0.05


Tree=2
num_leaves=8
num_cat=0
split_feature=9 16 13 13 0 7 7
split_gain=3.23493 1.14213 1.167 0.908991 0.912548 0.486226 0.730096
threshold=-0.11065073463114748 -0.018619485662448084 18.015000343322757 24.630000114440922 0.022294043533444333 0.020053116797317808 0.045315752487340884
decision_type=8 2 2 2 2 2 2
left_child=1 -1 -3 4 5 -2 -7
right_child=3 2 -4 -5 -6 6 -8
leaf_value=0.0016768367347530959 -0.00023419370449463998 0.00051835587866128421 -0.00023215825883412633 0.00016477693096069067 0.000469642661630081 0.00010499121452102375 -0.00033145538776617055
leaf_weight=27 411 44 38 27 35 98 69
leaf_count=27 411 44 38 27 35 98 69
internal_value=0.000340453 0.00830275 0.00536585 -0.00101563 -0.00141109 -0.00188581 0.00038922
internal_weight=749 109 82 640 613 578 167
internal_count=749 109 82 640 613 578 167
is_linear=0
shrinkage=0.05


Tree=3
num_leaves=8
num_cat=0
split_feature=13 9 13 10 7 2 11
split_gain=3.01936 1.18437 0.612026 0.819754 0.822857 1.08366 0.617083
threshold=25.505000114440922 0.040308314014544384 17.945000648498539 0.0083253127378262199 0.043532621148045354 -0.024384024833917325 0.0063364666032048609
decision_type=2 8 2 2 2 2 2
left_child=1 2 3 4 5 -1 -7
right_child=-2 -3 -4 -5 -6 6 -8
leaf_value=-0.00010408767509654333 0.00047363379362598009 -0.00021403020997018616 -9.6416981776547693e-05 0.00041947283136569644 -0.00040277782487086345 0.00012412820650445962 0.00089971801599768612
leaf_weight=65 33 384 123 28 35 41 34
leaf_count=65 33 384 123 28 35 41 34
internal_value=-8.74844e-05 -0.000774649 0.00144172 0.00312808 0.00185714 0.00357143 0.00766667
internal_weight=743 710 326 203 175 140 75
internal_count=743 710 326 203 175 140 75
is_linear=0
shrinkage=0.05


Tree=4
num_leaves=8
num_cat=0
split_feature=13 0 9 6 6 14 0
split_gain=3.91805 1.49434 1.40344 0.817659 0.823905 0.863126 0.761113
threshold=25.505000114440922 0.026552710918330339 -0.11065073463114748 0.35303184280755834 0.5875268998495996 0.004407866869301503 -0.0068813981468845977
decision_type=2 2 8 2 2 2 2
left_child=1 2 6 -4 -5 -6 -1
right_child=-2 -3 3 4 5 -7 -8
leaf_value=0.00065620066457587264 0.00045230242740724444 0.00043785701632424078 -0.00028301677354341869 0.00033202018180361376 -0.00018945568155416469 0.00018410345982853917 -5.0998749266098603e-06
leaf_weight=37 32 25 429 25 89 55 54
leaf_count=37 32 25 429 25 89 55 54
internal_value=-0.000241288 -0.0010084 -0.00144412 -0.00232442 0.000621301 -0.000833335 0.00434066
internal_weight=746 714 689 598 169 144 91
internal_count=746 714 689 598 169 144 91
is_linear=0
shrinkage=0.05


Tree=5
num_leaves=8
num_cat=0
split_feature=4 16 16 6 9 5 9
split_gain=2.64372 1.42099 0.824421 0.755642 0.617239 0.575605 0.763665
threshold=0.028584320031057181 -0.0195537992456391 0.0066070285368610157 0.35303184280755834 -0.10649054498282505 0.010196058419336686 -0.053838449323422348
decision_type=2 2 2 2 8 2 8
left_child=3 -2 -3 4 -1 -5 -7
right_child=1 2 -4 5 -6 6 -8
leaf_value=0.00024352227650903228 0.0010605543819497837 -0.00013020473823894689 0.00016389689290140439 -0.00036637426744850067 -0.00022460834422407476 -0.00026108418564803017 0.00026681613539678728
leaf_weight=25 35 57 40 31 395 38 116
leaf_count=25 35 57 40 31 395 38 116
internal_value=-4.7491e-05 0.00636364 0.00324742 -0.00144628 -0.00261905 0.00121622 0.00246753
internal_weight=737 132 97 605 420 185 154
internal_count=737 132 97 605 420 185 154
is_linear=0
shrinkage=0.05


Tree=6
num_leaves=8
num_cat=0
split_feature=13 0 9 0 10 0 11
split_gain=2.41646 1.4917 0.989905 1.17333 0.330019 0.517677 0.342837
threshold=25.505000114440922 0.026552710918330339 -0.15067545028345883 -0.0041189316618453478 -0.010966438049946124 -0.010160569468448231 0.023858934510878397
decision_type=2 2 8 2 2 2 2
left_child=1 2 3 -1 5 -4 -6
right_child=-2 -3 4 -5 6 -7 -8
leaf_value=0.0011589419547071722 0.00036771583034965743 0.00085258540999284089 -0.00023287436033726721 -2.9810300331356946e-05 -0.00019523503372882253 0.00021559002242528427 5.3505797354979227e-05
leaf_weight=25 34 25 26 30 515 25 66
leaf_count=25 34 25 26 30 515 25 66
internal_value=-0.000375336 -0.000997192 -0.00143377 0.005 -0.00199367 0.00186274 -0.00233219
internal_weight=746 712 687 55 632 51 581
internal_count=746 712 687 55 632 51 581
is_linear=0
shrinkage=0.05


Tree=7
num_leaves=8
num_cat=0
split_feature=9 2 7 7 3 4 10
split_gain=1.87049 1.11854 1.04029 1.98686 0.631994 0.60571 0.487619
threshold=0.040308314014544384 -0.14749714224890995 0.010214423679788644 0.039224816551125648 0.0055615971372684489 0.031761105214056395 0.0007464509492582928
decision_type=8 2 2 2 2 2 2
left_child=1 -1 4 6 5 -3 -4
right_child=-2 2 3 -5 -6 -7 -8
leaf_value=0.00022520199623818002 -0.00019577126065253148 -0.00019814688118720655 0.00071164187866346908 -0.00015775689281389684 0.00040295372682124089 0.00022077076401219375 0.00055725748242749283
leaf_weight=26 390 150 25 56 32 31 35
leaf_count=26 390 150 25 56 32 31 35
internal_value=-0.000302015 0.00232394 0.00153495 0.00534483 -0.000539907 -0.00168508 0.0116667
internal_weight=745 355 329 116 213 181 60
internal_count=745 355 329 116 213 181 60
is_linear=0
shrinkage=0.05


Tree=8
num_leaves=8
num_cat=0
split_feature=13 0 9 9 9 9 8
split_gain=2.33351 0.915737 0.670314 1.05889 0.449578 0.347635 0.674625
threshold=25.505000114440922 0.026552710918330339 -0.15067545028345883 -0.20819842333792135 0.2074324265372374 0.040308314014544384 -0.034135505309506424
decision_type=2 2 8 10 10 8 10
left_child=1 2 3 -1 5 6 -4
right_child=-2 -3 4 -5 -6 -7 -8
leaf_value=-3.0259813313017146e-05 0.00034835669248537348 0.00066517135545836098 -0.00019728974356260652 0.00052441823411036859 4.4827417078915827e-05 -0.00023202261608245862 0.00014685424056747051
leaf_weight=34 34 26 129 28 25 352 136
leaf_count=34 34 26 129 28 25 352 136
internal_value=-0.000157069 -0.000753426 -0.00109375 0.00387097 -0.00157321 -0.00183955 -0.000471699
internal_weight=764 730 704 62 642 617 265
internal_count=764 730 704 62 642 617 265
is_linear=0
shrinkage=0.05


Tree=9
num_leaves=8
num_cat=0
split_feature=13 0 0 7 9 4 3
split_gain=2.59714 0.941724 0.953175 0.907392 0.999556 0.63194 0.396336
threshold=25.505000114440922 0.026552710918330339 -0.0030026330102593808 0.016846990354498107 0.019744092457567145 0.031761105214056395 -0.0012775794878172595
decision_type=2 2 2 2 8 2 2
left_child=1 2 3 5 -5 6 -1
right_child=-2 -3 -4 4 -6 -7 -8
leaf_value=-0.00017089171354407593 0.00035005719805297232 0.00072337880784238652 -0.00018154228527977271 0.00061869928992844205 -0.00011043926089318011 0.00034328942045549408 0.00010753313038236292
leaf_weight=131 28 26 394 27 35 25 78
leaf_count=131 28 26 394 27 35 25 78
internal_value=-0.0002957 -0.000879889 -0.00123189 0.000912161 0.00629032 -0.000512822 -0.00141148
internal_weight=744 716 690 296 62 234 209
internal_count=744 716 690 296 62 234 209
is_linear=0
shrinkage=0.05


Tree=10
num_leaves=8
num_cat=0
split_feature=10 5 5 11 8 6 7
split_gain=1.16161 0.678203 0.784147 0.50679 0.844828 0.41788 0.349607
threshold=-0.01521359351313417 0.018562696611279437 0.019985110623224948 0.026483483019392965 0.0042917835265531288 -0.95362250129026671 0.039224816551125648
decision_type=2 2 2 2 8 2 2
left_child=-1 3 -3 5 -5 -2 -7
right_child=1 2 -4 4 -6 6 -8
leaf_value=0.00035253482342694419 -0.00046154934141159274 0.00086421685210527675 -4.3861806258707231e-05 0.00036690364719487367 -6.4402007604163296e-05 -2.2379220574687025e-05 -0.00036367012980308854
leaf_weight=34 105 26 37 29 29 426 63
leaf_count=34 105 26 37 29 29 426 63
internal_value=-0.000794394 -0.00122378 0.00373016 -0.00170246 0.00275862 -0.00213805 -0.00152352
internal_weight=749 715 63 652 58 594 489
internal_count=749 715 63 652 58 594 489
is_linear=0
shrinkage=0.05


Tree=11
num_leaves=8
num_cat=0
split_feature=0 11 14 0 11 11 15
split_gain=1.26451 0.922797 1.06123 0.747442 0.569364 0.791807 0.518088
threshold=0.028208008044030345 -0.023775986944761848 0.031770832380203846 -0.0067469196824759816 0.0087351921378735504 0.01562981784988882 0.00089979240238802227
decision_type=2 2 2 2 2 2 2
left_child=1 2 -1 4 -3 -6 -5
right_child=-2 3 -4 6 5 -7 -8
leaf_value=-0.00020746212592220601 0.0012373970225934439 -4.0573849819381355e-05 0.00023272913480502233 -0.00025944179315813716 0.0003837123410172995 0.00010092299698266948 -2.3388807459222644e-05
leaf_weight=27 26 126 25 207 27 37 272
leaf_count=27 26 126 25 207 27 37 272
internal_value=-0.000448462 -0.000839114 0.00557692 -0.00133782 0.00131579 0.00515625 -0.0023904
internal_weight=747 721 52 669 190 64 479
internal_count=747 721 52 669 190 64 479
is_linear=0
shrinkage=0.05


Tree=12
num_leaves=8
num_cat=0
split_feature=13 9 8 6 1 1 9
split_gain=1.05391 0.588375 0.636937 0.839242 0.464404 0.550784 0.800476
threshold=25.505000114440922 0.040308314014544384 -0.034135505309506424 1.0068898270963047 0.020251223843342329 -0.016546402888663488 -0.052605416619223348
decision_type=2 8 10 2 2 2 10
left_child=1 2 -1 4 5 -4 -7
right_child=-2 -3 3 -5 -6 6 -8
leaf_value=-4.7344223420489397e-05 0.00030131381902666988 -0.00018337883252249662 -0.00020008249339471788 0.0019713212417602553 -4.8696635631987457e-05 -9.1371435856080411e-06 0.00059347145123924512
leaf_weight=172 30 374 25 25 48 25 35
leaf_count=172 30 374 25 25 48 25 35
internal_value=-0.000844688 -0.0012358 0.000303029 0.00259494 0.00101504 0.00323529 0.00583333
internal_weight=734 704 330 158 133 85 60
internal_count=734 704 330 158 133 85 60
is_linear=0
shrinkage=0.05


Tree=13
num_leaves=8
num_cat=0
split_feature=0 13 5 0 6 6 6
split_gain=0.905405 0.69559 0.395882 0.686628 0.491494 0.355478 0.824237
threshold=0.028208008044030345 25.505000114440922 0.016650154105468704 -0.0062642162285379546 -0.69480594647166727 0.35303184280755834 0.60235752383131558
decision_type=2 2 2 2 2 2 2
left_child=1 2 5 -4 -5 -1 -7
right_child=-2 -3 3 4 -6 6 -8
leaf_value=-0.00018792989624945872 0.0011725788112461341 0.00023191516579315358 0.00048077208546092065 0.00012406621072317116 -0.00019506521308665045 0.00028325904864388174 -9.8895562133102634e-05
leaf_weight=385 26 31 45 28 58 27 145
leaf_count=385 26 31 45 28 58 27 145
internal_value=-0.000704699 -0.00103616 -0.00136628 0.00110687 -0.00151163 -0.00194794 -5.81407e-05
internal_weight=745 719 688 131 86 557 172
internal_count=745 719 688 131 86 557 172
is_linear=0
shrinkage=0.05


Tree=14
num_leaves=8
num_cat=0
split_feature=13 7 14 4 7 2 3
split_gain=1.13502 0.548161 0.645922 0.587301 0.467699 0.604543 0.817268
threshold=25.505000114440922 0.013775913733819924 0.055948056460050417 0.027281100461931152 -0.030396482110399688 -0.065395005298561223 -0.0012775794878172595
decision_type=2 2 2 2 2 2 2
left_child=1 4 3 -3 5 -1 -7
right_child=-2 2 -4 -5 -6 6 -8
leaf_value=-0.00010159374324659125 0.00030897302540965277 -0.00013195061670673731 0.00019010366616450117 0.00057465845660767487 -0.00019587351393225073 -6.8248162489911813e-05 0.0012262997486310822
leaf_weight=87 29 169 27 32 312 32 31
leaf_count=87 29 169 27 32 312 32 31
internal_value=-0.00089708 -0.00130435 0.000701753 -0.000273633 -0.00229437 -1.19209e-09 0.00373016
internal_weight=719 690 228 201 462 150 63
internal_count=719 690 228 201 462 150 63
is_linear=0
shrinkage=0.05


Tree=15
num_leaves=8
num_cat=0
split_feature=9 14 7 11 15 3 2
split_gain=1.52116 0.979463 0.584819 0.69769 0.557495 0.283101 0.374573
threshold=-0.1589235921495479 0.014555585659076444 0.013775913733819924 -0.0060505847997984188 0.0085334648309531875 0.0029538284027190724 0.087662216304222898
decision_type=8 2 2 2 2 2 2
left_child=1 -1 -2 -4 5 6 -5
right_child=2 -3 3 4 -6 -7 -8
leaf_value=1.2822732359624869e-05 -0.00010725783174877545 0.00070725200401994411 0.00053026522284721175 3.7237527532177632e-05 0.00068457294343321614 -0.00021630357923226753 -0.00020423749170172739
leaf_weight=46 438 27 33 65 35 52 47
leaf_count=46 438 27 33 65 35 52 47
internal_value=-0.000895021 0.0059589 -0.00164179 0.00038793 -0.000728644 -0.00195122 -0.000535715
internal_weight=743 73 670 232 199 164 112
internal_count=743 73 670 232 199 164 112
is_linear=0
shrinkage=0.05


end of trees

feature_importances:
dist_ma200=19
ret_1d=15
vix_level=13
dist_ma20=11
dvol_z_20=9
spy_ret_5d=7
parkinson_20=5
ret_20d=4
overnight_gap=4
atr_pct=4
dist_ma50=4
spy_ret_1d=4
vix_chg_1d=4
sector_ret_5d=4
ret_5d=2
sector_ret_1d=2
spy_ret_20d=1

parameters:
[boosting: gbdt]
[objective: quantile]
[metric: quantile]
[tree_learner: serial]
[device_type: cpu]
[data_sample_strategy: bagging]
[data: ]
[valid: ]
[num_iterations: 80]
[learning_rate: 0.05]
[num_leaves: 8]
[num_threads: 1]
[seed: 0]
[deterministic: 0]
[force_col_wise: 1]
[force_row_wise: 0]
[histogram_pool_size: -1]
[max_depth: -1]
[min_data_in_leaf: 25]
[min_sum_hessian_in_leaf: 0.001]
[bagging_fraction: 0.9]
[pos_bagging_fraction: 1]
[neg_bagging_fraction: 1]
[bagging_freq: 1]
[bagging_seed: 3]
[bagging_by_query: 0]
[feature_fraction: 0.9]
[feature_fraction_bynode: 1]
[feature_fraction_seed: 2]
[extra_trees: 0]
[extra_seed: 6]
[early_stopping_round: 0]
[early_stopping_min_delta: 0]
[first_metric_only: 0]
[max_delta_step: 0]
[lambda_l1: 0]
[lambda_l2: 0]
[linear_lambda: 0]
[min_gain_to_split: 0]
[drop_rate: 0.1]
[max_drop: 50]
[skip_drop: 0.5]
[xgboost_dart_mode: 0]
[uniform_drop: 0]
[drop_seed: 4]
[top_rate: 0.2]
[other_rate: 0.1]
[min_data_per_group: 100]
[max_cat_threshold: 32]
[cat_l2: 10]
[cat_smooth: 10]
[max_cat_to_onehot: 4]
[top_k: 20]
[monotone_constraints: ]
[monotone_constraints_method: basic]
[monotone_penalty: 0]
[feature_contri: ]
[forcedsplits_filename: ]
[refit_decay_rate: 0.9]
[cegb_tradeoff: 1]
[cegb_penalty_split: 0]
[cegb_penalty_feature_lazy: ]
[cegb_penalty_feature_coupled: ]
[path_smooth: 0]
[interaction_constraints: ]
[verbosity: -1]
[saved_feature_importance_type: 0]
[use_quantized_grad: 0]
[num_grad_quant_bins: 4]
[quant_train_renew_leaf: 0]
[stochastic_rounding: 1]
[linear_tree: 0]
[max_bin: 255]
[max_bin_by_feature: ]
[min_data_in_bin: 3]
[bin_construct_sample_cnt: 200000]
[data_random_seed: 1]
[is_enable_sparse: 1]
[enable_bundle: 1]
[use_missing: 1]
[zero_as_missing: 0]
[feature_pre_filter: 1]
[pre_partition: 0]
[two_round: 0]
[header: 0]
[label_column: ]
[weight_column: ]
[group_column: ]
[ignore_column: ]
[categorical_feature: ]
[forcedbins_filename: ]
[precise_float_parser: 0]
[parser_config_file: ]
[objective_seed: 5]
[num_class: 1]
[is_unbalance: 0]
[scale_pos_weight: 1]
[sigmoid: 1]
[boost_from_average: 1]
[reg_sqrt: 0]
[alpha: 0.9]
[fair_c: 1]
[poisson_max_delta_step: 0.7]
[tweedie_variance_power: 1.5]
[lambdarank_truncation_level: 30]
[lambdarank_norm: 1]
[label_gain: ]
[lambdarank_position_bias_regularization: 0]
[eval_at: ]
[multi_error_top_k: 1]
[auc_mu_weights: ]
[num_machines: 1]
[local_listen_port: 12400]
[time_out: 120]
[machine_list_filename: ]
[machines: ]
[gpu_platform_id: -1]
[gpu_device_id: -1]
[gpu_device_id_list: ]
[gpu_use_dp: 0]
[num_gpu: 1]

end of parameters

pandas_categorical:[]
