tree
version=v4
num_class=1
num_tree_per_iteration=1
label_index=0
max_feature_idx=16
objective=quantile
feature_names=ret_1d ret_5d ret_20d overnight_gap atr_pct parkinson_20 dvol_z_20 dist_ma20 dist_ma50 dist_ma200 spy_ret_1d spy_ret_5d spy_ret_20d vix_level vix_chg_1d sector_ret_1d sector_ret_5d
feature_infos=[-0.084275265957446721:0.10948236371965181] [-0.12583111702127647:0.14437318674606803] [-0.13338666666666665:0.26521482231788629] [-0.060200576241134618:0.11421591082608029] [0.0096242380447324402:0.033984933334466366] [0.0071514220947611375:0.019789169695178032] [-2.1811736052484898:4.1572523307313398] [-0.099815136023370332:0.15291242879583633] [-0.11375126390293222:0.20227226555996292] [-0.10906664962948753:0.31524402004784546] [-0.058542947643003718:0.10501933612632941] [-0.11496158439845272:0.082843216242346029] [-0.12265592443394913:0.15756596870864792] [11.859999656677246:52.330001831054688] [-0.35753873962348437:0.74039073966007019] [-0.043404047793221157:0.03876882776686319] [-0.066511798508375297:0.073218480814408737]
tree_sizes=838 867 861 857 854 876 869 855 861 865 858 868 869 865 860 866 855 865 866 871 870 873 858 859 865 855 885 861 860 864 871 869

Tree=0
num_leaves=8
num_cat=0
split_feature=4 10 12 8 14 5 9
split_gain=1.458 0.951692 1.09919 1.85518 0.732558 0.653035 0.613636
threshold=0.01894766227269987 -0.011231004293396683 0.029962761460985091 -0.0087498136501970563 -0.083456210331023115 0.01490840748626523 0.22625407752847007
decision_type=2 2 2 10 2 2 10
left_child=6 -2 4 -4 -3 -6 -1
right_child=1 2 3 -5 5 -7 -8
leaf_value=-0.021354899783515853 -0.021878209240385065 -0.022588588965825579 -0.022059853726073456 -0.021539849051509158 -0.021286443568210398 -0.021667216334738178 -0.021639003378687186
leaf_weight=396 31 28 30 39 118 54 54
leaf_count=396 31 28 30 39 118 54 54
internal_value=-0.021708 -0.024408 -0.023452 -0.0288936 -0.0215747 -0.0203538 -0.019908
internal_weight=750 300 269 69 200 172 450
internal_count=750 300 269 69 200 172 450
is_linear=0
shrinkage=1


Tree=1
num_leaves=8
num_cat=0
split_feature=5 10 12 8 3 14 5
split_gain=1.70002 0.91905 0.693413 1.58631 0.923155 0.903815 0.513829
threshold=0.010090139919789546 -0.011231004293396683 0.029962761460985091 -0.0087498136501970563 -0.00014638352442691846 -0.091137781806863202 0.01490840748626523
decision_type=2 2 2 10 2 2 2
left_child=-1 -2 5 -4 -5 -3 -7
right_child=1 2 3 4 -6 6 -8
leaf_value=0.0002419332255569031 -0.00048766353505914499 -0.00072378130514312057 -0.00043304683254038676 -0.00045088704158909449 0.0004171127897893797 0.00019910028191472628 -0.0001227458455266648
leaf_weight=330 39 32 28 33 45 177 50
leaf_count=330 39 32 28 33 45 177 50
internal_value=0.000367848 -0.00180693 -0.0010274 -0.00443396 -0.000769231 0.000366796 0.00147577
internal_weight=734 404 365 106 78 259 227
internal_count=734 404 365 106 78 259 227
is_linear=0
shrinkage=0.05


Tree=2
num_leaves=8
num_cat=0
split_feature=13 14 3 6 5 12 2
split_gain=1.29013 0.72115 0.890558 0.659001 0.620258 0.762467 1.04185
threshold=19.814999580383304 -0.04578454363779693 -0.001621241033809395 -0.67977432067045662 0.011041646166197565 0.029962761460985091 0.024735073169198433
decision_type=2 2 2 2 2 2 2
left_child=3 -2 -3 -1 -5 -6 -7
right_child=1 2 -4 4 5 6 -8
leaf_value=0.0002553502955672386 -0.00095684346393182414 -0.00043488379237193657 2.3410890256644545e-05 0.00018050486115399163 4.2930934330184067e-05 -0.00041532297837863725 8.0215980788970036e-05
leaf_weight=148 36 43 69 270 111 44 28
leaf_count=148 36 43 69 270 111 44 28
internal_value=6.00803e-05 -0.00412162 -0.00214286 0.00108985 0.000143488 -0.00210382 -0.00611111
internal_weight=749 148 112 601 453 183 72
internal_count=749 148 112 601 453 183 72
is_linear=0
shrinkage=0.05


Tree=3
num_leaves=8
num_cat=0
split_feature=13 14 3 4 4 6 6
split_gain=1.18575 0.823795 0.873257 0.609712 1.01023 0.459382 0.535559
threshold=20.335000038146976 -0.04578454363779693 -0.001621241033809395 0.025500990626600887 0.027917784873062127 -0.67977432067045662 0.76345631178235618
decision_type=2 2 2 2 2 2 2
left_child=3 -2 -3 5 -5 -1 -7
right_child=1 2 -4 4 -6 6 -8
leaf_value=0.00028254817220677025 -0.00090900129073523308 -0.00039074256164682559 2.8206509547159451e-05 -0.00043148821515339694 8.9950717413983246e-05 1.1612158492193091e-05 0.00021757146641749703
leaf_weight=145 36 36 58 25 26 309 108
leaf_count=145 36 36 58 25 26 309 108
internal_value=0.000491252 -0.00384615 -0.00138298 0.00141109 -0.00382353 0.00188612 0.00104317
internal_weight=743 130 94 613 51 562 417
internal_count=743 130 94 613 51 562 417
is_linear=0
shrinkage=0.05


Tree=4
num_leaves=8
num_cat=0
split_feature=13 5 5 13 12 6 15
split_gain=1.00913 1.02246 1.34184 0.454054 0.900042 1.1765 1.1967
threshold=21.134999275207523 0.016916330857159313 0.012932464827477142 14.494999885559084 0.029962761460985091 -0.56520840098908398 -0.00098708259928198517
decision_type=2 2 2 2 2 2 2
left_child=3 2 -2 -1 -5 -6 -7
right_child=1 -3 -4 4 5 6 -8
leaf_value=0.00025736815812094402 -8.173906731086421e-05 0.00010219130216611756 -0.0011045122286990579 0.00011654353029954786 0.00033424967794826616 8.1563539489199833e-05 -0.00044278755022030913
leaf_weight=197 46 30 25 317 40 35 56
leaf_count=197 46 30 25 317 40 35 56
internal_value=0.000241287 -0.00440594 -0.00767606 0.000968992 8.92859e-05 -0.00339695 -0.00653846
internal_weight=746 101 71 645 448 131 91
internal_count=746 101 71 645 448 131 91
is_linear=0
shrinkage=0.05


Tree=5
num_leaves=8
num_cat=0
split_feature=5 10 12 8 3 11 11
split_gain=0.799873 0.869385 0.950785 1.4739 1.18367 0.652333 0.624282
threshold=0.010090139919789546 -0.012508695811735191 0.029962761460985091 -0.0066600898109637199 -0.00014638352442691846 -0.0017669803293580697 0.023061662230793093
decision_type=2 2 2 10 2 2 2
left_child=6 -2 5 -4 -5 -3 -1
right_child=1 2 3 4 -6 -7 -8
leaf_value=0.00020043315554682048 -0.00053257419687127825 -0.00014803512343524849 -0.00042856474025808577 -0.00044228999180913504 0.00045265561394792174 0.00017411664576904358 -0.00018410749511842332
leaf_weight=289 31 112 32 34 48 161 30
leaf_count=289 31 112 32 34 48 161 30
internal_value=-2.03526e-05 -0.00145933 -0.000813953 -0.00464912 -0.00109756 0.000787546 0.0018652
internal_weight=737 418 387 114 82 273 319
internal_count=737 418 387 114 82 273 319
is_linear=0
shrinkage=0.05


Tree=6
num_leaves=8
num_cat=0
split_feature=4 15 15 15 6 6 8
split_gain=0.778002 0.563188 0.740272 1.33059 0.899087 1.40211 1.2068
threshold=0.01456771493485047 0.0091561264999038289 -0.00094928468020988299 0.00081680817115015192 -0.7265286018351732 -0.41167346857605441 0.028170312333028472
decision_type=2 2 2 2 2 2 10
left_child=-1 2 -2 -4 -5 -6 -7
right_child=1 -3 3 4 5 6 -8
leaf_value=0.00025876886921343581 1.9609664905625456e-05 0.00011507284928878109 -0.00063662289911685117 0.00021640949097875438 -0.00037749426307670758 0.00020886146595833658 -0.0004659989070365165
leaf_weight=169 255 70 48 55 35 68 46
leaf_count=169 255 70 48 55 35 68 46
internal_value=0.000241287 -0.000632582 -0.00121302 -0.00313492 -0.00137255 -0.00338926 -0.000701754
internal_weight=746 577 507 252 204 149 114
internal_count=746 577 507 252 204 149 114
is_linear=0
shrinkage=0.05


Tree=7
num_leaves=8
num_cat=0
split_feature=5 11 4 2 3 11 4
split_gain=0.718524 0.791073 1.20006 1.0858 0.699603 0.635138 1.02083
threshold=0.01097021812128488 -0.0030472627630497291 0.019990284923344002 0.028298515071743306 -0.0023842823329083824 0.005791561968896298 0.02120072958952364
decision_type=2 2 2 2 2 2 2
left_child=-1 2 -2 5 -4 -3 -7
right_child=1 3 4 -5 -6 6 -8
leaf_value=0.00010005522978834367 -0.00082356323169734027 2.8054831839961001e-05 -0.00038663623953789043 0.00022112769177188088 4.5419092083117112e-05 0.00019031002840170293 -0.00050225722999718849
leaf_weight=394 26 37 30 116 62 30 50
leaf_count=394 26 37 30 116 62 30 50
internal_value=0.0002349 -0.00141026 -0.00474576 0.00027897 -0.00206522 -0.00311966 -0.005625
internal_weight=745 351 118 233 92 117 80
internal_count=745 351 118 233 92 117 80
is_linear=0
shrinkage=0.05


Tree=8
num_leaves=8
num_cat=0
split_feature=13 0 9 9 7 15 15
split_gain=0.761856 0.610258 0.654397 0.434198 0.74356 0.42347 0.695382
threshold=19.115000724792484 0.014219856343841377 0.098520423389086412 0.22625407752847007 0.029331098790584934 0.002505363385470694 -0.00094928468020988299
decision_type=2 2 8 10 2 2 2
left_child=3 2 -2 5 -5 6 -1
right_child=1 -3 -4 4 -6 -7 -8
leaf_value=0.00018830572579744308 -0.00074071013140832856 -0.00037091951627745215 2.371039621673371e-05 -0.000279423801973322 7.292399252928812e-05 0.00016109160910313656 -0.00029228109622469339
leaf_weight=229 46 29 107 25 26 204 98
leaf_count=229 46 29 107 25 26 204 98
internal_value=0.000680628 -0.00214286 -0.000882353 0.00156357 -0.00284314 0.00198682 0.00087156
internal_weight=764 182 153 582 51 531 327
internal_count=764 182 153 582 51 531 327
is_linear=0
shrinkage=0.05


Tree=9
num_leaves=8
num_cat=0
split_feature=13 5 10 6 7 7 0
split_gain=0.668839 0.800135 1.31119 0.406855 0.474415 0.472723 0.809435
threshold=21.134999275207523 0.016916330857159313 -0.0018123893917819098 -0.69069080871285238 -0.020192031085530301 0.0035497868546477966 -0.0024059303085431911
decision_type=2 2 2 2 2 2 2
left_child=3 2 -2 -1 -5 6 -6
right_child=1 -3 -4 4 5 -7 -8
leaf_value=0.00024913715911366302 1.9720114148937611e-05 0.00012751216290189616 -0.00098324819037201756 0.0001600108199296541 9.8062755094278226e-05 1.7859525281256225e-05 -0.00034096013743149421
leaf_weight=151 33 30 32 113 60 243 82
leaf_count=151 33 30 32 113 60 243 82
internal_value=0.000497312 -0.00342105 -0.00653846 0.00107088 0.000381526 -0.000454545 -0.00274648
internal_weight=744 95 65 649 498 385 142
internal_count=744 95 65 649 498 385 142
is_linear=0
shrinkage=0.05


Tree=10
num_leaves=8
num_cat=0
split_feature=7 4 2 4 16 7 3
split_gain=0.527765 0.48766 0.819969 1.58726 0.432553 0.334401 0.430212
threshold=0.06888219551310161 0.023851260934505784 0.036724031851618773 0.027602273198684208 0.016224885640699686 -0.023867903095272477 -0.001621241033809395
decision_type=2 2 2 2 2 2 2
left_child=1 4 3 -3 5 -1 -7
right_child=-2 2 -4 -5 -6 6 -8
leaf_value=0.00015448353178340029 -0.00029764467220349655 -0.0012746605643648311 5.1784323942768325e-05 2.5500365441927905e-05 0.00014507617809573128 -6.2513871917836518e-05 0.00010467057123100899
leaf_weight=95 35 25 30 46 91 135 292
leaf_count=95 35 25 30 46 91 135 292
internal_value=0.00099466 0.00128852 -0.00193069 -0.00485915 0.00181892 0.00126437 0.000667447
internal_weight=749 714 101 71 613 522 427
internal_count=749 714 101 71 613 522 427
is_linear=0
shrinkage=0.05


Tree=11
num_leaves=8
num_cat=0
split_feature=16 10 4 7 7 4 7
split_gain=0.54805 0.466568 0.590596 0.776482 1.20975 0.585404 0.624608
threshold=0.015062454766699209 -0.0020521313117868862 0.013929355334949713 0.031394770957592917 -0.020192031085530301 0.0150837572133377 -0.0053218166929635538
decision_type=2 2 2 2 2 2 2
left_child=1 -1 -3 4 -4 -6 -7
right_child=-2 2 3 -5 5 6 -8
leaf_value=0.00010311114424152695 6.0835201677567607e-05 0.0002463069785245014 0.00011124535087064157 0.00026734977679410712 -0.00046748320515791511 2.3908913119953219e-06 -0.0003295048008694916
leaf_weight=204 134 82 101 63 26 52 85
leaf_count=204 134 82 101 63 26 52 85
internal_value=0.000983936 0.000350734 -0.000623472 -0.00157492 -0.00276515 -0.00542945 -0.00412409
internal_weight=747 613 409 327 264 163 137
internal_count=747 613 409 327 264 163 137
is_linear=0
shrinkage=0.05


Tree=12
num_leaves=8
num_cat=0
split_feature=13 10 3 6 0 11 5
split_gain=0.526691 0.606685 0.342373 0.367662 0.554467 0.640523 0.639887
threshold=21.134999275207523 -0.0016165810670417111 0.0051299481568556357 -0.67977432067045662 -0.0035685407066052273 0.021151799211171721 0.01080481088483707
decision_type=2 2 2 2 2 2 2
left_child=2 -2 3 -1 -5 6 -6
right_child=1 -3 -4 4 5 -7 -8
leaf_value=0.00017152110555964897 2.8427539765852488e-05 -0.00086493833895717937 0.00018348444852582047 1.8823774067973299e-05 0.00011031645356543118 -0.00039185477466491692 -0.00031818953239636075
leaf_weight=144 50 46 75 164 134 30 91
leaf_count=144 50 46 75 164 134 30 91
internal_value=0.000640327 -0.0028125 0.00115987 0.000737123 -1.1933e-05 -0.00147059 -0.000555555
internal_weight=734 96 638 563 419 255 225
internal_count=734 96 638 563 419 255 225
is_linear=0
shrinkage=0.05


Tree=13
num_leaves=8
num_cat=0
split_feature=14 7 16 10 16 6 10
split_gain=0.598211 0.381315 0.730838 0.707544 0.460178 0.37427 0.367231
threshold=-0.098691693357393515 0.044827274034214944 0.0057387532828301344 -0.00010102094958625017 0.016224885640699686 1.379022798536649 -0.0027475813947746004
decision_type=2 2 2 2 2 2 2
left_child=-1 4 -3 -4 5 6 -2
right_child=1 2 3 -5 -6 -7 -8
leaf_value=-0.00035048606373514092 7.5242635456136599e-05 0.00025300755684220638 -0.00071043458286024403 1.0433634572118149e-05 0.00011264655771289025 0.00027171907464891131 -1.5011865831431043e-05
leaf_weight=39 148 37 33 25 84 53 326
leaf_count=39 148 37 33 25 84 53 326
internal_value=0.000771812 0.00110482 -0.00184211 -0.00534483 0.00156301 0.00101518 0.00056962
internal_weight=745 706 95 58 611 527 474
internal_count=745 706 95 58 611 527 474
is_linear=0
shrinkage=0.05


Tree=14
num_leaves=8
num_cat=0
split_feature=13 5 4 5 4 15 15
split_gain=0.57644 0.495957 1.01778 0.506814 0.942308 0.388372 0.699522
threshold=19.214999198913578 0.010163517256975308 0.019990284923344002 0.01490840748626523 0.027602273198684208 0.0026262779719000711 0.0016844884343980573
decision_type=2 2 2 2 2 2 2
left_child=5 -2 -3 -4 -5 6 -1
right_child=1 2 3 4 -6 -7 -8
leaf_value=7.5902643997613421e-05 0.00010861080951546321 -0.00048452668532329463 0.00015077586642966222 -0.00083737764803275033 0.00014600925214689449 0.00012445940919590131 -0.0002751771841239499
leaf_weight=313 35 36 41 26 26 212 30
leaf_count=313 35 36 41 26 26 212 30
internal_value=0.000897079 -0.00170732 -0.00313953 -0.000376344 -0.00365385 0.00166667 0.000626822
internal_weight=719 164 129 93 52 555 343
internal_count=719 164 129 93 52 555 343
is_linear=0
shrinkage=0.05


Tree=15
num_leaves=8
num_cat=0
split_feature=5 11 15 11 4 5 8
split_gain=0.609521 0.687087 0.665399 0.544625 1.09421 0.678882 0.579908
threshold=0.01080481088483707 0.025734816417073651 0.0075799358375070467 0.0015109645581827815 0.019990284923344002 0.014723463430998016 -0.0031165305407306327
decision_type=2 2 2 2 2 2 10
left_child=1 -1 3 4 -2 -6 -5
right_child=2 -3 -4 6 5 -7 -8
leaf_value=0.00013266897438055097 -0.0007069945246571534 -0.00010154179766596855 6.3160635977764889e-05 -0.00025071463360402751 0.00020948445304027087 -0.00042845462055207494 0.00012509708365333075
leaf_weight=367 31 28 66 69 43 45 94
leaf_count=367 31 28 66 69 43 45 94
internal_value=0.000491252 0.00183544 -0.00103448 -0.0020922 -0.00466387 -0.00181818 -0.000214724
internal_weight=743 395 348 282 119 88 163
internal_count=743 395 348 282 119 88 163
is_linear=0
shrinkage=0.05


Tree=16
num_leaves=8
num_cat=0
split_feature=7 4 4 1 8 16 11
split_gain=0.581831 1.16609 0.579491 0.854187 1.12737 0.394827 0.344508
threshold=0.044827274034214944 0.021438883566137091 0.022524901523610939 0.015874481112907905 -0.063849066419271391 0.016224885640699686 0.025734816417073651
decision_type=2 2 2 2 10 2 2
left_child=2 -2 5 4 -4 6 -1
right_child=1 -3 3 -5 -6 -7 -8
leaf_value=6.5925932127789536e-05 -0.00052936988589741827 5.8814578207724358e-05 4.925814563068751e-05 0.00021759840084737997 -0.00077787765418882025 0.0002175568858654279 -0.00010018876664652007
leaf_weight=439 48 44 34 30 47 80 35
leaf_count=439 48 44 34 30 47 80 35
internal_value=0.000574637 -0.00315217 0.00109023 -0.00220721 -0.00487654 0.0017509 0.00120253
internal_weight=757 92 665 111 81 554 474
internal_count=757 92 665 111 81 554 474
is_linear=0
shrinkage=0.05


Tree=17
num_leaves=8
num_cat=0
split_feature=5 11 4 11 11 2 7
split_gain=0.45341 0.932487 1.79956 0.658581 0.557525 0.465409 0.435109
threshold=0.01097021812128488 -0.0030472627630497291 0.019990284923344002 0.025734816417073651 -0.011940064700992346 0.028298515071743306 -0.032975109859840528
decision_type=2 2 2 2 2 2 2
left_child=3 2 -2 -1 -4 6 -3
right_child=1 5 4 -5 -6 -7 -8
leaf_value=0.00016435402132813351 -0.00071056737447452024 0.00013126390667713876 4.1679849423039697e-05 -0.00012641736738445479 -0.0011648343639165824 0.00012052304580878167 -6.6609145347210029e-05
leaf_weight=370 27 26 56 30 26 115 96
leaf_count=370 27 26 56 30 26 115 96
internal_value=0.000978552 -0.000346821 -0.00417431 0.002125 -0.000487805 0.0014135 -0.000737705
internal_weight=746 346 109 400 82 237 122
internal_count=746 346 109 400 82 237 122
is_linear=0
shrinkage=0.05


Tree=18
num_leaves=8
num_cat=0
split_feature=13 6 16 1 6 0 9
split_gain=0.541122 0.515245 0.499292 0.804297 0.674263 0.861901 1.2053
threshold=21.134999275207523 -0.67977432067045662 -0.011357085327666215 0.0085648318302186128 0.72333651918894815 0.00029222828869002187 0.078695030636582133
decision_type=2 2 2 2 2 2 8
left_child=1 -1 -3 4 5 6 -4
right_child=-2 2 3 -5 -6 -7 -8
leaf_value=0.00015747965711821466 -0.00020468518287040602 0.00016489123296639394 -0.00042364472473353245 6.3585127742245867e-05 0.00013710854131429982 2.4349451609688728e-06 -3.6776860733747597e-06
leaf_weight=162 101 96 38 205 58 62 31
leaf_count=162 101 96 38 205 58 62 31
internal_value=0.000484728 0.00101227 0.000204082 -0.000583756 -0.00293651 -0.00492366 -0.00876812
internal_weight=753 652 490 394 189 131 69
internal_count=753 652 490 394 189 131 69
is_linear=0
shrinkage=0.05


Tree=19
num_leaves=8
num_cat=0
split_feature=13 7 9 15 15 2 8
split_gain=0.657964 0.540976 0.857009 0.727223 0.868747 0.475575 0.605381
threshold=15.694999694824221 -0.037284011482160366 0.08195907205506793 0.0018210922166210788 -0.0033066679002364259 -0.02208823622301875 0.067366354437880208
decision_type=2 2 8 2 2 2 10
left_child=-1 -2 3 4 -3 -4 -7
right_child=1 2 5 -5 -6 6 -8
leaf_value=0.00011581795178856926 0.00021045026067761059 -2.8741588181318353e-05 0.00014542625535593536 5.2053137456316123e-06 -0.00081817768677148919 -0.00011334299957225273 5.3460544281794893e-05
leaf_weight=282 50 31 68 45 30 113 120
leaf_count=282 50 31 68 45 30 113 120
internal_value=0.00026387 -0.000908096 -0.00151106 -0.00537736 -0.00893443 -0.000149501 -0.00122318
internal_weight=739 457 407 106 61 301 233
internal_count=739 457 407 106 61 301 233
is_linear=0
shrinkage=0.05


Tree=20
num_leaves=8
num_cat=0
split_feature=14 11 9 9 13 9 4
split_gain=0.702259 0.387723 0.324133 0.715271 0.47698 0.71422 0.390108
threshold=-0.093449770795740669 -0.03145344780031472 -0.029190405140796401 -0.022293518024952105 16.579999923706058 0.033978530286582605 0.021788347395573216
decision_type=2 2 10 10 2 10 2
left_child=-1 -2 -3 -4 -5 -6 -7
right_child=1 2 3 4 5 6 -8
leaf_value=-0.00030081320133678777 -2.677303996583999e-05 0.00014193776839641333 -0.00029143097407896361 8.5925736396039431e-05 -0.0005834736247089632 -3.1607156877941306e-05 6.2226549737314695e-05
leaf_weight=43 25 248 29 215 26 113 52
leaf_count=43 25 248 29 215 26 113 52
internal_value=0.000739015 0.00111582 0.00133968 0.000517242 0.00105911 -0.000759162 0.000454546
internal_weight=751 708 683 435 406 191 165
internal_count=751 708 683 435 406 191 165
is_linear=0
shrinkage=0.05


Tree=21
num_leaves=8
num_cat=0
split_feature=12 8 1 12 8 4 2
split_gain=0.423317 0.533487 0.945256 0.522721 0.660623 0.515661 0.895855
threshold=0.015760978706321874 -0.025853095867288341 -0.02340155443358782 0.028594674510006083 -0.040733555937583092 0.020082202023263027 0.021146123760584116
decision_type=2 10 2 2 10 2 2
left_child=1 -1 -3 -2 -5 6 -4
right_child=3 2 5 4 -6 -7 -8
leaf_value=0.00013915622460361368 0.00031054002926589645 -0.00053148240496916519 0.00011824160362444539 -9.7668481411428327e-05 0.00010648870684778157 3.5480791533962993e-05 -0.00033894695752801333
leaf_weight=114 130 25 49 39 246 88 57
leaf_count=114 130 25 49 39 246 88 57
internal_value=0.00092246 -0.000405405 -0.00184931 0.00198795 0.000789474 -0.000670103 -0.00301887
internal_weight=748 333 219 415 285 194 106
internal_count=748 333 219 415 285 194 106
is_linear=0
shrinkage=0.05


Tree=22
num_leaves=8
num_cat=0
split_feature=13 5 5 14 14 13 14
split_gain=0.447208 1.0361 0.768386 0.398565 0.571443 1.34241 0.325567
threshold=21.134999275207523 0.016916330857159313 0.013021670098377189 0.035115678917499234 0.013406221047230662 14.870000362396242 -0.0056306847578752031
decision_type=2 2 2 2 2 2 2
left_child=3 2 -2 4 6 -6 -1
right_child=1 -3 -4 -5 5 -7 -8
leaf_value=1.1462258658215545e-06 -1.2737078803947688e-05 0.00018561202350958418 -0.0007664869113356347 7.7039514046926125e-05 0.00026319014565092102 -0.00040864741872804176 0.00015380057827255988
leaf_weight=318 43 31 25 148 28 47 102
leaf_count=318 43 31 25 148 28 47 102
internal_value=0.000552561 -0.00257576 -0.00602941 0.00103421 0.000353536 -0.00366667 0.00107143
internal_weight=742 99 68 643 495 75 420
internal_count=742 99 68 643 495 75 420
is_linear=0
shrinkage=0.05


Tree=23
num_leaves=8
num_cat=0
split_feature=6 3 2 6 13 5 3
split_gain=0.455079 0.57875 0.960087 0.413276 0.433577 0.892564 0.475354
threshold=-0.67977432067045662 -0.001621241033809395 0.0050554058608883743 1.9721809721877124 21.134999275207523 0.015642369797761162 0.0051299481568556357
decision_type=2 2 2 2 2 2 2
left_child=1 2 -1 4 6 -6 -2
right_child=3 -3 -4 -5 5 -7 -8
leaf_value=0.00024364283332401488 -1.4828826343849481e-05 0.00017261261937998303 -0.00056919605212021787 0.00015127620863514306 -0.00049159995822611901 9.1479540481730792e-05 0.00013011023703647732
leaf_weight=27 392 128 26 54 39 25 60
leaf_count=27 392 128 26 54 39 25 60
internal_value=0.000605859 0.00279006 -0.00160377 -8.77191e-05 -0.000523256 -0.004375 2.21241e-05
internal_weight=751 181 53 570 516 64 452
internal_count=751 181 53 570 516 64 452
is_linear=0
shrinkage=0.05


Tree=24
num_leaves=8
num_cat=0
split_feature=5 5 8 14 15 6 11
split_gain=0.444522 0.82336 0.777369 0.999839 0.79344 0.668812 0.64386
threshold=0.01080481088483707 0.01135520098302816 0.067366354437880208 -0.025685626403374347 0.0018210922166210788 0.59661262884775157 0.026101750474282651
decision_type=2 2 10 2 2 2 2
left_child=6 -2 3 4 -3 -5 -1
right_child=1 2 -4 5 -6 -7 -8
leaf_value=0.00010296241696204517 -0.00016416113031468386 -0.00069056428918088774 0.00010307378069926647 6.3373463777007457e-05 1.1813240584051247e-06 -0.00041065628792447064 -0.00011693628287953865
leaf_weight=358 30 42 100 118 43 28 30
leaf_count=358 30 42 100 118 43 28 30
internal_value=0.000861148 -0.000401662 0.000317221 -0.00127706 -0.00558823 0.00123288 0.00203608
internal_weight=749 361 331 231 85 146 388
internal_count=749 361 331 231 85 146 388
is_linear=0
shrinkage=0.05


Tree=25
num_leaves=8
num_cat=0
split_feature=13 13 13 9 14 1 8
split_gain=0.31918 0.301353 0.586834 0.283887 0.539438 0.469241 1.05042
threshold=14.870000362396242 12.88000011444092 12.494999885559084 0.08195907205506793 0.028010740507291913 0.0091882749335772135 -0.042240393010702863
decision_type=2 2 2 8 2 2 10
left_child=1 2 -1 4 5 6 -2
right_child=3 -3 -4 -5 -6 -7 -8
leaf_value=0.00043199793641216151 6.8603196745083286e-05 0.00017218243625917868 -0.00032335778745945639 2.598205362777906e-05 6.1070106178991323e-05 2.6211478569841347e-06 -0.00059998653328958149
leaf_weight=26 34 168 29 354 63 47 36
leaf_count=26 34 168 29 354 63 47 36
internal_value=0.00116909 0.00275785 -0.000454545 0.000505618 -0.00111111 -0.00311966 -0.00571429
internal_weight=757 223 55 534 180 117 70
internal_count=757 223 55 534 180 117 70
is_linear=0
shrinkage=0.05


Tree=26
num_leaves=8
num_cat=0
split_feature=10 10 16 16 7 16 9
split_gain=0.394423 0.764258 0.526265 0.576223 0.54741 0.485692 0.477667
threshold=-0.0016165810670417111 -0.00083771679108757258 0.0083215217907013379 0.0057387532828301344 -0.0034818049657711066 0.0061730453606970723 -0.027695115688433466
decision_type=2 2 2 2 2 2 10
left_child=5 -2 3 6 -4 -1 -3
right_child=1 2 4 -5 -6 -7 -8
leaf_value=0.00010219659973332357 -0.00054456560531463555 0.00011907198074621094 -0.00047527541975633293 -0.00038222573593382276 0.00014266994207842837 -3.2226239993296747e-06 -3.8753250416272428e-05
leaf_weight=172 26 93 30 39 124 87 166
leaf_count=172 26 93 30 39 124 87 166
internal_value=0.000725916 -0.000125523 0.000353982 -0.000872483 0.00272727 0.0022973 -1.93048e-05
internal_weight=737 478 452 298 154 259 259
internal_count=737 478 452 298 154 259 259
is_linear=0
shrinkage=0.05


Tree=27
num_leaves=8
num_cat=0
split_feature=10 3 13 9 9 13 3
split_gain=0.277529 0.49968 0.683418 0.331491 0.551819 0.502682 0.570656
threshold=0.0097369654771942721 0.00010738593944115139 17.860000610351566 -0.029190405140796401 -0.022293518024952105 21.134999275207523 -0.0013500061618358925
decision_type=2 2 2 10 10 2 2
left_child=3 -2 -3 -1 -5 -6 -7
right_child=1 2 -4 4 5 6 -8
leaf_value=9.5967358582537115e-05 0.00020657597121073753 0.00013314122363300378 -0.0009182080091110767 -0.00024997133323362042 5.5231710625718304e-05 -0.00057568114808108915 7.1122297093702125e-05
leaf_weight=234 32 33 26 26 337 25 36
leaf_count=234 32 33 26 26 337 25 36
internal_value=0.00099466 -0.00159341 -0.00432203 0.00135258 0.000518868 0.0009799 -0.00319672
internal_weight=749 91 59 658 424 398 61
internal_count=749 91 59 658 424 398 61
is_linear=0
shrinkage=0.05


Tree=28
num_leaves=8
num_cat=0
split_feature=10 2 3 3 7 16 12
split_gain=0.490742 0.537634 0.408671 0.392698 0.669667 0.872727 0.695122
threshold=0.0097369654771942721 -0.022818729355667419 0.0016036202941612789 -0.0033081187637146732 -0.0036215854799513942 0.0030438865422458554 -0.01116014011506866
decision_type=2 2 2 2 2 2 2
left_child=3 -2 -3 4 6 -6 -1
right_child=1 2 -4 -5 5 -7 -8
leaf_value=-0.00039863416432655771 -0.00032951271380319652 0.00017601304047671338 -3.6559496157785667e-05 5.6494983840638039e-05 -0.00036754727462486508 6.917735747859232e-05 0.00010769044788872546
leaf_weight=25 31 36 26 529 27 33 57
leaf_count=25 31 36 26 529 27 33 57
internal_value=0.000876964 -0.00252688 0.000161291 0.00134873 -0.000985915 -0.005 0.00195122
internal_weight=764 93 62 671 142 60 82
internal_count=764 93 62 671 142 60 82
is_linear=0
shrinkage=0.05


Tree=29
num_leaves=8
num_cat=0
split_feature=1 14 6 0 3 3 1
split_gain=0.551471 0.385759 0.260586 1.00296 0.36234 0.369682 0.841928
threshold=0.063778587807273648 -0.098691693357393515 -0.57877694790878664 -0.0093561539172650737 0.0053828611658999223 0.0023580416908188799 -0.0030019033292338899
decision_type=2 2 2 2 2 2 2
left_child=1 -1 3 -3 5 -4 -7
right_child=-2 2 4 -5 -6 6 -8
leaf_value=-0.00030197963578159004 -0.00017934904724414236 -0.0005212234804569015 9.2157291866579823e-06 0.00016866893438707885 0.00014086163364234467 0.00011563187780531896 -0.00021399869487418629
leaf_weight=41 27 27 301 187 65 33 51
leaf_count=41 27 27 301 187 65 33 51
internal_value=0.00090164 0.00117021 0.00146084 0.0028972 0.000777778 0.000194805 -0.00273809
internal_weight=732 705 664 214 450 385 84
internal_count=732 705 664 214 450 385 84
is_linear=0
shrinkage=0.05


Tree=30
num_leaves=8
num_cat=0
split_feature=14 8 2 13 4 14 2
split_gain=0.446886 0.741163 0.777761 0.802881 0.562381 0.554442 0.470474
threshold=-0.0059106162699663059 0.068487930895724261 0.054283224810036119 20.980000495910648 0.022762669678008784 -0.01786915050429105 -0.0022653200035591676
decision_type=2 10 2 2 2 2 2
left_child=1 2 3 4 5 -1 -2
right_child=6 -3 -4 -5 -6 -7 -8
leaf_value=0.00012804474603637594 8.0157934433072503e-05 0.00012930123478454544 -0.00018915752803706906 -0.00054174879470941925 -0.00026147536545583877 -0.0001557528414904414 1.3872766857871263e-05
leaf_weight=148 164 69 38 25 33 49 212
leaf_count=148 164 69 38 25 33 49 212
internal_value=0.000867209 -0.00038674 -0.00148464 -0.000490196 0.000434783 0.0014467 0.00207447
internal_weight=738 362 293 255 230 197 376
internal_count=738 362 293 255 230 197 376
is_linear=0
shrinkage=0.05


Tree=31
num_leaves=8
num_cat=0
split_feature=10 10 13 7 12 12 1
split_gain=0.311307 0.691527 0.813154 0.417214 0.380645 0.500217 0.686211
threshold=-0.0016165810670417111 -0.0001525908648420948 16.469999313354496 0.050237527003332512 0.015760978706321874 -0.0011596324607267003 0.0062856206681658486
decision_type=2 2 2 2 2 2 2
left_child=3 2 -2 -1 5 -3 -7
right_child=1 4 -4 -5 -6 6 -8
leaf_value=8.0146408418136728e-05 -0.00045119864831002311 3.3103212695551172e-05 7.5041505345426748e-05 -0.00015479814977572675 9.1095648617304446e-05 -0.00034392013771533339 0.00023197980788709112
leaf_weight=225 29 94 28 33 254 37 38
leaf_count=225 29 94 28 33 254 37 38
internal_value=0.00127371 0.000520834 -0.00464912 0.00267442 0.00121749 -0.000621302 -0.00366667
internal_weight=738 480 57 258 423 169 75
internal_count=738 480 57 258 423 169 75
is_linear=0
shrinkage=0.05


end of trees

feature_importances:
vix_level=21
parkinson_20=20
atr_pct=19
overnight_gap=15
dvol_z_20=15
dist_ma20=15
spy_ret_1d=14
vix_chg_1d=14
spy_ret_5d=13
dist_ma50=12
dist_ma200=12
sector_ret_1d=12
ret_20d=10
spy_ret_20d=10
sector_ret_5d=10
ret_5d=7
ret_1d=5

parameters:
[boosting: gbdt]
[objective: quantile]
[metric: quantile]
[tree_learner: serial]
[device_type: cpu]
[data_sample_strategy: bagging]
[data: ]
[valid: ]
[num_iterations: 80]
[learning_rate: 0.05]
[num_leaves: 8]
[num_threads: 1]
[seed: 0]
[deterministic: 0]
[force_col_wise: 1]
[force_row_wise: 0]
[histogram_pool_size: -1]
[max_depth: -1]
[min_data_in_leaf: 25]
[min_sum_hessian_in_leaf: 0.001]
[bagging_fraction: 0.9]
[pos_bagging_fraction: 1]
[neg_bagging_fraction: 1]
[bagging_freq: 1]
[bagging_seed: 3]
[bagging_by_query: 0]
[feature_fraction: 0.9]
[feature_fraction_bynode: 1]
[feature_fraction_seed: 2]
[extra_trees: 0]
[extra_seed: 6]
[early_stopping_round: 0]
[early_stopping_min_delta: 0]
[first_metric_only: 0]
[max_delta_step: 0]
[lambda_l1: 0]
[lambda_l2: 0]
[linear_lambda: 0]
[min_gain_to_split: 0]
[drop_rate: 0.1]
[max_drop: 50]
[skip_drop: 0.5]
[xgboost_dart_mode: 0]
[uniform_drop: 0]
[drop_seed: 4]
[top_rate: 0.2]
[other_rate: 0.1]
[min_data_per_group: 100]
[max_cat_threshold: 32]
[cat_l2: 10]
[cat_smooth: 10]
[max_cat_to_onehot: 4]
[top_k: 20]
[monotone_constraints: ]
[monotone_constraints_method: basic]
[monotone_penalty: 0]
[feature_contri: ]
[forcedsplits_filename: ]
[refit_decay_rate: 0.9]
[cegb_tradeoff: 1]
[cegb_penalty_split: 0]
[cegb_penalty_feature_lazy: ]
[cegb_penalty_feature_coupled: ]
[path_smooth: 0]
[interaction_constraints: ]
[verbosity: -1]
[saved_feature_importance_type: 0]
[use_quantized_grad: 0]
[num_grad_quant_bins: 4]
[quant_train_renew_leaf: 0]
[stochastic_rounding: 1]
[linear_tree: 0]
[max_bin: 255]
[max_bin_by_feature: ]
[min_data_in_bin: 3]
[bin_construct_sample_cnt: 200000]
[data_random_seed: 1]
[is_enable_sparse: 1]
[enable_bundle: 1]
[use_missing: 1]
[zero_as_missing: 0]
[feature_pre_filter: 1]
[pre_partition: 0]
[two_round: 0]
[header: 0]
[label_column: ]
[weight_column: ]
[group_column: ]
[ignore_column: ]
[categorical_feature: ]
[forcedbins_filename: ]
[precise_float_parser: 0]
[parser_config_file: ]
[objective_seed: 5]
[num_class: 1]
[is_unbalance: 0]
[scale_pos_weight: 1]
[sigmoid: 1]
[boost_from_average: 1]
[reg_sqrt: 0]
[alpha: 0.1]
[fair_c: 1]
[poisson_max_delta_step: 0.7]
[tweedie_variance_power: 1.5]
[lambdarank_truncation_level: 30]
[lambdarank_norm: 1]
[label_gain: ]
[lambdarank_position_bias_regularization: 0]
[eval_at: ]
[multi_error_top_k: 1]
[auc_mu_weights: ]
[num_machines: 1]
[local_listen_port: 12400]
[time_out: 120]
[machine_list_filename: ]
[machines: ]
[gpu_platform_id: -1]
[gpu_device_id: -1]
[gpu_device_id_list: ]
[gpu_use_dp: 0]
[num_gpu: 1]

end of parameters

pandas_categorical:[]
