tree
version=v4
num_class=1
num_tree_per_iteration=1
label_index=0
max_feature_idx=16
objective=quantile
feature_names=ret_1d ret_5d ret_20d overnight_gap atr_pct parkinson_20 dvol_z_20 dist_ma20 dist_ma50 dist_ma200 spy_ret_1d spy_ret_5d spy_ret_20d vix_level vix_chg_1d sector_ret_1d sector_ret_5d
feature_infos=[-0.092092803030303094:0.075286662643331281] [-0.14120221392714638:0.12697659709044906] [-0.13331071913161463:0.18788786646693767] [-0.065577651515151603:0.074145587951341962] [0.012001056489154482:0.042566419701554843] [0.0074696178652375374:0.024241016616761906] [-1.867888966979915:4.2541577356026634] [-0.11644352628024324:0.12709515639435121] [-0.11908946281987787:0.15524015768452726] [-0.098379277682825061:0.29788599599481391] [-0.058542947643003718:0.10501933612632941] [-0.11496158439845272:0.082843216242346029] [-0.12265592443394913:0.15756596870864792] [11.859999656677246:52.330001831054688] [-0.35753873962348437:0.74039073966007019] [-0.073180960369049974:0.075364298724954315] [-0.12187673514714059:0.078003457216940353]
tree_sizes=841 859 852 866 862 869 864 863 862 862 869 863 859 860 859 855 871 867 869 861 860 871 858 858 862 859 863 864 869 870 872 863 860 875 874 855 858 857 869 867 858 869 851 864 869 865 867 861 860 859 868 864 861 865 851 867 860 860 861 858 874 852 858 866 855 868 864 869 860 865

Tree=0
num_leaves=8
num_cat=0
split_feature=13 6 8 16 6 9 15
split_gain=2.3459 1.42366 1.72379 0.744466 0.652354 0.592811 0.874149
threshold=20.610000610351566 -0.62213492761092903 0.028239435378124681 0.03800778555159124 -0.70578712885457739 0.066283185989775131 -0.0057908414355089524
decision_type=2 2 8 2 2 10 2
left_child=3 -2 -3 4 -1 -6 -7
right_child=1 2 -4 -5 5 6 -8
leaf_value=-0.020313348277618392 -0.020397626215998305 -0.020612634984698269 -0.021295282359352158 -0.02122304080370379 -0.020427104037767128 -0.020951385482307468 -0.020485862572763559
leaf_weight=150 29 38 48 25 245 28 187
leaf_count=150 29 38 48 25 245 28 187
internal_value=-0.0203124 -0.0268834 -0.0301139 -0.0191224 -0.0187758 -0.0197095 -0.0216256
internal_weight=750 115 86 635 610 460 215
internal_count=750 115 86 635 610 460 215
is_linear=0
shrinkage=1


Tree=1
num_leaves=8
num_cat=0
split_feature=13 4 0 10 14 13 0
split_gain=1.75751 1.38335 1.09591 0.730755 0.73985 0.658636 0.802765
threshold=20.610000610351566 0.021647289551025579 0.0015069994488582374 0.0040309236924269696 1.0000000180025095e-35 15.574999809265138 0.0069507386302535288
decision_type=2 2 2 2 2 2 2
left_child=3 -2 -3 -1 5 -5 -7
right_child=1 2 -4 4 -6 6 -8
leaf_value=0.00017070021311328277 1.7480540090906994e-05 -7.3926470408439899e-05 -0.00054670724332479684 0.00015658581486611178 -0.00028387344850379202 -0.00030560911345561375 0.00020521227588563386
leaf_weight=412 49 33 29 77 25 64 45
leaf_count=412 49 33 29 77 25 64 45
internal_value=0.000435967 -0.00536036 -0.0103226 0.0014687 -0.00092417 0.000161291 -0.00233945
internal_weight=734 111 62 623 211 186 109
internal_count=734 111 62 623 211 186 109
is_linear=0
shrinkage=0.05


Tree=2
num_leaves=8
num_cat=0
split_feature=13 4 0 6 5 13 14
split_gain=1.7906 1.41635 1.15103 0.654097 0.537037 0.51975 0.880973
threshold=20.610000610351566 0.021647289551025579 0.0046551858967278656 -0.70578712885457739 0.011020830659584218 15.085000038146974 0.023268635347166725
decision_type=2 2 2 2 2 2 2
left_child=3 4 -3 -1 -2 6 -5
right_child=1 2 -4 5 -6 -7 -8
leaf_value=0.00024389694676861114 -0.00071462972212243698 -0.00049665966408817019 -0.00050514952475733729 0.0002683982647256252 0.00038155165794589736 -6.9619547277440771e-05 -0.0001377237943502263
leaf_weight=150 25 39 25 149 29 296 36
leaf_count=150 25 39 25 149 29 296 36
internal_value=6.00803e-05 -0.00559322 -0.010625 0.00111727 0.000370371 0.000218295 0.0022973
internal_weight=749 118 64 631 54 481 185
internal_count=749 118 64 631 54 481 185
is_linear=0
shrinkage=0.05


Tree=3
num_leaves=8
num_cat=0
split_feature=13 2 11 6 1 14 11
split_gain=1.01154 1.31871 0.924769 0.947388 0.837937 0.490414 0.781198
threshold=19.055000305175785 0.06105193071718807 0.017632918740663531 -0.19850328291895605 -0.016607572267159695 -0.034475777702634207 -0.0022568172628349421
decision_type=2 2 2 2 2 2 2
left_child=2 4 5 -4 -2 6 -1
right_child=1 -3 3 -5 -6 -7 -8
leaf_value=-0.0003227865579213455 -0.00044674846276389346 -0.00048817027859356099 0.00013638439757282904 -0.00044777717339405899 4.2847434214017252e-05 0.00019021820072079179 0.00013232131603921899
leaf_weight=34 41 32 73 45 116 314 88
leaf_count=34 41 32 73 45 116 314 88
internal_value=0.000222073 -0.00293651 0.00129964 -0.00262712 -0.00105096 0.00236239 -0.000327869
internal_weight=743 189 554 118 157 436 122
internal_count=743 189 554 118 157 436 122
is_linear=0
shrinkage=0.05


Tree=4
num_leaves=8
num_cat=0
split_feature=6 12 0 9 8 4 8
split_gain=0.954025 1.23878 0.69705 1.03646 0.642005 0.620265 0.445808
threshold=-0.70578712885457739 0.012544091383750124 0.0074665134590922175 0.089929404889970713 0.093560957838937267 0.023243132929602339 1.0000000180025095e-35
decision_type=2 2 2 8 8 2 10
left_child=-1 2 5 -4 -3 6 -2
right_child=1 4 3 -5 -6 -7 -8
leaf_value=0.0002044873472081467 -0.00024171646803501125 9.782936462977024e-05 -0.00013884504461310164 -0.00068537436652457706 -0.00019157358230361768 -0.00034261922322467416 0.00021936501877571014
leaf_weight=164 56 326 36 34 26 47 57
leaf_count=164 56 326 36 34 26 47 57
internal_value=0.000107239 -0.000841924 -0.00369565 -0.00785714 0.00102273 -0.001875 0.000132744
internal_weight=746 582 230 70 352 160 113
internal_count=746 582 230 70 352 160 113
is_linear=0
shrinkage=0.05


Tree=5
num_leaves=8
num_cat=0
split_feature=10 3 10 6 12 12 14
split_gain=0.780681 1.5577 0.621097 0.420754 0.749586 0.892857 0.415245
threshold=0.010591418284257028 1.0000000180025095e-35 -0.015449561797136633 -0.70578712885457739 0.013959702571110679 0.0072856362379064574 0.018846539562811352
decision_type=2 2 2 2 2 2 2
left_child=2 -2 -1 -4 5 -5 -6
right_child=1 -3 3 4 6 -7 -8
leaf_value=-0.0002231040542709121 -0.00046854388884615497 0.00011972277911496534 0.00017596080581729745 -3.5743865867416442e-05 0.00017213366319686761 -0.00066272342911921015 -9.5503010037301174e-05
leaf_weight=32 30 43 159 140 215 35 83
leaf_count=32 30 43 159 140 215 35 83
internal_value=0.00031886 -0.00458904 0.000858434 0.00120253 0.000454546 -0.00214286 0.00197987
internal_weight=737 73 664 632 473 175 298
internal_count=737 73 664 632 473 175 298
is_linear=0
shrinkage=0.05


Tree=6
num_leaves=8
num_cat=0
split_feature=13 6 9 4 11 11 2
split_gain=1.01279 1.05256 1.22216 1.34853 0.996918 0.977778 0.95423
threshold=15.085000038146974 -0.65486829105167821 0.093179163239226051 0.016576383557010962 0.0015109645581827815 0.0044457206101340416 -0.040258805010403846
decision_type=2 2 10 2 2 2 2
left_child=-1 -2 4 -4 -3 -5 -6
right_child=1 2 3 5 6 -7 -8
leaf_value=0.00012231466551643972 0.00016191662479914817 8.0678693875667307e-05 -0.00094837250270811814 -0.00090108221088978479 -0.00034723390093312602 0.00013586593656745926 -0.00012111801837071664
leaf_weight=244 125 145 28 36 44 30 94
leaf_count=244 125 145 28 36 44 30 94
internal_value=0.000308311 -0.000976095 -0.00229443 -0.00723404 -0.00065371 -0.00333333 -0.00369565
internal_weight=746 502 377 94 283 66 138
internal_count=746 502 377 94 283 66 138
is_linear=0
shrinkage=0.05


Tree=7
num_leaves=8
num_cat=0
split_feature=6 12 2 8 14 11 14
split_gain=0.7454 1.06709 0.895591 1.23676 0.925641 0.548572 0.841684
threshold=-0.70578712885457739 0.012544091383750124 0.043451175169303975 -0.059861525980383405 -0.01013918808565367 0.016536757711404618 0.0017102699334086149
decision_type=2 2 2 10 2 2 2
left_child=-1 2 3 -2 -4 -3 -7
right_child=1 5 4 -5 -6 6 -8
leaf_value=0.00016234021040744895 -0.00030956970766789232 0.0001423768231357003 4.198383979106112e-06 4.2083046738321848e-05 -0.00070805800784412651 7.1990739475021357e-05 -0.00061119988503302624
leaf_weight=172 34 255 26 136 39 55 28
leaf_count=172 34 255 26 136 39 55 28
internal_value=0.000369128 -0.000497382 -0.00308511 -0.00117647 -0.00807692 0.00130178 -0.00222892
internal_weight=745 573 235 170 65 338 83
internal_count=745 573 235 170 65 338 83
is_linear=0
shrinkage=0.05


Tree=8
num_leaves=8
num_cat=0
split_feature=6 12 12 4 0 7 10
split_gain=0.932567 0.777881 0.722215 1.39147 1.34737 1.01613 0.523143
threshold=-0.70578712885457739 0.012544091383750124 0.0027925982816148225 0.021647289551025579 -0.00025989221361211173 -0.003052113405734191 0.0098863943320696163
decision_type=2 2 2 2 2 2 2
left_child=-1 2 3 -2 -5 -4 -3
right_child=1 6 5 4 -6 -7 -8
leaf_value=0.00017959610082732288 6.34126693996992e-05 8.5261544299456956e-05 -1.9019169284249686e-05 3.0273779899080388e-05 -0.00042253354197374811 -0.0005296396443210345 -0.00039289045717198681
leaf_weight=173 107 315 31 36 40 25 37
leaf_count=173 107 315 31 36 40 25 37
internal_value=0.000615183 -0.000329949 -0.00253138 -0.00101093 -0.00618421 -0.0075 0.00116477
internal_weight=764 591 239 183 76 56 352
internal_count=764 591 239 183 76 56 352
is_linear=0
shrinkage=0.05


Tree=9
num_leaves=8
num_cat=0
split_feature=13 14 8 10 13 5 7
split_gain=0.89197 0.670439 0.821644 0.449221 0.713896 0.829098 1.20816
threshold=19.055000305175785 -0.061929277885563232 0.035095844430883545 -0.0018713980649029403 15.085000038146974 0.011154654765922624 0.011686577969565072
decision_type=2 2 10 2 2 2 2
left_child=3 -2 -3 -1 -5 6 -6
right_child=1 2 -4 4 5 -7 -8
leaf_value=0.00014530689663702848 -0.0002794957528687027 4.6047748722335509e-05 -0.00047855990320007553 0.00016716863870792651 -0.00074008804474595127 4.1006527863873062e-05 0.00010392981059484315
leaf_weight=162 32 100 48 189 39 137 37
leaf_count=162 32 100 48 189 39 137 37
internal_value=0.000564516 -0.0025 -0.00108108 0.00154255 0.000646766 -0.00133803 -0.00552632
internal_weight=744 180 148 564 402 213 76
internal_count=744 180 148 564 402 213 76
is_linear=0
shrinkage=0.05


Tree=10
num_leaves=8
num_cat=0
split_feature=12 6 16 3 12 14 1
split_gain=0.740727 0.793989 0.759597 0.353816 0.381781 0.674141 0.829133
threshold=-0.036853049265853803 0.10677051440612942 0.03800778555159124 -0.0008363388331690812 0.0033715078329863428 0.018846539562811352 0.0021501722853713994
decision_type=2 2 2 2 2 2 2
left_child=1 -1 3 -2 -5 6 -6
right_child=2 -3 -4 4 5 -7 -8
leaf_value=6.2779732083612634e-05 8.6794965385232051e-05 -0.00090250385587528506 -0.00052426215816782037 5.4227919864671671e-05 -0.00017924130535957358 -0.00025541572458954136 0.00017998565909046612
leaf_weight=37 264 30 25 103 79 78 133
leaf_count=37 264 30 25 103 79 78 133
internal_value=0.00106142 -0.00395522 0.00155425 0.00187976 0.000928753 1.86265e-10 0.00146226
internal_weight=749 67 682 657 393 290 212
internal_count=749 67 682 657 393 290 212
is_linear=0
shrinkage=0.05


Tree=11
num_leaves=8
num_cat=0
split_feature=12 6 10 16 11 10 1
split_gain=0.704554 0.83668 0.456388 0.41253 0.680073 0.747217 0.971042
threshold=-0.036853049265853803 0.28018260286957281 -0.0020521313117868862 -0.010518498384392004 -0.0038175653933905647 0.0098863943320696163 0.011327794355193712
decision_type=2 2 2 2 2 2 2
left_child=1 -1 -2 -4 -5 -6 -7
right_child=2 -3 3 4 5 6 -8
leaf_value=5.1545948630497548e-05 0.00012493562988402307 -0.00071340284784063464 0.00019768764592057939 -0.00046925838822711599 6.6555166317227598e-05 -0.00056111263145860297 3.738040045292795e-05
leaf_weight=44 208 25 70 41 300 28 31
leaf_count=44 208 25 70 41 300 28 31
internal_value=0.0011178 -0.00369565 0.00160767 0.000744681 0.000125 0.000821727 -0.00432203
internal_weight=747 69 678 470 400 359 59
internal_count=747 69 678 470 400 359 59
is_linear=0
shrinkage=0.05


Tree=12
num_leaves=8
num_cat=0
split_feature=13 6 1 1 1 6 0
split_gain=0.753448 0.741976 0.889725 1.4407 0.600676 0.705486 1.26562
threshold=15.144999980926515 -0.62213492761092903 0.025017882548761031 0.035406408427229648 -0.031554240224322898 -0.34963749208748157 0.0015069994488582374
decision_type=2 2 2 2 2 2 2
left_child=-1 -2 4 -4 -3 6 -6
right_child=1 2 3 -5 5 -7 -8
leaf_value=0.00010691350116034259 0.00016753612955748074 -0.00029459682053582955 -0.00046433363048326969 1.6623974758628167e-05 0.00011132159567163131 9.2817307220886144e-05 -0.00057004834643733105
leaf_weight=241 133 56 27 32 32 181 32
leaf_count=241 133 56 27 32 32 181 32
internal_value=0.00104905 -7.09937e-05 -0.00125 -0.00686441 -0.000149501 0.000918368 -0.00359375
internal_weight=734 493 360 59 301 245 64
internal_count=734 493 360 59 301 245 64
is_linear=0
shrinkage=0.05


Tree=13
num_leaves=8
num_cat=0
split_feature=8 16 13 1 13 15 1
split_gain=0.683962 0.523398 0.540355 0.54394 0.528938 0.439848 0.647597
threshold=0.093560957838937267 0.03800778555159124 15.144999980926515 0.024071727100293931 18.335000038146976 0.0051876963822941055 0.0017620203949034743
decision_type=8 2 2 2 2 2 2
left_child=1 2 -1 5 -5 -4 -7
right_child=-2 -3 3 4 -6 6 -8
leaf_value=0.00014710575781316066 -0.00014087850654081368 -0.00027489477936772793 9.2515532963410185e-05 1.5393589031175418e-05 -0.00048738441428227818 -0.00022407567284377485 6.3944720233548701e-05
leaf_weight=213 53 30 281 35 30 47 56
leaf_count=213 53 30 281 35 30 47 56
internal_value=0.00104027 0.00145954 0.00175227 0.000768374 -0.00346154 0.00148438 -0.00131068
internal_weight=745 692 662 449 65 384 103
internal_count=745 692 662 449 65 384 103
is_linear=0
shrinkage=0.05


Tree=14
num_leaves=8
num_cat=0
split_feature=8 16 13 7 5 3 15
split_gain=0.667531 0.391141 0.488243 0.996302 0.331156 0.315159 0.604366
threshold=0.093560957838937267 0.03800778555159124 20.610000610351566 0.020358911806386274 0.011693499680053437 -0.0008363388331690812 -0.0074102049811580186
decision_type=8 2 2 2 2 2 2
left_child=1 2 5 -4 -2 -1 -7
right_child=4 -3 3 -5 -6 6 -8
leaf_value=9.8847441781103261e-05 -0.0001919942742836811 -0.00019853422354377875 3.5127441806343616e-05 -0.00044223585540572989 4.6362927598802478e-05 -0.00036235374896782888 7.4177579759542638e-05
leaf_weight=222 26 26 61 27 27 35 295
leaf_count=222 26 26 61 27 27 35 295
internal_value=0.00096662 0.0013964 0.00164063 -0.00181818 -0.00443396 0.00219203 0.00121212
internal_weight=719 666 640 88 53 552 330
internal_count=719 666 640 88 53 552 330
is_linear=0
shrinkage=0.05


Tree=15
num_leaves=8
num_cat=0
split_feature=13 4 13 16 1 14 10
split_gain=0.672462 0.98735 1.02564 0.428095 0.387838 0.860844 0.342539
threshold=20.659999847412113 0.021647289551025579 23.770000457763675 0.03800778555159124 0.028420089400165941 0.018846539562811352 0.0091157700665586167
decision_type=2 2 2 2 2 2 2
left_child=3 -2 -3 4 6 -6 -1
right_child=1 2 -4 -5 5 -7 -8
leaf_value=9.4891701860054677e-05 0.00011284968250591646 -0.00039886135823344798 -6.9028370142974204e-05 -0.00018860751236658989 2.021511332617865e-05 -0.00044993291275853867 -2.9020515294880259e-05
leaf_weight=457 48 26 39 26 54 25 68
leaf_count=457 48 26 39 26 54 25 68
internal_value=0.00102961 -0.00252212 -0.00653846 0.00166667 0.00193709 -0.00132911 0.00242857
internal_weight=743 113 65 630 604 79 525
internal_count=743 113 65 630 604 79 525
is_linear=0
shrinkage=0.05


Tree=16
num_leaves=8
num_cat=0
split_feature=6 14 1 10 14 7 4
split_gain=0.457187 0.400085 1.55632 0.638073 0.633238 0.68297 0.601175
threshold=-0.70578712885457739 0.018846539562811352 0.029506033182503669 0.00090086264031330476 -0.042837654521053752 -0.027061567350270484 0.016425827031935979
decision_type=2 2 2 2 2 2 2
left_child=-1 4 3 -3 5 -2 -7
right_child=1 2 -4 -5 -6 6 -8
leaf_value=0.00013455867331383566 -0.00020659328056261985 5.193964527678893e-05 -0.00068491621728812655 -0.00013634358583072497 0.00010077722864152153 -0.00067318469412695422 4.8973372048763203e-05
leaf_weight=171 25 136 29 25 258 26 87
leaf_count=171 25 136 29 25 258 26 87
internal_value=0.000970938 0.000307167 -0.00157895 0.000341615 0.00121212 -0.00152174 0.000132744
internal_weight=757 586 190 161 396 138 113
internal_count=757 586 190 161 396 138 113
is_linear=0
shrinkage=0.05


Tree=17
num_leaves=8
num_cat=0
split_feature=6 12 11 15 8 6 11
split_gain=0.482648 0.535058 0.81258 1.01777 1.71674 0.676326 0.511858
threshold=-0.66492463305815219 0.013959702571110679 -0.010415571186439985 0.0020472759570243641 0.00096743611086447256 -0.26833401449494726 0.016536757711404618
decision_type=2 2 2 2 10 2 2
left_child=-1 2 -2 5 -5 -4 -3
right_child=1 6 3 4 -6 -7 -8
leaf_value=0.00011524973745865584 4.2566017419398618e-05 0.00012201950402037628 -6.7161918048232273e-05 -0.00063105118097093289 -8.449328171274877e-05 5.1609036272250394e-05 -0.00016666518578740521
leaf_weight=186 96 249 25 25 36 51 78
leaf_count=186 96 249 25 25 36 51 78
internal_value=0.000911528 0.000178572 -0.00165236 -0.00412409 -0.00893443 -0.000263158 0.00148318
internal_weight=746 560 233 137 61 76 327
internal_count=746 560 233 137 61 76 327
is_linear=0
shrinkage=0.05


Tree=18
num_leaves=8
num_cat=0
split_feature=13 8 16 3 0 15 8
split_gain=0.596026 0.866011 0.665191 0.501048 0.942236 0.362916 0.379082
threshold=20.610000610351566 0.033920798721115537 0.03800778555159124 -0.0027272652142488192 -0.013506481651362088 -0.0065046051834283239 0.043311417233984913
decision_type=2 8 2 2 2 2 8
left_child=2 -2 3 -1 -5 -6 -7
right_child=1 -3 -4 4 5 6 -8
leaf_value=0.00012773672157995579 4.4045936457465178e-05 -0.00039983781666825911 -0.00039987127776346684 -0.00022260735850406939 -0.00012755453120123257 1.6796678891325118e-05 0.00028486708119826194
leaf_weight=158 60 59 26 26 44 260 120
leaf_count=158 60 59 26 26 44 260 120
internal_value=0.000683931 -0.00256302 0.00129338 0.00162829 0.000777778 0.00134434 0.00184211
internal_weight=753 119 634 608 450 424 380
internal_count=753 119 634 608 450 424 380
is_linear=0
shrinkage=0.05


Tree=19
num_leaves=8
num_cat=0
split_feature=13 4 13 3 15 2 1
split_gain=0.758285 0.701297 1.05008 0.468113 0.440743 1.00675 0.599587
threshold=20.610000610351566 0.021647289551025579 23.770000457763675 -0.002663190987317043 -0.0046642283824978028 0.016844668397523636 0.012955247383406922
decision_type=2 2 2 2 2 2 2
left_child=3 -2 -3 -1 5 -5 -6
right_child=1 2 -4 4 6 -7 -8
leaf_value=0.00010744374007123259 8.4921341955853128e-05 -0.00035115085189241208 -0.00018910008673077308 0.00013220280000556653 -2.8570329204840657e-06 -0.00035604551775759877 0.00012280454711219549
leaf_weight=164 53 26 34 44 217 42 159
leaf_count=164 53 26 34 44 217 42 159
internal_value=0.000805142 -0.0029646 -0.00666667 0.00148562 0.000670996 -0.00255814 0.00140957
internal_weight=739 113 60 626 462 86 376
internal_count=739 113 60 626 462 86 376
is_linear=0
shrinkage=0.05


Tree=20
num_leaves=8
num_cat=0
split_feature=10 0 2 13 2 16 2
split_gain=0.537748 0.937095 0.568132 0.862245 0.540179 0.34533 0.938597
threshold=0.010263940972428777 0.0051246640802297136 0.022835863677046601 20.659999847412113 0.028805465330310035 0.017842563249957036 0.052755460503731262
decision_type=2 2 2 2 2 2 2
left_child=2 -2 -1 4 -4 -6 -7
right_child=1 -3 3 -5 5 6 -8
leaf_value=6.6368261813307713e-05 -0.0005117805562159112 9.3799706746855986e-05 -0.00026811309318506979 -0.00035353654961744682 0.0001815584748565631 -0.00026386371703567213 0.00032904941167064775
leaf_weight=383 36 38 28 42 163 25 36
leaf_count=383 36 38 28 42 163 25 36
internal_value=0.000938749 -0.00310811 0.00138109 -0.000272109 0.000833334 0.00165179 -0.00155738
internal_weight=751 74 677 294 252 224 61
internal_count=751 74 677 294 252 224 61
is_linear=0
shrinkage=0.05


Tree=21
num_leaves=8
num_cat=0
split_feature=13 6 13 3 3 11 10
split_gain=0.658457 0.598625 0.424119 0.535144 0.552612 0.786554 1.36728
threshold=15.085000038146974 -0.68114328942949487 15.944999694824221 -0.0071647082343454507 0.0013127188981737483 0.0056453064529209404 -0.0020521313117868862
decision_type=2 2 2 2 2 2 2
left_child=-1 -2 -3 -4 -5 6 -6
right_child=1 2 3 4 5 -7 -8
leaf_value=0.00010097250049181026 0.00013781229470763965 -0.00052473974998736971 -0.00057818569623365801 4.8606881596809852e-05 0.00012842783012771174 0.00011363172750448628 -0.00032296882474976092
leaf_weight=242 118 47 35 168 40 56 42
leaf_count=242 118 47 35 168 40 56 42
internal_value=0.00078877 -0.000237154 -0.00118557 -0.000571847 9.80394e-05 -0.00224638 -0.00536585
internal_weight=748 506 388 341 306 138 82
internal_count=748 506 388 341 306 138 82
is_linear=0
shrinkage=0.05


Tree=22
num_leaves=8
num_cat=0
split_feature=8 16 1 15 13 2 10
split_gain=0.599095 0.576754 0.625124 1.18109 0.435485 0.971264 0.314344
threshold=0.11902961575195593 0.03800778555159124 0.028420089400165941 0.0013835789961692548 20.610000610351566 0.035351826748187827 0.0098863943320696163
decision_type=8 2 2 2 2 2 2
left_child=1 2 4 -4 6 -6 -1
right_child=-2 -3 3 -5 5 -7 -8
leaf_value=9.3916284305153137e-05 -0.00015980525886944718 -0.00030701179638828468 -0.00028945520613316673 0.00012928704752189282 5.9394131466398634e-05 -0.00040066210117149548 -3.3799514045234892e-05
leaf_weight=455 32 27 39 55 58 29 47
leaf_count=455 32 27 39 55 58 29 47
internal_value=0.000754717 0.00105634 0.00133968 -0.00244681 0.00194397 -0.00132184 0.00250996
internal_weight=742 710 683 94 589 87 502
internal_count=742 710 683 94 589 87 502
is_linear=0
shrinkage=0.05


Tree=23
num_leaves=8
num_cat=0
split_feature=10 1 2 13 12 1 3
split_gain=0.530868 1.07499 0.505733 1.45688 0.578983 0.405144 0.194604
threshold=0.0098863943320696163 0.010195284756218894 0.044792796383122176 20.610000610351566 0.024521717099064925 0.012557681592201277 0.0020256032873663403
decision_type=2 2 2 2 2 2 2
left_child=2 -2 6 4 5 -4 -1
right_child=1 -3 3 -5 -6 -7 -8
leaf_value=2.9829843217310071e-05 -0.00019042092052947053 5.3239438045000537e-05 -0.00014076902298718874 -0.00043992140185134454 0.00020367222662054146 0.00011241874306124278 0.00017949002172761946
leaf_weight=343 41 45 25 33 79 39 146
leaf_count=343 41 45 25 33 79 39 146
internal_value=0.00113848 -0.00255814 0.00161654 -0.000681818 0.0015035 -0.00203125 0.00244376
internal_weight=751 86 665 176 143 64 489
internal_count=751 86 665 176 143 64 489
is_linear=0
shrinkage=0.05


Tree=24
num_leaves=8
num_cat=0
split_feature=16 6 6 1 13 5 5
split_gain=0.617784 0.350431 0.334459 0.505443 0.987134 0.646621 0.504386
threshold=-0.039503255686329335 -0.70578712885457739 -0.27992162507325041 0.0046112591035007986 19.159999847412113 0.010152782340297196 0.01098909726010718
decision_type=2 2 2 2 2 2 2
left_child=-1 -2 3 6 5 -5 -3
right_child=1 2 -4 4 -6 -7 -8
leaf_value=-0.00048454288725185458 0.00012986866708917453 -0.00019932986867676308 3.0117050690623028e-05 -0.00010430149415769704 -0.00028603818271411761 9.6449173189460072e-05 0.0001331629011521296
leaf_weight=25 172 30 372 25 31 48 46
leaf_count=25 172 30 372 25 31 48 46
internal_value=0.000727637 0.000994475 0.000380435 -0.00138889 -0.00365385 -0.000479452 0.00171053
internal_weight=749 724 552 180 104 73 76
internal_count=749 724 552 180 104 73 76
is_linear=0
shrinkage=0.05


Tree=25
num_leaves=8
num_cat=0
split_feature=7 14 10 7 7 0 6
split_gain=0.541122 1.42463 0.736569 0.664766 0.755016 1.00592 0.859145
threshold=0.040174201213612266 0.0071322940265206034 0.0043154223195999162 0.022009420566899033 0.0028572661982357865 0.0022313631031106733 0.25930562411912189
decision_type=2 2 2 2 2 2 2
left_child=2 -2 -1 4 6 -6 -4
right_child=1 -3 3 -5 5 -7 -8
leaf_value=6.182821503268879e-05 0.00020732433533112379 -0.00090400221473830493 6.6810343256964538e-05 0.00010134496557580712 -0.00056821096778776278 -3.9568277258102983e-05 -0.00030406216917249943
leaf_weight=470 38 25 77 59 25 36 27
leaf_count=470 38 25 77 59 25 36 27
internal_value=0.000706737 -0.00373016 0.00110951 -0.00125 -0.00287879 -0.00729508 -0.000288461
internal_weight=757 63 694 224 165 61 104
internal_count=757 63 694 224 165 61 104
is_linear=0
shrinkage=0.05


Tree=26
num_leaves=8
num_cat=0
split_feature=13 8 5 10 1 14 8
split_gain=0.455575 0.704029 0.800476 0.527677 0.470547 0.547972 0.655805
threshold=20.610000610351566 0.033920798721115537 0.016907446857762999 -0.0016894208297127398 -0.028236414653250771 0.0017102699334086149 0.0098661737046948934
decision_type=2 8 2 2 2 2 10
left_child=3 -2 -3 -1 -5 -6 -7
right_child=1 2 -4 4 5 6 -8
leaf_value=9.8642946326644293e-05 3.4605301724199599e-05 -0.00039526883568735709 4.6919713192183705e-05 -8.3517788605792691e-06 8.1923802682696997e-05 -0.0001788485796935422 4.1966241905674445e-05
leaf_weight=196 52 35 25 41 294 41 53
leaf_count=196 52 35 25 41 294 41 53
internal_value=0.000793759 -0.00214286 -0.00583333 0.00132 0.000337996 0.000876289 -0.00244681
internal_weight=737 112 60 625 429 388 94
internal_count=737 112 60 625 429 388 94
is_linear=0
shrinkage=0.05


Tree=27
num_leaves=8
num_cat=0
split_feature=9 2 11 0 6 9 11
split_gain=0.338719 0.349962 0.710964 0.871111 0.738033 1.13467 0.586964
threshold=0.23338331637459767 0.016844668397523636 0.005791561968896298 0.013667165682937023 -0.35476947748769955 0.070954544282233259 -0.010415571186439985
decision_type=10 2 2 2 2 10 2
left_child=1 -1 3 4 6 -6 -3
right_child=-2 2 -4 -5 5 -7 -8
leaf_value=2.7250005910129565e-05 0.00028340926667226959 0.00026504024443922209 4.5484972113087707e-05 0.00024457029223197088 7.814915425355146e-05 -0.00038872562783422865 -0.00018079229262492216
leaf_weight=378 45 28 146 30 30 49 43
leaf_count=378 45 28 146 30 30 49 43
internal_value=0.000794393 0.000525568 -0.000674846 -0.00277778 -0.00433333 -0.00765823 -0.000633803
internal_weight=749 704 326 180 150 79 71
internal_count=749 704 326 180 150 79 71
is_linear=0
shrinkage=0.05


Tree=28
num_leaves=8
num_cat=0
split_feature=12 11 16 3 12 13 10
split_gain=0.491221 0.589774 0.731244 0.738272 0.570251 0.671746 0.519829
threshold=0.016981710951886612 -0.010415571186439985 -0.009634140681957391 0.0015347058717729569 0.0048491469985487709 15.144999980926515 0.010263940972428777
decision_type=2 2 2 2 2 2 2
left_child=1 -1 3 -3 -4 -6 -2
right_child=6 2 4 -5 5 -7 -8
leaf_value=6.4313888389586443e-05 6.9071748530360826e-05 -1.9781659886102e-07 1.5232142867262623e-05 -0.00027352492154454226 0.00022183251583820799 -0.00032689883062782086 -0.00030535841507496391
leaf_weight=126 368 31 108 25 25 45 36
leaf_count=126 368 31 108 25 25 45 36
internal_value=0.00120419 -0.000138889 -0.00162393 -0.00660714 -5.61796e-05 -0.00357143 0.00240099
internal_weight=764 360 234 56 178 70 404
internal_count=764 360 234 56 178 70 404
is_linear=0
shrinkage=0.05


Tree=29
num_leaves=8
num_cat=0
split_feature=1 16 16 1 11 11 0
split_gain=0.433179 0.473265 0.358246 0.373225 0.369256 0.560962 0.296881
threshold=-0.051174987360136918 0.03800778555159124 0.025500589270340938 0.042674176928385495 -0.011940064700992346 -0.0087471822006088256 -0.0028349508321502954
decision_type=2 2 2 2 2 2 2
left_child=-1 2 3 4 -2 -6 -7
right_child=1 -3 -4 -5 5 6 -8
leaf_value=-0.00035285890937091261 0.00015171365991528262 -6.1449658099767363e-05 4.8393988295426327e-05 -0.00045428805977569103 -0.00024449358567325602 -1.6801470597110869e-07 7.1075672748510443e-05
leaf_weight=31 111 31 71 26 34 147 281
leaf_count=31 111 31 71 26 34 147 281
internal_value=0.00110656 0.00136234 0.00164179 0.00124374 0.0015096 0.000887446 0.0013785
internal_weight=732 701 670 599 573 462 428
internal_count=732 701 670 599 573 462 428
is_linear=0
shrinkage=0.05


Tree=30
num_leaves=8
num_cat=0
split_feature=3 6 3 0 11 11 9
split_gain=0.396447 0.713403 0.533421 0.523463 0.291772 0.882003 0.569389
threshold=-0.0071647082343454507 0.33668267572421051 -0.0027709307727988293 -0.012172573048042699 -0.010415571186439985 -0.0036909172011733156 0.079315445926837272
decision_type=2 2 2 2 2 2 8
left_child=1 -1 -2 -4 -5 -6 -7
right_child=2 -3 3 4 5 6 -8
leaf_value=-0.00015946892959460614 0.00011864267021357671 0.00028046568294393017 -4.2311582826672329e-05 0.00016721778171608143 -0.00033136784509189458 -7.850456882191716e-05 5.1865557703921238e-05
leaf_weight=35 132 26 46 91 50 108 250
leaf_count=35 132 26 46 91 50 108 250
internal_value=0.000663957 -0.00319672 0.00101182 0.000321101 0.000791583 0.000220588 0.00108939
internal_weight=738 61 677 545 499 408 358
internal_count=738 61 677 545 499 408 358
is_linear=0
shrinkage=0.05


Tree=31
num_leaves=8
num_cat=0
split_feature=9 0 8 0 1 14 2
split_gain=0.481408 0.781272 0.596504 0.353004 0.875 0.418334 0.350475
threshold=0.087482972395743333 -0.012929821371137516 0.015876281640732185 0.0082462657595140394 0.028420089400165941 -0.024483541073895273 0.035351826748187827
decision_type=10 2 10 2 2 2 2
left_child=6 -2 -3 4 5 -4 -1
right_child=1 2 3 -5 -6 -7 -8
leaf_value=5.5443486528600167e-05 -0.0003765687232904536 -0.00048308224139018369 -0.00030652737070576552 0.00020546554811776076 -0.00014295278495016274 0.00027553317377500101 -9.2097633947496228e-07
leaf_weight=393 25 25 31 65 32 81 86
leaf_count=393 25 25 31 65 32 81 86
internal_value=0.00113821 -0.000598455 0.000299145 0.00117225 -0.000208333 0.001875 0.00207724
internal_weight=738 259 234 209 144 112 479
internal_count=738 259 234 209 144 112 479
is_linear=0
shrinkage=0.05


Tree=32
num_leaves=8
num_cat=0
split_feature=12 6 2 7 6 15 8
split_gain=0.436851 0.834325 0.374444 0.489456 0.352318 0.441388 0.522891
threshold=-0.037333173257957868 0.10677051440612942 -0.063827151210928509 -0.029761114268629037 -1.0717001458497937 -0.0074435167967478169 0.0019293640430430028
decision_type=2 2 2 2 2 2 10
left_child=1 -1 -2 -4 -5 6 -6
right_child=2 -3 3 4 5 -7 -8
leaf_value=1.8653972771493222e-05 9.2208095354525378e-05 -0.00066589365246329029 -0.00021845009923033635 -1.2040791960170899e-06 9.8155259423931066e-05 6.5369233184932237e-05 -0.00030106564774240322
leaf_weight=36 69 28 37 45 30 462 44
leaf_count=36 69 28 37 45 30 462 44
internal_value=0.00113848 -0.0028125 0.00150655 0.00111651 0.0014716 0.00182836 -0.00175676
internal_weight=751 64 687 618 581 536 74
internal_count=751 64 687 618 581 536 74
is_linear=0
shrinkage=0.05


Tree=33
num_leaves=8
num_cat=0
split_feature=1 3 3 3 9 11 11
split_gain=0.399083 0.536651 0.87691 0.789745 0.567336 0.660202 0.971072
threshold=-0.0076389095368329931 -0.0065395192013644179 -0.002663190987317043 -0.0011435592112775115 0.044311599388661922 -0.00043727592468612014 -0.0070947588285928389
decision_type=2 2 2 2 8 2 2
left_child=-1 -2 -3 -4 -5 6 -6
right_child=1 2 3 4 5 -7 -8
leaf_value=4.8736467238087802e-05 -8.7103846807331405e-05 0.00020558942984572008 -0.00010237123332842054 -0.00023633594745219646 0.00013297990912493601 5.7644998628830554e-05 -0.00083834837631490485
leaf_weight=233 25 89 54 46 66 204 31
leaf_count=233 25 89 54 46 66 204 31
internal_value=0.00092246 0.000145631 0.000510204 -0.000486284 0.000389049 0.0011794 -0.00221649
internal_weight=748 515 490 401 347 301 97
internal_count=748 515 490 401 347 301 97
is_linear=0
shrinkage=0.05


Tree=34
num_leaves=8
num_cat=0
split_feature=10 7 10 7 2 2 2
split_gain=0.359345 1.18661 0.472867 0.679193 0.824483 0.415533 0.941262
threshold=-0.0016894208297127398 0.035915184225409631 -0.00090813194402433728 0.022009420566899033 0.044120614960820211 -0.065944672474385777 -0.047792620933057688
decision_type=2 2 2 2 2 2 2
left_child=1 -1 -2 4 5 -4 -7
right_child=2 -3 3 -5 -6 6 -8
leaf_value=0.00011288719150732496 -0.00026932308217177261 -0.00023533169102099929 0.00013642913491594732 0.0001181179552119068 -0.00038645770487476667 -0.00029604345752455661 9.9383731960272602e-06
leaf_weight=230 28 31 43 138 25 29 225
leaf_count=230 28 31 43 138 25 29 225
internal_value=0.00139519 0.00289272 0.000594262 0.000978261 -0.000279503 0.000454546 -0.00031496
internal_weight=749 261 488 460 322 297 254
internal_count=749 261 488 460 322 297 254
is_linear=0
shrinkage=0.05


Tree=35
num_leaves=8
num_cat=0
split_feature=13 2 10 10 10 7 8
split_gain=0.732766 0.8 0.610214 1.17097 0.416762 0.659551 0.934497
threshold=20.610000610351566 0.030638439214743966 0.0050524720559372857 0.0059882798291268644 0.0081956956278671517 0.017619320972908418 -0.012056829283144719
decision_type=2 2 2 2 2 2 8
left_child=2 -2 -1 -4 -5 6 -6
right_child=1 -3 3 4 5 -7 -8
leaf_value=5.7847752020172253e-05 2.6088934491421269e-05 -0.00024041931519250368 -0.00028181699330092556 0.0002134419177233434 4.9426264584141042e-06 9.8755482478773214e-05 -0.00076544526697572323
leaf_weight=447 72 48 31 48 32 46 29
leaf_count=447 72 48 31 48 32 46 29
internal_value=0.00108234 -0.0025 0.00176145 -0.000645161 0.00112903 -0.000607476 -0.00401639
internal_weight=753 120 633 186 155 107 61
internal_count=753 120 633 186 155 107 61
is_linear=0
shrinkage=0.05


Tree=36
num_leaves=8
num_cat=0
split_feature=15 8 10 4 14 9 6
split_gain=0.590625 0.900144 0.464976 0.528102 0.713822 0.518045 0.384127
threshold=-0.011769894730702999 0.029592472028791453 -0.0020521313117868862 0.016215556473501425 0.005094684764536229 0.23338331637459767 -0.24838167008769457
decision_type=2 8 2 2 2 8 2
left_child=1 -1 -2 4 5 6 -4
right_child=2 -3 3 -5 -6 -7 -8
leaf_value=5.3230684963964627e-05 0.00010548572158399607 -0.00069503166906026556 -0.00026443590834735576 1.3501335006404999e-05 -0.00012936070951553811 0.00026227167761883578 6.065733558288792e-05
leaf_weight=39 180 25 35 361 34 48 28
leaf_count=39 180 25 35 361 34 48 28
internal_value=0.001 -0.00359375 0.00142857 0.000652174 -0.00189655 4.50452e-05 -0.00293651
internal_weight=750 64 686 506 145 111 63
internal_count=750 64 686 506 145 111 63
is_linear=0
shrinkage=0.05


Tree=37
num_leaves=8
num_cat=0
split_feature=13 9 4 2 4 9 13
split_gain=0.541975 0.747511 0.552792 0.351855 0.319472 0.934416 0.596908
threshold=20.610000610351566 0.1068046503039304 0.021647289551025579 0.044792796383122176 0.017109583650106185 0.048706947275769526 15.144999980926515
decision_type=2 8 2 2 2 8 2
left_child=4 2 -2 -3 5 -1 -7
right_child=1 3 -4 -5 -6 6 -8
leaf_value=-5.5315894433253321e-05 0.00013179986657105408 -1.0074537963748974e-05 -0.00019465169144549537 -0.00044943377815133065 4.2092506922936885e-05 0.00011222851973840651 -2.5907682781997127e-05
leaf_weight=25 40 26 27 25 357 144 114
leaf_count=25 40 26 27 25 357 144 114
internal_value=0.00091029 -0.00220339 0.00126866 -0.00676471 0.00148438 0.000229682 0.00112403
internal_weight=758 118 67 51 640 283 258
internal_count=758 118 67 51 640 283 258
is_linear=0
shrinkage=0.05


Tree=38
num_leaves=8
num_cat=0
split_feature=3 6 3 7 10 1 9
split_gain=0.519905 1.01338 0.592599 0.48296 1.18519 0.578813 0.537876
threshold=-0.0071647082343454507 0.33668267572421051 -0.0027709307727988293 -0.029761114268629037 0.00069580976977412512 -0.0076389095368329931 0.044311599388661922
decision_type=2 2 2 2 2 2 8
left_child=1 -1 -2 4 -4 -5 -7
right_child=2 -3 3 5 -6 6 -8
leaf_value=-0.00023560612818447377 8.312889084176927e-05 0.00029374928701670754 5.2963608463402162e-05 0.00010550952928848862 -0.00019404103103908517 -7.9310994262935544e-05 8.1630259025143334e-06
leaf_weight=29 137 26 27 104 27 50 348
leaf_count=29 137 26 27 104 27 50 348
internal_value=0.000588235 -0.00409091 0.000959596 0.000233813 -0.00425926 0.000717132 -0.000150754
internal_weight=748 55 693 556 54 502 398
internal_count=748 55 693 556 54 502 398
is_linear=0
shrinkage=0.05


Tree=39
num_leaves=8
num_cat=0
split_feature=15 8 10 2 7 6 6
split_gain=0.265009 0.747201 0.486436 0.492445 0.434882 0.457333 0.405093
threshold=-0.011769894730702999 0.031874389636453733 -0.0016894208297127398 0.055332015892441196 0.029040164460226062 -1.0226127567834384 -0.59765233258692307
decision_type=2 8 2 2 2 2 2
left_child=1 -1 3 -2 5 -4 -7
right_child=2 -3 4 -5 -6 6 -8
leaf_value=6.4474301919880433e-05 0.00013183230490624724 -0.00065508952821992817 -7.4188675469322391e-05 -5.8282208739048516e-06 4.7755801098246359e-05 0.00020416882981966067 -7.1223184660207805e-06
leaf_weight=46 164 25 25 35 92 80 270
leaf_count=46 164 25 25 35 92 80 270
internal_value=0.000861601 -0.00204225 0.00117117 0.00324121 0.000289079 -0.000466666 1.86265e-10
internal_weight=737 71 666 199 467 375 350
internal_count=737 71 666 199 467 375 350
is_linear=0
shrinkage=0.05


Tree=40
num_leaves=8
num_cat=0
split_feature=9 5 5 13 8 14 9
split_gain=0.311083 1.27424 1.30462 0.443189 0.370984 0.611601 0.352581
threshold=0.23338331637459767 0.0097813269792378591 0.0092709252870833408 14.675000190734865 -0.04345268504572302 -0.0054293361358405115 0.010379734295232647
decision_type=8 2 2 2 10 2 10
left_child=1 2 -1 -3 5 -2 -5
right_child=4 3 -4 6 -6 -7 -8
leaf_value=5.7121538590202274e-05 4.2420799488079272e-05 0.0001715506302676301 -0.00046466643180594481 -2.4013456318850655e-05 4.7081221861925037e-05 -7.1186467263846572e-05 2.1448833763479849e-05
leaf_weight=39 32 78 32 103 145 25 296
leaf_count=39 32 78 32 103 145 25 296
internal_value=0.0006 -1.8248e-05 -0.00626761 0.00091195 0.00227723 -0.00114035 0.000238095
internal_weight=750 548 71 477 202 57 399
internal_count=750 548 71 477 202 57 399
is_linear=0
shrinkage=0.05


Tree=41
num_leaves=8
num_cat=0
split_feature=9 2 9 3 11 9 3
split_gain=0.289646 0.715435 0.375572 0.584615 0.406488 0.603184 0.446905
threshold=0.026591370879723634 0.0083192058470203962 0.068986995737503901 -0.0071647082343454507 0.0069843130840521192 0.23338331637459767 -0.00039511177232048883
decision_type=8 2 8 2 2 8 2
left_child=1 -1 -2 -4 5 6 -5
right_child=2 -3 3 4 -6 -7 -8
leaf_value=1.1870856878891815e-05 0.00013712719533971691 -0.00015297061504009258 -0.00039382679119060924 8.4723480179665868e-05 7.4667750769637643e-05 4.2814156476733664e-05 -0.00012383601571011081
leaf_weight=96 105 31 26 55 235 107 97
leaf_count=96 105 31 26 55 235 107 97
internal_value=0.00087766 -0.00129921 0.00132 0.000769231 0.00115385 -0.000212355 -0.00223684
internal_weight=752 127 625 520 494 259 152
internal_count=752 127 625 520 494 259 152
is_linear=0
shrinkage=0.05


Tree=42
num_leaves=8
num_cat=0
split_feature=1 16 13 13 3 15 2
split_gain=0.325676 0.349834 0.383833 0.47693 0.741026 0.387474 0.32
threshold=0.049643088308368728 0.037540324480393135 14.920000076293947 15.825000286102297 0.0013127188981737483 0.011013223898598381 0.0031305689678220454
decision_type=2 2 2 2 2 2 2
left_child=1 2 -1 4 -4 -5 -7
right_child=-2 -3 3 5 -6 6 -8
leaf_value=4.1373675906839394e-05 -0.00033647553025242561 -1.9594134571213171e-05 -0.00017740821014788466 3.9869246277521726e-05 0.00022005676483903287 -0.00021323104582768654 7.2960751839013091e-05
leaf_weight=209 26 26 39 377 26 25 25
leaf_count=209 26 26 39 377 26 25 25
internal_value=0.000883134 0.00107978 0.00129101 0.000528455 -0.00346154 0.00113583 -0.003
internal_weight=753 727 701 492 65 427 50
internal_count=753 727 701 492 65 427 50
is_linear=0
shrinkage=0.05


Tree=43
num_leaves=8
num_cat=0
split_feature=13 5 5 12 13 4 2
split_gain=0.460555 0.466163 1.27322 0.632225 0.767806 0.496912 0.418058
threshold=15.085000038146974 0.010978013499306036 0.010698812887052433 0.0033715078329863428 16.765000343322757 0.020701612986393839 -0.065944672474385777
decision_type=2 2 2 2 2 2 2
left_child=-1 2 3 -2 -5 -3 -7
right_child=1 5 -4 4 -6 6 -8
leaf_value=2.6054384335167673e-05 8.104215579632277e-05 0.00010112878457652498 -0.00070951623983026132 7.1309245419393674e-05 -0.0003822838287240028 6.3212693802317698e-05 -0.00011915007070298699
leaf_weight=245 52 161 26 39 27 42 154
leaf_count=245 52 161 26 39 27 42 154
internal_value=0.000978552 0.000109781 -0.00229167 -8.47456e-05 -0.00333333 0.00107843 -0.000612245
internal_weight=746 501 144 118 66 357 196
internal_count=746 501 144 118 66 357 196
is_linear=0
shrinkage=0.05


Tree=44
num_leaves=8
num_cat=0
split_feature=6 12 12 12 12 0 10
split_gain=0.381723 0.29541 1.08165 0.467958 1.36942 0.471439 0.680952
threshold=-0.70578712885457739 0.04572357186415122 0.051085091732355654 0.011040708270440904 0.0027925982816148225 -0.0023555151476673526 -0.0016894208297127398
decision_type=2 2 2 2 2 2 2
left_child=-1 3 -3 4 -2 6 -5
right_child=1 2 -4 5 -6 -7 -8
leaf_value=5.6126689804063944e-05 1.7014444746370981e-05 -2.609565452298281e-05 8.9079355582529383e-05 0.00019223548317697718 -0.00025419551408386199 0.0001079763037325149 -0.00015600383777368998
leaf_weight=166 173 25 66 39 44 161 66
leaf_count=166 173 25 66 39 44 161 66
internal_value=0.00108108 0.000470383 -0.00214286 0.000962733 -0.000760368 0.00236842 -0.000238095
internal_weight=740 574 91 483 217 266 105
internal_count=740 574 91 483 217 266 105
is_linear=0
shrinkage=0.05


Tree=45
num_leaves=8
num_cat=0
split_feature=0 9 9 11 9 0 12
split_gain=0.309482 1.44942 0.545098 0.826046 0.784149 0.363945 0.573976
threshold=-0.013947769198466851 0.083572983788403291 0.044973240197474625 0.0015109645581827815 -0.056050119279845594 0.00053363524819638475 -0.037333173257957868
decision_type=2 8 8 2 10 2 2
left_child=1 -1 3 -2 -5 -4 -7
right_child=2 -3 5 4 -6 6 -8
leaf_value=7.8924889757966705e-05 1.389360672077855e-05 -0.00039699378558794799 7.9868673394865722e-05 9.3217519647006224e-05 -0.00026965035764052361 -9.2285491795696264e-05 2.8723159502283722e-05
leaf_weight=47 60 39 207 26 40 27 300
leaf_count=47 60 39 207 26 40 27 300
internal_value=0.000844504 -0.00197674 0.00121212 -0.00174603 -0.00560606 0.00191011 0.00087156
internal_weight=746 86 660 126 66 534 327
internal_count=746 86 660 126 66 534 327
is_linear=0
shrinkage=0.05


Tree=46
num_leaves=8
num_cat=0
split_feature=2 10 10 14 3 2 2
split_gain=0.260101 0.562009 0.779361 0.458918 0.554778 0.75338 1.0213
threshold=0.016844668397523636 0.006164585920325428 0.0043154223195999162 0.093015395411206861 -0.0018672932369046544 0.038164287799236647 0.027083967300486792
decision_type=2 2 2 2 2 2 2
left_child=-1 2 3 4 -2 6 -6
right_child=1 -3 -4 -5 5 -7 -8
leaf_value=2.3578365239049485e-05 0.00032052621494687997 2.7703408895873336e-05 -0.00038316607936535294 -0.00024266191310265046 9.8961102875037092e-05 2.9815251429949572e-05 -0.00047966559610690011
leaf_weight=380 56 95 29 33 26 104 25
leaf_count=380 56 95 29 33 26 104 25
internal_value=0.00105615 0.000108696 -0.00104396 -0.000122951 0.000734597 -0.000806451 -0.00578431
internal_weight=748 368 273 244 211 155 51
internal_count=748 368 273 244 211 155 51
is_linear=0
shrinkage=0.05


Tree=47
num_leaves=8
num_cat=0
split_feature=13 7 10 5 3 16 9
split_gain=0.440424 0.313448 0.566039 0.510717 0.650893 0.545192 0.480769
threshold=14.675000190734865 0.04235626057673237 -0.0012922335739780075 0.011154654765922624 0.00226312648077498 -0.0050501877008752851 0.11617817613826532
decision_type=2 2 2 2 2 2 8
left_child=-1 2 -2 4 5 -4 -7
right_child=1 -3 3 -5 -6 6 -8
leaf_value=2.2955419811531949e-05 6.044671160544392e-05 -0.00067165114414395025 0.00026990134254866913 1.1871577245624756e-05 -0.00045874176320426647 -0.00039171496321550143 1.8041191503912678e-05
leaf_weight=199 205 26 28 197 32 26 26
leaf_count=199 205 26 28 197 32 26 26
internal_value=0.00148173 0.000740741 0.00101167 -0.000339806 -0.00303571 -0.000625 -0.00365385
internal_weight=739 540 514 309 112 80 52
internal_count=739 540 514 309 112 80 52
is_linear=0
shrinkage=0.05


Tree=48
num_leaves=8
num_cat=0
split_feature=16 13 8 3 5 5 3
split_gain=0.453789 0.3625 0.369884 0.47299 0.590472 0.786724 0.517952
threshold=-0.039503255686329335 14.675000190734865 0.0041378300699553847 -0.0033276103330824864 0.010738079414668329 0.011272949611953737 -0.0007737232568681417
decision_type=2 2 8 2 2 2 2
left_child=-1 -2 3 -3 -5 -6 -7
right_child=1 2 -4 4 5 6 -8
leaf_value=-0.0002852881879774335 3.0271771876160199e-05 5.9064836488963358e-05 5.2089235039147456e-05 0.00018939148406007622 -0.00057269588508842802 -4.0844625827067636e-05 2.7920416483565487e-05
leaf_weight=25 193 63 286 28 25 29 91
leaf_count=25 193 63 286 28 25 29 91
internal_value=0.00162162 0.00185315 0.00116858 -0.00029661 -0.0016474 -0.00293103 -0.00125
internal_weight=740 715 522 236 173 145 120
internal_count=740 715 522 236 173 145 120
is_linear=0
shrinkage=0.05


Tree=49
num_leaves=8
num_cat=0
split_feature=6 2 2 4 4 16 0
split_gain=0.218937 0.390625 1.14437 0.367049 0.402278 0.692474 0.79109
threshold=-0.66492463305815219 -0.051492329063913204 -0.065944672474385777 0.026093273745826848 0.01810849691412016 0.017842563249957036 0.0084027476015113862
decision_type=2 2 2 2 2 2 2
left_child=-1 2 -2 4 5 -3 -7
right_child=1 3 -4 -5 -6 6 -8
leaf_value=6.7281567250076862e-05 2.6524395660773637e-05 2.8324226684160126e-05 -0.00018606632420138734 -0.0001487424651697273 6.4018373575193047e-05 -0.00030633760998177869 2.6882601033611123e-05
leaf_weight=183 51 210 25 28 174 37 25
leaf_count=183 51 210 25 28 174 37 25
internal_value=0.00158936 0.00109091 -0.00223684 0.00162447 0.00197309 0.000772059 -0.00387097
internal_weight=733 550 76 474 446 272 62
internal_count=733 550 76 474 446 272 62
is_linear=0
shrinkage=0.05


Tree=50
num_leaves=8
num_cat=0
split_feature=15 8 7 11 4 9 9
split_gain=0.315604 0.406504 0.281299 0.816191 0.660754 0.277159 0.248379
threshold=-0.0074102049811580186 0.033441554719757079 -0.022614454893893795 0.0015109645581827815 0.021249344178719442 -0.014264512708939079 -0.059529145731473825
decision_type=2 8 2 2 2 10 10
left_child=1 5 3 -2 -5 -1 -4
right_child=2 -3 6 4 -6 -7 -8
leaf_value=-8.4942831334801998e-06 5.8742053650831175e-05 -0.00039612969376610284 2.0603355615763459e-05 6.142090996884609e-06 -0.00022014492262284531 0.00022419334940390438 3.8552396161891099e-05
leaf_weight=36 53 41 118 25 26 46 395
leaf_count=36 53 41 118 25 26 46 395
internal_value=0.00162162 -0.000691057 0.00208266 -0.000288461 -0.00480392 0.00134146 0.00256335
internal_weight=740 123 617 104 51 82 513
internal_count=740 123 617 104 51 82 513
is_linear=0
shrinkage=0.05


Tree=51
num_leaves=8
num_cat=0
split_feature=13 2 0 0 3 3 7
split_gain=0.394053 0.53902 0.389523 0.584556 0.334199 0.525954 0.305556
threshold=20.610000610351566 0.030638439214743966 -0.0035085581306319442 -0.0049575616500311939 -0.0027272652142488192 -0.0014886550440704192 0.002490050300290592
decision_type=2 2 2 2 2 2 2
left_child=2 -2 3 4 -1 -6 -7
right_child=1 -3 -4 -5 5 6 -8
leaf_value=0.00016820631796386841 2.1642323642979475e-05 -0.00017570674877455213 2.3291477002568949e-05 -0.00014707599140161394 -9.1035179445830752e-05 -3.3846211376013746e-05 0.00011148939337421476
leaf_weight=76 73 49 433 25 25 48 33
leaf_count=76 73 49 433 25 25 48 33
internal_value=0.00145669 -0.00114754 0.00195313 0.000169082 0.00115385 -0.000660377 0.0012963
internal_weight=762 122 640 207 182 106 81
internal_count=762 122 640 207 182 106 81
is_linear=0
shrinkage=0.05


Tree=52
num_leaves=8
num_cat=0
split_feature=13 2 9 2 2 14 5
split_gain=0.490821 0.550323 0.313357 0.244072 0.39618 0.241476 0.498477
threshold=20.610000610351566 0.030638439214743966 -0.023222724409150238 -0.063827151210928509 -0.046109009278554984 -0.047825209867674183 0.011062859852768238
decision_type=2 2 10 2 2 2 2
left_child=3 2 -2 -1 -5 6 -6
right_child=1 -3 -4 4 5 -7 -8
leaf_value=5.0623131488309708e-05 -2.9493156012261646e-05 -0.00018261463453491777 5.7884326702980814e-05 -0.00015682326515880257 -0.00048525579699594919 3.4835762727695843e-05 8.1481804769212575e-05
leaf_weight=64 37 47 32 36 53 422 57
leaf_count=64 37 47 32 36 53 422 57
internal_value=0.00152406 -0.00146552 0.00137681 0.00207278 0.00174296 0.00208647 1.86265e-10
internal_weight=748 116 69 632 568 532 110
internal_count=748 116 69 632 568 532 110
is_linear=0
shrinkage=0.05


Tree=53
num_leaves=8
num_cat=0
split_feature=9 10 7 4 11 9 16
split_gain=0.483514 0.577769 0.729996 0.557904 1.09267 0.766747 0.424546
threshold=0.23338331637459767 -0.0020521313117868862 0.031008425957359535 0.018757943423077173 -0.0033089038449953807 0.048547810705117496 0.01645404907047732
decision_type=8 2 2 2 2 10 2
left_child=1 2 -1 4 -3 -6 -5
right_child=-2 3 -4 6 5 -7 -8
leaf_value=6.7716263260178739e-05 4.3801228545555029e-05 -0.0004063400825953026 -0.00033486102114881712 -1.2751126742844844e-06 -0.00011843960748994451 2.035004297174184e-05 9.9697070783236942e-05
leaf_weight=139 201 31 25 123 25 144 55
leaf_count=139 201 31 25 123 25 144 55
internal_value=0.0011642 0.000387454 0.00286585 -0.00068783 -0.0025 -0.00091716 0.00134831
internal_weight=743 542 164 378 200 169 178
internal_count=743 542 164 378 200 169 178
is_linear=0
shrinkage=0.05


Tree=54
num_leaves=8
num_cat=0
split_feature=6 13 5 5 13 12 5
split_gain=0.455005 0.447831 0.228335 0.416527 0.738409 0.349091 0.217954
threshold=-1.0717001458497937 26.494999885559086 0.01493532930036779 0.013146180617272463 16.894999504089359 0.0065049647434682898 0.010978013499306036
decision_type=2 2 2 2 2 2 2
left_child=-1 2 3 6 -5 -6 -2
right_child=1 -3 -4 4 5 -7 -8
leaf_value=-3.6264055482889089e-06 1.6116244379842459e-05 -0.00024640609062240402 0.00020864891102756033 -0.0002015865989548302 -1.0357541624405939e-05 8.7429786429507974e-05 3.3848120167268949e-05
leaf_weight=47 296 25 78 25 25 30 221
leaf_count=47 296 25 78 25 25 30 221
internal_value=0.00125167 0.00157143 0.00181481 0.00148241 -0.001875 0.00136364 0.00200193
internal_weight=747 700 675 597 80 55 517
internal_count=747 700 675 597 80 55 517
is_linear=0
shrinkage=0.05


Tree=55
num_leaves=8
num_cat=0
split_feature=6 11 11 7 0 10 11
split_gain=0.561036 0.283785 0.75712 0.513552 0.316957 0.282959 0.188369
threshold=-1.0717001458497937 0.0072949699106841246 0.0053660199298344322 0.040174201213612266 -0.014796458876442707 0.010263940972428777 -0.010415571186439985
decision_type=2 2 2 2 2 2 2
left_child=-1 2 3 4 -2 -3 -6
right_child=1 5 -4 -5 6 -7 -8
leaf_value=-3.5627174214221157e-06 -2.0643150009147243e-05 5.3221387842674613e-05 -0.00010954163282216919 -0.00055176650999810839 0.00017092264589408594 -3.6487977813659088e-05 1.7622896778034707e-05
leaf_weight=45 45 260 37 32 106 44 194
leaf_count=45 45 260 37 32 106 44 194
internal_value=0.00152687 0.0018663 0.00101449 0.00168435 0.00224638 0.00302632 0.00283333
internal_weight=763 718 414 377 345 304 300
internal_count=763 718 414 377 345 304 300
is_linear=0
shrinkage=0.05


Tree=56
num_leaves=8
num_cat=0
split_feature=6 13 10 10 10 11 3
split_gain=0.539593 0.355733 0.476539 0.336614 0.82672 0.267857 0.210598
threshold=-1.0717001458497937 20.610000610351566 -0.008698781123315567 0.0098863943320696163 0.01216187619022502 -0.011940064700992346 -0.0008363388331690812
decision_type=2 2 2 2 2 2 2
left_child=-1 3 -3 6 -5 -4 -2
right_child=1 2 5 4 -6 -7 -8
leaf_value=-3.4433976256247962e-06 4.4501770084133749e-05 -0.0001936832279270837 0.00015456786615054792 -0.00023875541910079476 0.00014068788506262797 -5.240718520843217e-05 2.2905153650995452e-05
leaf_weight=44 204 38 30 27 36 40 320
leaf_count=44 204 38 30 27 36 40 320
internal_value=0.00127876 0.00161871 -0.00101852 0.00210392 -0.00134921 0.00142857 0.00251908
internal_weight=739 695 108 587 63 70 524
internal_count=739 695 108 587 63 70 524
is_linear=0
shrinkage=0.05


Tree=57
num_leaves=8
num_cat=0
split_feature=1 6 13 11 4 12 6
split_gain=0.620224 0.64015 0.376014 0.332247 0.433085 0.537634 0.510264
threshold=-0.051174987360136918 -1.0717001458497937 15.085000038146974 -0.011940064700992346 0.017109583650106185 0.027083039342927776 -0.12646450815538965
decision_type=2 2 2 2 2 2 2
left_child=-1 -2 -3 -4 5 6 -5
right_child=1 2 3 4 -6 -7 -8
leaf_value=-6.1180756919633912e-05 -3.330043819617341e-06 4.9557525236493262e-05 0.00015875802440577368 -0.00016632957681104505 3.6123740576125008e-05 -0.00052489355547658283 0.00014743860033934343
leaf_weight=27 43 224 106 33 242 31 29
leaf_count=27 43 224 106 33 242 31 29
internal_value=0.00132653 0.00161017 0.00199248 0.00114512 0.000373135 -0.00252688 0.000161291
internal_weight=735 708 665 441 335 93 62
internal_count=735 708 665 441 335 93 62
is_linear=0
shrinkage=0.05


Tree=58
num_leaves=8
num_cat=0
split_feature=6 4 15 3 6 6 14
split_gain=0.409866 0.310668 0.283124 0.538188 0.335701 0.356733 0.350808
threshold=-1.0717001458497937 0.015781077673900249 -0.0074435167967478169 -0.00053500320873234297 -0.56759380040066165 -0.42713902116996089 -0.073802250117532039
decision_type=2 2 2 2 2 2 2
left_child=-1 -2 3 -3 -4 -6 -7
right_child=1 2 4 -5 5 6 -8
leaf_value=-2.4165424405709805e-06 7.2645395951352021e-05 3.2871065557355318e-05 0.00013023196022313919 -9.4918603631146439e-05 -3.8865119872360649e-05 -5.3699559210380424e-05 2.87840298392509e-05
leaf_weight=43 165 54 117 44 34 38 255
leaf_count=43 165 54 117 44 34 38 255
internal_value=0.0016 0.00188826 0.00130996 -0.00112245 0.00184685 0.00102446 0.00158703
internal_weight=750 707 542 98 444 327 293
internal_count=750 707 542 98 444 327 293
is_linear=0
shrinkage=0.05


Tree=59
num_leaves=8
num_cat=0
split_feature=6 9 4 12 0 8 3
split_gain=0.427558 0.304653 0.627257 0.917864 0.361195 1.16675 0.441503
threshold=-1.0717001458497937 0.026591370879723634 0.023516107785901883 0.012544091383750124 -0.012929821371137516 0.031874389636453733 -0.002663190987317043
decision_type=2 8 2 2 2 8 2
left_child=-1 2 3 -2 5 -3 -6
right_child=1 4 -4 -5 6 -7 -8
leaf_value=-2.8662662807864968e-06 -0.00018364046172637816 5.4333886694101467e-05 0.000248982735118706 1.5351279974572632e-05 5.9758094512820773e-05 -0.00032284791774484282 1.8776398130908725e-05
leaf_weight=46 45 51 44 37 113 27 395
leaf_count=46 45 51 44 37 113 27 395
internal_value=0.000976253 0.00127809 -0.000952381 -0.00353659 0.00175768 -0.00141026 0.00224409
internal_weight=758 712 126 82 586 78 508
internal_count=758 712 126 82 586 78 508
is_linear=0
shrinkage=0.05


Tree=60
num_leaves=8
num_cat=0
split_feature=6 11 3 12 7 2 2
split_gain=0.624163 0.396302 0.351296 0.354225 0.463337 0.679857 0.784286
threshold=-1.0717001458497937 -0.030384462612199011 -0.0033276103330824864 0.035088543452977745 0.0093308134699392493 -0.074623198935004117 -0.051492329063913204
decision_type=2 2 2 2 2 2 2
left_child=-1 -2 -3 4 5 -4 -7
right_child=1 2 3 -5 -6 6 -8
leaf_value=-2.8994011925686694e-06 -0.00016642270677476472 9.6121251285370289e-05 4.6319775702779103e-06 2.9930711852912801e-05 8.4831080514810098e-05 -0.00014819388916484028 -5.4808548284432349e-06
leaf_weight=43 28 146 38 147 197 26 128
leaf_count=43 28 146 38 147 197 26 128
internal_value=0.00154714 0.00190141 0.00214076 0.00154851 0.000758355 -0.000989583 -0.00246753
internal_weight=753 710 682 536 389 192 154
internal_count=753 710 682 536 389 192 154
is_linear=0
shrinkage=0.05


Tree=61
num_leaves=8
num_cat=0
split_feature=6 5 4 4 6 5 0
split_gain=0.376497 0.223575 0.243179 0.285467 0.652262 0.249796 0.588039
threshold=-1.0717001458497937 0.015672147139033744 0.015177444946752468 0.016215556473501425 -0.29471033750831849 0.013146180617272463 0.0030132163339532396
decision_type=2 2 2 2 2 2 2
left_child=-1 2 -2 4 -4 -5 -7
right_child=1 -3 3 5 -6 6 -8
leaf_value=-2.813247208214028e-06 0.00011514145620955519 0.00014048919704947105 -0.00023645642103285226 2.1692990675177701e-05 1.1578999450295147e-05 5.1101376624007076e-06 -0.00013931455718997634
leaf_weight=42 134 68 26 343 34 53 36
leaf_count=42 134 68 26 343 34 53 36
internal_value=0.00126359 0.00154179 0.00124601 0.000731707 -0.0025 0.00118056 -0.00117978
internal_weight=736 694 626 492 60 432 89
internal_count=736 694 626 492 60 432 89
is_linear=0
shrinkage=0.05


Tree=62
num_leaves=8
num_cat=0
split_feature=6 6 10 0 5 7 14
split_gain=0.377319 0.285214 0.675071 0.765924 0.36477 0.356264 0.352072
threshold=-1.0717001458497937 0.090869985775722653 0.0043154223195999162 -0.0017969466437621759 0.01089081729714214 -0.0042890498528039825 0.093015395411206861
decision_type=2 2 2 2 2 2 2
left_child=-1 6 4 -4 -3 -6 -2
right_child=1 2 3 -5 5 -7 -8
leaf_value=-1.7285343108132514e-06 4.436787271743737e-05 9.4478424847986258e-05 -0.00030252658670188544 7.4825886601084666e-05 5.6857660139039333e-05 -0.0002744921684792202 -4.4809289523427453e-05
leaf_weight=44 422 69 31 46 51 43 45
leaf_count=44 422 69 31 46 51 43 45
internal_value=0.00153795 0.00181754 0.000416667 -0.00344156 0.00223926 0.000212766 0.00253747
internal_weight=751 707 240 77 163 94 467
internal_count=751 707 240 77 163 94 467
is_linear=0
shrinkage=0.05


Tree=63
num_leaves=8
num_cat=0
split_feature=1 6 11 14 6 11 11
split_gain=0.45723 0.391546 0.295055 0.709888 0.629604 0.550631 0.56731
threshold=-0.051174987360136918 -1.0717001458497937 0.017632918740663531 -0.011513166785666882 -0.21872494018409891 0.0079966133143608582 0.0053660199298344322
decision_type=2 2 2 2 2 2 2
left_child=-1 -2 5 -4 -5 6 -3
right_child=1 2 3 4 -6 -7 -8
leaf_value=-0.00016163100673909187 -2.1156295388363323e-06 1.6220542769107776e-05 3.1753973030067082e-05 7.4318925842158394e-06 -0.00037130167425246266 9.2943569918395904e-05 -4.5535924048743884e-05
leaf_weight=29 40 349 75 29 25 156 49
leaf_count=29 40 349 75 29 25 156 49
internal_value=0.00081117 0.00105809 0.00133968 -0.000813953 -0.00518518 0.00184116 0.000854272
internal_weight=752 723 683 129 54 554 398
internal_count=752 723 683 129 54 554 398
is_linear=0
shrinkage=0.05


Tree=64
num_leaves=8
num_cat=0
split_feature=6 8 14 8 12 11 3
split_gain=0.403791 0.74356 0.257608 0.841842 0.231236 0.25724 0.402008
threshold=-1.0226127567834384 0.028239435378124681 0.093015395411206861 0.033441554719757079 -0.036853049265853803 0.016536757711404618 -0.00071481965748942933
decision_type=2 10 2 8 2 2 2
left_child=1 -1 4 -4 -2 -6 -7
right_child=2 -3 3 -5 5 6 -8
leaf_value=-6.788387588182261e-05 -2.700634741138975e-06 0.00013427985265570308 0.00014474441880248367 -0.00034566841052350022 2.5189922197392291e-05 -0.00014441766898224586 2.3229151773032809e-05
leaf_weight=25 48 26 37 27 438 49 82
leaf_count=25 48 26 37 27 438 49 82
internal_value=0.00144809 -0.00284314 0.00176946 -0.00125 0.00208266 0.0023638 0.000419848
internal_weight=732 51 681 64 617 569 131
internal_count=732 51 681 64 617 569 131
is_linear=0
shrinkage=0.05


Tree=65
num_leaves=8
num_cat=0
split_feature=12 9 11 11 0 16 3
split_gain=0.275821 0.445117 0.725926 0.465071 0.777392 0.559105 0.424983
threshold=0.011040708270440904 0.089929404889970713 0.0040071134155756924 -0.010415571186439985 -0.0076642502505021018 -0.0093415933398103817 -0.002663190987317043
decision_type=2 10 2 2 2 2 2
left_child=1 3 -3 -1 -5 -6 -2
right_child=6 2 -4 4 5 -7 -8
leaf_value=8.7343703142081161e-05 5.4859105050863927e-05 -0.00023619677975230459 8.0039432053232232e-05 -8.6054229703423071e-05 -4.035765877231733e-05 2.4253505287236351e-05 8.1679122314512477e-06
leaf_weight=92 121 45 27 32 25 74 336
leaf_count=92 121 45 27 32 25 74 336
internal_value=0.0012766 8.47459e-05 -0.00333333 0.00118834 -0.000725191 0.00146465 0.00204595
internal_weight=752 295 72 223 131 99 457
internal_count=752 295 72 223 131 99 457
is_linear=0
shrinkage=0.05


Tree=66
num_leaves=8
num_cat=0
split_feature=11 11 14 8 7 6 3
split_gain=0.290457 0.857965 0.315548 0.605417 0.739647 0.390785 0.455526
threshold=0.0069843130840521192 0.0053660199298344322 -0.034475777702634207 -0.012056829283144719 0.022009420566899033 0.20505486597214231 0.0013127188981737483
decision_type=2 2 2 10 2 2 2
left_child=1 2 3 -1 -5 -4 -7
right_child=-2 -3 5 4 -6 6 -8
leaf_value=5.1810816822436173e-05 2.853777789771204e-05 -8.537909206177961e-05 2.2879979058564505e-05 -0.00026104298928195753 1.3482740135403331e-05 1.2510647442517376e-05 -0.00010056044113264936
leaf_weight=29 338 28 206 32 31 53 28
leaf_count=29 338 28 206 32 31 53 28
internal_value=0.00184564 0.000945946 0.00156992 -0.000978261 -0.00373016 0.00238676 -0.000555555
internal_weight=745 407 379 92 63 287 81
internal_count=745 407 379 92 63 287 81
is_linear=0
shrinkage=0.05


Tree=67
num_leaves=8
num_cat=0
split_feature=9 7 7 16 1 7 3
split_gain=0.264347 0.361926 0.256886 0.258665 0.230841 0.473996 0.429355
threshold=0.19207088080431625 0.04235626057673237 -0.026276786109489688 0.017842563249957036 0.015089343014713432 1.0000000180025095e-35 -0.0015700718786014198
decision_type=8 2 2 2 2 2 2
left_child=1 4 -2 -4 5 -1 -7
right_child=2 -3 3 -5 -6 6 -8
leaf_value=1.5816054591685121e-05 -2.4375611456989252e-05 -0.00049177570739266318 8.8145186608169581e-05 1.3838209541482127e-06 1.2375857180285083e-05 -0.00021327630788780966 2.9729929557659487e-06
leaf_weight=199 33 33 152 42 148 55 100
leaf_count=199 33 33 152 42 148 55 100
internal_value=0.00158793 0.000981309 0.00301762 0.00371134 0.00131474 0.000621469 -0.00145161
internal_weight=762 535 227 194 502 354 155
internal_count=762 535 227 194 502 354 155
is_linear=0
shrinkage=0.05


Tree=68
num_leaves=8
num_cat=0
split_feature=5 5 4 8 4 6 2
split_gain=0.248879 0.672586 0.275004 0.214465 0.417382 0.329054 0.774794
threshold=0.00951880564592727 0.0097813269792378591 0.015177444946752468 0.057544307846813754 0.016101322144418225 0.20505486597214231 0.016844668397523636
decision_type=2 2 2 10 2 2 2
left_child=-1 -2 -3 4 -4 -6 -7
right_child=1 2 3 -5 5 6 -8
leaf_value=8.1400124521477927e-05 -0.00050856883023573307 0.00021563062446653604 -0.00012209203248761914 2.4695862739181324e-05 1.2107273404102976e-05 1.2434304645029509e-05 -0.00036948619537781184
leaf_weight=109 25 48 37 89 312 96 37
leaf_count=109 25 48 37 89 312 96 37
internal_value=0.00141434 0.00104037 0.00136511 0.00105954 0.000643154 0.00106742 -0.00101504
internal_weight=753 644 619 571 482 445 133
internal_count=753 644 619 571 482 445 133
is_linear=0
shrinkage=0.05


Tree=69
num_leaves=8
num_cat=0
split_feature=11 11 2 0 6 16 3
split_gain=0.323335 0.623751 0.535519 0.755176 0.374052 0.35728 0.201641
threshold=0.0069843130840521192 0.0053660199298344322 0.044792796383122176 -0.0017969466437621759 -1.0226127567834384 -0.0072734767142825221 -0.0033276103330824864
decision_type=2 2 2 2 2 2 2
left_child=1 2 6 -4 -2 -5 -1
right_child=4 -3 3 5 -6 -7 -8
leaf_value=4.8409718021280084e-05 -1.5299338472953718e-07 -0.00015280958958845622 -0.00023448154921051494 -1.602306113969971e-06 3.2052239922613214e-05 0.00014006440645403595 5.9708351805906223e-06
leaf_weight=80 34 31 29 28 302 52 194
leaf_count=80 34 31 29 28 302 52 194
internal_value=0.00146667 0.000531401 0.00108355 -0.00188073 0.00261905 0.000625 0.00226277
internal_weight=750 414 383 109 336 80 274
internal_count=750 414 383 109 336 80 274
is_linear=0
shrinkage=0.05


end of trees

feature_importances:
dvol_z_20=50
vix_level=42
spy_ret_5d=38
ret_20d=34
overnight_gap=34
spy_ret_1d=34
dist_ma200=29
ret_1d=26
dist_ma50=26
spy_ret_20d=26
ret_5d=25
dist_ma20=24
atr_pct=23
vix_chg_1d=23
parkinson_20=22
sector_ret_5d=21
sector_ret_1d=13

parameters:
[boosting: gbdt]
[objective: quantile]
[metric: quantile]
[tree_learner: serial]
[device_type: cpu]
[data_sample_strategy: bagging]
[data: ]
[valid: ]
[num_iterations: 80]
[learning_rate: 0.05]
[num_leaves: 8]
[num_threads: 1]
[seed: 0]
[deterministic: 0]
[force_col_wise: 1]
[force_row_wise: 0]
[histogram_pool_size: -1]
[max_depth: -1]
[min_data_in_leaf: 25]
[min_sum_hessian_in_leaf: 0.001]
[bagging_fraction: 0.9]
[pos_bagging_fraction: 1]
[neg_bagging_fraction: 1]
[bagging_freq: 1]
[bagging_seed: 3]
[bagging_by_query: 0]
[feature_fraction: 0.9]
[feature_fraction_bynode: 1]
[feature_fraction_seed: 2]
[extra_trees: 0]
[extra_seed: 6]
[early_stopping_round: 0]
[early_stopping_min_delta: 0]
[first_metric_only: 0]
[max_delta_step: 0]
[lambda_l1: 0]
[lambda_l2: 0]
[linear_lambda: 0]
[min_gain_to_split: 0]
[drop_rate: 0.1]
[max_drop: 50]
[skip_drop: 0.5]
[xgboost_dart_mode: 0]
[uniform_drop: 0]
[drop_seed: 4]
[top_rate: 0.2]
[other_rate: 0.1]
[min_data_per_group: 100]
[max_cat_threshold: 32]
[cat_l2: 10]
[cat_smooth: 10]
[max_cat_to_onehot: 4]
[top_k: 20]
[monotone_constraints: ]
[monotone_constraints_method: basic]
[monotone_penalty: 0]
[feature_contri: ]
[forcedsplits_filename: ]
[refit_decay_rate: 0.9]
[cegb_tradeoff: 1]
[cegb_penalty_split: 0]
[cegb_penalty_feature_lazy: ]
[cegb_penalty_feature_coupled: ]
[path_smooth: 0]
[interaction_constraints: ]
[verbosity: -1]
[saved_feature_importance_type: 0]
[use_quantized_grad: 0]
[num_grad_quant_bins: 4]
[quant_train_renew_leaf: 0]
[stochastic_rounding: 1]
[linear_tree: 0]
[max_bin: 255]
[max_bin_by_feature: ]
[min_data_in_bin: 3]
[bin_construct_sample_cnt: 200000]
[data_random_seed: 1]
[is_enable_sparse: 1]
[enable_bundle: 1]
[use_missing: 1]
[zero_as_missing: 0]
[feature_pre_filter: 1]
[pre_partition: 0]
[two_round: 0]
[header: 0]
[label_column: ]
[weight_column: ]
[group_column: ]
[ignore_column: ]
[categorical_feature: ]
[forcedbins_filename: ]
[precise_float_parser: 0]
[parser_config_file: ]
[objective_seed: 5]
[num_class: 1]
[is_unbalance: 0]
[scale_pos_weight: 1]
[sigmoid: 1]
[boost_from_average: 1]
[reg_sqrt: 0]
[alpha: 0.1]
[fair_c: 1]
[poisson_max_delta_step: 0.7]
[tweedie_variance_power: 1.5]
[lambdarank_truncation_level: 30]
[lambdarank_norm: 1]
[label_gain: ]
[lambdarank_position_bias_regularization: 0]
[eval_at: ]
[multi_error_top_k: 1]
[auc_mu_weights: ]
[num_machines: 1]
[local_listen_port: 12400]
[time_out: 120]
[machine_list_filename: ]
[machines: ]
[gpu_platform_id: -1]
[gpu_device_id: -1]
[gpu_device_id_list: ]
[gpu_use_dp: 0]
[num_gpu: 1]

end of parameters

pandas_categorical:[]
