tree
version=v4
num_class=1
num_tree_per_iteration=1
label_index=0
max_feature_idx=16
objective=quantile
feature_names=ret_1d ret_5d ret_20d overnight_gap atr_pct parkinson_20 dvol_z_20 dist_ma20 dist_ma50 dist_ma200 spy_ret_1d spy_ret_5d spy_ret_20d vix_level vix_chg_1d sector_ret_1d sector_ret_5d
feature_infos=[-0.096036585365853577:0.14726771995941457] [-0.15216186252771613:0.27493261455525619] [-0.17922807017543863:0.36189069423929099] [-0.084197075110038377:0.081316132772865535] [0.021318096898742072:0.058112957260984928] [0.014151725966946107:0.037963397969873344] [-1.8973853862051173:4.2734124654496872] [-0.126423042724079:0.19246828960844575] [-0.18555885638493042:0.26536818342941348] [-0.21384416052675459:0.63403711968584076] [-0.058542947643003718:0.10501933612632941] [-0.11496158439845272:0.082843216242346029] [-0.12265592443394913:0.15756596870864792] [11.859999656677246:52.330001831054688] [-0.35753873962348437:0.74039073966007019] [-0.06285260230433054:0.088816354578251211] [-0.11675897124649115:0.08529462291702461]
tree_sizes=842 862 854 855 850 862 856 851 860 855 851 853 858 855 855 854 855 857 858 863 861 857 854 846 850 858 856 857 864 858 855 857 851 857 862 862 863 854 857 860 855 855 858 861 849 855 852 859 849 860 834 858 853 853 857 865 856 852 861 846 851 855 878 844 853 863 853 848 861 866

Tree=0
num_leaves=8
num_cat=0
split_feature=13 6 2 14 6 5 8
split_gain=2.74994 2.11848 1.87443 1.47895 2.63815 1.53085 1.40879
threshold=16.260000228881839 -0.14697480016079437 -0.096523820681204228 -0.014609583018452553 1.0724760482646134 0.021403957270288754 -0.035756548029757189
decision_type=2 2 2 2 2 2 8
left_child=3 2 -2 -1 5 -5 -3
right_child=1 6 -4 4 -6 -7 -8
leaf_value=-0.012284295680001379 -0.012191547034308314 -0.012586475629359484 -0.012532943277619779 -0.012267252476885915 -0.012726113107055426 -0.012771629542112351 -0.012707559019327163
leaf_weight=149 25 57 194 134 28 25 138
leaf_count=149 25 57 194 134 28 25 138
internal_value=-0.0129647 -0.0156922 -0.0123172 -0.00960399 -0.0125651 -0.0100729 -0.0194827
internal_weight=750 414 219 336 187 159 195
internal_count=750 414 219 336 187 159 195
is_linear=0
shrinkage=1


Tree=1
num_leaves=8
num_cat=0
split_feature=13 0 10 12 0 0 3
split_gain=3.21521 2.08331 1.66255 2.16105 1.5817 2.37335 1.58083
threshold=15.905000209808351 0.026669530161842484 0.0068455088776298032 0.036367400573910087 -0.030927441500922467 -0.015919452911964279 0.010476795332417412
decision_type=2 2 2 2 2 2 2
left_child=6 2 3 4 -2 -6 -1
right_child=1 -3 -4 -5 5 -7 -8
leaf_value=0.00013614534633234147 -0.00054286915808916098 -0.00020663255825638773 0.00020794619282241911 -0.00027753210219088942 0.00019534988678060472 -0.00014643158763647082 -9.3750377418473348e-05
leaf_weight=266 30 39 74 62 48 177 38
leaf_count=266 30 39 74 62 48 177 38
internal_value=0.000340599 -0.00244186 -0.00134271 -0.00291798 -0.000882353 0.000555556 0.00427632
internal_weight=734 430 391 317 255 225 304
internal_count=734 430 391 317 255 225 304
is_linear=0
shrinkage=0.05


Tree=2
num_leaves=8
num_cat=0
split_feature=13 11 1 16 1 7 6
split_gain=3.02956 1.73349 2.30905 1.66942 1.61987 1.88929 1.42324
threshold=15.905000209808351 0.015980526956462796 -0.019134719195366353 0.032316364335596266 -0.01149494945805146 0.029585267878732505 -0.72868959072782424
decision_type=2 2 2 2 2 2 2
left_child=-1 2 -2 -3 -4 6 -6
right_child=1 3 4 -5 5 -7 -8
leaf_value=0.00010239314159844072 1.6743646701798068e-06 0.00029961603463743821 -0.00034047377033857628 -0.00013146174047142271 -0.0003535572860855609 -0.00024803750705905257 3.5346058139111828e-05
leaf_weight=308 162 53 27 31 27 63 78
leaf_count=308 162 53 27 31 27 63 78
internal_value=-0.000233645 -0.00289116 -0.00441176 0.00357143 -0.00807692 -0.00625 -0.00214286
internal_weight=749 441 357 84 195 168 105
internal_count=749 441 357 84 195 168 105
is_linear=0
shrinkage=0.05


Tree=3
num_leaves=8
num_cat=0
split_feature=2 8 13 6 11 1 14
split_gain=2.2283 2.65385 2.50248 1.96666 1.87536 3.29441 1.49334
threshold=-0.096523820681204228 -0.098539410389628532 15.984999656677248 1.0942490062863348 0.011124085891359938 -0.019134719195366353 0.10600204873107434
decision_type=2 10 2 2 2 2 2
left_child=1 -1 3 -2 5 6 -4
right_child=2 -3 4 -5 -6 -7 -8
leaf_value=1.7086298771027895e-05 7.85376084444579e-05 0.00035608134265348784 -0.00011607902228133751 -0.00030126622184761803 5.7662853620422521e-05 -0.00030629441859782674 0.00020369885443942624
leaf_weight=46 251 32 96 41 107 143 27
leaf_count=46 251 32 96 41 107 143 27
internal_value=-0.000302826 0.00769231 -0.0012406 0.00222603 -0.00395442 -0.00620301 -0.000203252
internal_weight=743 78 665 292 373 266 123
internal_count=743 78 665 292 373 266 123
is_linear=0
shrinkage=0.05


Tree=4
num_leaves=8
num_cat=0
split_feature=13 6 14 0 14 6 12
split_gain=3.59828 2.45898 3.73663 2.23284 1.62934 1.29118 1.1919
threshold=15.905000209808351 0.83265105707400378 -0.0054293361358405115 0.026669530161842484 -0.067583665573298909 -0.99782702840802939 0.057873596393828615
decision_type=2 2 2 2 2 2 2
left_child=1 5 -3 4 -2 -1 -6
right_child=3 2 -4 -5 6 -7 -8
leaf_value=0.00030523709412344036 0.00021712461008071838 0.00015123848862393064 -0.00035417139104421949 -0.00023948499034362618 -8.7186209661595067e-05 0.0001102133274046355 -0.00028725595886266086
leaf_weight=25 47 30 26 35 313 233 37
leaf_count=25 47 30 26 35 313 233 37
internal_value=6.70241e-05 0.00414013 -0.00535714 -0.00289352 -0.0018262 0.00620155 -0.003
internal_weight=746 314 56 432 397 258 350
internal_count=746 314 56 432 397 258 350
is_linear=0
shrinkage=0.05


Tree=5
num_leaves=8
num_cat=0
split_feature=11 8 8 1 8 4 11
split_gain=2.50788 2.41456 2.31172 2.25844 2.13755 1.7852 1.76017
threshold=0.015980526956462796 -0.075642461095102906 0.12819319882681304 -0.049027732399958383 0.11988718655004417 0.03071019954352058 0.0087351921378735504
decision_type=2 8 10 2 10 2 2
left_child=1 -1 3 -3 -2 6 -5
right_child=4 2 -4 5 -6 -7 -8
leaf_value=0.00013973006048230308 0.00022259664371305552 0.00015488812888633406 7.1694655555635135e-05 1.5975108910803094e-05 -7.1829153295388095e-05 -0.00029299623105952927 -0.00018799739879513797
leaf_weight=78 131 49 71 132 38 182 56
leaf_count=78 131 49 71 132 38 182 56
internal_value=-0.000169607 -0.00176056 -0.00306122 -0.00447494 0.00517751 -0.00581081 -0.00239362
internal_weight=737 568 490 419 169 370 188
internal_count=737 568 490 419 169 370 188
is_linear=0
shrinkage=0.05


Tree=6
num_leaves=8
num_cat=0
split_feature=13 8 10 3 10 13 9
split_gain=1.93363 1.7774 1.39884 1.83854 1.78992 1.68621 1.67654
threshold=15.984999656677248 -0.075642461095102906 0.0056625653487155656 0.008253141498401952 0.0034152998486263191 20.714999198913578 0.087008915907571441
decision_type=2 8 2 2 2 2 10
left_child=-1 -2 3 4 5 -3 -4
right_child=1 2 6 -5 -6 -7 -8
leaf_value=5.9842217354926823e-05 0.00012700599881304643 -0.00015569643012627128 -0.00011949372285622596 -0.0003110171723389212 -0.00039098479562326029 0.00016294927831335591 0.00011245867917313558
leaf_weight=317 51 151 68 44 27 56 32
leaf_count=317 51 151 68 44 27 56 32
internal_value=-0.000201072 -0.00238928 -0.00357143 -0.00539568 -0.00363248 -0.00205314 0.0015
internal_weight=746 429 378 278 234 207 100
internal_count=746 429 378 278 234 207 100
is_linear=0
shrinkage=0.05


Tree=7
num_leaves=8
num_cat=0
split_feature=6 7 8 14 9 2 5
split_gain=2.10032 1.6141 3.51105 1.96372 2.16248 1.57173 2.30415
threshold=-0.10865845084752739 0.075847605905564844 0.096463369949098113 -0.034895651013681799 0.085260799279688895 0.10195242053488864 0.023128320170321671
decision_type=2 2 10 2 8 2 2
left_child=5 2 3 4 -2 -1 -7
right_child=1 -3 -4 -5 -6 6 -8
leaf_value=2.5593820168140838e-05 -0.00018288040398878647 -0.00021054346254378658 0.00027893846374071104 -0.00022110054887037288 0.00028678803933689779 0.00026025574807508124 -0.00022190930710760411
leaf_weight=321 41 66 30 171 26 62 28
leaf_count=321 41 66 30 171 26 62 28
internal_value=0.000100671 -0.00284431 -0.0011194 -0.00315126 0.00410448 0.00249392 0.00833333
internal_weight=745 334 268 238 67 411 90
internal_count=745 334 268 238 67 411 90
is_linear=0
shrinkage=0.05


Tree=8
num_leaves=8
num_cat=0
split_feature=13 11 1 1 10 10 6
split_gain=2.38813 2.59807 2.20016 1.71443 1.56708 1.67508 1.37958
threshold=15.905000209808351 0.016424334506672137 -0.019134719195366353 -0.01149494945805146 0.0075491306904977859 -0.00090813194402433728 -1.0131678901193086
decision_type=2 2 2 2 2 2 2
left_child=6 2 -2 -4 5 -5 -1
right_child=1 -3 3 4 -6 -7 -8
leaf_value=0.00027688972001843398 2.8694067074981278e-05 0.00019662132364134567 -0.00036403878229611722 -0.00015192969493368696 0.00015814311207724914 -0.00019845282472904212 7.4155919131784542e-05
leaf_weight=25 169 82 30 79 30 59 290
leaf_count=25 169 82 30 79 30 59 290
internal_value=0.00039267 -0.00194878 -0.00374659 -0.00732323 -0.00535714 -0.0076087 0.00373016
internal_weight=764 449 367 198 168 138 315
internal_count=764 449 367 198 168 138 315
is_linear=0
shrinkage=0.05


Tree=9
num_leaves=8
num_cat=0
split_feature=8 13 7 4 11 4 4
split_gain=2.25967 1.81041 2.00057 2.58057 2.32557 1.6965 2.01568
threshold=0.19615533605732585 16.085000038146976 -0.036225536029222231 0.032911265391816553 0.014319949991421945 0.028627296827364274 0.035000816039790765
decision_type=8 2 2 2 2 2 2
left_child=1 -1 3 -3 5 -4 -7
right_child=-2 2 4 -5 -6 6 -8
leaf_value=6.0410838395933867e-05 -0.00033250982922988911 0.0004275560992131383 6.0598650135490485e-05 -9.2859240820538207e-05 0.00017670420511910111 -0.00028654411029477615 -0.00010734275293772912
leaf_weight=308 45 29 47 66 70 122 57
leaf_count=308 45 29 47 66 70 122 57
internal_value=-0.000806452 -0.000107296 -0.00236573 0.00394737 -0.00439189 -0.00685841 -0.00907821
internal_weight=744 699 391 95 296 226 179
internal_count=744 699 391 95 296 226 179
is_linear=0
shrinkage=0.05


Tree=10
num_leaves=8
num_cat=0
split_feature=9 14 6 0 6 3 14
split_gain=1.8363 2.17847 2.27599 2.26261 1.51474 1.59258 1.44454
threshold=-0.11439873567613755 -0.036136320679139293 -0.34408580040439818 -0.015919452911964279 1.0942490062863348 0.011053354911349957 -0.011938112467112181
decision_type=10 2 2 2 2 2 2
left_child=1 2 -1 -3 5 -2 -6
right_child=4 3 -4 -5 6 -7 -8
leaf_value=-0.00022505778755840946 0.0001001254572610555 9.1680988465962364e-05 0.00024447558459021529 -0.00017980292747187614 8.2191641402348375e-05 -0.00012596812621641171 -0.00039968194286203013
leaf_weight=36 396 47 29 116 37 53 35
leaf_count=36 396 47 29 116 37 53 35
internal_value=0.000233645 -0.00350877 0.00423077 -0.00659509 0.0018714 0.002951 -0.00486111
internal_weight=749 228 65 163 521 449 72
internal_count=749 228 65 163 521 449 72
is_linear=0
shrinkage=0.05


Tree=11
num_leaves=8
num_cat=0
split_feature=14 6 10 5 0 7 7
split_gain=2.24111 2.3616 2.13043 1.81836 3.26179 2.6044 2.19084
threshold=-0.067583665573298909 1.0724760482646134 0.010510729988004066 0.017882964881302973 0.011826700336429076 -0.026575962400198268 0.053223312577077804
decision_type=2 2 2 2 2 2 2
left_child=2 3 -1 4 5 -2 -5
right_child=1 -3 -4 6 -6 -7 -8
leaf_value=0.00046667166864839391 0.0002635849806033106 -0.00027232074366810582 -6.4982681886071807e-06 -0.00013862553278607713 0.00022688870681773248 -5.6483839937093938e-05 8.5368007310523714e-05
leaf_weight=46 34 92 46 270 45 130 84
leaf_count=46 34 92 46 270 45 130 84
internal_value=0.000301205 -0.000725191 0.0076087 0.000488455 0.0041866 0.000914634 -0.00169492
internal_weight=747 655 92 563 209 164 354
internal_count=747 655 92 563 209 164 354
is_linear=0
shrinkage=0.05


Tree=12
num_leaves=8
num_cat=0
split_feature=3 3 13 11 12 0 6
split_gain=1.65828 1.93145 1.82839 1.72748 2.07579 1.47838 1.48268
threshold=0.011053354911349957 0.015819520680110503 14.00500011444092 0.030023706466371539 0.034736812074913422 0.023919234259556336 -0.24901804414284082
decision_type=2 2 2 2 2 2 2
left_child=2 -2 -1 4 5 6 -4
right_child=1 -3 3 -5 -6 -7 -8
leaf_value=0.00017440512182390592 -0.00019085868786820464 1.2587197460167851e-05 0.00011574172690079328 0.00021554427147684585 -0.00018808204741428892 -0.00025649019397297327 -0.0001196990670911299
leaf_weight=130 50 48 194 39 94 28 151
leaf_count=130 50 48 194 39 94 28 151
internal_value=-6.81199e-05 -0.00612245 0.00086478 -0.000494071 -0.00133833 0.000335121 0.00123188
internal_weight=734 98 636 506 467 373 345
internal_count=734 98 636 506 467 373 345
is_linear=0
shrinkage=0.05


Tree=13
num_leaves=8
num_cat=0
split_feature=8 5 12 3 3 4 2
split_gain=1.76266 1.42697 1.23717 0.957003 1.31723 1.21144 2.86711
threshold=0.19615533605732585 0.015699003195682699 0.061412556981192197 0.011053354911349957 0.017106424550860758 0.029722161916063201 0.053583391820327904
decision_type=8 2 2 2 2 2 2
left_child=1 -1 3 5 -5 6 -3
right_child=-2 2 -4 4 -6 -7 -8
leaf_value=0.00020959170588868227 -0.00031627276273706576 5.8822504206745583e-05 -0.00017503735135606814 -0.000175326797489723 1.7585632651026529e-05 8.5170946276067527e-05 -0.00023163407840781676
leaf_weight=39 46 96 40 52 38 366 68
leaf_count=39 46 96 40 52 38 366 68
internal_value=-0.000302013 0.000321888 -0.000227273 0.000322581 -0.00444444 0.00113208 -0.00243902
internal_weight=745 699 660 620 90 530 164
internal_count=745 699 660 620 90 530 164
is_linear=0
shrinkage=0.05


Tree=14
num_leaves=8
num_cat=0
split_feature=3 3 0 0 2 14 15
split_gain=2.14396 1.99481 1.66691 1.84333 2.12144 1.3686 1.22332
threshold=0.010803270765482044 0.013292273553167535 0.02298972223277285 0.016650733422311607 -0.10672682861449155 -0.023978062109039463 0.0013534288084278148
decision_type=2 2 2 2 2 2 2
left_child=2 -2 3 4 -1 -4 -6
right_child=1 -3 5 -5 6 -7 -8
leaf_value=0.00027362282608263942 -0.00024399102954077609 -1.8745803260090348e-05 3.6595647575497943e-06 0.00035176318535910242 4.7424368588752827e-05 -0.00026116078192688102 -8.6518156330056119e-05
leaf_weight=50 28 77 25 48 289 26 176
leaf_count=50 28 77 25 48 289 26 176
internal_value=0.000173853 -0.00642857 0.00130293 0.00208703 0.00121359 -0.00735294 0.00016129
internal_weight=719 105 614 563 515 51 465
internal_count=719 105 614 563 515 51 465
is_linear=0
shrinkage=0.05


Tree=15
num_leaves=8
num_cat=0
split_feature=5 14 14 10 3 14 5
split_gain=1.46087 1.8537 1.96444 1.9529 1.3868 2.49389 1.45565
threshold=0.017904868460604909 -0.067583665573298909 -0.048319541899194234 0.012396471332785432 -0.0084972173116492061 0.047142331582309634 0.017625372297228305
decision_type=2 2 2 2 2 2 2
left_child=4 3 -3 -2 -1 6 -6
right_child=1 2 -4 -5 5 -7 -8
leaf_value=0.00029169829400519363 0.00026958532825568725 -0.00034052840699648387 -3.7606363510254028e-05 -0.00012568797493350096 2.0810013687417792e-05 -0.00039444746346083408 0.0002073967761679874
leaf_weight=30 44 33 386 25 169 25 31
leaf_count=30 44 33 386 25 169 25 31
internal_value=0.000168237 -0.00143443 -0.00268496 0.00615942 0.00323529 0.00188889 0.00375
internal_weight=743 488 419 69 255 225 200
internal_count=743 488 419 69 255 225 200
is_linear=0
shrinkage=0.05


Tree=16
num_leaves=8
num_cat=0
split_feature=1 6 14 1 2 11 4
split_gain=1.28089 2.3541 1.6129 1.54124 1.42352 2.0327 2.07937
threshold=-0.049027732399958383 1.5933302676618262 -0.0092544987085180757 -0.037386705286013393 -0.094407933028730781 0.016276968490692715 0.023822261988117429
decision_type=2 2 2 2 2 2 2
left_child=-1 3 -3 -2 -5 6 -6
right_child=1 2 -4 4 5 -7 -8
leaf_value=0.00011024881040575148 -0.0002730878585570206 -7.6014091170285766e-05 -0.00038184146127411781 0.00016154904391610053 0.00031295411449094564 0.00014413885779234904 -4.9223238687482085e-05
leaf_weight=95 37 31 31 39 26 135 363
leaf_count=95 37 31 31 39 26 135 363
internal_value=-0.000429326 -0.00120846 -0.0104839 -0.00025 0.000399645 -0.00028626 -0.00212082
internal_weight=757 662 62 600 563 524 389
internal_count=757 662 62 600 563 524 389
is_linear=0
shrinkage=0.05


Tree=17
num_leaves=8
num_cat=0
split_feature=1 11 8 8 1 1 15
split_gain=1.5574 2.93432 2.00829 1.89746 2.12367 1.80995 1.33168
threshold=0.036866313167831739 0.015980526956462796 -0.075642461095102906 0.13608133127238778 -0.048062720951473785 -0.065784482669303188 -0.001718899729496681
decision_type=2 2 8 10 2 2 2
left_child=1 2 5 4 -4 -1 -2
right_child=6 -3 3 -5 -6 -7 -8
leaf_value=-0.00014509412605402864 9.7593734872389058e-06 0.00020905005603488958 0.00017158212474191093 0.00020818125946845854 -0.000114866856795319 0.00034012456554387478 -0.00011038040016606035
leaf_weight=29 48 96 54 33 311 47 128
leaf_count=29 48 96 54 33 311 47 128
internal_value=0.000134048 0.00140351 -0.00021097 -0.00163317 -0.00267123 0.00723684 -0.00397727
internal_weight=746 570 474 398 365 76 176
internal_count=746 570 474 398 365 76 176
is_linear=0
shrinkage=0.05


Tree=18
num_leaves=8
num_cat=0
split_feature=11 8 0 0 14 13 10
split_gain=1.59166 2.28854 2.02611 1.7623 1.6004 1.69249 1.7359
threshold=0.016276968490692715 0.13608133127238778 0.02298972223277285 0.018092185003719344 -0.083456210331023115 14.175000190734865 9.4862369999448873e-05
decision_type=2 10 2 2 2 2 2
left_child=2 -2 3 4 -1 -6 -7
right_child=1 -3 -4 -5 5 6 -8
leaf_value=0.00016452156057391006 0.0001361479212059433 -0.0001441830877890282 -0.00026084318464391233 0.0003272344444867866 8.852285095442741e-05 -3.6991423608203879e-05 -0.00018153874810396516
leaf_weight=30 133 30 68 37 81 242 132
leaf_count=30 133 30 68 37 81 242 132
internal_value=-0.000232404 0.0041411 -0.00144068 -0.000383142 -0.00118557 -0.00192308 -0.00334225
internal_weight=753 163 590 522 485 455 374
internal_count=753 163 590 522 485 455 374
is_linear=0
shrinkage=0.05


Tree=19
num_leaves=8
num_cat=0
split_feature=8 16 12 9 4 14 3
split_gain=1.64139 0.902702 1.41012 1.01103 1.34302 0.894869 1.94596
threshold=0.19615533605732585 -0.016510158587014375 -0.019977139710358579 -0.14417183399579622 0.032976830399727965 1.0000000180025095e-35 0.0062949326286231297
decision_type=8 2 2 10 2 2 2
left_child=1 2 -1 -4 -5 -3 -7
right_child=-2 5 3 4 -6 6 -8
leaf_value=0.00012852219515301078 -0.00024154358689810882 6.7110354308676758e-05 7.5273738120698171e-05 -0.00018386778055374427 -0.00040572671557925332 2.6251335651552264e-05 -0.0002817785061026923
leaf_weight=41 49 336 25 25 26 193 44
leaf_count=41 49 336 25 25 26 193 44
internal_value=0.000169147 0.000797101 -0.00320513 -0.00723684 -0.0112745 0.00161431 -0.000738397
internal_weight=739 690 117 76 51 573 237
internal_count=739 690 117 76 51 573 237
is_linear=0
shrinkage=0.05


Tree=20
num_leaves=8
num_cat=0
split_feature=0 14 0 9 1 10 0
split_gain=1.8503 2.32465 2.36792 1.41398 1.74331 1.88759 1.67299
threshold=0.021335467739810213 -0.077913276979976895 0.016650733422311607 0.38880060197991945 0.010122935819615099 -0.0026894294731198971 -0.010872972476021312
decision_type=2 2 2 8 2 2 2
left_child=1 -1 3 4 -3 -6 -7
right_child=-2 2 -4 -5 5 6 -8
leaf_value=0.00022162419250226084 -7.857568049859645e-05 -4.4954045508684152e-05 0.00025701870076517611 -0.00011944581668855235 -0.0001749466978337702 -4.1552666191051235e-05 0.00023452639878941627
leaf_weight=44 113 253 37 163 34 26 81
leaf_count=44 113 253 37 163 34 26 81
internal_value=0.000366178 0.00141066 0.000589226 -0.000224417 0.00139594 0.00585106 0.00911215
internal_weight=751 638 594 557 394 141 107
internal_count=751 638 594 557 394 141 107
is_linear=0
shrinkage=0.05


Tree=21
num_leaves=8
num_cat=0
split_feature=8 11 12 13 6 0 7
split_gain=1.32461 1.37425 1.86585 1.4586 2.15465 2.20483 1.38327
threshold=-0.075642461095102906 0.015980526956462796 0.045280709361418599 14.994999885559084 0.59427343823861956 0.0039196424961217566 0.042827060001408686
decision_type=8 2 2 2 2 2 2
left_child=-1 3 -3 4 5 -2 -5
right_child=1 2 -4 6 -6 -7 -8
leaf_value=8.210639318950567e-05 -2.6684452093899555e-06 0.00012652297531670197 -8.6948479770854401e-05 -8.6792976996644914e-05 -0.00034991171296904058 0.00018443675562231193 -0.00019399782850335829
leaf_weight=90 59 116 46 294 25 50 68
leaf_count=90 59 116 46 294 25 50 68
internal_value=-0.00013369 -0.000911854 0.00308642 -0.00221774 0.00223881 0.00527523 -0.0038674
internal_weight=748 658 162 496 134 109 362
internal_count=748 658 162 496 134 109 362
is_linear=0
shrinkage=0.05


Tree=22
num_leaves=8
num_cat=0
split_feature=14 10 9 13 9 0 0
split_gain=1.33166 2.74411 1.30757 1.74434 1.6197 1.5884 2.13816
threshold=-0.077913276979976895 0.010510729988004066 -0.041639369934269525 14.444999694824221 -0.14913777896136329 0.0218671078017918 0.016398618287102099
decision_type=2 2 10 2 8 2 2
left_child=1 -1 3 -2 -5 6 -4
right_child=2 -3 5 4 -6 -7 -8
leaf_value=0.00038480748402704309 7.3239423686267705e-05 -5.3217790517113645e-05 2.9468039438867306e-05 0.00018670936072213057 -0.00017029372124437032 -0.00013848298697544575 0.00032564748881781357
leaf_weight=33 53 32 328 25 187 56 28
leaf_count=33 53 32 328 25 187 56 28
internal_value=0.000471698 0.00730769 -0.000184638 -0.00292453 -0.00495283 0.00157767 0.00280899
internal_weight=742 65 677 265 212 412 356
internal_count=742 65 677 265 212 412 356
is_linear=0
shrinkage=0.05


Tree=23
num_leaves=8
num_cat=0
split_feature=13 13 7 12 4 5 14
split_gain=1.85004 1.81955 1.53756 1.25108 1.66014 1.56694 1.35315
threshold=12.555000305175783 16.260000228881839 0.068612285714580126 0.018300585025284647 0.029750186220671476 0.016950330133100652 -0.035401414565419224
decision_type=2 2 2 2 2 2 2
left_child=-1 2 3 6 5 -5 -2
right_child=1 -3 -4 4 -6 -7 -8
leaf_value=-0.00035198952916621278 0.00019428178767130072 -4.1491521093754877e-05 -1.3422676894769099e-05 0.00020680359704042624 0.00024572737705195617 -9.0425736305204188e-05 -0.00015418519166256648
leaf_weight=30 27 417 54 39 75 47 62
leaf_count=30 27 417 54 39 75 47 62
internal_value=0.000499334 0.00100555 0.00394737 0.0056 0.00822981 0.00348837 0.000842697
internal_weight=751 721 304 250 161 86 89
internal_count=751 721 304 250 161 86 89
is_linear=0
shrinkage=0.05


Tree=24
num_leaves=8
num_cat=0
split_feature=14 10 5 3 13 8 1
split_gain=1.46932 2.69391 1.62379 1.95479 1.81548 1.19657 1.20937
threshold=-0.077913276979976895 0.011081136457212983 0.015876838842950838 0.0056021045544532031 12.925000190734865 0.1988681304769421 0.017223980761510219
decision_type=2 2 2 2 2 8 2
left_child=1 -1 -2 4 -4 6 -6
right_child=2 -3 3 -5 5 -7 -8
leaf_value=0.00020455872973109744 9.2122072677718576e-05 -0.00013599299858941313 0.00023748543997052646 -0.00014829803640259475 -5.7007648565155687e-05 -0.00030117380240164037 0.00011723757772274992
leaf_weight=39 63 25 29 169 254 27 143
leaf_count=39 63 25 29 169 254 27 143
internal_value=0.000567423 0.0078125 -0.000109489 -0.000884244 0.000827815 0 0.000692695
internal_weight=749 64 685 622 453 424 397
internal_count=749 64 685 622 453 424 397
is_linear=0
shrinkage=0.05


Tree=25
num_leaves=8
num_cat=0
split_feature=14 10 14 2 13 16 1
split_gain=1.64331 1.97987 1.47846 1.20704 1.19954 1.58238 1.51554
threshold=-0.067583665573298909 0.013109315021302749 -0.05546753287916955 -0.042342236028806705 15.905000209808351 -0.0097925062327106054 -0.049027732399958383
decision_type=2 2 2 2 2 2 2
left_child=1 3 -2 -1 5 -4 -6
right_child=2 -3 4 -5 6 -7 -8
leaf_value=0.00019264460474113597 -0.00036945783159567991 -0.00012529734357081616 0.00022459302646204483 0.0001409689095746047 0.00018229885116896952 7.8245284656519067e-06 -0.00011156969220464196
leaf_weight=31 32 29 33 35 57 233 307
leaf_count=31 32 29 33 35 57 233 307
internal_value=0.000429326 0.00657895 -0.000453172 0.0113636 7.93651e-05 0.00263158 -0.00178571
internal_weight=757 95 662 66 630 266 364
internal_count=757 95 662 66 630 266 364
is_linear=0
shrinkage=0.05


Tree=26
num_leaves=8
num_cat=0
split_feature=10 14 4 8 7 4 5
split_gain=1.1458 2.06188 1.35867 1.00089 1.46229 1.86189 1.23734
threshold=0.012396471332785432 -0.077913276979976895 0.025714174984282669 0.20216286874519376 0.052835186655906925 0.030864218126516553 0.017044279109672208
decision_type=2 2 2 8 2 2 2
left_child=1 -1 -3 4 6 -6 -4
right_child=-2 2 3 -5 5 -7 -8
leaf_value=0.00021809279711473102 -0.00012292848148140164 0.00012486875573995823 9.7738241956688238e-05 -0.00036445315022656365 -0.00016006847716928596 0.00011537476231164639 -7.6964786375671032e-05
leaf_weight=39 45 67 78 29 36 75 368
leaf_count=39 45 67 78 29 36 75 368
internal_value=0.00050882 0.00101156 0.000344564 -0.000426621 4.48833e-05 0.00518018 -0.00123318
internal_weight=737 692 653 586 557 111 446
internal_count=737 692 653 586 557 111 446
is_linear=0
shrinkage=0.05


Tree=27
num_leaves=8
num_cat=0
split_feature=14 13 1 6 2 14 14
split_gain=1.93694 1.98872 1.31764 1.48372 1.94359 1.6319 1.47419
threshold=-0.067583665573298909 20.375000000000004 -0.048062720951473785 1.699792044058247 0.21417840298224125 -0.048319541899194234 -0.037374592254897913
decision_type=2 2 2 2 2 2 2
left_child=1 -1 -2 4 5 -4 -7
right_child=2 -3 3 -5 -6 6 -8
leaf_value=0.00014471693287776804 0.00018628803740235682 -0.00011288605231820522 -0.00027653817167140588 -0.0003123539147509709 0.00013226993412897864 0.00021246771813505276 -2.9659045968145979e-05
leaf_weight=70 86 25 45 44 35 35 409
leaf_count=70 86 25 45 44 35 35 409
internal_value=0.000433912 0.00710526 -0.000535168 -0.00140845 -0.000667939 -0.00148262 -0.000563063
internal_weight=749 95 654 568 524 489 444
internal_count=749 95 654 568 524 489 444
is_linear=0
shrinkage=0.05


Tree=28
num_leaves=8
num_cat=0
split_feature=14 11 0 15 7 14 5
split_gain=1.26458 1.65789 1.42591 1.00979 2.0892 1.98401 1.93365
threshold=-0.067583665573298909 -0.0082927789735435225 -0.03130494219739071 -0.00046020197412910408 0.052835186655906925 0.041854253665611248 0.017987908118459232
decision_type=2 2 2 2 2 2 2
left_child=1 -1 -2 4 -4 6 -5
right_child=2 -3 3 5 -6 -7 -8
leaf_value=-0.00011113775479142134 -0.00043436387943891471 0.00011598368406853153 1.0838768418289279e-05 7.9038840679079286e-05 0.00012918562573184419 -0.0002587820252117455 -6.435895594889022e-05
leaf_weight=25 41 70 250 124 55 25 174
leaf_count=25 41 70 250 124 55 25 174
internal_value=0.00065445 0.00605263 -0.000112108 0.000477707 0.00254098 -0.00147059 -0.00033557
internal_weight=764 95 669 628 305 323 298
internal_count=764 95 669 628 305 323 298
is_linear=0
shrinkage=0.05


Tree=29
num_leaves=8
num_cat=0
split_feature=8 8 9 3 3 8 2
split_gain=1.19395 1.24617 1.14551 1.25079 1.35261 1.51519 1.72394
threshold=-0.075642461095102906 -0.098539410389628532 -0.11439873567613755 -0.015290073623792698 -0.011039890781459448 0.19243707002552604 0.12193535599017925
decision_type=8 10 8 2 2 8 2
left_child=1 -1 -2 -4 -5 6 -6
right_child=2 -3 3 4 5 -7 -8
leaf_value=1.7108718562059951e-05 -0.00014820621446349266 0.0002424233724189419 0.00014527268650822131 -0.00032404425382730694 -1.2036187752384811e-06 -0.00023660926381161118 0.00011714166833555812
leaf_weight=54 42 37 40 26 409 48 76
leaf_count=54 42 37 40 26 409 48 76
internal_value=0.000409836 0.00576923 -0.000351014 0.000208681 -0.000402504 0.000140713 0.000979381
internal_weight=732 91 641 599 559 533 485
internal_count=732 91 641 599 559 533 485
is_linear=0
shrinkage=0.05


Tree=30
num_leaves=8
num_cat=0
split_feature=4 1 12 15 1 15 9
split_gain=1.17688 1.11727 1.63134 1.99754 1.49546 2.14792 1.67395
threshold=0.023822261988117429 0.036281071989534348 0.023201691607264822 -0.001718899729496681 0.0093251745823157445 -0.0037444561771583502 0.14449208797121219
decision_type=2 2 2 2 2 2 8
left_child=-1 4 -3 -4 -2 -6 -7
right_child=1 2 3 -5 5 6 -8
leaf_value=0.00024727652647592676 -1.1434378364766004e-06 3.2967636498195707e-05 5.6275874524187739e-05 -0.00021733463673767085 -0.00010064599270811457 0.00025049239077247585 3.8456375548516329e-05
leaf_weight=31 393 69 26 61 39 50 69
leaf_count=31 393 69 26 61 39 50 69
internal_value=0.000948509 0.00053041 -0.00320513 -0.00775862 0.00158802 0.0056962 0.00903361
internal_weight=738 707 156 87 551 158 119
internal_count=738 707 156 87 551 158 119
is_linear=0
shrinkage=0.05


Tree=31
num_leaves=8
num_cat=0
split_feature=13 13 1 14 10 1 4
split_gain=1.9769 1.68698 2.47309 1.28574 2.25053 1.26076 1.66179
threshold=12.555000305175783 14.119999885559084 0.036866313167831739 -0.077913276979976895 0.011081136457212983 0.0033669277821718473 0.031961599633878422
decision_type=2 2 2 2 2 2 2
left_child=-1 2 -2 4 -3 6 -5
right_child=1 3 -4 5 -6 -7 -8
leaf_value=-0.00035108941094604164 0.00021397192545132091 0.00025160817987878597 -4.4247541298855258e-05 2.9832215639018396e-05 -0.00010327306284887186 7.1141472881627352e-06 -0.00019453430749689934
leaf_weight=29 81 34 41 123 27 241 162
leaf_count=29 81 34 41 123 27 241 162
internal_value=-0.000135501 0.00038787 0.0057377 -0.00072402 0.00614754 -0.00152091 -0.00377193
internal_weight=738 709 122 587 61 526 285
internal_count=738 709 122 587 61 526 285
is_linear=0
shrinkage=0.05


Tree=32
num_leaves=8
num_cat=0
split_feature=14 16 10 4 8 8 12
split_gain=1.41176 2.94643 1.83954 1.10543 1.26759 1.8454 1.37198
threshold=-0.067583665573298909 -0.006778723615470216 0.010510729988004066 0.023551103865138909 0.19243707002552604 0.17371778800748874 0.061412556981192197
decision_type=2 2 2 2 8 10 2
left_child=1 -1 -3 -2 5 6 -5
right_child=3 2 -4 4 -6 -7 -8
leaf_value=-0.00010549553110784839 0.00011514524420065671 0.00046396815322888969 1.2517753280014751e-05 -4.6040917268443728e-06 -0.00026961988010269669 0.00016164739237556661 -0.00013984915958181808
leaf_weight=28 26 29 31 536 44 25 32
leaf_count=28 26 29 31 536 44 25 32
internal_value=0.000299601 0.00625 0.0125 -0.000490196 -0.000902669 -0.00029511 -0.000880282
internal_weight=751 88 60 663 637 593 568
internal_count=751 88 60 663 637 593 568
is_linear=0
shrinkage=0.05


Tree=33
num_leaves=8
num_cat=0
split_feature=2 9 9 8 11 1 10
split_gain=1.53587 1.4561 1.69284 1.34368 1.36581 1.13967 1.48972
threshold=0.21041985249810771 -0.16247123294216528 -0.11439873567613755 0.17793561227922064 -0.011129796687205316 -0.036195533372194715 -0.0045512787110520972
decision_type=2 8 8 8 2 2 2
left_child=1 -1 -3 4 5 6 -4
right_child=-2 2 3 -5 -6 -7 -8
leaf_value=0.00025773002235712322 7.6653722665230838e-05 -0.00015804098293874507 0.0001351293498547167 -0.00023363072307205427 2.6889034679251651e-05 -0.0001083513486693815 -0.00021078707435551975
leaf_weight=26 50 41 28 40 480 57 26
leaf_count=26 50 41 28 40 480 57 26
internal_value=0.000534759 -7.16332e-05 -0.000520833 0.000118859 0.00071912 -0.00427928 0.000925926
internal_weight=748 698 672 631 591 111 54
internal_count=748 698 672 631 591 111 54
is_linear=0
shrinkage=0.05


Tree=34
num_leaves=8
num_cat=0
split_feature=6 14 8 2 2 11 1
split_gain=1.05135 1.58791 1.78516 1.16073 1.48363 2.10906 1.49829
threshold=0.60820842637413297 -1.0000000180025095e-35 0.0098729520780171959 0.11525129323035489 -0.094407933028730781 0.015980526956462796 -0.048062720951473785
decision_type=2 2 10 2 2 2 2
left_child=3 2 -2 4 -1 6 -6
right_child=1 -3 -4 -5 5 -7 -8
leaf_value=0.00017833767998975429 0.00021829176707556625 -0.00022731694215474214 -7.1528873677130083e-05 8.9871913883502179e-05 0.00015658932385101255 0.00014043673816724808 -9.1177005768710174e-05
leaf_weight=64 39 72 45 103 43 100 283
leaf_count=64 39 72 45 103 43 100 283
internal_value=0.00076769 -0.00288462 0.00178571 0.0017285 0.000714286 -0.000352113 -0.00230061
internal_weight=749 156 84 593 490 426 326
internal_count=749 156 84 593 490 426 326
is_linear=0
shrinkage=0.05


Tree=35
num_leaves=8
num_cat=0
split_feature=9 9 11 14 1 14 15
split_gain=0.866072 2.51081 1.1848 1.80516 1.8455 1.01029 1.42045
threshold=-0.1480321466549859 -0.11439873567613755 -0.011129796687205316 0.017639326626862298 -0.036195533372194715 -0.083456210331023115 1.0000000180025095e-35
decision_type=8 8 2 2 2 2 2
left_child=-1 -2 3 -3 -5 -4 -7
right_child=1 2 5 4 -6 6 -8
leaf_value=0.00014972618422067442 -0.00021038096595558007 -0.0001936354575942428 0.00013044140147903919 0.00014875985765846193 -8.6418524025915066e-05 6.3017085966926662e-05 -6.8354136104247742e-06
leaf_weight=42 29 51 38 37 34 228 294
leaf_count=42 29 51 38 37 34 228 294
internal_value=0.000166003 -0.000246132 0.000366569 -0.00409836 0.00105634 0.00133929 0.000766284
internal_weight=753 711 682 122 71 560 522
internal_count=753 711 682 122 71 560 522
is_linear=0
shrinkage=0.05


Tree=36
num_leaves=8
num_cat=0
split_feature=9 11 4 1 14 3 5
split_gain=1.11579 1.39558 1.28165 1.72541 1.02297 1.20819 0.996229
threshold=-0.16247123294216528 -0.011129796687205316 0.032060845786419385 -0.032577754109315009 -0.083456210331023115 0.0056021045544532031 0.016356358466259862
decision_type=8 2 2 2 2 2 2
left_child=-1 2 -2 -4 -3 6 -6
right_child=1 4 3 -5 5 -7 -8
leaf_value=0.0001998682767256341 0.0001434627333309401 0.00012773509435342378 -0.00012661135982184655 -0.00030703220087010608 -0.00011211165575438628 -4.7459219808336769e-05 5.0141152404508623e-05
leaf_weight=29 36 39 47 46 59 145 349
leaf_count=29 36 39 47 46 59 145 349
internal_value=-0.000133333 -0.000520111 -0.00523256 -0.00833333 0.000506757 -4.5208e-05 0.00134804
internal_weight=750 721 129 93 592 553 408
internal_count=750 721 129 93 592 553 408
is_linear=0
shrinkage=0.05


Tree=37
num_leaves=8
num_cat=0
split_feature=7 1 4 1 2 1 9
split_gain=1.0094 1.28809 1.53043 2.24299 1.74673 1.30172 1.60028
threshold=0.12475895663033522 -0.00088487461889968911 0.032598338148332663 -0.018689267085264357 -0.049868746152649295 -0.04074357350310686 0.18913465623714112
decision_type=2 2 2 2 2 2 8
left_child=1 2 4 -4 -1 -6 -7
right_child=-2 -3 3 -5 5 6 -8
leaf_value=0.00028668213808763211 -0.00013001259090916737 1.8021364717003657e-05 -6.5116617216659772e-05 -0.00028465842095646085 0.00019679693718189901 4.4648170780909986e-05 -0.00029086997334004384
leaf_weight=34 26 387 142 38 32 61 38
leaf_count=34 26 387 142 38 32 61 38
internal_value=6.59631e-05 0.000409836 -0.00181159 -0.005 0.00166667 -0.000954198 -0.00378788
internal_weight=758 732 345 180 165 131 99
internal_count=758 732 345 180 165 131 99
is_linear=0
shrinkage=0.05


Tree=38
num_leaves=8
num_cat=0
split_feature=1 14 1 2 2 9 4
split_gain=0.794671 1.69751 1.40224 2.08858 2.85374 1.73515 1.28543
threshold=0.0025999997652794708 -0.077913276979976895 0.030758664503223624 0.11452988578327562 -0.027615943455202682 0.097147783736311846 0.031961599633878422
decision_type=2 2 2 2 2 8 2
left_child=1 -1 3 4 -2 -6 -3
right_child=2 6 -4 -5 5 -7 -8
leaf_value=8.8154534308944931e-05 0.00013564980802512676 3.9174544320827718e-05 -1.7829978684442103e-06 0.00020949955896365469 -0.00019839002490323437 1.4159364779407595e-05 -0.0001220345726952882
leaf_weight=31 49 148 208 39 33 61 179
leaf_count=31 49 148 208 39 33 61 179
internal_value=0.00100267 -0.000698324 0.0025641 0.00576923 0.00297203 -0.00212766 -0.00175841
internal_weight=748 358 390 182 143 94 327
internal_count=748 358 390 182 143 94 327
is_linear=0
shrinkage=0.05


Tree=39
num_leaves=8
num_cat=0
split_feature=0 13 13 15 11 4 5
split_gain=1.33568 1.17287 1.24909 1.68263 1.77941 0.919408 1.39392
threshold=-0.03130494219739071 12.555000305175783 14.00500011444092 -1.0000000180025095e-35 0.011634039633228179 0.039841538577040231 0.023543141914642709
decision_type=2 2 2 2 2 2 2
left_child=-1 -2 3 -3 -5 6 -4
right_child=1 2 5 4 -6 -7 -8
leaf_value=-0.00026212137947333842 -0.00011788211915069987 0.00017717738884340936 -1.6168023441160471e-06 0.00013819725253875443 -6.7966202122477778e-05 8.8156685263770032e-05 -0.00010721780951632312
leaf_weight=43 29 43 424 34 34 90 40
leaf_count=43 29 43 424 34 34 90 40
internal_value=-0.000169607 0.000360231 0.000789474 0.00563063 0.000735294 -0.000180505 -0.00107759
internal_weight=737 694 665 111 68 554 464
internal_count=737 694 665 111 68 554 464
is_linear=0
shrinkage=0.05


Tree=40
num_leaves=8
num_cat=0
split_feature=13 13 0 9 13 5 10
split_gain=1.4398 1.60064 1.80631 1.46064 2.06114 1.55559 1.49931
threshold=12.555000305175783 16.260000228881839 -0.03130494219739071 0.087008915907571441 16.775000572204593 0.01683726093171441 0.0099554586299021048
decision_type=2 2 2 10 2 2 2
left_child=-1 -2 -3 4 -4 -5 -6
right_child=1 2 3 5 6 -7 -8
leaf_value=-0.00031931291835085048 4.54556721419377e-05 -0.00044568087733035095 -0.00031053781105128142 -0.00017736842078527285 1.070760833154199e-05 7.0650660661637264e-05 -0.00020261586996390881
leaf_weight=31 308 30 27 25 202 92 35
leaf_count=31 308 30 27 25 202 92 35
internal_value=6.66667e-05 0.000521558 -0.00152068 -0.000590551 -0.00265152 0.00405983 -0.00116034
internal_weight=750 719 411 381 264 117 237
internal_count=750 719 411 381 264 117 237
is_linear=0
shrinkage=0.05


Tree=41
num_leaves=8
num_cat=0
split_feature=8 8 11 0 0 16 8
split_gain=1.21699 1.73654 1.51445 1.17428 2.43991 1.36458 1.78865
threshold=-0.076595789311695348 -0.098539410389628532 -0.0020344936195998971 0.010334287911791253 0.02298972223277285 0.01446204293635356 0.11988718655004417
decision_type=8 10 2 2 2 2 10
left_child=1 2 -1 5 -5 -2 -7
right_child=3 -3 -4 4 -6 6 -8
leaf_value=0.0002449518846414233 -5.7444049419289049e-05 0.00018122597029475332 -0.00015843277246099585 0.00010673199401231375 -5.2913791613334873e-05 0.00015481510034640332 -0.00017889786733665204
leaf_weight=26 342 32 28 122 99 75 28
leaf_count=26 342 32 28 122 99 75 28
internal_value=0.000797872 0.00639535 0.000925926 7.50751e-05 0.0030543 -0.00140449 0.00364078
internal_weight=752 86 54 666 221 445 103
internal_count=752 86 54 666 221 445 103
is_linear=0
shrinkage=0.05


Tree=42
num_leaves=8
num_cat=0
split_feature=15 2 14 8 4 7 14
split_gain=0.9534 1.97199 1.85477 1.21296 2.01124 1.36331 1.39737
threshold=-0.00046020197412910408 0.11452988578327562 0.035942894407802857 -0.01400418161441158 0.030683515112904718 0.021162532159945128 0.066707247335420675
decision_type=2 2 2 8 2 2 2
left_child=1 3 -2 4 -1 6 -5
right_child=2 -3 -4 5 -6 -7 -8
leaf_value=0.00023220860449398446 -2.9584779205314891e-06 9.9622613264114095e-05 -0.00024594765853341269 -0.00018570610026629882 9.4456903937208659e-06 0.00010287463414940038 0.00016576447525447048
leaf_weight=31 382 48 33 74 90 65 30
leaf_count=31 382 48 33 74 90 65 30
internal_value=9.96016e-05 0.00207101 -0.00150602 0.000517241 0.00433884 -0.00221893 -0.00576923
internal_weight=753 338 415 290 121 169 104
internal_count=753 338 415 290 121 169 104
is_linear=0
shrinkage=0.05


Tree=43
num_leaves=8
num_cat=0
split_feature=4 6 14 1 6 0 9
split_gain=1.29757 1.06137 1.74469 2.56518 1.53378 1.23009 1.8584
threshold=0.023551103865138909 -0.14697480016079437 -0.037374592254897913 -0.013407976059238434 -0.30657761836178354 -0.015919452911964279 -0.077018291550460846
decision_type=2 2 2 2 2 2 10
left_child=-1 4 3 -3 5 -2 -7
right_child=1 2 -4 -5 -6 6 -8
leaf_value=0.00013008450906110057 0.00010269870239403792 -0.00015377691193649881 -8.6929550012763287e-05 0.00015411508342928325 9.5803162996350565e-05 -0.00014818992477876543 4.3906381191536692e-05
leaf_weight=31 40 31 245 53 55 107 184
leaf_count=31 40 31 245 53 55 107 184
internal_value=0.000469169 3.4965e-05 -0.00205167 0.00416667 0.00181347 0.000528701 -0.000601375
internal_weight=746 715 329 84 386 331 291
internal_count=746 715 329 84 386 331 291
is_linear=0
shrinkage=0.05


Tree=44
num_leaves=8
num_cat=0
split_feature=10 0 12 16 12 6 0
split_gain=1.44089 1.24456 1.0923 1.1746 1.55574 1.43127 1.85277
threshold=0.014545922873123287 -0.03130494219739071 -0.049048441539310476 -0.016775102046480413 0.0062346335449628984 1.2240012934062408 0.01446594117289879
decision_type=2 2 2 2 2 2 2
left_child=1 -1 -3 4 -4 6 -5
right_child=-2 2 3 5 -6 -7 -8
leaf_value=-0.00027600538909320065 -0.00016824504139172073 0.00029351804982615925 8.6707485503165989e-06 9.0612602184824482e-06 -0.00019693480238812974 -0.0001748888275569481 9.4720710279468719e-05
leaf_weight=41 31 28 54 390 39 62 95
leaf_count=41 31 28 54 390 39 62 95
internal_value=6.75676e-05 0.000528914 0.0010479 0.000625 -0.00456989 0.00150823 0.00242268
internal_weight=740 709 668 640 93 547 485
internal_count=740 709 668 640 93 547 485
is_linear=0
shrinkage=0.05


Tree=45
num_leaves=8
num_cat=0
split_feature=0 2 2 0 9 14 3
split_gain=1.73035 1.34218 1.7949 1.5255 0.914512 1.89448 1.43029
threshold=-0.03130494219739071 0.21041985249810771 0.2542152500707166 -0.021866430653976251 -0.11439873567613755 0.003286853869637119 -0.0034679654620722307
decision_type=2 2 2 2 10 2 2
left_child=-1 3 -3 -2 5 -5 -6
right_child=1 2 -4 4 6 -7 -8
leaf_value=-0.00034005736295015436 0.00014898291493718955 5.2997766525853324e-05 -4.364710040180575e-05 1.5829020659310001e-05 0.0002224095292962517 -0.00011315080230221085 -1.2698657145946519e-05
leaf_weight=42 42 27 25 108 94 74 334
leaf_count=42 42 27 25 108 94 74 334
internal_value=0.000335121 0.000923295 0.00865385 0.000306748 -0.000327869 -0.0032967 0.000934579
internal_weight=746 704 52 652 610 182 428
internal_count=746 704 52 652 610 182 428
is_linear=0
shrinkage=0.05


Tree=46
num_leaves=8
num_cat=0
split_feature=2 2 8 8 9 3 8
split_gain=1.07834 1.31619 1.22007 1.82153 1.33972 1.25765 1.21021
threshold=0.21041985249810771 0.2542152500707166 -0.075642461095102906 -0.092625303616013108 -0.041639369934269525 0.001588398630904875 -0.053497527484561429
decision_type=2 2 8 10 8 2 10
left_child=2 -2 3 5 -4 -1 -6
right_child=1 -3 4 -5 6 -7 -8
leaf_value=0.00021625851815033244 4.7164721289180182e-05 -4.1464745381715465e-05 -0.00015805137580624337 0.00035193433099693205 -0.00024524852128911587 -0.00014811531685903512 6.5437112217476858e-06
leaf_weight=38 29 25 75 28 39 26 488
leaf_count=38 29 25 75 28 39 26 488
internal_value=0.000601604 0.00740741 7.20461e-05 0.00543478 -0.000747508 0.00078125 0.000142315
internal_weight=748 54 694 92 602 64 527
internal_count=748 54 694 92 602 64 527
is_linear=0
shrinkage=0.05


Tree=47
num_leaves=8
num_cat=0
split_feature=13 8 9 9 3 14 7
split_gain=1.33409 1.68112 1.44516 1.4915 1.34788 1.32913 1.24705
threshold=18.974999427795414 0.10509882106433323 -0.036199410092703103 -0.16247123294216528 -0.013768700749933359 -0.077913276979976895 -0.0053277408220929181
decision_type=2 8 10 10 2 2 2
left_child=4 2 3 -2 -1 -6 -7
right_child=1 -3 -4 -5 5 6 -8
leaf_value=0.00026632558885351807 -2.9546507416403296e-05 -0.0003871376286145645 0.00010331298952646713 -0.0003275991800346167 0.00010163441425580503 -8.0881920150374922e-05 1.9185146278529908e-05
leaf_weight=28 34 31 95 27 40 176 308
leaf_count=28 34 31 95 27 40 176 308
internal_value=0.000575101 -0.00307487 -0.000961538 -0.00696721 0.00181159 0.00124046 0.000516529
internal_weight=739 187 156 61 552 524 484
internal_count=739 187 156 61 552 524 484
is_linear=0
shrinkage=0.05


Tree=48
num_leaves=8
num_cat=0
split_feature=9 13 11 9 9 3 8
split_gain=0.950873 0.826338 1.07992 2.08333 1.47 1.36117 1.51751
threshold=-0.16247123294216528 12.555000305175783 0.015980526956462796 0.13357807403263225 0.062628018693627122 0.01545718563506482 0.16913266849543387
decision_type=8 2 2 10 10 2 10
left_child=-1 -2 5 4 -4 6 -3
right_child=1 2 3 -5 -6 -7 -8
leaf_value=0.00022326263065095692 -0.00029101255069845147 -3.8260856374329553e-05 0.0001261829082575919 -1.5123278623331095e-05 0.00021966428603717545 6.1887540414662211e-05 6.8468519332854589e-05
leaf_weight=29 27 465 75 50 25 37 32
leaf_count=29 27 465 75 50 25 37 32
internal_value=0.000608108 0.000246132 0.000584795 0.00433333 0.0085 -0.000468165 -0.00115694
internal_weight=740 711 684 150 100 534 497
internal_count=740 711 684 150 100 534 497
is_linear=0
shrinkage=0.05


Tree=49
num_leaves=8
num_cat=0
split_feature=4 14 8 0 11 7 2
split_gain=0.794555 0.975552 2.03495 1.26881 1.45776 1.93885 1.33233
threshold=0.025714174984282669 -0.066405515647089006 -0.029613281154001077 0.0019167945300768709 0.016276968490692715 0.049172941985552117 0.051537763749575867
decision_type=2 2 8 2 2 2 2
left_child=-1 2 -2 4 -3 -6 -5
right_child=1 3 -4 6 5 -7 -8
leaf_value=8.0260098427694618e-05 0.00011065884537598027 -4.5273350417165096e-06 -6.0903323222678836e-06 1.7593530357132988e-06 4.0787427862808627e-05 0.00027253185394561632 -0.00013245315930846062
leaf_weight=70 31 263 61 132 40 25 111
leaf_count=70 31 263 61 132 40 25 111
internal_value=0.000648022 0.000113122 0.0048913 -0.000656743 0.00137195 0.00807692 -0.00339506
internal_weight=733 663 92 571 328 65 243
internal_count=733 663 92 571 328 65 243
is_linear=0
shrinkage=0.05


Tree=50
num_leaves=8
num_cat=0
split_feature=13 2 7 11 4 3 6
split_gain=1.40551 1.51096 1.90117 1.71715 1.62 1.53321 2.37863
threshold=17.090000152587894 0.21041985249810771 0.068612285714580126 0.003505922146060048 0.035383131985839276 0.0042358323679629892 0.0091610999641210649
decision_type=2 2 2 2 2 2 2
left_child=1 2 3 -1 -4 6 -5
right_child=-2 -3 4 5 -6 -7 -8
leaf_value=-1.778468547626224e-05 -4.4252393030492099e-05 7.5420004810288106e-05 -0.00032460646841764128 7.5220200306571055e-05 1.7624517980620401e-05 -1.0596729439795892e-05 0.00032247446158536314
leaf_weight=140 324 29 25 91 25 66 40
leaf_count=140 324 29 25 91 25 66 40
internal_value=0 0.00192308 0.00109819 0.00244807 -0.008 0.00545685 0.00858779
internal_weight=740 416 387 337 50 197 131
internal_count=740 416 387 337 50 197 131
is_linear=0
shrinkage=0.05


Tree=51
num_leaves=8
num_cat=0
split_feature=14 13 14 15 15 9 14
split_gain=1.23997 1.91991 2.17498 1.5485 1.9244 1.83048 1.4564
threshold=-0.037374592254897913 20.375000000000004 -0.042370343814534299 -0.00046020197412910408 -0.003911952150341901 0.15213232916554412 -0.066405515647089006
decision_type=2 2 2 2 2 10 2
left_child=1 2 6 4 -2 -6 -1
right_child=3 -3 -4 -5 5 -7 -8
leaf_value=9.1732640412136185e-05 -3.4656410843825765e-05 -0.00017854985830726862 0.00029496086612724044 -3.3532706636905725e-05 0.00018908835604343382 -9.6539180197090842e-05 -9.2069914787070058e-05
leaf_weight=67 214 40 26 250 70 30 65
leaf_count=67 214 40 26 250 70 30 65
internal_value=0.000131234 0.00353535 0.00601266 -0.00106383 0.00127389 0.007 0.00340909
internal_weight=762 198 158 564 314 100 132
internal_count=762 198 158 564 314 100 132
is_linear=0
shrinkage=0.05


Tree=52
num_leaves=8
num_cat=0
split_feature=9 9 0 12 7 16 12
split_gain=0.967982 1.58279 1.09361 0.964466 2.71159 2.9462 1.37477
threshold=-0.1480321466549859 -0.11439873567613755 -0.035762531231714904 0.027464825873152136 0.068612285714580126 0.015269438643428669 0.032469111342934183
decision_type=8 8 2 2 2 2 2
left_child=-1 -2 -3 -4 6 -6 -5
right_child=1 2 3 4 5 -7 -8
leaf_value=0.0001980133294469709 -0.00015553605714506717 -0.00027932303910326175 -8.364712331168167e-06 0.00024464177914495789 3.4293861604779749e-05 -0.00015884745428130934 3.9576550848885279e-05
leaf_weight=36 32 26 380 51 34 41 148
leaf_count=36 32 26 380 51 34 41 148
internal_value=0.000334225 -7.02247e-05 0.000441176 0.000840979 0.00310219 -0.005 0.00615578
internal_weight=748 712 680 654 274 75 199
internal_count=748 712 680 654 274 75 199
is_linear=0
shrinkage=0.05


Tree=53
num_leaves=8
num_cat=0
split_feature=12 5 0 11 5 0 5
split_gain=1.27585 1.86766 2.13621 1.60351 1.51806 1.5246 1.44311
threshold=0.029689581325769047 0.018011613270601017 -0.007203347111603863 0.010798800902990015 0.01961683403109999 0.0067220076687304351 0.017573043298183353
decision_type=2 2 2 2 2 2 2
left_child=6 2 -2 -4 5 -3 -1
right_child=1 4 3 -5 -6 -7 -8
leaf_value=-6.9688052422120858e-05 -9.4771649734351666e-05 -1.7310893876553402e-05 0.00019891140177166452 7.21428310502916e-05 2.3696124454381745e-05 -0.0002462396390867026 -3.6738573593502262e-07
leaf_weight=133 27 43 40 42 86 27 345
leaf_count=133 27 43 40 42 86 27 345
internal_value=-0.000235532 0.00254717 0.00756881 0.0115854 -0.000961538 -0.00642857 -0.00177824
internal_weight=743 265 109 82 156 70 478
internal_count=743 265 109 82 156 70 478
is_linear=0
shrinkage=0.05


Tree=54
num_leaves=8
num_cat=0
split_feature=3 4 3 10 14 16 14
split_gain=1.24269 1.7495 1.44545 1.16328 1.08074 2.35347 1.56625
threshold=-0.0058666205243055316 0.028703160951518463 -0.0048254073803724587 0.014545922873123287 -0.066405515647089006 0.0085481757303532708 -0.048319541899194234
decision_type=2 2 2 2 2 2 2
left_child=1 -1 -2 4 5 -4 -6
right_child=2 -3 3 -5 6 -7 -8
leaf_value=0.00026689100443333201 0.00026387565278928189 -9.2427834581595904e-05 -1.2051261632168047e-05 -0.0001125012986834728 -0.00021048239205096218 0.00013713054369628372 1.4216168954684154e-05
leaf_weight=27 31 139 32 28 40 29 421
leaf_count=27 31 139 32 28 40 29 421
internal_value=0.000502008 -0.00331325 0.00159208 0.001 0.00153257 0.00778689 0.000704989
internal_weight=747 166 581 550 522 61 461
internal_count=747 166 581 550 522 61 461
is_linear=0
shrinkage=0.05


Tree=55
num_leaves=8
num_cat=0
split_feature=14 16 1 9 1 7 1
split_gain=1.00811 1.39722 1.1952 1.34622 1.33863 1.12581 1.16694
threshold=-0.067583665573298909 -0.006778723615470216 -0.048062720951473785 -1.0000000180025095e-35 -0.037386705286013393 -0.050155023747829257 0.036281071989534348
decision_type=2 2 2 8 2 2 2
left_child=1 -1 3 -2 -4 -6 -7
right_child=2 -3 4 -5 5 6 -8
leaf_value=-3.4852240579386597e-05 -8.5204181256598983e-05 9.1596879727710813e-05 -0.00022588100010682255 0.00023685798680988081 -8.3242132987912919e-05 1.3071815501428021e-05 -5.1768324229300441e-05
leaf_weight=25 35 68 35 46 25 363 166
leaf_count=25 35 68 35 46 25 363 166
internal_value=0.000229358 0.00510753 -0.000447761 0.00524691 -0.0012309 -0.000631769 -0.000141777
internal_weight=763 93 670 81 589 554 529
internal_count=763 93 670 81 589 554 529
is_linear=0
shrinkage=0.05


Tree=56
num_leaves=8
num_cat=0
split_feature=11 5 2 1 8 6 9
split_gain=1.00331 1.09198 1.57298 2.14738 1.09462 2.07381 1.02917
threshold=0.030456421062291409 0.023543141914642709 0.12193535599017925 0.028007050916247448 -0.039394880931254865 -0.77151252569352358 0.038019640023054808
decision_type=2 2 2 2 10 2 8
left_child=1 2 4 -4 5 -1 -6
right_child=-2 -3 3 -5 6 -7 -8
leaf_value=0.00022306613057744451 0.00010332903880926411 -0.00013111363601105369 0.00018874822382656034 -8.6024491474177851e-06 -0.00016156060472388538 7.6531110316382236e-06 2.353430755364181e-07
leaf_weight=25 54 100 42 41 71 104 302
leaf_count=25 54 100 42 41 71 104 302
internal_value=0.000845737 0.000328467 0.00115385 0.00753012 9.96016e-05 0.00406977 -0.00127346
internal_weight=739 685 585 83 502 129 373
internal_count=739 685 585 83 502 129 373
is_linear=0
shrinkage=0.05


Tree=57
num_leaves=8
num_cat=0
split_feature=1 5 1 12 12 6 6
split_gain=0.742684 1.2579 1.07188 1.44714 2.28524 1.60477 1.42118
threshold=-0.049027732399958383 0.021875296930380012 0.0086985600415122617 0.019854414597249462 -0.031331813818551983 -0.60930882567646194 -0.16295169304868637
decision_type=2 2 2 2 2 2 2
left_child=1 -1 3 4 -2 -5 -6
right_child=2 -3 -4 5 6 -7 -8
leaf_value=0.00015509195174307134 0.0001726174801948289 -9.0877778174870046e-05 8.9162190422886058e-06 -3.7737168051598565e-05 -5.5854037701170112e-05 0.00011620774210999571 -0.00036165165493411285
leaf_weight=57 26 34 350 50 62 93 63
leaf_count=57 26 34 350 50 62 93 63
internal_value=0.000442177 0.00467033 -0.00015528 -0.00238095 -0.0057947 0.00122378 -0.0086
internal_weight=735 91 644 294 151 143 125
internal_count=735 91 644 294 151 143 125
is_linear=0
shrinkage=0.05


Tree=58
num_leaves=8
num_cat=0
split_feature=9 9 0 13 14 7 15
split_gain=1.0006 1.28569 0.883821 1.04635 1.56354 1.57282 1.48959
threshold=-0.1480321466549859 -0.11439873567613755 -0.03130494219739071 20.659999847412113 -0.077913276979976895 -0.056779846799655746 -0.0023402978142615378
decision_type=8 8 2 2 2 2 2
left_child=-1 -2 -3 4 -4 -6 -7
right_child=1 2 3 -5 5 6 -8
leaf_value=0.00013641396312197651 -0.00012443326524498501 -0.00017696851840262823 0.00011506700363980143 0.00012202038220379443 -0.00013513236693843498 6.101318150011212e-05 -1.7150123802743468e-05
leaf_weight=36 33 39 39 77 25 175 326
leaf_count=36 33 39 39 77 25 175 326
internal_value=0.0002 -0.000210084 0.000256975 0.000700935 -4.42478e-05 -0.000760456 -0.000149701
internal_weight=750 714 681 642 565 526 501
internal_count=750 714 681 642 565 526 501
is_linear=0
shrinkage=0.05


Tree=59
num_leaves=8
num_cat=0
split_feature=2 13 13 4 14 3 13
split_gain=0.857922 0.98 0.774894 0.865895 0.738992 0.973904 1.41762
threshold=0.20599315068493154 17.180000305175785 12.555000305175783 0.02448071512116334 -0.11544121967691799 0.0095836856055595571 14.00500011444092
decision_type=2 2 2 2 2 2 2
left_child=2 -2 -1 -4 -5 6 -6
right_child=1 -3 3 4 5 -7 -8
leaf_value=-0.00023491638993085057 6.4384802191921192e-05 -1.172265371066992e-05 0.00013868055799672171 3.0368195613994815e-05 8.996848135540839e-05 -0.0001304662650744355 -1.2992930624365542e-05
leaf_weight=28 25 25 27 28 85 94 446
leaf_count=28 25 25 27 28 85 94 446
internal_value=-0.000329815 0.006 -0.000776836 -0.000441176 -0.000803982 -0.00116 -0.000329567
internal_weight=758 50 708 680 653 625 531
internal_count=758 50 708 680 653 625 531
is_linear=0
shrinkage=0.05


Tree=60
num_leaves=8
num_cat=0
split_feature=0 3 6 2 9 6 14
split_gain=1.34625 1.22653 1.30806 1.05514 1.08662 1.53238 1.61792
threshold=-0.03130494219739071 -0.01583595792377995 1.2690836730258952 0.20599315068493154 0.22204029003847994 -0.33419505582027359 -0.011938112467112181
decision_type=2 2 2 2 8 2 2
left_child=-1 -2 3 4 -3 -6 -7
right_child=1 2 -4 -5 5 6 -8
leaf_value=-0.00024832234908861217 0.00026217611271105081 1.6643709782120793e-05 -0.00017381924970737378 2.9540067154529196e-05 -0.00012054699691300296 0.000113774200000437 -2.7973874891753551e-05
leaf_weight=42 26 387 62 43 112 28 53
leaf_count=42 26 387 62 43 112 28 53
internal_value=0.000365206 0.000879044 0.000474453 0.00116372 0.000603448 -0.00246114 0.00277778
internal_weight=753 711 685 623 580 193 81
internal_count=753 711 685 623 580 193 81
is_linear=0
shrinkage=0.05


Tree=61
num_leaves=8
num_cat=0
split_feature=14 10 16 7 8 14 9
split_gain=1.02761 1.29166 1.51919 1.27585 1.62065 0.960129 1.15346
threshold=-0.067583665573298909 0.013109315021302749 0.0054824665461561404 0.12475895663033522 0.17371778800748874 -0.048319541899194234 -0.14913777896136329
decision_type=2 2 2 2 10 2 8
left_child=1 2 -1 4 5 -2 -7
right_child=3 -3 -4 -5 -6 6 -8
leaf_value=5.8838130119512682e-06 -0.0001514090360132365 -4.41918304127124e-06 0.00018990890717939906 -0.00015433108001918123 6.2438638515426026e-05 0.00021332223715103744 -1.4121838989517369e-07
leaf_weight=29 54 29 26 25 38 25 510
leaf_count=29 54 29 26 25 38 25 510
internal_value=0.000747283 0.00595238 0.0104545 7.66871e-05 0.000518341 -0.000127334 0.000514019
internal_weight=736 84 55 652 627 589 535
internal_count=736 84 55 652 627 589 535
is_linear=0
shrinkage=0.05


Tree=62
num_leaves=8
num_cat=0
split_feature=14 15 10 15 11 8 13
split_gain=0.910883 1.93048 2.25773 2.06314 2.43486 1.67284 1.20869
threshold=1.0000000180025095e-35 -0.00046020197412910408 -0.0001525908648420948 -0.0035766417043024963 0.0053660199298344322 -0.0075632904764291178 14.175000190734865
decision_type=2 2 2 2 2 10 2
left_child=6 2 3 4 -2 -3 -1
right_child=1 5 -4 -5 -6 -7 -8
leaf_value=8.1283882927161126e-05 -1.0542960371237327e-05 -0.00033606064974850956 0.00015942329940444374 0.00010557050121861672 -0.00024656125227401593 -2.3253593985982527e-05 3.5849305789168419e-06
leaf_weight=103 132 31 28 34 29 78 316
leaf_count=103 132 31 28 34 29 78 316
internal_value=0.000299601 -0.00165663 0.00100897 -0.000897436 -0.00326087 -0.00711009 0.00184964
internal_weight=751 332 223 195 161 109 419
internal_count=751 332 223 195 161 109 419
is_linear=0
shrinkage=0.05


Tree=63
num_leaves=8
num_cat=0
split_feature=8 9 11 9 4 1 1
split_gain=1.23333 1.88486 1.65472 2.03441 1.28731 1.10253 1.06609
threshold=0.084950887351779039 0.22204029003847994 0.011915728697621366 0.20090779269195927 0.030258314892656801 0.07407225702002819 0.051150221051141649
decision_type=10 10 2 10 2 2 2
left_child=1 5 3 -2 -4 6 -1
right_child=2 -3 4 -5 -6 -7 -8
leaf_value=7.5210811150304086e-07 5.2208167400892402e-06 -0.00023927508963269653 -9.5817008358224358e-05 0.00020161384803103543 1.076813429982549e-05 0.00012413897576340233 -0.00023903768484924158
leaf_weight=477 53 40 34 48 39 29 32
leaf_count=477 53 40 34 48 39 29 32
internal_value=0.000332447 -0.000778547 0.00402299 0.00816832 -0.00171233 0 -0.000540275
internal_weight=752 578 174 101 73 538 509
internal_count=752 578 174 101 73 538 509
is_linear=0
shrinkage=0.05


Tree=64
num_leaves=8
num_cat=0
split_feature=8 8 16 15 11 12 8
split_gain=0.654323 0.85392 1.92219 0.873467 1.48103 1.10561 1.56676
threshold=0.20216286874519376 0.12819319882681304 0.015269438643428669 0.012577734413879217 0.011634039633228179 -0.025750779649927887 -0.0020181042372407472
decision_type=8 10 2 2 2 2 10
left_child=1 3 -3 5 -5 6 -1
right_child=-2 2 -4 4 -6 -7 -8
leaf_value=0.00024217930802842875 -0.00014081416599096477 0.0001163980979167905 -7.2795429548439854e-06 -0.00033365612529703289 0.0001930129083072648 1.3710059559704503e-06 -5.2434168219692509e-05
leaf_weight=57 43 58 37 27 25 459 26
leaf_count=57 43 58 37 27 25 459 26
internal_value=0.000751366 0.00112482 0.00552632 0.000420875 -0.00576923 0.00101476 0.0063253
internal_weight=732 689 95 594 52 542 83
internal_count=732 689 95 594 52 542 83
is_linear=0
shrinkage=0.05


Tree=65
num_leaves=8
num_cat=0
split_feature=4 8 8 11 2 16 9
split_gain=0.987478 1.19876 1.30392 0.857916 2.54919 2.14485 2.06533
threshold=0.023551103865138909 0.18833886506573264 0.16913266849543387 0.021459813769517781 -0.030578408527123565 0.023268721488421299 -0.1480321466549859
decision_type=2 10 10 2 2 2 8
left_child=-1 2 3 5 -5 6 -2
right_child=1 -3 -4 4 -6 -7 -8
leaf_value=0.00010339072191724907 0.00028385795361918648 -0.00015817626994617685 0.00013467240358412945 -7.9709567751882134e-05 0.00014047153177548029 -0.00037796249071038283 -8.5108985944308373e-06
leaf_weight=31 26 25 28 28 74 34 506
leaf_count=31 26 25 28 28 74 34 506
internal_value=0.000132979 -0.000242718 0.000143678 -0.000299401 0.00392157 -0.00106007 -0.000281955
internal_weight=752 721 696 668 102 566 532
internal_count=752 721 696 668 102 566 532
is_linear=0
shrinkage=0.05


Tree=66
num_leaves=8
num_cat=0
split_feature=8 9 9 8 11 14 1
split_gain=1.28608 1.40075 1.49446 1.26504 2.8363 1.81202 1.1264
threshold=0.17371778800748874 0.13110578250180274 0.11208360590466272 0.069103514856445294 0.0079966133143608582 -0.010446241084373918 -0.049027732399958383
decision_type=10 8 10 10 2 2 2
left_child=1 2 -1 6 -5 -6 -3
right_child=-2 3 -4 4 5 -7 -8
leaf_value=1.288290838523257e-05 3.4154043842953443e-05 5.3512586206005882e-05 0.00023946571589359485 0.00019077013434834968 0.00014801147163010344 -8.143287350549133e-05 -0.0001181806372273022
leaf_weight=317 55 25 37 56 31 42 182
leaf_count=317 55 25 37 56 31 42 182
internal_value=0.000369128 -0.000217391 0.0019774 -0.00252976 0.00135659 -0.00513699 -0.00495169
internal_weight=745 690 354 336 129 73 207
internal_count=745 690 354 336 129 73 207
is_linear=0
shrinkage=0.05


Tree=67
num_leaves=8
num_cat=0
split_feature=10 13 4 14 11 1 13
split_gain=1.09356 1.19383 1.81441 1.26546 2.53463 0.95085 1.6403
threshold=0.014545922873123287 12.555000305175783 0.023551103865138909 -0.066405515647089006 0.0053660199298344322 0.036281071989534348 13.84500026702881
decision_type=2 2 2 2 2 2 2
left_child=1 -1 -3 4 -4 6 -5
right_child=-2 2 3 5 -6 -7 -8
leaf_value=-0.00012841734288418676 -8.6098190739815559e-05 0.0001566032429136876 -9.2272070886034473e-06 0.00014766166906279919 0.00033123521171987756 -6.0805252554741028e-05 -5.7360851720087914e-06
leaf_weight=32 32 26 32 64 31 138 407
leaf_count=32 32 26 32 64 31 138 407
internal_value=-0.000328084 6.84932e-05 0.000501433 0 0.00674603 -0.000697865 0.00037155
internal_weight=762 730 698 672 63 609 471
internal_count=762 730 698 672 63 609 471
is_linear=0
shrinkage=0.05


Tree=68
num_leaves=8
num_cat=0
split_feature=4 16 11 14 3 9 10
split_gain=1.09165 1.18127 0.935718 1.63197 1.5427 1.30298 1.06609
threshold=0.025714174984282669 0.012266935727599073 0.016276968490692715 -0.037374592254897913 0.0055069310693486315 0.13110578250180274 0.0099554586299021048
decision_type=2 2 2 2 2 10 2
left_child=1 -1 6 -4 5 -5 -2
right_child=2 -3 3 4 -6 -7 -8
leaf_value=9.6298872204429481e-05 -5.9146357755757249e-06 -2.5659150007572955e-05 0.00019778823988525108 0.00014674032568516094 -0.00021606175292759454 -7.0633785655543904e-05 -8.4126722709869557e-05
leaf_weight=45 478 25 50 51 26 31 47
leaf_count=45 478 25 50 51 26 31 47
internal_value=-0.000232404 0.00571429 -0.000841874 0.00253165 -0.000925926 0.00243902 -0.00185714
internal_weight=753 70 683 158 108 82 525
internal_count=753 70 683 158 108 82 525
is_linear=0
shrinkage=0.05


Tree=69
num_leaves=8
num_cat=0
split_feature=13 8 11 7 2 8 15
split_gain=1.36902 0.776945 0.811562 1.38009 1.35024 1.39069 1.66063
threshold=12.555000305175783 0.17371778800748874 0.030456421062291409 0.069762183511310596 0.11525129323035489 -0.011523387592736909 -0.008866631515659416
decision_type=2 10 2 2 2 10 2
left_child=-1 2 3 4 5 -2 -7
right_child=1 -3 -4 -5 -6 6 -8
leaf_value=-0.00024576786805312995 3.2702311119257953e-05 3.5782336067321633e-05 0.00017075685997061793 -0.00010294956912528303 0.00010282182703127491 -0.00012610046513688561 -6.6255405006770617e-06
leaf_weight=28 245 49 46 46 48 31 257
leaf_count=28 245 49 46 46 48 31 257
internal_value=0.000133333 0.000554017 0.000111441 -0.000358852 0.000301205 -0.000422139 -0.00277778
internal_weight=750 722 673 627 581 533 288
internal_count=750 722 673 627 581 533 288
is_linear=0
shrinkage=0.05


end of trees

feature_importances:
vix_chg_1d=55
dist_ma50=46
dist_ma200=40
ret_5d=39
vix_level=37
ret_1d=33
spy_ret_5d=31
ret_20d=27
atr_pct=27
overnight_gap=25
dvol_z_20=25
spy_ret_1d=23
dist_ma20=19
parkinson_20=18
spy_ret_20d=17
sector_ret_1d=15
sector_ret_5d=13

parameters:
[boosting: gbdt]
[objective: quantile]
[metric: quantile]
[tree_learner: serial]
[device_type: cpu]
[data_sample_strategy: bagging]
[data: ]
[valid: ]
[num_iterations: 80]
[learning_rate: 0.05]
[num_leaves: 8]
[num_threads: 1]
[seed: 0]
[deterministic: 0]
[force_col_wise: 1]
[force_row_wise: 0]
[histogram_pool_size: -1]
[max_depth: -1]
[min_data_in_leaf: 25]
[min_sum_hessian_in_leaf: 0.001]
[bagging_fraction: 0.9]
[pos_bagging_fraction: 1]
[neg_bagging_fraction: 1]
[bagging_freq: 1]
[bagging_seed: 3]
[bagging_by_query: 0]
[feature_fraction: 0.9]
[feature_fraction_bynode: 1]
[feature_fraction_seed: 2]
[extra_trees: 0]
[extra_seed: 6]
[early_stopping_round: 0]
[early_stopping_min_delta: 0]
[first_metric_only: 0]
[max_delta_step: 0]
[lambda_l1: 0]
[lambda_l2: 0]
[linear_lambda: 0]
[min_gain_to_split: 0]
[drop_rate: 0.1]
[max_drop: 50]
[skip_drop: 0.5]
[xgboost_dart_mode: 0]
[uniform_drop: 0]
[drop_seed: 4]
[top_rate: 0.2]
[other_rate: 0.1]
[min_data_per_group: 100]
[max_cat_threshold: 32]
[cat_l2: 10]
[cat_smooth: 10]
[max_cat_to_onehot: 4]
[top_k: 20]
[monotone_constraints: ]
[monotone_constraints_method: basic]
[monotone_penalty: 0]
[feature_contri: ]
[forcedsplits_filename: ]
[refit_decay_rate: 0.9]
[cegb_tradeoff: 1]
[cegb_penalty_split: 0]
[cegb_penalty_feature_lazy: ]
[cegb_penalty_feature_coupled: ]
[path_smooth: 0]
[interaction_constraints: ]
[verbosity: -1]
[saved_feature_importance_type: 0]
[use_quantized_grad: 0]
[num_grad_quant_bins: 4]
[quant_train_renew_leaf: 0]
[stochastic_rounding: 1]
[linear_tree: 0]
[max_bin: 255]
[max_bin_by_feature: ]
[min_data_in_bin: 3]
[bin_construct_sample_cnt: 200000]
[data_random_seed: 1]
[is_enable_sparse: 1]
[enable_bundle: 1]
[use_missing: 1]
[zero_as_missing: 0]
[feature_pre_filter: 1]
[pre_partition: 0]
[two_round: 0]
[header: 0]
[label_column: ]
[weight_column: ]
[group_column: ]
[ignore_column: ]
[categorical_feature: ]
[forcedbins_filename: ]
[precise_float_parser: 0]
[parser_config_file: ]
[objective_seed: 5]
[num_class: 1]
[is_unbalance: 0]
[scale_pos_weight: 1]
[sigmoid: 1]
[boost_from_average: 1]
[reg_sqrt: 0]
[alpha: 0.5]
[fair_c: 1]
[poisson_max_delta_step: 0.7]
[tweedie_variance_power: 1.5]
[lambdarank_truncation_level: 30]
[lambdarank_norm: 1]
[label_gain: ]
[lambdarank_position_bias_regularization: 0]
[eval_at: ]
[multi_error_top_k: 1]
[auc_mu_weights: ]
[num_machines: 1]
[local_listen_port: 12400]
[time_out: 120]
[machine_list_filename: ]
[machines: ]
[gpu_platform_id: -1]
[gpu_device_id: -1]
[gpu_device_id_list: ]
[gpu_use_dp: 0]
[num_gpu: 1]

end of parameters

pandas_categorical:[]
