tree
version=v4
num_class=1
num_tree_per_iteration=1
label_index=0
max_feature_idx=16
objective=quantile
feature_names=ret_1d ret_5d ret_20d overnight_gap atr_pct parkinson_20 dvol_z_20 dist_ma20 dist_ma50 dist_ma200 spy_ret_1d spy_ret_5d spy_ret_20d vix_level vix_chg_1d sector_ret_1d sector_ret_5d
feature_infos=[-0.16860210341805437:0.23458991339786039] [-0.1957528521405173:0.39145841104065648] [-0.25556798535543579:0.45747855277881411] [-0.16520595968448726:0.151182660311179] [0.016615751448842232:0.06194808546724926] [0.010621038847337718:0.029018682159617414] [-2.0994585766803193:4.2948228469715568] [-0.21397984618334431:0.32442219618702772] [-0.25708358621585581:0.29488312035418818] [-0.21617248883911722:0.49292954108087361] [-0.058542947643003718:0.10501933612632941] [-0.11496158439845272:0.082843216242346029] [-0.12265592443394913:0.15756596870864792] [11.859999656677246:52.330001831054688] [-0.35753873962348437:0.74039073966007019] [-0.054845245580940394:0.043465182734245822] [-0.079035682487500813:0.068782287822878097]
tree_sizes=837 860 864 851 863 863 863 861 861 869 870 871 860 860 864 869 872 868 863 863 865

Tree=0
num_leaves=8
num_cat=0
split_feature=13 6 10 8 12 12 16
split_gain=3.70832 1.7687 1.46332 0.961243 0.504783 0.900076 0.833333
threshold=26.494999885559086 1.7793201533478533 0.0002101400880069049 0.21587666886850557 0.018300585025284647 0.0082902198416674473 -0.0086375612381875948
decision_type=2 2 2 10 2 2 2
left_child=1 3 -3 4 5 -1 -7
right_child=-2 2 -4 -5 -6 6 -8
leaf_value=-0.029001774097055354 -0.029926634570980559 -0.029415984997416832 -0.03106993035951533 -0.029531377660833132 -0.029022241836727986 -0.028685061316043814 -0.029974169521555002
leaf_weight=220 25 28 25 27 345 32 48
leaf_count=220 25 28 25 27 345 32 48
internal_value=-0.0293654 -0.0287125 -0.0375063 -0.0280189 -0.027632 -0.029132 -0.0336737
internal_weight=750 725 53 672 645 300 80
internal_count=750 725 53 672 645 300 80
is_linear=0
shrinkage=1


Tree=1
num_leaves=8
num_cat=0
split_feature=13 8 13 12 0 13 11
split_gain=4.54775 0.842238 0.528043 0.49649 0.426338 0.658319 0.670513
threshold=26.85000038146973 0.21302548342380859 14.244999885559084 0.018300585025284647 0.012288768794912254 15.464999675750734 -0.013447724126553815
decision_type=2 10 2 2 2 2 2
left_child=1 2 3 -1 -4 -6 -7
right_child=-2 -3 4 -5 5 6 -8
leaf_value=-0.00076072851441468599 -0.00074683665972380365 -0.00024484412675478015 0.00017345309585201275 0.00038930210481553462 -0.00059134826749581305 -0.0004959751148497694 0.00035170754136340922
leaf_weight=25 25 27 393 141 34 25 64
leaf_count=25 25 27 393 141 34 25 64
internal_value=-4.08717e-05 0.000698167 0.00104106 0.00349398 0.000251938 -0.00231707 -5.61796e-05
internal_weight=734 709 682 166 516 123 89
internal_count=734 709 682 166 516 123 89
is_linear=0
shrinkage=0.05


Tree=2
num_leaves=8
num_cat=0
split_feature=13 8 13 6 13 16 1
split_gain=3.49213 1.21083 0.819636 0.662087 0.719114 0.678871 0.550927
threshold=26.85000038146973 0.21587666886850557 14.175000190734865 -0.25934262391238261 16.095000267028812 0.0062673508599438996 0.0093764392136813663
decision_type=2 10 2 2 2 2 2
left_child=1 2 -1 -4 5 -5 -6
right_child=-2 -3 3 4 6 -7 -8
leaf_value=0.00037679664393047328 -0.00070106568675948561 -0.00023260192041704106 0.00028699496929290765 -0.00023842108546848632 0.00018800379644805617 -0.00043603955523772325 -0.00029309848046291321
leaf_weight=163 26 27 245 58 114 35 81
leaf_count=163 26 27 245 58 114 35 81
internal_value=-7.34311e-05 0.000573997 0.000977012 2.81428e-05 -0.00159722 -0.00521505 0.000128205
internal_weight=749 723 696 533 288 93 195
internal_count=749 723 696 533 288 93 195
is_linear=0
shrinkage=0.05


Tree=3
num_leaves=8
num_cat=0
split_feature=13 6 8 8 1 2 6
split_gain=3.63843 1.17649 0.944104 0.540979 0.62895 0.698864 1.38198
threshold=26.85000038146973 2.1274469346402034 0.21587666886850557 0.03467388431313246 0.037013396273560269 0.020692337750168436 -0.42344953696644216
decision_type=2 2 10 8 2 2 2
left_child=1 2 3 4 5 -1 -7
right_child=-2 -3 -4 -5 -6 6 -8
leaf_value=0.00018635477294657601 -0.00067444154239963911 -0.0014216013190729395 -0.00020972568519447688 0.00024330208493791571 -0.00042406095516369648 0.00052295715096311647 -0.00029035230836323129
leaf_weight=288 25 38 26 256 49 31 30
leaf_count=288 25 38 26 256 49 31 30
internal_value=-0.00024899 0.0004039 0.000882353 0.00125382 0.000100503 0.000845272 -0.00401639
internal_weight=743 718 680 654 398 349 61
internal_count=743 718 680 654 398 349 61
is_linear=0
shrinkage=0.05


Tree=4
num_leaves=8
num_cat=0
split_feature=13 8 6 3 13 16 7
split_gain=3.62012 1.08273 0.823286 0.907407 0.497592 0.466667 0.696657
threshold=26.85000038146973 0.21587666886850557 1.7793201533478533 -0.0016849360988820947 14.175000190734865 -0.0092360778550825678 -0.051706676556560575
decision_type=2 10 2 2 2 2 2
left_child=1 2 4 -4 -1 -6 -7
right_child=-2 -3 3 -5 5 6 -8
leaf_value=0.00026728033298109273 -0.00064071946527965724 -0.00017412315809213469 0.00010369118238200855 -0.0018775714769554905 0.00043314410861963856 -0.00024459778648086946 2.4888319883049759e-05
leaf_weight=155 25 28 27 27 154 26 304
leaf_count=155 25 28 27 27 154 26 304
internal_value=-0.000294906 0.000353676 0.000743146 -0.00518518 0.00124413 0.000454546 -0.00060606
internal_weight=746 721 693 54 639 484 330
internal_count=746 721 693 54 639 484 330
is_linear=0
shrinkage=0.05


Tree=5
num_leaves=8
num_cat=0
split_feature=14 6 7 12 16 8 3
split_gain=0.847313 0.781829 0.705739 0.604417 0.738512 1.02995 1.01445
threshold=0.14228104891203866 1.0598551818391093 0.02501597547150625 0.018300585025284647 -0.0064647259900336143 0.092776270741187342 -0.0016372449745237214
decision_type=2 2 2 2 2 10 2
left_child=1 3 -3 4 -1 6 -6
right_child=-2 2 -4 -5 5 -7 -8
leaf_value=0.00039995816541566549 -0.00025432340890513548 -0.0012769171556828976 3.4916654261612101e-05 0.00019013922147364832 -0.00047423101677369732 -0.00058093385608345928 0.00017195300493553839
leaf_weight=117 25 39 42 331 57 27 99
leaf_count=117 25 39 42 331 57 27 99
internal_value=4.749e-05 0.000365169 -0.00425926 0.000958796 -0.000666666 -0.00265027 -0.00108974
internal_weight=737 712 81 631 300 183 156
internal_count=737 712 81 631 300 183 156
is_linear=0
shrinkage=0.05


Tree=6
num_leaves=8
num_cat=0
split_feature=13 6 12 12 11 3 16
split_gain=2.01949 1.1186 0.716082 0.855453 1.93729 1.02473 0.486564
threshold=26.85000038146973 2.0091132728535279 0.018300585025284647 0.0082902198416674473 0.0013310073142193126 -0.0014109544790316673 -0.0064647259900336143
decision_type=2 2 2 2 2 2 2
left_child=1 2 3 5 -5 6 -1
right_child=-2 -3 -4 4 -6 -7 -8
leaf_value=0.00037578447712108645 -0.00057828561715659134 -0.0017248155871046043 0.00017424597558760016 0.00036938236247232773 -0.00065128030714292108 0.00028753404510134696 -0.00022249030766305716
leaf_weight=29 27 45 355 34 43 156 57
leaf_count=29 27 45 355 34 43 156 57
internal_value=-9.38336e-05 0.000410292 0.000919881 -0.000799373 -0.00538961 0.000661157 -0.00372093
internal_weight=746 719 674 319 77 242 86
internal_count=746 719 674 319 77 242 86
is_linear=0
shrinkage=0.05


Tree=7
num_leaves=8
num_cat=0
split_feature=11 6 10 12 8 12 11
split_gain=1.08689 0.729611 1.0175 0.954331 0.752665 0.778369 1.14987
threshold=-0.03145344780031472 1.7793201533478533 0.00044089291237869871 0.018300585025284647 0.19351595201008567 0.0082902198416674473 0.0013310073142193126
decision_type=2 2 2 2 8 2 2
left_child=-1 3 -3 4 5 -2 -7
right_child=1 2 -4 -5 -6 6 -8
leaf_value=-0.00033291346731584011 0.00013745773967057729 0.00023287655662684436 -0.0014031423994356987 0.00016962376025480807 -0.00051702837256461251 0.00026868548374689379 -0.00057486952748375621
leaf_weight=27 212 28 26 345 29 29 49
leaf_count=27 212 28 26 345 29 29 49
internal_value=3.35572e-05 0.0004039 -0.00518518 0.000858434 -0.00111285 -0.000344827 -0.00461538
internal_weight=745 718 54 664 319 290 78
internal_count=745 718 54 664 319 290 78
is_linear=0
shrinkage=0.05


Tree=8
num_leaves=8
num_cat=0
split_feature=13 12 12 11 3 2 11
split_gain=1.69039 0.509631 0.829428 0.88082 0.722664 0.482193 0.705645
threshold=26.85000038146973 0.015576171273286367 0.0077064293796303982 0.00053834779161687784 -0.0014109544790316673 0.0021538618727916519 0.003505922146060048
decision_type=2 2 2 2 2 2 2
left_child=1 2 4 -4 -1 -6 -7
right_child=-2 -3 3 -5 5 6 -8
leaf_value=-0.00018016651410167125 -0.00054452970547919327 0.00013343757906400747 0.00029934155944782103 -0.00058949306646258507 0.0004096306513381655 -0.00059114665193661089 0.00047761562247503427
leaf_weight=93 26 422 26 38 103 31 25
leaf_count=93 26 422 26 38 103 31 25
internal_value=0.000222513 0.000663957 -0.00085443 -0.0059375 0.000436508 0.00248428 -0.00125
internal_weight=764 738 316 64 252 159 56
internal_count=764 738 316 64 252 159 56
is_linear=0
shrinkage=0.05


Tree=9
num_leaves=8
num_cat=0
split_feature=11 15 5 11 9 12 12
split_gain=0.688582 1.00744 0.790914 0.455893 0.594453 0.811921 0.942308
threshold=0.011695347183510176 0.012759643076741491 0.023451080267298818 0.00036207217257600016 0.15781384562330694 0.01773640557143186 0.0020578799164406862
decision_type=2 2 2 2 10 2 2
left_child=2 -2 3 -1 5 6 -5
right_child=1 -3 -4 4 -6 -7 -8
leaf_value=0.00014848382697142551 0.00027867309395111583 -0.00068775476315568974 -0.00043556455323689514 0.00014884843548816916 -0.00046518688067868691 0.00012167450770757928 -0.00038244270450763038
leaf_weight=263 215 25 40 26 46 103 26
leaf_count=263 215 25 40 26 46 103 26
internal_value=0.000295699 0.0025 -0.000753968 -0.000172414 -0.00196517 -0.000483871 -0.00557692
internal_weight=744 240 504 464 201 155 52
internal_count=744 240 504 464 201 155 52
is_linear=0
shrinkage=0.05


Tree=10
num_leaves=8
num_cat=0
split_feature=11 6 3 16 12 8 3
split_gain=0.794692 0.542493 1.04606 0.441738 0.773034 1.53695 0.638318
threshold=-0.03145344780031472 1.7793201533478533 -0.0016849360988820947 -0.0092360778550825678 0.018300585025284647 0.091598575602144475 -0.00033427689248316511
decision_type=2 2 2 2 2 8 2
left_child=-1 3 -3 -2 5 6 -5
right_child=1 2 -4 4 -6 -7 -8
leaf_value=-0.00031173882142256212 0.00040893570123942761 0.00022927279806664693 -0.0023686057793461421 -0.00012855690627999522 0.00011255811631529926 -0.00056390601510304986 0.00024718510306403016
leaf_weight=26 174 25 28 74 290 36 96
leaf_count=26 174 25 28 74 290 36 96
internal_value=0.000126836 0.000435685 -0.00443396 0.000820896 6.04841e-05 -0.00228155 -0.000294117
internal_weight=749 723 53 670 496 206 170
internal_count=749 723 53 670 496 206 170
is_linear=0
shrinkage=0.05


Tree=11
num_leaves=8
num_cat=0
split_feature=11 2 6 6 12 16 11
split_gain=1.24893 0.584352 0.759926 0.426777 0.485866 0.420257 0.810029
threshold=-0.03145344780031472 -0.083412753898377032 -0.005018630573033994 1.7793201533478533 0.040552119316072284 -0.0072842105928681558 -0.011129796687205316
decision_type=2 2 2 2 2 2 2
left_child=-1 2 -2 4 5 -3 -7
right_child=1 3 -4 -5 -6 6 -8
leaf_value=-0.00029615188035143409 8.8973595521501802e-06 0.00038485930903566878 -0.00077719777716193223 -0.00076882669761944378 0.00040722970566687091 -0.00056420527091717739 1.8844007307064348e-05
leaf_weight=26 36 133 26 48 152 31 295
leaf_count=26 36 133 26 48 152 31 295
internal_value=0.000381526 0.000769764 -0.00387097 0.00120637 0.00156301 0.000751634 -0.000214724
internal_weight=747 721 62 659 611 459 326
internal_count=747 721 62 659 611 459 326
is_linear=0
shrinkage=0.05


Tree=12
num_leaves=8
num_cat=0
split_feature=13 6 10 6 6 3 16
split_gain=1.29018 0.844575 0.56641 0.43831 0.580895 0.713303 0.678258
threshold=26.494999885559086 1.7793201533478533 0.00044089291237869871 -0.64075850658454836 0.31209773347289044 0.0028547456095280315 -0.0072842105928681558
decision_type=2 2 2 2 2 2 2
left_child=1 3 -3 -1 5 6 -5
right_child=-2 2 -4 4 -6 -7 -8
leaf_value=0.0003211342405717132 -0.000538780064637844 7.7556265483391985e-05 -0.001703336303293545 0.0002817137601052839 0.00030272785436612595 0.0002657319264187063 -0.00017309032542827744
leaf_weight=154 25 27 25 90 121 100 192
leaf_count=154 25 27 25 90 121 100 192
internal_value=0.000163488 0.000557123 -0.00557692 0.00104262 0.000328032 -0.000628272 -0.00191489
internal_weight=734 709 52 657 503 382 282
internal_count=734 709 52 657 503 382 282
is_linear=0
shrinkage=0.05


Tree=13
num_leaves=8
num_cat=0
split_feature=13 6 5 13 1 7 14
split_gain=0.990628 0.863498 0.731751 0.881586 1.04425 2.22393 0.648032
threshold=14.675000190734865 -0.26985144260832433 0.013559529573395668 15.784999847412111 0.0079173621887016505 0.033459078476939859 -0.01909405816599757
decision_type=2 2 2 2 2 2 2
left_child=-1 -2 -3 -4 6 -6 -5
right_child=1 2 3 4 5 -7 -8
leaf_value=0.00025922938778026074 0.0001798864687819206 0.0003125098161877227 -0.00046626847858315785 -0.00029948326935586608 -0.00047163171803080595 0.00024002008886819123 0.00028843307543642983
leaf_weight=197 255 50 30 44 47 50 72
leaf_count=197 255 50 30 44 47 50 72
internal_value=0.000436242 -0.000656934 -0.00250853 -0.00364198 -0.00251174 -0.00634021 0.000689655
internal_weight=745 548 293 243 213 97 116
internal_count=745 548 293 243 213 97 116
is_linear=0
shrinkage=0.05


Tree=14
num_leaves=8
num_cat=0
split_feature=8 6 0 4 14 16 4
split_gain=0.793822 0.87506 0.642857 0.542751 0.39032 0.418272 0.470161
threshold=0.19661742686828435 1.7793201533478533 0.0071591070400487409 0.036446774090268363 0.11108526702174228 -0.0092360778550825678 0.02177663161059545
decision_type=10 2 2 2 2 2 2
left_child=1 3 -3 4 5 -1 -7
right_child=-2 2 -4 -5 -6 6 -8
leaf_value=0.00043291381752125018 -0.00015382733783900031 -0.00010168775147104125 -0.0021412878231452308 -0.00041117932159932076 -0.00019321239787090731 -2.5046851409425269e-05 0.0001071379448427966
leaf_weight=137 31 28 28 41 33 114 307
leaf_count=137 31 28 28 41 33 114 307
internal_value=-7.64949e-05 0.000276163 -0.00571429 0.000806962 0.00119289 0.00150538 0.000724466
internal_weight=719 688 56 632 591 558 421
internal_count=719 688 56 632 591 558 421
is_linear=0
shrinkage=0.05


Tree=15
num_leaves=8
num_cat=0
split_feature=8 8 1 11 10 16 10
split_gain=0.496465 0.647871 0.724179 1.64445 0.540754 0.677469 0.861804
threshold=0.19661742686828435 0.028330021429240463 0.035415910912031341 0.015980526956462796 0.0063549494884102007 0.0008872870747910212 -0.0042544588401209329
decision_type=10 8 2 2 2 2 2
left_child=1 2 4 -4 5 -1 -7
right_child=-2 -3 3 -5 -6 6 -8
leaf_value=0.0001723874076352994 -0.00014371337506622239 0.0002273249507837083 -0.00050767314233937297 0.00075416261551622735 0.00020812573738101479 0.00014505381486426831 -0.00036422153448964793
leaf_weight=163 32 302 28 25 76 30 87
leaf_count=163 32 302 28 25 76 30 87
internal_value=0.000154778 0.000428973 -0.00086797 -0.00632075 -5.61796e-05 -0.00107143 -0.00397436
internal_weight=743 711 409 53 356 280 117
internal_count=743 711 409 53 356 280 117
is_linear=0
shrinkage=0.05


Tree=16
num_leaves=8
num_cat=0
split_feature=15 12 12 3 12 14 10
split_gain=0.552677 0.5738 1.01322 0.819447 0.827233 0.56391 0.466878
threshold=0.016565698961578893 0.013329903509770149 0.0077064293796303982 -0.00033427689248316511 -0.0052152181904612785 -0.023978062109039463 -0.0066832750011283628
decision_type=2 2 2 2 2 2 2
left_child=1 2 3 4 5 -1 -7
right_child=-2 -3 -4 -5 -6 6 -8
leaf_value=-0.00071410579499931327 -0.00019577292626964389 0.00014461377995820041 -0.00049686307526685617 0.00017486911035920788 0.00026664949886118493 -0.0004977169564301388 0.00026772797300188744
leaf_weight=27 25 429 41 144 34 28 29
leaf_count=27 25 429 41 144 34 28 29
internal_value=0.000310436 0.000560109 -0.00110561 3.81681e-05 -0.00305085 -0.00571429 -0.00289474
internal_weight=757 732 303 262 118 84 57
internal_count=757 732 303 262 118 84 57
is_linear=0
shrinkage=0.05


Tree=17
num_leaves=8
num_cat=0
split_feature=1 11 15 1 11 7 9
split_gain=0.659719 1.04185 1.04146 0.730559 0.618747 0.724656 0.872164
threshold=0.0079173621887016505 -0.015498633596874143 0.013335989567982433 -0.074709990836128767 0.02550883970860263 0.029400763611211581 -0.056390512164526611
decision_type=2 2 2 2 2 2 8
left_child=3 -2 4 -1 5 6 -3
right_child=1 2 -4 -5 -6 -7 -8
leaf_value=-0.00042341962255934774 -0.0006877754613355731 0.0003263106901505886 -0.00023830721627853365 0.0001111836255450803 0.00035771431637793787 0.00010692727783849451 -0.00030251617853154004
leaf_weight=25 33 42 26 378 52 128 62
leaf_count=25 33 42 26 378 52 128 62
internal_value=-9.38336e-05 -0.00170554 -0.000806451 0.00127792 7.04227e-05 -0.00103448 -0.00413462
internal_weight=746 343 310 403 284 232 104
internal_count=746 343 310 403 284 232 104
is_linear=0
shrinkage=0.05


Tree=18
num_leaves=8
num_cat=0
split_feature=1 1 13 8 4 6 14
split_gain=0.664395 0.455257 0.864067 0.619462 1.00296 0.646998 0.360483
threshold=-0.072932271618197972 0.0079173621887016505 21.134999275207523 0.028330021429240463 0.02644800091463434 -0.50656023001618611 -0.042370343814534299
decision_type=2 2 2 8 2 2 2
left_child=-1 -2 3 4 5 -3 -5
right_child=1 2 -4 6 -6 -7 -8
leaf_value=-0.00019171037591849609 9.0301195163910113e-05 0.0001528214570538147 -0.00049586174432648923 -0.00039279679871987474 0.00038212104449623441 -0.00028739036978472514 0.00024274045972002591
leaf_weight=29 380 27 34 32 57 42 152
leaf_count=29 380 27 34 32 57 42 152
internal_value=0.000351926 0.000649171 -0.000668604 0.000161291 -0.00253968 -0.0065942 0.00201087
internal_weight=753 724 344 310 126 69 184
internal_count=753 724 344 310 126 69 184
is_linear=0
shrinkage=0.05


Tree=19
num_leaves=8
num_cat=0
split_feature=1 1 5 3 7 7 11
split_gain=0.525955 0.446537 0.604546 0.96671 0.820119 1.75398 0.788795
threshold=-0.074709990836128767 0.007172003563063801 0.017654520004970593 -0.002953109047251989 0.029992857703063373 0.015336906692603016 -0.0075284506861215674
decision_type=2 2 2 2 2 2 2
left_child=-1 -2 3 -3 5 -5 -4
right_child=1 2 6 4 -6 -7 -8
leaf_value=-0.00039266312263545568 7.835976953178225e-05 0.0002014127697222167 -0.00022208615337426281 -0.0002459920794491757 -9.5998231457024186e-06 -0.00068467652100092627 0.00036921672805559119
leaf_weight=25 367 43 34 52 70 28 120
leaf_count=25 367 43 34 52 70 28 120
internal_value=0.000128552 0.000378151 -0.000907781 -0.00277202 -0.00466667 -0.008125 0.00142857
internal_weight=739 714 347 193 150 80 154
internal_count=739 714 347 193 150 80 154
is_linear=0
shrinkage=0.05


Tree=20
num_leaves=8
num_cat=0
split_feature=0 0 14 15 11 15 2
split_gain=0.46196 0.603667 0.701731 0.551501 1.25747 1.30979 0.687594
threshold=0.0055355360396979201 -0.0076214351900611979 -0.049735428455543622 0.0039089527510476349 0.011525540902406652 0.00014437628943619887 0.0058657321399379079
decision_type=2 2 2 2 2 2 2
left_child=1 -1 -3 4 5 6 -2
right_child=3 2 -4 -5 -6 -7 -8
leaf_value=-5.240621587533547e-05 -0.00092299889170173878 -0.00029809388805271527 0.000232234898038752 5.2070521251092888e-05 0.00025508977788487501 -0.00045099847157996375 2.7709613357046341e-05
leaf_weight=213 28 35 214 147 42 26 46
leaf_count=213 28 35 214 147 42 26 46
internal_value=0.000339547 0.00132035 0.00299197 -0.00122837 -0.0034507 -0.0065 -0.00310811
internal_weight=751 462 249 289 142 100 74
internal_count=751 462 249 289 142 100 74
is_linear=0
shrinkage=0.05


end of trees

feature_importances:
dvol_z_20=17
spy_ret_20d=17
spy_ret_5d=16
vix_level=16
dist_ma50=13
ret_5d=10
sector_ret_5d=10
overnight_gap=9
dist_ma20=6
spy_ret_1d=6
vix_chg_1d=6
sector_ret_1d=5
ret_1d=4
ret_20d=4
atr_pct=3
parkinson_20=3
dist_ma200=2

parameters:
[boosting: gbdt]
[objective: quantile]
[metric: quantile]
[tree_learner: serial]
[device_type: cpu]
[data_sample_strategy: bagging]
[data: ]
[valid: ]
[num_iterations: 80]
[learning_rate: 0.05]
[num_leaves: 8]
[num_threads: 1]
[seed: 0]
[deterministic: 0]
[force_col_wise: 1]
[force_row_wise: 0]
[histogram_pool_size: -1]
[max_depth: -1]
[min_data_in_leaf: 25]
[min_sum_hessian_in_leaf: 0.001]
[bagging_fraction: 0.9]
[pos_bagging_fraction: 1]
[neg_bagging_fraction: 1]
[bagging_freq: 1]
[bagging_seed: 3]
[bagging_by_query: 0]
[feature_fraction: 0.9]
[feature_fraction_bynode: 1]
[feature_fraction_seed: 2]
[extra_trees: 0]
[extra_seed: 6]
[early_stopping_round: 0]
[early_stopping_min_delta: 0]
[first_metric_only: 0]
[max_delta_step: 0]
[lambda_l1: 0]
[lambda_l2: 0]
[linear_lambda: 0]
[min_gain_to_split: 0]
[drop_rate: 0.1]
[max_drop: 50]
[skip_drop: 0.5]
[xgboost_dart_mode: 0]
[uniform_drop: 0]
[drop_seed: 4]
[top_rate: 0.2]
[other_rate: 0.1]
[min_data_per_group: 100]
[max_cat_threshold: 32]
[cat_l2: 10]
[cat_smooth: 10]
[max_cat_to_onehot: 4]
[top_k: 20]
[monotone_constraints: ]
[monotone_constraints_method: basic]
[monotone_penalty: 0]
[feature_contri: ]
[forcedsplits_filename: ]
[refit_decay_rate: 0.9]
[cegb_tradeoff: 1]
[cegb_penalty_split: 0]
[cegb_penalty_feature_lazy: ]
[cegb_penalty_feature_coupled: ]
[path_smooth: 0]
[interaction_constraints: ]
[verbosity: -1]
[saved_feature_importance_type: 0]
[use_quantized_grad: 0]
[num_grad_quant_bins: 4]
[quant_train_renew_leaf: 0]
[stochastic_rounding: 1]
[linear_tree: 0]
[max_bin: 255]
[max_bin_by_feature: ]
[min_data_in_bin: 3]
[bin_construct_sample_cnt: 200000]
[data_random_seed: 1]
[is_enable_sparse: 1]
[enable_bundle: 1]
[use_missing: 1]
[zero_as_missing: 0]
[feature_pre_filter: 1]
[pre_partition: 0]
[two_round: 0]
[header: 0]
[label_column: ]
[weight_column: ]
[group_column: ]
[ignore_column: ]
[categorical_feature: ]
[forcedbins_filename: ]
[precise_float_parser: 0]
[parser_config_file: ]
[objective_seed: 5]
[num_class: 1]
[is_unbalance: 0]
[scale_pos_weight: 1]
[sigmoid: 1]
[boost_from_average: 1]
[reg_sqrt: 0]
[alpha: 0.1]
[fair_c: 1]
[poisson_max_delta_step: 0.7]
[tweedie_variance_power: 1.5]
[lambdarank_truncation_level: 30]
[lambdarank_norm: 1]
[label_gain: ]
[lambdarank_position_bias_regularization: 0]
[eval_at: ]
[multi_error_top_k: 1]
[auc_mu_weights: ]
[num_machines: 1]
[local_listen_port: 12400]
[time_out: 120]
[machine_list_filename: ]
[machines: ]
[gpu_platform_id: -1]
[gpu_device_id: -1]
[gpu_device_id_list: ]
[gpu_use_dp: 0]
[num_gpu: 1]

end of parameters

pandas_categorical:[]
