tree
version=v4
num_class=1
num_tree_per_iteration=1
label_index=0
max_feature_idx=16
objective=quantile
feature_names=ret_1d ret_5d ret_20d overnight_gap atr_pct parkinson_20 dvol_z_20 dist_ma20 dist_ma50 dist_ma200 spy_ret_1d spy_ret_5d spy_ret_20d vix_level vix_chg_1d sector_ret_1d sector_ret_5d
feature_infos=[-0.091198450041516832:0.13110660215389425] [-0.17628136392880134:0.13908948194662485] [-0.22286572286572293:0.25947167188043108] [-0.065824468085106336:0.14406118308100524] [0.014426646500756223:0.061470907856010844] [0.0095635809086477824:0.031348357530831074] [-2.6231387456168505:4.1319076186476886] [-0.15871781674022334:0.1316104894086545] [-0.18579996688724043:0.22669582615348682] [-0.12747773683744545:0.30832490434935567] [-0.058542947643003718:0.10501933612632941] [-0.11496158439845272:0.082843216242346029] [-0.12265592443394913:0.15756596870864792] [11.859999656677246:52.330001831054688] [-0.35753873962348437:0.74039073966007019] [-0.073180960369049974:0.075364298724954315] [-0.12187673514714059:0.078003457216940353]
tree_sizes=857 863 861 867 855 866 857 858 858 864 874 873 864 859 870 871 858 863 864 870 866 862 868 862 874 859 867 866 867

Tree=0
num_leaves=8
num_cat=0
split_feature=3 4 12 12 1 1 6
split_gain=2.36226 0.87946 1.41942 1.15056 1.07219 0.803345 1.11623
threshold=-0.0010953238657844808 0.019869421257418335 0.021636027658746174 -0.0045413720184895303 -0.040513860065059186 -0.0018846120657765584 0.25279281946696813
decision_type=2 2 2 2 2 2 2
left_child=1 2 -1 4 -3 6 -2
right_child=5 3 -4 -5 -6 -7 -8
leaf_value=-0.0019297228298729291 -0.0018907409398284875 -0.0028848425254309855 -0.0022744936585188088 -0.0019404568297377196 -0.0020799680861810629 -0.0017806498734058078 -0.0024141955785143415
leaf_weight=25 127 28 42 150 53 286 39
leaf_count=25 127 28 42 150 53 286 39
internal_value=-0.00189793 -0.00535386 -0.0103974 -0.00389101 -0.00869299 0.000380533 -0.00238629
internal_weight=750 298 67 231 81 452 166
internal_count=750 298 67 231 81 452 166
is_linear=0
shrinkage=1


Tree=1
num_leaves=8
num_cat=0
split_feature=3 16 10 5 3 4 3
split_gain=2.67938 1.04664 2.37756 1.13452 1.02592 0.845503 0.765765
threshold=-0.0023692777057770504 -1.0000000180025095e-35 -0.0028855785037933952 0.014294300276051946 -0.0045803376432108625 0.02411609648177741 -0.006681817309238002
decision_type=2 2 2 2 2 2 2
left_child=1 2 3 -1 -4 6 -3
right_child=-2 5 4 -5 -6 -7 -8
leaf_value=0.00016418455681877685 7.8026880856009201e-05 -0.00020132148698309853 -0.00040247218415714902 -0.0006891992226218303 -0.00046917797390352481 0.00028769235478829736 -1.4525318081676426e-05
leaf_weight=45 483 25 36 29 26 42 48
leaf_count=45 483 25 36 29 26 42 48
internal_value=2.72481e-05 -0.00416335 -0.00713235 -0.00108108 -0.0143548 -0.000652174 -0.00390411
internal_weight=734 251 136 74 62 115 73
internal_count=734 251 136 74 62 115 73
is_linear=0
shrinkage=0.05


Tree=2
num_leaves=8
num_cat=0
split_feature=3 1 14 6 11 13 4
split_gain=2.32467 0.734217 0.886657 1.58629 0.683734 0.817902 1.06872
threshold=-0.0010953238657844808 1.0000000180025095e-35 0.00619378828642947 -0.50360343291501686 0.021151799211171721 22.930000305175785 0.02499673321949682
decision_type=2 2 2 2 2 2 2
left_child=4 2 -2 -4 5 6 -1
right_child=1 -3 3 -5 -6 -7 -8
leaf_value=-0.000148495285389786 5.031275090724833e-05 0.00017435704149775991 0.00019893735800297652 -0.0006561425327753428 7.6785061043902522e-05 -0.00079221678208366291 0.00014837855123383842
leaf_weight=176 123 267 28 30 32 33 60
leaf_count=176 123 267 28 30 32 33 60
internal_value=-7.34311e-05 0.00220982 -0.000248619 -0.00534483 -0.00347176 -0.00429368 -0.00326271
internal_weight=749 448 181 58 301 269 236
internal_count=749 448 181 58 301 269 236
is_linear=0
shrinkage=0.05


Tree=3
num_leaves=8
num_cat=0
split_feature=3 4 12 1 9 7 8
split_gain=2.22275 1.00551 1.28413 1.29169 1.00719 0.810286 0.958776
threshold=-0.00099633877678251249 0.019869421257418335 -0.0059221070934643008 -0.040513860065059186 0.16033003381471958 -0.00065320628641180034 0.017404728619185742
decision_type=2 2 2 2 8 2 8
left_child=1 4 3 -3 -1 6 -2
right_child=5 2 -4 -5 -6 -7 -8
leaf_value=3.563097596071105e-06 4.1996192173309915e-05 -0.00080388956544238672 1.8849525093656343e-05 -9.4679646228932799e-05 -0.00025255464673847408 0.00016179405896298582 -0.00053590002584783913
leaf_weight=26 133 30 151 56 44 274 29
leaf_count=26 133 30 151 56 44 274 29
internal_value=-4.71061e-05 -0.00330619 -0.00175105 -0.00662791 -0.00857143 0.00224771 -0.000555555
internal_weight=743 307 237 86 70 436 162
internal_count=743 307 237 86 70 436 162
is_linear=0
shrinkage=0.05


Tree=4
num_leaves=8
num_cat=0
split_feature=3 13 2 4 2 16 9
split_gain=1.84327 0.909867 1.34539 0.613851 0.59793 0.55512 0.509749
threshold=-0.0031849171437768327 14.404999732971193 -0.07888378440287995 0.024150586994865327 0.039939338227451777 0.015115471290716888 0.26122851218815396
decision_type=2 2 2 2 2 2 8
left_child=1 -1 -3 4 -4 6 -2
right_child=5 2 3 -5 -6 -7 -8
leaf_value=-0.0002840408786731697 8.102832768312484e-05 -0.00066267581191870896 3.8499245764642292e-05 0.00028708795903964262 -0.0001577914044978775 0.0001531952249605952 -5.2107349308095735e-05
leaf_weight=42 289 34 44 65 29 161 82
leaf_count=42 289 34 44 65 29 161 82
internal_value=4.02147e-05 -0.0038785 -0.00226744 -7.24636e-05 -0.00321918 0.00161654 0.000552561
internal_weight=746 214 172 138 73 532 371
internal_count=746 214 172 138 73 532 371
is_linear=0
shrinkage=0.05


Tree=5
num_leaves=8
num_cat=0
split_feature=3 1 6 15 14 6 10
split_gain=1.93523 0.912832 1.1323 0.744153 1.32 0.759376 1.65669
threshold=-0.00099633877678251249 1.0000000180025095e-35 0.20835013569763547 0.0031759388218882694 -0.021011062487688355 -0.7390953202124394 0.00034887818574524948
decision_type=2 2 2 2 2 2 2
left_child=3 2 -2 5 -5 6 -1
right_child=1 -3 -4 4 -6 -7 -8
leaf_value=-4.3686131368687367e-05 7.1888828067209691e-05 0.00014672343577627072 -0.00032628221859369838 -4.3868105100406914e-05 -0.00061033521380354891 -1.0574551069091794e-06 -0.00027597473793223063
leaf_weight=43 129 268 41 31 28 172 25
leaf_count=43 129 268 41 31 28 172 25
internal_value=-0.000427408 0.0016895 -0.00117647 -0.00352843 -0.00855932 -0.00229167 -0.00676471
internal_weight=737 438 170 299 59 240 68
internal_count=737 438 170 299 59 240 68
is_linear=0
shrinkage=0.05


Tree=6
num_leaves=8
num_cat=0
split_feature=3 2 15 14 16 6 7
split_gain=1.36171 1.03288 1.19582 0.751954 0.825728 0.915523 1.15955
threshold=-0.002652482888677143 -0.07888378440287995 0.0037440240054884559 0.009860755526874045 0.015366784535937207 -0.50360343291501686 0.026794374907808564
decision_type=2 2 2 2 2 2 2
left_child=1 -1 -3 -2 5 -5 -7
right_child=3 2 -4 4 -6 6 -8
leaf_value=-0.000629489148567428 9.0678940881914251e-05 9.1261826978656289e-06 -0.00094758907007077382 0.00012499099684229638 0.00014294512430450078 -0.00037138104279782361 0.00012420747496490444
leaf_weight=34 356 163 37 41 38 49 28
leaf_count=34 356 163 37 41 38 49 28
internal_value=4.02147e-05 -0.00311966 -0.00175 0.00148438 -0.00141026 -0.00347458 -0.00668831
internal_weight=746 234 200 512 156 118 77
internal_count=746 234 200 512 156 118 77
is_linear=0
shrinkage=0.05


Tree=7
num_leaves=8
num_cat=0
split_feature=3 2 8 6 9 4 0
split_gain=1.54568 1.04347 0.886594 0.795096 0.877607 0.446582 0.324892
threshold=-0.0031849171437768327 -0.07888378440287995 0.0066301825279461166 0.090171420373527142 0.20543854967034283 0.033695307477226474 -0.0016000293107643613
decision_type=2 2 10 2 8 2 2
left_child=1 -1 6 4 -4 -2 -3
right_child=5 2 3 -5 -6 -7 -8
leaf_value=-0.00059801469113905659 5.8911794061324153e-05 5.5307460506249423e-05 -0.00023148953870892144 0.00013799532030070756 -6.6960662523355983e-05 -8.382056837996921e-05 -8.1064923928816004e-05
leaf_weight=34 495 57 31 29 28 35 36
leaf_count=34 495 57 31 29 28 35 36
internal_value=0.000436242 -0.00313953 -0.00162983 -0.00522727 -0.00855932 0.00188679 0.00177419
internal_weight=745 215 181 88 59 530 93
internal_count=745 215 181 88 59 530 93
is_linear=0
shrinkage=0.05


Tree=8
num_leaves=8
num_cat=0
split_feature=3 15 2 9 6 1 14
split_gain=1.0259 0.677219 0.636796 0.949728 0.98 0.615239 0.776522
threshold=-0.0023248167898611278 0.0037440240054884559 -0.084760848753509907 0.28282629496566863 -0.40586378271092766 0.0083398503174819689 0.00619378828642947
decision_type=2 2 2 8 2 2 2
left_child=1 2 -1 -4 -5 6 -2
right_child=5 -3 3 4 -6 -7 -8
leaf_value=-0.00055705850651212904 7.3934024887068847e-05 -0.00049533772485718696 5.270766801027849e-05 -0.00031533665231332829 5.745681066109698e-05 0.00012318221421699495 -0.00010134374442521558
leaf_weight=26 167 47 136 25 25 257 81
leaf_count=26 167 47 136 25 25 257 81
internal_value=0.000222513 -0.00233591 -0.00113208 -0.000107527 -0.006 0.00153465 -0.000241935
internal_weight=764 259 212 186 50 505 248
internal_count=764 259 212 186 50 505 248
is_linear=0
shrinkage=0.05


Tree=9
num_leaves=8
num_cat=0
split_feature=3 0 4 11 4 3 6
split_gain=1.23478 1.01956 0.882987 0.680105 0.837836 0.483986 0.641026
threshold=-0.0038484205537572254 0.0053854259648942202 0.019272768688555611 0.011840837646133974 0.033582853984498749 0.00045185104201683762 -0.86217527610302336
decision_type=2 2 2 2 2 2 2
left_child=1 2 -1 4 5 6 -2
right_child=3 -3 -4 -5 -6 -7 -8
leaf_value=-0.00016859442974090111 -0.00027310134460087988 -0.0012750926012019661 1.4831384640469882e-05 0.0001085994747565733 -0.000394706838774094 6.8221718800040481e-05 7.3171723241654077e-06
leaf_weight=31 30 29 119 197 25 213 100
leaf_count=31 30 29 119 197 25 213 100
internal_value=-4.03224e-05 -0.00365922 -0.002 0.00110619 -0.000163043 0.00048105 -0.00192308
internal_weight=744 179 150 565 368 343 130
internal_count=744 179 150 565 368 343 130
is_linear=0
shrinkage=0.05


Tree=10
num_leaves=8
num_cat=0
split_feature=1 3 8 11 11 12 1
split_gain=1.05917 0.699135 0.559425 0.620053 1.33464 0.684654 0.406523
threshold=-0.058043515175589026 -0.0023692777057770504 -0.0079142637709614366 -0.0061809109481818494 -0.00043727592468612014 0.038282050085224013 0.0083398503174819689
decision_type=2 2 8 2 2 2 2
left_child=-1 2 -2 -4 -5 -6 -3
right_child=1 6 3 4 5 -7 -8
leaf_value=-0.00050818089118333416 2.4363220631342999e-05 1.1565542765145044e-05 0.00016496886558534102 -0.00028825817971498872 -0.00013104626647740018 3.5861837598633485e-05 0.00012233139731377109
leaf_weight=46 72 215 30 25 56 43 262
leaf_count=46 72 215 30 25 56 43 262
internal_value=0.000393859 0.000874822 -0.00141593 -0.00311688 -0.00467742 -0.00207071 0.00196017
internal_weight=749 703 226 154 124 99 477
internal_count=749 703 226 154 124 99 477
is_linear=0
shrinkage=0.05


Tree=11
num_leaves=8
num_cat=0
split_feature=16 14 14 11 16 7 7
split_gain=0.961138 0.662584 0.777561 0.450506 0.625816 0.590104 1.23565
threshold=-0.037661783544991161 -0.022227674526148929 -0.01759756320211869 0.011840837646133974 -0.0038410759992227313 0.02817435539748259 0.013103813571261004
decision_type=2 2 2 2 2 2 2
left_child=-1 -2 -3 4 -4 6 -6
right_child=1 2 3 -5 5 -7 -8
leaf_value=-0.00066434131532477772 9.3718724101218872e-05 -0.00015584138855753507 3.371914941014528e-05 6.1493691251248003e-05 -4.4465149387762186e-05 8.3422888088592156e-06 -0.00031630626695314934
leaf_weight=31 262 26 142 124 56 77 29
leaf_count=31 262 26 142 124 56 77 29
internal_value=0.000716198 0.00108939 -6.60791e-05 0.000443925 -0.000592105 -0.00271605 -0.00558823
internal_weight=747 716 454 428 304 162 85
internal_count=747 716 454 428 304 162 85
is_linear=0
shrinkage=0.05


Tree=12
num_leaves=8
num_cat=0
split_feature=3 6 1 15 13 0 5
split_gain=0.592397 0.705414 0.645379 0.519603 0.422222 0.59655 0.75144
threshold=0.00065544120923499715 0.20835013569763547 0.0022056627555943069 0.0082599946207742043 23.265000343322757 -0.0016000293107643613 0.013585904483840139
decision_type=2 2 2 2 2 2 2
left_child=4 -2 -3 -4 5 -1 -7
right_child=1 2 3 -5 -6 6 -8
leaf_value=1.2246226477987315e-05 0.00012419991911234135 -0.00023569975990650948 0.00027924228409542125 -2.4550153126709365e-05 -0.00046554717286288185 -0.00013036841374973885 2.8035620776837153e-05
leaf_weight=192 247 34 44 29 38 87 63
leaf_count=192 247 34 44 29 38 87 63
internal_value=0.000844687 0.00231638 -0.00107477 0.00157534 -0.000526316 2.924e-05 -0.00233333
internal_weight=734 354 107 73 380 342 150
internal_count=734 354 107 73 380 342 150
is_linear=0
shrinkage=0.05


Tree=13
num_leaves=8
num_cat=0
split_feature=3 3 14 15 3 4 4
split_gain=1.01537 0.536504 0.374738 0.620901 0.6449 0.708097 0.849302
threshold=-0.01734841962880523 -0.00014686533802454879 -0.028276541619188519 0.0025620251156679434 -0.0041023408084966398 0.020107353291321895 0.02381631913923643
decision_type=2 2 2 2 2 2 2
left_child=-1 2 -2 4 -4 -6 -7
right_child=1 -3 3 -5 5 6 -8
leaf_value=-0.000315801384894489 5.2116265123577728e-05 7.9632095692258207e-05 1.141982999233555e-05 -0.00020618785052612662 -0.00011453597194219364 0.00015158963735387155 -0.00039326102721650569
leaf_weight=25 72 397 108 49 27 36 31
leaf_count=25 72 397 108 49 27 36 31
internal_value=0.00090604 0.00125 -0.000263158 -0.0011753 4.95051e-05 -0.00297872 -0.00022388
internal_weight=745 720 323 251 202 94 67
internal_count=745 720 323 251 202 94 67
is_linear=0
shrinkage=0.05


Tree=14
num_leaves=8
num_cat=0
split_feature=1 11 8 14 11 4 2
split_gain=1.0006 0.696131 0.566409 0.616224 0.731037 0.630005 0.584747
threshold=-0.076884629439502625 0.019998315354098021 0.097360046288733862 -0.028276541619188519 0.014627059991814352 0.026665471098594986 -0.040831178449276244
decision_type=2 2 10 2 2 2 2
left_child=-1 2 3 5 6 -2 -5
right_child=1 -3 -4 4 -6 -7 -8
leaf_value=-0.0005794336865156556 0.00012196532692728771 0.00012242039549328123 0.00016619344353795937 3.2048844219055728e-05 -0.00012256575738301895 -5.001421056785782e-05 -6.2113690559580296e-05
leaf_weight=25 123 123 61 69 34 36 248
leaf_count=25 123 123 61 69 34 36 248
internal_value=0.000827538 0.00118156 0.000446585 -9.8039e-05 -0.00126781 0.00248428 -0.000520505
internal_weight=719 694 571 510 351 159 317
internal_count=719 694 571 510 351 159 317
is_linear=0
shrinkage=0.05


Tree=15
num_leaves=8
num_cat=0
split_feature=3 8 2 15 16 4 11
split_gain=0.563601 0.337754 0.795674 0.796088 0.576526 0.446215 0.944061
threshold=-0.01734841962880523 0.0018794619291803152 -0.013871153645443278 -0.0020725672483092312 0.032418781252555047 0.020107353291321895 0.0021655828678432969
decision_type=2 8 2 2 2 2 2
left_child=-1 -2 3 -3 5 6 -4
right_child=1 2 4 -5 -6 -7 -8
leaf_value=-0.00026636691980110543 3.1141568761668417e-05 1.0796332303171275e-05 -5.6457762405790327e-05 -0.00027125937070492307 -0.00011573335144114967 0.00013396794982906384 1.0862832508545034e-05
leaf_weight=26 266 26 56 32 34 218 85
leaf_count=26 266 26 56 32 34 218 85
internal_value=0.000693136 0.00095537 0.000121951 -0.00534483 0.000928753 0.00151811 -0.000673759
internal_weight=743 717 451 58 393 359 141
internal_count=743 717 451 58 393 359 141
is_linear=0
shrinkage=0.05


Tree=16
num_leaves=8
num_cat=0
split_feature=3 15 1 2 2 13 0
split_gain=0.586147 0.385432 0.424003 0.526449 1.43973 0.805491 0.33544
threshold=-0.01734841962880523 0.0172435740228194 0.025260979808229615 0.048812503354350174 0.065437378347699485 16.035000801086429 0.010392543703721004
decision_type=2 2 2 2 2 2 2
left_child=-1 2 3 6 -5 -6 -2
right_child=1 -3 -4 4 5 -7 -8
leaf_value=-0.00025304857381105013 4.2363299953634292e-05 -0.00041174103050514461 6.2037068931034602e-05 -0.00045110072598202478 0.00010191648374149763 -9.0269525381940616e-05 -8.120057064009149e-05
leaf_weight=26 300 25 217 25 60 47 57
leaf_count=26 300 25 217 25 60 47 57
internal_value=0.000838838 0.00110123 0.00131728 0.000501023 -0.00219697 0.000327103 0.0014986
internal_weight=757 731 706 489 132 107 357
internal_count=757 731 706 489 132 107 357
is_linear=0
shrinkage=0.05


Tree=17
num_leaves=8
num_cat=0
split_feature=3 2 6 7 9 8 1
split_gain=0.774293 0.926036 0.549763 0.780488 0.474443 0.662571 0.390752
threshold=-0.0010953238657844808 -0.092718909082221065 -0.6762567544529402 0.0025654050237314823 0.18301046613306562 0.037629765927474031 1.0000000180025095e-35
decision_type=2 2 2 2 8 10 2
left_child=1 -1 3 -3 5 -4 -2
right_child=6 2 4 -5 -6 -7 -8
leaf_value=-0.00045707049884638685 5.63456954283067e-06 8.680930823720448e-06 1.904668393984363e-05 -0.00017939761004086226 9.65615802650439e-05 -0.00012133232837738798 0.00012044960531205852
leaf_weight=27 177 41 79 41 78 35 268
leaf_count=27 177 41 79 41 78 35 268
internal_value=0.000978552 -0.000980066 -0.000109489 -0.00353659 0.00135417 -0.000701754 0.00230337
internal_weight=746 301 274 82 192 114 445
internal_count=746 301 274 82 192 114 445
is_linear=0
shrinkage=0.05


Tree=18
num_leaves=8
num_cat=0
split_feature=1 14 4 12 12 1 0
split_gain=0.887925 0.47999 0.451811 0.699942 0.807753 0.525402 0.689557
threshold=-0.076884629439502625 -0.022227674526148929 0.019272768688555611 0.039147436974305568 0.023201691607264822 0.0054431563201197139 0.0050776252963506971
decision_type=2 2 2 2 2 2 2
left_child=-1 -2 3 4 -3 6 -4
right_child=1 2 5 -5 -6 -7 -8
leaf_value=-0.00052060888647994846 4.5889299865675463e-05 -7.1828061160439496e-05 9.4339996363272577e-06 9.7819414507750924e-05 -0.0001308173135916205 3.2385848832105349e-05 -0.00016914102950212585
leaf_weight=26 258 34 163 29 29 177 37
leaf_count=26 258 34 163 29 29 177 37
internal_value=0.00061753 0.000942229 -1.06608e-05 -0.00315217 -0.00611111 0.000755968 -0.001
internal_weight=753 727 469 92 63 377 200
internal_count=753 727 469 92 63 377 200
is_linear=0
shrinkage=0.05


Tree=19
num_leaves=8
num_cat=0
split_feature=16 14 1 9 10 8 8
split_gain=0.60286 0.440594 0.421214 0.565241 1.34483 0.551827 0.510148
threshold=-0.037661783544991161 -0.022227674526148929 0.0054431563201197139 0.1873558093476955 -0.0026276635212834072 -0.034694044573176867 0.029755462500033029
decision_type=2 2 2 8 2 10 10
left_child=-1 -2 3 5 -5 -3 -7
right_child=1 2 -4 4 -6 6 -8
leaf_value=-0.00053627229293180367 4.3594834872391695e-05 -0.00022167127487981113 1.8067423877014067e-05 2.1242484377283625e-05 -0.00023607067929094948 7.5887411159970288e-05 -4.8184685493371835e-05
leaf_weight=31 258 34 214 48 39 76 39
leaf_count=31 258 34 214 48 39 76 39
internal_value=0.000534506 0.000833334 -0.000111111 -0.0015678 -0.00477011 0.000302014 0.00195652
internal_weight=739 708 450 236 87 149 115
internal_count=739 708 450 236 87 149 115
is_linear=0
shrinkage=0.05


Tree=20
num_leaves=8
num_cat=0
split_feature=1 2 3 3 13 5 9
split_gain=0.925179 0.461527 0.513766 0.945168 0.483376 0.828801 0.4532
threshold=-0.076884629439502625 -0.042184414832072463 -0.0038484205537572254 -0.0053608914052451486 13.795000076293947 0.011509885267666891 -0.057234993380761871
decision_type=2 2 2 2 2 2 10
left_child=-1 -2 3 -3 -4 -6 -7
right_child=1 2 4 -5 5 6 -8
leaf_value=-0.0004677648275093608 2.7815507758931191e-05 1.1688944707882659e-05 5.7552868828259304e-05 -0.00028928000097329376 -0.00012595498330665919 -0.00019566909138037721 4.3818013473702344e-05
leaf_weight=26 147 96 95 35 27 57 268
leaf_count=26 147 96 95 35 27 57 268
internal_value=0.000805593 0.00113793 0.00050173 -0.00225191 0.00130872 0.000454546 0.00115385
internal_weight=751 725 578 131 447 352 325
internal_count=751 725 578 131 447 352 325
is_linear=0
shrinkage=0.05


Tree=21
num_leaves=8
num_cat=0
split_feature=1 11 6 8 13 6 4
split_gain=0.895499 0.376904 0.364824 0.723695 0.700065 0.451617 0.593466
threshold=-0.076884629439502625 0.023193320881576888 -0.88260514957729275 0.0066301825279461166 13.894999980926515 -0.13955000026904466 0.020107353291321895
decision_type=2 2 2 8 2 2 2
left_child=-1 2 3 -2 -5 6 -4
right_child=1 -3 5 4 -6 -7 -8
leaf_value=-0.00044437658613389279 6.4732657827320343e-05 0.00010139338157665522 -9.9591210641100552e-06 1.1720590527962506e-05 -0.00017664368073675121 -8.7202481217414328e-07 8.8627135630442834e-05
leaf_weight=26 46 94 61 26 42 275 178
leaf_count=26 46 94 61 26 42 275 178
internal_value=0.00065508 0.00098338 0.000541401 -0.00201754 -0.00529412 0.00110895 0.00269874
internal_weight=748 722 628 114 68 514 239
internal_count=748 722 628 114 68 514 239
is_linear=0
shrinkage=0.05


Tree=22
num_leaves=8
num_cat=0
split_feature=1 16 1 0 8 2 5
split_gain=0.971165 0.413903 0.451454 0.82818 0.728018 0.784781 0.47929
threshold=-0.076884629439502625 0.032418781252555047 0.0054431563201197139 0.013018448610955581 0.0066301825279461166 -0.0023741366775718027 0.015080095009599904
decision_type=2 2 2 2 8 2 2
left_child=-1 2 3 4 6 -6 -2
right_child=1 -3 -4 -5 5 -7 -8
leaf_value=-0.00043049652723088346 4.8316857665441966e-05 -1.8872364336963598e-05 7.6670118755579666e-05 -0.00010575719855600291 -0.00024126230465646727 6.0146043174656914e-06 -0.0001457766032934887
leaf_weight=25 117 47 310 38 34 119 52
leaf_count=25 117 47 310 38 34 119 52
internal_value=0.000687332 0.0010251 0.00134328 0.000138889 0.000962733 -0.00153595 0.00322485
internal_weight=742 717 670 360 322 153 169
internal_count=742 717 670 360 322 153 169
is_linear=0
shrinkage=0.05


Tree=23
num_leaves=8
num_cat=0
split_feature=3 4 2 16 6 1 5
split_gain=0.496696 0.44251 0.439008 0.533388 0.523923 0.445286 0.350877
threshold=-0.0010953238657844808 0.017226856909776742 -0.092718909082221065 -0.01597239133981326 -0.6762567544529402 -0.023482020632100861 0.013396802709664824
decision_type=2 2 2 2 2 2 2
left_child=1 -1 -3 -4 -5 -6 -7
right_child=-2 2 3 4 5 6 -8
leaf_value=-0.0001154159516904804 4.7849764294693034e-05 -0.00028104312373203983 0.00013035995378854283 -0.00013630883423404908 -0.00012936570709113154 -2.9552058391118293e-06 9.614539042574052e-05
leaf_weight=25 449 27 54 57 25 54 60
leaf_count=25 449 27 54 57 25 54 60
internal_value=0.000938749 -0.000629139 -5.41514e-05 0.0006 -0.000612245 0.00104317 0.00236842
internal_weight=751 302 277 250 196 139 114
internal_count=751 302 277 250 196 139 114
is_linear=0
shrinkage=0.05


Tree=24
num_leaves=8
num_cat=0
split_feature=1 3 3 14 14 5 5
split_gain=0.909766 0.322461 0.517559 0.380685 0.592627 0.477822 0.828059
threshold=-0.076884629439502625 0.0080469793253917805 0.0066213006665860616 -0.022227674526148929 -0.013287751267225366 0.013575328444914552 0.013142600638341296
decision_type=2 2 2 2 2 2 2
left_child=-1 2 3 -2 -5 6 -6
right_child=1 -3 -4 4 5 -7 -8
leaf_value=-0.0003968658519833646 3.3238911631494709e-05 0.00019344807597603377 -3.4008327783840669e-05 -6.2725895588751753e-05 3.3433717845589149e-06 7.7535637818832928e-05 -8.0448331694156367e-05
leaf_weight=26 200 89 27 43 170 159 35
leaf_count=26 200 89 27 43 170 159 35
internal_value=0.000727637 0.00105809 0.000662461 0.000963756 8.59953e-05 0.000741758 -0.000853658
internal_weight=749 723 634 607 407 364 205
internal_count=749 723 634 607 407 364 205
is_linear=0
shrinkage=0.05


Tree=25
num_leaves=8
num_cat=0
split_feature=1 9 8 13 14 3 3
split_gain=0.892292 0.269655 0.854093 1.55556 0.27555 0.630391 0.651002
threshold=-0.076884629439502625 0.28479519808117365 -0.013488600020012729 15.464999675750734 0.035115678917499234 -0.0052849585601151819 -0.0012089342820551516
decision_type=2 8 10 2 2 2 2
left_child=-1 4 -3 -4 -2 -6 -7
right_child=1 2 3 -5 5 6 -8
leaf_value=-0.00037702255938419638 3.2152976022329004e-05 1.7986557610322279e-05 3.0500378402001681e-05 -0.00023344054551522535 1.7018256254138025e-05 -0.00021529058320954978 6.3017999694152102e-06
leaf_weight=26 431 93 45 25 38 40 59
leaf_count=26 431 93 45 25 38 40 59
internal_value=0.000640687 0.000964432 -0.000828221 -0.005 0.00147887 -0.000474452 -0.00257576
internal_weight=757 731 163 70 568 137 99
internal_count=757 731 163 70 568 137 99
is_linear=0
shrinkage=0.05


Tree=26
num_leaves=8
num_cat=0
split_feature=1 7 11 4 15 15 16
split_gain=0.628755 0.323979 0.322359 0.403223 0.501124 0.575117 0.361981
threshold=-0.076884629439502625 0.077140651543919039 0.023193320881576888 0.033695307477226474 0.0084091074001023686 0.0057877700794991558 -0.020750169840095808
decision_type=2 2 2 2 2 2 2
left_child=-1 2 3 4 5 6 -2
right_child=1 -3 -4 -5 -6 -7 -8
leaf_value=-0.00036445318640041695 0.00015526822435779657 -2.2481031210527168e-05 0.00010109756884305325 -9.104906549256893e-05 0.00022838703000412327 -5.6681919026233527e-05 4.7137990799132618e-06
leaf_weight=25 56 43 78 39 78 47 371
leaf_count=25 56 43 78 39 78 47 371
internal_value=0.000793759 0.00106742 0.00133782 0.000939086 0.00128623 0.000675106 0.00125293
internal_weight=737 712 669 591 552 474 427
internal_count=737 712 669 591 552 474 427
is_linear=0
shrinkage=0.05


Tree=27
num_leaves=8
num_cat=0
split_feature=15 4 12 15 1 0 5
split_gain=0.568826 0.382727 0.632119 0.611642 0.370856 1.07901 0.61627
threshold=0.01653133327023382 0.019416043739705263 0.040552119316072284 -0.0017217470928173049 0.0054431563201197139 0.013018448610955581 0.014108744718699689
decision_type=2 2 2 2 2 2 2
left_child=1 2 3 -1 5 6 -3
right_child=-2 4 -4 -5 -6 -7 -8
leaf_value=-6.4761082402380843e-05 -0.00042298743554956505 5.1197762482793936e-05 7.7586711072678006e-05 -3.9034051245747205e-06 8.0429613087662938e-05 -0.00011359653526311816 -0.00010043630042178914
leaf_weight=42 26 158 42 58 266 29 128
leaf_count=42 26 158 42 58 266 29 128
internal_value=0.000727637 0.000988935 -0.00133803 -0.0035 0.00155766 0.000396826 0.00132867
internal_weight=749 723 142 100 581 315 286
internal_count=749 723 142 100 581 315 286
is_linear=0
shrinkage=0.05


Tree=28
num_leaves=8
num_cat=0
split_feature=1 11 6 16 14 16 11
split_gain=0.741151 0.487538 0.523605 1.0999 0.46958 0.746255 0.551538
threshold=-0.076884629439502625 -0.017068833431084392 -1.0969591502978542 0.0078902681549852822 0.005094684764536229 0.032418781252555047 0.019179064165315788
decision_type=2 2 2 2 2 2 2
left_child=-1 -2 3 -3 5 -4 -6
right_child=1 2 4 -5 6 -7 -8
leaf_value=-0.00031107415672468114 0.00011844964929881894 -0.00017040616734914838 9.5416736737403827e-05 5.2706008142974752e-05 -2.5766489999768822e-05 -0.00011933718094873146 0.00014770382006876689
leaf_weight=28 83 38 324 30 193 35 33
leaf_count=28 83 38 324 30 193 35 33
internal_value=0.000484293 0.000788044 0.00032925 -0.00382353 0.000811966 0.00193593 -0.000973451
internal_weight=764 736 653 68 585 359 226
internal_count=764 736 653 68 585 359 226
is_linear=0
shrinkage=0.05


end of trees

feature_importances:
overnight_gap=28
ret_5d=25
atr_pct=17
dvol_z_20=14
vix_chg_1d=14
ret_20d=13
spy_ret_5d=12
sector_ret_5d=12
dist_ma50=11
sector_ret_1d=11
parkinson_20=8
dist_ma200=8
ret_1d=7
spy_ret_20d=7
vix_level=7
dist_ma20=6
spy_ret_1d=3

parameters:
[boosting: gbdt]
[objective: quantile]
[metric: quantile]
[tree_learner: serial]
[device_type: cpu]
[data_sample_strategy: bagging]
[data: ]
[valid: ]
[num_iterations: 80]
[learning_rate: 0.05]
[num_leaves: 8]
[num_threads: 1]
[seed: 0]
[deterministic: 0]
[force_col_wise: 1]
[force_row_wise: 0]
[histogram_pool_size: -1]
[max_depth: -1]
[min_data_in_leaf: 25]
[min_sum_hessian_in_leaf: 0.001]
[bagging_fraction: 0.9]
[pos_bagging_fraction: 1]
[neg_bagging_fraction: 1]
[bagging_freq: 1]
[bagging_seed: 3]
[bagging_by_query: 0]
[feature_fraction: 0.9]
[feature_fraction_bynode: 1]
[feature_fraction_seed: 2]
[extra_trees: 0]
[extra_seed: 6]
[early_stopping_round: 0]
[early_stopping_min_delta: 0]
[first_metric_only: 0]
[max_delta_step: 0]
[lambda_l1: 0]
[lambda_l2: 0]
[linear_lambda: 0]
[min_gain_to_split: 0]
[drop_rate: 0.1]
[max_drop: 50]
[skip_drop: 0.5]
[xgboost_dart_mode: 0]
[uniform_drop: 0]
[drop_seed: 4]
[top_rate: 0.2]
[other_rate: 0.1]
[min_data_per_group: 100]
[max_cat_threshold: 32]
[cat_l2: 10]
[cat_smooth: 10]
[max_cat_to_onehot: 4]
[top_k: 20]
[monotone_constraints: ]
[monotone_constraints_method: basic]
[monotone_penalty: 0]
[feature_contri: ]
[forcedsplits_filename: ]
[refit_decay_rate: 0.9]
[cegb_tradeoff: 1]
[cegb_penalty_split: 0]
[cegb_penalty_feature_lazy: ]
[cegb_penalty_feature_coupled: ]
[path_smooth: 0]
[interaction_constraints: ]
[verbosity: -1]
[saved_feature_importance_type: 0]
[use_quantized_grad: 0]
[num_grad_quant_bins: 4]
[quant_train_renew_leaf: 0]
[stochastic_rounding: 1]
[linear_tree: 0]
[max_bin: 255]
[max_bin_by_feature: ]
[min_data_in_bin: 3]
[bin_construct_sample_cnt: 200000]
[data_random_seed: 1]
[is_enable_sparse: 1]
[enable_bundle: 1]
[use_missing: 1]
[zero_as_missing: 0]
[feature_pre_filter: 1]
[pre_partition: 0]
[two_round: 0]
[header: 0]
[label_column: ]
[weight_column: ]
[group_column: ]
[ignore_column: ]
[categorical_feature: ]
[forcedbins_filename: ]
[precise_float_parser: 0]
[parser_config_file: ]
[objective_seed: 5]
[num_class: 1]
[is_unbalance: 0]
[scale_pos_weight: 1]
[sigmoid: 1]
[boost_from_average: 1]
[reg_sqrt: 0]
[alpha: 0.1]
[fair_c: 1]
[poisson_max_delta_step: 0.7]
[tweedie_variance_power: 1.5]
[lambdarank_truncation_level: 30]
[lambdarank_norm: 1]
[label_gain: ]
[lambdarank_position_bias_regularization: 0]
[eval_at: ]
[multi_error_top_k: 1]
[auc_mu_weights: ]
[num_machines: 1]
[local_listen_port: 12400]
[time_out: 120]
[machine_list_filename: ]
[machines: ]
[gpu_platform_id: -1]
[gpu_device_id: -1]
[gpu_device_id_list: ]
[gpu_use_dp: 0]
[num_gpu: 1]

end of parameters

pandas_categorical:[]
