tree
version=v4
num_class=1
num_tree_per_iteration=1
label_index=0
max_feature_idx=16
objective=quantile
feature_names=ret_1d ret_5d ret_20d overnight_gap atr_pct parkinson_20 dvol_z_20 dist_ma20 dist_ma50 dist_ma200 spy_ret_1d spy_ret_5d spy_ret_20d vix_level vix_chg_1d sector_ret_1d sector_ret_5d
feature_infos=[-0.16358977097731375:0.19836784600596657] [-0.19479110651884768:0.22920758972345068] [-0.31430662921945052:0.46394984091726132] [-0.10919800093958743:0.11623937030106513] [0.027933441079320907:0.095312058693839949] [0.017011530227183533:0.049230133921393554] [-2.4295874527934513:4.141194061743696] [-0.21871092001788006:0.25100391709312375] [-0.32023506334653906:0.37405643464876892] [-0.30133445115616442:0.48323876632075868] [-0.058542971330535654:0.10501930183911301] [-0.11496151859245618:0.082843162776128354] [-0.1226559005192206:0.15756591020035837] [11.859999656677246:52.330001831054688] [-0.35753873962348437:0.74039073966007019] [-0.060400368534546778:0.10888055657805773] [-0.11617886647053255:0.1006018727753657]
tree_sizes=831 872 852 852 844 860 858 859 864 866 864 852 854 860 856 861

Tree=0
num_leaves=8
num_cat=0
split_feature=12 6 6 7 6 8 8
split_gain=1.22116 1.86497 0.600875 1.25926 0.557949 0.512926 1.03938
threshold=-0.0062518932096157767 0.25258744627965218 1.1837685010556662 0.032996370851215658 0.76531410331419147 -0.076544785136490032 -0.10978474721290303
decision_type=2 2 2 2 2 10 8
left_child=1 5 -2 -4 -3 6 -1
right_child=2 4 3 -5 -6 -7 -8
leaf_value=-0.034947931759435752 -0.034853477581960092 -0.037207825479690725 -0.036415554892728672 -0.034965914433278532 -0.035527157036344383 -0.033905205577153853 -0.036040548373907147
leaf_weight=72 476 25 38 46 26 33 25
leaf_count=72 476 25 38 46 26 33 25
internal_value=-0.0352011 -0.0387714 -0.0340472 -0.037946 -0.0468746 -0.0355925 -0.0374244
internal_weight=741 181 560 84 51 130 97
internal_count=741 181 560 84 51 130 97
is_linear=0
shrinkage=1


Tree=1
num_leaves=8
num_cat=0
split_feature=5 10 7 4 10 16 9
split_gain=1.15411 1.32991 0.758423 0.645377 0.618261 0.650586 0.753667
threshold=0.023872526075092455 -0.013932241848525038 0.078095047260228326 0.035107718239442011 -0.0028956048481962866 0.00043942802849716861 -0.17135271748469125
decision_type=2 2 2 2 2 2 10
left_child=3 -2 4 -1 -3 6 -6
right_child=1 2 -4 -5 5 -7 -8
leaf_value=-5.6533612266240937e-05 -0.00074401489417416774 0.00046790226886266972 0.00049010594898773357 0.00060921673729838791 -3.1215014178146733e-05 -0.0002746077329133864 -0.00089628831361270121
leaf_weight=132 29 65 81 207 30 115 69
leaf_count=132 29 65 81 207 30 115 69
internal_value=-8.24174e-05 -0.00194087 -0.00111111 0.00205015 -0.00234767 -0.00364486 -0.00661616
internal_weight=728 389 360 339 279 214 99
internal_count=728 389 360 339 279 214 99
is_linear=0
shrinkage=0.05


Tree=2
num_leaves=8
num_cat=0
split_feature=12 6 8 16 1 6 7
split_gain=1.19347 1.08472 0.769318 0.741572 1.25826 0.679877 1.15733
threshold=-0.0066426412641200075 0.1343204476783724 -0.11515083072728909 -0.019408548726270233 -0.018924376311523824 1.1837685010556662 0.032996370851215658
decision_type=2 2 8 2 2 2 2
left_child=1 3 -3 -1 -5 -2 -7
right_child=5 2 -4 4 -6 6 -8
leaf_value=0.00067696591612708941 0.00034359608532339358 -0.00015547081892484753 -0.0018873547048647164 -0.0007721632615559018 0.00012527925124893648 -0.0011636445839681346 0.00031719018028767413
leaf_weight=50 478 26 31 25 48 39 44
leaf_count=50 478 26 31 25 48 39 44
internal_value=0.000209177 -0.00333333 -0.00903509 -0.000691057 -0.00390411 0.00134581 -0.00283133
internal_weight=741 180 57 123 73 561 83
internal_count=741 180 57 123 73 561 83
is_linear=0
shrinkage=0.05


Tree=3
num_leaves=8
num_cat=0
split_feature=6 16 9 7 13 3 16
split_gain=1.08836 1.49558 1.84791 1.11756 0.996145 0.965 1.04716
threshold=0.14508976855751468 0.0050959723399165444 0.06648863089165237 0.033557920261241055 12.804999828338625 -0.012897386583110957 0.00023710895659867506
decision_type=2 2 10 2 2 2 2
left_child=4 2 -2 -3 -1 6 -6
right_child=1 3 -4 -5 5 -7 -8
leaf_value=-0.0010587060103943279 -0.00027427862459603362 -0.00085480104135104333 -0.0010222802222262584 0.00061003904482263751 0.00031416248090532142 0.00050134030071459089 -0.00072937037481356323
leaf_weight=34 89 53 32 77 45 376 29
leaf_count=34 89 53 32 77 45 376 29
internal_value=0.000102041 -0.00256972 -0.00657025 0.00115385 0.0014876 0.00211111 -0.00310811
internal_weight=735 251 121 130 484 450 74
internal_count=735 251 121 130 484 450 74
is_linear=0
shrinkage=0.05


Tree=4
num_leaves=8
num_cat=0
split_feature=7 6 5 2 4 8 13
split_gain=0.80612 1.40716 1.4461 2.23583 1.23775 0.922198 0.625628
threshold=0.078095047260228326 0.27275855290781409 0.024778795535316624 -0.035305743549553563 0.033101930265700359 0.18455439722244718 12.804999828338625
decision_type=2 2 2 2 2 8 2
left_child=1 5 4 -4 -3 6 -1
right_child=-2 2 3 -5 -6 -7 -8
leaf_value=-0.00073673868275186049 0.00047179881341987394 -0.0014597143543810104 -0.000289677803294117 -0.0022418497407158955 0.00046410837325979408 -0.0009043634774792477 0.00023656856294382579
leaf_weight=27 133 26 38 26 74 26 386
leaf_count=27 133 26 38 26 74 26 386
internal_value=-2.71737e-05 -0.000804312 -0.0047561 -0.010625 -0.001 0.000671982 0.00124697
internal_weight=736 603 164 64 100 439 413
internal_count=736 603 164 64 100 439 413
is_linear=0
shrinkage=0.05


Tree=5
num_leaves=8
num_cat=0
split_feature=12 6 0 8 8 5 6
split_gain=1.19204 1.26521 0.961328 0.526882 0.981885 0.523579 0.420904
threshold=-0.0066426412641200075 0.14508976855751468 -0.014601193161300761 -0.073693860912456208 -0.11216987603186683 0.019977540966790244 -0.41873691332172364
decision_type=2 2 2 10 8 2 2
left_child=1 3 -3 4 6 -2 -1
right_child=5 2 -4 -5 -6 -7 -8
leaf_value=0.00065791192129029032 -0.00033397483790669776 -6.7795735848620952e-05 -0.0023436158730420495 0.00098804132979915028 -0.00077045054166102734 0.00028973082975576966 -0.00030852081116681114
leaf_weight=41 45 29 25 31 25 506 27
leaf_count=41 45 29 25 31 25 506 27
internal_value=0.000130316 -0.00342697 -0.00981481 -0.000645161 -0.00252688 0.00127949 0.000588235
internal_weight=729 178 54 124 93 551 68
internal_count=729 178 54 124 93 551 68
is_linear=0
shrinkage=0.05


Tree=6
num_leaves=8
num_cat=0
split_feature=12 6 8 8 12 13 3
split_gain=1.45579 1.38553 0.768192 1.37259 0.752544 0.722396 0.452569
threshold=-0.0062518932096157767 0.14508976855751468 -0.076544785136490032 -0.11722554747686807 -0.032606247407298776 12.555000305175783 -0.022409210028661416
decision_type=2 2 10 8 2 2 2
left_child=1 2 3 -1 -3 -2 -7
right_child=5 4 -4 -5 -6 6 -8
leaf_value=0.00030205197518242896 -0.0003556789393227228 -0.00021623930028938539 0.00098360966252764221 -0.00063269637439914035 -0.0021832916470039625 -0.00025785609217818131 0.0002325323371821414
leaf_weight=65 31 26 36 28 28 25 499
leaf_count=65 31 26 36 28 28 25 499
internal_value=-0.000149051 -0.00401639 -0.00120155 -0.00360215 -0.0107407 0.00112613 0.00156489
internal_weight=738 183 129 93 54 555 524
internal_count=738 183 129 93 54 555 524
is_linear=0
shrinkage=0.05


Tree=7
num_leaves=8
num_cat=0
split_feature=2 6 5 9 3 5 9
split_gain=1.04457 1.60507 1.08773 1.76118 0.605681 0.615606 0.764341
threshold=0.051523448025472048 0.27275855290781409 0.02274923275750677 -0.010355407586943808 0.0093012387923248081 0.023872526075092455 -0.058375372361215531
decision_type=2 2 2 10 2 2 8
left_child=1 4 -3 -4 5 -1 -7
right_child=-2 2 3 -5 -6 6 -8
leaf_value=0.00026862545047579104 0.00033539349031538694 -1.0104222857275619e-05 -0.00041461883352411004 -0.0016747197067698732 0.00048112519282675592 5.7587752398742318e-05 -0.0003324773520838784
leaf_weight=109 290 46 47 25 58 94 63
leaf_count=109 290 46 47 25 58 94 63
internal_value=8.19674e-05 -0.00144796 -0.00644068 -0.0102778 0.000370371 -0.000639098 -0.00264331
internal_weight=732 442 118 72 324 266 157
internal_count=732 442 118 72 324 266 157
is_linear=0
shrinkage=0.05


Tree=8
num_leaves=8
num_cat=0
split_feature=12 6 0 11 3 8 7
split_gain=0.965153 0.889055 1.1183 0.626981 0.66111 0.510417 1.04167
threshold=-0.0062518932096157767 0.14508976855751468 -0.014601193161300761 -0.0037732110910037582 -0.011572358622769395 -0.076544785136490032 -0.096148816401779233
decision_type=2 2 2 2 2 10 2
left_child=1 5 -3 -2 -5 6 -1
right_child=3 2 -4 4 -6 -7 -8
leaf_value=0.00028092089534978226 0.00070489471325217842 -1.6211560608124553e-05 -0.0019346865089962897 -0.00031508578479892918 0.00015243065334020518 0.00091100871302697995 -0.00048628268252532103
leaf_weight=48 119 31 27 58 398 32 48
leaf_count=48 119 31 27 58 398 32 48
internal_value=0.000335086 -0.0027957 -0.00793103 0.00134783 0.000504386 -0.00046875 -0.00229167
internal_weight=761 186 58 575 456 128 96
internal_count=761 186 58 575 456 128 96
is_linear=0
shrinkage=0.05


Tree=9
num_leaves=8
num_cat=0
split_feature=10 15 4 3 13 5 5
split_gain=0.842683 0.597366 0.73334 0.581265 0.621436 0.524322 0.790884
threshold=-0.013932241848525038 -0.011618428196003226 0.064991742077224607 -0.022409210028661416 12.804999828338625 0.019977540966790244 0.023872526075092455
decision_type=2 2 2 2 2 2 2
left_child=-1 -2 3 -3 -5 -6 -7
right_child=1 2 -4 4 5 6 -8
leaf_value=-0.0010691860649142079 0.00064208545352258421 -0.00051455216731091376 -0.0007901637183687746 -0.00072216204191816581 -0.00039952228688124811 0.00045077485805076513 -2.0016242045257548e-05
leaf_weight=43 69 25 27 46 37 225 262
leaf_count=43 69 25 27 46 37 225 262
internal_value=0.000163488 0.000586107 9.64632e-05 0.000462185 0.000789474 0.00127863 0.00171458
internal_weight=734 691 622 595 570 524 487
internal_count=734 691 622 595 570 524 487
is_linear=0
shrinkage=0.05


Tree=10
num_leaves=8
num_cat=0
split_feature=5 5 7 9 0 6 0
split_gain=0.528789 0.616559 0.592769 1.00373 0.557341 0.716643 0.517446
threshold=0.019977540966790244 0.023872526075092455 0.075128919882783932 0.088945805163680683 -0.0046676397422560903 0.27275855290781409 0.016130431315944386
decision_type=2 2 2 10 2 2 2
left_child=-1 -2 3 4 -3 6 -6
right_child=1 2 -4 -5 5 -7 -8
leaf_value=-0.0003795461707479431 0.00041952575772235428 0.00011589109941706226 0.00061630707054395563 -0.00093425417125463258 -0.00036433379224561622 -0.001169505457036611 0.00072784724890373345
leaf_weight=47 296 147 87 25 71 31 39
leaf_count=47 296 147 87 25 71 31 39
internal_value=0.000558547 0.000905173 -0.000375 -0.00138978 -0.000555555 -0.00280142 -0.000909091
internal_weight=743 696 400 313 288 141 110
internal_count=743 696 400 313 288 141 110
is_linear=0
shrinkage=0.05


Tree=11
num_leaves=8
num_cat=0
split_feature=6 16 9 10 7 6 8
split_gain=0.658022 0.746508 1.69226 0.735144 0.628284 0.597931 0.49601
threshold=0.14508976855751468 0.0050959723399165444 0.06868171652839751 0.0015949691897426679 0.033557920261241055 1.0638247677902763 0.06474921775990207
decision_type=2 2 10 2 2 2 10
left_child=6 2 3 -2 5 -3 -1
right_child=1 4 -4 -5 -6 -7 -8
leaf_value=2.5323466600200414e-05 0.00017999481706638609 0.00033924346089990009 -0.00095823844714685224 -0.0015986446219171274 0.0003852244754556965 -0.00084849558002147269 0.00040948831294639569
leaf_weight=335 64 29 34 27 77 25 151
leaf_count=335 64 29 34 27 77 25 151
internal_value=0.000215634 -0.00183594 -0.0046 -0.00104396 0.000801527 -0.00333333 0.0012963
internal_weight=742 256 125 91 131 54 486
internal_count=742 256 125 91 131 54 486
is_linear=0
shrinkage=0.05


Tree=12
num_leaves=8
num_cat=0
split_feature=6 12 16 5 10 13 1
split_gain=0.748947 0.756031 0.619355 0.538856 0.831448 0.507731 0.486247
threshold=1.700717183701298 -0.0062518932096157767 -0.019408548726270233 0.027457017408499599 0.00038112321022931722 17.195000648498539 -0.016444433452984738
decision_type=2 2 2 2 2 2 2
left_child=1 2 -1 -4 -5 -2 -3
right_child=5 6 3 4 -6 -7 -8
leaf_value=0.00023652127787553777 -0.00092667148405992995 0.00060425907547644519 0.00046399247893713966 -0.0009184154975267815 -0.00011301870864182019 2.3264024579348183e-05 0.00018074628732949935
leaf_weight=62 37 167 33 26 34 31 333
leaf_count=62 37 167 33 26 34 31 333
internal_value=0.000435685 0.000954199 -0.00209677 -0.00467742 -0.0075 -0.00455882 0.0019
internal_weight=723 655 155 93 60 68 500
internal_count=723 655 155 93 60 68 500
is_linear=0
shrinkage=0.05


Tree=13
num_leaves=8
num_cat=0
split_feature=13 2 6 2 16 13 4
split_gain=0.662053 0.518071 0.595549 1.07866 0.631988 1.41163 0.553689
threshold=12.555000305175783 0.051523448025472048 0.49519910911102566 -0.037221242527570357 -0.021107476555094481 17.875000000000004 0.054840631567396055
decision_type=2 2 2 2 2 2 2
left_child=-1 2 4 -4 -2 -6 -7
right_child=1 -3 3 -5 5 6 -8
leaf_value=-0.00050944423767880183 0.00043379149300994211 0.00024887638293862052 6.3712026134343363e-05 -0.001807461089198122 0.00036896325140365114 -0.00089361565655436822 -8.0864425566129472e-05
leaf_weight=28 74 283 55 43 161 48 44
leaf_count=28 74 283 55 43 161 48 44
internal_value=4.07611e-05 0.000338983 -0.000764706 -0.00418367 0.000259939 -0.000928854 -0.00586956
internal_weight=736 708 425 98 327 253 92
internal_count=736 708 425 98 327 253 92
is_linear=0
shrinkage=0.05


Tree=14
num_leaves=8
num_cat=0
split_feature=13 5 4 6 0 13 7
split_gain=0.584398 0.574046 0.898347 0.52 0.745106 0.985455 0.662687
threshold=12.555000305175783 0.019977540966790244 0.041327008144717035 -0.25773765738716448 -0.011138147688714904 19.98499965667725 -0.088290535076773466
decision_type=2 2 2 2 2 2 2
left_child=-1 -2 -3 -4 6 -6 -5
right_child=1 2 3 4 5 -7 -8
leaf_value=-0.00034208346615083443 -0.00019891365155756945 0.0003425910985907038 9.5664100771844453e-05 0.00025328661431167995 -0.00010767798435313354 -0.0012433385893465113 -0.00074223815466449268
leaf_weight=30 45 349 156 37 48 29 30
leaf_count=30 45 349 156 37 48 29 30
internal_value=0.000165746 0.000461095 0.000839754 -0.00116667 -0.00333333 -0.00668831 0.000522388
internal_weight=724 694 649 300 144 77 67
internal_count=724 694 649 300 144 77 67
is_linear=0
shrinkage=0.05


Tree=15
num_leaves=8
num_cat=0
split_feature=8 4 5 9 7 16 8
split_gain=0.904804 0.513239 0.679691 0.683263 1.51961 1.32234 0.655125
threshold=0.34344991520287477 0.035107718239442011 0.024321559511590093 -0.058375372361215531 0.078095047260228326 -0.01329499684295826 0.14998594497465137
decision_type=8 2 2 10 2 2 10
left_child=1 6 -3 -4 5 -5 -1
right_child=-2 2 3 4 -6 -7 -8
leaf_value=-5.1122305707944183e-06 -0.00025403503489500318 0.00041969109988554968 0.00010173334485579866 2.2278514816530564e-05 0.0010500352016141739 -0.00089995144907969765 -0.0007557188658123134
leaf_weight=127 31 240 213 26 31 28 30
leaf_count=127 31 240 213 26 31 28 30
internal_value=0.000454546 0.000827338 0.00156134 -3.35569e-05 -0.00382353 -0.00888889 -0.0016879
internal_weight=726 695 538 298 85 54 157
internal_count=726 695 538 298 85 54 157
is_linear=0
shrinkage=0.05


end of trees

feature_importances:
dvol_z_20=18
parkinson_20=12
dist_ma50=12
dist_ma20=10
vix_level=9
sector_ret_5d=8
dist_ma200=7
spy_ret_20d=7
atr_pct=6
ret_1d=5
overnight_gap=5
spy_ret_1d=5
ret_20d=4
ret_5d=2
spy_ret_5d=1
sector_ret_1d=1

parameters:
[boosting: gbdt]
[objective: quantile]
[metric: quantile]
[tree_learner: serial]
[device_type: cpu]
[data_sample_strategy: bagging]
[data: ]
[valid: ]
[num_iterations: 80]
[learning_rate: 0.05]
[num_leaves: 8]
[num_threads: 1]
[seed: 0]
[deterministic: 0]
[force_col_wise: 1]
[force_row_wise: 0]
[histogram_pool_size: -1]
[max_depth: -1]
[min_data_in_leaf: 25]
[min_sum_hessian_in_leaf: 0.001]
[bagging_fraction: 0.9]
[pos_bagging_fraction: 1]
[neg_bagging_fraction: 1]
[bagging_freq: 1]
[bagging_seed: 3]
[bagging_by_query: 0]
[feature_fraction: 0.9]
[feature_fraction_bynode: 1]
[feature_fraction_seed: 2]
[extra_trees: 0]
[extra_seed: 6]
[early_stopping_round: 0]
[early_stopping_min_delta: 0]
[first_metric_only: 0]
[max_delta_step: 0]
[lambda_l1: 0]
[lambda_l2: 0]
[linear_lambda: 0]
[min_gain_to_split: 0]
[drop_rate: 0.1]
[max_drop: 50]
[skip_drop: 0.5]
[xgboost_dart_mode: 0]
[uniform_drop: 0]
[drop_seed: 4]
[top_rate: 0.2]
[other_rate: 0.1]
[min_data_per_group: 100]
[max_cat_threshold: 32]
[cat_l2: 10]
[cat_smooth: 10]
[max_cat_to_onehot: 4]
[top_k: 20]
[monotone_constraints: ]
[monotone_constraints_method: basic]
[monotone_penalty: 0]
[feature_contri: ]
[forcedsplits_filename: ]
[refit_decay_rate: 0.9]
[cegb_tradeoff: 1]
[cegb_penalty_split: 0]
[cegb_penalty_feature_lazy: ]
[cegb_penalty_feature_coupled: ]
[path_smooth: 0]
[interaction_constraints: ]
[verbosity: -1]
[saved_feature_importance_type: 0]
[use_quantized_grad: 0]
[num_grad_quant_bins: 4]
[quant_train_renew_leaf: 0]
[stochastic_rounding: 1]
[linear_tree: 0]
[max_bin: 255]
[max_bin_by_feature: ]
[min_data_in_bin: 3]
[bin_construct_sample_cnt: 200000]
[data_random_seed: 1]
[is_enable_sparse: 1]
[enable_bundle: 1]
[use_missing: 1]
[zero_as_missing: 0]
[feature_pre_filter: 1]
[pre_partition: 0]
[two_round: 0]
[header: 0]
[label_column: ]
[weight_column: ]
[group_column: ]
[ignore_column: ]
[categorical_feature: ]
[forcedbins_filename: ]
[precise_float_parser: 0]
[parser_config_file: ]
[objective_seed: 5]
[num_class: 1]
[is_unbalance: 0]
[scale_pos_weight: 1]
[sigmoid: 1]
[boost_from_average: 1]
[reg_sqrt: 0]
[alpha: 0.1]
[fair_c: 1]
[poisson_max_delta_step: 0.7]
[tweedie_variance_power: 1.5]
[lambdarank_truncation_level: 30]
[lambdarank_norm: 1]
[label_gain: ]
[lambdarank_position_bias_regularization: 0]
[eval_at: ]
[multi_error_top_k: 1]
[auc_mu_weights: ]
[num_machines: 1]
[local_listen_port: 12400]
[time_out: 120]
[machine_list_filename: ]
[machines: ]
[gpu_platform_id: -1]
[gpu_device_id: -1]
[gpu_device_id_list: ]
[gpu_use_dp: 0]
[num_gpu: 1]

end of parameters

pandas_categorical:[]
