tree
version=v4
num_class=1
num_tree_per_iteration=1
label_index=0
max_feature_idx=16
objective=quantile
feature_names=ret_1d ret_5d ret_20d overnight_gap atr_pct parkinson_20 dvol_z_20 dist_ma20 dist_ma50 dist_ma200 spy_ret_1d spy_ret_5d spy_ret_20d vix_level vix_chg_1d sector_ret_1d sector_ret_5d
feature_infos=[-0.10811456365491923:0.089336960047912362] [-0.13296408247353042:0.15261537223016086] [-0.18921459295841969:0.31126594578948463] [-0.082035915141250193:0.070481212389558623] [0.0093536352381971312:0.039734440729155433] [0.006036813944463041:0.024444423239411765] [-2.7728399703302857:4.2660099856627856] [-0.14316967977124484:0.13826195925352125] [-0.18337816310742849:0.25053533528354444] [-0.1769596146399629:0.36837328786513535] [-0.058542947643003718:0.10501933612632941] [-0.11496158439845272:0.082843216242346029] [-0.12265592443394913:0.15756596870864792] [11.859999656677246:52.330001831054688] [-0.35753873962348437:0.74039073966007019] [-0.06285260230433054:0.088816354578251211] [-0.11675897124649115:0.08529462291702461]
tree_sizes=855 859 843 864 856 855 863 857 855 860 856 851 858 863 856 855 866 867 856 864 858 863 865 859 857 860 863 871 856 862 862 856 857 854

Tree=0
num_leaves=8
num_cat=0
split_feature=5 13 2 6 8 7 10
split_gain=4.95438 2.66965 2.08286 2.05358 1.74196 1.83051 2.21477
threshold=0.012661419882744825 15.855000019073488 -0.094441396459730528 -0.46283128634665821 -0.073349764997357667 0.016626589863368849 -0.0014989927374994825
decision_type=2 2 2 2 8 2 2
left_child=4 -2 -3 -4 -1 6 -6
right_child=1 2 3 -5 5 -7 -8
leaf_value=-0.0064607575070112942 -0.0062898678239434961 -0.0062412706436589362 -0.0064286918845027682 -0.0067077107261866329 -0.0061896008322946724 -0.0063656089361757038 -0.0062826724140904846
leaf_weight=31 43 25 71 104 101 153 222
leaf_count=31 43 25 71 104 101 153 222
internal_value=-0.0065412 -0.0124112 -0.0148412 -0.0167698 -0.00372778 -0.00297985 -0.00084584
internal_weight=750 243 200 175 507 476 323
internal_count=750 243 200 175 507 476 323
is_linear=0
shrinkage=1


Tree=1
num_leaves=8
num_cat=0
split_feature=13 4 2 12 5 9 0
split_gain=4.98521 2.99767 3.09395 2.00342 2.14328 2.97726 1.57676
threshold=24.630000114440922 0.015745324620044788 -0.058067597492197247 0.055910575939094771 0.010193701205600628 -0.13559719834110925 -0.007280352367739106
decision_type=2 2 2 2 2 10 2
left_child=1 2 -1 4 -3 -6 -7
right_child=-2 3 -4 -5 5 6 -8
leaf_value=-8.0872107646428061e-05 -0.0002696485762135126 -0.00015636533265933397 0.00011754558130633087 -0.00022141134599223735 8.4359098400454976e-05 -0.00021842799382284286 1.6824554186314335e-05
leaf_weight=28 44 42 279 47 46 61 187
leaf_count=28 44 42 279 47 46 61 187
internal_value=0.000408719 0.00144928 0.00513029 -0.00150131 -0.00014881 0.00136054 -0.000806452
internal_weight=734 690 307 383 336 294 248
internal_count=734 690 307 383 336 294 248
is_linear=0
shrinkage=0.05


Tree=2
num_leaves=8
num_cat=0
split_feature=5 8 9 11 12 12 4
split_gain=5.35106 2.1493 1.65774 2.69855 1.60998 2.01 2.93081
threshold=0.012687449533475567 -0.073349764997357667 -0.075421480095121715 0.0074730260687776448 0.015760978706321874 0.034436805865122662 0.012405612795939958
decision_type=2 8 8 2 2 2 2
left_child=1 -1 3 -2 -3 -6 -7
right_child=2 4 -4 -5 5 6 -8
leaf_value=-0.00011623701693315525 -0.00012027175802359126 8.031577162910271e-07 -0.00023845796776004137 0.00018776703280309448 0.000129004522721516 0.00018315393387456429 -8.6063424561871193e-05
leaf_weight=30 46 185 162 30 159 53 84
leaf_count=30 46 185 162 30 159 53 84
internal_value=0.000100134 0.00298434 -0.00609244 0 0.00379418 0.00608108 0.00164234
internal_weight=749 511 238 76 481 296 137
internal_count=749 511 238 76 481 296 137
is_linear=0
shrinkage=0.05


Tree=3
num_leaves=8
num_cat=0
split_feature=13 4 2 10 9 3 8
split_gain=4.40835 2.82862 2.01274 1.90264 1.89188 3.72095 2.13384
threshold=24.630000114440922 0.015745324620044788 -0.058067597492197247 -0.0014989927374994825 -0.023148110765118742 -0.0043054039225282051 0.014273606000763441
decision_type=2 2 2 2 10 2 10
left_child=1 2 -1 -4 5 -3 -7
right_child=-2 4 3 -5 -6 6 -8
leaf_value=-6.1858833402220637e-05 -0.00026548696413956354 0.00011891000294490368 0.00014092990361823469 6.0209651901095652e-05 -0.00013433842822123556 7.4651950868428497e-06 -0.00026189366980688652
leaf_weight=29 45 35 92 183 179 147 33
leaf_count=29 45 35 92 183 179 147 33
internal_value=0.000168237 0.00114613 0.00476974 0.00609091 -0.00164975 0.00151163 -0.00138889
internal_weight=743 698 304 275 394 215 180
internal_count=743 698 304 275 394 215 180
is_linear=0
shrinkage=0.05


Tree=4
num_leaves=8
num_cat=0
split_feature=5 0 0 8 8 2 6
split_gain=4.00244 2.30536 1.79256 1.64634 2.22767 1.87424 1.62586
threshold=0.012661419882744825 0.012480607007086532 -0.014273766753278903 -0.016730413734951651 -0.078864982508210155 0.049452308503866733 -0.89473020849533713
decision_type=2 2 2 8 10 2 2
left_child=1 6 -2 4 -4 -5 -1
right_child=2 -3 3 5 -6 -7 -8
leaf_value=-5.9369430130100246e-05 -0.00044133246766585218 -8.8035131226279226e-05 -6.3768063874031203e-05 -0.00021746748105149892 9.672409495589817e-05 -3.2572390997374891e-05 7.6788255359060717e-05
leaf_weight=72 39 57 34 59 48 64 373
leaf_count=72 39 57 34 59 48 64 373
internal_value=0.000335121 0.00288845 -0.00491803 -0.00304878 0.00243902 -0.00670732 0.00410112
internal_weight=746 502 244 205 82 123 445
internal_count=746 502 244 205 82 123 445
is_linear=0
shrinkage=0.05


Tree=5
num_leaves=8
num_cat=0
split_feature=0 0 6 14 8 3 0
split_gain=3.20636 3.41645 2.55939 2.7683 3.5613 2.01542 1.78475
threshold=0.012480607007086532 -0.01449177036073118 -0.58661391161047349 0.06028471113356227 -0.078864982508210155 -0.0017321878355195384 -0.019125271344918367
decision_type=2 2 2 2 10 2 2
left_child=1 6 5 4 -4 -3 -1
right_child=-2 2 3 -5 -6 -7 -8
leaf_value=-0.00014890316938981051 -0.00012807159341598532 7.3169696960507296e-05 -0.00011666963405202024 -3.3155248223079973e-05 0.00010284793323164558 -6.5998262016542876e-05 -0.00043624541215747382
leaf_weight=38 97 56 33 69 261 156 27
leaf_count=38 97 56 33 69 261 156 27
internal_value=-3.39213e-05 0.00125 0.00247826 0.00502755 0.00714286 -0.00188679 -0.00961538
internal_weight=737 640 575 363 294 212 65
internal_count=737 640 575 363 294 212 65
is_linear=0
shrinkage=0.05


Tree=6
num_leaves=8
num_cat=0
split_feature=4 0 16 2 3 12 2
split_gain=3.18635 2.03872 2.28177 1.88908 1.5302 1.70976 1.52497
threshold=0.015745324620044788 -0.014273766753278903 -0.024234057275211714 -0.015910318374372897 -0.0044880363944689297 0.041818066300965857 -0.0030677737576620396
decision_type=2 2 2 2 2 2 2
left_child=3 -2 -3 -1 -4 -6 -5
right_child=1 2 4 6 5 -7 -8
leaf_value=-4.8348410049615456e-05 -0.00032240036436247116 -0.0002535588041529283 6.2278489945172448e-05 0.0001974073266412723 1.0312161616033182e-05 -0.00020192473340372295 7.892175944005232e-05
leaf_weight=60 62 39 42 31 249 55 208
leaf_count=60 62 39 42 31 249 55 208
internal_value=0.000603217 -0.00206935 -0.000714286 0.00459866 0.000578035 -0.000657895 0.00658996
internal_weight=746 447 385 299 346 304 239
internal_count=746 447 385 299 346 304 239
is_linear=0
shrinkage=0.05


Tree=7
num_leaves=8
num_cat=0
split_feature=0 0 6 14 14 8 14
split_gain=2.69163 2.87793 1.83014 1.92144 2.44222 1.71595 1.62613
threshold=-0.01449177036073118 0.012480607007086532 -0.88140490618570655 0.063421642021299643 0.024414321868059811 -0.078864982508210155 -0.030119880421319408
decision_type=2 2 2 2 2 8 2
left_child=-1 2 6 4 5 -4 -2
right_child=1 -3 3 -5 -6 -7 -8
leaf_value=-0.00030035095524451062 -0.00016953541107618048 -0.00011718020927373704 -0.00011008669194502176 -3.4420150197748145e-05 0.00016647717370679813 6.7290837848723751e-05 5.4043022461688018e-05
leaf_weight=61 37 97 31 83 63 299 74
leaf_count=61 37 97 31 83 63 299 74
internal_value=0.000637584 0.00153509 0.00285349 0.00420168 0.00566158 0.00393939 -0.00292793
internal_weight=745 684 587 476 393 330 111
internal_count=745 684 587 476 393 330 111
is_linear=0
shrinkage=0.05


Tree=8
num_leaves=8
num_cat=0
split_feature=4 7 12 13 3 12 9
split_gain=3.66434 1.94188 1.80179 2.14041 1.7862 2.23008 1.69814
threshold=0.012144755468333083 0.0060419651412335637 0.057873596393828615 24.630000114440922 -0.0042182865270525829 0.022913154082998658 -0.02758223679818644
decision_type=2 2 2 2 2 2 10
left_child=1 -1 3 4 5 6 -2
right_child=2 -3 -4 -5 -6 -7 -8
leaf_value=0.00016110431407906085 9.7042209201920852e-05 5.8835743247971989e-06 -0.00019540610927005323 -0.00021854154112622263 -1.0471828300074368e-05 0.00011588840339987737 -0.00013166236217099282
leaf_weight=58 28 53 49 44 475 32 25
leaf_count=58 28 53 49 44 475 32 25
internal_value=-6.5445e-05 0.00833333 -0.00149311 -0.000745033 8.92857e-05 0.00676471 0.000471698
internal_weight=764 111 653 604 560 85 53
internal_count=764 111 653 604 560 85 53
is_linear=0
shrinkage=0.05


Tree=9
num_leaves=8
num_cat=0
split_feature=0 4 8 16 10 10 5
split_gain=2.69542 2.14574 1.95483 1.69779 1.68698 1.36271 1.94669
threshold=-0.01449177036073118 0.012144755468333083 -0.034578408187410252 -0.024234057275211714 0.014365364117936543 0.0095076274836749537 0.0085324305927225157
decision_type=2 2 10 2 2 2 2
left_child=2 -2 -1 -3 5 6 -5
right_child=1 3 -4 4 -6 -7 -8
leaf_value=-0.00016616347227948938 0.0001080544729624407 -0.0001544242512672598 -0.0003482261192292933 -5.1310899801485784e-05 6.9790542064954142e-05 -0.00016691608725714487 1.2041152460122613e-05
leaf_weight=34 109 47 26 51 32 42 403
leaf_count=34 109 47 26 51 32 42 403
internal_value=-0.000672043 0.000219298 -0.0108333 -0.001 -0.000189394 -0.000907258 -0.000110132
internal_weight=744 684 60 575 528 496 454
internal_count=744 684 60 575 528 496 454
is_linear=0
shrinkage=0.05


Tree=10
num_leaves=8
num_cat=0
split_feature=0 0 6 3 16 14 6
split_gain=2.6862 1.93525 2.72684 2.53972 1.73869 1.45491 2.47558
threshold=0.01282039248710254 -0.015348651580136373 -0.80531110485255075 -0.0026230234820375227 0.0038767446704857105 -0.030119880421319408 -1.1476501716918455
decision_type=2 2 2 2 2 2 2
left_child=1 3 5 -1 -4 -3 -7
right_child=-2 2 4 -5 -6 6 -8
leaf_value=2.8731325178353066e-05 -0.00014907523491358157 -0.00013960142721878294 9.3027945675621889e-06 -0.00044930170257356772 8.2846203701874432e-05 0.00014784271828960162 -7.0165610153766911e-05
leaf_weight=31 91 36 238 25 240 27 61
leaf_count=31 91 36 238 25 240 27 61
internal_value=0.000634179 0.00174772 0.00257475 -0.00714286 0.0042887 -0.00403226 -0.000568182
internal_weight=749 658 602 56 478 124 88
internal_count=749 658 602 56 478 124 88
is_linear=0
shrinkage=0.05


Tree=11
num_leaves=8
num_cat=0
split_feature=16 9 1 8 2 11 2
split_gain=2.41771 2.5179 2.45849 2.2851 2.47669 1.93367 2.42654
threshold=-0.0036164138937719854 0.25140810414880138 0.0018299460126859348 0.0064509537743739917 -0.032527673747154255 0.030023706466371539 0.010508979262261022
decision_type=2 8 2 10 2 2 2
left_child=3 5 -3 4 -1 6 -2
right_child=1 2 -4 -5 -6 -7 -8
leaf_value=-9.024854063001769e-05 1.2205360378176744e-05 6.7872899625374009e-05 -0.0001534291204269159 -0.00014439482580008868 8.2676781972162755e-05 -0.00010649355275518932 0.00011474349843682505
leaf_weight=104 154 46 76 92 66 51 158
leaf_count=104 154 46 76 92 66 51 158
internal_value=0.000435074 0.00252577 -0.00368852 -0.00343511 0 0.00461433 0.00608974
internal_weight=747 485 122 262 170 363 312
internal_count=747 485 122 262 170 363 312
is_linear=0
shrinkage=0.05


Tree=12
num_leaves=8
num_cat=0
split_feature=4 2 15 15 1 13 10
split_gain=2.98069 2.06812 1.92613 2.60312 2.0802 2.26667 1.73262
threshold=0.015745324620044788 -0.015910318374372897 0.0095711138801556368 0.0030933514814167622 0.0057147954078187188 16.095000267028812 -0.00025977690608347531
decision_type=2 2 2 2 2 2 2
left_child=1 -1 3 4 -3 -6 -2
right_child=6 2 -4 -5 5 -7 -8
leaf_value=-4.9267384432734061e-05 -7.5526770143152967e-05 0.00011933426757257696 0.00018404903465739787 -7.018688408140831e-05 -2.9319751215994363e-05 0.0001089152223968356 4.1484390698133188e-07
leaf_weight=56 175 58 33 66 51 34 261
leaf_count=56 175 58 33 66 51 34 261
internal_value=0.000340599 0.00419463 0.00619835 0.00442584 0.00821678 0.00323529 -0.00229358
internal_weight=734 298 242 209 143 85 436
internal_count=734 298 242 209 143 85 436
is_linear=0
shrinkage=0.05


Tree=13
num_leaves=8
num_cat=0
split_feature=16 8 10 5 0 6 7
split_gain=2.59115 2.13756 1.64116 1.63248 2.12121 1.51895 1.53533
threshold=-0.0036164138937719854 0.0064509537743739917 0.014365364117936543 0.011439265287648647 -0.0030920284019701478 -0.88663269734964667 0.052501157266576455
decision_type=2 10 2 2 2 2 2
left_child=1 3 5 -1 -5 -2 -7
right_child=2 -3 -4 4 -6 6 -8
leaf_value=5.9743015271920508e-05 -6.5514575322399296e-05 -0.00012662362086438835 8.0156098775455029e-05 -0.00024258686312188515 6.7065735705391976e-05 4.0832974537632841e-05 -0.00017693745702602795
leaf_weight=92 76 102 25 42 35 346 27
leaf_count=92 76 102 25 42 35 346 27
internal_value=0.000302013 -0.00359779 0.00253165 -0.000147929 -0.00551948 0.00183742 0.00315013
internal_weight=745 271 474 169 77 449 373
internal_count=745 271 474 169 77 449 373
is_linear=0
shrinkage=0.05


Tree=14
num_leaves=8
num_cat=0
split_feature=11 3 2 4 14 15 15
split_gain=2.53739 2.06618 2.71846 2.50077 1.89613 1.66543 2.84199
threshold=0.0025776305361616685 -0.0039395021977570157 -0.015910318374372897 0.015745324620044788 0.024414321868059811 0.0022019283354985934 0.0095711138801556368
decision_type=2 2 2 2 2 2 2
left_child=-1 -2 -3 5 -5 -4 -7
right_child=1 2 3 4 -6 6 -8
leaf_value=-5.1271736208875551e-05 5.9220828601907945e-05 -5.9258060969015827e-05 0.00013308076629727452 -0.0001081068443956059 0.00021134244038558127 -3.4750771950354697e-05 0.00016955065080418916
leaf_weight=309 56 105 65 74 26 58 26
leaf_count=309 56 105 65 74 26 58 26
internal_value=0.000104312 0.00268293 0.00127119 0.00411647 -0.002 0.00822148 0.00357143
internal_weight=719 410 354 249 100 149 84
internal_count=719 410 354 249 100 149 84
is_linear=0
shrinkage=0.05


Tree=15
num_leaves=8
num_cat=0
split_feature=5 11 3 3 3 2 11
split_gain=2.17198 1.4082 1.6 1.96872 1.2603 1.1376 1.44669
threshold=0.013286845096014957 0.0036681658206255689 0.004234411807952255 0.0014760356991057046 -0.0038231947383177141 -0.015910318374372897 0.017946069561085468
decision_type=2 2 2 2 2 2 2
left_child=1 -1 3 4 -3 -6 -7
right_child=-2 2 -4 -5 5 6 -8
leaf_value=-5.8820615969556844e-06 -9.7825923819880274e-05 6.8374304216291311e-05 -4.4836029365139717e-05 0.00012714705127340182 -6.5522300443034736e-05 -5.3602893685915887e-06 0.00011583010602940507
leaf_weight=265 185 28 48 76 40 69 32
leaf_count=265 185 28 48 76 40 69 32
internal_value=0.000235532 0.00179211 0.00418089 0.00581633 0.00281065 0.000886525 0.00371287
internal_weight=743 558 293 245 169 141 101
internal_count=743 558 293 245 169 141 101
is_linear=0
shrinkage=0.05


Tree=16
num_leaves=8
num_cat=0
split_feature=0 4 6 16 8 7 15
split_gain=2.68785 2.42548 2.76205 1.97719 2.02893 2.20612 1.7507
threshold=0.012480607007086532 0.022829436283404534 -0.89473020849533713 -0.0036164138937719854 -0.05609735123247566 -0.0038509597849354367 0.0031700647259681474
decision_type=2 2 2 2 10 2 2
left_child=1 2 6 -4 -5 -6 -1
right_child=-2 -3 3 4 5 -7 -8
leaf_value=9.7027683630088483e-06 -0.00011257515899693629 -0.00011063732473347948 -5.0197510950479284e-06 0.00013505843227032288 -5.5879585171079127e-06 9.1300797163956654e-05 -0.00015717137086167701
leaf_weight=50 100 136 152 27 71 187 34
leaf_count=50 100 136 152 27 71 187 34
internal_value=-0.000363276 0.000799087 0.00235125 0.00394737 0.00640351 0.00503876 -0.00595238
internal_weight=757 657 521 437 285 258 84
internal_count=757 657 521 437 285 258 84
is_linear=0
shrinkage=0.05


Tree=17
num_leaves=8
num_cat=0
split_feature=9 6 11 2 9 3 14
split_gain=1.49733 1.34778 1.70249 1.89452 2.08936 1.89574 1.60308
threshold=0.25140810414880138 -0.88140490618570655 0.00053834779161687784 0.057348891938973197 0.055403539210547199 0.0049447814609221439 -0.030119880421319408
decision_type=10 2 2 2 10 2 2
left_child=1 6 -3 4 5 -4 -1
right_child=-2 2 3 -5 -6 -7 -8
leaf_value=-0.00013461073769363346 -0.00025551506632750007 -2.2141347313766031e-05 4.0871223805260554e-05 0.00013335915329834298 -7.0315266650935104e-05 -0.00010796241308456126 -1.1483127218448732e-05
leaf_weight=33 45 223 244 50 43 37 71
leaf_count=33 45 223 244 50 43 37 71
internal_value=-0.000603217 -3.56633e-05 0.000879397 0.00294118 0.00154321 0.00311388 -0.00528846
internal_weight=746 701 597 374 324 281 104
internal_count=746 701 597 374 324 281 104
is_linear=0
shrinkage=0.05


Tree=18
num_leaves=8
num_cat=0
split_feature=0 10 10 13 11 11 6
split_gain=2.48993 2.05923 2.00348 1.52111 1.36128 1.35108 1.36833
threshold=0.012896061483293477 0.014365364117936543 0.0095076274836749537 24.385000228881839 -0.022672230022230119 0.0025776305361616685 -0.55289257196336483
decision_type=2 2 2 2 2 2 2
left_child=1 2 3 4 -1 -6 -7
right_child=-2 -3 -4 -5 5 6 -8
leaf_value=0.0001999284677839556 -8.2478818276792752e-05 4.6090420219227797e-05 -0.00012221322383313462 -0.00015453281536209338 -1.2979899784186944e-05 -4.3468579323823355e-06 6.4084748385465244e-05
leaf_weight=34 94 34 50 34 204 119 184
leaf_count=34 94 34 50 34 204 119 184
internal_value=0.000166003 0.0012519 0.0006 0.00143478 0.00207948 0.00142998 0.00354785
internal_weight=753 659 625 575 541 507 303
internal_count=753 659 625 575 541 507 303
is_linear=0
shrinkage=0.05


Tree=19
num_leaves=8
num_cat=0
split_feature=8 14 9 8 3 8 15
split_gain=1.75557 2.01719 1.91053 1.65691 1.63973 1.53154 1.38871
threshold=-0.078864982508210155 0.066707247335420675 0.21294572160660921 0.071892428508033582 -0.00027328369348822429 -0.0054004339979326068 -0.0026321414030196495
decision_type=8 2 10 10 2 10 2
left_child=4 2 3 6 -1 -3 -2
right_child=1 5 -4 -5 -6 -7 -8
leaf_value=-1.2800166029199814e-07 9.9018910726690601e-05 1.2784041464570726e-05 -7.0286598690112254e-05 0.00017500429943940917 -0.00013743462190437479 -0.00013072964965432562 7.3751801134719273e-06
leaf_weight=38 124 44 57 35 35 52 354
leaf_count=38 124 44 57 35 35 52 354
internal_value=0.000169147 0.000975976 0.00210526 0.00307018 -0.00719178 -0.00572917 0.00230126
internal_weight=739 666 570 513 73 96 478
internal_count=739 666 570 513 73 96 478
is_linear=0
shrinkage=0.05


Tree=20
num_leaves=8
num_cat=0
split_feature=5 3 9 0 5 2 0
split_gain=2.13235 1.59016 2.5139 2.32972 1.789 1.50261 1.62538
threshold=0.015401227763699652 -0.0042182865270525829 -0.023808585572027471 -0.012174162887722604 0.0073630599202341414 0.048469640678507904 0.0031793107217898968
decision_type=2 2 10 2 2 2 2
left_child=1 2 -1 -3 -5 6 -6
right_child=-2 3 -4 4 5 -7 -8
leaf_value=0.0001183971779097862 -0.00014772362788844457 -0.00028516960159304599 -5.3904967448629174e-05 0.00012445063409073184 1.9125963552190013e-05 6.3873266552665306e-05 -5.903865694835715e-05
leaf_weight=53 117 32 32 66 208 92 151
leaf_count=53 117 32 32 66 208 92 151
internal_value=0.000432756 0.00157729 0.00794118 0.000591985 0.00140232 0.000277162 -0.00118384
internal_weight=751 634 85 549 517 451 359
internal_count=751 634 85 549 517 451 359
is_linear=0
shrinkage=0.05


Tree=21
num_leaves=8
num_cat=0
split_feature=4 12 3 0 8 15 12
split_gain=2.83713 1.69197 1.50631 1.35145 3.08013 2.06544 1.42048
threshold=0.022829436283404534 -0.037333173257957868 0.0037273768511669751 -0.0064553909665675526 -0.053286609203238793 0.0016884759163597887 0.028151177986243673
decision_type=2 2 2 2 10 2 2
left_child=1 -1 3 4 -3 6 -6
right_child=-2 2 -4 -5 5 -7 -8
leaf_value=-8.1478948375476263e-05 -0.00014424683958731433 9.9109115635055082e-05 -3.5658742880783408e-05 6.0808757071047282e-05 -0.0002768797615546304 -0.0002271615675956035 3.4530300213903545e-05
leaf_weight=25 168 26 105 346 25 27 26
leaf_count=25 168 26 105 346 25 27 26
internal_value=6.68449e-05 0.00172414 0.0022973 0.00355556 -0.00144231 -0.00641026 -0.000490196
internal_weight=748 580 555 450 104 78 51
internal_count=748 580 555 450 104 78 51
is_linear=0
shrinkage=0.05


Tree=22
num_leaves=8
num_cat=0
split_feature=0 0 9 16 16 10 8
split_gain=2.16869 1.76142 1.47093 1.01859 1.71644 2.23868 1.71085
threshold=0.012896061483293477 -0.01449177036073118 -0.052755160951817807 -0.0036164138937719854 -0.00956845540318285 0.0027897371119552932 0.0040288519428871581
decision_type=2 2 10 2 2 2 10
left_child=1 2 -1 4 5 -3 -6
right_child=-2 3 -4 -5 6 -7 -8
leaf_value=3.1494949921758408e-06 -0.00012416472068089163 7.8111414930569055e-05 -0.00031636547790926114 3.3727695324575062e-05 -1.3741223129254237e-05 -0.00010061828249937069 -0.00018538439765523231
leaf_weight=27 86 115 34 385 31 36 28
leaf_count=27 86 115 34 385 31 36 28
internal_value=-0.000673854 0.000304878 -0.00778689 0.00113445 -0.00166667 0.00115894 -0.00889831
internal_weight=742 656 61 595 210 151 59
internal_count=742 656 61 595 210 151 59
is_linear=0
shrinkage=0.05


Tree=23
num_leaves=8
num_cat=0
split_feature=5 3 12 5 5 9 2
split_gain=3.04042 2.25053 2.21092 1.74262 2.13038 1.86675 1.53717
threshold=0.0075902222661947431 -0.004087179033094023 0.021751379698535137 0.012687449533475567 0.01188123881780858 -0.067842127096852986 -0.036826132856170472
decision_type=2 2 2 2 2 8 2
left_child=-1 2 -2 4 6 -5 -3
right_child=1 3 -4 5 -6 -7 -8
leaf_value=9.1512696122047051e-05 -2.4098992280699189e-06 -0.00012138081599656621 6.2815803670702525e-05 1.1311369443228618e-05 0.00014795939034058749 -0.00021614473881193436 2.5079775038021942e-06
leaf_weight=94 60 69 37 71 46 125 249
leaf_count=94 60 69 37 71 46 125 249
internal_value=9.98668e-05 -0.0011035 0.00592784 -0.00232143 -0.000274725 -0.00612245 -0.00172956
internal_weight=751 657 97 560 364 196 318
internal_count=751 657 97 560 364 196 318
is_linear=0
shrinkage=0.05


Tree=24
num_leaves=8
num_cat=0
split_feature=4 0 6 6 0 3 5
split_gain=2.32501 1.58335 1.5895 2.8865 2.14243 1.59829 1.22737
threshold=0.022829436283404534 0.012480607007086532 -0.58661391161047349 -0.21710660363955653 -0.0011549561756813984 -0.0011071843925511968 0.011973801732053419
decision_type=2 2 2 2 2 2 2
left_child=1 2 4 6 -1 -6 -4
right_child=-2 -3 3 -5 5 -7 -8
leaf_value=-0.00010667822052916132 -0.00011836988894715329 -4.8220949798045629e-05 7.3649445118118754e-05 2.7587250083991635e-06 8.5727074221917418e-05 -8.8146702049745703e-06 0.00012503409792983478
leaf_weight=62 166 65 118 205 34 72 27
leaf_count=62 166 65 118 205 34 72 27
internal_value=0.000100134 0.00158662 0.00250965 0.00442857 -0.0014881 0.00283019 0.00982759
internal_weight=749 583 518 350 168 106 145
internal_count=749 583 518 350 168 106 145
is_linear=0
shrinkage=0.05


Tree=25
num_leaves=8
num_cat=0
split_feature=0 10 5 9 8 7 2
split_gain=1.90512 1.43933 1.67246 2.65716 1.73513 1.77571 1.69761
threshold=0.012480607007086532 0.014365364117936543 0.011085562313967932 -0.043092630141143055 -0.0023573274797539785 -0.039220253716935653 0.057348891938973197
decision_type=2 2 2 10 8 2 2
left_child=1 2 -1 4 5 -4 -5
right_child=-2 -3 3 6 -6 -7 -8
leaf_value=4.3780212380406614e-05 -6.6097388586526361e-05 4.414522396958957e-05 -1.6434754888650442e-05 -0.0001954656954900427 -8.4420815453009352e-05 0.00016534843766700242 8.9762965816130165e-06
leaf_weight=349 100 28 26 122 37 47 48
leaf_count=349 100 28 26 122 37 47 48
internal_value=0.000429326 0.00140791 0.000914149 -0.00196429 0.00409091 0.00856164 -0.00588235
internal_weight=757 657 629 280 110 73 170
internal_count=757 657 629 280 110 73 170
is_linear=0
shrinkage=0.05


Tree=26
num_leaves=8
num_cat=0
split_feature=16 10 15 3 13 13 8
split_gain=1.74092 2.26976 2.57398 1.73654 1.62519 2.0369 1.58982
threshold=-0.0036164138937719854 0.013844787315234976 0.0022019283354985934 -0.0021091936938665841 14.570000171661379 18.595000267028812 0.0077781778278027689
decision_type=2 2 2 2 2 2 10
left_child=3 2 4 -1 -2 -6 -5
right_child=1 -3 -4 6 5 -7 -8
leaf_value=2.3190220877885358e-05 0.00012350518202576527 7.4146364876160567e-05 -1.5533804476156977e-05 -3.3700369065322194e-05 -2.1286578176839874e-06 8.9054069704770999e-05 -0.00011099892431430592
leaf_weight=81 71 25 228 111 107 39 75
leaf_count=81 71 25 228 111 107 39 75
internal_value=0.00050882 0.00234043 0.00151685 -0.00271536 0.00541475 0.00239726 -0.00537634
internal_weight=737 470 445 267 217 146 186
internal_count=737 470 445 267 217 146 186
is_linear=0
shrinkage=0.05


Tree=27
num_leaves=8
num_cat=0
split_feature=0 10 10 10 2 12 5
split_gain=1.76455 1.86704 2.02433 2.35794 1.89207 1.68242 1.86116
threshold=0.013086685952742651 0.014365364117936543 -0.0012922335739780075 -0.00038722571471944128 0.067696630185323473 0.0011335469917099774 0.012633014466511853
decision_type=2 2 2 2 2 2 2
left_child=1 2 5 -4 -5 -1 -7
right_child=-2 -3 3 4 -6 6 -8
leaf_value=-2.2917426752786701e-05 -9.1950397433075151e-05 2.6866620491744814e-05 -0.00014828476302948727 -3.4211930688043873e-05 8.3962485118657939e-05 0.00010940669770403932 -8.5397360755243907e-06
leaf_weight=103 88 32 25 315 43 102 41
leaf_count=103 88 32 25 315 43 102 41
internal_value=-0.000166889 0.000718608 0.000119237 -0.00215405 -0.00111732 0.00365854 0.00716783
internal_weight=749 661 629 383 358 246 143
internal_count=749 661 629 383 358 246 143
is_linear=0
shrinkage=0.05


Tree=28
num_leaves=8
num_cat=0
split_feature=4 11 1 11 12 5 13
split_gain=1.85087 1.35536 1.67789 2.50216 1.57146 1.30552 1.55173
threshold=0.015712820312770312 0.0058629709615137813 0.0064682006715532933 -0.0040062881878700765 0.015576171273286367 0.0097545481936205398 25.505000114440922
decision_type=2 2 2 2 2 2 2
left_child=1 2 -1 -4 -3 -2 -7
right_child=5 4 3 -5 -6 6 -8
leaf_value=0.00011508574926171052 -0.00014593781068642154 -6.5760564257767896e-06 6.0543178692644591e-06 -0.00010456244571235146 8.420281493880496e-05 4.3210192662325453e-07 -0.00042469890330413336
leaf_weight=86 27 28 33 42 120 398 30
leaf_count=86 27 28 33 42 120 398 30
internal_value=0.00065445 0.00364078 0.000465839 -0.005 0.00709459 -0.00137363 -0.000700935
internal_weight=764 309 161 75 148 455 428
internal_count=764 309 161 75 148 455 428
is_linear=0
shrinkage=0.05


Tree=29
num_leaves=8
num_cat=0
split_feature=4 5 16 1 13 14 0
split_gain=2.93073 1.80996 1.87045 2.71321 2.02392 1.78048 1.7172
threshold=0.012144755468333083 0.0085324305927225157 -0.0065187610014357236 0.0015351071591355183 16.73499965667725 0.016378333086022993 0.0070225733239567276
decision_type=2 2 2 2 2 2 2
left_child=-1 -2 -3 6 5 -5 -4
right_child=1 2 3 4 -6 -7 -8
leaf_value=0.00010540635963432453 -4.3440556086832111e-05 -8.4110919032007078e-05 2.5510650483039491e-05 -5.3307502182629956e-06 -0.00010153366266420086 0.0001716393357794848 0.00018955220519993425
leaf_weight=100 57 194 134 81 97 30 39
leaf_count=100 57 194 134 81 97 30 39
internal_value=0.000546448 -0.000712025 0.000130435 0.00216535 -0.00168269 0.00292793 0.00679191
internal_weight=732 632 575 381 208 111 173
internal_count=732 632 575 381 208 111 173
is_linear=0
shrinkage=0.05


Tree=30
num_leaves=8
num_cat=0
split_feature=16 3 1 15 8 1 15
split_gain=1.1777 1.91004 1.80938 1.69834 1.6295 2.12403 1.56553
threshold=-0.0021399131360751995 -0.0021091936938665841 0.023165678010149796 -0.0059311415461599784 0.0053227273029813347 -0.01052588671837512 -0.00022037558213661154
decision_type=2 2 2 2 10 2 2
left_child=1 3 4 -1 5 -3 -5
right_child=-2 2 -4 6 -6 -7 -8
leaf_value=-4.0335147528537353e-05 1.8780786020928219e-05 -0.00012212311933400426 6.5010925633427534e-05 8.6413947876208541e-05 -0.00011175154138168419 6.9279043663079295e-05 3.4481519855148177e-05
leaf_weight=34 455 59 26 25 65 46 28
leaf_count=34 455 59 26 25 65 46 28
internal_value=0.000677507 -0.00185512 -0.00459184 0.00431034 -0.00647059 -0.00261905 0.00990566
internal_weight=738 283 196 87 170 105 53
internal_count=738 283 196 87 170 105 53
is_linear=0
shrinkage=0.05


Tree=31
num_leaves=8
num_cat=0
split_feature=10 10 3 15 1 13 9
split_gain=1.77889 2.4769 1.48966 1.63082 1.73234 1.5967 1.86681
threshold=0.014365364117936543 0.0095076274836749537 -0.0034142457729827709 0.0070500479129206326 0.0077514242349240323 16.32499980926514 -0.052755160951817807
decision_type=2 2 2 2 2 2 10
left_child=1 2 5 -4 -5 -1 -7
right_child=-2 -3 3 4 -6 6 -8
leaf_value=8.6484686353764751e-05 3.9773866315698499e-05 -0.00015304908170125095 -1.3180940429335411e-05 0.00011655872526310424 -2.1571493651507612e-05 7.2914953126703919e-05 -8.6339519476400916e-05
leaf_weight=43 36 60 435 47 41 40 36
leaf_count=43 36 60 435 47 41 40 36
internal_value=0.000271003 -0.0002849 0.000623053 -0.000525813 0.00568182 0.00567227 0.00131579
internal_weight=738 702 642 523 88 119 76
internal_count=738 702 642 523 88 119 76
is_linear=0
shrinkage=0.05


Tree=32
num_leaves=8
num_cat=0
split_feature=4 15 15 16 16 6 15
split_gain=1.72695 1.752 2.60857 1.46318 1.49902 1.28762 1.09691
threshold=0.015712820312770312 0.0095711138801556368 0.00080252735093122596 0.0038767446704857105 -0.009004825046510288 -0.50513195945723799 -0.011298995442553359
decision_type=2 2 2 2 2 2 2
left_child=1 2 3 4 -1 -5 -2
right_child=6 -3 -4 5 -6 -7 -8
leaf_value=7.8323889334307832e-05 -0.0001317595698026065 8.7879170136797015e-05 -3.799632026738355e-05 2.1134358089164828e-05 -6.0953803847507361e-05 0.00011240244438614615 -5.7270996411024762e-06
leaf_weight=51 55 43 112 25 41 35 389
leaf_count=51 55 43 112 25 41 35 389
internal_value=-3.32889e-05 0.00285016 0.00132576 0.00559211 0.00163043 0.0116667 -0.00202703
internal_weight=751 307 264 152 92 60 444
internal_count=751 307 264 152 92 60 444
is_linear=0
shrinkage=0.05


Tree=33
num_leaves=8
num_cat=0
split_feature=4 12 9 5 9 12 2
split_gain=1.9021 1.82649 1.99594 2.3373 1.80877 1.88328 1.51764
threshold=0.015712820312770312 0.057873596393828615 0.20602236419678102 0.010264155065549252 0.17641913178315263 0.030501708894694394 -0.015910318374372897
decision_type=2 2 10 2 8 2 2
left_child=6 2 3 -2 5 -5 -1
right_child=1 -3 -4 4 -6 -7 -8
leaf_value=-2.8086406081111877e-05 -8.4416287418910123e-05 -0.00027836258767143744 -0.000209879023189843 -1.317627401521684e-05 0.00015323928270493683 3.6837429541990633e-05 4.3425139726623174e-05
leaf_weight=55 57 44 62 182 43 54 251
leaf_count=55 57 44 62 182 43 54 251
internal_value=0.00040107 -0.00169683 -0.000628141 0.000892857 0.00277778 0.00105932 0.00343137
internal_weight=748 442 398 336 279 236 306
internal_count=748 442 398 336 279 236 306
is_linear=0
shrinkage=0.05


end of trees

feature_importances:
ret_1d=25
dist_ma50=19
overnight_gap=18
parkinson_20=18
ret_20d=17
spy_ret_1d=16
atr_pct=15
dist_ma200=15
sector_ret_1d=14
dvol_z_20=13
spy_ret_20d=13
sector_ret_5d=13
vix_level=11
spy_ret_5d=10
vix_chg_1d=9
ret_5d=7
dist_ma20=5

parameters:
[boosting: gbdt]
[objective: quantile]
[metric: quantile]
[tree_learner: serial]
[device_type: cpu]
[data_sample_strategy: bagging]
[data: ]
[valid: ]
[num_iterations: 80]
[learning_rate: 0.05]
[num_leaves: 8]
[num_threads: 1]
[seed: 0]
[deterministic: 0]
[force_col_wise: 1]
[force_row_wise: 0]
[histogram_pool_size: -1]
[max_depth: -1]
[min_data_in_leaf: 25]
[min_sum_hessian_in_leaf: 0.001]
[bagging_fraction: 0.9]
[pos_bagging_fraction: 1]
[neg_bagging_fraction: 1]
[bagging_freq: 1]
[bagging_seed: 3]
[bagging_by_query: 0]
[feature_fraction: 0.9]
[feature_fraction_bynode: 1]
[feature_fraction_seed: 2]
[extra_trees: 0]
[extra_seed: 6]
[early_stopping_round: 0]
[early_stopping_min_delta: 0]
[first_metric_only: 0]
[max_delta_step: 0]
[lambda_l1: 0]
[lambda_l2: 0]
[linear_lambda: 0]
[min_gain_to_split: 0]
[drop_rate: 0.1]
[max_drop: 50]
[skip_drop: 0.5]
[xgboost_dart_mode: 0]
[uniform_drop: 0]
[drop_seed: 4]
[top_rate: 0.2]
[other_rate: 0.1]
[min_data_per_group: 100]
[max_cat_threshold: 32]
[cat_l2: 10]
[cat_smooth: 10]
[max_cat_to_onehot: 4]
[top_k: 20]
[monotone_constraints: ]
[monotone_constraints_method: basic]
[monotone_penalty: 0]
[feature_contri: ]
[forcedsplits_filename: ]
[refit_decay_rate: 0.9]
[cegb_tradeoff: 1]
[cegb_penalty_split: 0]
[cegb_penalty_feature_lazy: ]
[cegb_penalty_feature_coupled: ]
[path_smooth: 0]
[interaction_constraints: ]
[verbosity: -1]
[saved_feature_importance_type: 0]
[use_quantized_grad: 0]
[num_grad_quant_bins: 4]
[quant_train_renew_leaf: 0]
[stochastic_rounding: 1]
[linear_tree: 0]
[max_bin: 255]
[max_bin_by_feature: ]
[min_data_in_bin: 3]
[bin_construct_sample_cnt: 200000]
[data_random_seed: 1]
[is_enable_sparse: 1]
[enable_bundle: 1]
[use_missing: 1]
[zero_as_missing: 0]
[feature_pre_filter: 1]
[pre_partition: 0]
[two_round: 0]
[header: 0]
[label_column: ]
[weight_column: ]
[group_column: ]
[ignore_column: ]
[categorical_feature: ]
[forcedbins_filename: ]
[precise_float_parser: 0]
[parser_config_file: ]
[objective_seed: 5]
[num_class: 1]
[is_unbalance: 0]
[scale_pos_weight: 1]
[sigmoid: 1]
[boost_from_average: 1]
[reg_sqrt: 0]
[alpha: 0.5]
[fair_c: 1]
[poisson_max_delta_step: 0.7]
[tweedie_variance_power: 1.5]
[lambdarank_truncation_level: 30]
[lambdarank_norm: 1]
[label_gain: ]
[lambdarank_position_bias_regularization: 0]
[eval_at: ]
[multi_error_top_k: 1]
[auc_mu_weights: ]
[num_machines: 1]
[local_listen_port: 12400]
[time_out: 120]
[machine_list_filename: ]
[machines: ]
[gpu_platform_id: -1]
[gpu_device_id: -1]
[gpu_device_id_list: ]
[gpu_use_dp: 0]
[num_gpu: 1]

end of parameters

pandas_categorical:[]
