tree
version=v4
num_class=1
num_tree_per_iteration=1
label_index=0
max_feature_idx=16
objective=quantile
feature_names=ret_1d ret_5d ret_20d overnight_gap atr_pct parkinson_20 dvol_z_20 dist_ma20 dist_ma50 dist_ma200 spy_ret_1d spy_ret_5d spy_ret_20d vix_level vix_chg_1d sector_ret_1d sector_ret_5d
feature_infos=[-0.13429743504744551:0.083317861121425807] [-0.13389886892880898:0.11901375059269803] [-0.16701159748525907:0.177080388276317] [-0.14577549413665936:0.064348728593669025] [0.012206815558209818:0.044116550210697811] [0.0079669266033703789:0.027763003259132807] [-2.3541570747522296:4.0623941455936103] [-0.10707602844229491:0.11292669067004324] [-0.12341979693846183:0.15130038402697576] [-0.11305670333846118:0.1478451412714028] [-0.058542947643003718:0.10501933612632941] [-0.11496158439845272:0.082843216242346029] [-0.12265592443394913:0.15756596870864792] [11.859999656677246:52.330001831054688] [-0.35753873962348437:0.74039073966007019] [-0.054845245580940394:0.043465182734245822] [-0.079035682487500813:0.068782287822878097]
tree_sizes=847 859 858 857 856 866 863 854 853 853 862 862 856 859 858 860 859 860 863 857 867 864 861 856 866 864 864 854 857 854 850 851 850

Tree=0
num_leaves=8
num_cat=0
split_feature=4 7 12 14 10 10 13
split_gain=3.56704 2.54127 2.61154 2.7117 2.12202 1.7287 1.44979
threshold=0.027493518249132279 0.04097902814612598 -0.038043890036369758 0.083812216488613714 0.00048358737476139618 0.0063549494884102007 13.414999961853029
decision_type=2 2 2 2 2 2 2
left_child=1 2 -1 6 -3 -2 -4
right_child=5 4 3 -5 -6 -7 -8
leaf_value=-0.0082237560302019126 -0.0082319279899820685 -0.0082793672569096092 -0.0078693309216760106 -0.0078177913092076778 -0.0079761430737562474 -0.0079702439950779073 -0.0079667715821415182
leaf_weight=40 68 26 88 51 32 26 419
leaf_count=40 68 26 88 51 32 26 419
internal_value=-0.00791256 -0.00660728 -0.00563809 -0.00475342 -0.0165999 -0.0170218 -0.00585891
internal_weight=750 656 598 558 58 94 507
internal_count=750 656 598 558 58 94 507
is_linear=0
shrinkage=1


Tree=1
num_leaves=8
num_cat=0
split_feature=1 5 3 4 1 11 0
split_gain=2.67756 2.44622 3.00187 2.70464 1.81123 2.40048 1.77511
threshold=0.03198790164767485 0.016385747625183193 0.00089450967035464856 0.020872527325527586 0.00774926412882715 0.0091428951508856233 -0.011669389532173722
decision_type=2 2 2 2 2 2 2
left_child=1 2 6 4 -4 -6 -1
right_child=-2 -3 3 -5 5 -7 -8
leaf_value=-4.6949350507929925e-05 -0.00021121943573234605 -0.00014331860496895389 -0.00019146923441439869 0.00011193363810889424 -0.00018588030477985741 0.00015953459020238373 9.1246205847710365e-05
leaf_weight=62 88 104 95 64 25 35 261
leaf_count=62 88 104 95 64 25 35 261
internal_value=-0.000340599 0.000773994 0.00212177 -0.00239726 -0.00596774 0.000833333 0.00518576
internal_weight=734 646 542 219 155 60 323
internal_count=734 646 542 219 155 60 323
is_linear=0
shrinkage=0.05


Tree=2
num_leaves=8
num_cat=0
split_feature=0 0 3 5 7 3 6
split_gain=2.66584 2.95742 2.30548 2.32966 1.79941 2.52464 1.90604
threshold=0.0086453169482025877 -0.002857994264238994 0.00094023890126315745 0.013968018051132377 -0.0030923224583725424 -0.0020456180570662115 -0.17153594655038609
decision_type=2 2 2 2 2 2 2
left_child=1 2 3 4 5 -1 -6
right_child=-2 -3 -4 -5 6 -7 -8
leaf_value=2.9369427677011091e-05 -0.00013044444851402658 6.5914768492802983e-05 -0.00017350678041111673 -0.00015025842968316287 5.1109352265484633e-05 0.00015571424650261177 -8.1596757227089296e-05
leaf_weight=50 166 291 81 72 33 31 25
leaf_count=50 166 291 81 72 33 31 25
internal_value=-0.000433912 0.0011578 -0.00239726 0.00035545 0.00413669 0.00895062 -0.00258621
internal_weight=749 583 292 211 139 81 58
internal_count=749 583 292 211 139 81 58
is_linear=0
shrinkage=0.05


Tree=3
num_leaves=8
num_cat=0
split_feature=1 8 8 9 6 1 16
split_gain=2.64772 2.36724 3.1399 2.12586 2.22442 2.41855 2.33988
threshold=0.03198790164767485 0.0042664466632383888 -0.012345416516731265 0.026099415677420582 0.19633488744376368 -0.013249874504586366 -0.0072842105928681558
decision_type=2 10 8 8 2 2 2
left_child=1 2 -1 -3 5 -5 -7
right_child=-2 3 -4 4 -6 6 -8
leaf_value=1.4799818880419438e-05 -0.00019683967275705073 0.00021033570277213589 -0.00020820396141934912 -0.00016604272326439969 -8.0562411963910595e-05 0.00021305744706478434 5.5210572376381651e-05
leaf_weight=305 87 42 84 26 62 29 108
leaf_count=305 87 42 84 26 62 29 108
internal_value=0.000437416 0.00152439 -0.00096401 0.00514981 0.00322222 0.00628834 0.00894161
internal_weight=743 656 389 267 225 163 137
internal_count=743 656 389 267 225 163 137
is_linear=0
shrinkage=0.05


Tree=4
num_leaves=8
num_cat=0
split_feature=1 12 3 8 8 8 7
split_gain=2.31168 2.17732 1.56734 2.10532 2.61227 2.42127 2.30769
threshold=0.032661021033717715 -0.016111224789670416 0.0017156096164504533 0.0042664466632383888 -0.017756467679241602 0.054747456545955593 0.010021147769296747
decision_type=2 2 2 8 10 8 2
left_child=1 -1 -3 4 -4 6 -5
right_child=-2 2 3 5 -6 -7 -8
leaf_value=-0.00010211262425345926 -0.00016469574499151349 6.2449811572696563e-05 -1.397813120947826e-05 -0.00010517073731325586 -0.00033099969165723453 -5.8780583664629292e-05 0.00022709069710006593
leaf_weight=132 82 356 55 26 27 29 39
leaf_count=132 82 356 55 26 27 29 39
internal_value=0.000603217 0.00158133 0.00300752 -0.000852273 -0.00670732 0.00425532 0.00961538
internal_weight=746 664 532 176 82 94 65
internal_count=746 664 532 176 82 94 65
is_linear=0
shrinkage=0.05


Tree=5
num_leaves=8
num_cat=0
split_feature=12 15 15 0 15 0 14
split_gain=2.21167 2.60833 2.40321 2.27408 2.38685 3.44884 2.66163
threshold=-0.038043890036369758 0.015689988774666212 0.0049662763405770036 0.0095410582657718974 -0.0042736632101708629 0.0025133375519112993 -0.015515001009757
decision_type=2 2 2 2 2 2 2
left_child=-1 2 3 4 -2 -6 -7
right_child=1 -3 -4 -5 5 6 -8
leaf_value=-0.00022318396074486369 8.5453653501017525e-05 -0.00018612533278485898 0.00013837400004155823 -0.00018904869177639746 -7.5650830370620553e-05 -0.00015511841052078123 0.00014950413997227776
leaf_weight=60 164 25 157 63 178 38 52
leaf_count=60 164 25 157 63 178 38 52
internal_value=3.39213e-05 0.000849335 0.00145706 -0.000252525 0.00104167 -0.00186567 0.00611111
internal_weight=737 677 652 495 432 268 90
internal_count=737 677 652 495 432 268 90
is_linear=0
shrinkage=0.05


Tree=6
num_leaves=8
num_cat=0
split_feature=15 15 0 13 15 11 12
split_gain=2.46482 2.61964 3.35618 3.25207 2.33724 1.74935 1.66091
threshold=0.014896255541842819 0.0033962388837618378 0.0086453169482025877 13.605000019073488 0.0022457161598222757 0.020333032872676963 -0.039191737143437648
decision_type=2 2 2 2 2 2 2
left_child=1 2 4 -3 6 -5 -1
right_child=-2 3 -4 5 -6 -7 -8
leaf_value=-0.00033437531195825245 -0.00018661511367063074 0.00017248931898611005 -0.00019887802685746516 3.7190781021586045e-06 -0.00023030178434060839 0.00016702616973410879 1.9566837963336942e-05
leaf_weight=37 28 35 62 154 27 39 364
leaf_count=37 28 35 62 154 27 39 364
internal_value=0.000268097 0.000835655 -0.00122449 0.00526316 0.000350467 0.00272021 0.00130923
internal_weight=746 718 490 228 428 193 401
internal_count=746 718 490 228 428 193 401
is_linear=0
shrinkage=0.05


Tree=7
num_leaves=8
num_cat=0
split_feature=4 11 6 10 2 2 9
split_gain=2.21962 2.01967 1.74953 1.51515 1.39687 1.57712 1.69233
threshold=0.027493518249132279 -0.0084964938619227475 0.5723389516785059 0.0024545687123636033 -0.033961398767544608 -0.0078458535000694423 0.099470872514701228
decision_type=2 2 2 2 2 2 8
left_child=2 -2 -1 -3 -4 -6 -7
right_child=1 3 4 -5 5 6 -8
leaf_value=3.0678407659325439e-05 -0.00028815678444446758 -9.0305431360973671e-05 6.0545451251964137e-05 3.4838225677756228e-05 -0.00051466029608316711 5.1077850991299766e-05 -0.00016012587954684798
leaf_weight=498 29 33 41 33 26 46 39
leaf_count=498 29 33 41 33 26 46 39
internal_value=3.3557e-05 -0.00710526 0.00107692 -0.00227273 -0.00361842 -0.00653153 -0.00323529
internal_weight=745 95 650 66 152 111 85
internal_count=745 95 650 66 152 111 85
is_linear=0
shrinkage=0.05


Tree=8
num_leaves=8
num_cat=0
split_feature=1 3 3 7 3 0 14
split_gain=3.14281 2.24424 2.05124 2.43472 2.16139 1.80447 2.00739
threshold=0.035798678486635323 0.0019622312498102095 0.001672053296902787 -0.0082644612622791418 0.0032725410047635965 -0.020530712357765598 0.083812216488613714
decision_type=2 2 2 2 2 2 2
left_child=2 -2 5 -4 -5 -1 -7
right_child=1 -3 3 4 -6 6 -8
leaf_value=-0.00017441681440181686 -0.00030519271638358513 3.6702298289457806e-05 -0.00012760489643860794 -0.00011526956964372096 7.7997872047719401e-05 3.4744435875075275e-05 0.00017247829038244671
leaf_weight=34 42 33 86 43 104 375 47
leaf_count=34 42 33 86 43 104 375 47
internal_value=0.000719895 -0.009 0.00177794 -0.00203863 0.00187075 0.00372807 0.00462085
internal_weight=764 75 689 233 147 456 422
internal_count=764 75 689 233 147 456 422
is_linear=0
shrinkage=0.05


Tree=9
num_leaves=8
num_cat=0
split_feature=0 5 6 3 15 4 5
split_gain=2.54153 1.64425 2.0338 2.22482 2.3889 1.70523 2.19146
threshold=-0.023720036012384035 0.01716332902776585 -0.66786467549426465 0.0041182546682002616 0.0036684506851046854 0.016275867327248405 0.013366254784251871
decision_type=2 2 2 2 2 2 2
left_child=-1 2 -2 5 -5 -4 -7
right_child=1 -3 3 4 -6 6 -8
leaf_value=-0.00022769588219119787 7.5576928700597147e-05 -9.5289290567645779e-05 -2.5697426104632096e-05 -0.0002183857382088122 2.5954764144966158e-05 7.3037258129191645e-05 -9.8225789890059924e-05
leaf_weight=25 177 84 70 50 38 206 94
leaf_count=25 177 84 70 50 38 206 94
internal_value=0.000672043 0.00121697 0.00208661 0.000327511 -0.00681818 0.00202703 0.00366667
internal_weight=744 719 635 458 88 370 300
internal_count=744 719 635 458 88 370 300
is_linear=0
shrinkage=0.05


Tree=10
num_leaves=8
num_cat=0
split_feature=1 3 8 3 6 5 1
split_gain=2.62461 2.19094 2.08687 2.00571 2.79556 2.36639 2.54631
threshold=0.035798678486635323 0.0017156096164504533 -0.086401822279132165 0.0018281368430415059 -0.23908867096683337 0.012601897551950318 0.0081624956449366532
decision_type=2 2 10 2 2 2 2
left_child=2 -2 -1 5 -5 -4 -7
right_child=1 -3 3 4 -6 6 -8
leaf_value=-0.00031191843137691363 -0.000316568365654625 3.1215320468525305e-05 8.0868318665099949e-05 2.0519672100181591e-05 -0.00019115784608441795 -8.1835780855167139e-05 0.00017869030425046834
leaf_weight=35 38 31 231 121 101 141 51
leaf_count=35 38 31 231 121 101 141 51
internal_value=0.000233645 -0.00905797 0.00117647 0.00182171 -0.00202703 0.00384161 -0.000260417
internal_weight=749 69 680 645 222 423 192
internal_count=749 69 680 645 222 423 192
is_linear=0
shrinkage=0.05


Tree=11
num_leaves=8
num_cat=0
split_feature=12 6 7 6 15 14 5
split_gain=2.3094 2.13868 1.89148 1.83481 1.3545 1.31438 1.45533
threshold=-0.038043890036369758 -0.66786467549426465 0.041752373848534925 -0.5911779777058751 -0.0031090162344640788 0.080638292039736062 0.013435460068214828
decision_type=2 2 2 2 2 2 2
left_child=4 -2 3 -3 -1 6 -5
right_child=1 2 -4 5 -6 -7 -8
leaf_value=-0.00033657352296445077 7.0608248679312276e-05 -0.00011736970992701397 -0.00012628069366039775 3.0248669453298131e-05 -0.00011606659398667301 0.00010323014654196567 -9.712700437902013e-05
leaf_weight=27 180 30 55 275 36 42 102
leaf_count=27 180 30 55 275 36 42 102
internal_value=3.34672e-05 0.000877193 -0.000793651 0.000278396 -0.00912698 0.00113365 0.000198939
internal_weight=747 684 504 449 63 419 377
internal_count=747 684 504 449 63 419 377
is_linear=0
shrinkage=0.05


Tree=12
num_leaves=8
num_cat=0
split_feature=11 1 4 3 5 9 4
split_gain=2.72077 2.59147 2.36034 2.63978 1.95973 2.0119 1.59197
threshold=0.021151799211171721 0.035798678486635323 0.027493518249132279 0.0012938875870431856 0.013031015163427263 0.017314599383636001 0.029275834407035985
decision_type=2 2 2 2 2 8 2
left_child=1 2 3 -1 -5 -6 -4
right_child=-2 -3 6 4 5 -7 -8
leaf_value=6.2497338164538724e-05 0.00012232517302617285 -0.00024394776014026055 -0.00020456552187377038 -0.00010046485435873513 0.00013711932514398622 -6.483609878750819e-05 -8.127440424637442e-05
leaf_weight=335 110 44 25 124 27 36 33
leaf_count=335 110 44 25 124 27 36 33
internal_value=0.000476839 -0.000801282 8.62069e-05 0.00114943 -0.00360963 0.00357143 -0.00948276
internal_weight=734 624 580 522 187 63 58
internal_count=734 624 580 522 187 63 58
is_linear=0
shrinkage=0.05


Tree=13
num_leaves=8
num_cat=0
split_feature=8 8 5 4 5 1 10
split_gain=2.50132 2.54528 2.15962 2.41515 2.31044 2.09731 1.99863
threshold=0.048957681373827062 0.023779733270476781 0.014148914950787201 0.020612326151651376 0.012449933514618775 0.033135473970267511 0.0075491306904977859
decision_type=8 10 2 2 2 2 2
left_child=1 2 3 4 6 -3 -1
right_child=-2 5 -4 -5 -6 -7 -8
leaf_value=-5.4690641136150285e-06 -6.3374960096934579e-05 0.00014599829983813657 -0.00013058030233877946 0.0001581839029337862 -0.00016400707495339026 -0.00016937626557668754 0.00024665882047374523
leaf_weight=177 157 98 114 85 53 25 36
leaf_count=177 157 98 114 85 53 25 36
internal_value=3.3557e-05 0.00153061 -0.00016129 0.00178063 -0.00056391 0.00792683 0.00176056
internal_weight=745 588 465 351 266 123 213
internal_count=745 588 465 351 266 123 213
is_linear=0
shrinkage=0.05


Tree=14
num_leaves=8
num_cat=0
split_feature=13 15 6 7 8 13 13
split_gain=2.2329 2.71801 3.04687 2.11637 2.10459 2.09976 1.59818
threshold=17.164999961853031 0.0036054599352366439 0.54779807462249752 -0.029235244063485263 0.064958164397665455 16.095000267028812 17.530000686645511
decision_type=2 2 2 2 8 2 2
left_child=1 3 -3 -1 6 -5 -2
right_child=4 2 -4 5 -6 -7 -8
leaf_value=9.2522828156985662e-05 -0.00018209979615711492 0.00014889459198643145 -6.8042337489560356e-05 -2.0287686072107238e-05 -0.00017304622236738226 0.00011436177580584049 5.0786726228256066e-06
leaf_weight=37 32 103 37 179 52 58 221
leaf_count=37 32 103 37 179 52 58 221
internal_value=0.000869263 0.00326087 0.00892857 0.000364964 -0.00237705 -0.00137131 -0.000494071
internal_weight=719 414 140 274 305 237 253
internal_count=719 414 140 274 305 237 253
is_linear=0
shrinkage=0.05


Tree=15
num_leaves=8
num_cat=0
split_feature=1 1 16 16 8 15 3
split_gain=1.68254 1.91384 2.08 2.12397 2.20586 1.95585 1.95316
threshold=0.03468764348534404 0.0046473725554404552 0.017979046424714044 0.011200036639575474 0.051809443672352191 0.0081357429733047732 -0.0069649241865578628
decision_type=2 2 2 2 8 2 2
left_child=1 2 3 4 6 -3 -1
right_child=-2 5 -4 -5 -6 -7 -8
leaf_value=-0.00029397430215249277 -0.00012879737109573923 9.7132436532414076e-05 -0.00019321318811889743 0.00013206342066519701 -0.00014735320988440393 -0.00010314054351073348 1.885887331614161e-05
leaf_weight=33 75 200 28 34 45 41 287
leaf_count=33 75 200 28 34 45 41 287
internal_value=0.000100942 0.000898204 -0.00111241 -0.00018797 -0.00130137 0.00446058 0.00015625
internal_weight=743 668 427 399 365 241 320
internal_count=743 668 427 399 365 241 320
is_linear=0
shrinkage=0.05


Tree=16
num_leaves=8
num_cat=0
split_feature=11 3 7 6 1 12 4
split_gain=2.08997 2.04339 3.41635 2.25245 1.76679 1.77276 1.72909
threshold=0.021459813769517781 0.0012938875870431856 0.042000378334633222 0.794472041325894 0.0033725993719239127 0.019854414597249462 0.027075325735210657
decision_type=2 2 2 2 2 2 2
left_child=1 2 6 4 -3 -6 -1
right_child=-2 3 -4 -5 5 -7 -8
leaf_value=6.1129079323807035e-05 9.5897064530898441e-05 -0.00012274892617849758 -0.00017462033787247019 -0.00023078915221810367 -6.9640004235456757e-05 0.00010517287512916674 -0.00013998554939018373
leaf_weight=339 114 109 25 45 37 41 47
leaf_count=339 114 109 25 45 37 41 47
internal_value=-9.90753e-05 -0.00120529 0.000912409 -0.0049569 -0.00254011 0.00320513 0.00207254
internal_weight=757 643 411 232 187 78 386
internal_count=757 643 411 232 187 78 386
is_linear=0
shrinkage=0.05


Tree=17
num_leaves=8
num_cat=0
split_feature=11 7 3 4 7 15 15
split_gain=1.65372 2.42103 1.62937 1.40029 1.66845 1.93698 1.98661
threshold=0.021459813769517781 0.040583906693087209 0.0088879748901115069 0.027493518249132279 0.024550074113067314 -0.0040376740965831761 0.0036054599352366439
decision_type=2 2 2 2 2 2 2
left_child=1 2 3 4 5 -1 -7
right_child=-2 -3 -4 -5 -6 6 -8
leaf_value=7.1792659286085787e-05 9.8541732949695637e-05 -0.00012865627362530289 -0.00020662588959481575 -0.00013133193229001539 0.00014305239958642424 -3.8162478775666843e-05 2.4053375959259393e-05
leaf_weight=128 111 54 27 51 60 182 133
leaf_count=128 111 54 27 51 60 182 133
internal_value=0 -0.000984252 -4.30293e-05 0.000541516 0.00134195 0.000282167 -0.0018254
internal_weight=746 635 581 554 503 443 315
internal_count=746 635 581 554 503 443 315
is_linear=0
shrinkage=0.05


Tree=18
num_leaves=8
num_cat=0
split_feature=15 15 0 13 8 16 15
split_gain=1.78874 2.63985 2.46582 1.86313 2.10084 1.4946 1.43672
threshold=0.015689988774666212 0.0052324628975625185 0.0086453169482025877 14.870000362396242 -0.027491363666491072 -0.00060368120298731609 -0.0049990474474465576
decision_type=2 2 2 2 8 2 2
left_child=1 2 6 -3 -5 -6 -1
right_child=-2 3 -4 4 5 -7 -8
leaf_value=5.4554053836380252e-05 -0.00013599472713575136 0.00016690314256624433 -0.00010268870947482885 0.00011838328108791261 0.00010921046235195294 -0.00013146053244858361 -1.228875109250383e-05
leaf_weight=174 28 44 80 34 37 48 308
leaf_count=174 28 44 80 34 37 48 308
internal_value=-9.96016e-05 0.00037931 -0.00124555 0.0059816 0.00273109 -0.00147059 0.000103734
internal_weight=753 725 562 163 119 85 482
internal_count=753 725 562 163 119 85 482
is_linear=0
shrinkage=0.05


Tree=19
num_leaves=8
num_cat=0
split_feature=1 1 16 16 5 4 8
split_gain=1.38805 2.04638 1.73915 2.24039 1.32479 1.74754 2.36551
threshold=0.035798678486635323 0.0094451718482483366 0.017979046424714044 0.013237616543275378 0.016385747625183193 0.021845772426140071 -0.047344717506055338
decision_type=2 2 2 2 2 2 8
left_child=1 2 3 4 5 6 -1
right_child=-2 -3 -4 -5 -6 -7 -8
leaf_value=0.00013674495692218047 -0.00010157764396828188 8.73033987483368e-05 -0.00017362061711662002 0.00012735217681928649 -0.00014263791476999303 7.0314632340930233e-05 -1.692814720583339e-05
leaf_weight=32 66 198 42 27 68 84 222
leaf_count=32 66 198 42 27 68 84 222
internal_value=0.000101488 0.000780089 -0.001 -5.77367e-05 -0.000985222 0.000295858 -0.00177165
internal_weight=739 673 475 433 406 338 254
internal_count=739 673 475 433 406 338 254
is_linear=0
shrinkage=0.05


Tree=20
num_leaves=8
num_cat=0
split_feature=11 11 2 11 12 3 13
split_gain=1.74127 2.33973 1.37066 1.31552 1.95492 1.50781 2.01811
threshold=-0.0093898392090148147 -0.0060505847997984188 0.022857769776816975 0.023061662230793093 0.011595821830406862 0.0079229353367373818 17.945000648498539
decision_type=2 2 2 2 2 2 2
left_child=2 -2 -1 5 -5 6 -3
right_child=1 3 -4 4 -6 -7 -8
leaf_value=-3.4927426191430806e-05 0.00012172611342594989 1.6697364734803926e-05 -0.00014853580336332642 -7.4431024161479803e-05 0.00010568566726331585 -0.00018068880101174177 -0.00013768745126776952
leaf_weight=128 43 338 38 34 65 25 80
leaf_count=128 43 338 38 34 65 25 80
internal_value=-0.000299601 0.000982906 -0.00481928 9.22509e-05 0.00530303 -0.00107223 -0.000358852
internal_weight=751 585 166 542 99 443 418
internal_count=751 585 166 542 99 443 418
is_linear=0
shrinkage=0.05


Tree=21
num_leaves=8
num_cat=0
split_feature=15 15 14 0 6 12 15
split_gain=1.59745 2.04838 2.2355 1.89171 1.4019 1.32879 1.52145
threshold=0.0052324628975625185 0.0069739546481718548 -0.091137781806863202 0.0081425495364727558 -0.37109687390241514 -0.038043890036369758 -0.0049990474474465576
decision_type=2 2 2 2 2 2 2
left_child=3 4 -3 5 -2 -1 -7
right_child=1 2 -4 -5 -6 6 -8
leaf_value=-0.00019510710262491215 0.00011563980775465239 -0.00021151579982245285 4.8697389899815103e-05 -8.5137473526039365e-05 0.00010014087116605783 6.3498221983032509e-05 -5.8350169015688151e-06
leaf_weight=42 25 27 103 85 33 146 287
leaf_count=42 25 27 103 85 33 146 287
internal_value=0.00026738 0.00425532 0.000769231 -0.00107143 0.012069 0.000157895 0.000981524
internal_weight=748 188 130 560 58 475 433
internal_count=748 188 130 560 58 475 433
is_linear=0
shrinkage=0.05


Tree=22
num_leaves=8
num_cat=0
split_feature=8 10 0 14 15 7 1
split_gain=1.82645 1.75839 1.76211 1.66224 1.52527 1.25629 1.68535
threshold=0.088453161095733659 0.013844787315234976 0.0095410582657718974 0.0037598780805861991 0.0070380285463336198 0.04097902814612598 -0.0025926264773649672
decision_type=8 2 2 2 2 2 2
left_child=1 2 5 4 -4 6 -1
right_child=-2 -3 3 -5 -6 -7 -8
leaf_value=-4.0742127319703902e-06 -0.00027649711546065195 0.00015628788440495668 -0.00029734730113773275 1.5691405388147066e-06 -8.8983029105816666e-06 -0.0001085884230821308 5.5170175290285761e-05
leaf_weight=278 33 34 44 46 32 35 240
leaf_count=278 33 34 44 46 32 35 240
internal_value=0.000134771 0.000669958 0.000111111 -0.00532787 -0.00986842 0.00131103 0.0019305
internal_weight=742 709 675 122 76 553 518
internal_count=742 709 675 122 76 553 518
is_linear=0
shrinkage=0.05


Tree=23
num_leaves=8
num_cat=0
split_feature=5 3 15 11 7 15 15
split_gain=1.37133 1.43111 1.25488 1.09425 1.91237 1.51423 1.95866
threshold=0.016977129836364544 0.0078107679452751331 0.0040781337672538562 0.027231937128701426 0.04097902814612598 -0.0041005017739778596 -0.010548572150273937
decision_type=2 2 2 2 2 2 2
left_child=1 3 -2 4 5 6 -1
right_child=2 -3 -4 -5 -6 -7 -8
leaf_value=-0.00011430303528281701 -0.0001545823173025299 -0.00017561206411404584 1.0919819670305535e-05 0.00010452060388580484 -0.00011193770340347619 9.8117822781075043e-07 8.9824759179510732e-05
leaf_weight=39 64 34 41 52 46 372 103
leaf_count=39 64 34 41 52 46 372 103
internal_value=0.000299601 0.00116099 -0.005 0.00171569 0.00107143 0.00194553 0.00633803
internal_weight=751 646 105 612 560 514 142
internal_count=751 646 105 612 560 514 142
is_linear=0
shrinkage=0.05


Tree=24
num_leaves=8
num_cat=0
split_feature=2 15 15 14 8 0 15
split_gain=1.31222 1.34147 1.81745 2.13733 1.90061 1.78182 2.73858
threshold=-0.083788369998190546 0.014896255541842819 0.0052324628975625185 -0.01759756320211869 -0.022425928926193602 0.0073435412571026823 0.0069118255587473651
decision_type=2 2 2 2 8 2 2
left_child=-1 2 3 -2 -4 6 -6
right_child=1 -3 4 -5 5 -7 -8
leaf_value=-0.00014853143313861103 -5.9705197319344246e-05 -0.00010095694274501922 0.00011968603507610914 7.3646991523901742e-06 0.00010461335164822577 0.00010065225575098796 -0.00025675258019317558
leaf_weight=33 180 30 40 356 26 55 29
leaf_count=33 180 30 40 356 26 55 29
internal_value=-0.000100134 0.000349162 0.000801749 -0.000559701 0.00566667 0.00227273 -0.00409091
internal_weight=749 716 686 536 150 110 55
internal_count=749 716 686 536 150 110 55
is_linear=0
shrinkage=0.05


Tree=25
num_leaves=8
num_cat=0
split_feature=8 6 7 3 7 3 16
split_gain=1.3827 1.49963 1.84788 2.23568 2.22714 1.59862 1.71894
threshold=0.088453161095733659 -0.17153594655038609 0.044604141425575901 0.0011954863334471268 -0.0010721806994328784 -0.0071191778503840722 -0.013270307198567864
decision_type=8 2 2 2 2 2 2
left_child=1 -1 3 5 -5 -3 -7
right_child=-2 2 -4 4 -6 6 -8
leaf_value=2.1369963777421577e-05 -0.00022074563226117994 -0.00032934709493804935 -0.00011548775466637389 -0.00017572458902841097 6.9556133982322772e-07 0.00014829826440023971 6.8455949884791303e-06
leaf_weight=383 40 27 33 55 58 43 118
leaf_count=383 40 27 33 55 58 43 118
internal_value=0.000297226 0.000801953 -0.00164671 -0.000415282 -0.00597345 0.00292553 0.00481366
internal_weight=757 717 334 301 113 188 161
internal_count=757 717 334 301 113 188 161
is_linear=0
shrinkage=0.05


Tree=26
num_leaves=8
num_cat=0
split_feature=15 15 7 1 8 16 9
split_gain=1.62006 1.98352 1.68624 1.98403 1.59941 1.40319 1.36777
threshold=0.0052324628975625185 0.0069739546481718548 0.048004196544300888 0.010884260069796039 0.057892163635280942 -0.0062032497539457046 0.0085579700491931216
decision_type=2 2 2 2 8 2 10
left_child=2 -2 3 4 -1 -3 -7
right_child=1 5 -4 -5 -6 6 -8
leaf_value=-4.2908572160245323e-06 0.00010535364049260403 9.5388804203841502e-05 -8.8802469158564504e-05 6.5873183301916829e-05 -0.00018771401931807496 3.6247475793448626e-05 -0.00010818592428653009
leaf_weight=349 56 26 31 140 35 43 57
leaf_count=349 56 26 31 140 35 43 57
internal_value=0.000576662 0.00467033 -0.000765766 -9.54198e-05 -0.00195312 0.00119048 -0.0015
internal_weight=737 182 555 524 384 126 100
internal_count=737 182 555 524 384 126 100
is_linear=0
shrinkage=0.05


Tree=27
num_leaves=8
num_cat=0
split_feature=6 3 9 2 15 14 9
split_gain=1.43348 1.70355 2.2339 1.46844 1.36418 1.97598 1.40468
threshold=0.5723389516785059 -0.0062392547773433829 0.046091936653219652 -0.019549812242699135 0.0052324628975625185 -0.091137781806863202 0.087169130891282656
decision_type=2 2 10 2 2 2 10
left_child=4 -2 3 -3 6 -6 -1
right_child=1 2 -4 -5 5 -7 -8
leaf_value=-6.2062110185156888e-06 -0.00030747044397682038 5.645223597795079e-05 -0.00013241668811569225 -9.3192212248602914e-05 -0.00013029076458371503 8.599169936997656e-05 7.00179386357916e-05
leaf_weight=356 29 59 55 41 25 118 66
leaf_count=356 29 59 55 41 25 118 66
internal_value=0.000300401 -0.00353261 -0.00145161 0.003 0.00154867 0.00576923 0.000118483
internal_weight=749 184 155 100 565 143 422
internal_count=749 184 155 100 565 143 422
is_linear=0
shrinkage=0.05


Tree=28
num_leaves=8
num_cat=0
split_feature=11 1 7 11 0 12 5
split_gain=1.89834 2.94638 2.38707 2.18702 2.06196 1.86395 1.74116
threshold=0.023488197271316905 0.025389031450683944 0.010601938989560413 0.011634039633228179 -0.0091441341969710193 0.011595821830406862 0.013916407909955778
decision_type=2 2 2 2 2 2 2
left_child=1 2 6 -3 -4 -2 -1
right_child=5 3 4 -5 -6 -7 -8
leaf_value=3.3503697610223761e-06 -8.2394116837088192e-05 -0.00016479453759247667 0.00019825277260871398 1.7949912322523694e-06 4.7456424324571418e-05 0.00013730043711549224 -0.0001074338054086002
leaf_weight=317 37 59 25 37 134 59 96
leaf_count=317 37 59 25 37 134 59 96
internal_value=0.000196335 -0.000748503 0.000611888 -0.00885417 0.00581761 0.00677083 -0.00139225
internal_weight=764 668 572 96 159 96 413
internal_count=764 668 572 96 159 96 413
is_linear=0
shrinkage=0.05


Tree=29
num_leaves=8
num_cat=0
split_feature=13 4 5 15 16 3 13
split_gain=1.58986 1.80819 1.36211 2.4911 1.4628 1.48404 1.34068
threshold=17.224999427795414 0.021845772426140071 0.012426270541511525 0.0036054599352366439 0.023397377542890511 0.0015819104400547348 17.530000686645511
decision_type=2 2 2 2 2 2 2
left_child=1 2 4 -4 5 -1 -2
right_child=6 -3 3 -5 -6 -7 -8
leaf_value=7.0524595911902578e-05 -0.00015518259651629577 8.813576899538432e-05 -0.00015289773793337558 0.00011425129317826902 -8.1510405580720712e-05 -1.4800899111671392e-05 -2.9627944008744434e-05
leaf_weight=135 26 100 58 38 25 68 282
leaf_count=135 26 100 58 38 25 68 282
internal_value=0.000136612 0.00212264 0.000308642 -0.0046875 0.00241228 0.00381773 -0.0025974
internal_weight=732 424 324 96 228 203 308
internal_count=732 424 324 96 228 203 308
is_linear=0
shrinkage=0.05


Tree=30
num_leaves=8
num_cat=0
split_feature=11 1 1 11 12 4 4
split_gain=1.64013 2.27983 1.85166 2.25197 1.82997 1.56283 1.55769
threshold=0.023488197271316905 0.025389031450683944 0.010559133597392247 0.01160523990497442 0.011595821830406862 0.019403786619289969 0.017129667613756502
decision_type=2 2 2 2 2 2 2
left_child=1 2 3 -1 -2 -5 -4
right_child=4 -3 6 5 -6 -7 -8
leaf_value=6.06243348473764e-06 -2.609695691030041e-05 -0.00010745634483431827 0.00012451239728543002 -2.0404799619142923e-05 0.00012218837377783262 -0.00024076281235994976 5.1967175148440618e-05
leaf_weight=356 35 89 36 42 59 40 81
leaf_count=356 35 89 36 42 59 40 81
internal_value=0.000745257 -0.00015528 0.00103604 -0.000456621 0.00691489 -0.00792683 0.00662393
internal_weight=738 644 555 438 94 82 117
internal_count=738 644 555 438 94 82 117
is_linear=0
shrinkage=0.05


Tree=31
num_leaves=8
num_cat=0
split_feature=13 3 8 0 0 3 3
split_gain=1.82439 1.575 1.42466 1.38161 1.55712 2.331 1.41185
threshold=17.224999427795414 0.0069863557731417733 0.054747456545955593 0.01322753566641577 0.002672949125600899 -0.0012760668641138004 -0.0062392547773433829
decision_type=2 2 10 2 2 2 2
left_child=1 -1 3 4 6 -6 -2
right_child=2 -3 -4 -5 5 -7 -8
leaf_value=3.836806918261053e-05 -0.00017556374228196159 -0.00014401384944391093 -0.00014749927127628303 -0.0001184914296587476 0.00023180943896421933 1.4169365724609483e-05 3.2032737861227828e-06
leaf_weight=398 32 27 41 38 26 40 136
leaf_count=398 32 27 41 38 26 40 136
internal_value=0.00121951 0.00335294 -0.00167732 -0.000367647 0.00106838 0.00757576 -0.0014881
internal_weight=738 425 313 272 234 66 168
internal_count=738 425 313 272 234 66 168
is_linear=0
shrinkage=0.05


Tree=32
num_leaves=8
num_cat=0
split_feature=8 7 7 12 16 11 14
split_gain=1.62832 1.54031 3.70006 2.2612 1.59837 1.81984 1.36675
threshold=-0.077344473716030135 0.031020897594690847 0.027368892873234522 0.019647548518162531 0.02506134297151941 0.025734816417073651 0.083812216488613714
decision_type=10 2 2 2 2 2 2
left_child=-1 2 4 -3 5 6 -2
right_child=1 3 -4 -5 -6 -7 -8
leaf_value=-0.00019472629156271523 4.3804402779972287e-06 -0.00012417788366888777 0.00012041625759338295 1.6463678804219151e-05 -0.00010014335121727474 0.00010669878251375262 7.9957979024939061e-05
leaf_weight=47 428 54 26 71 36 35 54
leaf_count=47 428 54 26 71 36 35 54
internal_value=0.00103196 0.00163352 0.00272021 -0.0034 0.00185353 0.00256286 0.00176349
internal_weight=751 704 579 125 553 517 482
internal_count=751 704 579 125 553 517 482
is_linear=0
shrinkage=0.05


end of trees

feature_importances:
sector_ret_1d=29
overnight_gap=23
ret_5d=20
dist_ma50=18
dist_ma20=17
ret_1d=15
spy_ret_5d=15
atr_pct=13
parkinson_20=13
dvol_z_20=12
spy_ret_20d=11
vix_level=10
sector_ret_5d=10
vix_chg_1d=9
dist_ma200=6
ret_20d=5
spy_ret_1d=5

parameters:
[boosting: gbdt]
[objective: quantile]
[metric: quantile]
[tree_learner: serial]
[device_type: cpu]
[data_sample_strategy: bagging]
[data: ]
[valid: ]
[num_iterations: 80]
[learning_rate: 0.05]
[num_leaves: 8]
[num_threads: 1]
[seed: 0]
[deterministic: 0]
[force_col_wise: 1]
[force_row_wise: 0]
[histogram_pool_size: -1]
[max_depth: -1]
[min_data_in_leaf: 25]
[min_sum_hessian_in_leaf: 0.001]
[bagging_fraction: 0.9]
[pos_bagging_fraction: 1]
[neg_bagging_fraction: 1]
[bagging_freq: 1]
[bagging_seed: 3]
[bagging_by_query: 0]
[feature_fraction: 0.9]
[feature_fraction_bynode: 1]
[feature_fraction_seed: 2]
[extra_trees: 0]
[extra_seed: 6]
[early_stopping_round: 0]
[early_stopping_min_delta: 0]
[first_metric_only: 0]
[max_delta_step: 0]
[lambda_l1: 0]
[lambda_l2: 0]
[linear_lambda: 0]
[min_gain_to_split: 0]
[drop_rate: 0.1]
[max_drop: 50]
[skip_drop: 0.5]
[xgboost_dart_mode: 0]
[uniform_drop: 0]
[drop_seed: 4]
[top_rate: 0.2]
[other_rate: 0.1]
[min_data_per_group: 100]
[max_cat_threshold: 32]
[cat_l2: 10]
[cat_smooth: 10]
[max_cat_to_onehot: 4]
[top_k: 20]
[monotone_constraints: ]
[monotone_constraints_method: basic]
[monotone_penalty: 0]
[feature_contri: ]
[forcedsplits_filename: ]
[refit_decay_rate: 0.9]
[cegb_tradeoff: 1]
[cegb_penalty_split: 0]
[cegb_penalty_feature_lazy: ]
[cegb_penalty_feature_coupled: ]
[path_smooth: 0]
[interaction_constraints: ]
[verbosity: -1]
[saved_feature_importance_type: 0]
[use_quantized_grad: 0]
[num_grad_quant_bins: 4]
[quant_train_renew_leaf: 0]
[stochastic_rounding: 1]
[linear_tree: 0]
[max_bin: 255]
[max_bin_by_feature: ]
[min_data_in_bin: 3]
[bin_construct_sample_cnt: 200000]
[data_random_seed: 1]
[is_enable_sparse: 1]
[enable_bundle: 1]
[use_missing: 1]
[zero_as_missing: 0]
[feature_pre_filter: 1]
[pre_partition: 0]
[two_round: 0]
[header: 0]
[label_column: ]
[weight_column: ]
[group_column: ]
[ignore_column: ]
[categorical_feature: ]
[forcedbins_filename: ]
[precise_float_parser: 0]
[parser_config_file: ]
[objective_seed: 5]
[num_class: 1]
[is_unbalance: 0]
[scale_pos_weight: 1]
[sigmoid: 1]
[boost_from_average: 1]
[reg_sqrt: 0]
[alpha: 0.5]
[fair_c: 1]
[poisson_max_delta_step: 0.7]
[tweedie_variance_power: 1.5]
[lambdarank_truncation_level: 30]
[lambdarank_norm: 1]
[label_gain: ]
[lambdarank_position_bias_regularization: 0]
[eval_at: ]
[multi_error_top_k: 1]
[auc_mu_weights: ]
[num_machines: 1]
[local_listen_port: 12400]
[time_out: 120]
[machine_list_filename: ]
[machines: ]
[gpu_platform_id: -1]
[gpu_device_id: -1]
[gpu_device_id_list: ]
[gpu_use_dp: 0]
[num_gpu: 1]

end of parameters

pandas_categorical:[]
