tree
version=v4
num_class=1
num_tree_per_iteration=1
label_index=0
max_feature_idx=16
objective=quantile
feature_names=ret_1d ret_5d ret_20d overnight_gap atr_pct parkinson_20 dvol_z_20 dist_ma20 dist_ma50 dist_ma200 spy_ret_1d spy_ret_5d spy_ret_20d vix_level vix_chg_1d sector_ret_1d sector_ret_5d
feature_infos=[-0.085209713024282596:0.054663823100235653] [-0.095696721311475441:0.064934336064653708] [-0.14281553398058244:0.13798999430055092] [-0.054253847484004747:0.042303410585972978] [0.010008967654597543:0.043517818011061263] [0.0060648450310771974:0.02276325413341676] [-2.1783903023549653:4.0826957446396754] [-0.091884115678806944:0.067108474515881866] [-0.10416072407563637:0.091046577608509427] [-0.18224861716749963:0.1272383294154551] [-0.058542947643003718:0.10501933612632941] [-0.11496158439845272:0.082843216242346029] [-0.12265592443394913:0.15756596870864792] [11.859999656677246:52.330001831054688] [-0.35753873962348437:0.74039073966007019] [-0.073180960369049974:0.075364298724954315] [-0.12187673514714059:0.078003457216940353]
tree_sizes=838 855 865 857 855 864 869 862 860 865 869 867 854 854 866 858 876

Tree=0
num_leaves=8
num_cat=0
split_feature=16 13 10 4 15 8 13
split_gain=6.61042 2.78026 1.99074 1.7665 2.26714 1.55603 1.29504
threshold=-0.016872896607119322 17.164999961853031 -0.0042544588401209329 0.024549402033046626 -0.0039467570109373842 0.056138716642136773 13.414999961853029
decision_type=2 2 2 2 2 8 2
left_child=1 -1 -2 4 -4 6 -6
right_child=2 -3 3 -5 5 -7 -8
leaf_value=0.0067201395169831811 0.0068497447064146399 0.00697070152964443 0.0066749369725584984 0.0069202702725306153 0.0066989948973059654 0.0066187182848807423 0.0067684246692806486
leaf_weight=28 112 102 60 45 76 28 299
leaf_count=28 112 102 60 45 76 28 299
internal_value=0.00691166 0.0171629 0.0047622 0.00343187 0.00251267 0.0038627 0.00471166
internal_weight=750 130 620 508 463 403 375
internal_count=750 130 620 508 463 403 375
is_linear=0
shrinkage=1


Tree=1
num_leaves=8
num_cat=0
split_feature=16 10 4 1 3 9 11
split_gain=5.32696 3.16411 2.556 1.90409 1.7404 1.2329 1.05617
threshold=-0.020750169840095808 -0.0052693175336530054 0.024549402033046626 -0.034000641141395997 0.0074072662624403715 -0.029575671218042273 0.0038135025222709733
decision_type=2 2 2 2 2 10 2
left_child=3 -2 4 -1 6 -5 -3
right_child=1 2 -4 5 -6 -7 -8
leaf_value=0.00033151280251331628 0.00010358042200095952 -3.5436268663033854e-05 0.00016761766164563596 2.6319209719076737e-05 0.00010453995084390042 0.00020598765171598644 -5.8636066387407486e-05
leaf_weight=26 95 174 50 35 25 29 300
leaf_count=26 95 174 50 35 25 29 300
internal_value=0.00027248 -0.00131988 -0.00277778 0.0116667 -0.00385772 0.00703125 -0.00453586
internal_weight=734 644 549 90 499 64 474
internal_count=734 644 549 90 499 64 474
is_linear=0
shrinkage=0.05


Tree=2
num_leaves=8
num_cat=0
split_feature=11 8 1 2 9 3 6
split_gain=4.85037 2.92294 2.79134 3.75534 2.77049 2.46481 1.70171
threshold=-0.0060505847997984188 -0.042563403116413594 -0.001131664325555559 0.017650292577266916 -0.097854177667749773 -0.0047558452392381647 -0.15014219416315247
decision_type=2 8 2 2 10 2 2
left_child=5 -2 4 6 -3 -1 -4
right_child=1 2 3 -5 -6 -7 -8
leaf_value=0.00029084063431946561 8.4664828464156016e-05 6.6798877378460107e-06 6.8985157122369942e-06 -8.201082950108686e-05 -0.00011677321293973365 4.0011724166106421e-05 0.00016497015493223446
leaf_weight=29 69 47 93 175 109 172 55
leaf_count=29 69 47 93 175 109 172 55
internal_value=-0.000300401 -0.00273723 -0.00412317 -0.00147059 -0.00961538 0.00634328 0.00439189
internal_weight=749 548 479 323 156 201 148
internal_count=749 548 479 323 156 201 148
is_linear=0
shrinkage=0.05


Tree=3
num_leaves=8
num_cat=0
split_feature=13 16 13 3 13 9 8
split_gain=5.7278 3.68726 3.13868 2.24561 2.14612 1.71907 1.65142
threshold=16.035000801086429 -0.015497422852297436 16.644999504089359 -0.0047558452392381647 17.090000152587894 -0.0051393355273810495 -0.029504751135685067
decision_type=2 2 2 2 2 8 8
left_child=5 3 -3 -2 -4 -1 -6
right_child=1 2 4 -5 6 -7 -8
leaf_value=-0.00015795749243261527 0.00039012292003899347 0.00012712904442960279 -9.2479557635670069e-05 8.381881606328535e-05 8.8618641086213789e-05 -2.8686458626179951e-05 -1.5702449563832484e-05
leaf_weight=62 25 52 33 95 61 257 158
leaf_count=62 25 52 33 95 61 257 158
internal_value=0.000437416 0.00424528 0.00131579 0.0116667 -0.000992063 -0.00462382 0.000799087
internal_weight=743 424 304 120 252 319 219
internal_count=743 424 304 120 252 319 219
is_linear=0
shrinkage=0.05


Tree=4
num_leaves=8
num_cat=0
split_feature=13 8 12 1 3 4 13
split_gain=5.12687 3.10979 2.11296 2.06157 1.52577 1.77974 1.31781
threshold=16.095000267028812 -0.029504751135685067 0.041818066300965857 0.011133905935560408 -0.004879191744670607 0.016537007056031287 16.644999504089359
decision_type=2 8 2 2 2 2 2
left_child=4 -2 6 -4 -1 -6 -3
right_child=1 2 3 -5 5 -7 -8
leaf_value=0.00011865698636116573 0.0001534604841160581 0.00012100773422924248 5.5048719752448999e-05 -0.00011544153622562591 -3.9886724918906137e-05 -0.00015485265766885281 1.4603912779311913e-05
leaf_weight=27 134 31 27 25 262 42 198
leaf_count=27 134 31 27 25 262 42 198
internal_value=-0.000268097 0.00343373 0.00044484 -0.00865385 -0.00490937 -0.00592105 0.00251092
internal_weight=746 415 281 52 331 304 229
internal_count=746 415 281 52 331 304 229
is_linear=0
shrinkage=0.05


Tree=5
num_leaves=8
num_cat=0
split_feature=11 4 10 15 9 3 6
split_gain=4.55115 2.17884 2.30148 2.60819 2.1374 1.95556 1.95297
threshold=-0.0060505847997984188 0.024476972157827927 -0.0052693175336530054 -0.0039467570109373842 -0.094495455366061729 -0.0047558452392381647 -0.20074570343522044
decision_type=2 2 2 2 10 2 2
left_child=5 2 -2 -4 -3 -1 -7
right_child=1 4 3 -5 -6 6 -8
leaf_value=0.00028012480601872635 8.6362489730084255e-05 0.00045078324598878052 -0.00012664698807756213 -2.7887855305792973e-05 -0.00015088389264483341 9.9233040896802793e-05 -1.3831606711273843e-06
leaf_weight=33 47 26 73 366 27 69 96
leaf_count=33 47 26 73 366 27 69 96
internal_value=-0.000169607 -0.00255102 -0.00360082 -0.00472665 0.00707547 0.00631313 0.00409091
internal_weight=737 539 486 439 53 198 165
internal_count=737 539 486 439 53 198 165
is_linear=0
shrinkage=0.05


Tree=6
num_leaves=8
num_cat=0
split_feature=16 10 0 6 14 3 0
split_gain=4.57449 2.11035 1.89357 2.59829 2.19443 1.8536 1.67643
threshold=-0.020750169840095808 -0.011231004293396683 -0.0043357182670721852 -0.30885397675210502 1.0000000180025095e-35 -0.0013221146971326145 -0.000738626419307442
decision_type=2 2 2 2 2 2 2
left_child=-1 -2 3 -3 5 -4 -7
right_child=1 2 4 -5 -6 6 -8
leaf_value=0.00014180790345683322 0.00011006600660745686 0.00013609532502641033 8.7838894097568953e-05 -2.8210764847673388e-05 -0.00011004016619372214 -0.00011058101070623825 -1.3546947465342772e-05
leaf_weight=94 38 48 60 115 162 27 202
leaf_count=94 38 48 60 115 162 27 202
internal_value=-0.000737265 -0.00222393 -0.0029316 0.00168712 -0.00460089 -0.00198962 -0.0040393
internal_weight=746 652 614 163 451 289 229
internal_count=746 652 614 163 451 289 229
is_linear=0
shrinkage=0.05


Tree=7
num_leaves=8
num_cat=0
split_feature=11 4 3 10 15 3 1
split_gain=3.89678 2.59288 2.10731 2.0184 2.11362 1.55012 1.38569
threshold=-0.0060505847997984188 0.024476972157827927 0.0066838286031624125 -0.0052693175336530054 -0.0039467570109373842 -0.0047558452392381647 0.015386985911230113
decision_type=2 2 2 2 2 2 2
left_child=5 2 3 -2 -5 -1 -7
right_child=1 -3 -4 4 -6 6 -8
leaf_value=0.00023924610531739335 5.6138518469126203e-05 0.00018210868000388911 8.0408258166687213e-05 -0.00013071122992483567 -4.3994942777184906e-05 6.6749129676593269e-05 -6.7416185330472614e-05
leaf_weight=31 47 56 26 69 337 143 36
leaf_count=31 47 56 26 69 337 143 36
internal_value=-0.000771812 -0.00303738 -0.00422756 -0.00502208 -0.00615764 0.005 0.00321229
internal_weight=745 535 479 453 406 210 179
internal_count=745 535 479 453 406 210 179
is_linear=0
shrinkage=0.05


Tree=8
num_leaves=8
num_cat=0
split_feature=11 8 4 9 6 1 9
split_gain=3.74291 2.22249 1.79571 3.45812 3.25777 1.66486 2.41896
threshold=-0.0080581536357283139 -0.042563403116413594 0.02076810069771871 -0.040699299591672282 -0.37184924268294395 -0.001131664325555559 -0.097854177667749773
decision_type=2 8 2 10 2 2 10
left_child=2 -2 3 4 -1 6 -3
right_child=1 5 -4 -5 -6 -7 -8
leaf_value=0.00012173943086155239 7.4550203338532138e-05 2.6497555690568498e-05 0.00034399845255502382 0.00014164361811820053 -0.0001045677698691786 -1.1291802161738632e-05 -8.3374897211924864e-05
leaf_weight=31 74 55 28 87 35 340 114
leaf_count=31 74 55 28 87 35 340 114
internal_value=-6.5445e-05 -0.00201544 0.00621547 0.00408497 -0.00454545 -0.00319253 -0.00724852
internal_weight=764 583 181 153 66 509 169
internal_count=764 583 181 153 66 509 169
is_linear=0
shrinkage=0.05


Tree=9
num_leaves=8
num_cat=0
split_feature=10 16 15 8 0 15 14
split_gain=2.61918 2.36068 2.24546 1.92776 1.63141 1.84722 1.59042
threshold=-0.0042544588401209329 -0.018960070510408319 -0.0040520791376654755 0.035545635032498642 -0.0098216268608787832 0.00166658145669929 -0.012700650003930223
decision_type=2 2 2 8 2 2 2
left_child=4 -2 6 -4 -1 -6 -3
right_child=1 2 3 -5 5 -7 -8
leaf_value=0.00018597514947209272 0.00011022932664123554 -1.0261887171723579e-05 -4.2934620959704345e-06 -9.0490748386467743e-05 -9.2645709467077685e-06 0.00015926942458407257 -0.00015839151248265706
leaf_weight=45 52 25 359 89 96 26 52
leaf_count=45 52 25 359 89 96 26 52
internal_value=-0.000873656 -0.00246967 -0.00347619 -0.00212054 0.00464072 0.00163934 -0.0113636
internal_weight=744 577 525 448 167 122 77
internal_count=744 577 525 448 167 122 77
is_linear=0
shrinkage=0.05


Tree=10
num_leaves=8
num_cat=0
split_feature=16 10 8 8 11 14 0
split_gain=3.07565 2.14131 2.48051 1.67039 1.61149 1.32592 1.64871
threshold=-0.019201760482925431 -0.0042544588401209329 0.046053366759798993 -0.033490049202523513 -0.026323621770933166 0.004407866869301503 -0.0095719178332719906
decision_type=2 2 8 8 2 2 2
left_child=3 -2 5 -1 -5 6 -3
right_child=1 2 -4 4 -6 -7 -8
leaf_value=0.00036148057549258047 5.9408565481297541e-05 -0.00011709950747570524 -0.00013304438121035332 7.7093292203854173e-05 -1.8162051635357573e-05 -6.9605178889160709e-05 1.1801019819347726e-05
leaf_weight=31 115 43 47 28 45 133 307
leaf_count=31 115 43 47 28 45 133 307
internal_value=-0.00076769 -0.00205426 -0.00339623 0.00721154 0.00308219 -0.00232919 -0.000714286
internal_weight=749 645 530 104 73 483 350
internal_count=749 645 530 104 73 483 350
is_linear=0
shrinkage=0.05


Tree=11
num_leaves=8
num_cat=0
split_feature=11 4 10 15 6 0 9
split_gain=2.37794 2.0306 1.41439 2.09411 2.52474 1.91027 1.51374
threshold=-0.026323621770933166 0.02101909857670339 -0.0019500004630599863 0.0049728887593124558 -0.28431032921946747 -0.00030918296315829425 0.036749281040138089
decision_type=2 2 2 2 2 2 8
left_child=-1 2 -2 4 5 -4 -5
right_child=1 -3 3 6 -6 -7 -8
leaf_value=0.00015139199525982829 1.9635502357594204e-05 0.00010630195184362058 6.8639575142624435e-05 -8.6621640664010134e-05 -8.9731366619728389e-05 -6.2380443396384491e-05 3.63494343858811e-05
leaf_weight=43 187 98 42 61 130 65 121
leaf_count=43 187 98 42 61 130 65 121
internal_value=-0.000368139 -0.00106534 -0.00214521 -0.00375895 -0.00685654 -0.00116822 0.000274725
internal_weight=747 704 606 419 237 107 182
internal_count=747 704 606 419 237 107 182
is_linear=0
shrinkage=0.05


Tree=12
num_leaves=8
num_cat=0
split_feature=13 13 8 0 12 13 0
split_gain=3.59751 3.38212 2.76175 2.48657 1.82943 2.21619 1.73629
threshold=16.095000267028812 16.644999504089359 -0.030026772623880756 -0.0074563035184574957 0.028594674510006083 18.154999732971195 0.0020165835222459853
decision_type=2 2 8 2 2 2 2
left_child=-1 -2 3 -3 -4 -6 -5
right_child=1 2 4 6 5 -7 -8
leaf_value=-4.1711158444036585e-05 0.00010305477130732189 0.00042834609539890321 9.2389170261504571e-06 -5.1565305926378494e-05 -0.0001280731638518724 -6.0335489959935461e-05 8.1722282910200097e-05
leaf_weight=317 48 39 185 31 25 52 37
leaf_count=317 48 39 185 31 25 52 37
internal_value=-0.000953678 0.00209832 0.000474255 0.00724299 -0.00229008 -0.00876623 0.00147059
internal_weight=734 417 369 107 262 77 68
internal_count=734 417 369 107 262 77 68
is_linear=0
shrinkage=0.05


Tree=13
num_leaves=8
num_cat=0
split_feature=13 13 12 15 15 15 0
split_gain=2.74899 2.24588 1.96546 1.40715 2.673 2.08178 1.66512
threshold=16.095000267028812 16.644999504089359 -0.017790362048334726 0.0030221287899145914 -0.00020312645171360885 -0.0047563680774917452 -0.0085174569893135526
decision_type=2 2 2 2 2 2 2
left_child=-1 -2 -3 4 5 6 -4
right_child=1 2 3 -5 -6 -7 -8
leaf_value=-4.0373981194188285e-05 0.00011119114775048397 8.7096913079234069e-05 4.0183275936900124e-05 3.0009963147216414e-05 -0.00021252733622190357 0.00014119780246267533 -0.00011490685384849039
leaf_weight=318 54 116 29 92 40 51 45
leaf_count=318 54 116 29 92 40 51 45
internal_value=-0.00104027 0.0015808 0.000201072 -0.00223735 -0.005 -0.0014 -0.00675676
internal_weight=745 427 373 257 165 125 74
internal_count=745 427 373 257 165 125 74
is_linear=0
shrinkage=0.05


Tree=14
num_leaves=8
num_cat=0
split_feature=16 15 8 16 1 15 12
split_gain=2.55073 1.49076 2.2055 2.18334 1.93613 1.91461 1.61973
threshold=-0.030444358411838009 0.0043328049507807007 -0.043051628881517805 0.028206097026281188 -0.021366449336912226 0.0052802112152213762 0.041818066300965857
decision_type=2 2 8 2 2 2 2
left_child=-1 2 -2 4 -4 -3 -6
right_child=1 5 3 -5 6 -7 -8
leaf_value=0.00021017290792809979 0.00012921171246640145 8.9000037075960461e-05 -0.00015886892493561746 0.0001921191756193678 -8.0341339352217607e-06 4.2408061918905626e-07 -9.5049641704413528e-05
leaf_weight=46 56 25 42 26 253 209 62
leaf_count=46 56 25 42 26 253 209 62
internal_value=-0.000521558 -0.00130015 -0.00301822 -0.00437337 -0.00539216 0.00192308 -0.00404762
internal_weight=719 673 439 383 357 234 315
internal_count=719 673 439 383 357 234 315
is_linear=0
shrinkage=0.05


Tree=15
num_leaves=8
num_cat=0
split_feature=16 3 10 9 5 13 7
split_gain=2.74645 2.04068 2.50963 2.44778 1.89344 2.14533 1.35803
threshold=-0.034933523755742595 0.0078544708635769362 -0.0040208164286187889 -0.061484579314125869 0.01326485155674006 18.719999313354496 -0.031707027253303481
decision_type=2 2 2 8 2 2 2
left_child=-1 2 3 -2 6 -6 -4
right_child=1 -3 4 -5 5 -7 -8
leaf_value=0.00026993587241436358 -9.5249471516762804e-05 0.00010266109941515587 -0.00011541625769156461 8.7850506530094393e-05 0.00040589865475381857 -3.2439622799657717e-05 -2.0042481103849856e-05
leaf_weight=35 26 33 44 124 27 40 414
leaf_count=35 26 33 44 124 27 40 414
internal_value=-0.000100942 -0.000776836 -0.00137037 0.00433333 -0.003 0.00485075 -0.00414847
internal_weight=743 708 675 150 525 67 458
internal_count=743 708 675 150 525 67 458
is_linear=0
shrinkage=0.05


Tree=16
num_leaves=8
num_cat=0
split_feature=13 8 8 3 11 10 15
split_gain=2.38674 2.30247 2.3829 1.61029 2.16096 1.50025 1.51441
threshold=16.035000801086429 -0.030026772623880756 -0.023446164140157096 -0.00023921477439392544 -0.0021053722365206302 -0.0055512367619247596 0.00066663068120487179
decision_type=2 8 10 2 2 2 2
left_child=5 -2 -3 4 -4 -1 -7
right_child=1 2 3 -5 -6 6 -8
leaf_value=7.7318715665223949e-05 0.00013917990099003862 -6.4132028935895769e-05 4.3962001676987254e-05 7.0966347852980671e-05 -0.00011237390690180115 -8.0572931870466805e-05 -2.9802295057943268e-05
leaf_weight=30 125 54 54 146 52 111 185
leaf_count=30 125 54 54 146 52 111 185
internal_value=-0.000759577 0.00168213 -0.000653595 0.00138889 -0.00330189 -0.00398773 -0.00506757
internal_weight=757 431 306 252 106 326 296
internal_count=757 431 306 252 106 326 296
is_linear=0
shrinkage=0.05


end of trees

feature_importances:
vix_level=14
dist_ma50=12
sector_ret_1d=12
overnight_gap=10
spy_ret_1d=10
sector_ret_5d=9
ret_1d=8
dist_ma200=8
spy_ret_5d=8
atr_pct=7
ret_5d=6
dvol_z_20=5
spy_ret_20d=4
vix_chg_1d=3
ret_20d=1
parkinson_20=1
dist_ma20=1

parameters:
[boosting: gbdt]
[objective: quantile]
[metric: quantile]
[tree_learner: serial]
[device_type: cpu]
[data_sample_strategy: bagging]
[data: ]
[valid: ]
[num_iterations: 80]
[learning_rate: 0.05]
[num_leaves: 8]
[num_threads: 1]
[seed: 0]
[deterministic: 0]
[force_col_wise: 1]
[force_row_wise: 0]
[histogram_pool_size: -1]
[max_depth: -1]
[min_data_in_leaf: 25]
[min_sum_hessian_in_leaf: 0.001]
[bagging_fraction: 0.9]
[pos_bagging_fraction: 1]
[neg_bagging_fraction: 1]
[bagging_freq: 1]
[bagging_seed: 3]
[bagging_by_query: 0]
[feature_fraction: 0.9]
[feature_fraction_bynode: 1]
[feature_fraction_seed: 2]
[extra_trees: 0]
[extra_seed: 6]
[early_stopping_round: 0]
[early_stopping_min_delta: 0]
[first_metric_only: 0]
[max_delta_step: 0]
[lambda_l1: 0]
[lambda_l2: 0]
[linear_lambda: 0]
[min_gain_to_split: 0]
[drop_rate: 0.1]
[max_drop: 50]
[skip_drop: 0.5]
[xgboost_dart_mode: 0]
[uniform_drop: 0]
[drop_seed: 4]
[top_rate: 0.2]
[other_rate: 0.1]
[min_data_per_group: 100]
[max_cat_threshold: 32]
[cat_l2: 10]
[cat_smooth: 10]
[max_cat_to_onehot: 4]
[top_k: 20]
[monotone_constraints: ]
[monotone_constraints_method: basic]
[monotone_penalty: 0]
[feature_contri: ]
[forcedsplits_filename: ]
[refit_decay_rate: 0.9]
[cegb_tradeoff: 1]
[cegb_penalty_split: 0]
[cegb_penalty_feature_lazy: ]
[cegb_penalty_feature_coupled: ]
[path_smooth: 0]
[interaction_constraints: ]
[verbosity: -1]
[saved_feature_importance_type: 0]
[use_quantized_grad: 0]
[num_grad_quant_bins: 4]
[quant_train_renew_leaf: 0]
[stochastic_rounding: 1]
[linear_tree: 0]
[max_bin: 255]
[max_bin_by_feature: ]
[min_data_in_bin: 3]
[bin_construct_sample_cnt: 200000]
[data_random_seed: 1]
[is_enable_sparse: 1]
[enable_bundle: 1]
[use_missing: 1]
[zero_as_missing: 0]
[feature_pre_filter: 1]
[pre_partition: 0]
[two_round: 0]
[header: 0]
[label_column: ]
[weight_column: ]
[group_column: ]
[ignore_column: ]
[categorical_feature: ]
[forcedbins_filename: ]
[precise_float_parser: 0]
[parser_config_file: ]
[objective_seed: 5]
[num_class: 1]
[is_unbalance: 0]
[scale_pos_weight: 1]
[sigmoid: 1]
[boost_from_average: 1]
[reg_sqrt: 0]
[alpha: 0.5]
[fair_c: 1]
[poisson_max_delta_step: 0.7]
[tweedie_variance_power: 1.5]
[lambdarank_truncation_level: 30]
[lambdarank_norm: 1]
[label_gain: ]
[lambdarank_position_bias_regularization: 0]
[eval_at: ]
[multi_error_top_k: 1]
[auc_mu_weights: ]
[num_machines: 1]
[local_listen_port: 12400]
[time_out: 120]
[machine_list_filename: ]
[machines: ]
[gpu_platform_id: -1]
[gpu_device_id: -1]
[gpu_device_id_list: ]
[gpu_use_dp: 0]
[num_gpu: 1]

end of parameters

pandas_categorical:[]
