tree
version=v4
num_class=1
num_tree_per_iteration=1
label_index=0
max_feature_idx=16
objective=quantile
feature_names=ret_1d ret_5d ret_20d overnight_gap atr_pct parkinson_20 dvol_z_20 dist_ma20 dist_ma50 dist_ma200 spy_ret_1d spy_ret_5d spy_ret_20d vix_level vix_chg_1d sector_ret_1d sector_ret_5d
feature_infos=[-0.085209713024282596:0.054663823100235653] [-0.095696721311475441:0.064934336064653708] [-0.14281553398058244:0.13798999430055092] [-0.054253847484004747:0.042303410585972978] [0.010008967654597543:0.043517818011061263] [0.0060648450310771974:0.02276325413341676] [-2.1783903023549653:4.0826957446396754] [-0.091884115678806944:0.067108474515881866] [-0.10416072407563637:0.091046577608509427] [-0.18224861716749963:0.1272383294154551] [-0.058542947643003718:0.10501933612632941] [-0.11496158439845272:0.082843216242346029] [-0.12265592443394913:0.15756596870864792] [11.859999656677246:52.330001831054688] [-0.35753873962348437:0.74039073966007019] [-0.073180960369049974:0.075364298724954315] [-0.12187673514714059:0.078003457216940353]
tree_sizes=832 852 858 850 866 860 862 860 859 857 852 857

Tree=0
num_leaves=8
num_cat=0
split_feature=13 4 6 12 12 2 8
split_gain=4.62018 1.46249 0.762883 1.0101 1.06658 0.560897 0.27178
threshold=26.494999885559086 0.017464010827580746 -0.37184924268294395 0.031326678595768549 -0.0041728615781457248 -0.015292069043247201 0.04688097442772355
decision_type=2 2 2 2 2 2 8
left_child=1 6 5 4 -4 -3 -1
right_child=-2 2 3 -5 -6 -7 -8
leaf_value=-0.017538023585942305 -0.018868048372872294 -0.017603137100116451 -0.018171305322543567 -0.018135639417871583 -0.017606147097278028 -0.018284961565457624 -0.017823554465879056
leaf_weight=455 25 52 26 38 51 32 71
leaf_count=455 25 52 26 38 51 32 71
internal_value=-0.017571 -0.0168422 -0.0204932 -0.0231391 -0.0198471 -0.016871 -0.0154609
internal_weight=750 725 199 115 77 84 526
internal_count=750 725 199 115 77 84 526
is_linear=0
shrinkage=1


Tree=1
num_leaves=8
num_cat=0
split_feature=5 11 8 10 0 14 8
split_gain=2.62089 1.13613 0.944076 1.28 0.599362 0.946291 0.800356
threshold=0.013315616358899069 0.0039566049461625683 -0.060487406047726781 -0.0012922335739780075 -0.0095719178332719906 -0.0015377949631008578 0.04688097442772355
decision_type=2 2 10 2 2 2 10
left_child=2 -2 3 -1 5 -4 -6
right_child=1 -3 4 -5 6 -7 -8
leaf_value=7.6772428565930739e-05 -0.0007591245840290594 -0.00015627888257432041 -0.00038793598147558056 -0.00039819420546904194 0.00016981861318702952 0.0002157570800029101 -0.00024636127591274145
leaf_weight=25 36 51 28 25 459 52 58
leaf_count=25 36 51 28 25 459 52 58
internal_value=0.000504087 -0.00764368 0.00159969 -0.005 0.00215243 -0.001875 0.00277563
internal_weight=734 87 647 50 597 80 517
internal_count=734 87 647 50 597 80 517
is_linear=0
shrinkage=0.05


Tree=2
num_leaves=8
num_cat=0
split_feature=5 8 13 0 8 6 8
split_gain=2.96747 1.43343 0.571858 0.519813 0.417877 0.592207 0.674943
threshold=0.012632914235977224 -0.018238751551053697 22.930000305175785 0.00055763053213475644 0.021695960452561506 1.0622778458416 0.010678666532969562
decision_type=2 10 2 2 10 2 8
left_child=2 3 4 -2 5 6 -1
right_child=1 -3 -4 -5 -6 -7 -8
leaf_value=0.00011949163459217313 -0.00054782499008271246 -0.00074572534991649403 -0.00023057533023902724 4.5761813283380641e-05 0.00018691208355985732 -0.00030528960753442168 -0.00013337845462637997
leaf_weight=255 41 33 29 29 234 56 72
leaf_count=255 41 33 29 29 234 56 72
internal_value=0.000260347 -0.00762136 0.00151703 -0.00357143 0.00183955 0.000822454 0.00163609
internal_weight=749 103 646 70 617 383 327
internal_count=749 103 646 70 617 383 327
is_linear=0
shrinkage=0.05


Tree=3
num_leaves=8
num_cat=0
split_feature=4 13 9 13 0 8 8
split_gain=1.89585 1.56822 0.717949 0.766268 0.604574 0.413028 1.39208
threshold=0.022321306633048783 23.265000343322757 -0.098310788623505938 18.675000190734867 -0.015133679466323212 0.049810920097929097 0.050894938872493641
decision_type=2 2 10 2 2 8 10
left_child=1 4 3 -2 -1 -6 -7
right_child=2 -3 -4 -5 5 6 -8
leaf_value=-0.00029514037941264892 -0.00016037231760349606 -0.00073001919005672247 -0.00100555537089562 7.8778187787086659e-05 0.00013821092362567116 -0.00042629480009933858 0.00024890263471513772
leaf_weight=29 25 30 39 27 525 25 43
leaf_count=29 25 30 39 27 525 25 43
internal_value=0.000222073 0.00116564 -0.00653846 -0.00269231 0.00170418 0.0020489 -0.00161765
internal_weight=743 652 91 52 622 593 68
internal_count=743 652 91 52 622 593 68
is_linear=0
shrinkage=0.05


Tree=4
num_leaves=8
num_cat=0
split_feature=5 9 0 5 15 0 8
split_gain=1.76205 0.642561 1.22415 0.970287 0.831515 0.662531 0.821499
threshold=0.010506473924705733 -0.098310788623505938 -0.0095719178332719906 0.014010123939112726 0.0055068188619554767 -0.0036497502587272686 -0.043841136176379462
decision_type=2 10 2 2 2 2 10
left_child=-1 5 -3 4 -4 -2 -7
right_child=1 2 3 -5 -6 6 -8
leaf_value=0.00011837695247449089 0.00015930975955326897 -0.00085627440598945318 0.00033332576873851966 -0.00035001513622972955 -0.00027920197174129542 -0.00026101549188996194 0.00012577958898665463
leaf_weight=483 51 28 42 38 33 43 28
leaf_count=483 51 28 42 38 33 43 28
internal_value=0.000308311 -0.00298479 -0.00528369 -0.0029646 0.000333334 -0.000327869 -0.0034507
internal_weight=746 263 141 113 75 122 71
internal_count=746 263 141 113 75 122 71
is_linear=0
shrinkage=0.05


Tree=5
num_leaves=8
num_cat=0
split_feature=5 4 0 12 9 10 14
split_gain=1.77634 1.52528 1.0614 0.620739 0.446465 0.641604 1.01053
threshold=0.014548394948904116 0.026019846062077401 -0.017616633453720273 -0.037333173257957868 -0.050136880823550882 0.0022948798930048091 -0.048564324883399894
decision_type=2 2 2 2 8 2 2
left_child=2 -2 -1 -4 5 -5 -7
right_child=1 -3 3 4 -6 6 -8
leaf_value=-0.00026993049188125679 -0.00061685595564828785 -2.2979443248546955e-05 -0.00018202731489411639 0.00010998095725779174 0.00012835610827406692 0.00011717925615978788 -0.00048799481072650611
leaf_weight=25 32 37 43 76 467 30 27
leaf_count=25 32 37 43 76 467 30 27
internal_value=0.00031886 -0.00731884 0.00110778 0.00150078 0.00191667 -0.000639098 -0.00464912
internal_weight=737 69 668 643 600 133 57
internal_count=737 69 668 643 600 133 57
is_linear=0
shrinkage=0.05


Tree=6
num_leaves=8
num_cat=0
split_feature=13 9 8 11 8 9 4
split_gain=2.3267 1.12319 1.18164 1.14675 0.430916 0.402401 0.370588
threshold=26.284999847412113 -0.029575671218042273 -0.00043276281786891463 0.015047033906525955 0.087117961290862703 0.094215569661905377 0.024315148837316874
decision_type=2 8 10 2 8 10 2
left_child=1 2 3 6 5 -3 -1
right_child=-2 4 -4 -5 -6 -7 -8
leaf_value=9.008393542458268e-05 -0.00062385721577646442 0.00013120370458430598 -0.00048831330111029738 -0.0002097024241995268 -0.00019227748902358091 -0.00045869535085801101 -0.00013625135721423122
leaf_weight=85 30 459 40 39 28 31 34
leaf_count=85 30 459 40 39 28 31 34
internal_value=0.000308311 0.000879888 -0.00232323 -0.000379747 0.00210425 0.00244898 0.00205882
internal_weight=746 716 198 158 518 490 119
internal_count=746 716 198 158 518 490 119
is_linear=0
shrinkage=0.05


Tree=7
num_leaves=8
num_cat=0
split_feature=5 8 8 10 5 6 8
split_gain=1.72849 1.8508 0.702438 1.26563 0.650866 0.51751 0.510432
threshold=0.013315616358899069 -0.015190794516121374 -0.060487406047726781 -0.00025977690608347531 0.015419036856771618 -0.70919231675495864 0.04688097442772355
decision_type=2 10 10 2 2 2 10
left_child=2 4 3 -1 -2 -4 -7
right_child=1 -3 5 -5 -6 6 -8
leaf_value=0.00011798306985308699 -0.00028567311358223212 -0.00055903267137443217 0.00019480933073749902 -0.00032657992609657011 0.00011269170622745563 5.1542597454112363e-05 -0.00042982525204004909
leaf_weight=27 35 27 137 26 32 411 50
leaf_count=27 35 27 137 26 32 411 50
internal_value=0.000167785 -0.00617021 0.00108295 -0.00443396 -0.00171642 0.00157191 0.000770065
internal_weight=745 94 651 53 67 598 461
internal_count=745 94 651 53 67 598 461
is_linear=0
shrinkage=0.05


Tree=8
num_leaves=8
num_cat=0
split_feature=13 9 13 4 12 10 8
split_gain=1.84416 0.903225 0.666236 0.733893 1.08889 0.641379 0.521223
threshold=26.284999847412113 -0.024613313273268652 15.144999980926515 0.01923381551669592 0.029255274233742638 0.00054085357346300722 0.04688097442772355
decision_type=2 8 2 2 2 2 8
left_child=1 2 -1 -4 5 -5 -3
right_child=-2 6 3 4 -6 -7 -8
leaf_value=-0.00017399328223997469 -0.00059829894029901404 0.00012314714067902726 7.2666458575165537e-05 0.00013362164400877965 -0.00032285485416584376 -0.00068857432082961283 -0.00014498690880631107
leaf_weight=29 30 434 96 31 30 29 85
leaf_count=29 30 434 96 31 30 29 85
internal_value=0.000484293 0.000980927 -0.00174419 -0.000645161 -0.00388889 1.86265e-10 0.00210983
internal_weight=764 734 215 186 90 60 519
internal_count=764 734 215 186 90 60 519
is_linear=0
shrinkage=0.05


Tree=9
num_leaves=8
num_cat=0
split_feature=5 0 9 12 14 6 16
split_gain=1.67067 1.09215 1.80753 0.382111 0.398052 0.58838 0.54873
threshold=0.012632914235977224 0.0011876151232599332 -0.094495455366061729 -0.036853049265853803 -0.01909405816599757 1.1558128734058983 0.017229303795954335
decision_type=2 2 10 2 2 2 2
left_child=3 2 -2 -1 -5 6 -6
right_child=1 -3 -4 4 5 -7 -8
leaf_value=-6.154799576541885e-05 -3.9107523094085656e-05 1.3451479282331205e-05 -0.0011541041779477706 0.00012110803827077638 0.00013207433439217032 -0.00030308689625755552 -0.00010413337782716128
leaf_weight=44 32 46 30 214 270 41 67
leaf_count=44 32 46 30 214 270 41 67
internal_value=0.000564516 -0.00518518 -0.00951613 0.00154088 0.001875 0.000899471 0.00158754
internal_weight=744 108 62 636 592 378 337
internal_count=744 108 62 636 592 378 337
is_linear=0
shrinkage=0.05


Tree=10
num_leaves=8
num_cat=0
split_feature=4 5 0 8 3 6 8
split_gain=1.43744 1.84031 0.673329 0.699116 0.82024 0.427179 0.39971
threshold=0.022321306633048783 0.015419036856771618 -0.016900108992818182 0.04688097442772355 0.0016231348622252064 -0.22076672324425622 0.021695960452561506
decision_type=2 2 2 8 2 2 10
left_child=2 5 -1 6 -5 -2 -4
right_child=1 -3 3 4 -6 -7 -8
leaf_value=-0.0003366013011867194 -0.00033795736426161572 1.4865385379927373e-05 3.5896848658532531e-05 6.3878260802334644e-05 -0.00063942925542676357 -0.00042345730942881083 0.00021080219496902877
leaf_weight=26 25 41 369 50 27 26 185
leaf_count=26 25 41 369 50 27 26 185
internal_value=0.00052737 -0.00532609 0.00134703 0.00167195 -0.00279221 -0.0116667 0.00229242
internal_weight=749 92 657 631 77 51 554
internal_count=749 92 657 631 77 51 554
is_linear=0
shrinkage=0.05


Tree=11
num_leaves=8
num_cat=0
split_feature=12 7 6 9 1 1 0
split_gain=0.679807 0.702529 0.42862 0.524211 0.759375 0.802778 0.450189
threshold=-0.037333173257957868 -0.015183202485175682 -1.0645873800523435 -0.051375903090470014 0.0027608667473777442 -0.012100687456143398 -0.013468643674506451
decision_type=2 2 2 8 2 2 2
left_child=1 -1 -2 4 5 -4 -5
right_child=2 -3 3 6 -6 -7 -8
leaf_value=-0.00041674203106176964 0.00012076152766117663 2.0508216746917941e-05 -5.7000928908756233e-05 -0.00024731066004512374 0.00013535351126382772 -0.00023056742764873748 7.579181757839319e-05
leaf_weight=26 71 41 60 26 64 36 423
leaf_count=26 71 41 60 26 64 36 423
internal_value=0.000850067 -0.00395522 0.00132353 0.00089491 -0.0015625 -0.004375 0.0017706
internal_weight=747 67 680 609 160 96 449
internal_count=747 67 680 609 160 96 449
is_linear=0
shrinkage=0.05


end of trees

feature_importances:
dist_ma50=17
ret_1d=9
parkinson_20=9
dist_ma200=8
vix_level=7
atr_pct=6
dvol_z_20=6
spy_ret_20d=6
spy_ret_1d=4
vix_chg_1d=3
ret_5d=2
spy_ret_5d=2
ret_20d=1
overnight_gap=1
dist_ma20=1
sector_ret_1d=1
sector_ret_5d=1

parameters:
[boosting: gbdt]
[objective: quantile]
[metric: quantile]
[tree_learner: serial]
[device_type: cpu]
[data_sample_strategy: bagging]
[data: ]
[valid: ]
[num_iterations: 80]
[learning_rate: 0.05]
[num_leaves: 8]
[num_threads: 1]
[seed: 0]
[deterministic: 0]
[force_col_wise: 1]
[force_row_wise: 0]
[histogram_pool_size: -1]
[max_depth: -1]
[min_data_in_leaf: 25]
[min_sum_hessian_in_leaf: 0.001]
[bagging_fraction: 0.9]
[pos_bagging_fraction: 1]
[neg_bagging_fraction: 1]
[bagging_freq: 1]
[bagging_seed: 3]
[bagging_by_query: 0]
[feature_fraction: 0.9]
[feature_fraction_bynode: 1]
[feature_fraction_seed: 2]
[extra_trees: 0]
[extra_seed: 6]
[early_stopping_round: 0]
[early_stopping_min_delta: 0]
[first_metric_only: 0]
[max_delta_step: 0]
[lambda_l1: 0]
[lambda_l2: 0]
[linear_lambda: 0]
[min_gain_to_split: 0]
[drop_rate: 0.1]
[max_drop: 50]
[skip_drop: 0.5]
[xgboost_dart_mode: 0]
[uniform_drop: 0]
[drop_seed: 4]
[top_rate: 0.2]
[other_rate: 0.1]
[min_data_per_group: 100]
[max_cat_threshold: 32]
[cat_l2: 10]
[cat_smooth: 10]
[max_cat_to_onehot: 4]
[top_k: 20]
[monotone_constraints: ]
[monotone_constraints_method: basic]
[monotone_penalty: 0]
[feature_contri: ]
[forcedsplits_filename: ]
[refit_decay_rate: 0.9]
[cegb_tradeoff: 1]
[cegb_penalty_split: 0]
[cegb_penalty_feature_lazy: ]
[cegb_penalty_feature_coupled: ]
[path_smooth: 0]
[interaction_constraints: ]
[verbosity: -1]
[saved_feature_importance_type: 0]
[use_quantized_grad: 0]
[num_grad_quant_bins: 4]
[quant_train_renew_leaf: 0]
[stochastic_rounding: 1]
[linear_tree: 0]
[max_bin: 255]
[max_bin_by_feature: ]
[min_data_in_bin: 3]
[bin_construct_sample_cnt: 200000]
[data_random_seed: 1]
[is_enable_sparse: 1]
[enable_bundle: 1]
[use_missing: 1]
[zero_as_missing: 0]
[feature_pre_filter: 1]
[pre_partition: 0]
[two_round: 0]
[header: 0]
[label_column: ]
[weight_column: ]
[group_column: ]
[ignore_column: ]
[categorical_feature: ]
[forcedbins_filename: ]
[precise_float_parser: 0]
[parser_config_file: ]
[objective_seed: 5]
[num_class: 1]
[is_unbalance: 0]
[scale_pos_weight: 1]
[sigmoid: 1]
[boost_from_average: 1]
[reg_sqrt: 0]
[alpha: 0.1]
[fair_c: 1]
[poisson_max_delta_step: 0.7]
[tweedie_variance_power: 1.5]
[lambdarank_truncation_level: 30]
[lambdarank_norm: 1]
[label_gain: ]
[lambdarank_position_bias_regularization: 0]
[eval_at: ]
[multi_error_top_k: 1]
[auc_mu_weights: ]
[num_machines: 1]
[local_listen_port: 12400]
[time_out: 120]
[machine_list_filename: ]
[machines: ]
[gpu_platform_id: -1]
[gpu_device_id: -1]
[gpu_device_id_list: ]
[gpu_use_dp: 0]
[num_gpu: 1]

end of parameters

pandas_categorical:[]
