tree
version=v4
num_class=1
num_tree_per_iteration=1
label_index=0
max_feature_idx=16
objective=quantile
feature_names=ret_1d ret_5d ret_20d overnight_gap atr_pct parkinson_20 dvol_z_20 dist_ma20 dist_ma50 dist_ma200 spy_ret_1d spy_ret_5d spy_ret_20d vix_level vix_chg_1d sector_ret_1d sector_ret_5d
feature_infos=[-0.14466393435134728:0.10192052851872457] [-0.21354870655697777:0.17525655884719704] [-0.22784809840625908:0.26360495274696305] [-0.065569227933442775:0.086988113817590085] [0.020454465111732809:0.073182118487711958] [0.013152729792508748:0.037382263312171628] [-2.6634855410441207:4.098179320429197] [-0.18741023351265107:0.1590013354230142] [-0.20698283377096793:0.21735237332525492] [-0.2392906300227976:0.48542686097199939] [-0.058542971330535654:0.10501930183911301] [-0.11496151859245618:0.082843162776128354] [-0.1226559005192206:0.15756591020035837] [11.859999656677246:52.330001831054688] [-0.35753873962348437:0.74039073966007019] [-0.091999030713283303:0.077446336732958532] [-0.18680848466589095:0.088372074287953684]
tree_sizes=820 850 858 863 861 863 856 850 855 865 862 849 852 868 867 862 865 872 856 861 867 859 867 874 877 874 866 875 857 862

Tree=0
num_leaves=8
num_cat=0
split_feature=5 6 14 2 14 6 4
split_gain=1.43566 1.14267 1.14858 1.55378 0.732272 0.546218 0.47979
threshold=0.0233300252775792 -0.45409358520989535 0.036556757472233643 0.079097542979789562 0.060125948457031016 -0.37569253730557789 0.025283700486135315
decision_type=2 2 2 2 2 2 2
left_child=1 -1 5 4 -4 -3 -7
right_child=-2 2 3 -5 -6 6 -8
leaf_value=0.034861437728354518 0.035643853925475866 0.035505216399422945 0.035977176498151242 0.03578801886363514 0.035080980136584873 0.035371475747926942 0.034991615621225838
leaf_weight=262 44 27 26 34 59 40 246
leaf_count=262 44 27 26 34 59 40 246
internal_value=0.0351024 0.0345471 0.0361271 0.0403084 0.0366949 0.0345375 0.0338957
internal_weight=738 694 432 119 85 313 286
internal_count=738 694 432 119 85 313 286
is_linear=0
shrinkage=1


Tree=1
num_leaves=8
num_cat=0
split_feature=13 3 16 1 13 8 7
split_gain=1.70209 0.781263 0.75765 1.43217 1.47846 1.03774 0.486864
threshold=21.755000114440922 -0.0039775488111554727 0.015998182638565787 0.034019518668549693 17.695000648498539 -0.11933964882602748 0.018556634594422364
decision_type=2 2 2 2 2 10 2
left_child=2 -2 5 4 -4 -1 -3
right_child=1 6 3 -5 -6 -7 -8
leaf_value=0.00064319217969271373 0.00069835368411096815 -6.2965410233206242e-05 0.0002716552791850492 -0.00014995444438396473 0.0013592259859450562 -0.00028472902519155967 0.00056346027915202474
leaf_weight=28 26 32 65 130 25 394 25
leaf_count=28 26 32 65 130 25 394 25
internal_value=0.000310344 0.00704819 -0.000560749 0.00181818 0.00666667 -0.00180095 0.00377193
internal_weight=725 83 642 220 90 422 57
internal_count=725 83 642 220 90 422 57
is_linear=0
shrinkage=0.05


Tree=2
num_leaves=8
num_cat=0
split_feature=13 6 14 2 16 7 0
split_gain=1.05162 0.694645 0.644799 0.788448 0.751265 1.6346 0.57619
threshold=23.529999732971195 -0.5750043737332623 0.036556757472233643 0.079097542979789562 0.020925928210011494 0.016067361915310222 -0.0039008832376604681
decision_type=2 2 2 2 2 2 2
left_child=1 -1 4 -4 -3 -6 -2
right_child=6 2 3 -5 5 -7 -8
leaf_value=-0.00037508901855315277 0.00085967916770480601 -0.00026383050429104084 0.00011009038866477248 0.00046277198114628233 0.00074115138995500991 -0.00011369341332186508 2.789516643170955e-06
leaf_weight=233 28 229 77 29 28 79 32
leaf_count=233 28 229 77 29 28 79 32
internal_value=-0.000510205 -0.00107408 9.04965e-05 0.00349056 -0.000982144 0.00247663 0.00583333
internal_weight=735 675 442 106 336 107 60
internal_count=735 675 442 106 336 107 60
is_linear=0
shrinkage=0.05


Tree=3
num_leaves=8
num_cat=0
split_feature=13 6 13 4 10 11 16
split_gain=1.34578 1.15015 1.0209 0.842624 0.634486 0.475219 0.530282
threshold=23.529999732971195 -0.57936911309209915 17.695000648498539 0.029152812779705672 -0.0036673028529217162 0.025879886513439202 0.0095532677829074392
decision_type=2 2 2 2 2 2 2
left_child=1 -1 5 -4 -5 6 -3
right_child=-2 2 3 4 -6 -7 -8
leaf_value=-0.00034712789063808956 0.00040010659113809063 -0.00025018265065610489 0.0010279444883585028 0.0010635420422421588 -5.9580781519257345e-05 0.00017721635652810593 4.2109966586090687e-05
leaf_weight=221 61 157 25 45 58 28 138
leaf_count=221 61 157 25 45 58 28 138
internal_value=0.000184173 -0.000461311 0.000986695 0.00476562 0.00276699 -0.000510837 -0.0011017
internal_weight=733 672 451 128 103 323 295
internal_count=733 672 451 128 103 323 295
is_linear=0
shrinkage=0.05


Tree=4
num_leaves=8
num_cat=0
split_feature=13 0 6 13 16 1 16
split_gain=1.39271 1.20198 0.871447 0.987147 1.0225 2.60019 0.380632
threshold=21.755000114440922 -0.0098783716762269585 -0.57936911309209915 17.695000648498539 -0.0067402047098848441 0.034150176618094059 0.0037088555201506561
decision_type=2 2 2 2 2 2 2
left_child=2 -2 -1 6 -5 -6 -4
right_child=1 -3 3 4 5 -7 -8
leaf_value=-0.00040142155379337444 0.00077244574585559958 6.6803026679370522e-05 -0.00026226090444492152 -0.00021050025340705282 0.0013419394581324171 -7.3951303573798597e-05 -7.8071212193666671e-08
leaf_weight=211 29 49 143 46 36 34 183
leaf_count=211 29 49 143 46 36 34 183
internal_value=-0.000417238 0.00589743 -0.00117152 9.04965e-05 0.00405172 0.00785714 -0.00131902
internal_weight=731 78 653 442 116 70 326
internal_count=731 78 653 442 116 70 326
is_linear=0
shrinkage=0.05


Tree=5
num_leaves=8
num_cat=0
split_feature=5 16 16 3 8 16 10
split_gain=1.35171 0.636669 1.50561 1.05635 0.870705 0.849845 0.447171
threshold=0.024266302539918131 0.01162520810157597 0.030624490036051392 0.0066202325891715494 -0.1449062952888219 0.024778235767326632 0.0049263446860405855
decision_type=2 2 2 2 10 2 2
left_child=1 4 3 5 -1 6 -3
right_child=-2 2 -4 -5 -6 -7 -8
leaf_value=0.00083528697603572942 0.0007509909838926981 -0.00036070832873458985 -0.00031174692232022573 0.00089997311882924276 -0.00021429361915162624 0.00030974368764580029 0.00015294653597828928
leaf_weight=25 30 58 116 40 399 33 26
leaf_count=25 30 58 116 40 399 33 26
internal_value=-0.000392023 -0.000839313 0.00104395 0.00423567 -0.00205189 0.00183761 -0.000833335
internal_weight=727 697 273 157 424 117 84
internal_count=727 697 273 157 424 117 84
is_linear=0
shrinkage=0.05


Tree=6
num_leaves=8
num_cat=0
split_feature=13 6 3 0 11 9 15
split_gain=1.04591 0.860704 0.673435 1.03059 0.691356 1.17664 0.54697
threshold=23.529999732971195 -0.57936911309209915 0.010575790563313483 0.022152958656229464 -0.013624975324509013 0.052440383888028415 0.0015556416067997738
decision_type=2 2 2 2 2 8 2
left_child=1 -1 4 -4 5 -3 -2
right_child=6 2 3 -5 -6 -7 -8
leaf_value=-0.00036631820006519762 0.00085094127398489209 -6.0974682924720954e-05 0.00093199367158168652 -0.00013443553956955361 -6.4248397241766241e-05 0.0007781206452530297 -1.100235403512051e-06
leaf_weight=219 33 27 30 29 336 31 27
leaf_count=219 33 27 30 29 336 31 27
internal_value=-0.000491804 -0.00105655 0.000187637 0.00516949 -0.000558377 0.00448276 0.00583333
internal_weight=732 672 453 59 394 58 60
internal_count=732 672 453 59 394 58 60
is_linear=0
shrinkage=0.05


Tree=7
num_leaves=8
num_cat=0
split_feature=14 4 7 1 6 14 8
split_gain=1.21853 1.54029 0.87577 0.903543 0.404107 0.637952 0.398049
threshold=0.054851608491687472 0.036457153767747615 -0.012424697384358417 0.034150176618094059 0.72711829431637798 0.002332059017398858 0.031787366090686782
decision_type=2 2 2 2 2 2 8
left_child=4 2 -2 -4 -1 6 -6
right_child=1 -3 3 -5 5 -7 -8
leaf_value=-0.00014262470588423141 -0.00029655693236717707 0.00087709380097555846 0.00083292579883734999 -8.4353809831588233e-05 -0.00024242850011191734 0.00045732063247844786 0.00011115296624374784
leaf_weight=497 37 25 43 25 34 27 41
leaf_count=497 37 25 43 25 34 27 41
internal_value=-0.000541839 0.00384615 0.00119047 0.00455882 -0.00149416 0.00137255 -0.001
internal_weight=729 130 105 68 599 102 75
internal_count=729 130 105 68 599 102 75
is_linear=0
shrinkage=0.05


Tree=8
num_leaves=8
num_cat=0
split_feature=13 6 9 13 9 15 11
split_gain=0.563639 0.571935 0.796667 0.686486 0.479084 0.491354 0.368336
threshold=17.695000648498539 0.41340707494823659 -0.11481759007579222 19.440000534057621 0.21737626484314879 0.0099797345974551605 -0.013624975324509013
decision_type=2 2 8 2 10 2 2
left_child=6 2 -2 -3 5 -4 -1
right_child=1 3 4 -5 -6 -7 -8
leaf_value=0.00040421603398672277 0.00070355102522599107 0.0010778242876337035 -0.00036245877258686424 2.119339744868098e-05 0.00024334856470922987 1.6644477337039458e-05 -0.00017205774468666442
leaf_weight=30 29 29 103 51 47 26 441
leaf_count=30 29 29 103 51 47 26 441
internal_value=-0.00096561 0.000789472 -0.000609757 0.004375 -0.001875 -0.00344961 -0.0020276
internal_weight=756 285 205 80 176 129 471
internal_count=756 285 205 80 176 129 471
is_linear=0
shrinkage=0.05


Tree=9
num_leaves=8
num_cat=0
split_feature=14 6 8 16 0 12 5
split_gain=0.759677 0.607428 0.663895 0.653953 0.59893 0.687221 0.744615
threshold=0.12708615320093045 -0.45409358520989535 -0.11933964882602748 0.0095532677829074392 0.016651541495013137 0.031413904410270595 0.016445027870240551
decision_type=2 2 10 2 2 2 2
left_child=1 -1 -3 -4 5 6 -5
right_child=-2 2 3 4 -6 -7 -8
leaf_value=-0.00030730184135565708 0.00043928158951551407 0.00062896369456364105 -0.00012772539241933623 0.00077272486804952963 -0.00012537922680412375 0.00032874247303737981 -3.2856836851756496e-05
leaf_weight=271 35 28 210 25 68 29 65
leaf_count=271 35 28 210 25 68 29 65
internal_value=-0.000759235 -0.00112069 5.88223e-05 -0.000465996 0.00168449 0.00382353 0.00166667
internal_weight=731 696 425 397 187 119 90
internal_count=731 696 425 397 187 119 90
is_linear=0
shrinkage=0.05


Tree=10
num_leaves=8
num_cat=0
split_feature=5 16 9 9 6 4 11
split_gain=0.647796 0.39999 0.627036 1.12109 0.523112 0.537783 0.304007
threshold=0.0233300252775792 0.015998182638565787 0.25484461877219849 0.12169670866943651 -0.15368412493670588 0.037053177736665173 0.015185778563904908
decision_type=2 2 8 10 2 2 2
left_child=1 4 3 -3 -1 6 -6
right_child=-2 2 -4 -5 5 -7 -8
leaf_value=-0.00030155522612696249 0.00035165946347313361 -3.4726498690592943e-05 -0.00010948474600053432 0.00083296443602599759 -0.00026918309364417015 0.00062180026867804578 0.00015971732485243082
leaf_weight=258 47 87 95 48 152 27 31
leaf_count=258 47 87 95 48 152 27 31
internal_value=-0.00110738 -0.00148997 0.00021739 0.00240741 -0.00232906 -0.000476192 -0.00144809
internal_weight=745 698 230 135 468 210 183
internal_count=745 698 230 135 468 210 183
is_linear=0
shrinkage=0.05


Tree=11
num_leaves=8
num_cat=0
split_feature=8 16 7 9 8 2 2
split_gain=0.797645 0.819318 0.774113 0.971383 0.72 0.526847 0.648609
threshold=-0.18037449605514291 0.015998182638565787 0.066474408668561483 0.12169670866943651 0.062550114582640384 0.017601151956762821 -0.039382818878456675
decision_type=10 2 2 10 10 2 2
left_child=-1 -2 3 5 -5 6 -3
right_child=1 2 -4 4 -6 -7 -8
leaf_value=0.0008480850498068887 -0.00011734098771596372 -3.7862382579116578e-05 -0.00014904816460868734 0.0013659563106334319 0.0006836505892616519 -0.00044577790534003429 0.00046250568827558311
leaf_weight=28 467 33 74 25 25 42 40
leaf_count=28 467 33 74 25 25 42 40
internal_value=-0.000776568 -0.00110482 0.00127615 0.00318182 0.009 0.000652173 0.00321918
internal_weight=734 706 239 165 50 115 73
internal_count=734 706 239 165 50 115 73
is_linear=0
shrinkage=0.05


Tree=12
num_leaves=8
num_cat=0
split_feature=8 15 12 6 4 6 6
split_gain=0.496896 0.888425 0.896031 1.16736 0.500298 0.424952 0.483541
threshold=0.02121799476354325 0.003300705259876358 0.018742951835996283 0.21521991185369702 0.030728371659085662 0.01763808277461654 -0.61757625265818583
decision_type=8 2 2 2 2 2 2
left_child=-1 2 3 4 -2 6 -4
right_child=1 -3 5 -5 -6 -7 -8
leaf_value=-8.1638383427403726e-05 -0.00030472136906585447 -0.00018646260570356107 -0.00044961741806466907 0.00061318925024804287 0.00076705091220261024 -0.00042863439487504228 0.00021387009602558428
leaf_weight=353 28 174 27 36 32 38 32
leaf_count=353 28 174 27 36 32 38 32
internal_value=-0.00111111 0.000177111 0.00251295 0.0059375 0.00166667 -0.00087629 0.00177966
internal_weight=720 367 193 96 60 97 59
internal_count=720 367 193 96 60 97 59
is_linear=0
shrinkage=0.05


Tree=13
num_leaves=8
num_cat=0
split_feature=8 2 0 0 6 3 13
split_gain=0.566125 0.726199 0.455042 0.977686 1.11122 0.596125 0.520022
threshold=-0.18037449605514291 -0.06982142329521239 -0.0025406502835435547 0.0051280226217671485 -0.70784696486086707 0.0012034920203127799 17.795000076293949
decision_type=10 2 2 2 2 2 2
left_child=-1 -2 -3 4 -4 -6 -5
right_child=1 2 3 6 5 -7 -8
leaf_value=0.00072395129012752966 -0.00015644886864420583 -0.00013991573351467882 -0.0004956749889245541 -0.00022703838874019297 0.00077117994398752951 0.00019757158644262315 8.6331397222951144e-05
leaf_weight=32 112 227 28 168 36 34 96
leaf_count=32 112 227 28 168 36 34 96
internal_value=-0.000566168 -0.000863054 -0.000161292 0.000939225 0.00520408 0.00857143 -0.000643941
internal_weight=733 701 589 362 98 70 264
internal_count=733 701 589 362 98 70 264
is_linear=0
shrinkage=0.05


Tree=14
num_leaves=8
num_cat=0
split_feature=5 2 8 3 16 15 6
split_gain=0.497359 0.427593 0.564121 0.399879 0.547429 0.645492 0.779755
threshold=0.0233300252775792 -0.060436375728036611 -0.07471449466330031 0.0048477380398782586 0.0037088555201506561 0.014350231753314848 -0.44299014650852891
decision_type=2 2 10 2 2 2 2
left_child=1 -1 -3 -4 -5 6 -6
right_child=-2 2 3 4 5 -7 -8
leaf_value=-0.00024424004204872822 0.00014517533576254897 0.0003577366690806966 -8.6518899924988791e-05 -9.2173396420620871e-05 -0.00022098013349372976 -0.00037965017898609335 0.00039687513629536528
leaf_weight=124 45 34 353 58 34 31 45
leaf_count=124 45 34 353 58 34 31 45
internal_value=-0.00120166 -0.00153903 -0.000945947 -0.00135317 0.000654761 0.00272727 0.00512658
internal_weight=724 679 555 521 168 110 79
internal_count=724 679 555 521 168 110 79
is_linear=0
shrinkage=0.05


Tree=15
num_leaves=8
num_cat=0
split_feature=8 16 15 1 16 16 16
split_gain=0.535214 0.739 0.543546 0.543415 0.691909 0.910177 1.10953
threshold=-0.18037449605514291 0.0037088555201506561 -0.0096270675631389118 0.037625033257762237 0.015998182638565787 0.029838764707212587 0.024778235767326632
decision_type=10 2 2 2 2 2 2
left_child=-1 -2 -3 4 -4 6 -6
right_child=1 2 3 -5 5 -7 -8
leaf_value=0.00073864099360094299 -0.00013424553530898772 0.00044327401621688939 -3.8074435518305584e-05 -0.00023367356032119669 0.00015383506126914433 -0.00010891676637994185 0.0007004969394738777
leaf_weight=28 332 30 97 124 41 45 27
leaf_count=28 332 30 97 124 41 45 27
internal_value=-0.00106354 -0.00133621 0.000219779 -0.000359283 0.00119047 0.00384956 0.0075
internal_weight=724 696 364 334 210 113 68
internal_count=724 696 364 334 210 113 68
is_linear=0
shrinkage=0.05


Tree=16
num_leaves=8
num_cat=0
split_feature=8 6 3 14 4 3 6
split_gain=0.827251 0.414446 0.376357 0.537013 1.14093 0.554092 0.649847
threshold=-0.18037449605514291 -0.276294999576911 -0.0033052157971668046 0.039991521680157301 0.030123652992391083 0.0020996392156332759 0.46957059247713423
decision_type=10 2 2 2 2 2 2
left_child=-1 -2 -3 5 -5 6 -4
right_child=1 2 3 4 -6 -7 -8
leaf_value=0.00071576353021414203 -8.1797272376946657e-05 -0.00010711570238292594 0.00060145417908634663 0.0013891726719595932 -7.8051831335014136e-05 -3.1639099183439043e-05 -0.00026767602555078881
leaf_weight=28 342 117 34 29 30 126 31
leaf_count=28 342 117 34 29 30 126 31
internal_value=-0.000929445 -0.00126234 -9.5369e-05 0.000999999 0.00516949 -0.000287959 0.00346154
internal_weight=737 709 367 250 59 191 65
internal_count=737 709 367 250 59 191 65
is_linear=0
shrinkage=0.05


Tree=17
num_leaves=8
num_cat=0
split_feature=8 5 11 7 11 3 11
split_gain=0.719439 0.509075 0.64191 0.479108 0.565994 0.554047 0.386177
threshold=-0.18037449605514291 0.015040649909525744 0.0091893373609573965 0.0033060247815652759 0.025601667077503779 -0.01278611359285786 0.00036209902272010824
decision_type=10 2 2 2 2 2 2
left_child=-1 2 -2 5 6 -3 -5
right_child=1 3 -4 4 -6 -7 -8
leaf_value=0.00060671191812050238 0.00033244532237513403 0.00011167680673918454 -0.00027281881846115446 0.00011674036663732174 0.00023729237756875814 -0.00013205291799785865 -0.00011922588647229954
leaf_weight=32 32 33 26 138 34 277 163
leaf_count=32 32 33 26 138 34 277 163
internal_value=-0.00139456 -0.00172831 0.00275862 -0.00213178 -0.000820897 -0.00354839 -0.00151163
internal_weight=735 703 58 645 335 310 301
internal_count=735 703 58 645 335 310 301
is_linear=0
shrinkage=0.05


Tree=18
num_leaves=8
num_cat=0
split_feature=8 16 16 4 2 9 9
split_gain=0.730729 0.413393 0.506023 0.675608 0.751111 0.882353 0.365656
threshold=-0.18037449605514291 0.015998182638565787 0.033779139327767334 0.035438644618866685 0.023897225600086228 0.12476892706841959 -0.11907599092762937
decision_type=10 2 2 2 2 10 8
left_child=-1 6 3 4 -3 -6 -2
right_child=1 2 -4 -5 5 -7 -8
leaf_value=0.00060213589484082487 1.2028700595396178e-05 0.00065140471212741808 -0.00023093905672316183 -2.7740183271523231e-05 -0.00024481235344133313 0.00034220753751328429 -0.00011741796930342992
leaf_weight=30 31 36 107 35 30 34 430
leaf_count=30 31 36 107 35 30 34 430
internal_value=-0.000975445 -0.00130157 0.0003719 0.00240741 0.0045 0.00125 -0.00218004
internal_weight=733 703 242 135 100 64 461
internal_count=733 703 242 135 100 64 461
is_linear=0
shrinkage=0.05


Tree=19
num_leaves=8
num_cat=0
split_feature=8 9 2 10 14 5 4
split_gain=0.578162 0.402635 0.92841 0.441623 0.770644 0.445905 0.790696
threshold=-0.18037449605514291 -0.066904805500968764 -0.057658250371971691 0.0062898398934669872 -0.050661155749090407 0.016232692979215372 0.026631776829958129
decision_type=10 8 2 2 2 2 2
left_child=-1 2 -2 4 -3 6 -6
right_child=1 3 -4 -5 5 -7 -8
leaf_value=0.00053623054888844691 -9.9045669908551088e-05 0.00018890545380107458 0.00051834978300306731 -0.00025805583070495533 -1.167700918375923e-05 -0.00010107503571107925 0.00037506129585121781
leaf_weight=27 51 30 47 140 79 339 25
leaf_count=27 51 30 47 140 79 339 25
internal_value=-0.00107046 -0.00134318 0.00163265 -0.00181892 -0.0010888 -0.001614 0.00125
internal_weight=738 711 98 613 473 443 104
internal_count=738 711 98 613 473 443 104
is_linear=0
shrinkage=0.05


Tree=20
num_leaves=8
num_cat=0
split_feature=5 0 3 0 1 0 15
split_gain=0.649339 0.834171 0.601287 0.485501 0.239219 0.408728 0.656404
threshold=0.02288652476053633 0.0076277752062511315 0.010575790563313483 0.017613262503696773 -0.064482170824429572 -0.00013236376897873822 -0.0015170730563134891
decision_type=2 2 2 2 2 2 2
left_child=2 -2 4 -4 -1 -6 -7
right_child=1 -3 3 -5 5 6 -8
leaf_value=9.8156164558882607e-05 0.00054841445487900393 -6.3378204277454424e-05 0.0006899685820202406 -2.217805229284637e-05 -0.00024790199069256062 0.00060722201322889891 -3.8909764400604557e-05
leaf_weight=35 36 25 38 30 271 55 246
leaf_count=35 36 25 38 30 271 55 246
internal_value=-0.000923914 0.00401639 -0.00137037 0.00308823 -0.00186985 -0.00211539 -0.000847177
internal_weight=736 61 675 68 607 572 301
internal_count=736 61 675 68 607 572 301
is_linear=0
shrinkage=0.05


Tree=21
num_leaves=8
num_cat=0
split_feature=8 16 1 12 2 3 7
split_gain=0.742833 0.444467 0.664916 0.523676 0.477381 0.609908 0.398867
threshold=-0.18037449605514291 0.015998182638565787 0.033091945663553231 0.031413904410270595 -0.00736565682838941 0.0028203026092187282 0.06141924098319896
decision_type=10 2 2 2 2 2 2
left_child=-1 6 4 -4 -3 -6 -2
right_child=1 2 3 -5 5 -7 -8
leaf_value=0.00051928054315685088 -0.00011801258372098106 0.00071886236320630619 -0.00022222409820474491 0.00014448281290136634 0.00040601993677165057 -0.00032624455752899791 0.00014447796251024786
leaf_weight=30 442 39 93 37 26 35 30
leaf_count=30 442 39 93 37 26 35 30
internal_value=-0.00103825 -0.00136752 0.000434781 -0.00192308 0.0035 0.000737704 -0.00224576
internal_weight=732 702 230 130 100 61 472
internal_count=732 702 230 130 100 61 472
is_linear=0
shrinkage=0.05


Tree=22
num_leaves=8
num_cat=0
split_feature=9 8 14 8 15 1 12
split_gain=0.40564 0.490736 0.653634 0.745372 0.462731 0.626921 0.478668
threshold=-0.10432222451539029 0.02121799476354325 0.039991521680157301 0.059569368290255505 -0.00097040350006821752 -0.019268656092051858 0.019191673463848761
decision_type=8 8 2 10 2 2 2
left_child=-1 -2 4 -4 5 -3 -7
right_child=1 2 3 -5 -6 6 -8
leaf_value=0.00041800985118669719 -0.00011982375050977083 -0.00037939993555556286 0.00050298167701157105 -9.5624603867920889e-06 -0.00012789022312410372 0.00076401190875712618 -1.5958035393569466e-05
leaf_weight=56 306 28 30 57 184 29 45
leaf_count=56 306 28 30 57 184 29 45
internal_value=-0.00105442 -0.00139175 -0.000174264 0.00362069 -0.00132867 0.00137255 0.00378378
internal_weight=735 679 373 87 286 102 74
internal_count=735 679 373 87 286 102 74
is_linear=0
shrinkage=0.05


Tree=23
num_leaves=8
num_cat=0
split_feature=6 5 1 1 1 9 7
split_gain=0.475876 0.441612 0.465603 0.314594 1.32379 0.382394 0.64315
threshold=-0.70784696486086707 0.015040649909525744 -0.067334826615789031 -0.022550405736658782 -0.015525370909048262 0.23940332421543056 -0.012424697384358417
decision_type=2 2 2 2 2 8 2
left_child=-1 -2 -3 -4 -5 6 -6
right_child=1 2 3 4 5 -7 -8
leaf_value=-0.00035895545921835783 0.00027429361153986795 0.00040726650232429039 -0.00012523386608457674 0.00092596396828279197 -0.00012206889285684149 -9.7711504616522884e-05 0.00010369980853697809
leaf_weight=182 42 29 106 26 48 145 159
leaf_count=182 42 29 106 26 48 145 159
internal_value=-0.00113297 -0.000405407 -0.000808968 -0.00117769 -0.000502647 -0.00130682 7.24626e-05
internal_weight=737 555 513 484 378 352 207
internal_count=737 555 513 484 378 352 207
is_linear=0
shrinkage=0.05


Tree=24
num_leaves=8
num_cat=0
split_feature=8 13 7 7 7 0 0
split_gain=0.566335 0.419669 0.54872 0.768369 0.471504 0.396155 1.54542
threshold=-0.18037449605514291 13.59500026702881 -0.016590986367391033 -0.0097815673871736158 0.0039296452505857013 0.0063329223482135885 -0.00045044704693225629
decision_type=10 2 2 2 2 2 2
left_child=-1 -2 -3 -4 -5 6 -6
right_child=1 2 3 4 5 -7 -8
leaf_value=0.00047449515419608728 -0.00030031568893226497 -0.00011560092456042973 0.0010319947302513451 -0.00033348205418706701 -3.3533584318456412e-05 -7.5508791353082303e-05 0.00079347886709542998
leaf_weight=29 114 192 27 56 116 156 39
leaf_count=29 114 192 27 56 116 156 39
internal_value=-0.00150206 -0.00178572 -0.00124573 -0.000177666 -0.000776568 -1.60784e-05 0.00177419
internal_weight=729 700 586 394 367 311 155
internal_count=729 700 586 394 367 311 155
is_linear=0
shrinkage=0.05


Tree=25
num_leaves=8
num_cat=0
split_feature=8 16 15 12 1 8 12
split_gain=0.563439 0.452666 0.757224 0.431568 0.545103 0.520325 0.532684
threshold=-0.15944360907954416 0.0030405071738408567 -0.011017329321215351 0.031413904410270595 0.036654098681926046 -0.037911750058657927 0.017951128324421587
decision_type=10 2 2 2 2 10 2
left_child=-1 -2 -3 4 5 -4 -7
right_child=1 2 3 -5 -6 6 -8
leaf_value=0.0004025483927299451 -0.00011975079828514641 0.00044358039507579955 -0.00017929429983453099 6.1413759075345457e-05 -0.00023814821523277012 0.00012360777331265029 -0.00010362549082056647
leaf_weight=34 337 27 41 99 88 87 36
leaf_count=34 337 27 41 99 88 87 36
internal_value=-0.000994661 -0.00129371 -0.000105821 -0.000726497 -0.0018254 -0.000121952 0.00150406
internal_weight=749 715 378 351 252 164 123
internal_count=749 715 378 351 252 164 123
is_linear=0
shrinkage=0.05


Tree=26
num_leaves=8
num_cat=0
split_feature=5 15 2 5 6 14 5
split_gain=0.620634 0.716535 0.765162 0.444072 0.332847 0.385185 0.666667
threshold=0.020192180697639634 -0.011322093976959267 0.10517487375806901 0.018026241254808301 -0.67007018292867282 -0.060408912479391223 0.022491329109703414
decision_type=2 2 2 2 2 2 2
left_child=3 -2 4 -1 -3 -6 -7
right_child=1 2 -4 -5 5 6 -8
leaf_value=-6.0137550178584125e-05 0.00059763847640477994 -0.00051960159283527269 0.00072669756724674155 -0.00025047552032233942 -0.00029702477038742481 0.00027350370922141681 -5.9407014480695955e-05
leaf_weight=391 42 57 36 134 26 27 27
leaf_count=391 42 57 36 134 26 27 27
internal_value=-0.00121622 0.00104651 -0.000375724 -0.00214286 -0.00208029 -1.19209e-09 0.00240741
internal_weight=740 215 173 525 137 80 54
internal_count=740 215 173 525 137 80 54
is_linear=0
shrinkage=0.05


Tree=27
num_leaves=8
num_cat=0
split_feature=10 14 6 11 12 10 13
split_gain=0.712424 0.44668 0.541859 1.00679 0.890417 0.820513 0.304762
threshold=0.0060857039805553024 -0.048736357061692485 -0.043710088507629148 0.016232184292817257 0.010183672155494096 -0.0052692990008561527 14.484999656677248
decision_type=2 2 2 2 2 2 2
left_child=1 -1 6 4 5 -4 -3
right_child=-2 2 3 -5 -6 -7 -8
leaf_value=0.00035733369050299375 -0.00013088823163786689 -0.00032228080580798835 -9.2696729317170602e-05 0.00036747602363684405 -0.00017459640493017105 0.00053721719140503884 -5.6595208991020063e-05
leaf_weight=41 180 70 39 31 119 39 210
leaf_count=41 180 70 39 31 119 39 210
internal_value=-0.00115912 -0.000264118 -0.000669293 0.00114035 -0.000177666 0.00397436 -0.00214286
internal_weight=729 549 508 228 197 78 280
internal_count=729 549 508 228 197 78 280
is_linear=0
shrinkage=0.05


Tree=28
num_leaves=8
num_cat=0
split_feature=13 16 1 2 13 13 2
split_gain=0.490098 0.496079 1.14304 0.763126 0.699735 0.618357 0.265662
threshold=17.744999885559086 -0.0067402047098848441 0.034019518668549693 -0.026552427174624523 19.814999580383304 24.119999885559086 -0.068514359377963061
decision_type=2 2 2 2 2 2 2
left_child=6 5 3 -3 -5 -2 -1
right_child=1 2 -4 4 -6 -7 -8
leaf_value=-0.00015120220615593243 -0.00026133999694877486 0.0010635419660343216 -0.0001308031888100412 -0.00012973102177598123 0.00048496949387137232 0.00023845812338572052 -7.0099350740105519e-05
leaf_weight=69 90 28 65 27 36 25 402
leaf_count=69 90 28 65 27 36 25 402
internal_value=-0.00115903 0.000535054 0.00237179 0.00598901 0.00293651 -0.00195652 -0.00213376
internal_weight=742 271 156 91 63 115 471
internal_count=742 271 156 91 63 115 471
is_linear=0
shrinkage=0.05


Tree=29
num_leaves=8
num_cat=0
split_feature=15 9 6 7 8 6 11
split_gain=0.417916 0.416667 0.291431 0.286618 0.691804 0.779546 1.0397
threshold=-0.018093369068765571 -0.066904805500968764 -0.5750043737332623 0.0544079802527715 0.032124381084341132 -0.36717944632172467 -0.00043728349314975373
decision_type=2 10 2 2 8 2 2
left_child=1 -1 -2 4 -4 -6 -7
right_child=2 -3 3 -5 5 6 -8
leaf_value=0.00045993068925055799 -0.00019025617265593998 -8.7695089853345663e-05 -4.628773916490379e-05 -0.00010289152413095254 0.00022054683470177215 0.00080220737772623201 -5.1153504274633006e-05
leaf_weight=30 233 30 205 114 26 38 52
leaf_count=30 233 30 205 114 26 38 52
internal_value=-0.00149725 0.0025 -0.00185629 -0.00109196 -0.000327104 0.00275862 0.000555554
internal_weight=728 60 668 435 321 116 90
internal_count=728 60 668 435 321 116 90
is_linear=0
shrinkage=0.05


end of trees

feature_importances:
dvol_z_20=22
dist_ma50=21
sector_ret_5d=21
vix_level=16
ret_5d=12
ret_20d=12
parkinson_20=12
dist_ma200=12
ret_1d=11
dist_ma20=11
vix_chg_1d=11
overnight_gap=10
sector_ret_1d=10
spy_ret_5d=9
atr_pct=8
spy_ret_20d=7
spy_ret_1d=5

parameters:
[boosting: gbdt]
[objective: quantile]
[metric: quantile]
[tree_learner: serial]
[device_type: cpu]
[data_sample_strategy: bagging]
[data: ]
[valid: ]
[num_iterations: 80]
[learning_rate: 0.05]
[num_leaves: 8]
[num_threads: 1]
[seed: 0]
[deterministic: 0]
[force_col_wise: 1]
[force_row_wise: 0]
[histogram_pool_size: -1]
[max_depth: -1]
[min_data_in_leaf: 25]
[min_sum_hessian_in_leaf: 0.001]
[bagging_fraction: 0.9]
[pos_bagging_fraction: 1]
[neg_bagging_fraction: 1]
[bagging_freq: 1]
[bagging_seed: 3]
[bagging_by_query: 0]
[feature_fraction: 0.9]
[feature_fraction_bynode: 1]
[feature_fraction_seed: 2]
[extra_trees: 0]
[extra_seed: 6]
[early_stopping_round: 0]
[early_stopping_min_delta: 0]
[first_metric_only: 0]
[max_delta_step: 0]
[lambda_l1: 0]
[lambda_l2: 0]
[linear_lambda: 0]
[min_gain_to_split: 0]
[drop_rate: 0.1]
[max_drop: 50]
[skip_drop: 0.5]
[xgboost_dart_mode: 0]
[uniform_drop: 0]
[drop_seed: 4]
[top_rate: 0.2]
[other_rate: 0.1]
[min_data_per_group: 100]
[max_cat_threshold: 32]
[cat_l2: 10]
[cat_smooth: 10]
[max_cat_to_onehot: 4]
[top_k: 20]
[monotone_constraints: ]
[monotone_constraints_method: basic]
[monotone_penalty: 0]
[feature_contri: ]
[forcedsplits_filename: ]
[refit_decay_rate: 0.9]
[cegb_tradeoff: 1]
[cegb_penalty_split: 0]
[cegb_penalty_feature_lazy: ]
[cegb_penalty_feature_coupled: ]
[path_smooth: 0]
[interaction_constraints: ]
[verbosity: -1]
[saved_feature_importance_type: 0]
[use_quantized_grad: 0]
[num_grad_quant_bins: 4]
[quant_train_renew_leaf: 0]
[stochastic_rounding: 1]
[linear_tree: 0]
[max_bin: 255]
[max_bin_by_feature: ]
[min_data_in_bin: 3]
[bin_construct_sample_cnt: 200000]
[data_random_seed: 1]
[is_enable_sparse: 1]
[enable_bundle: 1]
[use_missing: 1]
[zero_as_missing: 0]
[feature_pre_filter: 1]
[pre_partition: 0]
[two_round: 0]
[header: 0]
[label_column: ]
[weight_column: ]
[group_column: ]
[ignore_column: ]
[categorical_feature: ]
[forcedbins_filename: ]
[precise_float_parser: 0]
[parser_config_file: ]
[objective_seed: 5]
[num_class: 1]
[is_unbalance: 0]
[scale_pos_weight: 1]
[sigmoid: 1]
[boost_from_average: 1]
[reg_sqrt: 0]
[alpha: 0.9]
[fair_c: 1]
[poisson_max_delta_step: 0.7]
[tweedie_variance_power: 1.5]
[lambdarank_truncation_level: 30]
[lambdarank_norm: 1]
[label_gain: ]
[lambdarank_position_bias_regularization: 0]
[eval_at: ]
[multi_error_top_k: 1]
[auc_mu_weights: ]
[num_machines: 1]
[local_listen_port: 12400]
[time_out: 120]
[machine_list_filename: ]
[machines: ]
[gpu_platform_id: -1]
[gpu_device_id: -1]
[gpu_device_id_list: ]
[gpu_use_dp: 0]
[num_gpu: 1]

end of parameters

pandas_categorical:[]
