tree
version=v4
num_class=1
num_tree_per_iteration=1
label_index=0
max_feature_idx=16
objective=quantile
feature_names=ret_1d ret_5d ret_20d overnight_gap atr_pct parkinson_20 dvol_z_20 dist_ma20 dist_ma50 dist_ma200 spy_ret_1d spy_ret_5d spy_ret_20d vix_level vix_chg_1d sector_ret_1d sector_ret_5d
feature_infos=[-0.057926829268292734:0.075362849686369637] [-0.12179332529151587:0.1236699073719667] [-0.17819148936170226:0.16721324749989885] [-0.058982948771031829:0.037069505322479657] [0.010371156342250639:0.042824551873981542] [0.0067312758832411904:0.024491649393061195] [-2.8045909670405669:4.3079099524186111] [-0.11701626612816818:0.10843873890881617] [-0.14392930998530962:0.14971479883173222] [-0.14327366269631681:0.17620801293671784] [-0.058542947643003718:0.10501933612632941] [-0.11496158439845272:0.082843216242346029] [-0.12265592443394913:0.15756596870864792] [11.859999656677246:52.330001831054688] [-0.35753873962348437:0.74039073966007019] [-0.06285260230433054:0.088816354578251211] [-0.11675897124649115:0.08529462291702461]
tree_sizes=853 859 855 856 858 866 857 861 856 855 863 861 847 859 858 860 860 861 852 853 861 857 853 852 864 861 857 855 856 854 865 856

Tree=0
num_leaves=8
num_cat=0
split_feature=4 6 15 1 15 9 10
split_gain=5.8767 2.79756 4.64302 2.58006 2.18931 2.10051 2.63266
threshold=0.019384385030485476 0.067050789796725865 -0.00010988201278760988 -0.0023184380935714617 -0.0031276691604917302 0.032354124647287381 0.0034564160857036845
decision_type=2 2 2 2 2 8 2
left_child=1 3 -3 4 -1 -5 -7
right_child=-2 2 -4 5 -6 6 -8
leaf_value=-0.0067676550475880507 -0.0070759299211204055 -0.006881980679463595 -0.0070919292513281105 -0.0067826361104380336 -0.0070074099348857999 -0.0069850924191996455 -0.006756566511467099
leaf_weight=58 227 90 95 96 80 55 49
leaf_count=58 227 90 95 96 80 55 49
internal_value=-0.00694797 -0.0040321 -0.008975 -0.00132667 -0.00658565 0.00230203 -0.00262105
internal_weight=750 523 185 338 138 200 104
internal_count=750 523 185 338 138 200 104
is_linear=0
shrinkage=1


Tree=1
num_leaves=8
num_cat=0
split_feature=3 4 11 11 1 1 4
split_gain=3.1868 2.56022 2.02998 3.14761 1.93467 2.67225 1.82643
threshold=0.010628634219938761 0.019384385030485476 0.0036681658206255689 0.0023966928807116488 -0.018675513665359019 -0.013425518689292036 0.015554711201336873
decision_type=2 2 2 2 2 2 2
left_child=1 2 3 4 -1 -6 -7
right_child=-2 -3 -4 -5 5 6 -8
leaf_value=9.7484701254870745e-05 -0.00025180764961987731 -9.8156095482408994e-05 0.0001035492162918672 -0.0002111666342534591 -0.00015969521948136389 -0.00011196875595487653 0.00010509158251807093
leaf_weight=70 25 197 271 28 27 49 67
leaf_count=70 25 197 271 28 27 49 67
internal_value=0.000544959 0.00116361 0.00302734 -0.000311203 0.00176056 -0.00157343 0.00172414
internal_weight=734 709 512 241 213 143 116
internal_count=734 709 512 241 213 143 116
is_linear=0
shrinkage=0.05


Tree=2
num_leaves=8
num_cat=0
split_feature=6 4 1 0 8 14 4
split_gain=3.84057 3.11516 2.8542 2.6211 2.4485 2.5577 2.37429
threshold=0.56514165316907483 0.019384385030485476 -0.0035037775921932242 0.0010883410251361083 0.047958147636943178 0.00619378828642947 0.017463930720318103
decision_type=2 2 2 2 8 2 2
left_child=1 2 6 -2 5 -4 -1
right_child=3 -3 4 -5 -6 -7 -8
leaf_value=-7.7351032912702049e-05 -2.3805308417649933e-05 -6.5985216991975887e-05 0.00015205652439180995 -0.00026239226918551141 -4.4393868854967872e-05 6.5107365313451729e-05 0.00022634603769984096
leaf_weight=124 82 174 123 71 59 81 35
leaf_count=124 82 174 123 71 59 81 35
internal_value=0.000367156 0.00218121 0.00450237 -0.00669935 0.00769962 0.0102941 -0.000786164
internal_weight=749 596 422 153 263 204 159
internal_count=749 596 422 153 263 204 159
is_linear=0
shrinkage=0.05


Tree=3
num_leaves=8
num_cat=0
split_feature=4 6 10 14 12 1 1
split_gain=3.68606 1.95575 2.54825 2.27516 2.0653 2.00732 2.88174
threshold=0.019384385030485476 0.067050789796725865 0.0012069749261046649 0.0053913947730825926 0.020229769594439787 -0.0035037775921932242 -0.018675513665359019
decision_type=2 2 2 2 2 2 2
left_child=1 5 3 -3 -5 6 -1
right_child=-2 2 -4 4 -6 -7 -8
leaf_value=0.00015281393487148306 -0.00010770953762112186 9.1208273816846501e-05 -0.00012233715801503422 4.697315203084146e-05 -0.00033207921117864319 0.00010951600506778053 -8.9553525633709791e-05
leaf_weight=43 222 30 89 47 25 205 82
leaf_count=43 222 30 89 47 25 205 82
internal_value=-0.000235532 0.00206334 -0.00196335 0.00343137 -0.00138889 0.00439394 -0.0006
internal_weight=743 521 191 102 72 330 125
internal_count=743 521 191 102 72 330 125
is_linear=0
shrinkage=0.05


Tree=4
num_leaves=8
num_cat=0
split_feature=4 0 1 15 3 15 14
split_gain=3.04362 2.78129 2.428 3.3767 3.25952 1.95495 2.28241
threshold=0.019384385030485476 0.017426505565597997 -0.0047730276749061154 -0.0031276691604917302 -0.00031479042387239081 0.010115798616451068 -0.054330610723124943
decision_type=2 2 2 2 2 2 2
left_child=1 2 3 -1 -5 6 -4
right_child=-2 -3 5 4 -6 -7 -8
leaf_value=6.2472967138860406e-05 -9.409182883551692e-05 -0.0002777630936118567 0.00014755458388173793 -0.00018063089501217292 2.484093452312375e-07 0.00022672291391220828 6.4585798277603328e-05
leaf_weight=88 222 26 25 45 63 37 240
leaf_count=88 222 26 25 45 63 37 240
internal_value=0.000402145 0.00248092 0.00331325 -0.00102041 -0.00694444 0.00612583 0.00462264
internal_weight=746 524 498 196 108 302 265
internal_count=746 524 498 196 108 302 265
is_linear=0
shrinkage=0.05


Tree=5
num_leaves=8
num_cat=0
split_feature=4 6 9 7 10 16 1
split_gain=3.49036 2.33495 1.46993 1.88325 1.85621 1.45425 2.36513
threshold=0.019384385030485476 -0.80074337581875132 -0.012483724412008233 -0.0185163017530901 -0.0065884728107576387 -0.019630894673623164 -0.0027843210493541655
decision_type=2 2 8 2 2 2 2
left_child=1 -1 3 -2 -4 -3 -7
right_child=2 5 4 -5 -6 6 -8
leaf_value=0.00013759847838583995 -0.00011186050905125012 0.00010057926934131297 8.1863550448550102e-05 0.00015167910184500947 -0.00020561449418054689 -8.0816497535344297e-05 4.5451008537385163e-05
leaf_weight=84 45 51 29 38 112 132 246
leaf_count=84 45 51 29 38 112 132 246
internal_value=-0.000373134 0.00190058 -0.00558036 -0.000301205 -0.00868794 0.000407925 -0.000661376
internal_weight=737 513 224 83 141 429 378
internal_count=737 513 224 83 141 429 378
is_linear=0
shrinkage=0.05


Tree=6
num_leaves=8
num_cat=0
split_feature=4 6 15 8 16 16 11
split_gain=3.82917 2.07158 2.78 1.75535 2.48864 2.0074 2.08682
threshold=0.019384385030485476 0.49884446298253965 -0.0013456521253511486 0.032798288766800916 0.0091137781660303192 -0.023739338101520454 0.010968315958417631
decision_type=2 2 2 8 2 2 2
left_child=1 3 -3 4 5 -1 -7
right_child=-2 2 -4 -5 -6 6 -8
leaf_value=0.00018359021124623093 -9.4891258441978047e-05 4.8504382899376981e-05 -0.00017657354218676669 -2.4923506977499307e-05 0.0001430100607802918 -2.4605266942853787e-05 0.000134163286260201
leaf_weight=26 224 48 66 117 98 131 36
leaf_count=26 224 48 66 117 98 131 36
internal_value=-0.000335121 0.00201149 -0.00394737 0.00367647 0.00575601 0.00246114 0.000449102
internal_weight=746 522 114 408 291 193 167
internal_count=746 522 114 408 291 193 167
is_linear=0
shrinkage=0.05


Tree=7
num_leaves=8
num_cat=0
split_feature=4 1 8 15 3 3 1
split_gain=3.7867 2.36153 4.24566 2.39481 3.27175 2.43333 1.7211
threshold=0.019384385030485476 0.0097111726144069061 0.037162433777376831 -0.0031276691604917302 -0.00042629879393507592 0.0015244341144643461 -0.019753617754509619
decision_type=2 2 8 2 2 2 2
left_child=1 3 -3 5 -5 6 -1
right_child=-2 2 -4 4 -6 -7 -8
leaf_value=0.00014538684422016942 -8.491238108771522e-05 0.00013440386303883531 -1.4727135212583764e-05 -0.00017320916625201608 6.8335534507903313e-06 -0.00010679839915890442 4.842629312189488e-05
leaf_weight=31 230 107 91 74 116 31 65
leaf_count=31 230 107 91 74 116 31 65
internal_value=-0.000100671 0.00228155 0.00656566 -0.000394322 -0.00394737 0.00492126 0.00885417
internal_weight=745 515 198 317 190 127 96
internal_count=745 515 198 317 190 127 96
is_linear=0
shrinkage=0.05


Tree=8
num_leaves=8
num_cat=0
split_feature=4 1 0 11 2 13 1
split_gain=4.02932 2.24213 2.93443 2.68666 2.46507 2.40349 2.27837
threshold=0.019384385030485476 0.0027468570362766402 0.017426505565597997 -0.023324980459216712 0.0045311825262702729 17.164999961853031 -0.018324581521966418
decision_type=2 2 2 2 2 2 2
left_child=1 3 4 -1 -3 -5 -7
right_child=-2 2 -4 5 -6 6 -8
leaf_value=0.00012279485930361943 -8.0666762033329467e-05 0.00014327834102987629 -0.00014561734378725708 1.65000185318882e-05 7.9896501960078248e-05 3.2374053009009672e-06 -0.00028720561025419609
leaf_weight=31 228 71 26 177 157 28 46
leaf_count=31 228 71 26 177 157 28 46
internal_value=0.00052356 0.00289179 0.00629921 -0.000177305 0.00811404 -0.00189243 -0.00945946
internal_weight=764 536 254 282 228 251 74
internal_count=764 536 254 282 228 251 74
is_linear=0
shrinkage=0.05


Tree=9
num_leaves=8
num_cat=0
split_feature=4 9 6 10 0 6 3
split_gain=2.334 1.93665 1.68709 1.55947 2.00004 1.43034 1.95923
threshold=0.019384385030485476 -0.012483724412008233 0.15191078370787806 0.0025358686375718258 -0.0073010554583921574 0.056378957962519162 0.0029979649200658769
decision_type=2 8 2 2 2 2 2
left_child=5 2 -2 4 -3 -1 -7
right_child=1 3 -4 -5 -6 6 -8
leaf_value=7.4955448584888802e-05 0.00012322792926101924 -0.00029711392681815683 -0.00029919916770045443 -0.00026952637333192898 5.6198725424882375e-05 5.9772800131431856e-06 -0.00015978765083864171
leaf_weight=333 57 30 25 56 46 140 57
leaf_count=333 57 30 25 56 46 140 57
internal_value=0.000201613 -0.00420561 0.00182927 -0.00795455 -0.00328947 0.00198113 -0.00139594
internal_weight=744 214 82 132 76 530 197
internal_count=744 214 82 132 76 530 197
is_linear=0
shrinkage=0.05


Tree=10
num_leaves=8
num_cat=0
split_feature=4 8 1 14 7 10 6
split_gain=3.46855 1.94628 3.95758 1.92474 1.77033 1.76902 1.76203
threshold=0.019384385030485476 0.049383561002086192 0.0097111726144069061 0.0066946732173895915 0.0057914963665686168 -0.011742889521192066 0.77257143331222289
decision_type=2 8 2 2 2 2 2
left_child=1 2 5 -3 -4 -1 -2
right_child=6 3 4 -5 -6 -7 -8
leaf_value=8.5132090176388896e-05 -4.7186557186445093e-05 -0.00015059004649079833 0.00014500181853556394 0.00019313719148126367 9.9553842789863479e-05 -1.0328122722557971e-05 -0.00040183165521194824
leaf_weight=27 182 53 36 28 115 271 37
leaf_count=27 182 53 36 28 115 271 37
internal_value=-0.000300401 0.00188679 0.00317372 -0.00524691 0.00976821 -0.000167785 -0.00559361
internal_weight=749 530 449 81 151 298 219
internal_count=749 530 449 81 151 298 219
is_linear=0
shrinkage=0.05


Tree=11
num_leaves=8
num_cat=0
split_feature=16 5 4 15 9 16 14
split_gain=3.20212 2.1195 2.12712 2.286 2.41446 2.09224 2.26335
threshold=0.0073558297460415431 0.01149849756030304 0.014158223640894098 -0.0056073821644362356 -0.0031252228479808348 -0.0085804758723163604 -0.015515001009757
decision_type=2 2 2 2 10 2 2
left_child=1 2 -1 -4 -5 6 -3
right_child=-2 5 3 4 -6 -7 -8
leaf_value=-6.7258447772227756e-05 5.8015306890297571e-05 -0.00031847684991785424 9.1968615602201726e-05 -9.2660926605199047e-05 8.2140379833706883e-05 -0.00028236841006016466 6.8014183416587219e-05
leaf_weight=75 329 27 66 81 63 60 46
leaf_count=75 329 27 66 81 63 60 46
internal_value=3.34672e-05 -0.00287081 -0.000438596 0.00214286 -0.00138889 -0.00808271 -0.00239726
internal_weight=747 418 285 210 144 133 73
internal_count=747 418 285 210 144 133 73
is_linear=0
shrinkage=0.05


Tree=12
num_leaves=8
num_cat=0
split_feature=13 1 1 1 11 1 8
split_gain=2.11806 2.47869 2.59875 2.49814 2.16782 1.53643 2.1143
threshold=17.204999923706058 -0.019995449273995932 -0.0020040800605634064 -0.035931091194479563 -0.01368273436962064 -0.001376057674994102 0.047958147636943178
decision_type=2 2 2 2 2 2 10
left_child=5 3 -3 -2 -5 -1 -7
right_child=1 2 -4 4 -6 6 -8
leaf_value=-2.6652192677160395e-05 -4.6674232858281377e-05 -0.00014242721276919285 -5.3797763605635199e-05 0.00018844515428467667 3.4097484522227321e-06 8.7370184822091644e-05 -6.1536388237759637e-05
leaf_weight=173 37 83 140 26 27 188 60
leaf_count=173 37 83 140 26 27 188 60
internal_value=0 -0.00311502 -0.0059417 0.00388889 0.0108491 0.00231591 0.00483871
internal_weight=734 313 223 90 53 421 248
internal_count=734 313 223 90 53 421 248
is_linear=0
shrinkage=0.05


Tree=13
num_leaves=8
num_cat=0
split_feature=4 4 3 3 6 0 3
split_gain=2.23724 1.6605 2.19067 2.61919 2.73773 2.59429 2.33695
threshold=0.019384385030485476 0.018681825544146609 -0.00042629879393507592 0.0017410435735553122 -0.16159580686534367 -0.0112164063112114 -0.0050905203698969328
decision_type=2 2 2 2 2 2 2
left_child=1 2 5 -4 -5 -1 -7
right_child=-2 -3 3 4 -6 6 -8
leaf_value=9.1316338582961775e-05 -7.2472940664168947e-05 0.0001045645650206139 0.00013501653305654488 0.00010724372888466153 -8.307637270338034e-05 -0.00017927967331297882 -1.26303070562312e-05
leaf_weight=44 221 27 100 101 91 30 131
leaf_count=44 221 27 100 101 91 30 131
internal_value=3.3557e-05 0.00181298 0.00115694 0.00393836 0.000520833 -0.00280488 -0.00574534
internal_weight=745 524 497 292 192 205 161
internal_count=745 524 497 292 192 205 161
is_linear=0
shrinkage=0.05


Tree=14
num_leaves=8
num_cat=0
split_feature=13 6 6 6 5 1 1
split_gain=2.55579 2.20781 1.81497 1.79116 1.61679 1.45437 1.38936
threshold=18.015000343322757 -0.80074337581875132 -0.69053763821561631 0.067050789796725865 0.0080597059372997382 -0.015619646787458917 -0.019995449273995932
decision_type=2 2 2 2 2 2 2
left_child=1 -1 -3 5 -5 -4 -2
right_child=6 2 3 4 -6 -7 -8
leaf_value=0.00014105202116094685 4.9727152114820584e-06 -0.0001061806609761665 -6.532369081530486e-05 0.00013915490028490693 -0.00010088491248683303 0.00010566795008663311 -9.684442979427486e-05
leaf_weight=73 72 27 39 25 134 183 166
leaf_count=73 72 27 39 25 134 183 166
internal_value=-0.000173853 0.00192308 0.000490196 0.00137795 -0.00267296 0.00427928 -0.00441176
internal_weight=719 481 408 381 159 222 238
internal_count=719 481 408 381 159 222 238
is_linear=0
shrinkage=0.05


Tree=15
num_leaves=8
num_cat=0
split_feature=4 9 14 14 9 7 14
split_gain=2.30787 1.77326 1.98803 2.18961 1.55085 2.27577 1.64899
threshold=0.019384385030485476 0.017391484848442777 -0.01759756320211869 0.00619378828642947 -0.012483724412008233 -0.018954851494499766 -0.0054293361358405115
decision_type=2 10 2 2 8 2 2
left_child=1 -1 -3 -4 5 -2 -6
right_child=4 2 3 -5 6 -7 -8
leaf_value=4.5647226567343234e-05 -8.7566977894388209e-05 -8.2352419293431518e-05 8.6911125888306312e-05 -4.2337944442237434e-05 -0.00021727047356406723 0.00017630098928558821 -5.0660074580032111e-05
leaf_weight=299 46 73 57 92 74 37 65
leaf_count=299 46 73 57 92 74 37 65
internal_value=-0.000235532 0.00158349 -0.0018018 0.00151007 -0.0045045 0.000903614 -0.00773381
internal_weight=743 521 222 149 222 83 139
internal_count=743 521 222 149 222 83 139
is_linear=0
shrinkage=0.05


Tree=16
num_leaves=8
num_cat=0
split_feature=1 7 11 13 4 2 3
split_gain=2.26788 2.6585 2.03663 1.77922 1.51303 2.44944 1.63239
threshold=0.0085943727053888769 0.033587076078500762 -0.023324980459216712 17.164999961853031 0.021602789502663738 -0.0017467728440861972 0.0033757096344682051
decision_type=2 2 2 2 2 2 2
left_child=2 4 -1 -4 5 -2 -7
right_child=1 -3 3 -5 -6 6 -8
leaf_value=2.9591655270390894e-05 0.0001091683935302781 -0.00010380894499917781 -2.6779600437759623e-06 -7.1527977497977494e-05 -8.1964566128480903e-05 7.8309437618815465e-05 -6.9760687479198104e-05
leaf_weight=55 55 80 231 177 29 95 35
leaf_count=55 55 80 231 177 29 95 35
internal_value=-3.30251e-05 0.00340136 -0.00221382 -0.00343137 0.00630841 0.00797297 0.00423077
internal_weight=757 294 463 408 214 185 130
internal_count=757 294 463 408 214 185 130
is_linear=0
shrinkage=0.05


Tree=17
num_leaves=8
num_cat=0
split_feature=7 2 12 16 1 5 4
split_gain=1.80569 1.63128 1.26097 1.87392 2.67543 2.38979 2.77635
threshold=-0.035925397338743163 -0.0626387498462566 0.050860113583604989 0.0073558297460415431 -0.018675513665359019 0.012306659038863167 0.015138323971744173
decision_type=2 2 2 2 2 2 2
left_child=-1 -2 3 4 -3 6 -6
right_child=1 2 -4 -5 5 -7 -8
leaf_value=-0.00011802347828308725 0.00025486955172994977 3.1313143581799665e-05 -9.6282037493767962e-05 7.2104062596125426e-05 -0.00010369027171184511 -0.00026474161520382704 3.7240105264641095e-05
leaf_weight=76 31 80 84 263 69 25 118
leaf_count=76 31 80 84 263 69 25 118
internal_value=6.70241e-05 0.000895522 0.000352113 0.00121622 -0.0015411 -0.00448113 -0.00254011
internal_weight=746 670 639 555 292 212 187
internal_count=746 670 639 555 292 212 187
is_linear=0
shrinkage=0.05


Tree=18
num_leaves=8
num_cat=0
split_feature=3 14 3 9 13 6 4
split_gain=1.95191 1.78022 1.77554 1.67782 1.66827 1.41086 1.17857
threshold=-0.0051843434446404704 0.097330549043375028 0.010628634219938761 -0.044437598272266614 18.260000228881839 -0.80074337581875132 0.020836559439850001
decision_type=2 2 2 8 2 2 2
left_child=1 -1 3 -2 5 -5 -6
right_child=2 -3 -4 4 6 -7 -8
leaf_value=-9.3798604703301998e-05 0.00016657180689246795 8.6224706045884064e-05 -0.00022271623203176731 0.00011679368139002033 2.9358246464008437e-06 3.0392571424899419e-05 -0.0001602056075188658
leaf_weight=91 30 26 26 70 84 360 66
leaf_count=91 30 26 26 70 84 360 66
internal_value=0.000166003 -0.00576923 0.00125786 0.00180328 0.0012069 0.0027907 -0.00333333
internal_weight=753 117 636 610 580 430 150
internal_count=753 117 636 610 580 430 150
is_linear=0
shrinkage=0.05


Tree=19
num_leaves=8
num_cat=0
split_feature=1 7 1 4 4 13 1
split_gain=1.54258 2.82931 1.30587 2.35604 1.26092 2.03338 1.62797
threshold=0.0068179776337896634 0.033587076078500762 0.0252859490525057 0.016661010870155226 0.014158223640894098 14.675000190734865 0.0021992240423663882
decision_type=2 2 2 2 2 2 2
left_child=4 2 -2 -4 5 -1 -6
right_child=1 -3 3 -5 6 -7 -8
leaf_value=-3.4271951246251472e-06 8.7892607523554309e-05 -0.0001085467804253813 9.8585142152712946e-05 -0.00014996254854299912 6.7585097598423481e-06 -0.00012417343191425687 -9.4801555471298762e-05
leaf_weight=44 151 76 31 26 333 38 40
leaf_count=44 151 76 31 26 333 38 40
internal_value=0.000101488 0.00299296 0.00600962 -0.000438596 -0.0017033 -0.00731707 -0.000469169
internal_weight=739 284 208 57 455 82 373
internal_count=739 284 208 57 455 82 373
is_linear=0
shrinkage=0.05


Tree=20
num_leaves=8
num_cat=0
split_feature=0 3 11 9 7 13 16
split_gain=1.73857 1.44958 1.71993 1.73544 2.28442 1.96663 1.46557
threshold=-0.017942339596156483 0.010628634219938761 -0.020171836765592806 -0.029625134396272231 -0.012972008523722043 17.875000000000004 -0.0079965497412306501
decision_type=2 2 2 8 2 2 2
left_child=-1 2 -2 -4 6 -6 -5
right_child=1 -3 3 4 5 -7 -8
leaf_value=-0.0001493348909089524 6.5570606659730735e-05 -0.0001981827999423664 0.00011462851260086891 9.4307473748130209e-07 3.6279882384383831e-05 -7.3378853188455013e-05 -0.00017369140243571947
leaf_weight=52 63 25 77 42 338 92 62
leaf_count=52 63 25 77 42 338 92 62
internal_value=0.000166445 0.000822604 0.00126113 0.000450082 -0.000561798 0.00104651 -0.00721154
internal_weight=751 699 674 611 534 430 104
internal_count=751 699 674 611 534 430 104
is_linear=0
shrinkage=0.05


Tree=21
num_leaves=8
num_cat=0
split_feature=6 11 3 12 15 13 6
split_gain=2.46389 2.09869 1.73165 1.99921 1.58391 1.53891 1.58191
threshold=0.36499557027745544 -0.023324980459216712 -0.0051843434446404704 0.048519167358985434 0.0045364249535920784 17.914999961853031 -0.14307113439170868
decision_type=2 2 2 2 2 2 2
left_child=1 -1 -3 5 -5 -4 -7
right_child=-2 2 3 4 -6 6 -8
leaf_value=9.0445470588373505e-05 -7.0547625805954015e-05 -9.4438768601894647e-05 9.1889130570796187e-05 1.6778638578192187e-05 -0.00021043670750239834 -5.606801572966588e-05 4.4302903848487669e-05
leaf_weight=33 194 62 277 42 31 83 26
leaf_count=33 194 62 277 42 31 83 26
internal_value=0.000467914 0.00216606 0.00139155 0.00245098 -0.00513699 0.00388601 -0.00114679
internal_weight=748 554 521 459 73 386 109
internal_count=748 554 521 459 73 386 109
is_linear=0
shrinkage=0.05


Tree=22
num_leaves=8
num_cat=0
split_feature=1 7 12 4 14 16 1
split_gain=2.61201 2.48894 1.66424 1.90523 1.44514 1.81818 1.95312
threshold=0.0097111726144069061 0.0057914963665686168 0.049504484069908934 0.016225490508706537 -0.019792958121071843 -0.007133509396251402 -0.019753617754509619
decision_type=2 2 2 2 2 2 2
left_child=4 -2 3 -3 -1 6 -6
right_child=1 2 -4 -5 5 -7 -8
leaf_value=-6.2404648909846559e-05 0.00010557050835863419 8.8300447497189862e-05 -0.00012525391502743173 -2.1471278648765294e-05 0.00013032923627800703 -6.0159617882071697e-05 -2.026770893381537e-05
leaf_weight=152 48 98 33 91 80 176 64
leaf_count=152 48 98 33 91 80 176 64
internal_value=0.000336927 0.00425926 0.00202703 0.00383598 -0.00190678 0 0.00416667
internal_weight=742 270 222 189 472 320 144
internal_count=742 270 222 189 472 320 144
is_linear=0
shrinkage=0.05


Tree=23
num_leaves=8
num_cat=0
split_feature=6 9 11 13 13 9 7
split_gain=1.81738 2.15831 2.05364 1.55589 1.37568 2.1372 1.76026
threshold=0.56514165316907483 0.02830711981721579 -0.023324980459216712 17.875000000000004 21.954999923706058 -0.039960323469546248 -0.010242096455692183
decision_type=2 8 2 2 2 8 2
left_child=2 -2 -1 -3 5 -4 -7
right_child=1 3 4 -5 -6 6 -8
leaf_value=0.00010585028019463773 -0.00013048974969092492 3.2066032480351824e-05 0.00020437281485090732 -0.00025160479899873653 -0.00019858299151650642 -3.7192218974251945e-05 3.0002815891958749e-05
leaf_weight=37 79 53 26 25 46 120 365
leaf_count=37 79 53 26 25 46 120 365
internal_value=0.000166445 -0.00461783 0.00143098 0.00128205 0.00067325 0.00141879 0.000670103
internal_weight=751 157 594 78 557 511 485
internal_count=751 157 594 78 557 511 485
is_linear=0
shrinkage=0.05


Tree=24
num_leaves=8
num_cat=0
split_feature=7 8 16 16 1 14 7
split_gain=2.41804 1.60174 1.46003 2.0408 1.88171 3.36335 1.70922
threshold=-0.035925397338743163 -0.038719330766820763 0.037212297723873584 0.0073558297460415431 -0.019398384351768602 -0.0091057157714133346 -0.010966743119712906
decision_type=2 8 2 2 2 2 2
left_child=-1 -2 3 4 5 -3 -6
right_child=1 2 -4 -5 6 -7 -8
leaf_value=-8.6463926271530413e-05 8.8252281558444726e-05 -5.8964979817115403e-05 -9.8527240016010986e-05 3.7353575725732909e-05 -0.00012450511814305674 0.00013876093598546942 -3.7227689067597891e-05
leaf_weight=68 64 27 38 268 42 42 200
leaf_count=68 64 27 38 268 42 42 200
internal_value=0.000166889 0.00106461 0.00028363 0.000906736 -0.00184887 0.00543478 -0.00392562
internal_weight=749 681 617 579 311 69 242
internal_count=749 681 617 579 311 69 242
is_linear=0
shrinkage=0.05


Tree=25
num_leaves=8
num_cat=0
split_feature=3 1 7 14 14 1 12
split_gain=2.30726 1.9178 2.52368 2.10184 2.43234 1.66073 1.41825
threshold=0.0092571921439009736 0.0097111726144069061 0.0057914963665686168 -0.019792958121071843 -0.037374592254897913 -0.0064702063516019473 0.049504484069908934
decision_type=2 2 2 2 2 2 2
left_child=1 3 -3 4 5 -1 -4
right_child=-2 2 6 -5 -6 -7 -8
leaf_value=-7.2046754924234678e-05 -0.00016689286643756669 9.3321190336258849e-05 3.4980624101576836e-05 9.0140608493190565e-06 -0.00014260945711561105 5.1881897966606305e-05 -0.00010816466177168049
leaf_weight=61 38 48 180 309 47 42 32
leaf_count=61 38 48 180 309 47 42 32
internal_value=0.000165125 0.000799722 0.00423077 -0.00114379 -0.006 -0.00169903 0.00188679
internal_weight=757 719 260 459 150 103 212
internal_count=757 719 260 459 150 103 212
is_linear=0
shrinkage=0.05


Tree=26
num_leaves=8
num_cat=0
split_feature=6 9 16 11 9 10 3
split_gain=1.99023 2.61378 1.12495 1.81908 1.6222 1.46771 1.74519
threshold=1.524268902591208 0.0081155539207224976 0.037212297723873584 0.024405039123864495 -0.044437598272266614 -0.0074311122071506466 -0.0062010703067240094
decision_type=2 10 2 2 8 2 2
left_child=2 -2 3 4 -1 -6 -7
right_child=1 -3 -4 -5 5 6 -8
leaf_value=0.00021032168600520893 -0.00040378597016583838 3.0263109016012246e-05 -6.8968990048802687e-05 0.00011246555743574206 4.5996304934232309e-05 -0.00010811086461717416 2.262024838318175e-06
leaf_weight=34 39 34 34 53 75 36 432
leaf_count=34 39 34 34 53 75 36 432
internal_value=0.000644505 -0.00719178 0.00150602 0.00198413 0.00116984 0.000506446 -0.000534188
internal_weight=737 73 664 630 577 543 468
internal_count=737 73 664 630 577 543 468
is_linear=0
shrinkage=0.05


Tree=27
num_leaves=8
num_cat=0
split_feature=6 4 9 11 1 9 16
split_gain=1.91969 2.42113 1.5188 1.234 1.13762 2.14236 1.41691
threshold=0.56514165316907483 0.017280085284556036 0.027981993800452302 -0.023324980459216712 0.0088508019829522961 -0.041930739850434377 0.037212297723873584
decision_type=2 2 8 2 2 8 2
left_child=3 2 -2 -1 5 -5 -6
right_child=1 -3 -4 4 6 -7 -8
leaf_value=7.0643550047107086e-05 -8.5679343293726919e-05 -0.00020625173096541348 4.2320425026546958e-05 0.00017932091622495754 4.8821078610147931e-05 -2.7075171107401896e-05 -7.6018040867896621e-05
leaf_weight=37 43 61 44 25 187 318 34
leaf_count=37 43 61 44 25 187 318 34
internal_value=3.33778e-05 -0.00506757 0.000287356 0.00128952 0.00070922 -0.00109329 0.00350679
internal_weight=749 148 87 601 564 343 221
internal_count=749 148 87 601 564 343 221
is_linear=0
shrinkage=0.05


Tree=28
num_leaves=8
num_cat=0
split_feature=3 3 14 0 0 7 2
split_gain=1.53262 1.33163 1.79778 1.19846 1.93171 2.04553 2.78978
threshold=0.010628634219938761 -0.0053354653429951706 0.066707247335420675 -0.016241528985149297 -0.0112164063112114 -0.012972008523722043 -0.025575951122072556
decision_type=2 2 2 2 2 2 2
left_child=1 2 -1 -3 -5 -6 -7
right_child=-2 3 -4 4 5 6 -8
leaf_value=-8.3543442265840591e-05 -0.00017791022973857743 -0.00022838999344528007 4.3738642875590375e-05 9.7952277959179396e-05 -1.6822243791129315e-05 0.0001779477173842831 2.3043834635469529e-05
leaf_weight=74 26 25 41 35 131 29 403
leaf_count=74 26 25 41 35 131 29 403
internal_value=0.00039267 0.000813008 -0.00413043 0.00172552 0.00217391 0.00146536 0.003125
internal_weight=764 738 115 623 598 563 432
internal_count=764 738 115 623 598 563 432
is_linear=0
shrinkage=0.05


Tree=29
num_leaves=8
num_cat=0
split_feature=13 1 2 8 4 1 4
split_gain=1.96644 2.21191 2.67196 1.37834 1.90935 1.83051 1.60695
threshold=17.164999961853031 -0.019398384351768602 -0.028797168366907152 0.047958147636943178 0.014819063319181969 -0.024134437231299485 0.0153836277491153
decision_type=2 2 2 10 2 2 2
left_child=3 2 -2 5 -5 -1 -7
right_child=1 -3 -4 4 -6 6 -8
leaf_value=-8.9797989952980289e-05 -4.0743953529608495e-05 -5.7160676461709675e-05 9.0957539680942584e-05 0.00014585385063149649 -0.00014929859323258829 1.3926623703009854e-05 7.1903228995356415e-05
leaf_weight=40 46 229 42 31 42 136 166
leaf_count=40 46 229 42 31 42 136 166
internal_value=0.000204918 -0.00276025 0.00397727 0.00246988 -0.00376712 0.00380117 0.00513245
internal_weight=732 317 88 415 73 342 302
internal_count=732 317 88 415 73 342 302
is_linear=0
shrinkage=0.05


Tree=30
num_leaves=8
num_cat=0
split_feature=3 16 12 16 15 3 15
split_gain=1.67955 1.23575 2.69449 2.08389 1.622 3.14638 1.62486
threshold=0.010628634219938761 0.013595640351800832 0.049504484069908934 0.034868357250744338 -0.0031276691604917302 -0.004664150043975245 0.0051461430771775349
decision_type=2 2 2 2 2 2 2
left_child=1 4 3 -3 -1 -6 -7
right_child=-2 2 -4 -5 5 6 -8
leaf_value=1.8121152938688387e-05 -0.00015500118633498934 9.8650154595933493e-05 -9.4445258184756582e-05 -3.4004640820590841e-05 -0.00024630324286162558 -6.9788982685004905e-05 2.0258965447686333e-05
leaf_weight=207 27 132 34 34 30 161 113
leaf_count=207 27 132 34 34 30 161 113
internal_value=0.000203252 0.000668073 0.004 0.00662651 -0.000636008 -0.00296053 -0.00127737
internal_weight=738 711 200 166 511 304 274
internal_count=738 711 200 166 511 304 274
is_linear=0
shrinkage=0.05


Tree=31
num_leaves=8
num_cat=0
split_feature=2 8 9 10 3 15 16
split_gain=1.0911 1.97095 2.79121 1.57897 2.17502 2.01688 1.76924
threshold=-0.078712584615967737 -0.033097884655826408 0.012140584399671252 -0.0084264989475150136 -0.0056646311616390102 -0.011539962974196181 0.0073558297460415431
decision_type=2 8 8 2 2 2 2
left_child=-1 2 -2 5 -5 -3 -6
right_child=1 3 -4 4 6 -7 -8
leaf_value=-0.00011754360734913426 1.9294065542892333e-05 -3.1584691479211775e-05 0.00018153368808614576 -0.00011906290968367712 -4.0034628068173915e-05 0.0002051094866929008 2.5069878093445788e-05
leaf_weight=41 89 25 29 46 218 29 261
leaf_count=41 89 25 29 46 218 29 261
internal_value=0 0.000466284 0.00635593 -0.000734024 -0.00157143 0.00740741 -0.000574113
internal_weight=738 697 118 579 525 54 479
internal_count=738 697 118 579 525 54 479
is_linear=0
shrinkage=0.05


end of trees

feature_importances:
ret_5d=32
atr_pct=26
overnight_gap=20
dvol_z_20=18
dist_ma200=15
sector_ret_5d=15
vix_chg_1d=14
dist_ma20=13
spy_ret_5d=11
vix_level=11
sector_ret_1d=11
ret_1d=8
dist_ma50=8
spy_ret_1d=7
ret_20d=6
spy_ret_20d=6
parkinson_20=3

parameters:
[boosting: gbdt]
[objective: quantile]
[metric: quantile]
[tree_learner: serial]
[device_type: cpu]
[data_sample_strategy: bagging]
[data: ]
[valid: ]
[num_iterations: 80]
[learning_rate: 0.05]
[num_leaves: 8]
[num_threads: 1]
[seed: 0]
[deterministic: 0]
[force_col_wise: 1]
[force_row_wise: 0]
[histogram_pool_size: -1]
[max_depth: -1]
[min_data_in_leaf: 25]
[min_sum_hessian_in_leaf: 0.001]
[bagging_fraction: 0.9]
[pos_bagging_fraction: 1]
[neg_bagging_fraction: 1]
[bagging_freq: 1]
[bagging_seed: 3]
[bagging_by_query: 0]
[feature_fraction: 0.9]
[feature_fraction_bynode: 1]
[feature_fraction_seed: 2]
[extra_trees: 0]
[extra_seed: 6]
[early_stopping_round: 0]
[early_stopping_min_delta: 0]
[first_metric_only: 0]
[max_delta_step: 0]
[lambda_l1: 0]
[lambda_l2: 0]
[linear_lambda: 0]
[min_gain_to_split: 0]
[drop_rate: 0.1]
[max_drop: 50]
[skip_drop: 0.5]
[xgboost_dart_mode: 0]
[uniform_drop: 0]
[drop_seed: 4]
[top_rate: 0.2]
[other_rate: 0.1]
[min_data_per_group: 100]
[max_cat_threshold: 32]
[cat_l2: 10]
[cat_smooth: 10]
[max_cat_to_onehot: 4]
[top_k: 20]
[monotone_constraints: ]
[monotone_constraints_method: basic]
[monotone_penalty: 0]
[feature_contri: ]
[forcedsplits_filename: ]
[refit_decay_rate: 0.9]
[cegb_tradeoff: 1]
[cegb_penalty_split: 0]
[cegb_penalty_feature_lazy: ]
[cegb_penalty_feature_coupled: ]
[path_smooth: 0]
[interaction_constraints: ]
[verbosity: -1]
[saved_feature_importance_type: 0]
[use_quantized_grad: 0]
[num_grad_quant_bins: 4]
[quant_train_renew_leaf: 0]
[stochastic_rounding: 1]
[linear_tree: 0]
[max_bin: 255]
[max_bin_by_feature: ]
[min_data_in_bin: 3]
[bin_construct_sample_cnt: 200000]
[data_random_seed: 1]
[is_enable_sparse: 1]
[enable_bundle: 1]
[use_missing: 1]
[zero_as_missing: 0]
[feature_pre_filter: 1]
[pre_partition: 0]
[two_round: 0]
[header: 0]
[label_column: ]
[weight_column: ]
[group_column: ]
[ignore_column: ]
[categorical_feature: ]
[forcedbins_filename: ]
[precise_float_parser: 0]
[parser_config_file: ]
[objective_seed: 5]
[num_class: 1]
[is_unbalance: 0]
[scale_pos_weight: 1]
[sigmoid: 1]
[boost_from_average: 1]
[reg_sqrt: 0]
[alpha: 0.5]
[fair_c: 1]
[poisson_max_delta_step: 0.7]
[tweedie_variance_power: 1.5]
[lambdarank_truncation_level: 30]
[lambdarank_norm: 1]
[label_gain: ]
[lambdarank_position_bias_regularization: 0]
[eval_at: ]
[multi_error_top_k: 1]
[auc_mu_weights: ]
[num_machines: 1]
[local_listen_port: 12400]
[time_out: 120]
[machine_list_filename: ]
[machines: ]
[gpu_platform_id: -1]
[gpu_device_id: -1]
[gpu_device_id_list: ]
[gpu_use_dp: 0]
[num_gpu: 1]

end of parameters

pandas_categorical:[]
