tree
version=v4
num_class=1
num_tree_per_iteration=1
label_index=0
max_feature_idx=16
objective=quantile
feature_names=ret_1d ret_5d ret_20d overnight_gap atr_pct parkinson_20 dvol_z_20 dist_ma20 dist_ma50 dist_ma200 spy_ret_1d spy_ret_5d spy_ret_20d vix_level vix_chg_1d sector_ret_1d sector_ret_5d
feature_infos=[-0.12555261039875976:0.11524610407437597] [-0.13723457751535184:0.14939381073193547] [-0.17199998335404831:0.28590132172351046] [-0.042261551196188574:0.05096729471751682] [0.016206011480655237:0.055392768047858323] [0.010345793681669647:0.032072667346445871] [-2.3122747536484365:4.2705765613383164] [-0.1307977422135207:0.16589262353220913] [-0.16179475703548396:0.22470939704733595] [-0.23536586149008332:0.25853732868164414] [-0.058542971330535654:0.10501930183911301] [-0.11496151859245618:0.082843162776128354] [-0.1226559005192206:0.15756591020035837] [11.859999656677246:52.330001831054688] [-0.35753873962348437:0.74039073966007019] [-0.073180917682286184:0.075364333134955164] [-0.12187676960594984:0.078003472462632839]
tree_sizes=826 860 853 859 857 868 854 870 858 849 856 856 864 849 861 863 854 853 859 857 855 851 850 854 858 855 859 854 852 858 853

Tree=0
num_leaves=8
num_cat=0
split_feature=13 6 9 14 1 1 15
split_gain=3.23095 2.47076 2.1127 2.06104 1.96761 2.51515 1.4374
threshold=19.23499965667725 -0.80401909136549043 0.14683878356928506 -0.0080681674930397889 -0.034134103948545817 0.013705689406020795 -0.00022284260759880545
decision_type=2 2 8 2 2 2 2
left_child=1 -1 6 -4 -2 -6 -3
right_child=4 2 3 -5 5 -7 -8
leaf_value=0.010099248355254531 0.010740365972742439 0.010264709638431669 0.010351155186071992 0.010143387201242148 0.010240800469182432 0.010495564993470907 0.010415237559936941
leaf_weight=90 54 123 77 88 82 35 192
leaf_count=90 54 123 77 88 82 35 192
internal_value=0.0102848 0.00847642 0.00990186 0.00531853 0.0163127 0.012669 0.0123027
internal_weight=741 570 480 165 171 117 315
internal_count=741 570 480 165 171 117 315
is_linear=0
shrinkage=1


Tree=1
num_leaves=8
num_cat=0
split_feature=0 5 5 10 16 1 13
split_gain=3.17969 2.65095 3.20201 2.38714 1.78477 2.42522 2.1081
threshold=-0.032800650826386939 0.012397227731583598 0.013014926573122025 0.0053455164524482965 0.0071863802787994766 0.014875381812454848 19.115000724792484
decision_type=2 2 2 2 2 2 2
left_child=-1 3 -3 -2 -4 -6 -7
right_child=1 2 4 -5 5 6 -8
leaf_value=0.00038457494636531917 -0.00018185196327976888 0.00022136959421914073 7.834343821741638e-05 0.00013375595619436351 -0.00018025976256467405 -9.7235913854092348e-05 0.00016141018830239775
leaf_weight=26 91 50 286 30 92 127 26
leaf_count=26 91 50 286 30 92 127 26
internal_value=0.000137363 -0.000498575 0.000903614 -0.0072314 -0.000235405 -0.00336735 0.000490196
internal_weight=728 702 581 121 531 245 153
internal_count=728 702 581 121 531 245 153
is_linear=0
shrinkage=0.05


Tree=2
num_leaves=8
num_cat=0
split_feature=0 9 12 6 1 13 11
split_gain=3.14723 2.24087 2.27299 2.08961 1.84184 2.00904 1.6253
threshold=-0.032800650826386939 0.14683878356928506 0.051018871868331546 -0.64377076692741175 0.029533848948245071 14.920000076293947 0.015980558357876488
decision_type=2 8 2 2 2 2 2
left_child=-1 3 -3 4 5 -2 -5
right_child=1 2 -4 6 -6 -7 -8
leaf_value=0.00038723944433149878 -0.00016106534820573877 -0.00015422545914771033 0.0002068799593835138 2.8219527244800715e-05 -0.00029889589763479308 0.00024584377731662246 0.00011211692175129431
leaf_weight=25 38 189 29 296 28 60 76
leaf_count=25 38 189 29 296 28 60 76
internal_value=-0.000438596 -0.00104749 -0.00527523 0.000803213 -0.0047619 -0.00153061 0.00268817
internal_weight=741 716 218 498 126 98 372
internal_count=741 716 218 498 126 98 372
is_linear=0
shrinkage=0.05


Tree=3
num_leaves=8
num_cat=0
split_feature=7 13 9 14 6 12 14
split_gain=4.41073 2.97355 1.7909 2.19217 1.90407 1.78675 1.73066
threshold=-0.061374331925950147 12.494999885559084 0.17971961007872964 -0.023061386097975475 -0.55851505397560963 -0.0011596374910577965 0.041106720448919616
decision_type=2 2 8 2 2 2 2
left_child=6 -2 4 -4 -3 -5 -1
right_child=1 2 3 5 -6 -7 -8
leaf_value=0.00018800668009062057 -0.00030982703485351524 -0.00012126446992879211 7.4191456800326713e-05 -0.00030944498560565989 7.2675642291142098e-05 -0.00014643199189740696 0.00038404084897338182
leaf_weight=32 27 140 66 25 330 86 29
leaf_count=32 27 140 66 25 330 86 29
internal_value=-0.000170068 -0.00133531 -0.000656878 -0.0049435 0.000957447 -0.00923423 0.0127049
internal_weight=735 674 647 177 470 111 61
internal_count=735 674 647 177 470 111 61
is_linear=0
shrinkage=0.05


Tree=4
num_leaves=8
num_cat=0
split_feature=13 6 9 12 2 4 5
split_gain=3.33484 3.26137 2.69675 2.14928 1.77376 1.56448 3.49406
threshold=19.23499965667725 -0.80401909136549043 0.14683878356928506 -0.0011596374910577965 -0.094605905871639848 0.019448073969470219 0.01309393013796273
decision_type=2 2 8 2 2 2 2
left_child=1 -1 4 -4 -3 -5 -7
right_child=-2 2 3 5 -6 6 -8
leaf_value=-0.00021349072098078979 0.0002677673864607277 0.00042295527830664464 -0.00022695898161226061 -0.00024566819355281038 1.8222762056611769e-05 0.00024547282670566356 -0.00014221494708282988
leaf_weight=93 160 34 35 26 283 27 78
leaf_count=93 160 34 35 26 283 27 78
internal_value=-0.00013587 -0.00190972 -0.000258799 -0.00542169 0.00244479 -0.00248092 0.000238095
internal_weight=736 576 483 166 317 131 105
internal_count=736 576 483 166 317 131 105
is_linear=0
shrinkage=0.05


Tree=5
num_leaves=8
num_cat=0
split_feature=0 7 15 9 9 14 0
split_gain=3.91568 2.02727 2.13637 1.52281 1.63707 2.59405 1.40544
threshold=-0.032800650826386939 -0.061374331925950147 0.0086612205076362931 -0.1580112519954919 -0.027705959946110189 -0.036625775253692865 -0.0076742667859577276
decision_type=2 2 2 8 10 2 2
left_child=-1 -2 3 -3 6 -6 -5
right_child=1 2 -4 4 5 -7 -8
leaf_value=0.00034755443663944061 0.00030756939095396814 0.00030455320665429822 0.00013000430102341854 -0.00017904488807440894 0.00010171055908704333 -7.8192476821302087e-05 -9.7190912535672415e-05
leaf_weight=25 49 27 122 90 46 199 171
leaf_count=25 49 27 122 90 46 199 171
internal_value=-0.000445816 -0.00113636 -0.00187023 -0.0032364 -0.00385375 -0.000918367 -0.0066092
internal_weight=729 704 655 533 506 245 261
internal_count=729 704 655 533 506 245 261
is_linear=0
shrinkage=0.05


Tree=6
num_leaves=8
num_cat=0
split_feature=0 6 6 13 2 2 8
split_gain=3.10676 2.5416 1.97827 2.40473 1.68554 2.32248 2.0417
threshold=-0.030530275532692271 -0.79341212405149275 -0.89592365902412241 15.194999694824221 -0.12022265784988366 0.028379598688936473 -0.02146901229585468
decision_type=2 2 2 2 2 2 10
left_child=-1 2 3 -2 -3 6 -6
right_child=1 4 -4 -5 5 -7 -8
leaf_value=0.00032631332077740849 -0.00020728626312568893 0.00050753551771046753 -0.00025691782152286613 0.00013548788368999409 1.3273737236301973e-05 7.6996632743568186e-05 -0.00021642055090104114
leaf_weight=29 34 26 33 50 234 238 94
leaf_count=29 34 26 33 50 234 238 94
internal_value=0.000338753 -0.000317348 -0.00705128 -0.00297619 0.00101351 0.000441696 -0.00228659
internal_weight=738 709 117 84 592 566 328
internal_count=738 709 117 84 592 566 328
is_linear=0
shrinkage=0.05


Tree=7
num_leaves=8
num_cat=0
split_feature=7 6 15 5 12 0 0
split_gain=3.70912 1.89279 1.86402 2.02286 2.28046 2.31587 2.05194
threshold=-0.061374331925950147 -0.79341212405149275 0.0086612205076362931 0.011813584731817818 -0.0016966552105460717 -0.01752381350644194 -0.0071718817018107664
decision_type=2 2 2 2 2 2 2
left_child=-1 -2 3 -3 -5 -6 -7
right_child=1 2 -4 4 5 6 -8
leaf_value=0.00028375724338356459 -0.00015045675934890411 -0.0001341735290938758 0.00016070939285454746 -0.00015030912707130465 0.00024954370224779298 -0.00017214217584492634 6.3378499238406395e-05
leaf_weight=62 104 48 108 94 43 58 215
leaf_count=62 104 48 108 94 43 58 215
internal_value=-0.000409836 -0.00149254 -0.000353357 -0.00174672 -0.000609756 0.00142405 -0.000274725
internal_weight=732 670 566 458 410 316 273
internal_count=732 670 566 458 410 316 273
is_linear=0
shrinkage=0.05


Tree=8
num_leaves=8
num_cat=0
split_feature=7 6 10 7 13 9 9
split_gain=3.59607 2.77229 1.83406 1.5866 1.56196 4.36122 1.61925
threshold=-0.05508446400110583 -0.79341212405149275 -0.013327781970057238 -0.028495100144959647 15.875000000000002 0.1153046735686586 -0.020879526845844761
decision_type=2 2 2 2 2 10 10
left_child=2 -2 -1 -3 5 -5 -6
right_child=1 3 -4 4 6 -7 -8
leaf_value=0.00029625213272282258 -0.00014880095070115494 -0.00011868346291645654 0.00015544779925839118 4.1408132714430449e-05 1.4976408835185202e-05 -0.00030114463702790324 0.00012909970549627631
leaf_weight=26 112 107 58 174 115 37 132
leaf_count=26 112 107 58 174 115 37 132
internal_value=0.000361367 -0.000849335 0.010119 0.000575221 0.0018559 -0.00130332 0.00455466
internal_weight=761 677 84 565 458 211 247
internal_count=761 677 84 565 458 211 247
is_linear=0
shrinkage=0.05


Tree=9
num_leaves=8
num_cat=0
split_feature=0 13 9 6 14 14 16
split_gain=3.4167 2.2179 3.15926 1.532 1.7427 2.13113 1.98129
threshold=-0.032800650826386939 16.469999313354496 0.11856176014082011 -0.79341212405149275 0.016553968951917967 -0.021063483613494079 0.020178452445150045
decision_type=2 2 10 2 2 2 2
left_child=-1 2 3 -2 5 6 -5
right_child=1 -3 -4 4 -6 -7 -8
leaf_value=0.0002288067130981655 -0.00019971322156809936 6.1721843210948196e-05 -0.00026838424589494144 4.3609144609076025e-05 -0.00013072990374930817 9.0561541169740736e-05 -0.00020511293500931446
leaf_weight=27 51 358 50 63 68 85 32
leaf_count=27 51 358 50 63 68 85 32
internal_value=0.00013624 -0.00053041 -0.00336676 -0.0014214 0.000201613 0.00277778 -0.00236842
internal_weight=734 707 349 299 248 180 95
internal_count=734 707 349 299 248 180 95
is_linear=0
shrinkage=0.05


Tree=10
num_leaves=8
num_cat=0
split_feature=7 6 5 5 12 14 12
split_gain=3.91355 2.31099 1.57463 2.88759 2.11971 1.54908 1.25921
threshold=-0.061374331925950147 -0.79341212405149275 0.012397227731583598 0.013014926573122025 0.039535416571109601 0.041106720448919616 0.026461496943730015
decision_type=2 2 2 2 2 2 2
left_child=5 6 4 -4 -3 -1 -2
right_child=1 2 3 -5 -6 -7 -8
leaf_value=0.00011341085741402549 -5.4776036677275412e-05 -0.00014294949867573966 0.00021416490121236025 3.4944501299291435e-06 3.4439570828724567e-05 0.00027576472350053434 -0.00021905749386947807
leaf_weight=34 64 76 41 418 31 30 49
leaf_count=34 64 76 41 418 31 30 49
internal_value=-0.000100942 -0.00121502 8.83392e-05 0.00136166 -0.00537383 0.0117188 -0.00774336
internal_weight=743 679 566 459 107 64 113
internal_count=743 679 566 459 107 64 113
is_linear=0
shrinkage=0.05


Tree=11
num_leaves=8
num_cat=0
split_feature=7 14 0 0 11 1 6
split_gain=4.30763 1.61584 1.54991 1.58316 3.07245 3.07157 2.16205
threshold=-0.061374331925950147 0.041106720448919616 0.0011316697231734676 -0.01752381350644194 -0.0070947628288289813 -0.016850532806227444 -0.46534332352698332
decision_type=2 2 2 2 2 2 2
left_child=1 -1 3 5 6 -2 -5
right_child=2 -3 -4 4 -6 -7 -8
leaf_value=0.00010774031454332426 -2.5579794152912844e-05 0.00025963200813334386 1.0016855133658347e-05 0.00023679330871193146 -0.00020810461917600417 0.00028856189086751729 -9.3000485730985501e-05
leaf_weight=32 44 27 342 25 203 27 42
leaf_count=32 44 27 342 25 203 27 42
internal_value=-0.000673854 0.0122881 -0.00179356 -0.00417889 -0.00592593 0.00246479 0.00335821
internal_weight=742 59 683 341 270 71 67
internal_count=742 59 683 341 270 71 67
is_linear=0
shrinkage=0.05


Tree=12
num_leaves=8
num_cat=0
split_feature=9 6 10 11 16 5 12
split_gain=2.72258 2.07869 2.95484 1.94212 1.79193 1.81806 1.74638
threshold=-0.12578920436970906 -0.11839761391658708 -0.010655731139282141 0.02428096069129582 0.021082473962023788 0.012027985987357005 -0.0011596374910577965
decision_type=8 2 2 2 2 2 2
left_child=-1 -2 -3 4 5 -4 -7
right_child=1 2 3 -5 -6 6 -8
leaf_value=0.00026876507056495516 -7.8501350670494134e-05 0.00036929174135557643 -0.00013223208093423425 0.00024843176621650557 -9.4682566642265335e-05 -8.0419701870922903e-05 0.00023287872385759683
leaf_weight=89 355 25 35 32 28 47 112
leaf_count=89 355 25 35 32 28 47 112
internal_value=0.000518672 -0.000630915 0.00259857 0.000984252 -0.000675676 0.00103093 0.00330189
internal_weight=723 634 279 254 222 194 159
internal_count=723 634 279 254 222 194 159
is_linear=0
shrinkage=0.05


Tree=13
num_leaves=8
num_cat=0
split_feature=7 6 10 12 15 3 12
split_gain=3.45209 2.94351 1.77439 1.6589 2.34563 1.86312 1.69267
threshold=-0.061374331925950147 -0.79341212405149275 -0.0025714907564299279 0.045427694667539716 0.0090017510772647542 0.0082327719188076704 0.037289246294732965
decision_type=2 2 2 2 2 2 2
left_child=2 -2 -1 4 6 -6 -3
right_child=1 3 -4 -5 5 -7 -8
leaf_value=0.00023638897684159031 -0.00014304365661761098 -1.5215510078805083e-05 3.4392113874300891e-05 0.00010491218031310436 0.00032441605711418963 -5.5258401557149164e-05 -0.0002549148730411445
leaf_weight=37 107 346 25 83 55 28 55
leaf_count=37 107 346 25 83 55 28 55
internal_value=0 -0.00103858 0.0112903 0.000396825 -0.00072314 0.00692771 -0.00230673
internal_weight=736 674 62 567 484 83 401
internal_count=736 674 62 567 484 83 401
is_linear=0
shrinkage=0.05


Tree=14
num_leaves=8
num_cat=0
split_feature=7 0 8 11 3 3 1
split_gain=2.4171 1.29174 1.93674 1.3666 1.64223 2.22012 2.45629
threshold=-0.075588800804033782 0.0011316697231734676 0.1227524034631894 -0.023324981642921735 0.0016536207987495335 -0.0022861294868276034 0.0095103537542253775
decision_type=2 2 8 2 2 2 2
left_child=-1 3 -3 -2 5 -5 -7
right_child=1 2 -4 4 -6 6 -8
leaf_value=0.00022456952799951077 0.00022949703897256723 6.5710896994483457e-05 -0.00012803429265862044 -9.9263555606265167e-05 -0.00015568671357429499 -7.8630750259820962e-06 0.00037493564262603449
leaf_weight=25 33 297 38 180 83 41 27
leaf_count=25 33 297 38 180 83 41 27
internal_value=-0.000276243 -0.000822604 0.00141791 -0.00288462 -0.00385196 -0.00181452 0.00588235
internal_weight=724 699 335 364 331 248 68
internal_count=724 699 335 364 331 248 68
is_linear=0
shrinkage=0.05


Tree=15
num_leaves=8
num_cat=0
split_feature=7 15 12 13 8 11 9
split_gain=3.20294 1.65334 1.99769 3.77681 1.97239 1.86074 1.85663
threshold=-0.05197185008779686 0.0086612205076362931 -0.0080596429832442956 16.550000190734867 0.096935562972235725 0.0025916190084428474 0.12246564631628011
decision_type=2 2 2 2 8 2 10
left_child=-1 2 -2 6 -5 -3 -4
right_child=1 5 3 4 -6 -7 -8
leaf_value=0.00020665003115800872 -0.00018025691479434003 0.00028164289846682532 -8.6632200200171321e-05 0.00019647911387794348 -1.2744562522825492e-05 8.9002454026085306e-06 -0.00021519393465707217
leaf_weight=93 73 33 235 120 49 81 42
leaf_count=93 73 33 235 120 49 81 42
internal_value=0.000206612 -0.00106635 -0.00226397 -0.00100897 0.00488166 0.00438596 -0.00460289
internal_weight=726 633 519 446 169 114 277
internal_count=726 633 519 446 169 114 277
is_linear=0
shrinkage=0.05


Tree=16
num_leaves=8
num_cat=0
split_feature=8 11 1 8 8 8 7
split_gain=2.77948 1.55069 1.91028 2.4043 1.68611 1.18986 1.95346
threshold=-0.1039660758224533 -0.01413744986297699 -0.020982554334022237 0.016569074238451002 -0.061454406262445964 0.12437412668284976 0.089509685440113743
decision_type=8 2 2 8 10 8 2
left_child=-1 -2 3 4 -3 -4 -7
right_child=1 2 5 -5 -6 6 -8
leaf_value=0.00023009892465328474 0.00012391376799710002 -3.3667367172401412e-05 7.914931298970505e-06 0.00019897698370651123 -0.00031811709004488873 -0.00023399404504317108 9.0063539598746539e-05
leaf_weight=36 104 43 427 25 56 28 27
leaf_count=36 104 43 427 25 56 28 27
internal_value=0.000335121 -0.000352113 -0.00132013 -0.00685484 -0.0103535 0.000103734 -0.00681818
internal_weight=746 710 606 124 99 482 55
internal_count=746 710 606 124 99 482 55
is_linear=0
shrinkage=0.05


Tree=17
num_leaves=8
num_cat=0
split_feature=7 6 12 9 12 2 15
split_gain=2.60489 2.4315 2.16701 3.14249 2.16596 2.03263 2.85241
threshold=-0.051360479897455118 -0.79341212405149275 0.045427694667539716 0.14683878356928506 0.040743436804810747 0.028379598688936473 0.005172583031793688
decision_type=2 2 2 8 2 2 2
left_child=-1 4 3 5 -2 6 -3
right_child=1 2 -4 -5 -6 -7 -8
leaf_value=0.0001633107507990297 -0.00011481561025991654 -0.00010735754006247207 0.00012486721359001533 -0.00017158541102636258 -0.00018215217054959036 0.00011876622164568463 0.00026775425747335279
leaf_weight=100 79 136 81 137 25 109 67
leaf_count=100 79 136 81 137 25 109 67
internal_value=0 -0.00118297 0.000188679 -0.00116927 -0.00817308 0.00160256 -0.00135468
internal_weight=734 634 530 449 104 312 203
internal_count=734 634 530 449 104 312 203
is_linear=0
shrinkage=0.05


Tree=18
num_leaves=8
num_cat=0
split_feature=0 9 13 12 4 4 12
split_gain=2.50643 2.06472 2.20295 1.75831 1.6864 1.97594 2.89471
threshold=-0.032800650826386939 -0.12578920436970906 12.765000343322756 0.017736391476984806 0.032760702802743645 0.027644688887153403 -0.0077540971574964193
decision_type=2 8 2 2 2 2 2
left_child=-1 3 -3 -2 5 6 -4
right_child=1 2 4 -5 -6 -7 -8
leaf_value=0.0001858253517769794 0.00039947334681404516 -0.00021532672727683688 -0.00016896890261492651 -3.267976191101011e-05 -0.00025445709425629372 0.00011393999246305849 1.8161258880287912e-06
leaf_weight=26 39 35 60 42 56 131 353
leaf_count=26 39 35 60 42 56 131 353
internal_value=0.000134771 -0.000418994 -0.00137795 0.00709877 -0.000666667 0.000183824 -0.00151332
internal_weight=742 716 635 81 600 544 413
internal_count=742 716 635 81 600 544 413
is_linear=0
shrinkage=0.05


Tree=19
num_leaves=8
num_cat=0
split_feature=7 10 15 9 15 13 15
split_gain=3.277 1.83106 1.34547 2.46785 1.79919 1.68327 1.72165
threshold=-0.063337055323557975 -0.0032970636000927973 0.0075263257563361616 0.17971961007872964 0.010891513112084474 12.555000305175783 0.0063153792294724518
decision_type=2 2 2 8 2 2 2
left_child=1 -1 5 4 -4 -2 -7
right_child=2 -3 3 -5 -6 6 -8
leaf_value=0.00017902136969609082 -0.00020456039091299501 0.00022195266925830251 0.00034442599636959353 -0.00010830564102100528 2.0465492311169588e-05 -1.6570930221423801e-05 -0.00016938628705781718
leaf_weight=33 25 25 38 40 68 481 30
leaf_count=33 25 25 38 40 68 481 30
internal_value=-0.000202703 0.0112069 -0.00117302 0.00308219 0.00707547 -0.00233209 -0.00171233
internal_weight=740 58 682 146 106 536 511
internal_count=740 58 682 146 106 536 511
is_linear=0
shrinkage=0.05


Tree=20
num_leaves=8
num_cat=0
split_feature=0 2 4 7 13 9 16
split_gain=2.24291 2.37502 1.6555 1.43389 1.56444 1.46849 1.20343
threshold=-0.030530275532692271 -0.12518660244645821 0.033369641660440881 0.1043056724166548 12.765000343322756 -0.10199878631736324 0.025989834590564923
decision_type=2 2 2 2 2 8 2
left_child=-1 -2 3 4 -3 -6 -7
right_child=1 2 -4 -5 5 6 -8
leaf_value=0.00016758301570332586 0.00033937645511218027 -0.00019433237136734526 -0.00020877687914813245 0.00013287273191376977 0.00021289566862290924 5.0141278223891916e-07 -0.00011044222634369727
leaf_weight=28 25 35 56 26 83 431 60
leaf_count=28 25 35 56 26 83 431 60
internal_value=0.000403226 -0.000139665 -0.00068741 3.93701e-05 -0.00045156 0.000174216 -0.00086558
internal_weight=744 716 691 635 609 574 491
internal_count=744 716 691 635 609 574 491
is_linear=0
shrinkage=0.05


Tree=21
num_leaves=8
num_cat=0
split_feature=7 4 15 13 14 13 14
split_gain=2.32309 2.16529 1.93354 2.20729 1.6896 1.64016 1.57098
threshold=-0.063337055323557975 0.033369641660440881 0.0075263257563361616 12.555000305175783 -0.037904468517233385 16.775000572204593 0.02466440867966813
decision_type=2 2 2 2 2 2 2
left_child=6 2 3 -2 5 -5 -1
right_child=1 -3 -4 4 -6 -7 -8
leaf_value=0.00010056623489402093 -0.00011737255473789817 -0.00022533491143752202 0.00011559791685968523 1.0135574035241741e-06 -1.9427874023639388e-05 0.00031873879428104984 0.00016169115042611993
leaf_weight=25 26 49 127 40 403 31 29
leaf_count=25 26 49 127 40 403 31 29
internal_value=0.000205479 -0.000591716 0.000199362 -0.0012 -0.000421941 0.00669014 0.0101852
internal_weight=730 676 627 500 474 71 54
internal_count=730 676 627 500 474 71 54
is_linear=0
shrinkage=0.05


Tree=22
num_leaves=8
num_cat=0
split_feature=8 16 12 4 4 4 2
split_gain=1.5235 2.33156 1.51061 1.8243 1.41249 1.37116 1.13837
threshold=0.12437412668284976 -0.0016836599404707606 -0.043864321053953818 0.032760702802743645 0.019193711731633398 0.018080910057254023 0.10123436640199947
decision_type=8 2 2 2 2 2 2
left_child=2 -2 -1 4 5 -4 -6
right_child=1 -3 3 -5 6 -7 -8
leaf_value=0.00025173597754924891 0.00015360659290481385 -0.00018761406095052334 9.2621559905982888e-06 -0.00014253853759951945 1.3498268156453189e-05 -9.6403298213553954e-05 0.00031052890292342897
leaf_weight=43 25 42 33 57 473 28 40
leaf_count=43 25 42 33 57 473 28 40
internal_value=0.000101215 -0.00708955 0.000816024 0.000198098 0.0010453 -0.00614754 0.00190058
internal_weight=741 67 674 631 574 61 513
internal_count=741 67 674 631 574 61 513
is_linear=0
shrinkage=0.05


Tree=23
num_leaves=8
num_cat=0
split_feature=13 7 7 4 5 5 5
split_gain=2.02895 1.76828 1.2621 1.8104 1.40115 1.15063 2.18018
threshold=12.494999885559084 -0.063337055323557975 0.050296827948814189 0.025567084425216505 0.011767646111408339 0.013195563541001121 0.012744901203374027
decision_type=2 2 2 2 2 2 2
left_child=-1 -2 4 -4 -3 6 -6
right_child=1 2 3 -5 5 -7 -8
leaf_value=-0.00017392696015140543 0.00012576875583581817 -9.0834227754990707e-05 -1.2186066341892017e-06 0.00038884828363993176 -3.6062460096439147e-06 -2.0567563069809597e-05 0.00032049435414163192
leaf_weight=29 54 50 48 39 74 412 37
leaf_count=29 54 50 48 39 74 412 37
internal_value=3.36474e-05 0.000560224 -0.000151515 0.00545977 -0.00100349 -0.000239006 0.00427928
internal_weight=743 714 660 87 573 523 111
internal_count=743 714 660 87 573 523 111
is_linear=0
shrinkage=0.05


Tree=24
num_leaves=8
num_cat=0
split_feature=2 13 2 8 15 3 4
split_gain=2.20728 1.6183 1.44682 2.11443 1.24405 2.42921 1.20063
threshold=-0.12518660244645821 12.555000305175783 0.16994458376023105 0.1227524034631894 0.0086612205076362931 0.0080428723569955247 0.032851299179889347
decision_type=2 2 2 8 2 2 2
left_child=-1 -2 3 4 6 -6 -3
right_child=1 2 -4 -5 5 -7 -8
leaf_value=0.00026781269749564444 -0.00012401445128544446 -2.9321505213350012e-06 0.0002132625547753988 -0.00019245342677174493 0.00019054952515007301 -4.5269452741952736e-05 -0.00015166902283965389
leaf_weight=32 31 454 28 39 66 38 44
leaf_count=32 31 454 28 39 66 38 44
internal_value=-0.00034153 -0.000928571 -0.000411061 -0.000897036 -0.000166113 0.00480769 -0.00120482
internal_weight=732 700 669 641 602 104 498
internal_count=732 700 669 641 602 104 498
is_linear=0
shrinkage=0.05


Tree=25
num_leaves=8
num_cat=0
split_feature=7 6 12 12 12 16 15
split_gain=2.13578 1.44908 1.9275 1.72119 2.76306 1.6 1.39222
threshold=-0.063337055323557975 -0.79341212405149275 0.043496943110048487 0.046183632985379426 0.041108028160014472 0.010985322928329435 0.0091019433444518034
decision_type=2 2 2 2 2 2 2
left_child=-1 2 -2 4 6 -5 -3
right_child=1 3 -4 5 -6 -7 -8
leaf_value=0.00012958972816842391 -2.2320900869915409e-05 -2.1395701112736452e-05 -0.00015622066108700823 0.00018848224262641824 -0.00019239062226807528 -2.779602578296134e-05 0.00016649432831352987
leaf_weight=56 78 387 28 45 29 45 84
leaf_count=56 78 387 28 45 29 45 84
internal_value=-0.000465426 -0.00122126 -0.00660377 -0.000254237 -0.0014 0.00611111 -0.000477707
internal_weight=752 696 106 590 500 90 471
internal_count=752 696 106 590 500 90 471
is_linear=0
shrinkage=0.05


Tree=26
num_leaves=8
num_cat=0
split_feature=7 13 7 8 16 1 1
split_gain=2.055 1.72459 1.37548 1.83644 1.35282 1.47649 1.40557
threshold=-0.063337055323557975 12.494999885559084 0.050296827948814189 0.1143339001843663 0.029726457210442762 0.016472453112413746 0.0081392222242832064
decision_type=2 2 2 8 2 2 2
left_child=-1 -2 3 4 5 6 -3
right_child=1 2 -4 -5 -6 -7 -8
leaf_value=0.00026077790783357672 -0.00018277109115467151 9.9531526276115494e-06 8.4308306923347895e-05 -0.00021663044301867642 -0.0001434387174771422 0.00010892679224643867 -0.00019643931846787476
leaf_weight=51 25 333 81 26 47 115 58
leaf_count=51 25 333 81 26 47 115 58
internal_value=0.000611413 -0.000109489 0.000378788 -0.000474957 0.000135624 0.000889328 -0.000575448
internal_weight=736 685 660 579 553 506 391
internal_count=736 685 660 579 553 506 391
is_linear=0
shrinkage=0.05


Tree=27
num_leaves=8
num_cat=0
split_feature=6 12 12 9 15 15 6
split_gain=1.41474 2.44682 1.62701 2.12092 2.15885 2.22876 2.11062
threshold=-0.79341212405149275 0.027082991188188469 0.045427694667539716 -0.094759403978272636 0.0094072841392227619 -0.0085147794554434313 -0.16586848650492919
decision_type=2 2 2 8 2 2 2
left_child=1 -1 3 -2 5 6 -5
right_child=2 -3 -4 4 -6 -7 -8
leaf_value=6.0507257144931225e-06 0.0001545267658159033 -0.00016513465949320028 0.00011531031608753087 -0.00017502523258307022 0.00017065580569677617 -7.737711300230066e-05 0.00029588754171094086
leaf_weight=70 117 46 87 28 65 291 37
leaf_count=70 117 46 87 28 65 291 37
internal_value=-0.000101215 -0.00517241 0.00084 -0.000185874 -0.00184086 -0.00337079 0.005
internal_weight=741 116 625 538 421 356 65
internal_count=741 116 625 538 421 356 65
is_linear=0
shrinkage=0.05


Tree=28
num_leaves=8
num_cat=0
split_feature=11 6 1 13 7 0 11
split_gain=1.70518 1.32908 1.37959 2.04117 2.0761 2.38078 1.35047
threshold=-0.020756014565235011 -0.79341212405149275 0.016472453112413746 19.115000724792484 0.042311458768528938 0.011984659878893524 0.018972561057233887
decision_type=2 2 2 2 2 2 2
left_child=-1 -2 -3 4 5 -4 -6
right_child=1 2 3 -5 6 -7 -8
leaf_value=0.0001838581615131898 -0.00011498211182412212 -1.5741445965753496e-05 3.3101745662838211e-05 0.00037140013642353114 0.00026370032250832616 -0.00032244685731766195 3.3501517326062214e-06
leaf_weight=80 109 354 65 32 44 27 37
leaf_count=80 109 354 65 32 44 27 37
internal_value=0.000601604 -0.000224551 0.000760286 0.00402439 0.00187861 -0.00326087 0.00771605
internal_weight=748 668 559 205 173 92 81
internal_count=748 668 559 205 173 92 81
is_linear=0
shrinkage=0.05


Tree=29
num_leaves=8
num_cat=0
split_feature=13 9 11 1 16 0 0
split_gain=1.49683 1.32887 1.21369 1.25532 1.03712 1.03519 1.61566
threshold=12.494999885559084 -0.1580112519954919 -0.01413744986297699 -0.025320863222464515 -0.023795656612015766 -0.017760318355335144 -0.0084304655553611423
decision_type=2 8 2 2 2 2 2
left_child=-1 -2 3 4 -3 -4 -7
right_child=1 2 5 -5 -6 6 -8
leaf_value=-0.00015662995460315272 0.00024699206689859763 0.00016144724386361328 5.9474527952882618e-05 -0.0001183190156437833 0.00032472603303876964 -0.00011463417439010453 -3.3379901930427527e-06
leaf_weight=26 44 46 61 32 25 75 416
leaf_count=26 44 46 61 32 25 75 416
internal_value=0.000241379 0.000679542 0.000114504 0.00509709 0.00880282 -0.000815217 -0.00157841
internal_weight=725 699 655 103 71 552 491
internal_count=725 699 655 103 71 552 491
is_linear=0
shrinkage=0.05


Tree=30
num_leaves=8
num_cat=0
split_feature=13 9 9 2 13 9 12
split_gain=1.36808 2.13182 1.88654 1.86729 1.82607 1.33072 2.07471
threshold=15.875000000000002 0.12246564631628011 0.092456289323823784 -0.12518660244645821 17.195000648498539 -0.094759403978272636 0.017736391476984806
decision_type=2 10 10 2 2 8 2
left_child=1 -1 3 -2 -4 6 -5
right_child=2 -3 4 5 -6 -7 -8
leaf_value=-8.2446799790058101e-06 0.00045925105249345884 -0.00021743849042162386 0.00027634470093309275 0.00023464246355366775 9.6706502181482913e-05 -3.7620040903510541e-05 -0.00050804582251190477
leaf_weight=256 26 44 31 58 45 251 29
leaf_count=256 26 44 31 58 45 251 29
internal_value=0.00027027 -0.00233333 0.00204545 0.000549451 0.00921053 -0.000443787 0.00488506
internal_weight=740 300 440 364 76 338 87
internal_count=740 300 440 364 76 338 87
is_linear=0
shrinkage=0.05


end of trees

feature_importances:
dist_ma20=21
spy_ret_20d=21
vix_level=21
dist_ma200=20
dvol_z_20=18
ret_1d=16
sector_ret_1d=14
ret_5d=11
atr_pct=10
parkinson_20=10
dist_ma50=10
vix_chg_1d=10
ret_20d=9
spy_ret_5d=9
sector_ret_5d=8
spy_ret_1d=5
overnight_gap=4

parameters:
[boosting: gbdt]
[objective: quantile]
[metric: quantile]
[tree_learner: serial]
[device_type: cpu]
[data_sample_strategy: bagging]
[data: ]
[valid: ]
[num_iterations: 80]
[learning_rate: 0.05]
[num_leaves: 8]
[num_threads: 1]
[seed: 0]
[deterministic: 0]
[force_col_wise: 1]
[force_row_wise: 0]
[histogram_pool_size: -1]
[max_depth: -1]
[min_data_in_leaf: 25]
[min_sum_hessian_in_leaf: 0.001]
[bagging_fraction: 0.9]
[pos_bagging_fraction: 1]
[neg_bagging_fraction: 1]
[bagging_freq: 1]
[bagging_seed: 3]
[bagging_by_query: 0]
[feature_fraction: 0.9]
[feature_fraction_bynode: 1]
[feature_fraction_seed: 2]
[extra_trees: 0]
[extra_seed: 6]
[early_stopping_round: 0]
[early_stopping_min_delta: 0]
[first_metric_only: 0]
[max_delta_step: 0]
[lambda_l1: 0]
[lambda_l2: 0]
[linear_lambda: 0]
[min_gain_to_split: 0]
[drop_rate: 0.1]
[max_drop: 50]
[skip_drop: 0.5]
[xgboost_dart_mode: 0]
[uniform_drop: 0]
[drop_seed: 4]
[top_rate: 0.2]
[other_rate: 0.1]
[min_data_per_group: 100]
[max_cat_threshold: 32]
[cat_l2: 10]
[cat_smooth: 10]
[max_cat_to_onehot: 4]
[top_k: 20]
[monotone_constraints: ]
[monotone_constraints_method: basic]
[monotone_penalty: 0]
[feature_contri: ]
[forcedsplits_filename: ]
[refit_decay_rate: 0.9]
[cegb_tradeoff: 1]
[cegb_penalty_split: 0]
[cegb_penalty_feature_lazy: ]
[cegb_penalty_feature_coupled: ]
[path_smooth: 0]
[interaction_constraints: ]
[verbosity: -1]
[saved_feature_importance_type: 0]
[use_quantized_grad: 0]
[num_grad_quant_bins: 4]
[quant_train_renew_leaf: 0]
[stochastic_rounding: 1]
[linear_tree: 0]
[max_bin: 255]
[max_bin_by_feature: ]
[min_data_in_bin: 3]
[bin_construct_sample_cnt: 200000]
[data_random_seed: 1]
[is_enable_sparse: 1]
[enable_bundle: 1]
[use_missing: 1]
[zero_as_missing: 0]
[feature_pre_filter: 1]
[pre_partition: 0]
[two_round: 0]
[header: 0]
[label_column: ]
[weight_column: ]
[group_column: ]
[ignore_column: ]
[categorical_feature: ]
[forcedbins_filename: ]
[precise_float_parser: 0]
[parser_config_file: ]
[objective_seed: 5]
[num_class: 1]
[is_unbalance: 0]
[scale_pos_weight: 1]
[sigmoid: 1]
[boost_from_average: 1]
[reg_sqrt: 0]
[alpha: 0.5]
[fair_c: 1]
[poisson_max_delta_step: 0.7]
[tweedie_variance_power: 1.5]
[lambdarank_truncation_level: 30]
[lambdarank_norm: 1]
[label_gain: ]
[lambdarank_position_bias_regularization: 0]
[eval_at: ]
[multi_error_top_k: 1]
[auc_mu_weights: ]
[num_machines: 1]
[local_listen_port: 12400]
[time_out: 120]
[machine_list_filename: ]
[machines: ]
[gpu_platform_id: -1]
[gpu_device_id: -1]
[gpu_device_id_list: ]
[gpu_use_dp: 0]
[num_gpu: 1]

end of parameters

pandas_categorical:[]
