tree
version=v4
num_class=1
num_tree_per_iteration=1
label_index=0
max_feature_idx=16
objective=quantile
feature_names=ret_1d ret_5d ret_20d overnight_gap atr_pct parkinson_20 dvol_z_20 dist_ma20 dist_ma50 dist_ma200 spy_ret_1d spy_ret_5d spy_ret_20d vix_level vix_chg_1d sector_ret_1d sector_ret_5d
feature_infos=[-0.11045238963881798:0.11561278144802478] [-0.17133345494345131:0.20738767948124126] [-0.22557217258349649:0.31810430581213578] [-0.063052984846943994:0.073129896386151083] [0.020793777911031836:0.06910424657800969] [0.012698168890570091:0.036739625782436842] [-2.5100423445368931:4.1186609755264314] [-0.14681658099910677:0.17990862412832209] [-0.16563125221121211:0.28516818299749724] [-0.22972594353519515:0.36981702608951483] [-0.058542947643003718:0.10501933612632941] [-0.11496158439845272:0.082843216242346029] [-0.12265592443394913:0.15756596870864792] [11.859999656677246:52.330001831054688] [-0.35753873962348437:0.74039073966007019] [-0.06285260230433054:0.088816354578251211] [-0.11675897124649115:0.08529462291702461]
tree_sizes=829 869 854 866 856 867 866 851 867 869 852 868 877 863 870 869 868 868 855 863 865 858 865

Tree=0
num_leaves=8
num_cat=0
split_feature=9 15 16 16 6 8 2
split_gain=1.06461 0.708383 0.460308 1.6547 0.48125 0.668896 0.440769
threshold=-0.17550752759559193 -0.016247725666837017 0.0029246570669991816 0.0045930765554842443 0.65770076915398534 0.098050273884951925 0.0026072908721964665
decision_type=8 2 2 2 2 8 2
left_child=-1 -2 6 -4 -5 -6 -3
right_child=1 2 3 4 5 -7 -8
leaf_value=0.02527011988523924 0.024702907637272432 0.024134620239083859 0.024950928794310379 0.024035499423471263 0.025067305534669137 0.023503368896347809 0.023925003870526297
leaf_weight=27 28 187 25 280 46 26 131
leaf_count=27 28 187 25 280 46 26 131
internal_value=0.0242539 0.0238899 0.0235757 0.0247575 0.0238747 0.0275206 0.0221746
internal_weight=750 723 695 377 352 72 318
internal_count=750 723 695 377 352 72 318
is_linear=0
shrinkage=1


Tree=1
num_leaves=8
num_cat=0
split_feature=5 14 8 3 9 12 10
split_gain=0.920435 0.802789 1.30755 1.11375 0.632523 0.364815 0.357404
threshold=0.02659179775538208 0.022797718540964799 0.093702709676442467 -1.0000000180025095e-35 0.020437549373141132 -0.028469952569234454 0.0017576081132453238
decision_type=2 2 10 2 8 2 2
left_child=1 5 3 -3 -5 -1 -7
right_child=-2 2 -4 4 -6 6 -8
leaf_value=0.00010878047139415087 0.00053940236645147032 -0.00018519588844193334 0.00090906327268320489 0.00072484351390514953 4.4673835551297142e-05 -0.00043985143950993474 -8.6522064755673435e-05
leaf_weight=36 46 109 34 37 36 162 274
leaf_count=36 46 109 34 37 36 162 274
internal_value=0.000108991 -0.000348838 0.00217592 0.000494504 0.00527397 -0.00150424 -0.00190367
internal_weight=734 688 216 182 73 472 436
internal_count=734 688 216 182 73 472 436
is_linear=0
shrinkage=0.05


Tree=2
num_leaves=8
num_cat=0
split_feature=5 12 3 6 0 2 1
split_gain=0.893095 0.495936 1.10187 0.548431 0.801022 0.909441 0.786515
threshold=0.02659179775538208 -0.02797294646846021 0.0010387480377205274 1.027678219541827 0.010641349200814833 0.010284912976474938 -0.0022749993177667012
decision_type=2 2 2 2 2 2 2
left_child=1 2 -1 4 -3 -6 -5
right_child=-2 3 -4 6 5 -7 -8
leaf_value=-0.00012977494611436633 0.00051243224812889683 -0.00025462844034710791 0.00072540010331534842 0.00079212888999478893 -0.00027964299868171125 0.00018282562543986134 -0.0001572958292588328
leaf_weight=41 46 383 27 49 66 90 47
leaf_count=41 46 383 27 49 66 90 47
internal_value=0.000206941 -0.00023471 0.00382353 -0.000669293 -0.00128943 0.00173077 0.0028125
internal_weight=749 703 68 635 539 156 96
internal_count=749 703 68 635 539 156 96
is_linear=0
shrinkage=0.05


Tree=3
num_leaves=8
num_cat=0
split_feature=9 1 1 14 3 1 0
split_gain=0.463588 0.370443 1.03856 0.660206 0.794118 0.541659 0.499128
threshold=-0.17550752759559193 -0.011462069231812476 -0.0051875630969328004 0.022797718540964799 -0.0012673662690659835 0.035764544471396882 0.012583102180464325
decision_type=8 2 2 2 2 2 2
left_child=-1 -2 -3 6 -5 -6 -4
right_child=1 2 3 4 5 -7 -8
leaf_value=0.00078158790970153072 -0.00014913495809775419 0.000789107567068189 -0.00028002618071584225 -7.3292650308827488e-05 0.00058797004363868083 0.0005484264132358021 5.0247925597527411e-05
leaf_weight=26 262 42 178 51 25 26 133
leaf_count=26 262 42 178 51 25 26 133
internal_value=-2.01896e-05 -0.000258021 0.000604394 -0.000157386 0.00333333 0.0077451 -0.00130225
internal_weight=743 717 455 413 102 51 311
internal_count=743 717 455 413 102 51 311
is_linear=0
shrinkage=0.05


Tree=4
num_leaves=8
num_cat=0
split_feature=9 6 3 8 5 3 15
split_gain=0.562404 0.51285 0.691838 0.374026 0.642604 0.317593 0.382275
threshold=-0.17550752759559193 1.027678219541827 -0.0030851214950775026 0.12586875776965215 0.018731735686806722 -0.0048022086579406755 -0.006772835366344653
decision_type=8 2 2 10 2 2 2
left_child=-1 3 -3 5 -5 -2 -7
right_child=1 2 -4 4 -6 6 -8
leaf_value=0.00087232779582454049 -0.00021933356230529688 0.00073196351154143884 2.453998210003003e-05 0.00030610531427753795 -8.7827215894572589e-05 0.00021141021532953766 -9.6558554778312651e-05
leaf_weight=30 128 32 68 25 31 54 378
leaf_count=30 128 32 68 25 31 54 378
internal_value=-4.02157e-05 -0.00032123 0.003 -0.000860391 0.00303571 -0.00125 -0.000601853
internal_weight=746 716 100 616 56 560 432
internal_count=746 716 100 616 56 560 432
is_linear=0
shrinkage=0.05


Tree=5
num_leaves=8
num_cat=0
split_feature=14 4 4 3 4 14 14
split_gain=0.734335 1.16986 0.661083 0.602043 0.686992 0.475931 0.779539
threshold=0.022797718540964799 0.024724637867405145 0.026925532084206272 0.0045808865838823385 0.030174302380873173 -0.0032889554051496734 -0.0067330833557224237
decision_type=2 2 2 2 2 2 2
left_child=5 -2 -3 4 -4 6 -1
right_child=1 2 3 -5 -6 -7 -8
leaf_value=-0.00012097075137580203 0.00039168421663361469 -0.00023648109183904914 0.0011212409280483896 0.00075057615301545261 -0.00021907633561136708 -0.00035144993323564023 0.0010883995826126032
leaf_weight=361 26 37 41 39 82 124 27
leaf_count=361 26 37 41 39 82 124 27
internal_value=-4.7491e-05 0.00233333 0.00103015 0.00240741 0.000691056 -0.00109375 -0.00023196
internal_weight=737 225 199 162 123 512 388
internal_count=737 225 199 162 123 512 388
is_linear=0
shrinkage=0.05


Tree=6
num_leaves=8
num_cat=0
split_feature=13 16 11 0 0 0 6
split_gain=0.426104 0.522624 0.925432 1.13669 0.527262 0.422129 0.812291
threshold=25.505000114440922 0.0019930103358347666 0.0026615603308526308 0.0069559497471548557 -0.016784086405636719 0.010641349200814833 -0.50709846857039509
decision_type=2 2 2 2 2 2 2
left_child=1 -1 3 -3 -4 -6 -7
right_child=-2 2 4 -5 5 6 -8
leaf_value=-0.00012805938133404773 0.00056242239506199877 0.00023027010815832583 0.00037326363233856121 0.00037547506215110165 -0.00019272886516931816 0.00018868462043030048 -0.00013132749342553452
leaf_weight=313 34 48 33 26 171 30 91
leaf_count=313 34 48 33 26 171 30 91
internal_value=-0.000174264 -0.000435394 0.00076441 0.00581081 -0.000384617 -0.00106165 0.00119835
internal_weight=746 712 399 74 325 292 121
internal_count=746 712 399 74 325 292 121
is_linear=0
shrinkage=0.05


Tree=7
num_leaves=8
num_cat=0
split_feature=9 6 6 12 3 15 9
split_gain=0.840326 0.50677 0.539796 0.781395 0.380856 1.48539 0.601445
threshold=-0.17550752759559193 1.027678219541827 2.3883215590763229 0.01743897700487718 0.00072486807385707685 -0.0065838792263974147 0.1257054171802319
decision_type=8 2 2 2 2 2 10
left_child=-1 4 3 -3 6 -6 -2
right_child=1 2 -4 -5 5 -7 -8
leaf_value=0.00091044460271469852 -0.00022200789541758359 0.00088670461507966763 -0.00013680421765161236 5.134674255140187e-05 0.00037776793911686581 -7.4449875930485742e-05 7.4051264322906281e-05
leaf_weight=26 286 27 28 43 28 254 53
leaf_count=26 286 27 28 43 28 254 53
internal_value=-0.000369129 -0.000688457 0.00265306 0.005 -0.00121578 0.000141843 -0.00234513
internal_weight=745 719 98 70 621 282 339
internal_count=745 719 98 70 621 282 339
is_linear=0
shrinkage=0.05


Tree=8
num_leaves=8
num_cat=0
split_feature=9 15 1 15 9 6 12
split_gain=0.62839 0.957837 1.51515 1.44053 0.716678 0.544524 0.721804
threshold=0.033589306194994901 0.0072581709670196401 0.028813938810980936 -0.0085972209494782331 -0.17550752759559193 0.14857366670126068 0.038546138655022773
decision_type=10 2 2 2 8 2 2
left_child=4 3 -3 -2 -1 -6 -7
right_child=1 2 -4 -5 5 6 -8
leaf_value=0.00077314690395510418 0.00048415781941094603 0.00067722256097994349 -0.00012366752712473668 -0.00012383720518487662 -0.00015528912193485021 0.00011616351352567517 -0.00041700270819044962
leaf_weight=31 25 33 33 136 331 133 42
leaf_count=31 25 33 33 136 331 133 42
internal_value=-0.000157069 0.00204846 0.00712121 -3.10571e-05 -0.00108939 -0.0015415 0.000714285
internal_weight=764 227 66 161 537 506 175
internal_count=764 227 66 161 537 506 175
is_linear=0
shrinkage=0.05


Tree=9
num_leaves=8
num_cat=0
split_feature=3 15 15 0 4 9 8
split_gain=0.435794 1.74349 0.668003 1.28965 0.632237 0.415007 0.348261
threshold=0.00072486807385707685 -0.0065838792263974147 0.0038050650617504904 0.0037721287149797837 0.025229020007239214 -0.13450947774325842 0.12586875776965215
decision_type=2 2 2 2 2 10 10
left_child=6 -2 -3 -4 -5 -6 -1
right_child=1 2 3 4 5 -7 -8
leaf_value=-8.579786957166384e-05 0.00061095170752062302 -0.00021269561072383898 0.00060483676875270568 0.0005696258612033797 0.00014560590416067102 -0.00026005947900170168 0.00012903479013131775
leaf_weight=362 32 144 26 30 39 75 36
leaf_count=362 32 144 26 30 39 75 36
internal_value=-0.000228496 0.00106936 -6.36955e-05 0.00205882 0.000208332 -0.00149123 -0.00135679
internal_weight=744 346 314 170 144 114 398
internal_count=744 346 314 170 144 114 398
is_linear=0
shrinkage=0.05


Tree=10
num_leaves=8
num_cat=0
split_feature=6 11 0 8 5 0 2
split_gain=0.652759 0.639105 0.742749 0.405362 0.752542 1.15334 0.48492
threshold=1.027678219541827 0.0032511788494672404 -0.0027732099314424215 0.045384663687731093 0.018573248498643353 0.010888485082021006 0.02939775551162194
decision_type=2 2 2 10 2 2 2
left_child=3 2 -2 6 5 -5 -1
right_child=1 -3 -4 4 -6 -7 -8
leaf_value=-3.0492846965025629e-05 -0.00014865618243114782 -3.3530200143952395e-05 0.00095818672748434932 -7.4763693075179105e-05 -0.00010247713943561754 0.00076535666061061268 -0.00033995090960910803
leaf_weight=374 25 47 28 43 113 32 87
leaf_count=374 25 47 28 43 113 32 87
internal_value=-0.000260348 0.0035 0.00726415 -0.000839755 0.00111702 0.005 -0.00163775
internal_weight=749 100 53 649 188 75 461
internal_count=749 100 53 649 188 75 461
is_linear=0
shrinkage=0.05


Tree=11
num_leaves=8
num_cat=0
split_feature=15 2 2 16 2 2 16
split_gain=0.587479 0.386343 0.641557 0.877554 0.383521 0.619761 0.939918
threshold=-0.016247725666837017 0.1131546455442778 0.065938535885955454 0.0031233829708902099 0.02939775551162194 0.0086626354683821977 0.0093532375768660154
decision_type=2 2 2 2 2 2 2
left_child=-1 2 4 -4 5 -2 -7
right_child=1 -3 3 -5 -6 6 -8
leaf_value=0.00069218237066937362 -4.8989503767288269e-05 -0.00021847266554827994 -8.5779726662745621e-05 0.00033325810987657026 -0.00027496389725531017 -0.00019498434140006451 0.00073031325962180768
leaf_weight=31 380 104 34 44 89 32 33
leaf_count=31 380 104 34 44 89 32 33
internal_value=-0.000448462 -0.000740225 -0.000261439 0.00397436 -0.000880151 -0.0002809 0.00423077
internal_weight=747 716 612 78 534 445 65
internal_count=747 716 612 78 534 445 65
is_linear=0
shrinkage=0.05


Tree=12
num_leaves=8
num_cat=0
split_feature=10 0 6 11 3 15 3
split_gain=0.594995 0.425069 0.56916 0.966031 0.372148 0.461651 0.399348
threshold=-0.01521359351313417 -0.025860099857781257 1.0925099327658321 0.0032511788494672404 -0.0034796131303183593 -0.006772835366344653 0.0048762757701780188
decision_type=2 2 2 2 2 2 2
left_child=-1 -2 4 -4 -3 -6 -7
right_child=1 2 3 -5 5 6 -8
leaf_value=0.00072863172127835452 -0.00026154744582306927 -9.7149480978207879e-05 0.00055374036417394051 -0.00035767779480545071 0.00027502365519094165 1.6381529541202172e-05 -0.00020700722725893353
leaf_weight=37 53 165 33 41 33 226 146
leaf_count=37 53 165 33 41 33 226 146
internal_value=-0.000367849 -0.000695841 -0.000341616 0.00378378 -0.000877194 -6.17296e-05 -0.000564517
internal_weight=734 697 644 74 570 405 372
internal_count=734 697 644 74 570 405 372
is_linear=0
shrinkage=0.05


Tree=13
num_leaves=8
num_cat=0
split_feature=14 3 8 8 12 4 14
split_gain=0.501886 1.15556 0.829532 0.710074 0.349649 0.393846 0.324801
threshold=0.022797718540964799 0.00036400245188161767 0.070718952438602503 0.0054842530262777531 0.052412040834153968 0.02914655604746778 -0.026106823606350468
decision_type=2 2 10 10 2 2 2
left_child=4 2 -2 -3 6 -6 -1
right_child=1 3 -4 -5 5 -7 -8
leaf_value=-6.4654861294860446e-05 -0.00020774937562411736 5.5317836738247136e-05 0.00082045541290522118 0.00063611010425353208 -0.00058149613118961129 0.0001030884742828846 -0.00026371786690261735
leaf_weight=216 124 44 25 37 25 40 234
leaf_count=216 124 44 25 37 25 40 234
internal_value=-0.000637585 0.00130435 -0.00130873 0.00611111 -0.00150486 0.00192308 -0.002
internal_weight=745 230 149 81 515 65 450
internal_count=745 230 149 81 515 65 450
is_linear=0
shrinkage=0.05


Tree=14
num_leaves=8
num_cat=0
split_feature=4 14 15 11 0 4 8
split_gain=0.642562 0.48408 0.758603 0.708707 0.422072 0.477329 0.389818
threshold=0.026925532084206272 -0.037778052319122728 0.0074072805227121128 -0.024572906939621272 0.008833239529002614 0.024449707131286209 0.0038770054804800895
decision_type=2 2 2 2 2 2 8
left_child=4 6 3 -3 -1 -6 -2
right_child=1 2 -4 -5 5 -7 -8
leaf_value=-0.00031712266203181709 2.5023131144682334e-05 0.00088478215628394268 0.00037166002846501165 -9.5973906879366088e-06 0.00059375099759794087 -0.00020396981939514353 -0.00042046942209016244
leaf_weight=154 84 31 48 274 28 43 57
leaf_count=154 84 31 48 274 28 43 57
internal_value=-0.000340752 0.000668015 0.00165722 0.000737704 -0.00255556 0.000633802 -0.00180851
internal_weight=719 494 353 305 225 71 141
internal_count=719 494 353 305 225 71 141
is_linear=0
shrinkage=0.05


Tree=15
num_leaves=8
num_cat=0
split_feature=15 9 15 9 5 2 12
split_gain=0.587859 0.778916 0.262621 0.354226 0.590126 0.272435 0.366633
threshold=-0.011539962974196181 0.085586713387428973 0.015786047738552748 -0.14189657014112469 0.020343415085695676 -0.018814726721182558 0.0066896649330910893
decision_type=2 8 2 8 2 2 2
left_child=1 -1 3 4 -2 -5 -7
right_child=2 -3 -4 5 -6 6 -8
leaf_value=-0.00030606607722166647 -0.00028937167432793449 0.00038241988580980918 6.2841124067392621e-05 -8.5193475484084176e-05 0.00075769244720797261 0.00013846199553448977 -8.2978015267820812e-05
leaf_weight=38 28 35 36 181 40 83 302
leaf_count=38 28 35 36 181 40 83 302
internal_value=-0.000356663 0.00390411 -0.000820897 -0.00105678 0.00235294 -0.00146643 -0.000714287
internal_weight=743 73 670 634 68 566 385
internal_count=743 73 670 634 68 566 385
is_linear=0
shrinkage=0.05


Tree=16
num_leaves=8
num_cat=0
split_feature=11 16 10 3 2 10 6
split_gain=0.519034 1.04573 0.428767 0.648059 0.438294 0.324386 0.457053
threshold=-0.0084964938619227475 -0.0065187610014357236 0.0022948798930048091 0.0049563527364157043 -0.01730144820248047 -0.0036672927234202564 1.027678219541827
decision_type=2 2 2 2 2 2 2
left_child=1 2 3 4 -1 -2 -7
right_child=5 -3 -4 -5 -6 6 -8
leaf_value=-8.5680436710647401e-05 -0.00010343925431549474 0.0011821907345679198 -0.00032810535311027846 0.00075059453626242492 6.715166527571842e-05 -5.3461456895284039e-05 0.0001060807002851321
leaf_weight=45 95 29 32 26 35 435 60
leaf_count=45 95 29 32 26 35 435 60
internal_value=-0.000574638 0.00188623 7.24626e-05 0.00160377 -0.000625001 -0.00127119 -0.000757577
internal_weight=757 167 138 106 80 590 495
internal_count=757 167 138 106 80 590 495
is_linear=0
shrinkage=0.05


Tree=17
num_leaves=8
num_cat=0
split_feature=9 8 3 15 14 9 9
split_gain=0.452385 0.586631 0.396741 0.410237 1.27488 0.449813 0.367972
threshold=-0.17254279946270593 -0.058452822494445549 0.01272439643556267 0.010693782912721274 -0.042837654521053752 0.21427111502355703 -0.13974971823738183
decision_type=8 10 2 2 2 10 8
left_child=-1 -2 3 5 -5 6 -3
right_child=1 2 -4 4 -6 -7 -8
leaf_value=0.00074052491780132788 -0.00028298745556034282 0.00020614660287942814 -0.0005480549341363919 -4.747814209181517e-05 0.00019665219677364083 0.00049100180645875288 -4.9674130698753021e-05
leaf_weight=29 140 25 42 36 26 35 413
leaf_count=29 140 25 42 36 26 35 413
internal_value=-0.000777481 -0.00102511 -0.000320625 4.67278e-05 0.00387097 -0.000454547 -0.000890412
internal_weight=746 717 577 535 62 473 438
internal_count=746 717 577 535 62 473 438
is_linear=0
shrinkage=0.05


Tree=18
num_leaves=8
num_cat=0
split_feature=6 13 9 12 12 13 12
split_gain=0.632646 0.566293 0.55783 0.432941 0.658833 0.273546 0.370362
threshold=1.3294409480203366 17.204999923706058 -0.17254279946270593 0.052412040834153968 0.062788606761277746 21.295000076293949 -0.031709491768756808
decision_type=2 2 8 2 2 2 2
left_child=2 -2 -1 5 -5 6 -4
right_child=1 -3 3 4 -6 -7 -8
leaf_value=0.00072154264900006781 -0.00013478427014580066 0.0006832235071754832 3.6017715011376174e-05 0.00012396279095915178 -0.00058692684329604637 -0.00015240652791744162 -6.956517704782432e-05
leaf_weight=28 44 39 36 32 37 65 472
leaf_count=28 44 39 36 32 37 65 472
internal_value=-0.000683932 0.00343373 -0.00119403 -0.00149533 0.00224638 -0.0019459 -0.00155512
internal_weight=753 83 670 642 69 573 508
internal_count=753 83 670 642 69 573 508
is_linear=0
shrinkage=0.05


Tree=19
num_leaves=8
num_cat=0
split_feature=9 12 13 9 10 12 12
split_gain=0.57706 0.556102 1.0215 0.476873 0.340051 0.775092 0.259488
threshold=-0.17935301057318506 0.052412040834153968 17.945000648498539 0.18902832274275796 0.010263940972428777 0.0061046403867389696 0.019647548518162531
decision_type=8 2 2 10 2 2 2
left_child=-1 3 -3 4 6 -6 -2
right_child=1 2 -4 -5 5 -7 -8
leaf_value=0.00073959744781648326 -1.4098656973532995e-05 0.00012364615300744324 -0.00034318065435773868 0.00051384547710017954 -0.00030281872287691409 0.00038752612176512469 -0.00019732240064934673
leaf_weight=25 280 46 33 38 30 26 261
leaf_count=25 280 46 33 38 30 26 261
internal_value=-0.000466848 -0.000728293 0.00322785 -0.00122047 -0.00156617 0.00214286 -0.00195009
internal_weight=739 714 79 635 597 56 541
internal_count=739 714 79 635 597 56 541
is_linear=0
shrinkage=0.05


Tree=20
num_leaves=8
num_cat=0
split_feature=9 2 15 2 16 14 0
split_gain=0.490095 0.505429 0.520259 0.456653 1.42352 0.510229 1.20753
threshold=-0.17935301057318506 -0.018814726721182558 -0.011791152670513281 0.01931959291060226 0.0083304781599000694 0.01016731697942619 0.0028000056267419864
decision_type=8 2 2 2 2 2 2
left_child=-1 -2 -3 4 -4 -5 -7
right_child=1 2 3 5 -6 6 -8
leaf_value=0.000684573598336853 -7.0578032635531214e-05 0.00057523752883540064 -0.00028605680246491589 -0.00023592306783465399 0.00056931786048045128 -0.00012888481578410952 0.00064256341239796199
leaf_weight=26 278 29 60 204 55 65 34
leaf_count=26 278 29 60 204 55 65 34
internal_value=-0.000206393 -0.000448277 0.00059284 0.000143539 0.00282609 -0.000874589 0.00207071
internal_weight=751 725 447 418 115 303 99
internal_count=751 725 447 418 115 303 99
is_linear=0
shrinkage=0.05


Tree=21
num_leaves=8
num_cat=0
split_feature=15 13 15 10 6 13 8
split_gain=0.68466 1.0866 0.875633 0.317089 0.419404 0.797583 0.686813
threshold=0.0072581709670196401 14.904999732971193 0.0084641806506875489 -0.01521359351313417 -0.68998331688905989 14.734999656677248 -0.01573007375032592
decision_type=2 2 2 2 2 2 10
left_child=3 -2 -3 -1 5 -5 -7
right_child=1 2 -4 4 -6 6 -8
leaf_value=0.0005935375064477803 0.00014696452896875386 0.00055237626151054774 -0.00023341378758949747 -0.00025614687543573704 -0.00017759425116136145 0.00055507444191948226 8.7318214199123777e-05
leaf_weight=35 46 26 108 51 391 35 56
leaf_count=35 46 26 108 51 391 35 56
internal_value=-0.000187167 0.0025 0.000223879 -0.00103873 -0.00134146 0.000985914 0.00379121
internal_weight=748 180 134 568 533 142 91
internal_count=748 180 134 568 533 142 91
is_linear=0
shrinkage=0.05


Tree=22
num_leaves=8
num_cat=0
split_feature=15 13 5 15 13 15 10
split_gain=0.706201 1.02397 1.09918 0.56525 0.348603 0.559363 1.01928
threshold=0.0070853510662165506 15.295000076293947 0.018329924865768187 0.0088480180504761936 17.154999732971195 0.0022019283354985934 0.00040263484850655567
decision_type=2 2 2 2 2 2 2
left_child=4 2 -2 -3 -1 6 -6
right_child=1 3 -4 -5 5 -7 -8
leaf_value=-0.00018788655504453346 0.00050702348723264529 0.00063176935611237571 5.5807743687995468e-06 -0.00013365802506366109 -8.1979607132566046e-06 -0.00019216673918095678 0.00049606033571993318
leaf_weight=323 31 27 27 88 155 56 35
leaf_count=323 31 27 27 88 155 56 35
internal_value=-0.00028302 0.00251445 0.00793103 -0.000217392 -0.00113357 0.000284552 0.00157895
internal_weight=742 173 58 115 569 246 190
internal_count=742 173 58 115 569 246 190
is_linear=0
shrinkage=0.05


end of trees

feature_importances:
sector_ret_1d=19
dist_ma200=18
overnight_gap=13
dvol_z_20=12
spy_ret_20d=12
ret_1d=11
ret_20d=11
dist_ma50=10
vix_chg_1d=10
vix_level=8
atr_pct=7
spy_ret_1d=7
sector_ret_5d=7
parkinson_20=6
ret_5d=5
spy_ret_5d=5

parameters:
[boosting: gbdt]
[objective: quantile]
[metric: quantile]
[tree_learner: serial]
[device_type: cpu]
[data_sample_strategy: bagging]
[data: ]
[valid: ]
[num_iterations: 80]
[learning_rate: 0.05]
[num_leaves: 8]
[num_threads: 1]
[seed: 0]
[deterministic: 0]
[force_col_wise: 1]
[force_row_wise: 0]
[histogram_pool_size: -1]
[max_depth: -1]
[min_data_in_leaf: 25]
[min_sum_hessian_in_leaf: 0.001]
[bagging_fraction: 0.9]
[pos_bagging_fraction: 1]
[neg_bagging_fraction: 1]
[bagging_freq: 1]
[bagging_seed: 3]
[bagging_by_query: 0]
[feature_fraction: 0.9]
[feature_fraction_bynode: 1]
[feature_fraction_seed: 2]
[extra_trees: 0]
[extra_seed: 6]
[early_stopping_round: 0]
[early_stopping_min_delta: 0]
[first_metric_only: 0]
[max_delta_step: 0]
[lambda_l1: 0]
[lambda_l2: 0]
[linear_lambda: 0]
[min_gain_to_split: 0]
[drop_rate: 0.1]
[max_drop: 50]
[skip_drop: 0.5]
[xgboost_dart_mode: 0]
[uniform_drop: 0]
[drop_seed: 4]
[top_rate: 0.2]
[other_rate: 0.1]
[min_data_per_group: 100]
[max_cat_threshold: 32]
[cat_l2: 10]
[cat_smooth: 10]
[max_cat_to_onehot: 4]
[top_k: 20]
[monotone_constraints: ]
[monotone_constraints_method: basic]
[monotone_penalty: 0]
[feature_contri: ]
[forcedsplits_filename: ]
[refit_decay_rate: 0.9]
[cegb_tradeoff: 1]
[cegb_penalty_split: 0]
[cegb_penalty_feature_lazy: ]
[cegb_penalty_feature_coupled: ]
[path_smooth: 0]
[interaction_constraints: ]
[verbosity: -1]
[saved_feature_importance_type: 0]
[use_quantized_grad: 0]
[num_grad_quant_bins: 4]
[quant_train_renew_leaf: 0]
[stochastic_rounding: 1]
[linear_tree: 0]
[max_bin: 255]
[max_bin_by_feature: ]
[min_data_in_bin: 3]
[bin_construct_sample_cnt: 200000]
[data_random_seed: 1]
[is_enable_sparse: 1]
[enable_bundle: 1]
[use_missing: 1]
[zero_as_missing: 0]
[feature_pre_filter: 1]
[pre_partition: 0]
[two_round: 0]
[header: 0]
[label_column: ]
[weight_column: ]
[group_column: ]
[ignore_column: ]
[categorical_feature: ]
[forcedbins_filename: ]
[precise_float_parser: 0]
[parser_config_file: ]
[objective_seed: 5]
[num_class: 1]
[is_unbalance: 0]
[scale_pos_weight: 1]
[sigmoid: 1]
[boost_from_average: 1]
[reg_sqrt: 0]
[alpha: 0.9]
[fair_c: 1]
[poisson_max_delta_step: 0.7]
[tweedie_variance_power: 1.5]
[lambdarank_truncation_level: 30]
[lambdarank_norm: 1]
[label_gain: ]
[lambdarank_position_bias_regularization: 0]
[eval_at: ]
[multi_error_top_k: 1]
[auc_mu_weights: ]
[num_machines: 1]
[local_listen_port: 12400]
[time_out: 120]
[machine_list_filename: ]
[machines: ]
[gpu_platform_id: -1]
[gpu_device_id: -1]
[gpu_device_id_list: ]
[gpu_use_dp: 0]
[num_gpu: 1]

end of parameters

pandas_categorical:[]
