tree
version=v4
num_class=1
num_tree_per_iteration=1
label_index=0
max_feature_idx=16
objective=quantile
feature_names=ret_1d ret_5d ret_20d overnight_gap atr_pct parkinson_20 dvol_z_20 dist_ma20 dist_ma50 dist_ma200 spy_ret_1d spy_ret_5d spy_ret_20d vix_level vix_chg_1d sector_ret_1d sector_ret_5d
feature_infos=[-0.25065997888067582:0.25300125425550979] [-0.26080729166666661:0.32193765210337211] [-0.27580848790909984:0.56428226196230069] [-0.23068958376475457:0.17685002687690377] [0.017366332769611033:0.061774387424872852] [0.011773238331092685:0.032504172047430772] [-2.9553417213153583:4.2686780470717354] [-0.25983630869923746:0.30917813407398054] [-0.26868303962029316:0.43905916525712674] [-0.24630555222758543:0.55241907194596629] [-0.058542947643003718:0.10501933612632941] [-0.11496158439845272:0.082843216242346029] [-0.12265592443394913:0.15756596870864792] [11.859999656677246:52.330001831054688] [-0.35753873962348437:0.74039073966007019] [-0.068244726543857936:0.13419383554022479] [-0.13586538461538455:0.11772560364971629]
tree_sizes=832 867 866 863 857 858 854 859 865 855 862 861 869 860 861

Tree=0
num_leaves=8
num_cat=0
split_feature=4 4 5 12 12 13 16
split_gain=1.36291 0.842779 1.78838 1.36704 0.94316 1 0.728118
threshold=0.027445843817843613 0.031927529637704934 0.016928835007160772 0.012544091383750124 -0.0026166681708668089 22.330000877380375 0.0069278923586365568
decision_type=2 2 2 2 2 2 2
left_child=-1 2 -2 4 5 -3 -4
right_child=1 3 6 -5 -6 -7 -8
leaf_value=-0.032090458029114637 -0.031777580057702565 -0.031954450830747029 -0.03255062654329742 -0.031793811555343943 -0.033117016204992515 -0.033006485002765644 -0.032998053339825827
leaf_weight=389 35 50 53 113 29 50 31
leaf_count=389 35 50 53 113 29 50 31
internal_value=-0.0324947 -0.0347073 -0.0381524 -0.0330132 -0.0365304 -0.034228 -0.042109
internal_weight=750 361 119 242 129 100 84
internal_count=750 361 119 242 129 100 84
is_linear=0
shrinkage=1


Tree=1
num_leaves=8
num_cat=0
split_feature=5 16 1 1 11 10 10
split_gain=0.53125 0.515054 0.848663 0.545455 0.443433 0.336808 0.419301
threshold=0.026646329926832999 -0.028125906615587833 -0.021241445462277072 -0.049503392535053307 -0.010779002929662549 0.010510729988004066 0.0086193521775437282
decision_type=2 2 2 2 2 2 2
left_child=1 2 3 -1 -3 6 -6
right_child=-2 4 -4 -5 5 -7 -8
leaf_value=-0.00049804881906453144 -0.00073474397766981375 0.00036747780787781397 -0.00026970243254982243 0.00052945379804183958 3.1164061434773442e-05 0.00037184116933158747 -0.00056071148518819114
leaf_weight=25 25 60 30 30 473 57 34
leaf_count=25 25 60 30 30 473 57 34
internal_value=0.000163488 0.000416079 -0.00323529 0.000454546 0.000913462 0.000478724 6.90337e-05
internal_weight=734 709 85 55 624 564 507
internal_count=734 709 85 55 624 564 507
is_linear=0
shrinkage=0.05


Tree=2
num_leaves=8
num_cat=0
split_feature=13 8 14 6 1 9 6
split_gain=0.822651 0.946224 0.82983 0.557831 0.888889 1.5282 0.661776
threshold=20.980000495910648 -0.00062938950690222251 -0.0043060965648996632 -0.10296656280332632 -0.012574427465984415 -0.012208999332694535 -0.82515817416745807
decision_type=2 8 2 2 2 8 2
left_child=3 -2 -3 6 -5 -6 -1
right_child=1 2 -4 4 5 -7 -8
leaf_value=-7.1847283509681164e-05 -0.00099230570417121718 -0.00050454289138829398 0.00048988752132548901 0.00023516787036826256 -0.0008285411818491575 -5.2493124609916373e-05 0.00035586456708697721
leaf_weight=85 44 25 34 92 47 129 293
leaf_count=85 44 25 34 92 47 129 293
internal_value=-7.34311e-05 -0.0042233 -8.47456e-05 0.000588235 -0.00115672 -0.00323864 0.0018254
internal_weight=749 103 59 646 268 176 378
internal_count=749 103 59 646 268 176 378
is_linear=0
shrinkage=0.05


Tree=3
num_leaves=8
num_cat=0
split_feature=4 16 9 4 1 11 11
split_gain=0.895285 0.711522 1.10467 0.762921 0.712128 0.707438 0.715888
threshold=0.027445843817843613 -0.026548263206550623 -0.091997335120423948 0.031927529637704934 0.075089816809616364 -0.00043727592468612014 0.012763464240655777
decision_type=2 2 10 2 2 2 2
left_child=-1 2 -2 5 -5 -3 -7
right_child=1 3 -4 4 -6 6 -8
leaf_value=0.00013083670455033101 0.00027483902064670681 7.5175679896137407e-05 -0.0010004128796992737 0.00025040360929336609 -0.00057364287329798652 -0.00071612932877499944 5.4325974416262839e-05
leaf_weight=380 27 31 42 169 25 43 26
leaf_count=380 27 31 42 169 25 43 26
internal_value=-0.00024899 -0.00202479 -0.0065942 -0.000952381 0.000876289 -0.0045 -0.00731884
internal_weight=743 363 69 294 194 100 69
internal_count=743 363 69 294 194 100 69
is_linear=0
shrinkage=0.05


Tree=4
num_leaves=8
num_cat=0
split_feature=7 6 6 15 12 9 8
split_gain=0.869061 0.597646 0.728006 0.814564 1.77869 1.28 0.654886
threshold=-0.081809477134877004 -0.82515817416745807 0.069446401253944676 0.0012438588386154417 0.023201691607264822 -0.012208999332694535 -0.023145093296562055
decision_type=2 2 2 2 2 8 8
left_child=-1 6 -3 -4 5 -5 -2
right_child=1 2 3 4 -6 -7 -8
leaf_value=-0.00054698537397284037 -0.00044775907463062004 0.00021905260818356662 0.0001129581735729919 -0.0032129203813379692 3.9113227161659969e-05 -0.00021386132462783972 4.6590691638866699e-06
leaf_weight=37 33 380 116 25 61 25 69
leaf_count=37 33 380 116 25 61 25 69
internal_value=0.000308311 0.000698167 0.00129325 -0.000947136 -0.00400901 -0.011 -0.00284314
internal_weight=746 709 607 227 111 50 102
internal_count=746 709 607 227 111 50 102
is_linear=0
shrinkage=0.05


Tree=5
num_leaves=8
num_cat=0
split_feature=5 6 9 1 6 16 6
split_gain=0.883367 0.797461 0.917971 1.4342 0.734059 0.677666 0.439593
threshold=0.015343307751539735 0.14042862728245428 -0.012208999332694535 -0.021495128860633258 -1.0136274292481484 -0.029885154720405756 1.264664990212468
decision_type=2 2 8 2 2 2 2
left_child=-1 4 3 -3 -2 -6 -4
right_child=1 2 6 -5 5 -7 -8
leaf_value=0.00019777566810701423 -0.00056742803180870056 -0.00023650746016115072 0.00010253719975497219 -0.00094015281888007039 -5.5907671802046317e-05 0.00017194769439831097 -0.00015594756305507392
leaf_weight=201 35 26 76 27 33 295 44
leaf_count=201 35 26 76 27 33 295 44
internal_value=0.000183175 -0.000876865 -0.00367052 -0.00915094 0.000454546 0.00118902 -0.00125
internal_weight=737 536 173 53 363 328 120
internal_count=737 536 173 53 363 328 120
is_linear=0
shrinkage=0.05


Tree=6
num_leaves=8
num_cat=0
split_feature=6 8 4 8 6 12 7
split_gain=0.662876 0.686432 0.514286 0.42939 0.413875 0.580787 1.00358
threshold=-0.82515817416745807 -0.023145093296562055 0.023264193504826135 0.02544261608519072 0.069446401253944676 0.014344478951051955 0.011392366486098761
decision_type=2 8 2 10 2 2 2
left_child=1 -1 -2 -3 -4 6 -6
right_child=2 3 4 -5 5 -7 -8
leaf_value=-0.00048211175370683687 0.00025133944300050027 0.00021570164625528835 0.00015272703371033239 -0.00044618174934851887 -4.4706973721415437e-05 4.5030898137867193e-05 -0.0008205763083185011
leaf_weight=37 140 26 290 43 63 117 30
leaf_count=37 140 26 290 43 63 117 30
internal_value=0.000643432 -0.00301887 0.00125 -7.24636e-05 0.0005 -0.00119048 -0.00413978
internal_weight=746 106 640 69 500 210 93
internal_count=746 106 640 69 500 210 93
is_linear=0
shrinkage=0.05


Tree=7
num_leaves=8
num_cat=0
split_feature=5 8 9 15 14 7 4
split_gain=0.772985 0.774691 1.10149 0.72581 0.853125 0.744048 0.720462
threshold=0.016928835007160772 0.10760718017001604 -0.05479548228185304 0.0024412422748563149 -0.067583665573298909 0.005532042389746695 0.030686396815974116
decision_type=2 8 10 2 2 2 2
left_child=-1 2 -2 6 -5 -6 -4
right_child=1 -3 3 4 5 -7 -8
leaf_value=0.00012338927477305975 6.0564590050030732e-05 9.1468353339152099e-05 -0.00029836487751621103 -0.00052194300072723053 -0.00084259709838676623 -0.0007872793189451382 0.00016589796907850334
leaf_weight=341 135 90 25 31 28 32 63
leaf_count=341 135 90 25 31 28 32 63
internal_value=0.000167785 -0.00131188 -0.00248408 -0.00505587 -0.00818681 -0.0116667 -0.00181818
internal_weight=745 404 314 179 91 60 88
internal_count=745 404 314 179 91 60 88
is_linear=0
shrinkage=0.05


Tree=8
num_leaves=8
num_cat=0
split_feature=8 8 12 4 6 2 2
split_gain=0.53784 1.02664 0.5543 0.91093 0.683956 0.456409 0.839808
threshold=-0.04552909916080549 -0.036405661788827974 0.0072856362379064574 0.034907071804359209 0.15481395360683495 0.043043707747379097 0.054967369969622044
decision_type=10 10 2 2 2 2 2
left_child=-1 -2 3 4 -3 -4 -7
right_child=1 2 5 -5 -6 6 -8
leaf_value=0.00022412298090155621 -0.00042531348744951551 7.4964580196662452e-05 0.0002104822012138738 -0.00074501591803389795 -0.0001038812068433939 -0.00064874814224179906 0.00010090237553109859
leaf_weight=198 27 73 179 45 39 25 178
leaf_count=198 27 73 179 45 39 25 178
internal_value=0.000484293 -0.000300353 0.000176253 -0.00232484 8.92859e-05 0.00120419 -0.000418719
internal_weight=764 566 539 157 112 382 203
internal_count=764 566 539 157 112 382 203
is_linear=0
shrinkage=0.05


Tree=9
num_leaves=8
num_cat=0
split_feature=10 6 12 6 8 8 9
split_gain=0.552228 0.52273 1.2936 0.58893 0.936249 0.59879 0.44962
threshold=-0.0063062560979271201 0.77474075631655304 0.023201691607264822 -0.82515817416745807 -0.023145093296562055 0.04102937451126943 -0.10903197347462516
decision_type=2 2 2 2 10 10 10
left_child=-1 3 -3 4 -2 -6 -5
right_child=1 2 -4 6 5 -7 -8
leaf_value=6.3520924471294549e-05 -0.00041538461047182455 -0.0012756651688247136 0.00010453213385032866 0.000333073516199444 0.00015068146999891392 -0.00058353489368072223 6.0951747630625768e-06
leaf_weight=117 29 39 48 175 33 31 272
leaf_count=117 29 39 48 175 33 31 272
internal_value=0.000564516 -2.39233e-05 -0.00362069 0.000555556 -0.00306452 0.0003125 0.00130872
internal_weight=744 627 87 540 93 64 447
internal_count=744 627 87 540 93 64 447
is_linear=0
shrinkage=0.05


Tree=10
num_leaves=8
num_cat=0
split_feature=14 14 0 14 0 12 1
split_gain=0.500461 1.17697 0.675602 0.586027 0.574607 1.0043 0.416564
threshold=-0.04578454363779693 -0.054330610723124943 0.0075835967846961125 -0.073802250117532039 0.014479048189118939 0.0033715078329863428 0.045184430838946639
decision_type=2 2 2 2 2 2 2
left_child=1 2 3 -1 -2 -6 -7
right_child=4 -3 -4 -5 5 6 -8
leaf_value=0.00041943330316230324 9.1153585532809101e-05 -0.0015322786115286851 0.00023991574863904336 -0.00092047961871013757 -0.00070806988115838896 0.00022135637020230336 -6.9933877839613117e-05
leaf_weight=27 468 27 74 33 25 54 41
leaf_count=27 468 27 74 33 25 54 41
internal_value=0.000327103 -0.00214286 -0.00022388 -0.00416667 0.0010034 -0.00208333 0.000263158
internal_weight=749 161 134 60 588 120 95
internal_count=749 161 134 60 588 120 95
is_linear=0
shrinkage=0.05


Tree=11
num_leaves=8
num_cat=0
split_feature=5 9 16 10 6 1 9
split_gain=0.400289 0.608172 1.26984 0.58775 0.574787 0.668519 0.896876
threshold=0.01903491071209135 0.32117992432557446 -0.026166226050322813 -0.0042544588401209329 -0.10296656280332632 -0.012574427465984415 0.12165622496917695
decision_type=2 8 2 2 2 2 8
left_child=3 2 -2 -1 -5 -6 -7
right_child=1 -3 -4 4 5 6 -8
leaf_value=0.00036028100002783825 -0.0010809107716694042 0.00021860729115072221 -5.9812642085343705e-05 0.0001908664192974801 0.00028421076953686312 -0.00074796279693034986 3.6146319765273351e-05
leaf_weight=101 30 77 180 220 39 46 54
leaf_count=101 30 77 180 220 39 46 54
internal_value=0.000716198 -0.000749129 -0.00214286 0.00163043 0.000682451 -0.00183453 -0.004
internal_weight=747 287 210 460 359 139 100
internal_count=747 287 210 460 359 139 100
is_linear=0
shrinkage=0.05


Tree=12
num_leaves=8
num_cat=0
split_feature=4 10 3 6 6 13 4
split_gain=0.917801 0.523123 0.647897 0.804582 0.914574 0.667594 0.612605
threshold=0.02304850635473361 -0.0072745157566194698 -0.0013505094800052018 0.77474075631655304 -0.82515817416745807 20.980000495910648 0.02601000721303626
decision_type=2 2 2 2 2 2 2
left_child=-1 -2 3 4 -3 -4 -6
right_child=1 2 5 -5 6 -7 -8
leaf_value=0.00018515419384440809 4.2488265825724013e-05 -0.00061946120427767255 5.4837434468407842e-05 -0.00064037996771593305 -0.00025631944750195961 -0.00047688088136431731 0.00027086188129756862
leaf_weight=150 93 27 281 33 34 31 85
leaf_count=150 93 27 281 33 34 31 85
internal_value=0.000844687 -5.13697e-05 -0.000702647 -0.00310056 -0.00150685 0.000673077 0.000378151
internal_weight=734 584 491 179 146 312 119
internal_count=734 584 491 179 146 312 119
is_linear=0
shrinkage=0.05


Tree=13
num_leaves=8
num_cat=0
split_feature=4 6 15 8 1 3 3
split_gain=0.718907 0.614857 0.832849 1.35804 1.54341 0.550456 0.364304
threshold=0.02304850635473361 0.026488166497944585 0.000226657355490989 0.086772988296629508 0.018810339973605154 0.0010404992788177749 -0.0033346795018658888
decision_type=2 2 2 8 2 2 2
left_child=-1 6 -3 4 5 -4 -2
right_child=1 2 3 -5 -6 -7 -8
leaf_value=0.00017489546171572823 -0.00020367065253892866 1.831656844108396e-05 -0.00053301712116850968 0.0004410244295992837 -0.0024442255814865997 0.00029324257592445676 6.1383056184240262e-05
leaf_weight=153 111 109 25 32 28 27 260
leaf_count=153 111 109 25 32 28 27 260
internal_value=0.000637584 -0.000152027 -0.00223982 -0.00526786 -0.00875 -0.00365385 0.00109164
internal_weight=745 592 221 112 80 52 371
internal_count=745 592 221 112 80 52 371
is_linear=0
shrinkage=0.05


Tree=14
num_leaves=8
num_cat=0
split_feature=6 1 4 4 15 11 6
split_gain=0.680636 0.735075 0.477238 0.541428 0.760764 0.700606 0.455007
threshold=1.6199470703665528 0.018209341095231316 0.026890084964222682 0.031927529637704934 0.00052216297545348855 0.0026615603308526308 -0.85879006781415146
decision_type=2 2 2 2 2 2 2
left_child=2 -2 -1 4 5 -4 -5
right_child=1 -3 3 6 -6 -7 -8
leaf_value=0.00015568839568668206 0.00017823967094154826 -0.0035037497267259412 -1.3819015700977632e-05 -0.00037872894943798315 5.1608495243019016e-05 -0.00028656969018188091 0.00025594975709790103
leaf_weight=327 35 26 30 27 74 25 175
leaf_count=327 35 26 30 27 74 25 175
internal_value=0.00103616 -0.00401639 0.00150456 0.000166163 -0.00236434 -0.00681818 0.00178218
internal_weight=719 61 658 331 129 55 202
internal_count=719 61 658 331 129 55 202
is_linear=0
shrinkage=0.05


end of trees

feature_importances:
dvol_z_20=18
atr_pct=12
dist_ma50=10
ret_5d=9
dist_ma200=8
spy_ret_20d=7
parkinson_20=5
spy_ret_1d=5
vix_chg_1d=5
sector_ret_5d=5
spy_ret_5d=4
sector_ret_1d=4
overnight_gap=3
dist_ma20=3
vix_level=3
ret_1d=2
ret_20d=2

parameters:
[boosting: gbdt]
[objective: quantile]
[metric: quantile]
[tree_learner: serial]
[device_type: cpu]
[data_sample_strategy: bagging]
[data: ]
[valid: ]
[num_iterations: 80]
[learning_rate: 0.05]
[num_leaves: 8]
[num_threads: 1]
[seed: 0]
[deterministic: 0]
[force_col_wise: 1]
[force_row_wise: 0]
[histogram_pool_size: -1]
[max_depth: -1]
[min_data_in_leaf: 25]
[min_sum_hessian_in_leaf: 0.001]
[bagging_fraction: 0.9]
[pos_bagging_fraction: 1]
[neg_bagging_fraction: 1]
[bagging_freq: 1]
[bagging_seed: 3]
[bagging_by_query: 0]
[feature_fraction: 0.9]
[feature_fraction_bynode: 1]
[feature_fraction_seed: 2]
[extra_trees: 0]
[extra_seed: 6]
[early_stopping_round: 0]
[early_stopping_min_delta: 0]
[first_metric_only: 0]
[max_delta_step: 0]
[lambda_l1: 0]
[lambda_l2: 0]
[linear_lambda: 0]
[min_gain_to_split: 0]
[drop_rate: 0.1]
[max_drop: 50]
[skip_drop: 0.5]
[xgboost_dart_mode: 0]
[uniform_drop: 0]
[drop_seed: 4]
[top_rate: 0.2]
[other_rate: 0.1]
[min_data_per_group: 100]
[max_cat_threshold: 32]
[cat_l2: 10]
[cat_smooth: 10]
[max_cat_to_onehot: 4]
[top_k: 20]
[monotone_constraints: ]
[monotone_constraints_method: basic]
[monotone_penalty: 0]
[feature_contri: ]
[forcedsplits_filename: ]
[refit_decay_rate: 0.9]
[cegb_tradeoff: 1]
[cegb_penalty_split: 0]
[cegb_penalty_feature_lazy: ]
[cegb_penalty_feature_coupled: ]
[path_smooth: 0]
[interaction_constraints: ]
[verbosity: -1]
[saved_feature_importance_type: 0]
[use_quantized_grad: 0]
[num_grad_quant_bins: 4]
[quant_train_renew_leaf: 0]
[stochastic_rounding: 1]
[linear_tree: 0]
[max_bin: 255]
[max_bin_by_feature: ]
[min_data_in_bin: 3]
[bin_construct_sample_cnt: 200000]
[data_random_seed: 1]
[is_enable_sparse: 1]
[enable_bundle: 1]
[use_missing: 1]
[zero_as_missing: 0]
[feature_pre_filter: 1]
[pre_partition: 0]
[two_round: 0]
[header: 0]
[label_column: ]
[weight_column: ]
[group_column: ]
[ignore_column: ]
[categorical_feature: ]
[forcedbins_filename: ]
[precise_float_parser: 0]
[parser_config_file: ]
[objective_seed: 5]
[num_class: 1]
[is_unbalance: 0]
[scale_pos_weight: 1]
[sigmoid: 1]
[boost_from_average: 1]
[reg_sqrt: 0]
[alpha: 0.1]
[fair_c: 1]
[poisson_max_delta_step: 0.7]
[tweedie_variance_power: 1.5]
[lambdarank_truncation_level: 30]
[lambdarank_norm: 1]
[label_gain: ]
[lambdarank_position_bias_regularization: 0]
[eval_at: ]
[multi_error_top_k: 1]
[auc_mu_weights: ]
[num_machines: 1]
[local_listen_port: 12400]
[time_out: 120]
[machine_list_filename: ]
[machines: ]
[gpu_platform_id: -1]
[gpu_device_id: -1]
[gpu_device_id_list: ]
[gpu_use_dp: 0]
[num_gpu: 1]

end of parameters

pandas_categorical:[]
