tree
version=v4
num_class=1
num_tree_per_iteration=1
label_index=0
max_feature_idx=16
objective=quantile
feature_names=ret_1d ret_5d ret_20d overnight_gap atr_pct parkinson_20 dvol_z_20 dist_ma20 dist_ma50 dist_ma200 spy_ret_1d spy_ret_5d spy_ret_20d vix_level vix_chg_1d sector_ret_1d sector_ret_5d
feature_infos=[-0.11335848812164984:0.16520681265206805] [-0.1415495415463689:0.21358796619988407] [-0.16641026056258201:0.25551848818394296] [-0.071140548331200981:0.10372103183994463] [0.012867338415644686:0.03984564245596605] [0.008327418989064115:0.02453351965105734] [-1.8514099833418303:4.2355858481979913] [-0.11231101247492103:0.17647172738064576] [-0.1658532287255593:0.21032625714259146] [-0.10943284355230398:0.27793710617560308] [-0.058542947643003718:0.10501933612632941] [-0.11496158439845272:0.082843216242346029] [-0.12265592443394913:0.15756596870864792] [11.859999656677246:52.330001831054688] [-0.35753873962348437:0.74039073966007019] [-0.054845245580940394:0.043465182734245822] [-0.079035682487500813:0.068782287822878097]
tree_sizes=844 849 854 864 853 857 840 854 851 863 861 858 850 858 852 858 854 857 851 851 857 859 860 847 859 856 852 856 851 853 853 845 849 864 864 855 863 868 851 853 856 861 852 851 851 851 857 858 849 858 850 860 836 857 859 850 855 865 848 840 854 850 866 857 855 859 853 851 859 868 857 844 854 859 857 858 861 859 856 857

Tree=0
num_leaves=8
num_cat=0
split_feature=5 7 13 15 3 13 14
split_gain=3.86386 2.59226 2.18688 2.09693 2.09984 2.13933 2.0659
threshold=0.013136161539808037 0.0051830920284167145 16.98499965667725 0.0044271808102828167 -0.0014420843346180654 21.134999275207523 0.020823614308890352
decision_type=2 2 2 2 2 2 2
left_child=1 2 -1 4 -2 6 -6
right_child=3 -3 -4 -5 5 -7 -8
leaf_value=-0.0068031189264729621 -0.0072460489347577093 -0.0069518291391432287 -0.006974118726793677 -0.0069267024169676009 -0.007047319412231445 -0.007216069474816322 -0.006745021301321685
leaf_weight=141 71 269 62 88 59 33 27
leaf_count=141 71 269 62 88 59 33 27
internal_value=-0.00694587 -0.00419164 7.38308e-05 -0.0116221 -0.0145775 -0.0105173 -0.00636448
internal_weight=750 472 203 278 190 119 86
internal_count=750 472 203 278 190 119 86
is_linear=0
shrinkage=1


Tree=1
num_leaves=8
num_cat=0
split_feature=13 2 9 3 0 9 0
split_gain=4.69511 2.52319 2.35543 1.81401 1.67403 2.33432 2.04697
threshold=16.73499965667725 0.082587511947532902 0.17525132210638719 -0.004215811266267743 -0.0023174729632385311 0.077013974721667613 -0.0097348186014852827
decision_type=2 2 10 2 2 8 2
left_child=2 3 4 -2 5 -1 -7
right_child=1 -3 -4 -5 -6 6 -8
leaf_value=-0.00028516655787825585 -0.00026374679524451497 -0.00019809814635664226 -8.301503490656614e-05 2.1771981846540995e-06 0.00012273893895326185 0.00014527669758535922 -2.5087838876061133e-05
leaf_weight=29 53 61 37 241 218 37 58
leaf_count=29 53 61 37 241 218 37 58
internal_value=0.000681199 -0.0034507 0.00455145 -0.00153061 0.00584795 0.00120968 0.005
internal_weight=734 355 379 294 342 124 95
internal_count=734 355 379 294 342 124 95
is_linear=0
shrinkage=0.05


Tree=2
num_leaves=8
num_cat=0
split_feature=13 6 11 1 2 5 11
split_gain=3.68167 4.24971 2.72547 2.27939 2.10287 1.78536 2.57397
threshold=16.765000343322757 -0.93486867457472311 0.018972552338111019 -0.026910455833313692 0.01941545190605776 0.011471537642392662 0.0033857375272920991
decision_type=2 2 2 2 2 2 2
left_child=2 -2 3 -1 -5 6 -3
right_child=1 5 -4 4 -6 -7 -8
leaf_value=-0.00013305097538977864 0.00017682002019137145 0.00010925106855574996 0.00015941583052335773 9.2772566102212334e-05 -3.758249858219641e-05 -0.00011268798954552044 -0.00023746565211331473
leaf_weight=35 34 44 79 117 156 259 25
leaf_count=35 34 44 79 117 156 259 25
internal_value=3.33778e-05 -0.00359116 0.00342377 0.0012987 0.00283883 -0.00533537 0.00181159
internal_weight=749 362 387 308 273 328 69
internal_count=749 362 387 308 273 328 69
is_linear=0
shrinkage=0.05


Tree=3
num_leaves=8
num_cat=0
split_feature=13 10 8 0 8 9 11
split_gain=3.7246 2.79231 2.70016 1.99422 1.90477 2.73469 2.33149
threshold=14.119999885559084 0.00097855070405028521 0.058947382195662319 -0.013755137063882204 -0.0034295190864482845 0.12770353591940545 -0.0091308486085681078
decision_type=2 2 8 2 10 8 2
left_child=1 -1 3 -2 -5 -6 -7
right_child=2 -3 -4 4 5 6 -8
leaf_value=0.00022502225307325719 -0.00016920996556582399 1.9652312214020649e-05 -0.00010297343993734105 6.5596763713256237e-05 -0.00015924766388561692 0.00012972024138907729 -2.4251078228917317e-05
leaf_weight=60 51 96 178 140 64 52 102
leaf_count=60 51 96 178 140 64 52 102
internal_value=0.000504711 0.00737179 -0.00132027 0.00091687 0.00223464 -0.000688073 0.00292208
internal_weight=743 156 587 409 358 218 154
internal_count=743 156 587 409 358 218 154
is_linear=0
shrinkage=0.05


Tree=4
num_leaves=8
num_cat=0
split_feature=13 6 9 1 9 9 0
split_gain=2.95256 3.2015 1.61367 1.60069 1.31026 2.05403 2.91758
threshold=16.73499965667725 -0.93486867457472311 0.17525132210638719 -0.026910455833313692 0.045671916594604019 0.12456208688377914 0.010609869323798817
decision_type=2 2 10 2 10 10 2
left_child=2 -2 3 -1 -5 -6 -7
right_child=1 -3 -4 4 5 6 -8
leaf_value=-7.3381750467151497e-05 0.00014387937765108293 -6.3685384104519483e-05 -9.4246367990544942e-05 0.00010888587230231679 -7.8293313611211508e-05 0.00015642876336049088 -0.00022760163578773248
leaf_weight=44 36 326 40 88 79 107 26
leaf_count=44 36 326 40 88 79 107 26
internal_value=0.000201072 -0.00303867 0.00325521 0.00436047 0.00566667 0.00353774 0.00733083
internal_weight=746 362 384 344 300 212 133
internal_count=746 362 384 344 300 212 133
is_linear=0
shrinkage=0.05


Tree=5
num_leaves=8
num_cat=0
split_feature=3 12 9 7 9 3 10
split_gain=2.35873 1.9745 3.30179 1.5394 1.76776 1.86592 4.82671
threshold=-0.0090931691768273409 -0.029032360146205412 0.10372106346521039 0.047723058359050115 0.12456208688377914 -0.00091922898715368617 0.0028352827684376973
decision_type=2 2 10 2 8 2 2
left_child=-1 2 -2 4 5 6 -3
right_child=1 3 -4 -5 -6 -7 -8
leaf_value=-0.00026432497328163207 3.8031787926970572e-05 -0.00021943536470110122 -0.00019385803882498748 -0.00011354097075378966 6.7241542711965864e-05 1.802004609448274e-05 0.00010055143714059658
leaf_weight=34 42 57 48 70 333 128 25
leaf_count=34 42 57 48 70 333 128 25
internal_value=-0.000373134 0.000248933 -0.00666667 0.00126427 0.0021639 -0.00142857 -0.00731707
internal_weight=737 703 90 613 543 210 82
internal_count=737 703 90 613 543 210 82
is_linear=0
shrinkage=0.05


Tree=6
num_leaves=8
num_cat=0
split_feature=13 0 6 6 9 6 6
split_gain=3.18044 2.14779 2.45002 1.88888 1.6865 1.68134 1.58346
threshold=13.795000076293947 0.0003622530780205136 0.12055500594037018 0.45993213733078148 0.14190042183801391 0.71616563865141381 1.8623472798650778
decision_type=2 2 2 2 10 2 2
left_child=1 2 -1 -2 -3 -5 -7
right_child=3 4 -4 5 -6 6 -8
leaf_value=-9.6665447010474545e-05 1.5664973323187976e-06 0.00021693862155966568 0.00021397508573962421 -0.00011412290460256631 5.0056002172463554e-05 4.8921014474302434e-05 -0.00020728117287075102
leaf_weight=39 458 32 25 30 34 72 56
leaf_count=39 458 32 25 30 34 72 56
internal_value=0.000201072 0.00730769 0.00078125 -0.0012987 0.0136364 -0.00601266 -0.00351563
internal_weight=746 130 64 616 66 158 128
internal_count=746 130 64 616 66 158 128
is_linear=0
shrinkage=0.05


Tree=7
num_leaves=8
num_cat=0
split_feature=2 4 5 0 10 8 10
split_gain=2.97054 1.92743 1.58277 2.19041 1.57602 1.85271 1.42922
threshold=0.08621593852058064 0.026592620244333707 0.013136161539808037 -0.0091816412963074395 -0.00032911889046416393 -0.030916354740496806 0.00097855070405028521
decision_type=2 2 2 2 2 10 2
left_child=2 -2 6 -4 -5 -6 -1
right_child=1 -3 3 4 5 -7 -8
leaf_value=7.8974069759019721e-05 -0.00020797674888839462 4.0945987449163196e-05 -0.00025062873888616783 -7.082460623633797e-05 0.00011948126014102541 -3.16329935125394e-05 4.7908029420450603e-07
leaf_weight=215 66 29 51 68 41 51 224
leaf_count=215 66 29 51 68 41 51 224
internal_value=0.000100671 -0.00815789 0.00130769 -0.00225118 0.000625 0.0048913 0.00301822
internal_weight=745 95 650 211 160 92 439
internal_count=745 95 650 211 160 92 439
is_linear=0
shrinkage=0.05


Tree=8
num_leaves=8
num_cat=0
split_feature=3 9 9 2 11 9 13
split_gain=2.18006 1.62864 2.08704 1.63821 1.56567 1.41787 1.30651
threshold=-0.010157345477258382 0.17525132210638719 0.19365082038912343 0.08621593852058064 -0.00023800871931395348 0.14101379490410118 14.675000190734865
decision_type=2 10 10 2 2 8 2
left_child=-1 3 -3 6 -4 -5 -2
right_child=1 2 4 5 -6 -7 -8
leaf_value=-0.00028342093023493953 0.00010877406887138987 -0.00011994087713651046 -0.00026367782608702634 7.6837632653884016e-05 9.4958595871988017e-05 -0.00018869414658913069 1.1863428934626858e-05
leaf_weight=27 158 54 29 25 40 36 395
leaf_count=27 158 54 29 25 40 36 395
internal_value=6.5445e-05 0.000576662 -0.0046748 0.00162866 0.00108696 -0.00614754 0.00248644
internal_weight=764 737 123 614 69 61 553
internal_count=764 737 123 614 69 61 553
is_linear=0
shrinkage=0.05


Tree=9
num_leaves=8
num_cat=0
split_feature=13 4 11 15 13 15 14
split_gain=2.2761 1.75398 1.49336 2.10427 2.07591 1.73251 2.55446
threshold=21.134999275207523 0.02692176228792666 0.018972552338111019 0.012546868225724929 14.994999885559084 0.0040076365539142298 -0.0066427814256201914
decision_type=2 2 2 2 2 2 2
left_child=2 -2 3 5 -4 6 -1
right_child=1 -3 4 -5 -6 -7 -8
leaf_value=-8.5552624947986058e-05 -8.0079418353518972e-05 -0.00022392625543011247 0.00014274054410075231 -0.00010087460670596865 -1.8795792948607263e-05 4.9360990964496085e-05 3.1852331837053549e-05
leaf_weight=153 70 25 54 30 63 125 224
leaf_count=153 70 25 54 30 63 125 224
internal_value=-0.000403226 -0.00763158 0.000654854 -0.000469925 0.00576923 0.000298805 -0.00139257
internal_weight=744 95 649 532 117 502 377
internal_count=744 95 649 532 117 502 377
is_linear=0
shrinkage=0.05


Tree=10
num_leaves=8
num_cat=0
split_feature=9 2 0 10 0 14 9
split_gain=1.80975 1.77528 1.53481 1.66835 2.64687 2.28196 2.12035
threshold=0.1758094573324174 0.08621593852058064 -0.00046631554222825716 0.0068455088776298032 0.0038179813987233584 -0.0052209332646739317 0.028733405219241729
decision_type=10 2 2 2 2 2 10
left_child=1 2 -1 4 5 -4 -6
right_child=-2 -3 3 -5 6 -7 -8
leaf_value=-3.5091337254736623e-06 -8.1274993700586762e-05 -0.00010682460861125959 1.9260813471074466e-05 9.358445378991575e-05 7.0547188059506445e-05 0.00024123203775475388 -3.6303787516897798e-05
leaf_weight=268 121 60 29 65 59 37 110
leaf_count=268 121 60 29 65 59 37 110
internal_value=0.000433912 0.00151274 0.00237676 0.00483333 0.00287234 0.0113636 -0.000443787
internal_weight=749 628 568 300 235 66 169
internal_count=749 628 568 300 235 66 169
is_linear=0
shrinkage=0.05


Tree=11
num_leaves=8
num_cat=0
split_feature=0 6 9 1 12 14 11
split_gain=1.5262 2.90789 1.75921 1.69339 1.47942 2.11542 2.02616
threshold=-0.00046631554222825716 1.8623472798650778 0.17525132210638719 0.017055965375649799 0.047942612360438737 -0.022573745611405568 0.0049014258376020034
decision_type=2 2 10 2 2 2 2
left_child=4 2 -2 -4 5 6 -1
right_child=1 -3 3 -5 -6 -7 -8
leaf_value=-0.00029888229834258619 6.3573349527608648e-05 -0.0004474227984535369 -0.00011366501460707591 3.7025330461099496e-05 -0.00018718485520074929 3.5691439901804044e-05 -3.4462536410440667e-06
leaf_weight=42 313 32 39 42 46 184 49
leaf_count=42 313 32 39 42 46 184 49
internal_value=3.34672e-05 0.00199531 0.00317259 -0.00339506 -0.00257009 -0.00118182 -0.00741758
internal_weight=747 426 394 81 321 275 91
internal_count=747 426 394 81 321 275 91
is_linear=0
shrinkage=0.05


Tree=12
num_leaves=8
num_cat=0
split_feature=13 9 0 6 5 4 11
split_gain=2.32264 2.77862 2.37687 1.93702 1.94137 2.54396 1.93348
threshold=14.675000190734865 0.17436374600030738 0.00060643184765785129 -0.93486867457472311 0.0099403022152207438 0.017494853620799892 0.011840837646133974
decision_type=2 10 2 2 2 2 2
left_child=1 2 6 -2 -5 -6 -1
right_child=3 -3 -4 4 5 -7 -8
leaf_value=-8.0046137427924129e-05 0.00011662969268801725 -8.4296147549481565e-05 0.0001362691941635881 0.00010174687833856664 -0.00025202119594292346 -2.154951191675075e-05 0.0001156530114030389
leaf_weight=40 52 35 83 54 65 369 36
leaf_count=40 52 35 83 54 65 369 36
internal_value=0.00020436 0.00489691 0.0077044 -0.00148148 -0.00245902 -0.00357143 0.00131579
internal_weight=734 194 159 540 488 434 76
internal_count=734 194 159 540 488 434 76
is_linear=0
shrinkage=0.05


Tree=13
num_leaves=8
num_cat=0
split_feature=13 6 3 10 1 14 0
split_gain=2.29014 3.34244 2.54749 2.08903 2.87038 2.58462 2.33069
threshold=16.73499965667725 -0.87749638673125296 -0.0037931960099998881 0.0059451726660438861 0.0066932168859400462 0.03011365738187333 -0.0013514625635153152
decision_type=2 2 2 2 2 2 2
left_child=-1 -2 -3 5 -5 -4 -7
right_child=1 2 3 4 -6 6 -8
leaf_value=3.6362750367867866e-05 0.00012888176353784107 -0.00022859334425203221 -0.00018089401373320107 -9.7278625895028378e-05 0.00014214986004360428 0.00015563349308277027 -4.2623105994174736e-05
leaf_weight=379 43 62 104 32 34 30 61
leaf_count=379 43 62 104 32 34 30 61
internal_value=0.000771812 -0.00204918 -0.00379257 -0.00162835 0.00606061 -0.00423077 0.00192308
internal_weight=745 366 323 261 66 195 91
internal_count=745 366 323 261 66 195 91
is_linear=0
shrinkage=0.05


Tree=14
num_leaves=8
num_cat=0
split_feature=2 15 0 8 15 4 8
split_gain=1.91548 2.12251 2.33942 1.7955 2.05478 1.76786 1.72397
threshold=0.085435348523340462 -0.00067055914189734212 0.0076697839601160842 0.058947382195662319 0.012546868225724929 0.026592620244333707 0.071096284671700274
decision_type=2 2 2 8 2 2 10
left_child=1 2 -1 4 -3 -2 -5
right_child=5 3 -4 6 -6 -7 -8
leaf_value=1.8067367146743864e-06 -0.00018058872796737982 9.0620583136078606e-05 -0.00019124487817648363 -0.00022358950781622207 -4.8472489523861218e-05 7.1949602504591681e-05 3.1709348327488155e-05
leaf_weight=258 63 229 43 37 37 25 27
leaf_count=258 63 229 43 37 37 25 27
internal_value=0.00066064 0.00162441 -0.00141196 0.00439394 0.00620301 -0.00625 -0.003125
internal_weight=719 631 301 330 266 88 64
internal_count=719 631 301 330 266 88 64
is_linear=0
shrinkage=0.05


Tree=15
num_leaves=8
num_cat=0
split_feature=13 3 11 14 12 11 9
split_gain=1.67725 1.70888 1.52103 1.60656 2.41599 2.38431 2.4587
threshold=23.265000343322757 -0.00072682047894456747 0.020333032872676963 -0.014609583018452553 0.051846047128185087 0.011525540902406652 0.16163354999106264
decision_type=2 2 2 2 2 2 8
left_child=2 -2 3 -1 5 -5 -7
right_child=1 -3 -4 4 -6 6 -8
leaf_value=-3.6923566493464563e-05 1.3039138959870583e-05 -0.00026416099761777083 0.00010100257191701997 6.0699423099130773e-05 -0.00027431900147815194 6.3371733205656346e-05 -0.00016732248163957549
leaf_weight=224 30 34 110 251 36 33 25
leaf_count=224 30 34 110 251 36 33 25
internal_value=0.000706595 -0.00703125 0.00143594 0.000395431 0.00253623 0.0039644 -0.00517241
internal_weight=743 64 679 569 345 309 58
internal_count=743 64 679 569 345 309 58
is_linear=0
shrinkage=0.05


Tree=16
num_leaves=8
num_cat=0
split_feature=13 3 12 12 2 10 4
split_gain=1.31481 1.17659 1.26877 1.20055 1.31295 2.34375 2.0267
threshold=25.960000038146976 -0.0050147444994810822 -0.040334955259991249 -0.029032360146205412 0.063766636940533097 -0.0026276635212834072 0.023278720764485419
decision_type=2 2 2 2 2 2 2
left_child=1 -1 -3 -4 -5 -6 -7
right_child=-2 2 3 4 5 6 -8
leaf_value=-6.1155408073639312e-05 -0.00012001164406055324 0.00011602661048719318 -0.00013960968337671861 3.6064195046742902e-05 9.052310516605318e-05 -0.00018901475922625504 2.0842470922609327e-05
leaf_weight=82 29 28 32 458 32 63 33
leaf_count=82 29 28 32 458 32 63 33
internal_value=0.000957728 0.00137363 0.00208978 0.00161812 0.00213311 -0.00234375 -0.00625
internal_weight=757 728 646 618 586 128 96
internal_count=757 728 646 618 586 128 96
is_linear=0
shrinkage=0.05


Tree=17
num_leaves=8
num_cat=0
split_feature=2 8 3 7 9 15 11
split_gain=1.74901 2.4776 1.51806 1.66542 1.89737 1.88534 1.66162
threshold=0.08621593852058064 0.085289857829930052 -0.0049282209862949169 0.046485518404173816 -0.05845279586068091 -0.0054064121167635695 0.010411796556971999
decision_type=2 10 2 2 10 2 2
left_child=2 -2 -1 4 6 -6 -4
right_child=1 -3 3 -5 5 -7 -8
leaf_value=-6.2125733625947689e-05 -0.00016125046252187092 -2.6462887925905387e-05 9.8147233006015179e-05 -0.00011876494340190329 -6.7847971650994475e-05 2.4064055498791877e-05 6.6446707635596347e-06
leaf_weight=85 25 63 99 26 83 323 42
leaf_count=85 25 63 99 26 83 323 42
internal_value=0.000938338 -0.00568182 0.00182371 0.00274869 0.00333638 0.00160099 0.00833333
internal_weight=746 88 658 573 547 406 141
internal_count=746 88 658 573 547 406 141
is_linear=0
shrinkage=0.05


Tree=18
num_leaves=8
num_cat=0
split_feature=13 4 15 12 10 14 2
split_gain=1.69543 1.6384 2.46395 1.57372 1.53047 2.86017 3.78434
threshold=21.134999275207523 0.02692176228792666 -0.0059826890338715013 0.058395912438342197 0.00097855070405028521 -0.066405515647089006 -0.011123624108737238
decision_type=2 2 2 2 2 2 2
left_child=3 2 -2 4 -1 -6 -7
right_child=1 -3 -4 -5 5 6 -8
leaf_value=5.2912601328328288e-05 -0.00035228391094609449 -0.00019641015185773204 1.8597144601539223e-05 -0.00019264598943468481 7.5318532994535104e-05 8.3161181379219856e-05 -7.3828628570620194e-05
leaf_weight=296 31 27 43 56 64 62 174
leaf_count=296 31 27 43 56 64 62 174
internal_value=0.000830013 -0.00519802 -0.00135135 0.0017638 0.00251678 0 -0.00254237
internal_weight=753 101 74 652 596 300 236
internal_count=753 101 74 652 596 300 236
is_linear=0
shrinkage=0.05


Tree=19
num_leaves=8
num_cat=0
split_feature=5 13 15 8 10 13 1
split_gain=1.43667 1.44615 1.59298 1.84482 1.52804 1.51445 1.15145
threshold=0.0091960924843583914 14.675000190734865 0.0051257057995803832 0.049754523225637011 -0.00020807375643927537 13.234999656677248 0.014789097720875001
decision_type=2 2 2 10 2 2 2
left_child=-1 2 3 4 -2 -6 -5
right_child=1 -3 -4 6 5 -7 -8
leaf_value=0.00012342275864490497 0.000191449496732576 -1.6888394812251138e-05 9.6948427898769525e-05 -0.00011649132384528243 -2.3559343179698803e-05 6.9400546586621429e-05 2.6535324618599638e-06
leaf_weight=32 30 520 46 26 28 26 31
leaf_count=32 30 520 46 26 28 26 31
internal_value=0.000575101 0.000106082 0.00387701 0.00124113 0.00595238 0.000925926 -0.00570175
internal_weight=739 707 187 141 84 54 57
internal_count=739 707 187 141 84 54 57
is_linear=0
shrinkage=0.05


Tree=20
num_leaves=8
num_cat=0
split_feature=13 0 11 15 10 0 9
split_gain=1.54586 1.56261 1.70939 1.73137 1.44144 1.36254 1.98064
threshold=16.765000343322757 -0.0023174729632385311 0.00909053299113405 -0.0047642865853728114 0.0011106399623194154 0.0038179813987233584 0.04382398243966535
decision_type=2 2 2 2 2 2 10
left_child=1 2 3 -1 -4 -3 -7
right_child=-2 5 4 -5 -6 6 -8
leaf_value=2.2381702956404032e-05 -2.3854343651195586e-05 8.5606243468530052e-05 0.00015614229131850419 -9.3511802252381829e-05 -0.00011107838557914588 0.00013967003350427959 -2.8346635669545921e-06
leaf_weight=26 362 86 29 47 35 45 121
leaf_count=26 362 86 29 47 35 45 121
internal_value=0.000832224 0.00302057 -0.00127737 -0.00650685 0.0046875 0.00535714 0.00271084
internal_weight=751 389 137 73 64 252 166
internal_count=751 389 137 73 64 252 166
is_linear=0
shrinkage=0.05


Tree=21
num_leaves=8
num_cat=0
split_feature=3 11 11 0 15 14 7
split_gain=1.55318 1.71218 1.77877 1.25671 2.03985 1.72121 1.81982
threshold=-0.010157345477258382 0.020333032872676963 0.025024628746897374 0.011233919557075424 -0.0010016203249690323 0.12307845124318741 -0.039389289530187936
decision_type=2 2 2 2 2 2 2
left_child=-1 3 -3 5 -5 6 -2
right_child=1 2 -4 4 -6 -7 -8
leaf_value=-0.00024630663629688504 -0.00010378050788568488 0.00014459646522525422 3.9702873106872229e-05 -0.00052594810354540959 -2.5792214378926249e-06 0.00012182184277475857 9.5639651275548045e-06
leaf_weight=26 45 40 76 29 81 34 417
leaf_count=26 45 40 76 29 81 34 417
internal_value=0.000467914 0.000900277 0.00646552 -0.000165017 -0.005 0.000907258 0.000108225
internal_weight=748 722 116 606 110 496 462
internal_count=748 722 116 606 110 496 462
is_linear=0
shrinkage=0.05


Tree=22
num_leaves=8
num_cat=0
split_feature=5 10 9 10 11 10 8
split_gain=1.46826 2.47023 3.36538 2.35258 1.82864 1.15638 1.28652
threshold=0.010859437356727227 0.0010681409799049304 0.14986824912719679 -0.0089994523450817026 0.020793273633493151 -0.010966438049946124 -0.067951798786029458
decision_type=2 2 8 2 2 2 10
left_child=1 3 -3 -1 5 -2 -7
right_child=4 2 -4 -5 -6 6 -8
leaf_value=-7.6960737781281484e-05 3.0228753152587113e-05 6.906682853129356e-05 -0.00016337471144906319 0.00012472555279084726 0.0001044058210661844 -0.00017666271425474786 -1.5571101004460818e-05
leaf_weight=26 48 28 63 82 86 54 355
leaf_count=26 48 28 63 82 86 54 355
internal_value=0.000471698 0.00414573 -0.00192308 0.00925926 -0.00087477 -0.00213348 -0.00299511
internal_weight=742 199 91 108 543 457 409
internal_count=742 199 91 108 543 457 409
is_linear=0
shrinkage=0.05


Tree=23
num_leaves=8
num_cat=0
split_feature=5 9 2 4 9 12 9
split_gain=1.52405 1.5622 1.48174 1.71094 1.45516 1.40282 2.06256
threshold=0.01773097267380367 0.17525132210638719 0.084024749239447374 0.023182173641300069 0.19092273704125354 0.073733848686565309 0.04382398243966535
decision_type=2 10 2 2 10 2 8
left_child=1 2 5 -4 -2 6 -1
right_child=4 -3 3 -5 -6 -7 -8
leaf_value=8.0607577425139857e-05 -0.00011091853984118855 -5.9409409753949765e-05 -0.00014369453660920397 2.2725140489493913e-05 7.4676183200723771e-07 -0.00029032569244137949 2.0405024693581718e-05
leaf_weight=62 27 92 38 25 25 29 453
leaf_count=62 27 92 38 25 25 29 453
internal_value=0.000565912 0.00118026 0.00210049 -0.00515873 -0.00769231 0.00294118 0.00354369
internal_weight=751 699 607 63 52 544 515
internal_count=751 699 607 63 52 544 515
is_linear=0
shrinkage=0.05


Tree=24
num_leaves=8
num_cat=0
split_feature=13 15 8 11 11 6 14
split_gain=1.81036 1.994 2.55486 1.68025 2.25382 1.64794 1.74064
threshold=14.675000190734865 0.00030366088362010496 0.045454688093545255 0.0091428951508856233 0.021151799211171721 0.61012344221883708 0.013234785210327617
decision_type=2 2 10 2 2 2 2
left_child=1 2 -1 5 -5 -2 -7
right_child=3 -3 -4 4 -6 6 -8
leaf_value=0.00013608856492156721 1.8199902389433593e-05 7.165644987931271e-05 -9.0740060476712033e-05 -0.00012448312337691455 1.6252161517603674e-05 -0.00014516405513954319 2.0695067708164556e-05
leaf_weight=51 270 102 44 110 84 42 46
leaf_count=51 270 102 44 110 84 42 46
internal_value=0.000834446 0.00494924 -0.000263158 -0.000634058 -0.00438144 0.00139665 -0.00454545
internal_weight=749 197 95 552 194 358 88
internal_count=749 197 95 552 194 358 88
is_linear=0
shrinkage=0.05


Tree=25
num_leaves=8
num_cat=0
split_feature=2 7 13 6 5 3 16
split_gain=1.66618 1.63375 1.69255 2.14984 1.84769 1.6828 2.29902
threshold=0.085435348523340462 0.046485518404173816 14.675000190734865 -0.93486867457472311 0.012022774965314171 -0.0019016338991772461 -0.014365176941285583
decision_type=2 2 2 2 2 2 2
left_child=1 2 4 -4 -1 6 -5
right_child=-2 -3 3 5 -6 -7 -8
leaf_value=2.0487298270756556e-05 -8.0833855500181672e-05 -8.7254526887907898e-05 0.00010748208462902131 3.4555073900461905e-05 0.00015034415407740311 1.6239406833979189e-05 -0.00018735105670656914
leaf_weight=123 97 29 47 42 53 279 87
leaf_count=123 97 29 47 42 53 279 87
internal_value=0.00122193 0.00212121 0.00265452 0.00104396 0.00681818 -0.000122549 -0.00484496
internal_weight=757 660 631 455 176 408 129
internal_count=757 660 631 455 176 408 129
is_linear=0
shrinkage=0.05


Tree=26
num_leaves=8
num_cat=0
split_feature=7 4 9 14 1 9 10
split_gain=1.4655 2.00173 1.92 2.99781 2.1971 1.64184 1.99339
threshold=0.046485518404173816 0.026592620244333707 -0.048737317648390503 0.0250539094836888 -0.016026603412871095 0.078584037052067748 1.0000000180025095e-35
decision_type=2 2 10 2 2 10 2
left_child=2 -2 3 4 -1 6 -4
right_child=1 -3 5 -5 -6 -7 -8
leaf_value=-0.00021592541111001572 -0.00017233751223369215 5.3900898423854865e-05 -5.5318285681763871e-05 8.4956966916119021e-05 3.962147218505266e-05 7.7513180926874585e-06 -3.5364209029316828e-06
leaf_weight=39 60 28 45 50 89 357 69
leaf_count=39 60 28 45 50 89 357 69
internal_value=0.000373134 -0.00568182 0.00119414 0.00561798 0.0015625 -0.000477707 -0.00570175
internal_weight=737 88 649 178 128 471 114
internal_count=737 88 649 178 128 471 114
is_linear=0
shrinkage=0.05


Tree=27
num_leaves=8
num_cat=0
split_feature=13 11 13 9 0 9 10
split_gain=1.26445 1.5476 1.51976 1.59385 2.30235 2.53182 2.11335
threshold=21.134999275207523 -0.010198884987834665 19.814999580383304 0.091648156307341036 -0.0036563683486546812 0.060994138831469098 0.0028970492937452357
decision_type=2 2 2 8 2 10 2
left_child=1 -1 3 4 -3 6 -6
right_child=-2 2 -4 -5 5 -7 -8
leaf_value=4.8238552845744025e-05 -7.2223599499450505e-05 -0.00020793452962412627 0.00011420593765227869 7.56235677784288e-06 -4.9247684881419553e-05 -0.00014599404596456813 0.00016946269730759315
leaf_weight=86 101 54 32 393 33 25 25
leaf_count=86 101 54 32 393 33 25 25
internal_value=0.000500668 0.00131173 0.000355872 -0.000283019 -0.00492701 0.000301205 0.00603448
internal_weight=749 648 562 530 137 83 58
internal_count=749 648 562 530 137 83 58
is_linear=0
shrinkage=0.05


Tree=28
num_leaves=8
num_cat=0
split_feature=3 3 0 6 6 13 4
split_gain=1.25659 1.39975 1.76261 1.38 1.71083 1.52981 1.20319
threshold=0.0067776501819097898 0.0044738166000852795 0.0085267115242902997 -0.081600515248230962 -0.4122891553830334 20.500000000000004 0.014987416042669234
decision_type=2 2 2 2 2 2 2
left_child=1 3 -3 4 5 6 -1
right_child=-2 2 -4 -5 -6 -7 -8
leaf_value=-0.00012839800761168599 -9.9315972954057253e-05 2.8939857928121867e-05 0.00010807762430973911 -5.6564598433123418e-06 0.00010449546752805863 -0.00012953820664010361 3.2281761208052556e-05
leaf_weight=28 57 49 29 266 104 34 197
leaf_count=28 57 49 29 266 104 34 197
internal_value=0.00143979 0.00201556 0.00833333 0.00123211 0.00323691 0.00106178 0.00255556
internal_weight=764 707 78 629 363 259 225
internal_count=764 707 78 629 363 259 225
is_linear=0
shrinkage=0.05


Tree=29
num_leaves=8
num_cat=0
split_feature=2 13 6 1 1 14 7
split_gain=1.59755 1.36135 1.28656 1.41933 1.34829 1.29737 1.29843
threshold=0.085435348523340462 25.010000228881839 0.010572887880168443 0.027955691001261166 0.022184878243810661 0.068214198873392098 -0.0066188932735680708
decision_type=2 2 2 2 2 2 2
left_child=1 2 3 4 5 6 -1
right_child=-2 -3 -4 -5 -6 -7 -8
leaf_value=-1.109462726331435e-05 -0.00011092871525976967 -7.8084516893070941e-05 -4.2030205424006775e-06 -7.6658292025856822e-05 0.00020218006073134998 0.00018761982488739757 4.4263732757337175e-05
leaf_weight=98 90 33 228 48 27 25 183
leaf_count=98 90 33 228 48 27 25 183
internal_value=0.00068306 0.00155763 0.0020936 0.00387139 0.00503003 0.00408497 0.00311388
internal_weight=732 642 609 381 333 306 281
internal_count=732 642 609 381 333 306 281
is_linear=0
shrinkage=0.05


Tree=30
num_leaves=8
num_cat=0
split_feature=14 1 0 13 13 9 3
split_gain=1.10688 2.53179 1.74185 1.74476 1.5921 1.79488 1.88613
threshold=0.064380578257103652 0.018697335315133738 -0.00046631554222825716 20.865000724792484 14.994999885559084 0.14190042183801391 0.0012811561804485507
decision_type=2 2 2 2 2 10 2
left_child=2 -2 3 -1 5 6 -4
right_child=1 -3 4 -5 -6 -7 -8
leaf_value=-6.8308841973091944e-06 9.0499831480636217e-05 -0.00011947761795314317 0.00014921998199510781 -0.00018795592279167739 -2.1639338660082128e-06 2.458611786466643e-06 6.1278600463354025e-05
leaf_weight=229 79 38 34 29 232 61 36
leaf_count=229 79 38 34 29 232 61 36
internal_value=0.000880759 0.00534188 4.02576e-05 -0.00310078 0.00227273 0.00667939 0.0121429
internal_weight=738 117 621 258 363 131 70
internal_count=738 117 621 258 363 131 70
is_linear=0
shrinkage=0.05


Tree=31
num_leaves=8
num_cat=0
split_feature=13 6 6 14 1 0 9
split_gain=1.52922 1.58991 1.42364 1.07185 2.40727 1.10099 2.00556
threshold=21.134999275207523 0.18242784045818125 -0.44224243022082044 0.064380578257103652 0.0082928588214646898 -0.00046631554222825716 0.091648156307341036
decision_type=2 2 2 2 2 2 10
left_child=3 2 -2 5 -5 6 -1
right_child=1 -3 -4 4 -6 -7 -8
leaf_value=-5.3835230897194331e-05 -7.289808013552554e-05 -0.00032031277268473293 7.9891060839583586e-05 0.00012680297231612057 -9.3740383620556024e-05 2.3610338595832097e-05 5.685455280456434e-05
leaf_weight=129 33 38 25 44 34 325 110
leaf_count=129 33 38 25 44 34 325 110
internal_value=0.000677507 -0.00520833 0 0.00155763 0.00705128 0.000797872 -0.00177824
internal_weight=738 96 58 642 78 564 239
internal_count=738 96 58 642 78 564 239
is_linear=0
shrinkage=0.05


Tree=32
num_leaves=8
num_cat=0
split_feature=9 8 6 0 9 11 13
split_gain=1.23525 2.43839 2.00019 2.06132 1.47456 1.46391 1.52701
threshold=0.12456208688377914 0.038852433580766295 -0.53179770650033908 1.0000000180025095e-35 0.14023543503268512 -0.010198884987834665 17.744999885559086
decision_type=8 8 2 2 8 2 2
left_child=2 5 3 -1 -3 -2 -7
right_child=1 4 -4 -5 -6 6 -8
leaf_value=-3.1445394255677626e-05 0.00017386498276059762 0.00011594574303350383 -3.7663304569269092e-05 8.243118114839511e-05 -1.099905332104384e-05 7.9545465915687838e-05 -9.3938167478195192e-05
leaf_weight=39 31 28 178 38 287 118 32
leaf_count=39 31 28 178 38 287 118 32
internal_value=0.000965379 0.00241935 -0.00186275 0.00487013 -0.000238095 0.0070442 0.005
internal_weight=751 496 255 77 315 181 150
internal_count=751 496 255 77 315 181 150
is_linear=0
shrinkage=0.05


Tree=33
num_leaves=8
num_cat=0
split_feature=9 8 15 3 10 15 11
split_gain=1.18391 2.35534 2.00216 2.37372 1.79325 1.67045 1.53043
threshold=0.12456208688377914 0.019560680565370307 0.0078577240995332271 0.00086332828936341876 0.00044089291237869871 -0.0055874557292838181 0.020333032872676963
decision_type=8 8 2 2 2 2 2
left_child=2 -2 3 5 -5 -1 -3
right_child=1 6 -4 4 -6 -7 -8
leaf_value=-0.00018612775616099554 0.00012736938139445544 -5.0554950918711363e-06 -0.00010095240889536203 0.00011125298875300601 -1.8233317473141404e-06 -2.1326639963995105e-06 9.2484698361401102e-05
leaf_weight=44 98 329 34 43 51 88 61
leaf_count=44 98 329 34 43 51 88 61
internal_value=0.000802139 0.0022541 -0.00192308 -0.000221239 0.00585106 -0.00454545 0.000512821
internal_weight=748 488 260 226 94 132 390
internal_count=748 488 260 226 94 132 390
is_linear=0
shrinkage=0.05


Tree=34
num_leaves=8
num_cat=0
split_feature=14 16 16 14 15 6 12
split_gain=1.20019 2.54838 1.93124 1.52011 1.63474 1.50693 1.33361
threshold=0.030785511680663128 -0.011009332287595817 -0.0072842105928681558 0.042851800685698833 0.00073155618973652647 1.0000000180025095e-35 0.028151177986243673
decision_type=2 2 2 2 2 2 2
left_child=1 -1 5 -4 -5 -2 -3
right_child=2 6 3 4 -6 -7 -8
leaf_value=-8.6759059066945834e-05 0.00015607928278892788 2.699524276421877e-05 3.0715526084484352e-05 -0.00021102430892120419 5.1878783158644787e-05 1.9351485957768714e-05 -6.8627957288984558e-06
leaf_weight=123 44 217 29 60 27 40 209
leaf_count=123 44 217 29 60 27 40 209
internal_value=0.000433912 -0.000774135 0.00375 -0.000431034 -0.00373563 0.00952381 0.00105634
internal_weight=749 549 200 116 87 84 426
internal_count=749 549 200 116 87 84 426
is_linear=0
shrinkage=0.05


Tree=35
num_leaves=8
num_cat=0
split_feature=14 1 6 11 0 12 8
split_gain=1.03074 1.81267 1.71995 1.55379 3.73778 2.22695 1.73319
threshold=0.03011365738187333 0.019149949859687546 -0.067734503957805739 0.00081107941047609 0.0009752563833782536 0.0062346335449628984 0.013646004383210954
decision_type=2 2 2 2 2 2 8
left_child=3 2 -2 4 -1 -6 -5
right_child=1 -3 -4 6 5 -7 -8
leaf_value=-0.00015596413605366004 8.1575237572469785e-05 -7.1790682813619843e-05 7.5401430101554746e-06 4.9056857018922469e-05 6.6087956921917796e-05 -4.8665972891966115e-05 -1.1126022929010055e-05
leaf_weight=80 73 63 71 148 51 49 218
leaf_count=80 73 63 71 148 51 49 218
internal_value=0.000498008 0.00350242 0.00659722 -0.000641026 -0.00444444 0.002 0.00122951
internal_weight=753 207 144 546 180 100 366
internal_count=753 207 144 546 180 100 366
is_linear=0
shrinkage=0.05


Tree=36
num_leaves=8
num_cat=0
split_feature=9 9 0 12 14 9 15
split_gain=1.3343 1.43416 1.31739 2.53116 1.72186 1.86336 1.69496
threshold=0.17525132210638719 0.18495685861502401 -0.00046631554222825716 -0.028469952569234454 0.06920052511090892 0.12456208688377914 0.0030433154720247439
decision_type=10 10 2 2 2 10 2
left_child=2 -2 3 -1 5 6 -5
right_child=1 -3 -4 4 -6 -7 -8
leaf_value=-0.00015632555398428988 -6.6430707658677113e-05 -2.0572686168052016e-07 2.3288496980589147e-05 -9.0947750100347892e-05 7.5323533893909263e-05 7.1140595246815773e-05 8.1647886278606724e-06
leaf_weight=34 35 93 341 117 34 59 37
leaf_count=34 35 93 341 117 34 59 37
internal_value=0.00113333 -0.00351563 0.00209003 -0.00044484 0.00131579 -0.000352113 -0.00324675
internal_weight=750 128 622 281 247 213 154
internal_count=750 128 622 281 247 213 154
is_linear=0
shrinkage=0.05


Tree=37
num_leaves=8
num_cat=0
split_feature=3 14 13 14 10 16 2
split_gain=1.54581 1.31114 1.57224 2.06408 1.67365 2.76863 2.20263
threshold=0.0075690144633878695 0.064380578257103652 21.134999275207523 -0.068623004427642229 0.0007464509492582928 0.0020982785745961023 0.014496641606544959
decision_type=2 2 2 2 2 2 2
left_child=1 2 3 -1 5 -5 -6
right_child=-2 -3 -4 4 6 -7 -8
leaf_value=7.4629930763678607e-05 -0.00015770198893689006 3.3730551456188829e-05 -0.00015533230228886863 -2.1171051616857484e-05 3.4158493583437943e-05 7.4121759933655246e-05 -0.00010021610509987371
leaf_weight=63 42 111 52 105 129 108 148
leaf_count=63 42 111 52 105 129 108 148
internal_value=0.000989446 0.00153631 0.000619835 0.00140145 0.000306122 0.0036385 -0.00225632
internal_weight=758 716 605 553 490 213 277
internal_count=758 716 605 553 490 213 277
is_linear=0
shrinkage=0.05


Tree=38
num_leaves=8
num_cat=0
split_feature=16 2 4 3 11 11 4
split_gain=1.27284 1.40964 2.0119 1.38586 1.45678 2.27316 1.96187
threshold=0.027205256871917886 0.08621593852058064 0.022862295197293197 -0.0090931691768273409 0.020333032872676963 0.016424334506672137 0.027364230029506414
decision_type=2 2 2 2 2 2 2
left_child=1 3 -3 -1 5 6 -5
right_child=-2 2 -4 4 -6 -7 -8
leaf_value=-0.00021081184956902983 -1.358348090781808e-05 -0.00021655040581689805 2.2508076356709857e-05 2.1241712596895719e-05 9.0616754852183785e-05 -0.00016505268553260299 -0.00010387941439699727
leaf_weight=27 53 42 42 430 91 34 29
leaf_count=27 53 42 42 430 91 34 29
internal_value=0.0013369 0.00190647 -0.00416667 0.00274141 0.00325342 0.00218053 0.00310458
internal_weight=748 695 84 611 584 493 459
internal_count=748 695 84 611 584 493 459
is_linear=0
shrinkage=0.05


Tree=39
num_leaves=8
num_cat=0
split_feature=9 0 12 4 8 6 9
split_gain=1.41416 1.73564 1.71102 2.41861 2.1823 1.51817 1.33838
threshold=0.036148740932621333 0.012118400009960341 0.033460109151711277 0.019730405133789548 0.059812775860374819 0.71616563865141381 0.078584037052067748
decision_type=10 2 2 2 8 2 10
left_child=2 6 4 -4 5 -1 -2
right_child=1 -3 3 -5 -6 -7 -8
leaf_value=2.0675993707854796e-05 -8.4430687254841391e-05 -0.00014713530270967477 -0.00010239739692287044 2.189442033581541e-05 -0.00017321891530924522 0.00015192750843759972 1.7381623614038462e-05
leaf_weight=102 66 73 37 40 36 29 354
leaf_count=102 66 73 37 40 36 29 354
internal_value=0.00078019 -0.000760649 0.00389344 -0.00227273 0.00673653 0.00973282 0.00047619
internal_weight=737 493 244 77 167 131 420
internal_count=737 493 244 77 167 131 420
is_linear=0
shrinkage=0.05


Tree=40
num_leaves=8
num_cat=0
split_feature=12 9 11 13 0 9 7
split_gain=1.57356 1.01985 1.75104 2.35781 1.47575 1.33955 1.32377
threshold=-0.052281388412141021 0.04382398243966535 0.0093718166333225401 16.775000572204593 0.011233919557075424 0.078584037052067748 -0.013554555679418321
decision_type=2 10 2 2 2 10 2
left_child=-1 2 -2 -4 5 -3 -7
right_child=1 4 3 -5 -6 6 -8
leaf_value=-8.2379767941173724e-05 2.6358787508532412e-05 -0.00012981153106884983 4.4831932402686959e-05 -0.00010071101333532437 -5.2123782408873816e-05 0.00010965974431430171 1.156326285743567e-05
leaf_weight=25 160 52 49 47 85 43 289
leaf_count=25 160 52 49 47 85 43 289
internal_value=0.00133333 0.00175862 0.00429688 -0.00104167 0.000373134 0.00169271 0.00286145
internal_weight=750 725 256 96 469 384 332
internal_count=750 725 256 96 469 384 332
is_linear=0
shrinkage=0.05


Tree=41
num_leaves=8
num_cat=0
split_feature=13 12 14 9 8 11 16
split_gain=1.41625 1.44629 3.11299 1.58141 1.92156 1.91781 1.13056
threshold=23.265000343322757 0.049504484069908934 -0.026973540467474796 0.04382398243966535 0.059437461372033103 -0.0073194328445433934 -0.0049403093659458599
decision_type=2 2 2 10 8 2 2
left_child=1 3 -3 4 5 -1 -5
right_child=-2 2 -4 6 -6 -7 -8
leaf_value=7.5823981594036734e-05 -8.5200971012902108e-05 0.00012423220691575398 -0.00024373813059395063 -1.179168402643564e-05 -0.00011302912888271076 1.3132007516171658e-05 1.897716938051438e-05
leaf_weight=41 64 31 65 123 46 132 250
leaf_count=41 64 31 65 123 46 132 250
internal_value=0.000864362 0.00152616 -0.00416667 0.00244932 0.00582192 0.00823699 0.000469169
internal_weight=752 688 96 592 219 173 373
internal_count=752 688 96 592 219 173 373
is_linear=0
shrinkage=0.05


Tree=42
num_leaves=8
num_cat=0
split_feature=3 15 9 13 13 16 3
split_gain=1.34678 1.34604 1.39152 1.64459 2.02087 1.79645 1.56507
threshold=-0.0086422831708677355 -0.011835228459077694 0.036148740932621333 20.060000419616703 18.719999313354496 -0.0057650803412985776 0.0009747510142325001
decision_type=2 2 10 2 2 2 2
left_child=-1 -2 3 4 5 -3 -7
right_child=1 2 -4 -5 -6 6 -8
leaf_value=-0.00014951183395533536 9.0751445028536238e-05 0.0001388853814517383 -2.4042335362810166e-06 0.00016818655019443853 -0.00017620459614314357 1.250390477424302e-05 -4.4096691903206413e-05
leaf_weight=40 47 53 452 31 33 53 44
leaf_count=40 47 53 452 31 33 53 44
internal_value=0.00142762 0.00192847 0.00135135 0.0046729 0.00286885 0.00533333 0.00128866
internal_weight=753 713 666 214 183 150 97
internal_count=753 713 666 214 183 150 97
is_linear=0
shrinkage=0.05


Tree=43
num_leaves=8
num_cat=0
split_feature=9 4 5 10 14 9 8
split_gain=1.47508 1.28361 2.42243 2.09719 1.28 1.19688 2.03417
threshold=0.036148740932621333 0.020194376224393337 0.012196583231228396 0.00063381300570131149 -0.036136320679139293 0.10119060357942723 0.0025451299388629116
decision_type=10 2 2 2 2 10 10
left_child=1 2 3 -1 -5 6 -2
right_child=5 -3 -4 4 -6 -7 -8
leaf_value=5.7680764036167771e-05 -2.3132480002417735e-06 4.183169581864735e-05 -0.00013574462731184633 6.3623455004612964e-05 -0.00014955610962290281 1.1252899232887249e-05 -0.00019954023477946085
leaf_weight=63 70 95 32 25 25 395 41
leaf_count=63 70 95 32 25 25 395 41
internal_value=0.000938338 0.00416667 0.0012069 0.00464602 -0.003 -0.000592885 -0.00518018
internal_weight=746 240 145 113 50 506 111
internal_count=746 240 145 113 50 506 111
is_linear=0
shrinkage=0.05


Tree=44
num_leaves=8
num_cat=0
split_feature=2 4 8 16 8 1 15
split_gain=1.40057 2.23546 1.0765 1.28444 1.0881 2.01904 2.72373
threshold=0.095049563607149015 0.022811798660843648 0.083347576161944228 0.027205256871917886 0.045454688093545255 0.0093847320277991048 -0.0035762345761679022
decision_type=2 2 10 2 8 2 2
left_child=2 -2 3 4 -1 6 -6
right_child=1 -3 -4 -5 5 -7 -8
leaf_value=2.0474177159488394e-05 -0.00023392084567401525 2.7002406591069163e-05 7.3674332767609827e-05 -8.5846762141505049e-05 2.6397048727702657e-05 1.7778515645141689e-05 -0.0001227870943882655
leaf_weight=426 33 43 33 34 29 88 54
leaf_count=426 33 43 33 34 29 88 54
internal_value=0.00182432 -0.00460526 0.00256024 0.00209984 0.00263819 -0.000730994 -0.0063253
internal_weight=740 76 664 631 597 171 83
internal_count=740 76 664 631 597 171 83
is_linear=0
shrinkage=0.05


Tree=45
num_leaves=8
num_cat=0
split_feature=13 6 15 6 13 12 13
split_gain=1.41381 1.26114 2.21321 1.6565 1.49085 1.1249 1.67864
threshold=25.960000038146976 -0.72660987347608585 -0.0047642865853728114 -0.56838215930985225 17.154999732971195 0.025155883078146649 13.934999942779543
decision_type=2 2 2 2 2 2 2
left_child=1 2 -1 4 -3 -5 -7
right_child=-2 3 -4 5 -6 6 -8
leaf_value=-9.9437795232465348e-06 -8.0420800642926326e-05 -4.9046734740555365e-06 9.4650412614920309e-05 1.7532203676141803e-05 -0.00017617647798809263 4.122508555892961e-05 -4.6548215819039759e-05
leaf_weight=37 29 41 112 270 27 84 146
leaf_count=37 29 41 112 270 27 84 146
internal_value=0.00134048 0.00177824 0.00587248 0.000704225 -0.00661765 0.0017 -0.000869565
internal_weight=746 717 149 568 68 500 230
internal_count=746 717 149 568 68 500 230
is_linear=0
shrinkage=0.05


Tree=46
num_leaves=8
num_cat=0
split_feature=12 4 5 8 14 14 14
split_gain=0.979257 1.62277 1.34935 1.62722 1.64489 1.33879 1.25076
threshold=0.058395912438342197 0.021667707768717299 0.01773097267380367 -0.014133053274300198 -0.068623004427642229 -0.096084571305829466 -0.024483541073895273
decision_type=2 2 2 8 2 2 2
left_child=2 -2 3 -1 5 -5 -6
right_child=1 -3 -4 4 6 -7 -8
leaf_value=7.8434088000190835e-05 -0.00023599518218878806 3.6045610239740987e-05 -6.9613361587603188e-05 2.5757006380815924e-05 -6.2711070526358465e-05 9.3851031241273423e-05 9.2433220125478888e-06
leaf_weight=99 37 29 48 25 115 30 365
leaf_count=99 37 29 48 25 115 30 365
internal_value=0.00127005 -0.00454545 0.00183284 0.00244479 0.00135514 0.00954545 0.000416667
internal_weight=748 66 682 634 535 55 480
internal_count=748 66 682 634 535 55 480
is_linear=0
shrinkage=0.05


Tree=47
num_leaves=8
num_cat=0
split_feature=0 9 10 6 10 13 6
split_gain=1.14126 1.80392 2.78827 1.6354 2.22622 1.78529 1.5542
threshold=-0.00046631554222825716 0.060994138831469098 0.006255058441205553 0.57600618720261709 0.0007464509492582928 15.775000095367433 0.91512504343576617
decision_type=2 10 2 2 2 2 2
left_child=6 -2 3 4 5 -3 -1
right_child=1 2 -4 -5 -6 -7 -8
leaf_value=-1.3122816347503033e-05 5.9597304269338192e-05 9.3590403228976634e-05 7.7430767284018476e-05 -0.00018042810418205087 -7.6437290315092279e-05 -4.1169239946444844e-06 5.9702773603330963e-05
leaf_weight=258 145 35 73 44 70 54 60
leaf_count=258 145 35 73 44 70 54 60
internal_value=0.000845737 0.00255344 0.000181159 -0.00283251 -0.000471698 0.00477528 -0.00141509
internal_weight=739 421 276 203 159 89 318
internal_count=739 421 276 203 159 89 318
is_linear=0
shrinkage=0.05


Tree=48
num_leaves=8
num_cat=0
split_feature=13 4 10 11 10 12 5
split_gain=1.4442 1.95312 1.6 1.81904 1.77846 1.37309 1.28896
threshold=14.614999771118166 0.020112111429182535 0.00097855070405028521 0.0021655828678432969 0.0028970492937452357 0.039147436974305568 0.0091960924843583914
decision_type=2 2 2 2 2 2 2
left_child=1 2 3 -1 -4 -6 -2
right_child=6 -3 4 -5 5 -7 -8
leaf_value=-1.9269823227198793e-06 6.913004139190932e-05 0.00015774868572034466 -0.00016851553812298253 0.00012112848396772617 2.1707744545103888e-05 -2.2376287275050943e-05 -3.4332046601793372e-06
leaf_weight=31 25 30 25 41 33 32 523
leaf_count=31 25 30 25 41 33 32 523
internal_value=0.00121622 0.00494792 0.00277778 0.00833333 -0.00166667 0.00269231 -9.12409e-05
internal_weight=740 192 162 72 90 65 548
internal_count=740 192 162 72 90 65 548
is_linear=0
shrinkage=0.05


Tree=49
num_leaves=8
num_cat=0
split_feature=12 8 1 6 0 1 1
split_gain=1.73534 1.19408 1.91808 2.1193 1.93978 1.65385 1.5376
threshold=-0.049048441539310476 0.015871989678665436 -0.016026603412871095 -0.83995108885779757 -0.0067407002453971901 -0.0057747052204437646 -0.046195377510336581
decision_type=2 8 2 2 2 2 2
left_child=-1 5 4 -4 -3 6 -2
right_child=1 2 3 -5 -6 -7 -8
leaf_value=-9.0416176341448411e-05 -0.00012490199623651151 2.667462114788917e-06 -8.2581599817483078e-05 1.9587267359212017e-05 -0.00015547879091907615 3.6485841160666891e-06 0.00010539968995068545
leaf_weight=38 25 27 57 303 28 143 112
leaf_count=38 25 27 57 303 28 143 112
internal_value=0.00119372 0.00176259 6.0241e-05 0.00138889 -0.00863636 0.00428571 0.00821168
internal_weight=733 695 415 360 55 280 137
internal_count=733 695 415 360 55 280 137
is_linear=0
shrinkage=0.05


Tree=50
num_leaves=8
num_cat=0
split_feature=2 2 7 9 4 3 0
split_gain=1.55988 1.89051 1.90411 1.80388 1.46169 1.21336 1.46138
threshold=0.085435348523340462 0.074756712664800343 0.041854841322650944 0.14023543503268512 0.022811798660843648 0.0066071262466148592 0.0045478201673448968
decision_type=2 2 2 8 2 2 2
left_child=1 2 5 -2 -5 6 -1
right_child=3 -3 -4 4 -6 -7 -8
leaf_value=4.0730883766455528e-06 0.00012034712857950905 0.00012724681163548158 -0.0001166101063487246 -0.00037208694144377362 -3.4481244350933683e-05 -5.2268272254847466e-05 4.8995455189838107e-05
leaf_weight=361 25 29 31 37 36 42 179
leaf_count=361 25 29 31 37 36 42 179
internal_value=0.00128378 0.00218069 0.00159054 -0.00459184 -0.00856164 0.00223368 0.00287037
internal_weight=740 642 613 98 73 582 540
internal_count=740 642 613 98 73 582 540
is_linear=0
shrinkage=0.05


Tree=51
num_leaves=8
num_cat=0
split_feature=11 11 11 3 15 0 6
split_gain=1.37659 1.8992 1.41737 1.23858 1.31619 1.10939 2.75001
threshold=0.020333032872676963 0.023061662230793093 0.016424334506672137 0.00073855807115519323 0.004828264691475904 -0.001444660514627105 0.88659223929097764
decision_type=2 2 2 2 2 2 2
left_child=2 -2 5 -3 -5 6 -1
right_child=1 3 -4 4 -6 -7 -8
leaf_value=-2.0191186174361369e-05 0.00011994097819754463 -0.00011702121922893931 -0.00012110849087070067 0.00011870718038578983 -4.7605572021870886e-07 7.0026694120838879e-06 0.00011432977215053361
leaf_weight=192 26 49 44 29 25 358 39
leaf_count=192 26 49 44 29 25 358 39
internal_value=0.000524934 0.00523256 -0.000434439 0.00218447 0.00740741 0.000212224 -0.00248918
internal_weight=762 129 633 103 54 589 231
internal_count=762 129 633 103 54 589 231
is_linear=0
shrinkage=0.05


Tree=52
num_leaves=8
num_cat=0
split_feature=5 0 6 1 9 13 9
split_gain=1.71727 1.37354 1.97801 2.14318 2.45029 1.66479 1.62
threshold=0.018443320880856488 -0.00046631554222825716 1.3456284824060625 0.0053457944804720112 0.13641791719287824 13.34500026702881 0.11464112595795418
decision_type=2 2 2 2 10 2 10
left_child=1 -1 3 4 -3 -5 -4
right_child=-2 2 6 5 -6 -7 -8
leaf_value=-3.0227348778528272e-06 -6.7131562690144443e-05 1.2008102410679921e-05 2.9119639443523675e-05 0.00017785567525158992 -0.0002020999769121447 4.0856719773467746e-05 -0.00035353875653662054
leaf_weight=306 41 105 25 35 41 170 25
leaf_count=306 41 105 25 35 41 170 25
internal_value=0.000802139 0.00137907 0.00330424 0.00462963 0 0.00792683 -0.006
internal_weight=748 707 401 351 146 205 50
internal_count=748 707 401 351 146 205 50
is_linear=0
shrinkage=0.05


Tree=53
num_leaves=8
num_cat=0
split_feature=11 12 14 9 9 5 9
split_gain=1.17186 1.30644 1.51896 1.11875 1.85218 1.50126 1.30354
threshold=-0.030384462612199011 0.059758756541204668 -0.022450840204273455 0.12456208688377914 0.17525132210638719 0.01207378716237097 0.19365082038912343
decision_type=2 2 2 8 10 2 10
left_child=-1 3 -3 5 -5 -2 -6
right_child=1 2 -4 4 6 -7 -8
leaf_value=-0.00010641586585298426 -2.7249292898845327e-05 6.3771646181666385e-05 -0.00022265558116107712 3.2361458382087737e-05 -3.9623284759963273e-05 6.8210899651966181e-06 1.793899674952049e-05
leaf_weight=29 78 25 34 324 47 147 59
leaf_count=29 78 25 34 324 47 147 59
internal_value=0.000370121 0.000770308 -0.00635593 0.00141221 0.00290698 -0.00144444 -0.00283019
internal_weight=743 714 59 655 430 225 106
internal_count=743 714 59 655 430 225 106
is_linear=0
shrinkage=0.05


Tree=54
num_leaves=8
num_cat=0
split_feature=3 11 10 13 5 3 3
split_gain=1.26381 1.14295 1.38929 0.952937 0.958633 0.861953 1.20407
threshold=-0.010157345477258382 0.018972552338111019 0.0094657139240660344 17.914999961853031 0.011880501027187587 0.0066071262466148592 0.0044232405925425109
decision_type=2 2 2 2 2 2 2
left_child=-1 5 3 4 -3 6 -2
right_child=1 2 -4 -5 -6 -7 -8
leaf_value=-0.00014747592525717144 -1.4461316418897062e-06 2.5293420111274172e-05 -1.6170688607958577e-05 -8.5725700890357508e-07 0.00013124652886236838 -0.00010655915989000807 4.5720758480441393e-05
leaf_weight=27 491 29 31 26 40 44 59
leaf_count=27 491 29 31 26 40 44 59
internal_value=0.000435074 0.000833333 0.00515873 0.00815789 0.0112319 -8.41751e-05 0.000454545
internal_weight=747 720 126 95 69 594 550
internal_count=747 720 126 95 69 594 550
is_linear=0
shrinkage=0.05


Tree=55
num_leaves=8
num_cat=0
split_feature=9 12 9 7 1 4 9
split_gain=1.13181 2.03397 2.18238 1.53245 1.82985 1.79289 1.45051
threshold=0.12456208688377914 -0.030100070000726505 0.14122872785249932 0.047723058359050115 -0.016026603412871095 0.022811798660843648 0.19279620065813466
decision_type=8 2 8 2 2 2 8
left_child=-1 6 -3 4 -4 -5 -2
right_child=1 2 3 5 -6 -7 -8
leaf_value=-9.8227077160878818e-06 -8.3367567135029738e-05 8.5295809636513556e-05 -9.5003886497003258e-05 -0.00020844142786172106 2.9834520250319325e-05 2.4415843174903015e-05 1.2719427351695797e-05
leaf_weight=264 39 73 51 26 250 31 29
leaf_count=264 39 73 51 26 250 31 29
internal_value=0.000753604 0.00215431 0.00342227 0.00181564 0.0032392 -0.00570175 -0.00588235
internal_weight=763 499 431 358 301 57 68
internal_count=763 499 431 358 301 57 68
is_linear=0
shrinkage=0.05


Tree=56
num_leaves=8
num_cat=0
split_feature=7 7 4 0 5 9 0
split_gain=1.2348 1.75651 1.73835 1.83203 1.61332 1.48257 1.27812
threshold=-0.0027100892336573974 0.0011498272469189221 0.021667707768717299 0.003261866564465588 0.011842716593015437 0.096958556034167045 -0.013415329239674421
decision_type=2 2 2 2 2 10 2
left_child=2 -2 3 4 5 -1 -4
right_child=1 -3 6 -5 -6 -7 -8
leaf_value=-1.2616222318484125e-05 0.00010391759156747655 3.0905234732441943e-06 -9.5507312595169956e-05 -0.00010528520640235326 -0.00018378283878425634 8.5795642551543996e-05 3.1375435217009896e-05
leaf_weight=43 37 436 32 30 39 28 94
leaf_count=43 37 436 32 30 39 28 94
internal_value=0.000845737 0.00237844 -0.0018797 -0.00571429 -0.00272727 0.00176056 0.00238095
internal_weight=739 473 266 140 110 71 126
internal_count=739 473 266 140 110 71 126
is_linear=0
shrinkage=0.05


Tree=57
num_leaves=8
num_cat=0
split_feature=13 10 15 5 11 5 11
split_gain=0.99798 2.65076 2.06165 1.14442 1.34659 1.06507 1.53566
threshold=13.795000076293947 -0.001095493805140457 0.00050520489011918201 0.0091732371924626837 -0.028866681392767265 0.011713638123957161 -0.010607926324274484
decision_type=2 2 2 2 2 2 2
left_child=1 -1 -3 -2 -5 6 -6
right_child=3 2 -4 4 5 -7 -8
leaf_value=0.00015575597063201773 6.6038624654166412e-05 -7.1133107067403783e-05 4.0686708621716017e-05 -0.00026247495878474247 5.0514945258782934e-05 4.3704186999886372e-06 -8.208052260808017e-05
leaf_weight=26 27 48 58 31 34 399 112
leaf_count=26 27 48 58 31 34 399 112
internal_value=0.000986395 0.00492424 0.00141509 0.000124378 -0.000347222 0.000229358 -0.00342466
internal_weight=735 132 106 603 576 545 146
internal_count=735 132 106 603 576 545 146
is_linear=0
shrinkage=0.05


Tree=58
num_leaves=8
num_cat=0
split_feature=2 11 14 3 4 0 10
split_gain=1.47609 1.59907 1.88676 1.17455 1.03445 1.3089 1.31619
threshold=0.085435348523340462 0.013609054079026685 0.030785511680663128 0.0058913293006734877 0.01637013837753595 -0.0023174729632385311 0.0059451726660438861
decision_type=2 2 2 2 2 2 2
left_child=3 2 -2 4 5 -1 -7
right_child=1 -3 -4 -5 -6 6 -8
leaf_value=-9.801773506396966e-05 -0.00018003102186711487 6.3233248313021318e-05 1.0546020748777517e-05 -2.4872376255795446e-05 7.4388534600737268e-06 -9.4480625847479191e-06 6.6846284424910087e-05
leaf_weight=51 38 25 28 66 436 78 28
leaf_count=51 38 25 28 66 436 78 28
internal_value=0.0002 -0.00576923 -0.00984848 0.00102428 0.0017285 -0.00175159 0.00141509
internal_weight=750 91 66 659 593 157 106
internal_count=750 91 66 659 593 157 106
is_linear=0
shrinkage=0.05


Tree=59
num_leaves=8
num_cat=0
split_feature=9 9 3 3 2 2 7
split_gain=1.19366 1.12674 1.48445 1.7776 1.82533 1.6528 1.62
threshold=0.17351185159077345 0.12108239813419065 0.0015504730139103142 0.0024340987114636063 0.018852523951117809 0.04627532735015983 -0.0018090621087007983
decision_type=10 8 2 2 2 2 2
left_child=1 -1 -3 -4 6 -6 -5
right_child=-2 2 3 4 5 -7 -8
leaf_value=-9.600234967988442e-07 -1.7194140442456731e-05 3.3699782597277574e-05 -0.00016040251844150625 9.1575079184886949e-06 -0.00015296295219288794 3.5019769043028808e-05 0.00016765940350279445
leaf_weight=242 134 223 34 25 32 43 25
leaf_count=242 134 223 34 25 32 43 25
internal_value=0.000923483 0.00184295 0.00353403 -0.000157233 0.0026 -0.00233333 0.01
internal_weight=758 624 382 159 125 75 50
internal_count=758 624 382 159 125 75 50
is_linear=0
shrinkage=0.05


Tree=60
num_leaves=8
num_cat=0
split_feature=9 0 0 14 9 12 9
split_gain=1.29753 2.31898 1.78891 1.61238 1.95109 1.28264 1.80858
threshold=0.04382398243966535 -0.00046631554222825716 0.014135501973794653 0.052213768787031663 1.0000000180025095e-35 -0.030100070000726505 0.080571731130236537
decision_type=10 2 2 2 10 2 10
left_child=1 3 5 4 -1 -2 -7
right_child=2 -3 -4 -5 -6 6 -8
leaf_value=-9.6160077671040214e-05 -3.4790586504102572e-05 5.5514396942221277e-05 -0.00017228486492462661 2.7641881913613225e-05 4.7998097645378901e-05 -0.00012190319330074117 2.5112131388546581e-05
leaf_weight=78 51 129 57 25 25 56 332
leaf_count=78 51 129 57 25 25 56 332
internal_value=0.00149402 0.00437743 0 -0.000390625 -0.00315534 0.001082 0.00206186
internal_weight=753 257 496 128 103 439 388
internal_count=753 257 496 128 103 439 388
is_linear=0
shrinkage=0.05


Tree=61
num_leaves=8
num_cat=0
split_feature=6 6 12 9 8 8 5
split_gain=0.76298 1.46934 1.4029 1.66615 2.10381 1.33967 1.26984
threshold=-0.4122891553830334 -0.36480690861786469 0.028951929172189476 0.21560446570907246 0.057133856237334697 0.037454209195550432 0.011815859743090342
decision_type=2 2 2 8 8 8 2
left_child=5 -2 3 -3 -5 -1 -4
right_child=1 2 6 4 -6 -7 -8
leaf_value=7.5845395935433478e-06 0.00012572090816620634 2.6851468150146732e-06 -7.8091582668010976e-05 0.00012312925721600664 8.7262082461185736e-06 -1.6685350869640163e-05 6.009118225739426e-06
leaf_weight=163 26 195 60 40 35 133 84
leaf_count=163 26 195 60 40 35 133 84
internal_value=0.000611413 0.00193182 0.00120773 0.00333333 0.00966667 -0.00135135 -0.00277778
internal_weight=736 440 414 270 75 296 144
internal_count=736 440 414 270 75 296 144
is_linear=0
shrinkage=0.05


Tree=62
num_leaves=8
num_cat=0
split_feature=12 12 11 15 14 10 16
split_gain=1.25372 1.25238 1.23012 1.73182 1.40805 1.80849 1.43395
threshold=0.058395912438342197 0.086474155307740067 0.018972552338111019 0.0060827358949258068 -0.014609583018452553 0.0027132699597303138 -0.0071890023299799313
decision_type=2 2 2 2 2 2 2
left_child=2 -2 4 -4 5 -1 -6
right_child=1 -3 3 -5 6 -7 -8
leaf_value=-0.00013310185300304716 -0.00017118059811646751 1.0293795436134213e-05 8.3703022232052308e-05 -2.8480479906247901e-05 4.0395869404355381e-05 4.5503015345951628e-06 3.9146663820005576e-06
leaf_weight=71 37 25 77 32 140 161 208
leaf_count=71 37 25 77 32 140 161 208
internal_value=0.00116511 -0.00564516 0.00177794 0.00665138 0.000862069 -0.00215517 0.00287356
internal_weight=751 62 689 109 580 232 348
internal_count=751 62 689 109 580 232 348
is_linear=0
shrinkage=0.05


Tree=63
num_leaves=8
num_cat=0
split_feature=12 0 12 8 5 8 10
split_gain=1.33508 1.34856 1.18867 1.19787 1.73063 1.80833 1.258
threshold=0.058395912438342197 0.011233919557075424 0.042234470374777462 0.083347576161944228 0.016511599957248643 0.077316186484804664 0.0012830359695055196
decision_type=2 2 2 10 2 8 2
left_child=1 2 3 4 5 6 -1
right_child=-2 -3 -4 -5 -6 -7 -8
leaf_value=2.8187005678030836e-05 -0.0001466302144642241 -1.3955894075392976e-05 5.1970293702006392e-05 8.98450150041022e-05 -4.5187542037451564e-05 -0.00021427079826496546 -1.6342616373386711e-06
leaf_weight=211 59 118 65 55 43 30 171
leaf_count=211 59 118 65 55 43 30 171
internal_value=0.000864362 0.00147908 0.00247826 0.00166667 0.000824176 0.00182039 0.00274869
internal_weight=752 693 575 510 455 412 382
internal_count=752 693 575 510 455 412 382
is_linear=0
shrinkage=0.05


Tree=64
num_leaves=8
num_cat=0
split_feature=9 12 12 9 11 3 11
split_gain=1.59231 1.55031 2.70566 1.15772 1.7775 1.72182 1.41171
threshold=0.17525132210638719 -0.019164236455942892 -0.040334955259991249 0.12456208688377914 0.00909053299113405 0.0012811561804485507 0.0091428951508856233
decision_type=10 2 2 10 2 2 2
left_child=1 2 -1 6 5 -5 -3
right_child=-2 3 -4 4 -6 -7 -8
leaf_value=2.9443514693258417e-05 -3.2379565651136482e-05 7.7073739985358127e-06 -0.00011502448488925175 6.4351869682314697e-05 0.0001315163018727336 -0.00014272610850185301 -1.1907723667795371e-05
leaf_weight=42 120 201 62 47 79 42 139
leaf_count=42 120 201 62 47 79 42 139
internal_value=0.00068306 0.00171569 -0.00384615 0.00285433 0.00625 0.00140449 0.00117647
internal_weight=732 612 104 508 168 89 340
internal_count=732 612 104 508 168 89 340
is_linear=0
shrinkage=0.05


Tree=65
num_leaves=8
num_cat=0
split_feature=2 11 9 11 12 9 11
split_gain=1.03203 1.28678 1.26892 2.88945 1.66129 1.58322 1.51503
threshold=0.085435348523340462 0.00066759209085187632 0.04382398243966535 0.0093718166333225401 0.021636027658746174 0.089788930726998686 0.0095883374490337587
decision_type=2 2 10 2 2 10 2
left_child=2 -2 3 -1 -5 -4 -7
right_child=1 -3 5 4 -6 6 -8
leaf_value=3.2619659765891714e-05 -0.0001405324721190753 2.7453371897783863e-05 -0.00014479668398029988 -4.9900984833239644e-05 1.7310026523131244e-05 -1.4443758759260985e-06 8.44780792068721e-05
leaf_weight=157 38 59 72 35 51 210 130
leaf_count=157 38 59 72 35 51 210 130
internal_value=0.00146277 -0.00335052 0.00217557 0.00504115 -0.00232558 0.000485437 0.00191176
internal_weight=752 97 655 243 86 412 340
internal_count=752 97 655 243 86 412 340
is_linear=0
shrinkage=0.05


Tree=66
num_leaves=8
num_cat=0
split_feature=8 7 1 4 5 9 12
split_gain=1.40541 1.87576 1.25794 2.33844 1.05322 1.29359 1.59036
threshold=0.021648006509103149 0.023581724291825038 -0.011854172635956837 0.018791871284502215 0.010916940859117954 0.10372106346521039 0.041818066300965857
decision_type=8 2 2 2 2 10 2
left_child=1 4 3 -2 -1 -6 -7
right_child=2 -3 -4 -5 5 6 -8
leaf_value=0.00011318677034108409 -0.00011948210068657363 -0.00010091882011856839 1.9605004759853334e-06 9.8925445634021582e-06 1.5363842873692725e-05 -0.00012733275794134165 2.4647768153920283e-05
leaf_weight=61 32 26 355 36 167 41 27
leaf_count=61 32 26 355 36 167 41 27
internal_value=0.000771812 0.00326087 -0.00112293 -0.00735294 0.00439189 0.00287234 -0.00294118
internal_weight=745 322 423 68 296 235 68
internal_count=745 322 423 68 296 235 68
is_linear=0
shrinkage=0.05


Tree=67
num_leaves=8
num_cat=0
split_feature=3 14 13 13 3 9 4
split_gain=1.04538 1.01704 1.30089 1.13618 1.07556 0.70987 1.22261
threshold=0.0077114195134945227 0.12307845124318741 21.134999275207523 20.335000038146976 0.0009747510142325001 0.014764114800735141 0.026592620244333707
decision_type=2 2 2 2 2 8 2
left_child=1 2 3 5 -4 -1 -7
right_child=-2 -3 4 -5 -6 6 -8
leaf_value=-2.6666246762420669e-05 -8.7734542706598151e-05 5.536336179604346e-05 -0.00017099326569633509 0.00011614076770657488 1.0866897835770271e-05 2.1886041624739939e-06 6.5071386242169027e-05
leaf_weight=41 42 35 45 26 30 496 47
leaf_count=41 42 35 45 26 30 496 47
internal_value=0.000524934 0.000972222 0.000547445 0.00131148 -0.00566667 0.000856164 0.00133517
internal_weight=762 720 685 610 75 584 543
internal_count=762 720 685 610 75 584 543
is_linear=0
shrinkage=0.05


Tree=68
num_leaves=8
num_cat=0
split_feature=9 9 11 14 10 10 16
split_gain=1.01796 2.34959 1.69697 1.23938 0.930681 1.281 1.02317
threshold=0.1758094573324174 0.19279620065813466 -0.00023800871931395348 0.12307845124318741 -0.0077272822899705487 -0.0052693175336530054 0.027205256871917886
decision_type=10 10 2 2 2 2 2
left_child=3 -2 -3 4 -1 -6 -7
right_child=1 2 -4 -5 5 6 -8
leaf_value=-6.6767590838239709e-05 -5.8570113264723836e-05 -0.00017522393696672796 8.052570377193921e-05 5.7943699674022947e-05 8.4286934575868367e-05 4.5320132857976092e-06 -5.2802344365566655e-05
leaf_weight=52 48 33 42 29 32 487 30
leaf_count=52 48 33 42 29 32 487 30
internal_value=0.000298805 -0.00386179 0.00166667 0.00111111 0.00062396 0.00122951 0.000628627
internal_weight=753 123 75 630 601 549 517
internal_count=753 123 75 630 601 549 517
is_linear=0
shrinkage=0.05


Tree=69
num_leaves=8
num_cat=0
split_feature=11 12 15 14 16 16 15
split_gain=1.09581 1.00064 0.925852 0.863455 2.98234 2.13624 1.93266
threshold=-0.029337465505850421 0.058395912438342197 0.00078704004231122681 0.03011365738187333 -0.0087647950166254689 -0.018296413819206877 0.0022457161598222757
decision_type=2 2 2 2 2 2 2
left_child=-1 3 -3 5 -5 -2 -6
right_child=1 2 -4 4 6 -7 -8
leaf_value=-9.4386918281726131e-05 -0.00011593655268124564 -0.00019064467207205094 7.4328018283347301e-06 0.00011638968964521241 -3.1336552877922954e-05 3.439648174235208e-06 0.00010792127149884578
leaf_weight=31 49 30 29 60 88 437 26
leaf_count=31 49 30 29 60 88 437 26
internal_value=0.000333333 0.000730181 -0.00550847 0.00128788 0.00431034 0.000205761 -0.000438596
internal_weight=750 719 59 660 174 486 114
internal_count=750 719 59 660 174 486 114
is_linear=0
shrinkage=0.05


Tree=70
num_leaves=8
num_cat=0
split_feature=14 10 7 0 5 9 10
split_gain=0.942839 2.39889 1.10053 1.0221 1.22107 1.46883 2.20362
threshold=0.10600204873107434 -0.0072745157566194698 0.014193317096889093 0.020358702115105268 0.01773097267380367 0.045671916594604019 0.0007464509492582928
decision_type=2 2 2 2 2 8 2
left_child=1 -1 -2 4 5 -3 -7
right_child=2 3 -4 -5 -6 6 -8
leaf_value=-0.00012811787441511241 0.00015995823483194315 2.8315317283928777e-05 -4.9239525264521217e-05 6.0522636455450355e-05 -4.4951002049959354e-05 2.9088146519852705e-05 -1.2295475644721519e-05
leaf_weight=50 28 74 26 28 40 203 292
leaf_count=50 28 74 26 28 40 203 292
internal_value=0.00104588 0.000545852 0.00740741 0.00137363 0.000944171 0.00153779 0.000555556
internal_weight=741 687 54 637 609 569 495
internal_count=741 687 54 637 609 569 495
is_linear=0
shrinkage=0.05


Tree=71
num_leaves=8
num_cat=0
split_feature=3 14 6 11 11 9 0
split_gain=2.16751 1.48786 1.9453 1.23485 1.43954 1.80263 1.5265
threshold=0.0066071262466148592 0.083812216488613714 0.31651840956978455 0.020527349767636042 0.011915728697621366 1.0000000180025095e-35 0.0022247181038045354
decision_type=2 2 2 2 2 10 2
left_child=1 3 -3 4 -1 -6 -7
right_child=-2 2 -4 -5 5 6 -8
leaf_value=3.5446149517304749e-06 -6.8121855711339359e-05 8.1358141104576417e-05 -2.991664718768523e-06 6.0599249438081288e-05 -0.00011610253922417513 6.190443847549953e-05 -2.8028136900136318e-05
leaf_weight=406 57 45 28 105 28 37 41
leaf_count=406 57 45 28 105 28 37 41
internal_value=0.00103748 0.00181159 0.00856164 0.00101297 0 -0.00518868 -0.00128205
internal_weight=747 690 73 617 512 106 78
internal_count=747 690 73 617 512 106 78
is_linear=0
shrinkage=0.05


Tree=72
num_leaves=8
num_cat=0
split_feature=3 3 11 10 11 0 12
split_gain=0.912106 1.03383 1.1027 2.96606 1.77883 1.28751 1.28559
threshold=0.0067776501819097898 -0.0089019747834135892 0.020333032872676963 0.0083253127378262199 0.014880689278647387 0.011966282633041116 0.021636027658746174
decision_type=2 2 2 2 2 2 2
left_child=1 -1 4 6 5 -3 -4
right_child=-2 2 3 -5 -6 -7 -8
leaf_value=-0.00011178723794592043 -3.2834222359245936e-05 8.8809652116221502e-06 5.6324391699380923e-05 -3.8428434775772315e-05 -0.00010134137887594091 -1.5146729394925532e-05 0.00010695299121912168
leaf_weight=33 59 430 27 31 58 69 40
leaf_count=33 59 430 27 31 58 69 40
internal_value=0.00130522 0.00181686 0.00225191 0.00714286 0.00139138 0.00235471 0.0130597
internal_weight=747 688 655 98 557 499 67
internal_count=747 688 655 98 557 499 67
is_linear=0
shrinkage=0.05


Tree=73
num_leaves=8
num_cat=0
split_feature=3 12 0 12 9 4 8
split_gain=0.910525 1.25409 1.28023 1.01103 0.957571 1.67715 2.01306
threshold=0.0077114195134945227 -0.040334955259991249 0.016036064665398534 -0.029032360146205412 0.1758094573324174 0.022750639632681268 0.013646004383210954
decision_type=2 2 2 2 8 2 8
left_child=1 -1 3 -3 -5 6 -6
right_child=-2 2 -4 4 5 -7 -8
leaf_value=2.9206574104032957e-05 -6.3074051807810076e-05 -9.4962775630639905e-05 4.5176066999261461e-05 5.5361139150816176e-06 7.7285510432866658e-05 6.6541752450908573e-05 -3.6507013036983678e-05
leaf_weight=49 41 36 43 373 26 49 129
leaf_count=49 41 36 43 373 26 49 129
internal_value=0.000536193 0.000957447 0.000381098 -0.000203915 0.000303293 -0.00245098 -0.005
internal_weight=746 705 656 613 577 204 155
internal_count=746 705 656 613 577 204 155
is_linear=0
shrinkage=0.05


Tree=74
num_leaves=8
num_cat=0
split_feature=7 15 15 16 1 8 4
split_gain=1.20725 0.956046 1.41232 1.17363 1.40653 2.23722 1.8585
threshold=0.043140065990053163 -0.00052301299044105176 -0.00136604486665981 0.028454147293691893 0.015932177593117939 0.018377804135300217 0.017340343612605769
decision_type=2 2 2 2 2 8 2
left_child=1 2 -1 4 5 -3 -6
right_child=-2 3 -4 -5 6 -7 -8
leaf_value=2.8707258766115084e-06 -5.9920349217419592e-05 7.1417755207509712e-05 -0.0001331574112736513 -2.3510219416545764e-05 0.00010453096108908622 -9.9096698126472343e-06 4.2240445577506236e-05
leaf_weight=287 95 122 36 25 33 96 60
leaf_count=287 95 122 36 25 33 96 60
internal_value=0.000795756 0.00155539 -0.000386997 0.00342262 0.00426045 0.00206422 0.0094086
internal_weight=754 659 323 336 311 218 93
internal_count=754 659 323 336 311 218 93
is_linear=0
shrinkage=0.05


Tree=75
num_leaves=8
num_cat=0
split_feature=9 9 3 3 13 10 2
split_gain=1.00918 1.49765 1.45565 1.88423 1.63671 2.24194 1.48885
threshold=0.12456208688377914 0.17525132210638719 0.0012811561804485507 0.0029161896136541414 20.500000000000004 -3.2285238455664882e-05 0.018852523951117809
decision_type=8 10 2 2 2 2 2
left_child=-1 2 4 -4 5 -2 -5
right_child=1 -3 3 6 -6 -7 -8
leaf_value=-5.4681770522767119e-06 8.9851332058720707e-05 -2.2921559848323289e-05 -3.4755713163676105e-05 0.00012648436607299373 -2.6001831854602278e-05 1.923447292822341e-05 -2.7718908848586814e-06
leaf_weight=248 62 122 62 35 26 114 60
leaf_count=248 62 122 62 35 26 114 60
internal_value=0.000171468 0.00150728 0.0031337 -0.000477707 0.00594059 0.00767045 0.00394737
internal_weight=729 481 359 157 202 176 95
internal_count=729 481 359 157 202 176 95
is_linear=0
shrinkage=0.05


Tree=76
num_leaves=8
num_cat=0
split_feature=12 4 13 12 12 15 10
split_gain=1.23207 1.04129 1.04069 1.24996 1.05175 1.04764 0.942388
threshold=0.058395912438342197 0.021667707768717299 22.930000305175785 -0.038043890036369758 -0.028469952569234454 -0.0027934201027435819 -0.002481321509367584
decision_type=2 2 2 2 2 2 2
left_child=2 -2 3 -1 -5 -4 -6
right_child=1 -3 5 4 6 -7 -8
leaf_value=3.1545456184397715e-05 -0.00016819097907683854 2.3103246440808487e-05 -0.00013939336492352716 -0.00010151710912102656 2.0555349101673014e-05 2.7313009924156715e-06 1.0463998923982212e-06
leaf_weight=27 35 27 33 25 167 28 409
leaf_count=27 35 27 33 25 167 28 409
internal_value=0.000299601 -0.00645161 0.000907112 0.00151274 0.00103993 -0.00532787 0.00147569
internal_weight=751 62 689 628 601 61 576
internal_count=751 62 689 628 601 61 576
is_linear=0
shrinkage=0.05


Tree=77
num_leaves=8
num_cat=0
split_feature=9 10 8 3 3 9 3
split_gain=1.3588 1.35681 1.5028 1.14412 1.46406 1.57636 1.11413
threshold=0.036148740932621333 -0.0066832750011283628 -0.13535177561431447 0.0066071262466148592 0.0044738166000852795 0.1517798694762498 0.0009747510142325001
decision_type=10 2 10 2 2 10 2
left_child=1 -1 -3 4 -2 -6 -4
right_child=3 2 6 -5 5 -7 -8
leaf_value=7.3130555649412752e-05 -1.6005462222761729e-06 -0.00015978143012299658 2.5679760647214468e-05 -7.1137583144374199e-05 0.00014994371258327853 2.3715768824570956e-07 -2.9122217749830671e-06
leaf_weight=31 424 25 105 40 25 30 72
leaf_count=31 424 25 105 40 25 30 72
internal_value=0.000797872 0.00396996 0.00247525 -0.000626204 5.21921e-05 0.00772727 0.00409605
internal_weight=752 233 202 519 479 55 177
internal_count=752 233 202 519 479 55 177
is_linear=0
shrinkage=0.05


Tree=78
num_leaves=8
num_cat=0
split_feature=4 12 12 6 16 16 1
split_gain=0.71128 2.43 1.20754 0.815523 1.1321 2.49198 1.6278
threshold=0.015446789825118804 0.0062346335449628984 0.016981710951886612 -0.93486867457472311 -0.0069783265595745872 -0.0023653968232107965 0.0053457944804720112
decision_type=2 2 2 2 2 2 2
left_child=1 -1 -2 -4 6 -6 -5
right_child=2 -3 3 4 5 -7 -8
leaf_value=2.6311655592707206e-05 -1.6129192091308932e-06 -0.00011176166867242043 0.00012167381836349035 1.3955543944337707e-05 -0.00013576591509534746 5.4895641368163342e-06 0.00012672639412818635
leaf_weight=27 310 48 35 71 34 186 27
leaf_count=27 310 48 35 71 34 186 27
internal_value=0.000948509 -0.00366667 0.00147059 0.00347025 0.00267296 0.000681818 0.00714286
internal_weight=738 75 663 353 318 220 98
internal_count=738 75 663 353 318 220 98
is_linear=0
shrinkage=0.05


Tree=79
num_leaves=8
num_cat=0
split_feature=9 3 16 11 12 4 0
split_gain=1.24726 1.85828 1.4787 1.2967 2.05539 1.24325 1.30017
threshold=0.036148740932621333 0.0077114195134945227 -0.028659295671555726 0.0093718166333225401 0.02096310075060959 0.022750639632681268 -0.001270777338125195
decision_type=10 2 2 2 2 2 2
left_child=3 2 -2 5 -5 6 -1
right_child=1 -3 -4 4 -6 -7 -8
leaf_value=-8.0378506764712976e-06 0.00012784064068166345 -0.0001654092654954823 -1.4579576385450895e-06 -9.0081690400020675e-05 5.3829237994902468e-06 6.0311868880932053e-05 5.6551615455464107e-05
leaf_weight=49 29 26 464 32 55 25 72
leaf_count=49 29 26 464 32 55 25 72
internal_value=0.000930851 -0.000433526 0.00025355 0.00396996 -0.000862069 0.00684932 0.00475207
internal_weight=752 519 493 233 87 146 121
internal_count=752 519 493 233 87 146 121
is_linear=0
shrinkage=0.05


end of trees

feature_importances:
dist_ma200=76
spy_ret_5d=46
vix_level=45
ret_1d=40
overnight_gap=40
spy_ret_20d=39
spy_ret_1d=35
vix_chg_1d=33
dvol_z_20=31
atr_pct=27
dist_ma50=27
sector_ret_1d=26
ret_20d=22
parkinson_20=21
ret_5d=20
dist_ma20=16
sector_ret_5d=16

parameters:
[boosting: gbdt]
[objective: quantile]
[metric: quantile]
[tree_learner: serial]
[device_type: cpu]
[data_sample_strategy: bagging]
[data: ]
[valid: ]
[num_iterations: 80]
[learning_rate: 0.05]
[num_leaves: 8]
[num_threads: 1]
[seed: 0]
[deterministic: 0]
[force_col_wise: 1]
[force_row_wise: 0]
[histogram_pool_size: -1]
[max_depth: -1]
[min_data_in_leaf: 25]
[min_sum_hessian_in_leaf: 0.001]
[bagging_fraction: 0.9]
[pos_bagging_fraction: 1]
[neg_bagging_fraction: 1]
[bagging_freq: 1]
[bagging_seed: 3]
[bagging_by_query: 0]
[feature_fraction: 0.9]
[feature_fraction_bynode: 1]
[feature_fraction_seed: 2]
[extra_trees: 0]
[extra_seed: 6]
[early_stopping_round: 0]
[early_stopping_min_delta: 0]
[first_metric_only: 0]
[max_delta_step: 0]
[lambda_l1: 0]
[lambda_l2: 0]
[linear_lambda: 0]
[min_gain_to_split: 0]
[drop_rate: 0.1]
[max_drop: 50]
[skip_drop: 0.5]
[xgboost_dart_mode: 0]
[uniform_drop: 0]
[drop_seed: 4]
[top_rate: 0.2]
[other_rate: 0.1]
[min_data_per_group: 100]
[max_cat_threshold: 32]
[cat_l2: 10]
[cat_smooth: 10]
[max_cat_to_onehot: 4]
[top_k: 20]
[monotone_constraints: ]
[monotone_constraints_method: basic]
[monotone_penalty: 0]
[feature_contri: ]
[forcedsplits_filename: ]
[refit_decay_rate: 0.9]
[cegb_tradeoff: 1]
[cegb_penalty_split: 0]
[cegb_penalty_feature_lazy: ]
[cegb_penalty_feature_coupled: ]
[path_smooth: 0]
[interaction_constraints: ]
[verbosity: -1]
[saved_feature_importance_type: 0]
[use_quantized_grad: 0]
[num_grad_quant_bins: 4]
[quant_train_renew_leaf: 0]
[stochastic_rounding: 1]
[linear_tree: 0]
[max_bin: 255]
[max_bin_by_feature: ]
[min_data_in_bin: 3]
[bin_construct_sample_cnt: 200000]
[data_random_seed: 1]
[is_enable_sparse: 1]
[enable_bundle: 1]
[use_missing: 1]
[zero_as_missing: 0]
[feature_pre_filter: 1]
[pre_partition: 0]
[two_round: 0]
[header: 0]
[label_column: ]
[weight_column: ]
[group_column: ]
[ignore_column: ]
[categorical_feature: ]
[forcedbins_filename: ]
[precise_float_parser: 0]
[parser_config_file: ]
[objective_seed: 5]
[num_class: 1]
[is_unbalance: 0]
[scale_pos_weight: 1]
[sigmoid: 1]
[boost_from_average: 1]
[reg_sqrt: 0]
[alpha: 0.5]
[fair_c: 1]
[poisson_max_delta_step: 0.7]
[tweedie_variance_power: 1.5]
[lambdarank_truncation_level: 30]
[lambdarank_norm: 1]
[label_gain: ]
[lambdarank_position_bias_regularization: 0]
[eval_at: ]
[multi_error_top_k: 1]
[auc_mu_weights: ]
[num_machines: 1]
[local_listen_port: 12400]
[time_out: 120]
[machine_list_filename: ]
[machines: ]
[gpu_platform_id: -1]
[gpu_device_id: -1]
[gpu_device_id_list: ]
[gpu_use_dp: 0]
[num_gpu: 1]

end of parameters

pandas_categorical:[]
