tree
version=v4
num_class=1
num_tree_per_iteration=1
label_index=0
max_feature_idx=16
objective=quantile
feature_names=ret_1d ret_5d ret_20d overnight_gap atr_pct parkinson_20 dvol_z_20 dist_ma20 dist_ma50 dist_ma200 spy_ret_1d spy_ret_5d spy_ret_20d vix_level vix_chg_1d sector_ret_1d sector_ret_5d
feature_infos=[-0.080501989592898671:0.11544539256851327] [-0.13411570928556715:0.12326421913638952] [-0.18246505717916139:0.20106524633821565] [-0.058529013074467562:0.060995981759898843] [0.0097500429557149382:0.053559638393051556] [0.0064893226685851946:0.028194519204217106] [-1.9588052411356147:4.1923866503914979] [-0.11994469408918085:0.10387042725495665] [-0.17377712885587693:0.1404973022479421] [-0.089692043788115683:0.26174847177958127] [-0.058542947643003718:0.10501933612632941] [-0.11496158439845272:0.082843216242346029] [-0.12265592443394913:0.15756596870864792] [11.859999656677246:52.330001831054688] [-0.35753873962348437:0.74039073966007019] [-0.073180960369049974:0.075364298724954315] [-0.12187673514714059:0.078003457216940353]
tree_sizes=867 864 872 867 867 871 861 862 873 863 864 857

Tree=0
num_leaves=8
num_cat=0
split_feature=1 1 14 4 5 9 3
split_gain=0.756387 1.33844 0.933325 0.661003 0.693189 0.619142 0.790843
threshold=-0.00069748125864671484 -0.0041671390755282358 0.064380578257103652 0.015863005331909989 0.015603591639142692 0.24578681275698891 0.00019966772039359262
decision_type=2 2 2 2 2 8 2
left_child=1 3 5 -1 -5 -2 -7
right_child=2 -3 -4 4 -6 6 -8
leaf_value=-0.0010724776818826153 -0.00074323214241687747 -0.0015164045220382671 -0.00090403597185373732 -0.00076631381916257687 -0.0014391133319389209 -0.0010511792553236114 -0.00076906339626849388
leaf_weight=26 321 25 49 196 41 44 48
leaf_count=26 321 25 49 196 41 44 48
internal_value=-0.000781874 -0.00279299 0.000471806 -0.00174208 -0.000911832 0.00124589 -0.00237028
internal_weight=750 288 462 263 237 413 92
internal_count=750 288 462 263 237 413 92
is_linear=0
shrinkage=1


Tree=1
num_leaves=8
num_cat=0
split_feature=8 16 11 10 4 0 10
split_gain=0.915312 0.939042 0.51098 0.469207 0.917882 1.5811 1.07725
threshold=-0.057579992364976788 -0.023170361797710256 0.019179064165315788 0.0020115894720359466 0.018078451156393963 0.0049501393641482325 0.0057642081998183778
decision_type=10 2 2 2 2 2 2
left_child=1 -1 3 -2 5 6 -5
right_child=2 -3 -4 4 -6 -7 -8
leaf_value=-0.00087366944964898654 6.3278294060469984e-05 -2.2477179926053774e-05 0.00010894768155866478 -0.0003114932333739142 0.00010818820038728838 8.0931153269392093e-05 -0.00017900517780147465
leaf_weight=25 328 43 120 26 98 62 32
leaf_count=25 328 43 120 26 98 62 32
internal_value=0.000231608 -0.00529412 0.000795796 0.00014652 -0.00165138 -0.00458333 -0.0105172
internal_weight=734 68 666 546 218 120 58
internal_count=734 68 666 546 218 120 58
is_linear=0
shrinkage=0.05


Tree=2
num_leaves=8
num_cat=0
split_feature=11 3 9 14 16 7 16
split_gain=0.744663 0.494269 0.474998 0.859195 1.28163 0.60153 0.909875
threshold=0.019179064165315788 0.004535954602137294 0.078114651530826543 0.042440575684467692 0.0067849518169680332 -0.011890805246178802 -0.018914146947906937
decision_type=2 2 10 2 2 2 2
left_child=1 2 5 -4 -5 6 -1
right_child=-2 -3 3 4 -6 -7 -8
leaf_value=-0.00050937157408056184 0.00011148219295738656 0.00010676073369684074 6.0834121040459327e-05 5.9724050921103379e-05 -0.00033996380437922012 -0.00015148382585554912 0.0001937426616414392
leaf_weight=44 129 111 233 50 27 112 43
leaf_count=44 129 111 233 50 27 112 43
internal_value=-6.67538e-06 -0.000725806 -0.00138507 -0.00016129 -0.00474026 -0.00329146 -0.000172414
internal_weight=749 620 509 310 77 199 87
internal_count=749 620 509 310 77 199 87
is_linear=0
shrinkage=0.05


Tree=3
num_leaves=8
num_cat=0
split_feature=11 9 8 6 13 16 14
split_gain=0.75592 0.645732 0.89904 0.621381 0.772176 0.61368 0.607293
threshold=0.019998315354098021 0.078114651530826543 0.0091732121249096261 0.46981061260039808 12.925000190734865 -0.020436547358860132 0.028010740507291913
decision_type=2 10 8 2 2 2 2
left_child=1 2 5 4 -3 6 -1
right_child=-2 3 -4 -5 -6 -7 -8
leaf_value=-0.00050674935736574162 9.7342439036397126e-05 -9.5103404121031751e-05 -0.00014291547441996403 -7.0635630028734482e-05 0.00011715878930270235 4.2710476221512741e-05 0.00018983025393694704
leaf_weight=27 119 27 97 97 249 102 25
leaf_count=27 119 27 97 97 249 102 25
internal_value=8.74834e-05 -0.000608974 -0.00256972 0.000710456 0.00192029 -0.000194805 -0.00461538
internal_weight=743 624 251 373 276 154 52
internal_count=743 624 251 373 276 154 52
is_linear=0
shrinkage=0.05


Tree=4
num_leaves=8
num_cat=0
split_feature=9 6 8 12 15 9 2
split_gain=0.551467 0.673265 0.644144 0.680915 0.750482 0.627283 0.880476
threshold=1.0000000180025095e-35 0.54542732970420726 0.040692880769488855 -0.036853049265853803 -0.0051621575020376334 0.13855315895403755 0.060462857403815302
decision_type=10 2 10 2 2 10 2
left_child=2 -2 3 -1 -5 -3 -7
right_child=1 5 -4 4 -6 6 -8
leaf_value=-0.00027533470062262834 7.386120819149821e-05 0.00015456610088388178 -0.0003204321563638799 -6.7465540509386291e-05 0.00010351590924150982 -0.000500335016418446 -8.7952759620872996e-06
leaf_weight=39 420 57 34 33 103 25 35
leaf_count=39 420 57 34 33 103 25 35
internal_value=0.000241287 0.00108939 -0.0019378 -0.000714286 0.000955883 -0.00226496 -0.00583333
internal_weight=746 537 209 175 136 117 60
internal_count=746 537 209 175 136 117 60
is_linear=0
shrinkage=0.05


Tree=5
num_leaves=8
num_cat=0
split_feature=16 9 1 7 7 10 5
split_gain=0.604908 0.571755 0.464939 0.653471 0.834266 0.745856 0.910609
threshold=0.020178464993767745 0.22741294648840307 0.033494104960209221 0.030487692731343666 0.023602619496494563 0.0002101400880069049 0.010592438963986523
decision_type=2 8 2 2 2 2 2
left_child=2 -2 3 4 5 -1 -7
right_child=1 -3 -4 -5 -6 6 -8
leaf_value=3.7124573385403365e-05 0.00010944710132647436 -9.4169067126957488e-06 -0.00016474017636136239 7.7373318311471737e-05 -4.559249589567292e-05 -0.00011450815884931644 -1.6541483382669029e-05
leaf_weight=211 117 31 30 97 38 64 149
leaf_count=211 117 31 30 97 38 64 149
internal_value=0.000115333 0.00297297 -0.000602716 -0.000277281 -0.00106061 -0.000424528 -0.00251174
internal_weight=737 148 589 559 462 424 213
internal_count=737 148 589 559 462 424 213
is_linear=0
shrinkage=0.05


Tree=6
num_leaves=8
num_cat=0
split_feature=9 14 11 8 8 16 10
split_gain=0.608046 0.961582 1.05367 0.98 0.831076 0.507634 0.438234
threshold=0.078114651530826543 0.042440575684467692 -0.0043480810751578827 0.045679393631516525 0.040692880769488855 0.018912979918239928 0.0020115894720359466
decision_type=10 2 2 10 10 2 2
left_child=4 6 -3 -4 5 -1 -2
right_child=1 2 3 -5 -6 -7 -8
leaf_value=-3.6149403933294083e-05 9.7257548817567422e-05 0.00010255320969201751 -0.00029234326048872025 -8.651816520294933e-05 -0.00020610520621784341 0.00014468429652125811 4.5627628496634086e-05
leaf_weight=224 152 43 25 25 48 38 191
leaf_count=224 152 43 25 25 48 38 191
internal_value=0.000241287 0.00144495 -0.00306452 -0.008 -0.00145161 -0.000343511 0.00266764
internal_weight=746 436 93 50 310 262 343
internal_count=746 436 93 50 310 262 343
is_linear=0
shrinkage=0.05


Tree=7
num_leaves=8
num_cat=0
split_feature=7 4 10 9 2 5 8
split_gain=0.750626 0.835776 2.4518 0.782173 0.940444 0.534729 0.594489
threshold=0.030487692731343666 0.015328789587828717 0.00063381300570131149 0.078114651530826543 0.049672960753639368 0.012341596554901565 0.038226381915732251
decision_type=2 2 2 10 2 2 8
left_child=1 2 -1 4 5 6 -3
right_child=-2 3 -4 -5 -6 -7 -8
leaf_value=0.00016322488021222478 5.0915215012943833e-05 9.0607432082020847e-05 -0.00014653434643894429 0.00011436260200048332 -6.1599434735205955e-05 -0.0001916794383869249 -0.00010670485648708221
leaf_weight=31 203 83 27 234 25 117 25
leaf_count=31 203 83 27 234 25 117 25
internal_value=0.000436242 -0.000535055 -0.0062069 0.000144628 -0.0018 -0.000777778 0.00175926
internal_weight=745 542 58 484 250 225 108
internal_count=745 542 58 484 250 225 108
is_linear=0
shrinkage=0.05


Tree=8
num_leaves=8
num_cat=0
split_feature=11 10 14 9 2 1 10
split_gain=0.611575 0.742151 0.635667 0.827174 1.0879 0.938134 0.703145
threshold=0.020527349767636042 0.013844787315234976 -0.02817624153510306 0.028082852713120058 0.052712851730449713 0.033494104960209221 -0.0015422325614574126
decision_type=2 2 2 10 2 2 2
left_child=1 2 -1 4 6 -5 -4
right_child=-2 -3 3 5 -6 -7 -8
leaf_value=9.1775723004317163e-05 8.0939778252178229e-05 -0.00058646591446927167 3.2242796596057395e-05 4.836680810776824e-05 -0.00019665798801188355 -0.00012354665103761522 -0.00025708830806139561
leaf_weight=175 118 26 68 275 28 32 42
leaf_count=175 118 26 68 275 28 32 42
internal_value=0.000418848 -0.000185758 0.000161291 -0.000842696 -0.00405797 0.000602606 -0.00181818
internal_weight=764 646 620 445 138 307 110
internal_count=764 646 620 445 138 307 110
is_linear=0
shrinkage=0.05


Tree=9
num_leaves=8
num_cat=0
split_feature=16 3 3 12 11 5 6
split_gain=0.643 0.494133 1.22663 1.1677 0.812698 0.601271 0.605044
threshold=0.019725342584868803 -0.0024432054740957661 -0.0059664915410355115 0.032816284988903439 -0.0019312644635973706 0.0094194145609088533 0.13759903673446727
decision_type=2 2 2 2 2 2 2
left_child=1 2 -1 4 -4 -3 -7
right_child=-2 5 3 -5 -6 6 -8
leaf_value=3.5585889371443867e-05 5.6091501210570594e-05 9.2068554166168141e-05 -0.00041871167584911956 1.5795302478806068e-05 -0.00031064860444402799 8.9051550983143779e-05 -5.4357561193751376e-05
leaf_weight=86 148 74 35 31 28 229 113
leaf_count=86 148 74 35 31 28 229 113
internal_value=0.000698925 -3.35569e-05 -0.00222222 -0.00617021 -0.0100794 0.000913462 2.924e-05
internal_weight=744 596 180 94 63 416 342
internal_count=744 596 180 94 63 416 342
is_linear=0
shrinkage=0.05


Tree=10
num_leaves=8
num_cat=0
split_feature=8 10 6 14 9 6 11
split_gain=0.836681 0.66493 0.539551 0.460524 0.73151 1.26233 0.843941
threshold=-0.057579992364976788 -0.0012572661502254776 1.9391184855356569 -0.022227674526148929 0.078114651530826543 -0.39586307203197479 -0.0017669803293580697
decision_type=10 2 2 2 10 2 2
left_child=1 -1 3 -2 5 6 -5
right_child=2 -3 -4 4 -6 -7 -8
leaf_value=1.3411558775113647e-07 0.00010777228611363254 -0.00066454783100473056 -0.00017157966699030057 -0.00027772752092050575 1.7697241440296358e-05 3.9236308694309726e-05 -9.5481709527172018e-05
leaf_weight=37 239 29 35 25 271 76 37
leaf_count=37 239 29 35 25 271 76 37
internal_value=0.00052737 -0.00484848 0.00104685 0.00137346 0.000354523 -0.0026087 -0.00790323
internal_weight=749 66 683 648 409 138 62
internal_count=749 66 683 648 409 138 62
is_linear=0
shrinkage=0.05


Tree=11
num_leaves=8
num_cat=0
split_feature=9 5 5 0 8 12 5
split_gain=0.544124 0.594468 0.82674 0.75959 0.969697 0.59247 0.923873
threshold=0.18327108805426298 0.0094194145609088533 0.011577261099461741 0.0049501393641482325 0.040692880769488855 -0.029032360146205412 0.016023681386237623
decision_type=8 2 2 2 8 2 2
left_child=5 -2 3 4 -3 6 -1
right_child=1 2 -4 -5 -6 -7 -8
leaf_value=-0.00056533829990644947 6.0663303449989263e-05 -1.0384321052407435e-05 9.6889325893486256e-05 1.595894564938236e-06 -0.00031446748283257971 7.0535140021266989e-05 0.00026097677922462623
leaf_weight=41 71 33 74 47 33 423 25
leaf_count=41 71 33 74 47 33 423 25
internal_value=0.000850067 -0.00100775 -0.00248663 -0.00517699 -0.00863636 0.00183027 -0.00257576
internal_weight=747 258 187 113 66 489 66
internal_count=747 258 187 113 66 489 66
is_linear=0
shrinkage=0.05


end of trees

feature_importances:
dist_ma200=11
dist_ma50=8
spy_ret_1d=8
parkinson_20=7
spy_ret_5d=7
sector_ret_5d=7
vix_chg_1d=6
dvol_z_20=5
ret_5d=4
overnight_gap=4
dist_ma20=4
ret_20d=3
atr_pct=3
spy_ret_20d=3
ret_1d=2
vix_level=1
sector_ret_1d=1

parameters:
[boosting: gbdt]
[objective: quantile]
[metric: quantile]
[tree_learner: serial]
[device_type: cpu]
[data_sample_strategy: bagging]
[data: ]
[valid: ]
[num_iterations: 80]
[learning_rate: 0.05]
[num_leaves: 8]
[num_threads: 1]
[seed: 0]
[deterministic: 0]
[force_col_wise: 1]
[force_row_wise: 0]
[histogram_pool_size: -1]
[max_depth: -1]
[min_data_in_leaf: 25]
[min_sum_hessian_in_leaf: 0.001]
[bagging_fraction: 0.9]
[pos_bagging_fraction: 1]
[neg_bagging_fraction: 1]
[bagging_freq: 1]
[bagging_seed: 3]
[bagging_by_query: 0]
[feature_fraction: 0.9]
[feature_fraction_bynode: 1]
[feature_fraction_seed: 2]
[extra_trees: 0]
[extra_seed: 6]
[early_stopping_round: 0]
[early_stopping_min_delta: 0]
[first_metric_only: 0]
[max_delta_step: 0]
[lambda_l1: 0]
[lambda_l2: 0]
[linear_lambda: 0]
[min_gain_to_split: 0]
[drop_rate: 0.1]
[max_drop: 50]
[skip_drop: 0.5]
[xgboost_dart_mode: 0]
[uniform_drop: 0]
[drop_seed: 4]
[top_rate: 0.2]
[other_rate: 0.1]
[min_data_per_group: 100]
[max_cat_threshold: 32]
[cat_l2: 10]
[cat_smooth: 10]
[max_cat_to_onehot: 4]
[top_k: 20]
[monotone_constraints: ]
[monotone_constraints_method: basic]
[monotone_penalty: 0]
[feature_contri: ]
[forcedsplits_filename: ]
[refit_decay_rate: 0.9]
[cegb_tradeoff: 1]
[cegb_penalty_split: 0]
[cegb_penalty_feature_lazy: ]
[cegb_penalty_feature_coupled: ]
[path_smooth: 0]
[interaction_constraints: ]
[verbosity: -1]
[saved_feature_importance_type: 0]
[use_quantized_grad: 0]
[num_grad_quant_bins: 4]
[quant_train_renew_leaf: 0]
[stochastic_rounding: 1]
[linear_tree: 0]
[max_bin: 255]
[max_bin_by_feature: ]
[min_data_in_bin: 3]
[bin_construct_sample_cnt: 200000]
[data_random_seed: 1]
[is_enable_sparse: 1]
[enable_bundle: 1]
[use_missing: 1]
[zero_as_missing: 0]
[feature_pre_filter: 1]
[pre_partition: 0]
[two_round: 0]
[header: 0]
[label_column: ]
[weight_column: ]
[group_column: ]
[ignore_column: ]
[categorical_feature: ]
[forcedbins_filename: ]
[precise_float_parser: 0]
[parser_config_file: ]
[objective_seed: 5]
[num_class: 1]
[is_unbalance: 0]
[scale_pos_weight: 1]
[sigmoid: 1]
[boost_from_average: 1]
[reg_sqrt: 0]
[alpha: 0.1]
[fair_c: 1]
[poisson_max_delta_step: 0.7]
[tweedie_variance_power: 1.5]
[lambdarank_truncation_level: 30]
[lambdarank_norm: 1]
[label_gain: ]
[lambdarank_position_bias_regularization: 0]
[eval_at: ]
[multi_error_top_k: 1]
[auc_mu_weights: ]
[num_machines: 1]
[local_listen_port: 12400]
[time_out: 120]
[machine_list_filename: ]
[machines: ]
[gpu_platform_id: -1]
[gpu_device_id: -1]
[gpu_device_id_list: ]
[gpu_use_dp: 0]
[num_gpu: 1]

end of parameters

pandas_categorical:[]
