tree
version=v4
num_class=1
num_tree_per_iteration=1
label_index=0
max_feature_idx=16
objective=quantile
feature_names=ret_1d ret_5d ret_20d overnight_gap atr_pct parkinson_20 dvol_z_20 dist_ma20 dist_ma50 dist_ma200 spy_ret_1d spy_ret_5d spy_ret_20d vix_level vix_chg_1d sector_ret_1d sector_ret_5d
feature_infos=[-0.2149793202661392:0.069343278363731553] [-0.33159503686387337:0.12830163761225566] [-0.39352835430625921:0.1982272914662635] [-0.18481388239525254:0.063135956846880115] [0.014029690765850285:0.068216595449821019] [0.009705688914896482:0.031029092733193847] [-2.3824100732880988:4.2507153899117895] [-0.31402855008343133:0.10366076227319621] [-0.3478020560816536:0.15306375303263464] [-0.42746901100932266:0.14379365182804626] [-0.058542947643003718:0.10501933612632941] [-0.11496158439845272:0.082843216242346029] [-0.12265592443394913:0.15756596870864792] [11.859999656677246:52.330001831054688] [-0.35753873962348437:0.74039073966007019] [-0.054845245580940394:0.043465182734245822] [-0.079035682487500813:0.068782287822878097]
tree_sizes=855 865 863 860 865 866 868 856 858 855 862 855

Tree=0
num_leaves=8
num_cat=0
split_feature=3 3 16 12 2 16 13
split_gain=3.2396 2.94446 2.72808 1.72009 1.65404 1.55662 2.08073
threshold=-0.0029160786691749259 -1.0000000180025095e-35 0.010198396636058484 0.011595821830406862 0.039678660916726567 -0.016896800954018906 17.945000648498539
decision_type=2 2 2 2 2 2 2
left_child=2 4 3 -1 -2 -3 -7
right_child=1 5 -4 -5 -6 6 -8
leaf_value=-0.0092359495349228389 -0.0089569446165114648 -0.0090132074663415544 -0.0090779816266149289 -0.0093572790501639247 -0.0091603053733706474 -0.0091399213764816519 -0.0093396288342773911
leaf_weight=90 115 43 51 92 41 237 81
leaf_count=90 115 43 51 92 41 237 81
internal_value=-0.00909364 -0.00688758 -0.0139886 -0.0168526 -0.00114748 -0.00936806 -0.0105754
internal_weight=750 517 233 182 156 361 318
internal_count=750 517 233 182 156 361 318
is_linear=0
shrinkage=1


Tree=1
num_leaves=8
num_cat=0
split_feature=3 16 11 10 7 8 3
split_gain=2.65396 2.55557 2.00924 1.57541 1.70915 2.04256 1.80602
threshold=-0.0041214077304727583 0.0098561523855780226 -0.0019312644635973706 0.0097369654771942721 -0.010782990583548145 -0.036093034170358244 0.0060398741062005499
decision_type=2 2 2 2 2 8 2
left_child=1 2 -1 4 -2 -6 -7
right_child=3 -3 -4 -5 5 6 -8
leaf_value=-5.8229765854775872e-05 -2.4020069395191969e-05 6.3789195846766276e-05 -0.00029874393367208542 -6.9076942745596162e-05 0.00013188083306886253 2.9216839466243968e-05 0.00020462841959670186
leaf_weight=73 170 33 62 80 31 249 36
leaf_count=73 170 33 62 80 31 249 36
internal_value=-0.00013624 -0.00565476 -0.0087037 0.00150177 0.00257202 0.00474684 0.00342105
internal_weight=734 168 135 566 486 316 285
internal_count=734 168 135 566 486 316 285
is_linear=0
shrinkage=0.05


Tree=2
num_leaves=8
num_cat=0
split_feature=3 3 16 11 7 9 14
split_gain=2.89337 3.14068 2.07005 1.72486 1.66042 1.71513 1.59977
threshold=-0.0029160786691749259 -0.0013464179127205542 0.0098561523855780226 0.0032511788494672404 -0.047558513764360537 -0.077899220710819936 0.083142255535003332
decision_type=2 2 2 2 2 10 2
left_child=2 -2 3 4 -1 -6 -3
right_child=1 6 -4 -5 5 -7 -8
leaf_value=-0.00028188968845643104 0.00018585739575792111 -6.6939725656993935e-06 6.8273133947514052e-05 -0.00027489202542346904 5.6763879721984277e-05 -8.1827315327245734e-05 0.0003134295271156589
leaf_weight=25 84 411 50 64 51 32 32
leaf_count=25 84 411 50 64 51 32 32
internal_value=-0.000166889 0.00185009 -0.00495495 -0.00755814 -0.0037037 -0.000301205 0.0001693
internal_weight=749 527 222 172 108 83 443
internal_count=749 527 222 172 108 83 443
is_linear=0
shrinkage=0.05


Tree=3
num_leaves=8
num_cat=0
split_feature=13 0 6 11 16 16 14
split_gain=2.25923 2.09887 2.29903 2.61383 1.58046 2.12693 2.2827
threshold=17.369999885559086 0.016781551486832361 -0.88161947158601695 -0.0038175653933905647 -0.017616942969659485 0.0066070285368610157 0.093015395411206861
decision_type=2 2 2 2 2 2 2
left_child=1 2 -1 -4 -2 6 -6
right_child=4 -3 3 -5 5 -7 -8
leaf_value=0.00018644723934557996 6.2339393637012106e-05 0.00018831434652092873 6.4798127024550978e-05 -6.5655725722899629e-05 -0.00020073059220740102 -5.8390226506162098e-06 2.710541166597979e-05
leaf_weight=72 76 41 63 268 97 99 27
leaf_count=72 76 41 63 268 97 99 27
internal_value=-0.000235532 0.00202703 0.000930521 -0.000830816 -0.00359532 -0.00571749 -0.0100806
internal_weight=743 444 403 331 299 223 124
internal_count=743 444 403 331 299 223 124
is_linear=0
shrinkage=0.05


Tree=4
num_leaves=8
num_cat=0
split_feature=16 3 14 9 3 2 15
split_gain=2.55821 3.35346 2.01734 1.95636 1.92822 2.02321 1.77316
threshold=0.010198396636058484 -0.0029160786691749259 0.083142255535003332 -0.11482143070984561 -6.4691859652132852e-05 0.060950874792329086 -0.0041485084634518823
decision_type=2 2 2 10 2 2 2
left_child=1 3 -3 6 5 -2 -1
right_child=4 2 -4 -5 -6 -7 -8
leaf_value=-0.00023533265353478783 0.00019377267573821889 -3.0764876512693991e-06 0.00026747755458362009 -0.00019376972368829226 5.8928931298214956e-06 -8.1120094188081538e-05 6.5936291679099656e-05
leaf_weight=40 81 313 30 81 132 25 44
leaf_count=40 81 313 30 81 132 25 44
internal_value=0.000134048 -0.00187008 0.000947522 -0.00772727 0.00441176 0.00943396 -0.00238095
internal_weight=746 508 343 165 238 106 84
internal_count=746 508 343 165 238 106 84
is_linear=0
shrinkage=0.05


Tree=5
num_leaves=8
num_cat=0
split_feature=16 3 16 15 15 7 7
split_gain=2.25969 2.09039 2.09533 1.71273 1.59668 1.9348 1.52962
threshold=0.012697235172992151 -0.0028715836217187425 0.0082721123146159998 0.01022066611722139 0.0077182860363514969 -0.015382559808878036 0.0073948436158810535
decision_type=2 2 2 2 2 2 2
left_child=1 6 3 -3 5 -2 -1
right_child=4 2 -4 -5 -6 -7 -8
leaf_value=-9.8696720421902721e-05 -0.00016326647365790624 6.8158181202292381e-05 -8.8227772322864402e-05 -9.3397373031635638e-05 -5.3113793254801721e-05 0.0001372119868019473 -0.00024716154557424401
leaf_weight=134 27 284 48 27 56 109 52
leaf_count=134 27 284 48 27 56 109 52
internal_value=-0.000237449 -0.00188073 0.000348189 0.00184887 0.00442708 0.00735294 -0.0061828
internal_weight=737 545 359 311 192 136 186
internal_count=737 545 359 311 192 136 186
is_linear=0
shrinkage=0.05


Tree=6
num_leaves=8
num_cat=0
split_feature=3 3 4 3 10 16 11
split_gain=1.90894 2.70769 1.7427 1.74487 1.9654 1.62488 2.9081
threshold=-0.0029160786691749259 0.00059887556573656753 0.017653789101795315 0.003291690439068629 0.0094657139240660344 0.0053912761402163953 0.0015109645581827815
decision_type=2 2 2 2 2 2 2
left_child=5 -2 -3 -4 -5 6 -1
right_child=1 2 3 4 -6 -7 -8
leaf_value=-2.5593411788983741e-05 0.00010376030964469904 0.0002578108437432244 -0.0001049531138956947 3.8408613431944627e-05 -9.0254223145317877e-05 2.9695019214616297e-05 -0.00030342587200112784
leaf_weight=102 214 27 102 130 49 62 60
leaf_count=102 214 27 102 130 49 62 60
internal_value=-0.000603217 0.00105364 -0.00194805 -0.00311388 -0.000139665 -0.00446429 -0.00709877
internal_weight=746 522 308 281 179 224 162
internal_count=746 522 308 281 179 224 162
is_linear=0
shrinkage=0.05


Tree=7
num_leaves=8
num_cat=0
split_feature=10 0 5 5 8 3 6
split_gain=2.40452 2.09101 1.29744 1.53381 1.35417 1.18119 1.06603
threshold=0.0097369654771942721 -0.028894196661797929 0.020925814731766284 0.016992519350012253 0.018234727754565142 0.0070973482805061225 0.68599459451541056
decision_type=2 2 2 2 10 2 2
left_child=1 -1 3 5 -5 6 -3
right_child=-2 2 -4 4 -6 -7 -8
leaf_value=-0.00017649122687705499 -8.3674981228400519e-05 1.9088054748372899e-05 -0.00029585591294495773 0.00019192968528190763 1.1662525077009131e-05 0.00015807722100432314 -8.7050687613700938e-05
leaf_weight=31 94 374 40 48 30 43 85
leaf_count=31 94 374 40 48 30 43 85
internal_value=-0.000503356 0.000576037 0.00120968 0.00181034 0.00833333 0.000796813 5.44662e-05
internal_weight=745 651 620 580 78 502 459
internal_count=745 651 620 580 78 502 459
is_linear=0
shrinkage=0.05


Tree=8
num_leaves=8
num_cat=0
split_feature=3 15 9 15 1 1 2
split_gain=1.71503 2.78838 1.79919 1.55141 1.31575 1.72728 1.3583
threshold=-0.0029160786691749259 0.01022066611722139 -0.13874269152184035 -0.010118577731078436 -0.019522938930036534 -0.00082002110659906691 -0.0207423125367821
decision_type=2 2 10 2 2 2 2
left_child=-1 3 -3 -2 6 -6 -5
right_child=1 2 -4 4 5 -7 -8
leaf_value=-8.8977647915249296e-05 0.00024481254100422364 5.8063152752977235e-05 -0.00010137432154489288 4.4307924691053274e-06 0.00014702391231691996 1.7651463059996202e-05 -0.0002681891563992358
leaf_weight=226 39 25 48 79 84 235 28
leaf_count=226 39 25 48 79 84 235 28
internal_value=-0.000327225 0.00120818 -0.00787671 0.00263441 0.00176056 0.00336991 -0.00303738
internal_weight=764 538 73 465 426 319 107
internal_count=764 538 73 465 426 319 107
is_linear=0
shrinkage=0.05


Tree=9
num_leaves=8
num_cat=0
split_feature=6 5 3 5 9 12 5
split_gain=1.83737 2.03705 1.88199 1.6366 1.9561 1.68215 1.82018
threshold=1.8052043555475734 0.01856314088226552 -0.0016418929927578538 0.016992519350012253 -0.0072430167359838751 0.029962761460985091 0.013278697534325921
decision_type=2 2 2 2 8 2 2
left_child=1 3 -3 4 5 -1 -7
right_child=-2 2 -4 -5 -6 6 -8
leaf_value=1.7020648059281121e-06 -0.00017144285411040147 -0.00045649814265080177 -9.0047784471296299e-05 9.2659160370089843e-05 4.6634000357446021e-05 -0.00019994238793632848 -4.4427215103194297e-05
leaf_weight=201 49 31 41 72 256 26 68
leaf_count=201 49 31 41 72 256 26 68
internal_value=-0.000336022 0.000323741 -0.00763889 0.00124398 0.000317604 -0.00245763 -0.00797872
internal_weight=744 695 72 623 551 295 94
internal_count=744 695 72 623 551 295 94
is_linear=0
shrinkage=0.05


Tree=10
num_leaves=8
num_cat=0
split_feature=6 5 6 5 16 16 0
split_gain=1.60006 1.43183 2.02881 1.21205 1.43682 2.59935 1.38068
threshold=-0.85472888252624901 0.012264344256233935 -1.0449646371983585 0.019103971153876631 -0.017616942969659485 0.0020982785745961023 -0.0085427006639142138
decision_type=2 2 2 2 2 2 2
left_child=1 -1 -3 4 -2 -6 -7
right_child=3 2 -4 -5 5 6 -8
leaf_value=0.00024412271469610215 7.5084036103406209e-05 -1.5232345667882561e-05 0.00016747762623463711 -0.00022544402465067535 -0.00010883648715316057 7.8705012370018299e-05 4.9164739055174683e-07
leaf_weight=26 89 68 40 54 208 48 216
leaf_count=26 89 68 40 54 208 48 216
internal_value=-0.000100134 0.00485075 0.00231481 -0.00117886 -0.000490196 -0.00158898 0.00170455
internal_weight=749 134 108 615 561 472 264
internal_count=749 134 108 615 561 472 264
is_linear=0
shrinkage=0.05


Tree=11
num_leaves=8
num_cat=0
split_feature=10 9 7 2 1 10 14
split_gain=1.92358 1.9598 2.11641 3.35172 2.11335 1.91959 1.754
threshold=0.010655373456526786 -0.0072430167359838751 0.001486817920413497 0.038157002945063641 0.013513335709267939 -0.0067260257632843481 0.03406338940495391
decision_type=2 8 2 2 2 2 2
left_child=1 2 6 -4 -5 -3 -1
right_child=-2 5 3 4 -6 -7 -8
leaf_value=-0.00012877753260475967 -7.4826470869177354e-05 -0.0001019051301397094 0.00013977453792675043 6.5479749440345693e-05 -0.00015665380331271255 6.0722442714634652e-05 6.6972655073449785e-05
leaf_weight=166 70 42 87 33 25 250 74
leaf_count=166 70 42 87 33 25 250 74
internal_value=3.34672e-05 0.000849335 -0.00149351 0.00327586 -0.00603448 0.00393836 -0.004375
internal_weight=747 677 385 145 58 292 240
internal_count=747 677 385 145 58 292 240
is_linear=0
shrinkage=0.05


end of trees

feature_importances:
overnight_gap=15
sector_ret_5d=12
parkinson_20=7
dvol_z_20=5
dist_ma20=5
dist_ma200=5
spy_ret_1d=5
sector_ret_1d=5
ret_20d=4
spy_ret_5d=4
vix_chg_1d=4
ret_1d=3
ret_5d=3
dist_ma50=2
spy_ret_20d=2
vix_level=2
atr_pct=1

parameters:
[boosting: gbdt]
[objective: quantile]
[metric: quantile]
[tree_learner: serial]
[device_type: cpu]
[data_sample_strategy: bagging]
[data: ]
[valid: ]
[num_iterations: 80]
[learning_rate: 0.05]
[num_leaves: 8]
[num_threads: 1]
[seed: 0]
[deterministic: 0]
[force_col_wise: 1]
[force_row_wise: 0]
[histogram_pool_size: -1]
[max_depth: -1]
[min_data_in_leaf: 25]
[min_sum_hessian_in_leaf: 0.001]
[bagging_fraction: 0.9]
[pos_bagging_fraction: 1]
[neg_bagging_fraction: 1]
[bagging_freq: 1]
[bagging_seed: 3]
[bagging_by_query: 0]
[feature_fraction: 0.9]
[feature_fraction_bynode: 1]
[feature_fraction_seed: 2]
[extra_trees: 0]
[extra_seed: 6]
[early_stopping_round: 0]
[early_stopping_min_delta: 0]
[first_metric_only: 0]
[max_delta_step: 0]
[lambda_l1: 0]
[lambda_l2: 0]
[linear_lambda: 0]
[min_gain_to_split: 0]
[drop_rate: 0.1]
[max_drop: 50]
[skip_drop: 0.5]
[xgboost_dart_mode: 0]
[uniform_drop: 0]
[drop_seed: 4]
[top_rate: 0.2]
[other_rate: 0.1]
[min_data_per_group: 100]
[max_cat_threshold: 32]
[cat_l2: 10]
[cat_smooth: 10]
[max_cat_to_onehot: 4]
[top_k: 20]
[monotone_constraints: ]
[monotone_constraints_method: basic]
[monotone_penalty: 0]
[feature_contri: ]
[forcedsplits_filename: ]
[refit_decay_rate: 0.9]
[cegb_tradeoff: 1]
[cegb_penalty_split: 0]
[cegb_penalty_feature_lazy: ]
[cegb_penalty_feature_coupled: ]
[path_smooth: 0]
[interaction_constraints: ]
[verbosity: -1]
[saved_feature_importance_type: 0]
[use_quantized_grad: 0]
[num_grad_quant_bins: 4]
[quant_train_renew_leaf: 0]
[stochastic_rounding: 1]
[linear_tree: 0]
[max_bin: 255]
[max_bin_by_feature: ]
[min_data_in_bin: 3]
[bin_construct_sample_cnt: 200000]
[data_random_seed: 1]
[is_enable_sparse: 1]
[enable_bundle: 1]
[use_missing: 1]
[zero_as_missing: 0]
[feature_pre_filter: 1]
[pre_partition: 0]
[two_round: 0]
[header: 0]
[label_column: ]
[weight_column: ]
[group_column: ]
[ignore_column: ]
[categorical_feature: ]
[forcedbins_filename: ]
[precise_float_parser: 0]
[parser_config_file: ]
[objective_seed: 5]
[num_class: 1]
[is_unbalance: 0]
[scale_pos_weight: 1]
[sigmoid: 1]
[boost_from_average: 1]
[reg_sqrt: 0]
[alpha: 0.5]
[fair_c: 1]
[poisson_max_delta_step: 0.7]
[tweedie_variance_power: 1.5]
[lambdarank_truncation_level: 30]
[lambdarank_norm: 1]
[label_gain: ]
[lambdarank_position_bias_regularization: 0]
[eval_at: ]
[multi_error_top_k: 1]
[auc_mu_weights: ]
[num_machines: 1]
[local_listen_port: 12400]
[time_out: 120]
[machine_list_filename: ]
[machines: ]
[gpu_platform_id: -1]
[gpu_device_id: -1]
[gpu_device_id_list: ]
[gpu_use_dp: 0]
[num_gpu: 1]

end of parameters

pandas_categorical:[]
