tree
version=v4
num_class=1
num_tree_per_iteration=1
label_index=0
max_feature_idx=16
objective=quantile
feature_names=ret_1d ret_5d ret_20d overnight_gap atr_pct parkinson_20 dvol_z_20 dist_ma20 dist_ma50 dist_ma200 spy_ret_1d spy_ret_5d spy_ret_20d vix_level vix_chg_1d sector_ret_1d sector_ret_5d
feature_infos=[-0.054014815049179155:0.094844949688824398] [-0.11127197593672955:0.16907244295574264] [-0.18159656123983936:0.17371300421614033] [-0.055740070167576872:0.031536674658625419] [0.011492391802762573:0.041384531112744517] [0.0069655477847310821:0.023776133440481219] [-2.5841115502109355:4.16134807926879] [-0.10747314546370723:0.14191485285241301] [-0.13317740501827635:0.11732244949194381] [-0.20795813154158804:0.18126063229673717] [-0.058542971330535654:0.10501930183911301] [-0.11496151859245618:0.082843162776128354] [-0.1226559005192206:0.15756591020035837] [11.859999656677246:52.330001831054688] [-0.35753873962348437:0.74039073966007019] [-0.062590328153952823:0.087383947576493481] [-0.13939752008440254:0.088326450578892102]
tree_sizes=830 858 853 862 839 855 859 862 859 869 856 858 863 860

Tree=0
num_leaves=8
num_cat=0
split_feature=6 2 12 14 6 5 5
split_gain=4.20042 4.4087 2.73881 2.66854 2.1315 1.45272 2.19511
threshold=-0.46647734989007245 0.032183688208642598 -0.024923410474003812 -0.01759756320211869 -0.18836095198647021 0.01067309132422997 0.014526704855376301
decision_type=2 2 2 2 2 2 2
left_child=5 2 -2 -3 -4 -1 -7
right_child=1 3 4 -5 -6 6 -8
leaf_value=0.0074037918471731249 0.0079229376278817654 0.0074658448342233893 0.0077178489649668332 0.0075938006862998012 0.0076182893943041565 0.0075866443570703265 0.007396967732347548
leaf_weight=57 59 42 70 73 216 171 53
leaf_count=57 59 42 70 73 216 171 53
internal_value=0.0076929 0.0106352 0.0134613 0.00215691 0.0114378 0.00287639 0.0046899
internal_weight=741 460 345 115 286 281 224
internal_count=741 460 345 115 286 281 224
is_linear=0
shrinkage=1


Tree=1
num_leaves=8
num_cat=0
split_feature=11 7 1 11 0 1 2
split_gain=4.09686 2.52496 2.20776 2.34888 2.15783 2.14879 2.18339
threshold=-0.0076796209830086162 0.006887297590437714 0.0066000695498422699 0.014880662239239896 0.0052649493475974704 0.011595953128043958 0.019432765839380698
decision_type=2 2 2 2 2 2 2
left_child=-1 5 -3 4 -4 6 -2
right_child=1 2 3 -5 -6 -7 -8
leaf_value=0.000133888958953321 -6.0380615759640916e-05 -0.0001461418520193547 -8.1277333665639173e-05 -0.00011953215143876151 0.00021507367724552751 0.00010017778957262637 0.00010962710017338395
leaf_weight=179 192 82 55 80 48 57 35
leaf_count=179 192 82 55 80 48 57 35
internal_value=0.000274725 -0.00186703 -0.00537736 -0.0023224 0.0026699 0.00140845 -0.000770925
internal_weight=728 549 265 183 103 284 227
internal_count=728 549 265 183 103 284 227
is_linear=0
shrinkage=0.05


Tree=2
num_leaves=8
num_cat=0
split_feature=6 2 2 8 6 4 12
split_gain=4.98094 4.31326 1.84155 2.05981 2.00372 2.15235 1.45606
threshold=-0.46647734989007245 -0.03971599389944868 0.047791266868331468 0.057370842073242619 -0.35529711514021967 0.022554587003821774 -0.024923410474003812
decision_type=2 2 2 10 2 2 2
left_child=-1 6 4 -4 -3 -6 -2
right_child=1 2 3 -5 5 -7 -8
leaf_value=-7.3089888282993349e-05 0.00037087791174417363 0.00021061443834332748 -0.00014572510408470408 9.0595075162127616e-05 2.6932160777505501e-05 -0.00015423939468746543 0.00012980184401385487
leaf_weight=280 30 30 45 29 206 41 80
leaf_count=280 30 30 45 29 206 41 80
internal_value=0.000438596 0.00363341 0.000925926 -0.00608108 0.00279783 0.00131579 0.0122727
internal_weight=741 461 351 74 277 247 110
internal_count=741 461 351 74 277 247 110
is_linear=0
shrinkage=0.05


Tree=3
num_leaves=8
num_cat=0
split_feature=6 12 7 16 8 8 1
split_gain=4.72985 4.42643 1.67511 2.03086 2.63087 1.74793 2.32806
threshold=-0.46647734989007245 -0.0016966552105460717 0.010491606380221731 0.0012366248333726129 -0.024742449687523978 0.010106475797786675 0.016980595280715608
decision_type=2 2 2 2 8 10 2
left_child=-1 -2 3 -3 -5 -4 -7
right_child=1 2 5 4 -6 6 -8
leaf_value=-7.2781102951921666e-05 0.00018257015413837511 -1.4887032212573099e-05 -0.00021591632576601117 0.00052424172399332747 2.3025433186558022e-05 -9.7166930136154443e-05 0.00011399847863503962
leaf_weight=277 131 112 32 29 49 49 56
leaf_count=277 131 112 32 29 49 49 56
internal_value=0.00037415 0.00349345 0.000382263 0.00342105 0.00961538 -0.00383212 -0.000714286
internal_weight=735 458 327 190 78 137 105
internal_count=735 458 327 190 78 137 105
is_linear=0
shrinkage=0.05


Tree=4
num_leaves=8
num_cat=0
split_feature=6 12 6 16 1 0 12
split_gain=4.50701 3.93649 2.34775 2.08111 2.71333 2.55898 1.76279
threshold=-0.46647734989007245 -0.024923410474003812 -0.36127233246757168 0.03132555897725154 0.018414187129385032 -0.0070083545586061549 0.028749037613273857
decision_type=2 2 2 2 2 2 2
left_child=-1 -2 -3 4 5 -4 -7
right_child=1 2 3 -5 -6 6 -8
leaf_value=-8.8379175585123442e-05 0.00024496442588279021 0.00012465989609991088 0.00010887765717619911 -0.00012841549321459752 0.00018515580200000837 2.3214876777273965e-06 -0.00012341866256334474
leaf_weight=282 63 35 85 34 60 100 77
leaf_count=282 63 35 85 34 60 100 77
internal_value=0 0.0030837 0.00121483 0 0.00124224 -0.000954198 -0.00437853
internal_weight=736 454 391 356 322 262 177
internal_count=736 454 391 356 322 262 177
is_linear=0
shrinkage=0.05


Tree=5
num_leaves=8
num_cat=0
split_feature=11 6 12 3 0 1 9
split_gain=4.32715 2.685 2.83781 1.56355 1.38568 1.40384 1.22453
threshold=-0.023324981642921735 -0.46647734989007245 -0.024923410474003812 -0.00015387641482161871 -0.0074188579148228287 0.023374063492316525 0.14704447473016893
decision_type=2 2 2 2 2 2 8
left_child=3 4 -3 -1 -2 6 -6
right_child=1 2 -4 -5 5 -7 -8
leaf_value=0.00038163511196311582 4.4859609049449334e-05 0.00025151904568949246 -1.2383734599734266e-06 0.00010440467605529188 -0.00014365738146502284 1.4311021615280867e-05 -0.00010134973463631929
leaf_weight=28 63 43 367 30 116 38 44
leaf_count=28 63 43 367 30 116 38 44
internal_value=-0.000171468 -0.00130402 0.00121951 0.012931 -0.0052682 -0.00732323 -0.009375
internal_weight=729 671 410 58 261 198 160
internal_count=729 671 410 58 261 198 160
is_linear=0
shrinkage=0.05


Tree=6
num_leaves=8
num_cat=0
split_feature=8 6 10 6 14 12 15
split_gain=3.47589 2.61955 2.24848 1.77149 1.81695 1.79616 1.60852
threshold=-0.054022225938006367 -0.37968108005947526 0.0017576086312266483 -0.72154888134703155 0.05244160831962786 0.028818776627478896 -0.0040503856049645673
decision_type=8 2 2 2 2 2 2
left_child=1 -1 3 -2 5 -5 -6
right_child=2 -3 -4 4 6 -7 -8
leaf_value=-3.8707001009072668e-05 -8.0133204624337643e-05 0.0003205576874733961 -4.3205106911645576e-05 0.00016141133364702719 9.2782027558294914e-05 3.8977781654034406e-06 -0.00012086758644314023
leaf_weight=33 70 69 291 112 57 74 32
leaf_count=33 70 69 291 112 57 74 32
internal_value=0.000745257 0.00931373 -0.000628931 0.00210145 0.00390909 0.00672043 -0.00196629
internal_weight=738 102 636 345 275 186 89
internal_count=738 102 636 345 275 186 89
is_linear=0
shrinkage=0.05


Tree=7
num_leaves=8
num_cat=0
split_feature=11 6 10 10 0 10 5
split_gain=3.60284 2.18327 2.75223 2.66092 2.07688 1.86496 1.70652
threshold=-0.028866673855592325 -0.5265853535489281 0.0017576086312266483 0.0047561334202744785 0.00087421568810108774 0.0031270998422653355 0.01453743929098864
decision_type=2 2 2 2 2 2 2
left_child=-1 6 -3 5 -5 -4 -2
right_child=1 2 3 4 -6 -7 -8
leaf_value=0.00033995368586025123 -4.6548077772705216e-05 7.5522471235465538e-05 -3.7336422419910869e-05 0.00018693111932766487 -1.0875974706586485e-05 -0.00010353293091719569 -0.0002042787632208657
leaf_weight=40 200 247 35 42 94 37 37
leaf_count=40 200 247 35 42 94 37 37
internal_value=0.000409836 -0.000433526 0.00159341 -0.00264423 0.00147059 -0.0104167 -0.00432489
internal_weight=732 692 455 208 136 72 237
internal_count=732 692 455 208 136 72 237
is_linear=0
shrinkage=0.05


Tree=8
num_leaves=8
num_cat=0
split_feature=11 8 8 7 13 13 1
split_gain=4.03859 1.88735 1.4624 1.54884 1.66881 1.56521 1.71596
threshold=-0.028866673855592325 -0.068115484932704848 -0.065716117186592302 0.029481612779465153 16.125000000000004 15.295000076293947 0.022407456961779152
decision_type=2 8 10 2 2 2 2
left_child=-1 -2 -3 5 -5 -4 -7
right_child=1 2 3 4 -6 6 -8
leaf_value=0.00032295600156723864 0.00014261191657930985 -0.00015437669260529344 -2.8839658449281332e-05 -4.255898393699441e-05 -0.00016158223616999433 7.6499832148755126e-06 0.00016287551834603476
leaf_weight=38 32 31 200 68 33 310 49
leaf_count=38 32 31 200 68 33 310 49
internal_value=-9.85545e-05 -0.00093361 -0.00148336 -0.000984848 -0.00668317 4.47227e-05 0.0020195
internal_weight=761 723 691 660 101 559 359
internal_count=761 723 691 660 101 559 359
is_linear=0
shrinkage=0.05


Tree=9
num_leaves=8
num_cat=0
split_feature=11 8 12 6 16 11 0
split_gain=3.03678 2.03198 1.66677 1.66824 1.3897 1.64375 1.93657
threshold=-0.028866673855592325 0.082647681019882416 0.0061045845958173093 -0.98836586008217864 0.034816767279311274 -0.00023797623425253486 -0.0072819546191483777
decision_type=2 8 2 2 2 2 2
left_child=-1 2 -2 -4 5 -5 -7
right_child=1 -3 3 4 -6 6 -8
leaf_value=0.00030680820148887674 4.2817502642667973e-05 -0.00018046714426266948 -0.00013991829629181966 -4.8763554392470733e-05 -0.00015498019478582124 0.00011649995860148313 -7.7702025262348439e-06
leaf_weight=36 211 25 36 98 30 63 235
leaf_count=36 211 25 36 98 30 63 235
internal_value=-0.00027248 -0.00100287 -0.000482912 -0.0021645 -0.00129108 -0.000505051 0.00134228
internal_weight=734 698 673 462 426 396 298
internal_count=734 698 673 462 426 396 298
is_linear=0
shrinkage=0.05


Tree=10
num_leaves=8
num_cat=0
split_feature=8 6 12 7 0 10 11
split_gain=3.53004 1.9942 2.29331 1.57773 2.11322 1.6734 1.64594
threshold=-0.068115484932704848 -0.46647734989007245 0.010183672155494096 0.020754660838064657 0.0031301975034082612 0.0028352322367303233 0.016138382759851803
decision_type=8 2 2 2 2 2 2
left_child=-1 -2 -3 4 6 -6 -4
right_child=1 2 3 -5 5 -7 -8
leaf_value=0.00036361699167878698 -6.1724863230915982e-05 8.1843428325729684e-05 -5.0283115259570849e-05 -0.00010871703586180357 0.00034728432754398028 1.1547111146756502e-06 0.00014294129198468
leaf_weight=39 268 157 104 86 31 33 25
leaf_count=39 268 157 104 86 31 33 25
internal_value=0.000100942 -0.000710227 0.00137615 -0.00134409 0.0011658 0.00859375 -0.00251938
internal_weight=743 704 436 279 193 64 129
internal_count=743 704 436 279 193 64 129
is_linear=0
shrinkage=0.05


Tree=11
num_leaves=8
num_cat=0
split_feature=12 7 1 4 10 16 11
split_gain=2.58255 2.9632 1.55128 1.30105 2.38553 1.92012 2.13278
threshold=-0.024923410474003812 -0.032095730518264413 0.014783820442142883 0.019999937316967642 0.0025149873033184504 0.016818002023237581 0.015980558357876488
decision_type=2 2 2 2 2 2 2
left_child=1 -1 -3 5 -5 6 -2
right_child=3 2 -4 4 -6 -7 -8
leaf_value=0.00028587181885585507 -9.1851017802468902e-05 -3.4958491156158753e-05 0.00015093905169898523 0.00010108421412451776 -3.0664501357081173e-05 4.6150797787577811e-05 7.625750059422937e-05
leaf_weight=35 234 49 26 153 126 82 37
leaf_count=35 234 49 26 153 126 82 37
internal_value=0.000202156 0.00727273 0.00166667 -0.00102848 0.0015233 -0.00304533 -0.0050738
internal_weight=742 110 75 632 279 353 271
internal_count=742 110 75 632 279 353 271
is_linear=0
shrinkage=0.05


Tree=12
num_leaves=8
num_cat=0
split_feature=11 16 8 6 8 1 16
split_gain=3.02663 1.87737 2.07699 1.70027 1.5267 1.14765 3.54814
threshold=-0.028866673855592325 -0.034353858411203912 -0.054022225938006367 -0.32537792293153928 -0.052462607668476428 0.016980595280715608 0.0035362787966652935
decision_type=2 2 8 2 10 2 2
left_child=-1 -2 3 -3 -4 -6 -7
right_child=1 2 4 -5 5 6 -8
leaf_value=0.0002715782279130623 -0.00016434482357507494 -3.823698109391566e-05 -0.00014734009370215826 0.00039102780700048934 -1.0868765731782225e-05 0.00031837416865578293 2.3618435129962868e-06
leaf_weight=35 31 25 27 38 403 25 139
leaf_count=35 31 25 27 38 403 25 139
internal_value=0.000656985 -7.26744e-05 0.000494673 0.00912698 -0.000420875 0.000132275 0.00365854
internal_weight=723 688 657 63 594 567 164
internal_count=723 688 657 63 594 567 164
is_linear=0
shrinkage=0.05


Tree=13
num_leaves=8
num_cat=0
split_feature=7 12 6 12 10 1 4
split_gain=3.05126 1.98578 1.53682 1.31422 1.28041 2.58513 2.25241
threshold=-0.039455070237511207 -0.024923410474003812 -0.94248338378351693 0.0062346359643689073 0.0017576086312266483 0.015184401617583611 0.023184490271621196
decision_type=2 2 2 2 2 2 2
left_child=1 -1 3 -2 5 6 -4
right_child=2 -3 4 -5 -6 -7 -8
leaf_value=0.00038424306853822207 -3.9225973503629385e-05 5.302645923342376e-05 -3.1536219676499536e-05 -0.00017022827913652815 -2.5835009519399428e-05 0.00010149286091891479 0.00017683103503823632
leaf_weight=26 37 42 187 40 281 80 43
leaf_count=26 37 42 187 40 281 80 43
internal_value=0.000203804 0.0102941 -0.000823353 -0.00746753 4.23012e-05 0.00225806 -0.000434783
internal_weight=736 68 668 77 591 310 230
internal_count=736 68 668 77 591 310 230
is_linear=0
shrinkage=0.05


end of trees

feature_importances:
dvol_z_20=15
spy_ret_20d=12
dist_ma50=10
spy_ret_5d=10
ret_5d=9
spy_ret_1d=7
ret_1d=6
dist_ma20=6
sector_ret_5d=6
ret_20d=4
atr_pct=3
parkinson_20=3
vix_level=2
vix_chg_1d=2
overnight_gap=1
dist_ma200=1
sector_ret_1d=1

parameters:
[boosting: gbdt]
[objective: quantile]
[metric: quantile]
[tree_learner: serial]
[device_type: cpu]
[data_sample_strategy: bagging]
[data: ]
[valid: ]
[num_iterations: 80]
[learning_rate: 0.05]
[num_leaves: 8]
[num_threads: 1]
[seed: 0]
[deterministic: 0]
[force_col_wise: 1]
[force_row_wise: 0]
[histogram_pool_size: -1]
[max_depth: -1]
[min_data_in_leaf: 25]
[min_sum_hessian_in_leaf: 0.001]
[bagging_fraction: 0.9]
[pos_bagging_fraction: 1]
[neg_bagging_fraction: 1]
[bagging_freq: 1]
[bagging_seed: 3]
[bagging_by_query: 0]
[feature_fraction: 0.9]
[feature_fraction_bynode: 1]
[feature_fraction_seed: 2]
[extra_trees: 0]
[extra_seed: 6]
[early_stopping_round: 0]
[early_stopping_min_delta: 0]
[first_metric_only: 0]
[max_delta_step: 0]
[lambda_l1: 0]
[lambda_l2: 0]
[linear_lambda: 0]
[min_gain_to_split: 0]
[drop_rate: 0.1]
[max_drop: 50]
[skip_drop: 0.5]
[xgboost_dart_mode: 0]
[uniform_drop: 0]
[drop_seed: 4]
[top_rate: 0.2]
[other_rate: 0.1]
[min_data_per_group: 100]
[max_cat_threshold: 32]
[cat_l2: 10]
[cat_smooth: 10]
[max_cat_to_onehot: 4]
[top_k: 20]
[monotone_constraints: ]
[monotone_constraints_method: basic]
[monotone_penalty: 0]
[feature_contri: ]
[forcedsplits_filename: ]
[refit_decay_rate: 0.9]
[cegb_tradeoff: 1]
[cegb_penalty_split: 0]
[cegb_penalty_feature_lazy: ]
[cegb_penalty_feature_coupled: ]
[path_smooth: 0]
[interaction_constraints: ]
[verbosity: -1]
[saved_feature_importance_type: 0]
[use_quantized_grad: 0]
[num_grad_quant_bins: 4]
[quant_train_renew_leaf: 0]
[stochastic_rounding: 1]
[linear_tree: 0]
[max_bin: 255]
[max_bin_by_feature: ]
[min_data_in_bin: 3]
[bin_construct_sample_cnt: 200000]
[data_random_seed: 1]
[is_enable_sparse: 1]
[enable_bundle: 1]
[use_missing: 1]
[zero_as_missing: 0]
[feature_pre_filter: 1]
[pre_partition: 0]
[two_round: 0]
[header: 0]
[label_column: ]
[weight_column: ]
[group_column: ]
[ignore_column: ]
[categorical_feature: ]
[forcedbins_filename: ]
[precise_float_parser: 0]
[parser_config_file: ]
[objective_seed: 5]
[num_class: 1]
[is_unbalance: 0]
[scale_pos_weight: 1]
[sigmoid: 1]
[boost_from_average: 1]
[reg_sqrt: 0]
[alpha: 0.5]
[fair_c: 1]
[poisson_max_delta_step: 0.7]
[tweedie_variance_power: 1.5]
[lambdarank_truncation_level: 30]
[lambdarank_norm: 1]
[label_gain: ]
[lambdarank_position_bias_regularization: 0]
[eval_at: ]
[multi_error_top_k: 1]
[auc_mu_weights: ]
[num_machines: 1]
[local_listen_port: 12400]
[time_out: 120]
[machine_list_filename: ]
[machines: ]
[gpu_platform_id: -1]
[gpu_device_id: -1]
[gpu_device_id_list: ]
[gpu_use_dp: 0]
[num_gpu: 1]

end of parameters

pandas_categorical:[]
