tree
version=v4
num_class=1
num_tree_per_iteration=1
label_index=0
max_feature_idx=16
objective=quantile
feature_names=ret_1d ret_5d ret_20d overnight_gap atr_pct parkinson_20 dvol_z_20 dist_ma20 dist_ma50 dist_ma200 spy_ret_1d spy_ret_5d spy_ret_20d vix_level vix_chg_1d sector_ret_1d sector_ret_5d
feature_infos=[-0.16179018286814251:0.18812938663411649] [-0.26820443238353686:0.37970335675253697] [-0.36358970599017515:0.86452081770442613] [-0.13306063522617906:0.18095436984441893] [0.021789199345414897:0.10452577165118372] [0.012867467445070137:0.051860959133282848] [-2.0160684115617231:4.0788052079872852] [-0.29581755668712184:0.46246069543791246] [-0.30813499338424011:0.74176356270834987] [-0.36567132179169437:1.705032026874481] [-0.058542947643003718:0.10501933612632941] [-0.11496158439845272:0.082843216242346029] [-0.12265592443394913:0.15756596870864792] [11.859999656677246:52.330001831054688] [-0.35753873962348437:0.74039073966007019] [-0.068244726543857936:0.13419383554022479] [-0.13586538461538455:0.11772560364971629]
tree_sizes=841 860 849 860 859 845 850 869 859 858 861 862 860 871 857 852 873 862 867 864 863 870 860 871 861 855 867 866 863 863 867 854 869 869 853 864 856 865 860 852 867 872 863 855 858 865 870 858

Tree=0
num_leaves=8
num_cat=0
split_feature=5 6 14 14 12 15 9
split_gain=3.31524 2.07239 2.27013 0.616797 0.455528 0.446747 0.586589
threshold=0.02293472717746917 0.25826053308483671 0.066707247335420675 -0.014609583018452553 -0.030100070000726505 -0.0052324651426766114 0.88089326167864057
decision_type=2 2 2 2 2 2 10
left_child=-1 4 3 -3 -2 -6 -7
right_child=1 2 -4 -5 5 6 -8
leaf_value=-0.047787423218705757 -0.048671077328046958 -0.049476103889424514 -0.051339565011749813 -0.048201611637920513 -0.047689959359912354 -0.048085252939283327 -0.048836034010399931
leaf_weight=436 37 47 31 38 39 94 28
leaf_count=436 37 47 31 38 39 94 28
internal_value=-0.0481699 -0.0520871 -0.0573941 -0.0531699 -0.048978 -0.0478283 -0.0493175
internal_weight=750 314 116 85 198 161 122
internal_count=750 314 116 85 198 161 122
is_linear=0
shrinkage=1


Tree=1
num_leaves=8
num_cat=0
split_feature=5 13 9 8 5 14 10
split_gain=3.32391 1.12319 1.03093 0.74979 0.780175 0.420429 0.281446
threshold=0.02293472717746917 20.814999580383304 -0.13856956093285736 0.35933604717889195 0.025111252647857862 -0.035401414565419224 0.00097855070405028521
decision_type=2 2 10 10 2 2 2
left_child=6 3 -3 4 -2 -6 -1
right_child=1 2 -4 -5 5 -7 -8
leaf_value=0.00027465770511416533 -0.00090266165712011366 -0.00020919371249022157 -0.0017892046332881836 -0.0011778502609052701 -0.0005262097011914811 0.00044347686576235102 0.00075002606550466581
leaf_weight=216 49 34 45 32 44 97 217
leaf_count=216 49 34 45 32 44 97 217
internal_value=0.000231608 -0.00380399 -0.00892405 -0.00198198 -0.000789473 0.00109929 0.00303695
internal_weight=734 301 79 222 190 141 433
internal_count=734 301 79 222 190 141 433
is_linear=0
shrinkage=0.05


Tree=2
num_leaves=8
num_cat=0
split_feature=5 13 4 9 13 13 0
split_gain=2.6713 1.35574 1.20551 1.04004 0.695091 1.07728 0.424072
threshold=0.023426856439298 21.134999275207523 0.044170608302871631 -0.13856956093285736 17.494999885559086 18.595000267028812 -0.028969434647034938
decision_type=2 2 2 10 2 2 2
left_child=6 2 -2 -3 -4 -6 -1
right_child=1 3 4 -5 5 -7 -8
leaf_value=-1.4755587461535564e-06 -0.00081150886417458992 -0.00022575733897278635 0.00018300395762648998 -0.0019838791554859223 -0.0011334108736647526 0.00013929386284401479 0.00049613978639269374
leaf_weight=41 37 33 107 44 32 51 404
leaf_count=41 37 33 107 44 32 51 404
internal_value=6.00803e-05 -0.00355263 -0.00160793 -0.00928571 1.86265e-10 -0.00343373 0.00252809
internal_weight=749 304 227 77 190 83 445
internal_count=749 304 227 77 190 83 445
is_linear=0
shrinkage=0.05


Tree=3
num_leaves=8
num_cat=0
split_feature=4 6 13 9 9 8 1
split_gain=2.66702 1.29318 1.12332 0.639923 1.08996 0.524258 0.471908
threshold=0.040191553361661102 0.25826053308483671 17.994999885559086 -0.13856956093285736 -0.055207579405306566 0.3222630401663869 -0.018709175542087616
decision_type=2 2 2 10 10 10 2
left_child=-1 3 5 -2 -5 -3 -6
right_child=1 2 -4 4 6 -7 -8
leaf_value=0.00033732576681312729 0.00023908725909567763 0.00012314287038697982 -0.0027689790638544573 -0.0012390325318969459 -0.00064808744317705592 -0.00089148942634067411 0.00014410085440324835
leaf_weight=384 52 49 54 32 47 25 100
leaf_count=384 52 49 54 32 47 25 100
internal_value=2.01886e-05 -0.00307799 -0.00710937 -0.000844156 -0.00226257 -0.00310811 -0.000442177
internal_weight=743 359 128 231 179 74 147
internal_count=743 359 128 231 179 74 147
is_linear=0
shrinkage=0.05


Tree=4
num_leaves=8
num_cat=0
split_feature=5 6 3 7 3 3 3
split_gain=2.19505 1.03554 0.893382 0.666667 0.424837 0.60239 0.450376
threshold=0.024753706427916775 0.30647881452543829 0.015367429680449797 0.020840931613372641 0.020340638580546026 0.0096118845423871519 -0.0028355390873275317
decision_type=2 2 2 2 2 2 2
left_child=-1 4 3 -3 5 6 -2
right_child=1 2 -4 -5 -6 -7 -8
leaf_value=0.00028086026663342207 -0.00031095833949081059 -0.0017730662637707045 -0.00025042565916375399 -0.0014515386950735983 0.00052708730873963117 -0.00096665915830639916 0.00058125889082213499
leaf_weight=474 78 27 48 27 26 25 41
leaf_count=474 78 27 48 27 26 25 41
internal_value=0.000308311 -0.00327206 -0.0072549 -0.0116667 -0.000882353 -0.00194444 -0.000462185
internal_weight=746 272 102 54 170 144 119
internal_count=746 272 102 54 170 144 119
is_linear=0
shrinkage=0.05


Tree=5
num_leaves=8
num_cat=0
split_feature=5 6 5 15 7 0 11
split_gain=1.93284 1.46028 1.023 1.5577 0.492131 0.657565 0.746108
threshold=0.024753706427916775 0.30647881452543829 0.034324777764075519 -0.00053337681456344644 0.099286794097981482 -0.011402534088784942 0.011695347183510176
decision_type=2 2 2 2 2 2 2
left_child=-1 4 3 -3 5 -2 -7
right_child=1 2 -4 -5 -6 6 -8
leaf_value=0.00019967623721443744 9.1897107474166249e-05 -0.0019549822563527104 -0.0027827924766142729 0.00023433016178356689 0.00080051875869352614 -0.001046138177787494 0.00036284998763824928
leaf_weight=462 50 30 29 43 36 55 32
leaf_count=462 50 30 29 43 36 55 32
internal_value=0.00031886 -0.003 -0.0077451 -0.00458904 -0.000202312 -0.00156934 -0.0041954
internal_weight=737 275 102 73 173 137 87
internal_count=737 275 102 73 173 137 87
is_linear=0
shrinkage=0.05


Tree=6
num_leaves=8
num_cat=0
split_feature=4 6 14 13 9 8 13
split_gain=1.535 1.67102 1.69214 0.966879 0.657312 0.747111 0.911888
threshold=0.034969320255339394 0.61009262899500827 0.032336920174311119 18.904999732971195 -0.13856956093285736 -0.10780752923830127 17.154999732971195
decision_type=2 2 2 2 10 10 2
left_child=-1 4 3 -3 -2 -6 -7
right_child=1 2 -4 -5 5 6 -8
leaf_value=0.00061452100125349506 0.00057442119287938931 0.00015540535362704841 -0.00233141980997696 -0.0015631360470760255 -0.0012649438495888361 0.00015772871199730022 -0.00043965834323127603
leaf_weight=286 81 67 37 25 25 124 101
leaf_count=286 81 67 37 25 25 124 101
internal_value=0.000375335 -0.00141304 -0.00624031 -0.0026087 0.000468278 -0.0008 0.000111111
internal_weight=746 460 129 92 331 250 225
internal_count=746 460 129 92 331 250 225
is_linear=0
shrinkage=0.05


Tree=7
num_leaves=8
num_cat=0
split_feature=5 12 8 5 15 10 9
split_gain=1.46649 0.819816 0.834428 0.770053 0.525701 0.751716 0.691639
threshold=0.02293472717746917 -0.030100070000726505 0.36330497392355948 0.025111252647857862 0.0017379056450138599 -0.0054343681151217118 0.10198536289166006
decision_type=2 2 10 2 2 2 8
left_child=4 -2 3 -3 5 -1 -7
right_child=1 2 -4 -5 -6 6 -8
leaf_value=0.0005269323094777025 -0.00097696386754975335 -0.0005019046907623532 -0.00097553477696863278 0.00010713237637995607 0.00066200330200849383 -0.00021083098572477504 8.8229340677172801e-06
leaf_weight=71 62 50 35 170 214 31 112
leaf_count=71 62 50 35 170 214 31 112
internal_value=0.000637584 -0.00194006 -0.000686274 0.000454546 0.00254673 0.000794393 -0.00129371
internal_weight=745 317 255 220 428 214 143
internal_count=745 317 255 220 428 214 143
is_linear=0
shrinkage=0.05


Tree=8
num_leaves=8
num_cat=0
split_feature=8 13 6 12 10 15 2
split_gain=1.2682 1.02899 0.690106 0.444757 0.422074 0.728582 0.644406
threshold=0.36330497392355948 23.265000343322757 -0.27278952393244954 0.041226484541621485 -0.0054343681151217118 0.0017379056450138599 0.19007306533234772
decision_type=10 2 2 2 2 2 2
left_child=1 3 -3 4 -1 6 -6
right_child=-2 2 -4 -5 5 -7 -8
leaf_value=0.00027851973604586577 -0.00081979917073688358 0.00015973587242311567 -0.0025977368662502658 0.00024098303717688064 -0.00020249340311319673 0.00014194416969387172 0.00050346277760690821
leaf_weight=99 32 27 39 135 140 266 26
leaf_count=99 32 27 39 135 140 266 26
internal_value=0.000680628 0.00110656 -0.00484848 0.0016967 0.0010452 0.000370371 -0.00222892
internal_weight=764 732 66 666 531 432 166
internal_count=764 732 66 666 531 432 166
is_linear=0
shrinkage=0.05


Tree=9
num_leaves=8
num_cat=0
split_feature=5 6 13 16 3 3 3
split_gain=1.56129 1.06985 1.00963 0.566331 0.365002 0.355847 0.406833
threshold=0.024753706427916775 0.30647881452543829 17.994999885559086 0.042975623023009397 0.020340638580546026 0.010061941010782284 -0.0028355390873275317
decision_type=2 2 2 2 2 2 2
left_child=3 4 -3 -1 5 6 -2
right_child=1 2 -4 -5 -6 -7 -8
leaf_value=0.00026484276898424238 -0.00018502664380704232 -0.00014744867703429294 -0.0018210206001962504 -0.00022162482448668044 0.00054287825229447969 -0.00070544215286759068 0.00037949666263473999
leaf_weight=423 84 51 47 42 28 26 43
leaf_count=423 84 51 47 42 28 26 43
internal_value=0.000430108 -0.00252688 -0.00673469 0.0022043 -0.000248619 -0.00120915 -0.00011811
internal_weight=744 279 98 465 181 153 127
internal_count=744 279 98 465 181 153 127
is_linear=0
shrinkage=0.05


Tree=10
num_leaves=8
num_cat=0
split_feature=8 12 6 8 3 1 2
split_gain=1.49692 1.2929 1.0456 0.599169 0.585997 0.553147 0.475223
threshold=0.36330497392355948 -0.036045900478668118 -0.27278952393244954 -0.12991736355800973 0.00069888377614080188 0.11767184769936746 -0.045860938935637467
decision_type=10 2 2 8 2 2 2
left_child=1 2 -1 -3 5 6 -5
right_child=-2 3 -4 4 -6 -7 -8
leaf_value=0.00063949165964250734 -0.00091308858613841932 -0.00099312928418545635 -0.00093501922344298041 -0.00025912562837853017 0.0003442062283485387 -0.00014218571516004527 0.00020962507978636489
leaf_weight=29 33 28 41 45 332 25 216
leaf_count=29 33 28 41 45 332 25 216
internal_value=0.000260347 0.000740224 -0.00571429 0.00143963 0.00176375 0.000104895 0.000785441
internal_weight=749 716 70 646 618 286 261
internal_count=749 716 70 646 618 286 261
is_linear=0
shrinkage=0.05


Tree=11
num_leaves=8
num_cat=0
split_feature=8 12 6 4 6 16 15
split_gain=1.33683 1.00752 0.660498 0.547457 0.393066 0.627482 0.452745
threshold=0.36330497392355948 -0.039191737143437648 -0.17150624040776105 0.033999617845083471 0.62768795800870913 -0.015657424382646553 0.017485060154424418
decision_type=10 2 2 2 2 2 2
left_child=1 2 -1 -3 6 -6 -5
right_child=-2 3 -4 4 5 -7 -8
leaf_value=0.00087552955705665525 -0.00072866240417221321 0.00063506770659666921 -0.00079632813219076648 0.00010674957212481636 -0.0019960645526559918 2.8216190470513729e-06 -0.00036494545541938453
leaf_weight=25 31 241 34 285 25 81 25
leaf_count=25 31 241 34 285 25 81 25
internal_value=0.000649264 0.00108939 -0.00516949 0.00165145 0.000552885 -0.00207547 0.00145161
internal_weight=747 716 59 657 416 106 310
internal_count=747 716 59 657 416 106 310
is_linear=0
shrinkage=0.05


Tree=12
num_leaves=8
num_cat=0
split_feature=9 13 4 8 9 2 16
split_gain=0.98849 0.942157 1.07062 0.664515 0.643996 0.499225 0.516078
threshold=0.4956133455332184 21.409999847412113 0.04326569653692771 0.35933604717889195 0.10198536289166006 -0.14505325532055716 0.0051180248924744829
decision_type=10 2 2 10 8 2 2
left_child=4 2 -2 -4 5 -1 -7
right_child=1 -3 3 -5 -6 6 -8
leaf_value=-0.00089473616693233116 -0.00058105280672101007 -0.0013733554047137551 7.9755237672828871e-05 -0.00089801618903215675 0.00042653641759810994 0.00023244382345854585 -0.00016154179233186005
leaf_weight=29 25 27 103 25 345 98 82
leaf_count=29 25 27 103 25 345 98 82
internal_value=0.000163488 -0.00305556 -0.00153595 0.0003125 0.00120939 -0.000980861 1.86265e-10
internal_weight=734 180 153 128 554 209 180
internal_count=734 180 153 128 554 209 180
is_linear=0
shrinkage=0.05


Tree=13
num_leaves=8
num_cat=0
split_feature=4 12 8 8 8 0 16
split_gain=1.17342 1.02278 0.71006 0.571448 0.482951 0.697057 1.45907
threshold=0.034969320255339394 -0.039191737143437648 0.36330497392355948 -0.12991736355800973 -0.036549396006359473 -0.0070567664414056255 0.014678593607625802
decision_type=2 2 10 8 10 2 2
left_child=-1 -2 3 -3 -5 6 -6
right_child=1 2 -4 4 5 -7 -8
leaf_value=0.00052694201324743849 -0.00064824942034805415 -0.0014186895980105279 -0.00082079316691504678 0.00053890722336715933 2.4049241448296469e-05 7.8835639335341517e-05 -0.00037012205875651703
leaf_weight=283 44 30 31 69 73 184 31
leaf_count=283 44 30 31 69 73 184 31
internal_value=0.000167785 -0.00138528 -0.000622009 -3.87595e-05 0.000518207 -0.000381944 -0.00365385
internal_weight=745 462 418 387 357 288 104
internal_count=745 462 418 387 357 288 104
is_linear=0
shrinkage=0.05


Tree=14
num_leaves=8
num_cat=0
split_feature=8 2 12 8 8 3 14
split_gain=1.30327 0.902007 0.629224 0.56 1.43692 0.469605 0.562319
threshold=0.36330497392355948 -0.14505325532055716 -0.046452019388258541 0.11480647380468391 0.15368516794968304 1.0000000180025095e-35 -0.012700650003930223
decision_type=10 2 2 10 10 2 2
left_child=1 -1 -3 5 -5 6 -4
right_child=-2 2 3 4 -6 -7 -8
leaf_value=-0.00092923956659051853 -0.00078514054902129005 -0.00082030593268859304 0.00026210483170205698 -0.00028435627360599847 0.00011697602645983571 0.00048577827492139888 -5.5612304175498071e-05
leaf_weight=38 30 26 86 49 126 230 134
leaf_count=38 30 26 86 49 126 230 134
internal_value=0.000201669 0.000645864 0.00108295 0.0014 -0.001 0.00233333 0.000681818
internal_weight=719 689 651 625 175 450 220
internal_count=719 689 651 625 175 450 220
is_linear=0
shrinkage=0.05


Tree=15
num_leaves=8
num_cat=0
split_feature=8 13 1 8 7 4 4
split_gain=1.27247 0.671669 0.5625 0.460059 0.861869 0.617997 0.538487
threshold=0.36330497392355948 23.265000343322757 -0.02780228884071306 0.096623290177735202 0.099286794097981482 0.05670624288811834 0.03558826416611767
decision_type=10 2 2 10 2 2 2
left_child=1 3 -3 -1 5 6 -5
right_child=-2 2 -4 4 -6 -7 -8
leaf_value=0.00015719960047071575 -0.00074588352157022562 -0.0021266443803630735 6.6882943926585957e-05 -4.1176168252181041e-05 0.00013232800457600898 2.2036102721755432e-05 -0.00047321596746967515
leaf_weight=438 30 32 32 52 99 25 35
leaf_count=438 30 32 32 52 99 25 35
internal_value=8.74834e-05 0.000511922 -0.004375 0.000993837 -0.00092417 -0.00392857 -0.00591954
internal_weight=743 713 64 649 211 112 87
internal_count=743 713 64 649 211 112 87
is_linear=0
shrinkage=0.05


Tree=16
num_leaves=8
num_cat=0
split_feature=4 12 0 8 8 0 11
split_gain=1.05401 0.832005 0.65326 0.63329 0.622326 0.635899 0.995031
threshold=0.033832332438776327 -0.030100070000726505 -0.0012567192087644117 -0.12991736355800973 -0.036549396006359473 -0.0070567664414056255 0.01613839302739695
decision_type=2 2 2 8 8 2 2
left_child=-1 2 -2 -3 -5 6 -6
right_child=1 3 -4 4 5 -7 -8
leaf_value=0.00048352080358722788 -3.5533211305462453e-05 -0.0014905983800803187 -0.00073110831776615395 0.00052181373249772013 -0.00012056655918782236 5.4365186745260957e-05 -0.00060964182084354088
leaf_weight=256 34 27 25 53 109 227 26
leaf_count=256 34 27 25 53 109 227 26
internal_value=4.62353e-05 -0.00128742 -0.00686441 -0.000542986 -6.02408e-05 -0.000801105 -0.00351852
internal_weight=757 501 59 442 415 362 135
internal_count=757 501 59 442 415 362 135
is_linear=0
shrinkage=0.05


Tree=17
num_leaves=8
num_cat=0
split_feature=8 12 6 9 9 11 9
split_gain=1.15521 0.958059 0.660498 0.468869 0.674312 0.63285 0.426999
threshold=0.36330497392355948 -0.039191737143437648 -0.27278952393244954 0.031186260016320525 -0.077633102889229075 0.011634039633228179 0.84946849269454194
decision_type=10 2 2 8 10 2 10
left_child=1 2 -1 4 -3 -6 -5
right_child=-2 3 -4 6 5 -7 -8
leaf_value=0.00065097880972377021 -0.00066651204986121386 0.00016454923678491714 -0.00082208040210189441 0.00022377461085821128 -0.00011512521267709431 -0.00028089833147816335 -0.00047307737041141126
leaf_weight=25 33 84 34 444 42 25 59
leaf_count=25 33 84 34 444 42 25 59
internal_value=0.000509384 0.000932679 -0.00516949 0.00148318 -0.000960265 -0.00470149 0.0022167
internal_weight=746 713 59 654 151 67 503
internal_count=746 713 59 654 151 67 503
is_linear=0
shrinkage=0.05


Tree=18
num_leaves=8
num_cat=0
split_feature=4 14 12 8 11 4 4
split_gain=0.860558 0.686017 1.02418 0.573921 0.402158 0.876623 0.367432
threshold=0.033832332438776327 -0.075454415356713087 -0.031709491768756808 0.36330497392355948 0.01613839302739695 0.043536766960716219 0.02514672947757909
decision_type=2 2 2 10 2 2 2
left_child=6 -2 -3 4 -4 -6 -1
right_child=1 2 3 -5 5 -7 -8
leaf_value=-0.00011361032761128328 0.00055023061956828683 -0.00068218011139762832 2.1891692672770637e-05 -0.00063318644736815315 -0.00026739665529130168 4.1698463037395793e-05 0.00062718996277527997
leaf_weight=35 58 48 286 33 35 42 216
leaf_count=35 58 48 286 33 35 42 216
internal_value=0.000219124 -0.000976095 -0.00164414 -0.000808081 -0.00023416 -0.00344156 0.00260956
internal_weight=753 502 444 396 363 77 251
internal_count=753 502 444 396 363 77 251
is_linear=0
shrinkage=0.05


Tree=19
num_leaves=8
num_cat=0
split_feature=8 7 11 13 14 9 8
split_gain=0.753571 0.523827 0.487426 0.619048 0.450796 0.702146 0.799624
threshold=0.36330497392355948 -0.063990020381907195 -0.0043480810751578827 21.555000305175785 -0.041810588725082691 0.018763111490785026 -0.012542951895448405
decision_type=10 2 2 2 2 8 10
left_child=1 2 3 -1 -3 6 -6
right_child=-2 4 -4 -5 5 -7 -8
leaf_value=0.00034522928277241167 -0.00060152712499974561 0.00028038766872580016 -0.00064877591076154071 -0.00089883509044569321 0.0001620525448440955 6.7214029962862971e-05 -0.00050413217206050074
leaf_weight=26 33 141 25 28 43 392 51
leaf_count=26 33 141 25 28 43 392 51
internal_value=0.00026387 0.000609065 -0.00322785 -0.000555555 0.0010925 0.000370371 -0.00351064
internal_weight=739 706 79 54 627 486 94
internal_count=739 706 79 54 627 486 94
is_linear=0
shrinkage=0.05


Tree=20
num_leaves=8
num_cat=0
split_feature=4 9 13 11 5 5 9
split_gain=0.623236 0.584385 0.760852 0.630813 0.662735 0.509529 0.497297
threshold=0.032559126638193915 -0.13856956093285736 23.265000343322757 0.017370539138914069 0.025380549008068621 0.019066892985600856 0.94637635037731394
decision_type=2 10 2 2 2 2 10
left_child=-1 -2 3 5 -5 -3 -7
right_child=1 2 -4 4 -6 6 -8
leaf_value=0.00058479841250787094 0.00017083725639076809 -6.1727514793342408e-05 -0.00079532254491961215 -0.00056668385001806007 2.7665037583679814e-05 4.0258268780074281e-05 -0.00043405666625894639
leaf_weight=206 136 40 33 33 37 211 55
leaf_count=206 136 40 33 33 37 211 55
internal_value=0.000472703 -0.000412844 -0.00135697 -0.000718085 -0.005 0.000261438 0.00105263
internal_weight=751 545 409 376 70 306 266
internal_count=751 545 409 376 70 306 266
is_linear=0
shrinkage=0.05


Tree=21
num_leaves=8
num_cat=0
split_feature=8 6 2 16 16 16 15
split_gain=0.694872 0.448369 1.43098 0.476432 0.409655 0.362332 0.535108
threshold=0.36330497392355948 0.62768795800870913 -0.057064865203612085 -0.011161406865151822 0.022645342136891958 -0.006196423996167654 0.0030727915793857812
decision_type=10 2 2 2 2 2 2
left_child=1 5 -3 -4 -5 -1 -7
right_child=-2 2 3 4 -6 6 -8
leaf_value=0.00020068182438035171 -0.00059366883205287852 -0.00096774692700302221 -0.0004650567566619418 0.00076558096130039798 -0.00015925828351373269 -3.8490231463538426e-05 0.00022869538840177321
leaf_weight=183 30 27 39 66 50 172 181
leaf_count=183 30 27 39 66 50 172 181
internal_value=0.00078877 0.00110028 -0.00104396 0.000806452 0.00241379 0.00182836 0.000892351
internal_weight=748 718 182 155 116 536 353
internal_count=748 718 182 155 116 536 353
is_linear=0
shrinkage=0.05


Tree=22
num_leaves=8
num_cat=0
split_feature=8 13 11 8 7 2 8
split_gain=1.03914 0.636759 0.598807 0.445383 0.824506 0.723809 0.559955
threshold=0.36330497392355948 23.265000343322757 -0.020756034341227022 0.096623290177735202 0.099286794097981482 0.074153960665492416 0.15511753564216249
decision_type=10 2 2 10 2 2 10
left_child=1 3 -3 -1 5 -5 -7
right_child=-2 2 -4 4 -6 6 -8
leaf_value=0.00016708271735112437 -0.00049014227961171621 -0.002408772641858617 6.1501880662076907e-05 -0.00091409336471672843 0.00019618986534811414 -2.4525143393885155e-05 0.00046208376570204264
leaf_weight=434 35 28 34 30 97 47 37
leaf_count=434 35 28 34 30 97 47 37
internal_value=0.000552561 0.000968883 -0.00387097 0.00143411 -0.000450237 -0.00333333 -0.000952381
internal_weight=742 707 62 645 211 114 84
internal_count=742 707 62 645 211 114 84
is_linear=0
shrinkage=0.05


Tree=23
num_leaves=8
num_cat=0
split_feature=9 14 4 2 14 14 12
split_gain=0.692973 1.04198 1.2104 0.444632 0.356563 0.560538 0.631218
threshold=-0.13856956093285736 0.066707247335420675 0.051677584366399729 0.099887443732747286 -0.091137781806863202 -0.056925165822572281 0.019260536210570115
decision_type=10 2 2 2 2 2 2
left_child=3 4 -3 -1 -2 -6 -7
right_child=1 2 -4 -5 5 6 -8
leaf_value=0.00054908970412894038 0.00050134643222334897 -6.9992137762041849e-05 -0.0017896892467567219 -4.9049304141810516e-05 -0.00040988427822919642 3.4049345920605974e-05 -2.0060912481635588e-05
leaf_weight=193 38 47 25 33 43 127 245
leaf_count=193 38 47 25 33 43 127 245
internal_value=0.000472703 -0.000523809 -0.00611111 0.00278761 0.000364239 -6.02408e-05 0.000564516
internal_weight=751 525 72 226 453 415 372
internal_count=751 525 72 226 453 415 372
is_linear=0
shrinkage=0.05


Tree=24
num_leaves=8
num_cat=0
split_feature=8 2 2 10 3 6 13
split_gain=0.716521 0.414771 1.09634 0.510108 1.04562 1.32611 0.736618
threshold=0.36330497392355948 0.037712489783377275 0.049214237819650293 0.0027132699597303138 0.0061349489825636159 0.6797307385012249 18.719999313354496
decision_type=10 2 2 2 2 2 2
left_child=1 -1 -3 4 -4 -6 -5
right_child=-2 2 3 6 5 -7 -8
leaf_value=8.5902711986354577e-05 -0.00045161444222066994 -0.00042170530566108333 0.000118749249533628 0.00021667935882320718 0.00046110095475579958 -0.00053691876088194875 -0.00023649024928853345
leaf_weight=353 34 31 140 107 27 32 25
leaf_count=353 34 31 140 107 27 32 25
internal_value=0.000327103 0.000664336 -0.000524862 0.000317221 -0.00128141 -0.00686441 0.00272727
internal_weight=749 715 362 331 199 59 132
internal_count=749 715 362 331 199 59 132
is_linear=0
shrinkage=0.05


Tree=25
num_leaves=8
num_cat=0
split_feature=8 14 9 10 10 9 1
split_gain=0.726169 0.473567 0.488526 0.482506 1.11189 0.609508 0.868069
threshold=0.36330497392355948 0.10370151545599839 0.50003774744214691 -0.0042544588401209329 -0.0027475813947746004 0.61380872394163222 0.033785830870587737
decision_type=10 2 8 2 2 10 2
left_child=1 3 -3 -1 -5 -6 -7
right_child=-2 2 -4 4 5 6 -8
leaf_value=0.000477359660113876 -0.00042903372010963652 -0.00055660485322009639 0.00041607169771216236 -0.00024931600336716654 0.00015680746884938306 -0.0004272103694834482 9.2724502806818955e-05
leaf_weight=111 34 31 27 46 433 26 49
leaf_count=111 34 31 27 46 433 26 49
internal_value=0.000376486 0.00071231 -0.00362069 0.00109023 0.000487365 0.00116142 -0.003
internal_weight=757 723 58 665 554 508 75
internal_count=757 723 58 665 554 508 75
is_linear=0
shrinkage=0.05


Tree=26
num_leaves=8
num_cat=0
split_feature=8 11 8 8 4 14 11
split_gain=0.907303 0.590972 0.552613 1.98609 0.618799 0.514223 0.696978
threshold=0.36330497392355948 -0.026323621770933166 0.11480647380468391 0.12863996771431732 0.030110183991964842 0.10370151545599839 0.01613839302739695
decision_type=10 2 10 10 2 2 2
left_child=1 -1 4 -4 -3 6 -6
right_child=-2 2 3 -5 5 -7 -8
leaf_value=-0.00071880690645859189 -0.00045117910400019058 0.00083599876258880321 -0.00016861619200934843 7.8264771726139151e-05 0.00013526793007771599 -0.00058075878357591402 -6.3445536887818532e-05
leaf_weight=45 30 115 26 152 255 28 86
leaf_count=45 30 115 26 152 255 28 86
internal_value=0.000183175 0.000544555 0.00092145 -0.00146067 0.00179752 0.000799458 0.00133431
internal_weight=737 707 662 178 484 369 341
internal_count=737 707 662 178 484 369 341
is_linear=0
shrinkage=0.05


Tree=27
num_leaves=8
num_cat=0
split_feature=10 15 12 15 9 11 4
split_gain=0.420287 0.500122 0.272081 0.601004 0.830247 0.834428 0.439358
threshold=0.0085213267487913597 0.013427311961582313 0.026873376718857592 0.0041393248587899842 0.17904030905243287 0.010672251689981873 0.032559126638193915
decision_type=2 2 2 2 10 2 2
left_child=1 2 6 4 -4 -6 -1
right_child=-2 -3 3 -5 5 -7 -8
leaf_value=0.0007140970445399077 0.000387077023263028 -8.5687341720038626e-05 2.5189414525774199e-05 0.00042660231849566549 -0.00034208762949127143 9.4191543090235531e-07 1.6198350285555759e-05
leaf_weight=87 119 45 90 72 35 33 268
leaf_count=87 119 45 90 72 35 33 268
internal_value=0.000594126 7.93653e-05 0.000470086 -0.000869565 -0.00259494 -0.00676471 0.00133803
internal_weight=749 630 585 230 158 68 355
internal_count=749 630 585 230 158 68 355
is_linear=0
shrinkage=0.05


Tree=28
num_leaves=8
num_cat=0
split_feature=4 4 6 5 2 0 0
split_gain=0.49744 0.40983 0.447977 0.757891 0.635839 0.541855 0.553178
threshold=0.033832332438776327 0.034554990792414447 0.20724959583461675 0.034324777764075519 0.23718621964809442 -0.021716707768640261 -0.012127920461259765
decision_type=2 2 2 2 2 2 2
left_child=-1 -2 5 4 -4 -3 -7
right_child=1 2 3 -5 -6 6 -8
leaf_value=0.00039502772143472072 -4.6303176348667352e-05 0.00022069809687079163 -0.00035633491324105123 -0.0016337093537061931 0.00058157484862158843 -0.0011177906484424059 1.205919108745767e-05
leaf_weight=257 26 68 94 32 50 31 206
leaf_count=257 26 68 94 32 50 31 206
internal_value=0.000484293 -0.000424063 -9.35549e-05 -0.00210227 -0.000555555 0.00106557 -6.3291e-05
internal_weight=764 507 481 176 144 305 237
internal_count=764 507 481 176 144 305 237
is_linear=0
shrinkage=0.05


Tree=29
num_leaves=8
num_cat=0
split_feature=8 8 5 9 6 9 15
split_gain=0.539806 1.9635 0.73006 0.495287 0.537634 0.426557 0.401344
threshold=0.11480647380468391 0.12863996771431732 0.034324777764075519 0.10198536289166006 -0.34736662308175709 -0.075227274026240784 0.004487147749397625
decision_type=10 10 2 8 2 10 2
left_child=3 -2 -3 4 -1 -6 -5
right_child=1 2 -4 6 5 -7 -8
leaf_value=0.00011847575391071071 -0.00019947895327723038 0.00011955949127247547 -0.0010784839756657724 4.2880330142801588e-05 -3.8029096824522349e-06 -0.0012888869151888487 0.00041263776486676176
leaf_weight=93 25 146 41 212 53 40 122
leaf_count=93 25 146 41 212 53 40 122
internal_value=0.000286885 -0.00183962 -8.02137e-05 0.00115385 -0.000913978 -0.00360215 0.00230539
internal_weight=732 212 187 520 186 93 334
internal_count=732 212 187 520 186 93 334
is_linear=0
shrinkage=0.05


Tree=30
num_leaves=8
num_cat=0
split_feature=9 9 16 13 13 12 14
split_gain=0.620074 0.757282 0.72803 0.588857 0.552488 0.565803 0.824198
threshold=-0.13856956093285736 0.031186260016320525 0.023066580964811737 18.564999580383304 21.134999275207523 0.026873376718857592 0.01016731697942619
decision_type=10 10 2 2 2 2 2
left_child=-1 2 3 -2 5 -3 -7
right_child=1 4 -4 -5 -6 6 -8
leaf_value=0.00034521656578394457 0.00015722429712208144 0.00010662426924782368 -0.0006365751166692409 -0.00036961408473765211 -0.00064579324529989756 0.00015777069005165937 -0.00012604118017021121
leaf_weight=219 41 186 32 47 32 128 53
leaf_count=219 41 186 32 47 32 128 53
internal_value=0.000257453 -0.000684008 -0.00416667 -0.00181818 0.000363409 0.000912807 -0.00107735
internal_weight=738 519 120 88 399 367 181
internal_count=738 519 120 88 399 367 181
is_linear=0
shrinkage=0.05


Tree=31
num_leaves=8
num_cat=0
split_feature=8 7 8 8 9 0 15
split_gain=0.531547 0.333492 0.958858 1.62255 0.716697 0.400204 0.572616
threshold=0.36330497392355948 0.11468915517291724 0.11480647380468391 0.13447813622777718 0.88089326167864057 0.040079200754028162 0.0049835347802413841
decision_type=10 2 10 10 8 2 2
left_child=1 2 5 -4 -5 6 -1
right_child=-2 -3 3 4 -6 -7 -8
leaf_value=2.6162617617189658e-05 -0.00026205302971041186 0.0003340896232672633 -0.00052391544986981644 0.00021167085012002763 -0.0003655020423449654 -0.00030067256600271885 0.00047915234939289553
leaf_weight=329 33 85 29 45 26 42 149
leaf_count=329 33 85 29 45 26 42 149
internal_value=0.000596206 0.000886525 0.000483871 -0.004 7.04227e-05 0.00134615 0.00175732
internal_weight=738 705 620 100 71 520 478
internal_count=738 705 620 100 71 520 478
is_linear=0
shrinkage=0.05


Tree=32
num_leaves=8
num_cat=0
split_feature=4 4 10 0 13 9 12
split_gain=0.46064 0.493965 0.430681 0.677497 0.386382 0.76674 0.456941
threshold=0.033832332438776327 0.034554990792414447 0.0011530203210341485 0.0013282981100617432 17.154999732971195 0.94637635037731394 0.016494758368500898
decision_type=2 2 2 2 2 10 2
left_child=2 -2 3 -1 -3 6 -6
right_child=1 4 -4 -5 5 -7 -8
leaf_value=0.00054147351309475158 -5.7334244484240189e-05 4.3930610303506437e-05 0.00055127579492348104 -0.00049021505199044559 -0.00028447880056846456 -0.00038015405472905159 0.00035415016172622959
leaf_weight=84 25 227 123 49 125 40 78
leaf_count=84 25 227 123 49 125 40 78
internal_value=0.000739015 -0.000151515 0.00246094 0.000488722 0.000212766 -0.00117284 7.38918e-05
internal_weight=751 495 256 133 470 243 203
internal_count=751 495 256 133 470 243 203
is_linear=0
shrinkage=0.05


Tree=33
num_leaves=8
num_cat=0
split_feature=11 16 15 11 12 16 9
split_gain=0.434602 1.54971 0.635562 0.539138 0.532818 0.482762 0.868707
threshold=0.01613839302739695 0.023066580964811737 0.001310786428904809 0.010167867285780898 0.034436805865122662 0.0033877881627464306 0.60009255065011202
decision_type=2 2 2 2 2 2 10
left_child=3 -2 -3 5 -4 -1 -7
right_child=1 2 4 -5 -6 6 -8
leaf_value=8.0697165036914219e-05 -0.00050736341767620378 -0.00050166586161852445 0.00043798236868583225 0.00049713200296237639 -2.3225482153046847e-05 8.2428638777740014e-06 -0.0003759626367090907
leaf_weight=331 25 33 69 109 42 107 32
leaf_count=331 25 33 69 109 42 107 32
internal_value=0.000721925 -0.00150888 0.000486111 0.00137306 0.0022973 0.000638298 -0.00183453
internal_weight=748 169 144 579 111 470 139
internal_count=748 169 144 579 111 470 139
is_linear=0
shrinkage=0.05


Tree=34
num_leaves=8
num_cat=0
split_feature=2 6 6 5 9 2 6
split_gain=0.622776 0.972526 1.08333 0.992825 0.480045 0.663947 0.441815
threshold=0.03446940026977597 -0.61251288071237298 -0.80558589333668984 0.034324777764075519 -0.055207579405306566 0.10542979888468297 0.62768795800870913
decision_type=2 2 2 2 10 2 2
left_child=6 2 -2 4 5 -3 -1
right_child=1 3 -4 -5 -6 -7 -8
leaf_value=0.00017303176566704933 -2.4333226596687886e-06 8.349779744877023e-05 -0.00049022690148281588 -0.0010537940585962538 0.00016711092233331516 -0.00033415955031494313 -9.1477432866444896e-05
leaf_weight=282 52 32 26 30 234 25 68
leaf_count=282 52 32 26 30 234 25 68
internal_value=0.000460614 -0.000889724 -0.00589744 0.000327103 0.00121993 -0.00289474 0.002
internal_weight=749 399 78 321 291 57 350
internal_count=749 399 78 321 291 57 350
is_linear=0
shrinkage=0.05


Tree=35
num_leaves=8
num_cat=0
split_feature=4 3 3 15 2 3 3
split_gain=0.630747 0.550452 1.68633 1.16255 1.14405 0.703605 0.805482
threshold=0.03296288492181746 0.015858519060640067 0.0057197901414527417 0.0088234670476906602 0.061514996580067212 -0.0033751849667057461 -0.0086154868570381109
decision_type=2 2 2 2 2 2 2
left_child=-1 2 5 4 -4 6 -2
right_child=1 -3 3 -5 -6 -7 -8
leaf_value=0.00036896782072713973 8.6345248302465863e-06 0.000168441012406555 0.00016476003902323621 -0.00052470435378483007 -0.0008709103887127017 0.00025576913082880979 -0.0006108921912906652
leaf_weight=215 159 134 28 25 32 99 61
leaf_count=215 159 134 28 25 32 99 61
internal_value=0.000152723 -0.000762082 -0.00168317 -0.00794118 -0.00416667 -1.56738e-05 -0.00159091
internal_weight=753 538 404 85 60 319 220
internal_count=753 538 404 85 60 319 220
is_linear=0
shrinkage=0.05


Tree=36
num_leaves=8
num_cat=0
split_feature=9 6 6 6 9 1 7
split_gain=0.466212 0.589364 0.438317 0.540304 0.46702 0.474298 0.498701
threshold=-0.13856956093285736 0.96492164830602312 2.5407091005832663 0.78183645485244968 0.031186260016320525 -0.010125824992850694 0.044171263474975582
decision_type=10 2 2 2 10 2 2
left_child=1 -1 3 4 5 -2 -7
right_child=2 -3 -4 -5 -6 6 -8
leaf_value=0.00035186411331672343 2.0107730642341038e-05 -0.0004167085434004638 -0.0011049510897982765 0.00021564711507620867 4.1023889121543069e-06 -0.00048834112733269538 -7.3268783108764213e-05
leaf_weight=186 42 36 26 111 294 27 28
leaf_count=186 42 36 26 111 294 27 28
internal_value=0.0006 0.00252252 -0.000208333 0.000119522 -0.000754476 -0.00376289 -0.00681818
internal_weight=750 222 528 502 391 97 55
internal_count=750 222 528 502 391 97 55
is_linear=0
shrinkage=0.05


Tree=37
num_leaves=8
num_cat=0
split_feature=11 11 3 3 2 2 10
split_gain=0.525052 0.328169 0.618196 1.14405 0.41515 0.58915 0.357921
threshold=-0.029337465505850421 -0.01368273436962064 -0.017287941101661538 -0.026591426451453789 0.03446940026977597 0.049214237819650293 0.0027132699597303138
decision_type=2 2 2 2 2 2 2
left_child=-1 -2 3 -3 -4 -6 -7
right_child=1 2 4 -5 5 6 -8
leaf_value=-0.0003148812944021372 0.00012558515351734654 0.0002209839453909114 0.00020001662182384628 -0.00094179083381741688 -0.00031304591241211919 -2.0964774562014396e-05 0.00016155715640378895
leaf_weight=34 90 28 243 32 30 160 141
leaf_count=34 90 28 243 32 30 160 141
internal_value=0.000778364 0.00106354 0.000662461 -0.00416667 0.00116725 1.51059e-05 0.000681063
internal_weight=758 724 634 60 574 331 301
internal_count=758 724 634 60 574 331 301
is_linear=0
shrinkage=0.05


Tree=38
num_leaves=8
num_cat=0
split_feature=10 9 6 11 11 9 11
split_gain=0.4898 0.448153 0.543949 0.367472 0.869483 0.625 0.374119
threshold=-0.013932246020769588 0.60009255065011202 -0.57695459232578739 0.01613839302739695 0.017946069561085468 0.016455300994290826 0.0033857375272920991
decision_type=2 10 2 2 2 8 2
left_child=-1 3 -3 6 -5 -6 -2
right_child=1 2 -4 4 5 -7 -8
leaf_value=-0.00044884781000869152 2.7318108690794742e-05 -0.0002744543672698707 1.2826463551360478e-05 -0.00052163523499141706 -0.0003544586388328063 0.00013101878562076337 0.00030531850151566949
leaf_weight=42 246 33 105 25 30 90 177
leaf_count=42 246 33 105 25 30 90 177
internal_value=0.000721925 0.00103399 -0.00152174 0.00165493 -0.000517241 0.00125 0.00239953
internal_weight=748 706 138 568 145 120 423
internal_count=748 706 138 568 145 120 423
is_linear=0
shrinkage=0.05


Tree=39
num_leaves=8
num_cat=0
split_feature=13 12 14 6 2 12 13
split_gain=0.472036 0.425477 0.632254 0.440098 0.933889 0.5 0.29034
threshold=25.010000228881839 0.034436805865122662 -0.041613677684134036 -0.60992259081965006 0.17951447474358531 0.04833072164899422 17.445000648498539
decision_type=2 2 2 2 2 2 2
left_child=1 6 -3 5 -5 -4 -1
right_child=-2 2 3 4 -6 -7 -8
leaf_value=0.00012129581889532411 -0.00099379612492415015 0.00065180717644995655 -0.00040744407870161231 0.00014434945428539402 -0.00016294992918768625 1.4176199077112011e-05 3.5722751964926631e-06
leaf_weight=293 36 39 25 75 45 25 199
leaf_count=293 36 39 25 75 45 25 199
internal_value=0.000861601 0.00114836 -0.000741627 -0.00205882 -0.000416666 -0.006 0.00195122
internal_weight=737 701 209 170 120 50 492
internal_count=737 701 209 170 120 50 492
is_linear=0
shrinkage=0.05


Tree=40
num_leaves=8
num_cat=0
split_feature=4 14 15 5 13 11 15
split_gain=0.521186 0.553171 0.819885 0.780541 0.584411 0.482042 0.525878
threshold=0.033999617845083471 -0.091137781806863202 0.011575901740801699 0.024286797287277149 23.604999542236332 -0.0087471822006088256 0.0074221094339218538
decision_type=2 2 2 2 2 2 2
left_child=-1 -2 4 -4 5 -3 -7
right_child=1 2 3 -5 -6 6 -8
leaf_value=0.00019738516827376686 0.00054965942916170864 0.00012079432679048668 -0.00012108000740759747 -0.00026546542915740617 -0.0010828817388319472 -2.1755508021843571e-05 0.00082846989241820788
leaf_weight=258 42 70 25 49 36 231 39
leaf_count=258 42 70 25 49 36 231 39
internal_value=0.000466667 -0.000487805 -0.001 -0.00581081 -5.31913e-05 0.000588235 -0.00037037
internal_weight=750 492 450 74 376 340 270
internal_count=750 492 450 74 376 340 270
is_linear=0
shrinkage=0.05


Tree=41
num_leaves=8
num_cat=0
split_feature=11 9 7 14 16 1 8
split_gain=0.735166 0.724115 0.659714 0.476614 0.626577 0.99256 0.859697
threshold=-0.026323621770933166 -0.13856956093285736 -0.063990020381907195 -0.0026760061162229838 -0.006196423996167654 0.051603958786384914 0.09210003622116282
decision_type=2 10 2 2 2 2 10
left_child=-1 -2 -3 -4 -5 6 -6
right_child=1 2 3 4 5 -7 -8
leaf_value=-0.0009992285220454776 0.00019254704179082205 -0.00058463665616084509 3.8857773392428574e-05 0.00046362816568776212 -2.1449723532825762e-05 8.2933006585278587e-05 -0.00023050996394743839
leaf_weight=40 201 33 265 72 39 70 32
leaf_count=40 201 33 265 72 39 70 32
internal_value=0.000345745 0.000716292 -0.000283757 0.000188285 -0.00157277 -0.00351064 -0.00767606
internal_weight=752 712 511 478 213 141 71
internal_count=752 712 511 478 213 141 71
is_linear=0
shrinkage=0.05


Tree=42
num_leaves=8
num_cat=0
split_feature=4 11 5 11 16 13 4
split_gain=0.581265 0.49091 0.988495 0.578934 0.742978 0.621683 0.571844
threshold=0.033999617845083471 0.017370539138914069 0.024286797287277149 0.0091428951508856233 0.0031845898083867623 23.265000343322757 0.04727959787439355
decision_type=2 2 2 2 2 2 2
left_child=-1 3 -3 4 5 -2 -6
right_child=1 2 -4 -5 6 -7 -8
leaf_value=0.00017383369768779152 5.655543040011487e-05 -0.00010535731421559797 3.3222771234256357e-05 0.00012835075067486496 -0.00020438036033980771 -0.0011170746423392816 -8.2459969942354872e-05
leaf_weight=261 188 40 54 94 37 45 34
leaf_count=261 188 40 54 94 37 45 34
internal_value=0.000219124 -0.000792683 -0.00404255 -2.51254e-05 -0.00108553 0.00027897 -0.00556338
internal_weight=753 492 94 398 304 233 71
internal_count=753 492 94 398 304 233 71
is_linear=0
shrinkage=0.05


Tree=43
num_leaves=8
num_cat=0
split_feature=9 14 4 7 8 8 6
split_gain=0.430187 0.673214 0.858547 0.642424 1.05681 1.02516 0.613707
threshold=-0.14377726074054656 0.066707247335420675 0.052993263910504879 0.10371472911378889 0.11480647380468391 0.15368516794968304 0.96492164830602312
decision_type=10 2 2 2 10 10 2
left_child=6 3 -3 4 -2 -6 -1
right_child=1 2 -4 -5 5 -7 -8
leaf_value=0.00029352988649440214 2.4571606110734738e-05 1.2383344755670687e-06 -0.0014211791283220993 0.00024110050133232969 -8.8174004338119165e-05 2.270403439126208e-05 -0.00045473197181789465
leaf_weight=185 260 46 27 119 31 43 35
leaf_count=185 260 46 27 119 31 43 35
internal_value=0.000643432 -0.00013308 -0.00458904 0.000584989 -0.000538922 -0.00581081 0.0025
internal_weight=746 526 73 453 334 74 220
internal_count=746 526 73 453 334 74 220
is_linear=0
shrinkage=0.05


Tree=44
num_leaves=8
num_cat=0
split_feature=11 16 2 6 1 2 16
split_gain=0.467125 0.794315 0.658526 0.531513 2.07351 0.500928 0.509697
threshold=0.01613839302739695 0.023066580964811737 0.11332706144035033 -0.54063660303649519 0.027520123225289631 0.02946347545928785 -0.0042328259545448823
decision_type=2 2 2 2 2 2 2
left_child=3 -2 -3 4 5 -1 -7
right_child=1 2 -4 -5 -6 6 -8
leaf_value=0.00033002397157230978 -0.00037208180096361712 0.00018264551781606709 -8.2676105352630326e-05 0.00012878853141054238 -0.00042130483852538878 -0.00040978731096247837 7.3798380332208726e-06
leaf_weight=86 27 97 49 391 35 30 25
leaf_count=86 27 97 49 391 35 30 25
internal_value=0.000337838 -0.00193642 -0.000479452 0.00103175 -0.00125 0.0014539 -0.00227273
internal_weight=740 173 146 567 176 141 55
internal_count=740 173 146 567 176 141 55
is_linear=0
shrinkage=0.05


Tree=45
num_leaves=8
num_cat=0
split_feature=16 12 9 5 14 12 11
split_gain=0.478973 0.676862 0.54664 0.517947 0.570013 0.392045 0.286302
threshold=0.037289661347420407 0.011040708270440904 0.031186260016320525 0.033398936715960968 -0.033937801347731548 -0.049048441539310476 -0.007196249019797262
decision_type=2 2 10 2 2 2 2
left_child=3 -2 -3 5 -5 -1 -7
right_child=1 2 -4 4 -6 6 -8
leaf_value=-0.00046786913121114643 0.00066574399504102635 -0.00033274510712336743 -1.7510553532334535e-05 -0.0006554227166605096 2.3331289430325356e-05 0.00025156834706995364 1.6172852501156395e-05
leaf_weight=27 34 34 47 25 44 136 399
leaf_count=27 34 34 47 25 44 136 399
internal_value=0.000576408 -0.0023913 -0.00487654 0.00111727 -0.00297101 0.00161922 0.00191589
internal_weight=746 115 81 631 69 562 535
internal_count=746 115 81 631 69 562 535
is_linear=0
shrinkage=0.05


Tree=46
num_leaves=8
num_cat=0
split_feature=8 8 14 5 0 1 8
split_gain=0.617073 0.438785 0.325154 0.404241 0.336689 0.609904 1.88781
threshold=0.36330497392355948 -0.13095832138353816 -0.042370343814534299 0.030579284769222951 -0.0014011744583164452 0.052970921313606152 0.11480647380468391
decision_type=10 8 2 2 2 2 10
left_child=1 -1 3 -3 -4 6 -6
right_child=-2 2 4 -5 5 -7 -8
leaf_value=-0.00078702442870514039 -0.00014232374575778715 0.00052744371792066362 1.4573362518126938e-05 -0.00017600708258738241 2.4904566624841954e-05 0.00018136877802193041 -0.00054656917854135586
leaf_weight=47 32 112 277 31 122 102 25
leaf_count=47 32 112 277 31 122 102 25
internal_value=0.000855615 0.00115922 0.00148729 0.0036014 0.000912548 -0.000421687 -0.00248299
internal_weight=748 716 669 143 526 249 147
internal_count=748 716 669 143 526 249 147
is_linear=0
shrinkage=0.05


Tree=47
num_leaves=8
num_cat=0
split_feature=14 9 0 7 9 1 0
split_gain=0.425921 0.650656 0.398536 1.05057 0.432174 0.761656 0.357593
threshold=0.10157519013318318 -0.10170286948078892 0.037794036486475176 0.024446045775303297 0.76829150546897929 0.053942438804458488 0.013511077985737365
decision_type=2 10 2 2 10 2 2
left_child=2 -2 4 -4 6 -6 -1
right_child=1 -3 3 -5 5 -7 -8
leaf_value=1.3889637535809491e-05 0.00078518769486957444 -0.00076749195546389293 -0.00037761425828694741 0.00022857618445034749 -0.00024977683562175403 5.3581781990391299e-05 0.00041230149308118022
leaf_weight=393 25 36 26 79 25 37 118
leaf_count=393 25 36 26 79 25 37 118
internal_value=0.000805142 -0.00319672 0.00116519 -0.00166667 0.00168412 -0.00225806 0.00216243
internal_weight=739 61 678 105 573 62 511
internal_count=739 61 678 105 573 62 511
is_linear=0
shrinkage=0.05


end of trees

feature_importances:
dist_ma50=43
dist_ma200=36
atr_pct=25
dvol_z_20=25
spy_ret_5d=23
vix_level=22
vix_chg_1d=20
parkinson_20=19
spy_ret_20d=19
ret_20d=18
overnight_gap=16
sector_ret_5d=15
sector_ret_1d=14
ret_1d=12
dist_ma20=10
spy_ret_1d=10
ret_5d=9

parameters:
[boosting: gbdt]
[objective: quantile]
[metric: quantile]
[tree_learner: serial]
[device_type: cpu]
[data_sample_strategy: bagging]
[data: ]
[valid: ]
[num_iterations: 80]
[learning_rate: 0.05]
[num_leaves: 8]
[num_threads: 1]
[seed: 0]
[deterministic: 0]
[force_col_wise: 1]
[force_row_wise: 0]
[histogram_pool_size: -1]
[max_depth: -1]
[min_data_in_leaf: 25]
[min_sum_hessian_in_leaf: 0.001]
[bagging_fraction: 0.9]
[pos_bagging_fraction: 1]
[neg_bagging_fraction: 1]
[bagging_freq: 1]
[bagging_seed: 3]
[bagging_by_query: 0]
[feature_fraction: 0.9]
[feature_fraction_bynode: 1]
[feature_fraction_seed: 2]
[extra_trees: 0]
[extra_seed: 6]
[early_stopping_round: 0]
[early_stopping_min_delta: 0]
[first_metric_only: 0]
[max_delta_step: 0]
[lambda_l1: 0]
[lambda_l2: 0]
[linear_lambda: 0]
[min_gain_to_split: 0]
[drop_rate: 0.1]
[max_drop: 50]
[skip_drop: 0.5]
[xgboost_dart_mode: 0]
[uniform_drop: 0]
[drop_seed: 4]
[top_rate: 0.2]
[other_rate: 0.1]
[min_data_per_group: 100]
[max_cat_threshold: 32]
[cat_l2: 10]
[cat_smooth: 10]
[max_cat_to_onehot: 4]
[top_k: 20]
[monotone_constraints: ]
[monotone_constraints_method: basic]
[monotone_penalty: 0]
[feature_contri: ]
[forcedsplits_filename: ]
[refit_decay_rate: 0.9]
[cegb_tradeoff: 1]
[cegb_penalty_split: 0]
[cegb_penalty_feature_lazy: ]
[cegb_penalty_feature_coupled: ]
[path_smooth: 0]
[interaction_constraints: ]
[verbosity: -1]
[saved_feature_importance_type: 0]
[use_quantized_grad: 0]
[num_grad_quant_bins: 4]
[quant_train_renew_leaf: 0]
[stochastic_rounding: 1]
[linear_tree: 0]
[max_bin: 255]
[max_bin_by_feature: ]
[min_data_in_bin: 3]
[bin_construct_sample_cnt: 200000]
[data_random_seed: 1]
[is_enable_sparse: 1]
[enable_bundle: 1]
[use_missing: 1]
[zero_as_missing: 0]
[feature_pre_filter: 1]
[pre_partition: 0]
[two_round: 0]
[header: 0]
[label_column: ]
[weight_column: ]
[group_column: ]
[ignore_column: ]
[categorical_feature: ]
[forcedbins_filename: ]
[precise_float_parser: 0]
[parser_config_file: ]
[objective_seed: 5]
[num_class: 1]
[is_unbalance: 0]
[scale_pos_weight: 1]
[sigmoid: 1]
[boost_from_average: 1]
[reg_sqrt: 0]
[alpha: 0.1]
[fair_c: 1]
[poisson_max_delta_step: 0.7]
[tweedie_variance_power: 1.5]
[lambdarank_truncation_level: 30]
[lambdarank_norm: 1]
[label_gain: ]
[lambdarank_position_bias_regularization: 0]
[eval_at: ]
[multi_error_top_k: 1]
[auc_mu_weights: ]
[num_machines: 1]
[local_listen_port: 12400]
[time_out: 120]
[machine_list_filename: ]
[machines: ]
[gpu_platform_id: -1]
[gpu_device_id: -1]
[gpu_device_id_list: ]
[gpu_use_dp: 0]
[num_gpu: 1]

end of parameters

pandas_categorical:[]
