tree
version=v4
num_class=1
num_tree_per_iteration=1
label_index=0
max_feature_idx=16
objective=quantile
feature_names=ret_1d ret_5d ret_20d overnight_gap atr_pct parkinson_20 dvol_z_20 dist_ma20 dist_ma50 dist_ma200 spy_ret_1d spy_ret_5d spy_ret_20d vix_level vix_chg_1d sector_ret_1d sector_ret_5d
feature_infos=[-0.17867864840576009:0.19129241962663301] [-0.29323310307405537:0.25542403038515404] [-0.3386589368775802:0.43964023353706105] [-0.083633630967552719:0.1474179080767648] [0.024071548130813022:0.10937798322876667] [0.015135382774267512:0.055928099943624028] [-1.9879931998635276:4.0967505130743778] [-0.29509792114995803:0.21578547916990454] [-0.33396492272023814:0.36691373945628492] [-0.43901271119799279:1.1183610891430047] [-0.058542971330535654:0.10501930183911301] [-0.11496151859245618:0.082843162776128354] [-0.1226559005192206:0.15756591020035837] [11.859999656677246:52.330001831054688] [-0.35753873962348437:0.74039073966007019] [-0.062590328153952823:0.087383947576493481] [-0.13939752008440254:0.088326450578892102]
tree_sizes=827 853 856 854 856 859 860 864 859 858 858 860 858 865 860 859 862 862 861

Tree=0
num_leaves=8
num_cat=0
split_feature=5 6 9 12 1 14 15
split_gain=1.26266 1.64386 1.66411 1.09104 0.640541 0.490968 0.792236
threshold=0.02900125338072812 -0.16192773713293129 -0.31992690960367764 -0.0080596429832442956 0.039411633868424507 -0.01262073301810107 -0.0036678170506856396
decision_type=2 2 8 2 2 2 2
left_child=5 -2 -3 -4 -5 6 -1
right_child=1 2 3 4 -6 -7 -8
leaf_value=0.063124527933734506 0.061740096479203352 0.063881620002304199 0.061689289793314429 0.063534810716535259 0.063058141407261473 0.061396178885937937 0.06185904370717079
leaf_weight=26 146 29 26 28 43 269 171
leaf_count=26 146 29 26 28 43 269 171
internal_value=0.0620318 0.0647389 0.0689231 0.0657812 0.0689901 0.0604518 0.0623482
internal_weight=738 272 126 97 71 466 197
internal_count=738 272 126 97 71 466 197
is_linear=0
shrinkage=1


Tree=1
num_leaves=8
num_cat=0
split_feature=8 14 14 5 7 7 13
split_gain=1.36299 0.791306 0.887798 1.46598 0.772296 1.19306 1.95201
threshold=-0.2160918795276878 -0.011313380079801037 -0.022227674526148929 0.027117274785274727 -0.028104526602455434 0.027780442754788529 17.204999923706058
decision_type=8 2 2 2 2 2 2
left_child=-1 2 4 -4 -2 6 -6
right_child=1 -3 3 -5 5 -7 -8
leaf_value=0.001649641471509104 -0.00055857861520303912 -0.00040535846427848608 -0.00082296700574257262 0.0013305639713499203 0.0011152009572371912 -0.00054551899876404515 -0.00010739029940787611
leaf_weight=29 85 389 28 31 30 98 35
leaf_count=29 85 389 28 31 30 98 35
internal_value=-0.000103449 -0.000545978 0.00135179 0.00686441 4.03214e-05 0.00205521 0.00730769
internal_weight=725 696 307 59 248 163 65
internal_count=725 696 307 59 248 163 65
is_linear=0
shrinkage=0.05


Tree=2
num_leaves=8
num_cat=0
split_feature=5 12 7 14 5 6 8
split_gain=1.52444 1.21034 1.48877 1.28829 1.24327 0.605021 0.358437
threshold=0.029035812539825016 0.0094949334570126904 -0.024920246847641544 0.015475858309964676 0.031777367368780514 0.23106885156369467 -0.054665519808633316
decision_type=2 2 2 2 2 2 10
left_child=6 5 -3 4 -4 -2 -1
right_child=1 2 3 -5 -6 -7 -8
leaf_value=-0.00068953031385328141 -0.0004939760147605357 0.0017323062793945182 0.0016261145746931883 -0.00081003599976872816 -0.00024713936809937873 0.001293787727552839 -0.00017830752424090985
leaf_weight=233 84 25 45 40 37 37 234
leaf_count=233 84 25 45 40 37 37 234
internal_value=-0.000170069 0.00283582 0.00588435 0.00360656 0.00719512 -0.00086777 -0.00189508
internal_weight=735 268 147 122 82 121 467
internal_count=735 268 147 122 82 121 467
is_linear=0
shrinkage=0.05


Tree=3
num_leaves=8
num_cat=0
split_feature=4 12 12 14 10 13 14
split_gain=0.998569 1.03707 1.40857 0.486464 1.02147 1.0449 0.411429
threshold=0.048461309702101642 0.0094949334570126904 0.01609265809314964 0.034598532642722286 -3.2316766858164751e-05 16.644999504089359 -0.035621573523768706
decision_type=2 2 2 2 2 2 2
left_child=-1 -2 -3 4 -4 6 -6
right_child=1 2 3 -5 5 -7 -8
leaf_value=-0.00056689615846819701 -0.00033025800122955416 0.001645690965424792 0.00059730094558941541 -0.00075298194872689967 0.00091260015319752157 0.0010490629595220108 -0.001078179309865308
leaf_weight=400 149 25 30 31 25 28 45
leaf_count=400 149 25 30 31 25 28 45
internal_value=-0.000566168 0.00145646 0.00396739 0.0022327 0.00359375 0.00112245 -0.00214286
internal_weight=733 333 184 159 128 98 70
internal_count=733 333 184 159 128 98 70
is_linear=0
shrinkage=0.05


Tree=4
num_leaves=8
num_cat=0
split_feature=8 4 15 15 2 5 2
split_gain=1.05535 0.607332 0.751946 1.21753 1.28242 0.850373 0.339944
threshold=-0.2160918795276878 0.048461309702101642 0.007721268455406217 0.0025612588707506494 0.056271569680333762 0.027213852655143093 0.1141205468314609
decision_type=8 2 2 2 2 2 2
left_child=-1 6 3 5 -5 -3 -2
right_child=1 2 -4 4 -6 -7 -8
leaf_value=0.0012118493318559625 -0.00083679465799094295 0.0004164301314827519 -0.00053845996357492734 0.00030217847989272664 0.0015691381369553972 -0.00028752278029547018 0.00024519310576113785
leaf_weight=29 305 26 74 30 25 150 92
leaf_count=29 305 26 74 30 25 150 92
internal_value=-0.000554037 -0.000940172 0.000737704 0.00214286 0.00863636 0.000113635 -0.00222922
internal_weight=731 702 305 231 55 176 397
internal_count=731 702 305 231 55 176 397
is_linear=0
shrinkage=0.05


Tree=5
num_leaves=8
num_cat=0
split_feature=9 8 9 15 4 8 6
split_gain=1.29576 0.557019 0.838221 0.936312 0.834427 0.811055 0.808074
threshold=-0.36485467100488272 -0.0049695861514825182 0.54023537631114904 -0.0086036169174609749 0.053218131453406287 0.10103665278332698 1.777937748093368
decision_type=8 10 8 2 2 10 2
left_child=-1 6 3 -3 -5 -6 -2
right_child=1 2 -4 4 5 -7 -8
leaf_value=0.0013324181049842205 -0.0005815511273413068 0.0015356956794071088 -0.00056125987564128663 -0.00037576410647412119 0.00049770180293303302 0.0013260107036528925 0.00047990187137287069
leaf_weight=25 335 37 110 136 33 25 26
leaf_count=25 335 37 110 136 33 25 26
internal_value=-0.000185696 -0.000584047 0.000865101 0.00257576 0.00118557 0.0062069 -0.00195291
internal_weight=727 702 341 231 194 58 361
internal_count=727 702 341 231 194 58 361
is_linear=0
shrinkage=0.05


Tree=6
num_leaves=8
num_cat=0
split_feature=2 9 9 14 0 0 12
split_gain=0.75566 0.791495 0.920759 0.814209 0.668424 1.09565 1.41589
threshold=-0.22364778665818888 -0.05722068924329176 0.54023537631114904 -0.0081420083322292763 0.0020027612012446521 0.012759314789638989 0.02335237233159904
decision_type=2 10 10 2 2 2 2
left_child=-1 4 3 -3 -2 6 -6
right_child=1 2 -4 -5 5 -7 -8
leaf_value=0.001412495335545923 -0.00075449228112284446 0.0012627803735047497 -0.00041269894505300658 0.00027161247326367392 -0.00082792292261511802 -0.00017557588297815237 0.0012683369757069364
leaf_weight=32 279 55 70 64 34 156 42
leaf_count=32 279 55 70 64 34 156 42
internal_value=-1.36624e-05 -0.000357144 0.00240741 0.00508403 -0.00137965 0.000603447 0.00552631
internal_weight=732 700 189 119 511 232 76
internal_count=732 700 189 119 511 232 76
is_linear=0
shrinkage=0.05


Tree=7
num_leaves=8
num_cat=0
split_feature=5 6 7 14 9 9 3
split_gain=1.03157 0.946453 0.713589 0.986617 0.447209 0.700299 0.346925
threshold=0.029035812539825016 -0.20934910482145189 0.029429804766507698 -0.0049345356588886271 -0.22145794965051688 -0.18286974958563337 -0.0059536058162212848
decision_type=2 2 2 2 10 10 2
left_child=4 6 3 -3 -1 -6 -2
right_child=1 2 -4 -5 5 -7 -8
leaf_value=-0.00067021439659905278 -0.00054687003862426392 0.0012902244086228313 0.00065466690729785483 0.0014716549981539375 0.00083967799093031018 -0.00043387715713484278 0.00035877655405483965
leaf_weight=263 47 25 60 38 34 167 95
leaf_count=263 47 25 60 38 34 167 95
internal_value=-0.000130317 0.00235849 0.0055691 0.00928571 -0.00155173 0.000223879 -0.000422536
internal_weight=729 265 123 63 464 201 142
internal_count=729 265 123 63 464 201 142
is_linear=0
shrinkage=0.05


Tree=8
num_leaves=8
num_cat=0
split_feature=9 9 2 3 1 0 15
split_gain=0.888769 0.894315 0.942308 0.750015 0.494858 0.75506 0.804296
threshold=0.54023537631114904 0.20837201876652847 0.080422455795602157 -0.029994091942272479 0.045739569487734506 0.0020027612012446521 -0.0033349691019413093
decision_type=8 10 2 2 2 2 2
left_child=1 3 -3 -1 5 -5 -7
right_child=-2 2 -4 4 -6 6 -8
leaf_value=0.00088757415501468774 -0.00048896361732611137 0.00025350469155500878 0.0014476780540387526 -0.00040253257079330405 -0.00066211593829190122 0.0010353643501272436 0.00013973541962851031
leaf_weight=25 247 26 26 186 112 27 107
leaf_count=25 247 26 26 186 112 27 107
internal_value=9.25914e-05 0.00128684 0.0075 0.000579868 9.25914e-05 0.00109375 0.00395522
internal_weight=756 509 52 457 432 320 134
internal_count=756 509 52 457 432 320 134
is_linear=0
shrinkage=0.05


Tree=9
num_leaves=8
num_cat=0
split_feature=8 13 8 7 13 14 3
split_gain=0.782435 0.634777 0.803641 0.778655 1.72437 1.38889 1.25366
threshold=-0.21302989224048988 14.340000152587892 -0.054665519808633316 0.056984521536013973 17.050000190734867 0.0064501536781338418 0.002294027592190107
decision_type=8 2 10 2 2 2 2
left_child=-1 -2 -3 4 5 6 -4
right_child=1 2 3 -5 -6 -7 -8
leaf_value=0.00086680510030343191 -0.00090920989851858518 -0.00037237425811149536 0.0011620590134552918 -0.00029233133843697024 -3.117901856228319e-07 -0.00019701682575114265 0.0010611995967260278
leaf_weight=31 167 224 28 128 100 27 26
leaf_count=31 167 224 28 128 100 27 26
internal_value=0.000129958 -0.000214287 0.000628517 0.00228155 0.00439226 0.00981481 0.0144444
internal_weight=731 700 533 309 181 81 54
internal_count=731 700 533 309 181 81 54
is_linear=0
shrinkage=0.05


Tree=10
num_leaves=8
num_cat=0
split_feature=8 9 8 2 2 3 6
split_gain=1.12359 0.619496 0.59499 1.53399 0.715892 1.46997 0.494256
threshold=-0.18291682298794035 0.54023537631114904 -0.014745633177214999 -0.010866583811979856 0.1141205468314609 -0.0058076084738155056 0.87545445786336118
decision_type=8 8 10 2 2 2 2
left_child=-1 2 6 -4 -5 -6 -2
right_child=1 -3 3 4 5 -7 -8
leaf_value=0.00086699155424014803 -0.00055388844349175688 -0.00052203759045132525 0.0013064529046193357 -0.00017904310131855396 0.0014338162640011257 -9.0429252406037529e-05 0.00020458256721882055
leaf_weight=48 174 238 31 121 26 67 40
leaf_count=48 174 238 31 121 26 67 40
internal_value=0.00010067 -0.000408896 0.000664487 0.00234694 0.00084112 0.00413978 -0.00126168
internal_weight=745 697 459 245 214 93 214
internal_count=745 697 459 245 214 93 214
is_linear=0
shrinkage=0.05


Tree=11
num_leaves=8
num_cat=0
split_feature=9 6 1 1 5 15 9
split_gain=0.762049 1.096 0.532123 0.767959 1.05492 0.483536 0.454887
threshold=-0.28723375733209922 0.073999578920061246 -0.025937451075355774 -0.003363188124002769 0.028504688416641003 -0.0091039558533638192 -0.32547730630569521
decision_type=8 2 2 2 2 2 10
left_child=1 6 -2 4 -4 -5 -1
right_child=2 -3 3 5 -6 -7 -8
leaf_value=-0.00065644305372419484 -0.00063797038196336813 0.00085668560348103353 -0.00018395274275974382 0.0010453714653368075 0.0010574008341648171 -0.00031395814145691392 0.0013192071136848527
leaf_weight=38 213 43 49 43 33 290 25
leaf_count=38 213 43 49 43 33 290 25
internal_value=4.08707e-05 0.00396226 -0.00062102 0.000421686 0.0047561 -0.000645647 -0.000238096
internal_weight=734 106 628 415 82 333 63
internal_count=734 106 628 415 82 333 63
is_linear=0
shrinkage=0.05


Tree=12
num_leaves=8
num_cat=0
split_feature=8 9 2 2 1 11 8
split_gain=0.79808 0.569951 0.658809 0.909148 0.631257 0.527011 0.619812
threshold=-0.2160918795276878 0.75298485156558415 0.11302369965986304 0.14201617651555867 0.029160203893127793 0.01196305437964529 -0.0049695861514825182
decision_type=8 8 2 2 2 2 10
left_child=-1 2 5 -4 -5 -2 -7
right_child=1 -3 3 4 -6 6 -8
leaf_value=0.0012630699938366735 -0.00013683903827472259 -0.00043528590815827031 0.0011989553232400793 0.0010640443149880488 -0.0010059015799068042 -0.00028030584217907882 0.00064945983529307366
leaf_weight=26 278 185 36 30 56 68 41
leaf_count=26 278 185 36 30 56 68 41
internal_value=-0.00013889 -0.000461096 0.000402749 0.00360656 0.000813952 -0.000607236 0.00233945
internal_weight=720 694 509 122 86 387 109
internal_count=720 694 509 122 86 387 109
is_linear=0
shrinkage=0.05


Tree=13
num_leaves=8
num_cat=0
split_feature=3 2 2 2 4 10 14
split_gain=0.826448 0.601182 0.42974 1.02738 0.599217 0.363919 0.646953
threshold=-0.034883669145132017 -0.22732227684571013 0.1141205468314609 0.13870104432162503 0.052121888672418452 0.0010681623083543814 0.0064501536781338418
decision_type=2 2 2 2 2 2 2
left_child=-1 -2 5 -4 -5 6 -3
right_child=1 2 3 4 -6 -7 -8
leaf_value=0.0010207976199020307 0.0010639647556928836 0.0004014679997180041 0.00076368527056637145 -0.00055495400938357505 0.00093488888542958126 -0.00029890717569434915 -0.00050740120505612105
leaf_weight=26 25 93 42 75 39 247 186
leaf_count=26 25 93 42 75 39 247 186
internal_value=-0.000293316 -0.000615277 -0.000894429 0.00141026 -0.00105263 -0.00157795 -0.000340503
internal_weight=733 707 682 156 114 526 279
internal_count=733 707 682 156 114 526 279
is_linear=0
shrinkage=0.05


Tree=14
num_leaves=8
num_cat=0
split_feature=5 12 12 5 14 13 13
split_gain=0.809029 1.0068 1.23793 0.823088 1.06209 0.490695 0.704065
threshold=0.029035812539825016 0.0094949334570126904 0.017813200089154994 0.032339386940027144 -0.0092975524944055015 18.365000724792484 14.870000362396242
decision_type=2 2 2 2 2 2 2
left_child=5 -2 -3 4 -4 6 -1
right_child=1 2 3 -5 -6 -7 -8
leaf_value=-0.00073254554769812061 -0.00028032076774634987 0.0013186519484318752 0.0015208030246984133 -0.0004980853467839632 0.00011282634221002801 -0.00072381143083429563 0.00031546357085602736
leaf_weight=161 112 25 34 51 37 117 187
leaf_count=161 112 25 34 51 37 117 187
internal_value=-9.66863e-05 0.00214286 0.00486394 0.00278688 0.0062676 -0.00134409 -0.0004023
internal_weight=724 259 147 122 71 465 348
internal_count=724 259 147 122 71 465 348
is_linear=0
shrinkage=0.05


Tree=15
num_leaves=8
num_cat=0
split_feature=9 16 13 13 8 1 11
split_gain=0.52212 1.0107 0.576238 0.770483 0.696329 1.13163 2.01399
threshold=-0.31278936043615435 0.0015496516802087081 14.605000019073488 20.335000038146976 -0.054665519808633316 0.0503528909556702 0.015185778563904908
decision_type=8 2 2 2 10 2 2
left_child=1 -1 -2 4 -4 6 -6
right_child=2 -3 3 -5 5 -7 -8
leaf_value=0.0013497056283364786 -0.00085432203111668206 -7.3186307897543955e-05 -0.00040447540944392408 -0.00055748757718080951 0.00030417445298743266 -0.00023714415974566234 0.0016273052311960479
leaf_weight=33 161 51 140 97 117 99 26
leaf_count=33 161 51 140 97 117 99 26
internal_value=-0.000372929 0.00333333 -0.000859376 1.04372e-05 0.00102094 0.00264463 0.00548951
internal_weight=724 84 640 479 382 242 143
internal_count=724 84 640 479 382 242 143
is_linear=0
shrinkage=0.05


Tree=16
num_leaves=8
num_cat=0
split_feature=16 8 0 0 2 11 2
split_gain=0.546726 0.540253 0.748504 1.03206 1.02627 1.40748 0.543191
threshold=0.034425463770172977 -0.12192724823937816 0.00094985843984074514 0.016995239219999906 0.11966115320074767 0.011568828038764136 -0.049369618480324999
decision_type=2 10 2 2 2 2 2
left_child=1 -1 -3 4 5 -4 -5
right_child=-2 2 3 6 -6 -7 -8
leaf_value=-0.00022143870350327472 -0.00024202475386438614 -0.00029369716949524915 -0.00033147695395565951 0.00033496406866353177 0.0010534648680052892 0.00078506616680043464 -8.2412399026027874e-05
leaf_weight=168 56 259 46 25 31 25 127
leaf_count=168 56 259 46 25 31 25 127
internal_value=-0.000251019 0.0001395 0.000945418 0.00287401 0.0067647 0.0034507 0.000263157
internal_weight=737 681 513 254 102 71 152
internal_count=737 681 513 254 102 71 152
is_linear=0
shrinkage=0.05


Tree=17
num_leaves=8
num_cat=0
split_feature=9 6 5 10 14 3 8
split_gain=0.862375 0.644317 1.28827 1.18667 0.65065 0.816065 0.619207
threshold=0.54023537631114904 0.053058577442113113 0.029785534442000723 0.0032637883634802915 -0.01645331830647578 0.004885771970585929 -0.052099295577559206
decision_type=8 2 2 2 2 2 10
left_child=1 6 4 -4 5 -3 -1
right_child=-2 2 3 -5 -6 -7 -8
leaf_value=-0.00052361025931379015 -0.00042504890401422971 0.00050530310273430785 0.0012463427191998179 0.0003959906881720219 -0.00042433831163045214 -0.00055655999408243202 0.00029633723546676396
leaf_weight=122 235 25 31 29 71 28 194
leaf_count=122 235 25 31 29 71 28 194
internal_value=-0.000374151 0.000799999 0.00315217 0.00916667 0.000241934 0.00443396 -0.000569621
internal_weight=735 500 184 60 124 53 316
internal_count=735 500 184 60 124 53 316
is_linear=0
shrinkage=0.05


Tree=18
num_leaves=8
num_cat=0
split_feature=6 9 12 1 2 1 4
split_gain=0.568096 0.614033 0.548871 0.54015 1.10542 0.809998 1.14976
threshold=-0.72494385265082295 0.84024505703689956 0.06005823138399214 -0.025937451075355774 -0.19663846243689612 0.033044719079677105 0.045294147717632544
decision_type=2 8 2 2 2 2 2
left_child=-1 2 3 4 -2 6 -5
right_child=1 -3 -4 5 -6 -7 -8
leaf_value=-0.00052851825370310492 0.0011044919606428951 -0.00033168879357860372 -0.00093489328013693525 0.0010742547828753977 -0.00017957108750870341 0.0002824162375717031 0.0004062406053529192
leaf_weight=171 25 141 32 38 122 127 77
leaf_count=171 25 141 32 38 122 127 77
internal_value=-0.000429742 0.000338077 0.00129454 0.00181234 -0.000578232 0.00326446 0.00630435
internal_weight=733 562 421 389 147 242 115
internal_count=733 562 421 389 147 242 115
is_linear=0
shrinkage=0.05


end of trees

feature_importances:
dist_ma200=16
ret_20d=14
dist_ma50=14
vix_chg_1d=12
parkinson_20=10
ret_5d=8
dvol_z_20=8
spy_ret_20d=8
vix_level=8
overnight_gap=6
sector_ret_1d=6
ret_1d=5
atr_pct=5
dist_ma20=5
spy_ret_1d=3
spy_ret_5d=3
sector_ret_5d=2

parameters:
[boosting: gbdt]
[objective: quantile]
[metric: quantile]
[tree_learner: serial]
[device_type: cpu]
[data_sample_strategy: bagging]
[data: ]
[valid: ]
[num_iterations: 80]
[learning_rate: 0.05]
[num_leaves: 8]
[num_threads: 1]
[seed: 0]
[deterministic: 0]
[force_col_wise: 1]
[force_row_wise: 0]
[histogram_pool_size: -1]
[max_depth: -1]
[min_data_in_leaf: 25]
[min_sum_hessian_in_leaf: 0.001]
[bagging_fraction: 0.9]
[pos_bagging_fraction: 1]
[neg_bagging_fraction: 1]
[bagging_freq: 1]
[bagging_seed: 3]
[bagging_by_query: 0]
[feature_fraction: 0.9]
[feature_fraction_bynode: 1]
[feature_fraction_seed: 2]
[extra_trees: 0]
[extra_seed: 6]
[early_stopping_round: 0]
[early_stopping_min_delta: 0]
[first_metric_only: 0]
[max_delta_step: 0]
[lambda_l1: 0]
[lambda_l2: 0]
[linear_lambda: 0]
[min_gain_to_split: 0]
[drop_rate: 0.1]
[max_drop: 50]
[skip_drop: 0.5]
[xgboost_dart_mode: 0]
[uniform_drop: 0]
[drop_seed: 4]
[top_rate: 0.2]
[other_rate: 0.1]
[min_data_per_group: 100]
[max_cat_threshold: 32]
[cat_l2: 10]
[cat_smooth: 10]
[max_cat_to_onehot: 4]
[top_k: 20]
[monotone_constraints: ]
[monotone_constraints_method: basic]
[monotone_penalty: 0]
[feature_contri: ]
[forcedsplits_filename: ]
[refit_decay_rate: 0.9]
[cegb_tradeoff: 1]
[cegb_penalty_split: 0]
[cegb_penalty_feature_lazy: ]
[cegb_penalty_feature_coupled: ]
[path_smooth: 0]
[interaction_constraints: ]
[verbosity: -1]
[saved_feature_importance_type: 0]
[use_quantized_grad: 0]
[num_grad_quant_bins: 4]
[quant_train_renew_leaf: 0]
[stochastic_rounding: 1]
[linear_tree: 0]
[max_bin: 255]
[max_bin_by_feature: ]
[min_data_in_bin: 3]
[bin_construct_sample_cnt: 200000]
[data_random_seed: 1]
[is_enable_sparse: 1]
[enable_bundle: 1]
[use_missing: 1]
[zero_as_missing: 0]
[feature_pre_filter: 1]
[pre_partition: 0]
[two_round: 0]
[header: 0]
[label_column: ]
[weight_column: ]
[group_column: ]
[ignore_column: ]
[categorical_feature: ]
[forcedbins_filename: ]
[precise_float_parser: 0]
[parser_config_file: ]
[objective_seed: 5]
[num_class: 1]
[is_unbalance: 0]
[scale_pos_weight: 1]
[sigmoid: 1]
[boost_from_average: 1]
[reg_sqrt: 0]
[alpha: 0.9]
[fair_c: 1]
[poisson_max_delta_step: 0.7]
[tweedie_variance_power: 1.5]
[lambdarank_truncation_level: 30]
[lambdarank_norm: 1]
[label_gain: ]
[lambdarank_position_bias_regularization: 0]
[eval_at: ]
[multi_error_top_k: 1]
[auc_mu_weights: ]
[num_machines: 1]
[local_listen_port: 12400]
[time_out: 120]
[machine_list_filename: ]
[machines: ]
[gpu_platform_id: -1]
[gpu_device_id: -1]
[gpu_device_id_list: ]
[gpu_use_dp: 0]
[num_gpu: 1]

end of parameters

pandas_categorical:[]
