tree
version=v4
num_class=1
num_tree_per_iteration=1
label_index=0
max_feature_idx=16
objective=quantile
feature_names=ret_1d ret_5d ret_20d overnight_gap atr_pct parkinson_20 dvol_z_20 dist_ma20 dist_ma50 dist_ma200 spy_ret_1d spy_ret_5d spy_ret_20d vix_level vix_chg_1d sector_ret_1d sector_ret_5d
feature_infos=[-0.10302633857283017:0.12962126912465521] [-0.115348854860439:0.19584727311348327] [-0.12693184484897246:0.25725075809722253] [-0.099428593416318822:0.094148017711521037] [0.012333005842574504:0.038215949593225378] [0.0081771150157907129:0.023015169150735194] [-2.4049757044741682:3.857286286176377] [-0.10068925874183876:0.17917604120666697] [-0.11435517013358365:0.16755754734845341] [-0.12494952886174893:0.30218701515194613] [-0.058542947643003718:0.10501933612632941] [-0.11496158439845272:0.082843216242346029] [-0.12265592443394913:0.15756596870864792] [11.859999656677246:52.330001831054688] [-0.35753873962348437:0.74039073966007019] [-0.06285260230433054:0.088816354578251211] [-0.11675897124649115:0.08529462291702461]
tree_sizes=845 869 871 872 865 858 855 866 864 865 868 876 871 854 865 865 869 868 860 872 860 869 874 866 862 867 866 872 866 851 860 858 855 857 863 867 851 864 867 862 851 864 873 858 861 870

Tree=0
num_leaves=8
num_cat=0
split_feature=9 9 8 15 2 5 5
split_gain=0.622585 1.29182 1.05857 0.962001 0.9177 0.605044 0.544614
threshold=-0.0020686919219796147 -0.035832833161440585 -0.013186920927849731 0.0033053595440782906 0.0011040836357961716 0.012880401739827713 0.0098342759869742124
decision_type=10 10 8 2 2 2 2
left_child=1 2 -1 -3 -4 -6 -2
right_child=6 3 4 -5 5 -7 -8
leaf_value=-0.015012837524255532 -0.015446883353982446 -0.015291256893534614 -0.015593273906558874 -0.015592319783400315 -0.015543068568588244 -0.015002121644104298 -0.015076023417035024
leaf_weight=138 53 28 27 27 56 47 374
leaf_count=138 53 28 27 27 56 47 374
internal_value=-0.0152396 -0.016896 -0.0154635 -0.023876 -0.0187011 -0.0165503 -0.0139867
internal_weight=750 323 268 55 130 103 427
internal_count=750 323 268 55 130 103 427
is_linear=0
shrinkage=1


Tree=1
num_leaves=8
num_cat=0
split_feature=3 5 5 14 1 9 9
split_gain=0.660181 0.685714 0.936039 0.528368 0.369386 0.639797 1.10879
threshold=-0.0039349714052819276 0.012911473016325793 0.011385854909033311 -0.098691693357393515 -0.0061629810317818104 0.021429094031632848 -0.027454592234880056
decision_type=2 2 2 2 2 10 10
left_child=1 2 -1 -2 -5 6 -6
right_child=3 -3 -4 4 5 -7 -8
leaf_value=2.853660961015599e-06 -0.00020484955039335676 0.00030639075879897339 -0.00055700215395217861 0.00021289805707182973 7.3879073410948985e-06 0.00021918713137628293 -0.00025567683271041222
leaf_weight=44 35 56 40 188 124 214 33
leaf_count=44 35 56 40 188 124 214 33
internal_value=0.000231608 -0.00285714 -0.00571429 0.000959596 0.00133274 0.00041779 -0.00200637
internal_weight=734 140 84 594 559 371 157
internal_count=734 140 84 594 559 371 157
is_linear=0
shrinkage=0.05


Tree=2
num_leaves=8
num_cat=0
split_feature=4 6 14 1 8 0 0
split_gain=0.636784 0.570441 0.995795 0.437179 0.757951 0.914502 0.869381
threshold=0.014887931796824192 -0.13136237047108532 -0.086337752297859935 -0.0056492269844415346 0.053992576203848903 0.014461891095356784 0.0035540117254361241
decision_type=2 2 2 2 10 2 2
left_child=-1 -2 -3 -4 5 6 -5
right_child=1 2 3 4 -6 -7 -8
leaf_value=-0.00021327458131000567 0.00011688042578317457 -0.00045825642001959607 0.00024653166227345534 -0.00011142575840417462 0.00022725125543213346 0.00033740571152667708 -0.00079146782639609014
leaf_weight=61 354 26 122 52 81 28 25
leaf_count=61 354 26 122 52 81 28 25
internal_value=6.00803e-05 0.000494186 -0.000988024 -0.000194805 -0.00172043 -0.00452381 -0.00733766
internal_weight=749 688 334 308 186 105 77
internal_count=749 688 334 308 186 105 77
is_linear=0
shrinkage=0.05


Tree=3
num_leaves=8
num_cat=0
split_feature=6 0 11 11 1 14 12
split_gain=0.712398 0.611703 0.736133 1.13793 0.879058 0.79017 0.576877
threshold=0.58654941500711788 -0.0036407999053775226 0.0087351921378735504 0.0032511788494672404 0.012827834847551458 -0.01013918808565367 -0.026522918814270154
decision_type=2 2 2 2 2 2 2
left_child=1 -1 3 4 -3 -5 -2
right_child=6 2 -4 5 -6 -7 -8
leaf_value=0.00026167879648527752 -0.00041806992990358114 0.00023949781570447331 0.00014895139752481605 -5.8590843550151598e-05 -0.0006063495576809683 -0.00072361086020642201 -6.9334663410873908e-05
leaf_weight=185 29 112 168 33 42 26 148
leaf_count=185 29 112 168 33 42 26 148
internal_value=0.000423957 0.00128975 0.000144357 -0.00180751 0.000454546 -0.00771186 -0.00234463
internal_weight=743 566 381 213 154 59 177
internal_count=743 566 381 213 154 59 177
is_linear=0
shrinkage=0.05


Tree=4
num_leaves=8
num_cat=0
split_feature=3 0 15 0 9 0 6
split_gain=0.48515 0.710947 0.628621 0.681927 0.652691 0.616174 0.59597
threshold=-0.0039349714052819276 0.0013722050644073838 -0.014149653220087153 0.0065134161593748416 -0.0058468110049109115 0.01055138537893985 -0.34413739445477959
decision_type=2 2 2 2 10 2 2
left_child=1 6 -2 -4 5 -5 -1
right_child=2 -3 3 4 -6 -7 -8
leaf_value=0.00026788112009034016 -0.00031177552275044745 -0.00045056464078982445 0.00021841925197944149 -0.00014077317078111206 9.2646387655704948e-05 -7.7351863547953626e-06 -0.00027231294033807214
leaf_weight=33 25 32 379 29 127 54 67
leaf_count=33 25 32 379 29 127 54 67
internal_value=0.000174263 -0.00257576 0.000765472 0.00109508 -0.00119048 -0.00463855 -0.0005
internal_weight=746 132 614 589 210 83 100
internal_count=746 132 614 589 210 83 100
is_linear=0
shrinkage=0.05


Tree=5
num_leaves=8
num_cat=0
split_feature=14 6 4 3 8 0 9
split_gain=0.698214 1.06403 0.560192 0.503748 0.52533 0.402603 0.821388
threshold=-0.081825770158787711 -0.021067587901262595 0.014887931796824192 -0.0085845262247591907 0.10507195033207774 0.0068387728707794979 0.025724938799320144
decision_type=2 2 2 2 10 2 8
left_child=1 -1 -2 -4 5 -5 -7
right_child=2 -3 3 4 -6 6 -8
leaf_value=5.506791149698813e-05 -0.00013168574041787719 -0.00040981051247095617 -0.00021888489209322942 0.00019346934257492713 -0.00033691526017595914 -0.000141220873997432 8.1175371837681042e-05
leaf_weight=34 53 25 43 389 37 38 118
leaf_count=34 53 25 43 389 37 38 118
internal_value=4.749e-05 -0.00516949 0.000501475 0.00092 0.00130584 0.00169725 -0.000448718
internal_weight=737 59 678 625 582 545 156
internal_count=737 59 678 625 582 545 156
is_linear=0
shrinkage=0.05


Tree=6
num_leaves=8
num_cat=0
split_feature=4 11 13 11 13 11 11
split_gain=0.620733 0.693132 0.644271 0.915367 1.03243 0.383044 0.394177
threshold=0.014887931796824192 0.00909053299113405 21.295000076293949 -0.01930721697732057 23.770000457763675 -0.010198884987834665 0.014319949991421945
decision_type=2 2 2 2 2 2 2
left_child=1 -1 5 -4 -5 -2 -7
right_child=2 -3 3 4 -6 6 -8
leaf_value=-0.0006212499578017068 0.00025171615915087225 1.4785805615744438e-05 0.00010309897824408476 -0.00040150661356031853 3.5847247988347763e-05 -8.7009923697996092e-06 0.00019111643128006441
leaf_weight=30 84 26 48 25 26 347 160
leaf_count=30 84 26 48 25 26 347 160
internal_value=0.000241287 -0.00482143 0.000652174 -0.00308081 -0.0077451 0.0012775 0.000759369
internal_weight=746 56 690 99 51 591 507
internal_count=746 56 690 99 51 591 507
is_linear=0
shrinkage=0.05


Tree=7
num_leaves=8
num_cat=0
split_feature=8 9 5 9 15 5 11
split_gain=0.475792 0.806764 0.601911 1.02158 0.695402 0.552052 0.465434
threshold=-0.022561936077957753 -0.020042826072959648 0.012880401739827713 -0.031183303256602232 -0.0017662210378149854 0.011464595754956614 0.023193320881576888
decision_type=8 10 2 8 2 2 2
left_child=-1 2 3 -2 -5 -6 -3
right_child=1 6 -4 4 5 -7 -8
leaf_value=0.00011112295095838871 0.00045991802482133734 1.7462019195499554e-06 7.231723270419148e-05 -8.7336852492607802e-05 -0.00031536871769185485 -0.00041797745024283118 0.00028357763605819925
leaf_weight=197 26 308 73 29 30 28 54
leaf_count=197 26 308 73 29 30 28 54
internal_value=0.000100671 -0.000656934 -0.00333333 -0.00561947 -0.00821839 -0.0113793 0.000718232
internal_weight=745 548 186 113 87 58 362
internal_count=745 548 186 113 87 58 362
is_linear=0
shrinkage=0.05


Tree=8
num_leaves=8
num_cat=0
split_feature=13 11 13 12 11 11 12
split_gain=0.65985 0.974573 0.983315 0.495765 0.5887 0.704957 0.756833
threshold=21.295000076293949 -0.01930721697732057 23.770000457763675 0.044456932771925313 -0.010198884987834665 0.00909053299113405 0.020229769594439787
decision_type=2 2 2 2 2 2 2
left_child=3 -2 -3 4 -1 6 -6
right_child=1 2 -4 -5 5 -7 -8
leaf_value=0.00023500233088794839 8.8669692783072216e-05 -0.00039707857773068955 2.3812239208934584e-05 0.00019120353352901804 2.0522097169673476e-05 9.5178223825306355e-05 -0.00023312698222955117
leaf_weight=89 46 28 25 118 142 206 110
leaf_count=89 46 28 25 118 142 206 110
internal_value=0.000222513 -0.00358586 -0.00820755 0.000789474 0.000155393 -0.000567685 -0.00234127
internal_weight=764 99 53 665 547 458 252
internal_count=764 99 53 665 547 458 252
is_linear=0
shrinkage=0.05


Tree=9
num_leaves=8
num_cat=0
split_feature=0 6 11 13 3 4 3
split_gain=0.469135 0.504973 0.462609 0.678259 0.553077 1.33829 0.582331
threshold=-0.0075817558562245027 0.073873532344022677 -0.020171836765592806 22.330000877380375 -0.0034280438728430114 0.018795435885279047 -0.0011316457882786788
decision_type=2 2 2 2 2 2 2
left_child=1 -1 -2 4 5 -4 -6
right_child=2 -3 3 -5 6 -7 -8
leaf_value=0.00021894488257989927 0.00031706698749904972 -4.780469113412914e-05 -0.0009602434635281802 -0.00035503660494255035 0.00020312519537230134 0.0002322443958288784 -1.6011609074317226e-05
leaf_weight=89 50 83 32 30 69 34 357
leaf_count=89 50 83 32 30 69 34 357
internal_value=9.40862e-05 0.00238372 -0.000594405 -0.00103448 -0.000589431 -0.00484848 7.04227e-05
internal_weight=744 172 572 522 492 66 426
internal_count=744 172 572 522 492 66 426
is_linear=0
shrinkage=0.05


Tree=10
num_leaves=8
num_cat=0
split_feature=11 16 9 9 1 5 2
split_gain=0.529091 0.894298 0.445703 0.581972 0.434762 0.982993 0.917109
threshold=-0.017068833431084392 -0.018711529924956057 0.021429094031632848 -0.039595993961320568 -0.0069262162760029824 0.012932333089739418 0.040989838519611251
decision_type=2 2 10 8 2 2 2
left_child=-1 -2 3 -3 -5 6 -6
right_child=1 2 -4 4 5 -7 -8
leaf_value=0.00023002145874479303 -0.00040945556052821475 0.00020795873362060613 0.00011844850599267583 4.4193027322980482e-05 -8.6983751624386988e-05 8.9236721651292229e-05 -0.00038414398253752637
leaf_weight=95 41 71 331 64 73 49 25
leaf_count=95 41 71 331 64 73 49 25
internal_value=0.000460614 -4.58714e-05 0.0004323 -0.00102837 -0.00234597 -0.00384354 -0.00673469
internal_weight=749 654 613 282 211 147 98
internal_count=749 654 613 282 211 147 98
is_linear=0
shrinkage=0.05


Tree=11
num_leaves=8
num_cat=0
split_feature=11 8 11 8 11 8 12
split_gain=0.498509 0.479656 0.667454 0.75024 0.786449 0.999074 0.863471
threshold=0.02550883970860263 0.10338392050545599 0.020527349767636042 0.057922788342414606 0.00909053299113405 -0.032342986229361763 -0.040334955259991249
decision_type=2 10 2 10 2 10 2
left_child=1 2 3 4 5 6 -1
right_child=-2 -3 -4 -5 -6 -7 -8
leaf_value=-0.00033213508569052727 0.00022424829341188588 -0.00034152860902407142 -0.00021546180921463363 0.00026681499720157293 0.00016434716554451027 -0.00015984105405808535 0.00021945246680712025
leaf_weight=26 84 37 34 128 122 208 108
leaf_count=26 84 37 34 128 122 208 108
internal_value=0.000180723 -0.000279034 4.79235e-05 0.000439189 -0.000495689 -0.00172515 0.00164179
internal_weight=747 663 626 592 464 342 134
internal_count=747 663 626 592 464 342 134
is_linear=0
shrinkage=0.05


Tree=12
num_leaves=8
num_cat=0
split_feature=6 1 1 11 5 8 8
split_gain=0.598893 0.53674 0.859145 0.704485 0.49173 0.491211 0.79805
threshold=-0.75862334679559129 -0.0080438810463424586 -0.0044060802598730455 0.023193320881576888 0.0098709491017170328 0.10338392050545599 0.016518749456874485
decision_type=2 2 2 2 2 10 10
left_child=-1 4 -3 5 -2 6 -4
right_child=1 2 3 -5 -6 -7 -8
leaf_value=0.0001901345559673118 -8.2758647002799314e-05 -0.00045480733017373573 -0.00015366526400828606 0.00020186053988511905 0.00012519392954342244 -0.00034413974011839396 4.0574646972361293e-05
leaf_weight=152 25 26 126 57 179 31 138
leaf_count=152 25 26 126 57 179 31 138
internal_value=0.000231608 -0.000498282 -0.00161376 -0.000965909 0.00156863 -0.00194915 -0.00125
internal_weight=734 582 378 352 204 295 264
internal_count=734 582 378 352 204 295 264
is_linear=0
shrinkage=0.05


Tree=13
num_leaves=8
num_cat=0
split_feature=4 13 7 4 7 8 2
split_gain=0.559939 0.45957 0.793956 1.24103 0.415796 0.299796 0.349206
threshold=0.014887931796824192 21.295000076293949 -0.018954150861668847 0.023623722783504653 0.071157768045822425 0.054575443982744616 0.061425276137400238
decision_type=2 2 2 2 2 8 2
left_child=-1 4 -3 -4 5 6 -2
right_child=1 2 3 -5 -6 -7 -8
leaf_value=-0.00012173999082537709 1.6717396575925757e-05 0.00014843907484528949 -0.00054804011812474118 7.0540941704113003e-06 -0.00028332696275121537 0.00025259929229957495 -0.00059919934607098959
leaf_weight=58 360 35 26 39 32 170 25
leaf_count=58 360 35 26 39 32 170 25
internal_value=0.0002349 0.000633188 -0.0025 -0.00576923 0.00116695 0.00148649 0.000714286
internal_weight=745 687 100 65 587 555 385
internal_count=745 687 100 65 587 555 385
is_linear=0
shrinkage=0.05


Tree=14
num_leaves=8
num_cat=0
split_feature=8 16 2 8 8 8 8
split_gain=0.46156 0.706943 0.359489 0.425617 0.648628 0.85309 1.08812
threshold=0.10338392050545599 0.010557289746003009 0.076966026254809874 0.078016248717100126 0.057922788342414606 -0.0075816986486800788 0.016518749456874485
decision_type=8 2 2 10 10 10 10
left_child=2 -2 3 4 5 -1 -7
right_child=1 -3 -4 -5 -6 6 -8
leaf_value=7.0997229864631721e-05 -0.00032673330090092614 0.00010622390356867622 0.00013264197859314501 -0.00025738688738115881 0.00031743727828456716 -0.00017368046075775135 3.1968445542822982e-05
leaf_weight=276 33 40 72 29 81 68 120
leaf_count=276 33 40 72 29 81 68 120
internal_value=0.000549374 -0.00321918 0.000975232 0.000557491 0.00087156 0.000150862 -0.00244681
internal_weight=719 73 646 574 545 464 188
internal_count=719 73 646 574 545 464 188
is_linear=0
shrinkage=0.05


Tree=15
num_leaves=8
num_cat=0
split_feature=4 9 15 9 15 16 1
split_gain=0.457673 0.55469 0.850914 0.941065 0.782856 0.709692 0.7145
threshold=0.014887931796824192 -0.0020686919219796147 -0.00022037558213661154 -0.035832833161440585 -0.012931670602125077 0.021970508469244757 0.012827834847551458
decision_type=2 10 2 8 2 2 2
left_child=-1 2 4 -4 -2 6 -5
right_child=1 -3 3 5 -6 -7 -8
leaf_value=-0.00014785692179608188 -0.00023223965958022415 9.0610040386063513e-05 0.00018320765117732035 -8.9626236701988561e-05 0.000309169425466816 0.00026512252184622212 -0.0003922889194234733
leaf_weight=60 27 376 50 53 119 31 27
leaf_count=60 27 376 50 53 119 31 27
internal_value=2.01886e-05 0.000387994 -0.00118892 -0.00369565 0.00157534 -0.00626126 -0.00875
internal_weight=743 683 307 161 146 111 80
internal_count=743 683 307 161 146 111 80
is_linear=0
shrinkage=0.05


Tree=16
num_leaves=8
num_cat=0
split_feature=1 16 14 6 14 10 8
split_gain=0.376281 1.01786 0.610018 0.65707 0.476141 1.43101 0.386598
threshold=0.0025415290128121275 -0.010308298699076011 -0.04578454363779693 -0.42561186552969144 -0.015974596701323503 0.0057884302310804445 0.027996262885274129
decision_type=2 2 2 2 2 2 8
left_child=2 -2 3 -1 -3 -6 -4
right_child=1 4 6 -5 5 -7 -8
leaf_value=0.00011927679115599438 -0.00038610375671770732 0.00015380337269185062 1.2081188052543781e-05 -0.00028356523555065217 3.2574907506515821e-06 -0.00029625513046158196 0.0002367072556594165
leaf_weight=28 26 171 194 43 173 25 97
leaf_count=28 26 171 194 43 173 25 97
internal_value=0.000244386 -0.000822785 0.00140884 -0.00274648 -0.000149051 -0.00181818 0.00242268
internal_weight=757 395 362 71 369 198 291
internal_count=757 395 362 71 369 198 291
is_linear=0
shrinkage=0.05


Tree=17
num_leaves=8
num_cat=0
split_feature=1 11 8 16 16 10 8
split_gain=0.641616 0.733499 0.881828 0.974774 1.30748 0.63648 0.454545
threshold=0.0025415290128121275 0.0091428951508856233 0.059363156312484684 0.010992540327908419 -0.0041097494434286222 0.0098863943320696163 0.080035917673750637
decision_type=2 2 10 2 2 2 8
left_child=-1 2 3 4 -2 -3 -4
right_child=1 5 6 -5 -6 -7 -8
leaf_value=5.0326260771333657e-05 -0.00053463214717460448 0.0001519365837860295 0.00026746637393924996 -0.00028833107102835102 0.00020838111199105954 -0.00016730380432845195 -0.00032636523278208837
leaf_weight=356 35 177 36 29 49 34 30
leaf_count=356 35 177 36 29 49 34 30
internal_value=0.000375335 -0.00102564 -0.00337989 -0.00606195 -0.00333333 0.000971564 0.00121212
internal_weight=746 390 179 113 84 211 66
internal_count=746 390 179 113 84 211 66
is_linear=0
shrinkage=0.05


Tree=18
num_leaves=8
num_cat=0
split_feature=13 4 0 8 3 10 9
split_gain=0.643724 1.03644 0.551249 0.708566 0.993681 0.857607 0.47013
threshold=22.330000877380375 0.023568627120895518 0.005728755398413333 0.06311464912442212 0.0027077079048977164 0.0014013952122059472 0.14404212179811296
decision_type=2 2 2 10 2 2 8
left_child=2 -2 6 4 5 -4 -1
right_child=1 -3 3 -5 -6 -7 -8
leaf_value=0.00011943635525086568 -0.00040971591913947173 5.4964285096971067e-05 -2.4521664635408644e-05 5.7044996708099834e-05 3.9276788337904377e-05 -0.00026565990453074562 -2.8493581277850699e-05
leaf_weight=271 26 50 28 79 72 49 178
leaf_count=271 26 50 28 79 72 49 178
internal_value=0.000152723 -0.00421053 0.000642541 -0.00135965 -0.00338926 -0.00733766 0.00165924
internal_weight=753 76 677 228 149 77 449
internal_count=753 76 677 228 149 77 449
is_linear=0
shrinkage=0.05


Tree=19
num_leaves=8
num_cat=0
split_feature=12 13 5 15 15 15 11
split_gain=0.503036 0.46524 1.38892 0.32968 1.16093 0.531953 0.503663
threshold=0.04572357186415122 13.194999694824221 0.010829985859327354 -0.00022037558213661154 0.00080252735093122596 -0.014693696698105272 0.011695347183510176
decision_type=2 2 2 2 2 2 2
left_child=1 2 -1 5 -5 -3 -6
right_child=-2 3 -4 4 6 -7 -8
leaf_value=-0.00060510512603641404 5.958673944276524e-05 -0.00014631411778817701 0.00018978684375150297 -0.00023851981983178677 -0.00014272090143803036 0.00020053613481877427 0.00013170385427884999
leaf_weight=25 113 41 28 25 172 233 102
leaf_count=25 113 41 28 25 172 233 102
internal_value=0.000602165 4.79235e-05 -0.00443396 0.000462478 -0.000685619 0.00171533 0.000255475
internal_weight=739 626 53 573 299 274 274
internal_count=739 626 53 573 299 274 274
is_linear=0
shrinkage=0.05


Tree=20
num_leaves=8
num_cat=0
split_feature=3 15 10 3 3 13 1
split_gain=0.448436 0.854275 0.563333 0.743498 0.453361 0.784259 1.10744
threshold=0.0052330819820957117 0.013425172041236057 0.0094657139240660344 0.0076511735369066977 -0.0033196645778277296 15.944999694824221 -0.0069262162760029824
decision_type=2 2 2 2 2 2 2
left_child=4 2 3 -2 5 6 -1
right_child=1 -3 -4 -5 -6 -7 -8
leaf_value=0.00038134083262517825 -0.00042164408195535634 0.00024738090293812884 -0.00032218776831570417 4.8270495414582462e-05 6.317940982871495e-05 0.00013304282076324382 -0.00069763129450309725
leaf_weight=28 43 31 25 32 452 108 32
leaf_count=28 43 31 25 32 452 108 32
internal_value=0.000406125 -0.00225191 -0.0045 -0.00233333 0.000967742 -0.00125 -0.00583333
internal_weight=751 131 100 75 620 168 60
internal_count=751 131 100 75 620 168 60
is_linear=0
shrinkage=0.05


Tree=21
num_leaves=8
num_cat=0
split_feature=6 12 13 3 16 1 16
split_gain=0.541889 0.945004 0.471457 0.516437 0.797143 0.458156 1.05042
threshold=0.58654941500711788 -0.032606215925707109 16.85000038146973 -0.0029438188098053204 0.012696105516356916 0.0034655352808190547 -0.0041097494434286222
decision_type=2 2 2 2 2 2 2
left_child=5 -2 3 -3 -5 -1 -7
right_child=1 2 -4 4 -6 6 -8
leaf_value=4.5015376165416783e-05 -0.00028406007313917705 -0.00033145134885943821 0.00011838294559995953 0.00026618490069784111 -0.00051191318965930629 -0.00043381043200631963 4.7428307677437904e-05
leaf_weight=277 25 25 65 31 25 39 261
leaf_count=277 25 25 65 31 25 39 261
internal_value=0.000454546 -0.00201754 -0.000479452 -0.00302469 -0.000357143 0.00118718 -0.000166666
internal_weight=748 171 146 81 56 577 300
internal_count=748 171 146 81 56 577 300
is_linear=0
shrinkage=0.05


Tree=22
num_leaves=8
num_cat=0
split_feature=0 9 9 10 1 9 0
split_gain=0.408034 0.794182 0.846285 0.545082 0.776288 0.452211 0.51526
threshold=0.0065134161593748416 0.025724938799320144 -0.039595993961320568 -0.00083771679108757258 0.031323263371926265 0.15364460823675766 -0.0012279492174749327
decision_type=2 10 10 2 2 8 2
left_child=3 2 -2 4 -1 -5 -7
right_child=1 -3 -4 5 -6 6 -8
leaf_value=2.7976863018698285e-05 -2.2849402124688594e-05 3.0620035757752297e-05 -0.00031308773801651772 0.00018425014365606703 -0.00035663516984980013 -0.00018467375702186972 0.00015380901217962244
leaf_weight=223 75 130 34 171 25 44 40
leaf_count=223 75 130 34 171 25 44 40
internal_value=0.000215634 -0.00148536 -0.00463303 0.00102386 -0.000645161 0.00264706 -0.000357143
internal_weight=742 239 109 503 248 255 84
internal_count=742 239 109 503 248 255 84
is_linear=0
shrinkage=0.05


Tree=23
num_leaves=8
num_cat=0
split_feature=5 3 5 10 6 11 5
split_gain=0.387719 0.620931 0.933889 0.509798 0.779844 0.854245 0.437285
threshold=0.013365251350558592 -0.0039349714052819276 0.011385854909033311 0.0060647119333787644 -0.46071240405559777 0.0069843130840521192 0.017803007126471617
decision_type=2 2 2 2 2 2 2
left_child=1 2 -1 -3 -5 -6 -2
right_child=6 3 -4 4 5 -7 -8
leaf_value=0.00011253517806875814 0.00011461140145724037 3.0510790703475925e-05 -0.0002592015203510245 8.7528574642349241e-06 -0.00037954436535304225 -1.2209554743066238e-05 -0.0002457343620932915
leaf_weight=40 174 332 50 41 28 39 47
leaf_count=40 174 332 50 41 28 39 47
internal_value=7.32359e-05 -0.000660377 -0.00444444 0.000113637 -0.00287037 -0.00619403 0.00183258
internal_weight=751 530 90 440 108 67 221
internal_count=751 530 90 440 108 67 221
is_linear=0
shrinkage=0.05


Tree=24
num_leaves=8
num_cat=0
split_feature=5 10 13 4 13 14 0
split_gain=0.502135 0.995145 0.593823 0.809734 0.360843 0.37491 0.686512
threshold=0.0097300135021628487 0.00069580976977412512 22.330000877380375 0.024673653647207226 19.010000228881839 -0.015515001009757 -0.0082049724181593713
decision_type=2 2 2 2 2 2 2
left_child=1 -1 4 -4 5 -2 -7
right_child=2 -3 3 -5 -6 6 -8
leaf_value=0.00029427481334477892 0.00010443421211307919 -0.00027230270852609997 -0.00032085046025819155 0.00021238111493969685 0.00017052818807436647 0.0001984990100364956 -4.6955060793965389e-05
leaf_weight=36 213 34 31 40 105 77 213
leaf_count=36 213 34 31 40 105 77 213
internal_value=0.000460614 -0.00357143 0.000876289 -0.0034507 0.00138158 0.00082505 -0.000344827
internal_weight=749 70 679 71 608 503 290
internal_count=749 70 679 71 608 503 290
is_linear=0
shrinkage=0.05


Tree=25
num_leaves=8
num_cat=0
split_feature=6 12 7 0 8 8 16
split_gain=0.443136 0.671433 0.393037 0.724286 0.473999 0.651384 0.836935
threshold=0.58654941500711788 -0.026522918814270154 -0.035114221991877963 -0.0013099987556385304 -0.017259234676673226 0.018456452944209504 0.010557289746003009
decision_type=2 2 2 2 8 10 2
left_child=2 -2 3 -1 -4 6 -6
right_child=1 -3 4 -5 5 -7 -8
leaf_value=5.9371442190366251e-05 -0.00021636797229235424 -8.2776047129018227e-07 0.00020867127979904218 -0.00011307654904948422 -0.00013617469331459429 0.00011058262784722005 2.0321241874420341e-05
leaf_weight=35 30 155 117 25 79 276 40
leaf_count=35 30 155 117 25 79 276 40
internal_value=0.000640687 -0.00148649 0.00132867 -0.0025 0.00177734 0.000949367 -0.00214286
internal_weight=757 185 572 60 512 395 119
internal_count=757 185 572 60 512 395 119
is_linear=0
shrinkage=0.05


Tree=26
num_leaves=8
num_cat=0
split_feature=9 16 16 8 11 16 16
split_gain=0.404732 0.850411 0.646027 0.483881 0.451396 1.2 0.72372
threshold=0.26929198311398245 0.0074942775953367189 0.021970508469244757 0.057922788342414606 0.0087351921378735504 0.0078790074387253845 -0.0052951124867280921
decision_type=8 2 2 10 2 2 2
left_child=3 -2 -3 4 5 6 -1
right_child=1 2 -4 -5 -6 -7 -8
leaf_value=-0.00012944424591693421 4.9574324296291064e-05 -0.00031963905383133634 2.365014659391326e-05 0.00013984299283593542 0.00011100665067339765 -9.502249013247928e-05 8.1785131674106382e-05
leaf_weight=149 98 43 28 169 147 37 66
leaf_count=149 98 43 28 169 147 37 66
internal_value=4.749e-05 -0.00210059 -0.00626761 0.00068662 -0.000263158 -0.00154762 -0.000116279
internal_weight=737 169 71 568 399 252 215
internal_count=737 169 71 568 399 252 215
is_linear=0
shrinkage=0.05


Tree=27
num_leaves=8
num_cat=0
split_feature=0 3 9 13 4 10 15
split_gain=0.53712 0.742779 0.749401 0.606012 0.409952 0.369972 0.561287
threshold=0.0047756252972221977 -0.0031231731405619296 0.021429094031632848 13.194999694824221 0.022556046971294177 -0.0012922335739780075 -0.00072526464745714659
decision_type=2 2 8 2 2 2 2
left_child=3 -2 -3 -1 -4 6 -5
right_child=1 2 4 5 -6 -7 -8
leaf_value=-0.00020911590074806506 -0.00020957832260035884 -0.00013129525562667141 0.00013840646916017573 3.391904491408917e-05 -0.0001873517213232515 0.00012862779830457156 -0.0002165616660964035
leaf_weight=42 28 49 149 201 48 206 26
leaf_count=42 28 49 149 201 48 206 26
internal_value=0.000193592 -0.00156934 -0.000691057 0.00121053 0.000685279 0.00176674 0.00037445
internal_weight=749 274 246 475 197 433 227
internal_count=749 274 246 475 197 433 227
is_linear=0
shrinkage=0.05


Tree=28
num_leaves=8
num_cat=0
split_feature=5 13 4 6 6 7 10
split_gain=0.581767 0.547136 0.711899 0.47897 0.686807 0.533183 0.459815
threshold=0.0090329420289837672 22.330000877380375 0.023568627120895518 -0.39388450146040005 -0.30324144907479006 -0.035114221991877963 0.0052648731180522388
decision_type=2 2 2 2 2 2 2
left_child=-1 3 -3 5 -5 -2 -6
right_child=1 2 -4 4 6 -7 -8
leaf_value=-0.00020359141704824916 -2.1973824433163608e-05 -0.00028782106957995449 4.9781074275778389e-05 -0.0005993026757904219 9.7805063652416958e-05 0.00012013850600029334 -7.6559477477853395e-05
leaf_weight=31 29 27 52 28 250 242 105
leaf_count=31 29 27 52 28 250 242 105
internal_value=0.000418848 0.000702592 -0.00322785 0.00117737 3.91647e-05 0.00278598 0.000633803
internal_weight=764 733 79 654 383 271 355
internal_count=764 733 79 654 383 271 355
is_linear=0
shrinkage=0.05


Tree=29
num_leaves=8
num_cat=0
split_feature=0 8 2 9 4 13 13
split_gain=0.56512 0.799011 1.1789 0.528835 0.473079 0.453336 0.427239
threshold=0.005728755398413333 0.05573080777564255 0.031894932481735923 0.23130940025312655 0.019068102806858458 13.194999694824221 22.330000877380375
decision_type=2 10 2 8 2 2 2
left_child=5 2 4 -3 -2 -1 -7
right_child=1 3 -4 -5 -6 6 -8
leaf_value=-0.00011871102292827501 -9.1942955760191471e-05 0.00019784322975781914 -0.00048967049942883986 -0.00017049227279310392 9.8832093660082489e-05 8.9239646771161385e-05 -9.6118776052281279e-05
leaf_weight=47 51 67 44 28 61 381 53
leaf_count=47 51 67 44 28 61 381 53
internal_value=0.000150273 -0.00177291 -0.00397436 0.00184211 -0.00125 0.00115385 0.00165899
internal_weight=732 251 156 95 112 481 434
internal_count=732 251 156 95 112 481 434
is_linear=0
shrinkage=0.05


Tree=30
num_leaves=8
num_cat=0
split_feature=5 3 5 5 8 1 11
split_gain=0.589566 0.534336 0.740238 0.719115 0.652765 0.816065 0.591521
threshold=0.0090329420289837672 -0.0039349714052819276 0.013365251350558592 0.01215513043041898 0.10507195033207774 0.036236714595748405 0.0025776305361616685
decision_type=2 2 2 2 8 2 2
left_child=-1 2 3 6 -3 -6 -2
right_child=1 4 -4 -5 5 -7 -8
leaf_value=-0.00019961013350320705 -0.0006842958813655872 2.1323894643337876e-05 0.00014382276398641454 -0.0001070823360263015 -0.00021205249190785568 0.00019662891960804522 0.00039473273100722184
leaf_weight=29 34 526 43 26 25 28 27
leaf_count=29 34 526 43 26 25 28 27
internal_value=-8.13006e-05 0.000204514 -0.00269231 -0.00534483 0.000854922 -0.00443396 -0.00237705
internal_weight=738 709 130 87 579 53 61
internal_count=738 709 130 87 579 53 61
is_linear=0
shrinkage=0.05


Tree=31
num_leaves=8
num_cat=0
split_feature=4 9 16 12 2 7 6
split_gain=0.51721 0.412266 0.800097 0.850241 0.449546 0.620606 0.438668
threshold=0.014887931796824192 0.26929198311398245 0.0074942775953367189 0.033795250994550281 -0.064751052028668918 -0.044661835463752624 -0.50610616299264466
decision_type=2 8 2 2 2 2 2
left_child=-1 4 6 -4 5 -2 -3
right_child=1 2 3 -5 -6 -7 -8
leaf_value=-0.00024852119936837378 6.5479936480552367e-05 -6.9536530219598051e-05 -0.00031356013112457609 1.8561140926704633e-05 8.021685306860052e-05 -8.6226693989514494e-05 0.00024857379183787362
leaf_weight=51 30 38 33 36 470 25 55
leaf_count=51 30 38 33 36 470 25 55
internal_value=5.42007e-05 0.000414847 -0.00179012 -0.00586956 0.00109524 -0.00318182 0.00123656
internal_weight=738 687 162 69 525 55 93
internal_count=738 687 162 69 525 55 93
is_linear=0
shrinkage=0.05


Tree=32
num_leaves=8
num_cat=0
split_feature=13 11 8 8 8 14 4
split_gain=0.458437 0.980392 1.03243 0.326686 0.426965 0.506473 0.592595
threshold=21.295000076293949 -0.01930721697732057 0.020590900512920011 0.057922788342414606 0.078016248717100126 -0.015515001009757 0.018958827959020975
decision_type=2 2 10 10 10 2 2
left_child=3 -2 -3 -1 -5 -6 -7
right_child=1 2 -4 4 5 6 -8
leaf_value=2.9449817117887605e-06 0.00022672666496287178 -0.00023560590355087391 -8.3845338048565954e-05 0.00023161512360199014 9.1085214699892331e-05 -0.0002017902011924951 9.241609920262019e-05
leaf_weight=452 51 25 26 90 50 26 31
leaf_count=452 51 25 26 90 50 26 31
internal_value=0.00027297 -0.00284314 -0.0077451 0.000762712 0.00246193 0.000327103 -0.00289474
internal_weight=751 102 51 649 197 107 57
internal_count=751 102 51 649 197 107 57
is_linear=0
shrinkage=0.05


Tree=33
num_leaves=8
num_cat=0
split_feature=3 8 3 13 11 15 8
split_gain=0.715973 0.687789 0.635083 0.627742 0.645347 0.529449 0.423586
threshold=0.0052834981778893128 -0.022440814917103532 -0.0039349714052819276 16.73499965667725 0.0069117113136190076 0.012292584911648198 0.10507195033207774
decision_type=2 10 2 2 2 2 8
left_child=2 -2 3 4 -1 -3 -4
right_child=1 5 6 -5 -6 -7 -8
leaf_value=-0.0006529144521171678 -0.0001507730789631607 -0.00020766086147717719 8.6981105019231361e-05 8.1238505669797509e-05 3.6323882337221208e-05 0.00022987865479231793 -0.00013547693181081147
leaf_weight=31 30 60 442 80 27 35 43
leaf_count=31 30 60 442 80 27 35 43
internal_value=5.34761e-05 -0.0034 0.000746389 -0.00224638 -0.0062069 -0.00131579 0.00159794
internal_weight=748 125 623 138 58 95 485
internal_count=748 125 623 138 58 95 485
is_linear=0
shrinkage=0.05


Tree=34
num_leaves=8
num_cat=0
split_feature=8 5 2 8 15 11 12
split_gain=0.359464 0.424477 0.410011 0.625475 0.379732 0.614884 1.08745
threshold=0.1465985030414643 0.013005481340425092 -0.022859924334494793 -0.03370703713987732 0.0023548446952610384 0.0081473625045073179 0.025521140781716415
decision_type=8 2 2 10 2 2 2
left_child=1 4 3 -3 -1 6 -6
right_child=-2 2 -4 -5 5 -7 -8
leaf_value=2.7408336225539536e-05 -0.00019629566073829042 0.0001513257664482708 0.00014320086964489159 -0.0003956723510094393 -1.5111716472819e-06 9.5880494798828039e-06 -0.00061677700876276622
leaf_weight=296 31 33 171 25 54 107 32
leaf_count=296 31 33 171 25 54 107 32
internal_value=0.000594126 0.000821727 0.00259825 -0.00103448 -1.02248e-05 -0.00173575 -0.00488372
internal_weight=749 718 229 58 489 193 86
internal_count=749 718 229 58 489 193 86
is_linear=0
shrinkage=0.05


Tree=35
num_leaves=8
num_cat=0
split_feature=15 0 11 4 11 9 10
split_gain=0.509716 0.625385 0.707739 0.92352 0.643017 0.602417 0.52047
threshold=-0.017588249087878035 0.0047756252972221977 0.022371671990612522 0.022556046971294177 0.0033857375272920991 0.025724938799320144 0.0020115894720359466
decision_type=2 2 2 2 2 8 2
left_child=-1 6 3 5 -5 -3 -2
right_child=1 2 -4 4 -6 -7 -8
leaf_value=-9.0083302344990161e-05 6.0660532079953074e-06 -0.00012824567094569907 0.00017431314268636597 -0.0001765217579298735 -0.00038175343651742597 1.287086322047895e-05 9.4796854841162543e-05
leaf_weight=25 317 39 47 25 26 134 140
leaf_count=25 317 39 47 25 26 134 140
internal_value=1.99205e-05 0.000260989 -0.00164207 -0.0028125 -0.00872549 -0.00106936 0.0013895
internal_weight=753 728 271 224 51 173 457
internal_count=753 728 271 224 51 173 457
is_linear=0
shrinkage=0.05


Tree=36
num_leaves=8
num_cat=0
split_feature=13 5 13 4 1 15 13
split_gain=0.506538 1.12519 0.460811 0.549262 1.3347 1.03226 0.798866
threshold=13.194999694824221 0.010404126086241751 14.315000057220461 0.018795435885279047 0.012827834847551458 0.0039261451870180606 15.944999694824221
decision_type=2 2 2 2 2 2 2
left_child=1 -1 -2 4 6 -6 -4
right_child=2 -3 3 -5 5 -7 -8
leaf_value=-0.00071209730831114969 0.00015744939320439045 0.00013253102500410715 -0.0001388042279721536 5.5502545247202407e-05 -0.00018766698383215573 -0.00012155883695576496 4.2070113061010195e-05
leaf_weight=27 99 50 39 367 31 31 106
leaf_count=27 99 50 39 367 31 31 106
internal_value=0.0004 -0.00344156 0.000839525 0.000296167 -0.00176328 -0.00790323 0.000862069
internal_weight=750 77 673 574 207 62 145
internal_count=750 77 673 574 207 62 145
is_linear=0
shrinkage=0.05


Tree=37
num_leaves=8
num_cat=0
split_feature=15 15 9 11 8 2 7
split_gain=0.52757 0.751106 0.579257 1.34131 0.768308 1.42488 0.74048
threshold=-0.014693696698105272 -0.00022037558213661154 0.22237663435151714 0.0084762123288910658 0.016518749456874485 -0.027737958764518952 0.044530408499193881
decision_type=2 2 8 2 10 2 2
left_child=-1 -2 3 4 5 -3 -4
right_child=1 2 6 -5 -6 -7 -8
leaf_value=-8.8354263761318452e-05 7.8332569136666853e-05 -3.3568018185642317e-05 -7.9774070605075767e-06 0.00012070325830758979 0.00015259612575095491 -0.00047343933027019832 -0.00030105753151189648
leaf_weight=45 299 45 80 151 71 34 33
leaf_count=45 299 45 80 151 71 34 33
internal_value=0.00025066 0.000582048 -0.000797101 0.000348837 -0.003 -0.0063924 -0.00384956
internal_weight=758 713 414 301 150 79 113
internal_count=758 713 414 301 150 79 113
is_linear=0
shrinkage=0.05


Tree=38
num_leaves=8
num_cat=0
split_feature=15 0 4 10 9 10 3
split_gain=0.547236 0.59307 0.691469 0.706134 0.460694 0.415851 0.499507
threshold=-0.017588249087878035 0.0084898026373609898 0.019068102806858458 0.0052648731180522388 0.25430596390381727 0.0021398765862171714 0.0053319653007416487
decision_type=2 2 2 2 8 2 2
left_child=-1 5 3 -3 -4 6 -2
right_child=1 2 4 -5 -6 -7 -8
leaf_value=-8.1491163401159922e-05 2.4414092424324206e-05 6.0278470144669358e-05 0.00015529507447707485 -0.00029117270419988804 -0.0001794703593736674 7.1812116849518528e-05 -0.00021982519832916374
leaf_weight=26 320 33 87 46 25 183 28
leaf_count=26 320 33 87 46 25 183 28
internal_value=0.000588235 0.000844876 -0.0015445 -0.00512658 0.000982143 0.00170433 0.000689655
internal_weight=748 722 191 79 112 531 348
internal_count=748 722 191 79 112 531 348
is_linear=0
shrinkage=0.05


Tree=39
num_leaves=8
num_cat=0
split_feature=0 11 9 11 10 4 13
split_gain=0.41015 0.866594 0.803571 0.586785 0.485513 0.349056 0.637898
threshold=0.0065134161593748416 0.020793273633493151 0.025724938799320144 -0.0019312644635973706 0.0007464509492582928 0.020313984562548643 15.355000019073488
decision_type=2 2 8 2 2 2 2
left_child=4 2 -2 -4 -1 6 -5
right_child=1 -3 3 5 -6 -7 -8
leaf_value=1.2034675267258751e-05 -0.00021806777548492685 0.0001465788776611659 0.0002501445410318177 -0.00015758085831181894 9.7654648610451234e-05 -0.00052007070294735871 0.00023145973465649568
leaf_weight=320 40 49 46 34 188 33 27
leaf_count=320 40 49 46 34 188 33 27
internal_value=0.000861601 -0.000895196 -0.0025 -0.000714286 0.00165354 -0.00297872 -0.000737705
internal_weight=737 229 180 140 508 94 61
internal_count=737 229 180 140 508 94 61
is_linear=0
shrinkage=0.05


Tree=40
num_leaves=8
num_cat=0
split_feature=4 10 9 1 12 14 13
split_gain=0.471638 0.595368 0.482034 0.629301 0.892186 1.10901 0.521995
threshold=0.014887931796824192 0.00069580976977412512 0.209705849908042 -0.0061629810317818104 0.033795250994550281 -0.021447279396770266 21.295000076293949
decision_type=2 2 8 2 2 2 2
left_child=1 -1 6 -4 5 -5 -2
right_child=2 -3 3 4 -6 -7 -8
leaf_value=5.61763255320489e-05 3.6672814391799898e-05 -0.00023106472559952679 0.00021840459469216067 0.00013958561399887723 6.9574408695625352e-05 -0.0001798874446828945 -6.226915644019688e-05
leaf_weight=28 407 29 69 28 59 50 80
leaf_count=28 407 29 69 28 59 50 80
internal_value=0.0006 -0.00377193 0.000959596 -0.00106796 -0.0030292 -0.00653846 0.00181725
internal_weight=750 57 693 206 137 78 487
internal_count=750 57 693 206 137 78 487
is_linear=0
shrinkage=0.05


Tree=41
num_leaves=8
num_cat=0
split_feature=8 16 0 2 11 11 9
split_gain=0.523212 0.867857 0.423558 1.28488 0.572024 1.1283 0.52421
threshold=0.10338392050545599 0.010557289746003009 0.0029817648414158797 -0.058593452465153899 0.0060643551052425035 -0.00023800871931395348 0.15075155695224265
decision_type=8 2 2 2 2 2 8
left_child=2 -2 6 -4 5 -5 -1
right_child=1 -3 3 4 -6 -7 -8
leaf_value=6.5090675070261886e-05 -0.00021610514611428313 0.00014668702856270277 -0.00010036671698398456 0.00022335731200394499 3.002294988173517e-05 -0.0002177585319812187 -4.0864539042535943e-06
leaf_weight=279 30 40 29 65 135 40 134
leaf_count=279 30 40 29 65 135 40 134
internal_value=0.000545213 -0.00357143 0.000967742 -0.000576208 0.000625 -0.00214286 0.00197337
internal_weight=752 70 682 269 240 105 413
internal_count=752 70 682 269 240 105 413
is_linear=0
shrinkage=0.05


Tree=42
num_leaves=8
num_cat=0
split_feature=8 15 15 15 3 16 8
split_gain=0.414396 0.442572 0.440059 1.04268 0.483679 0.480671 0.74356
threshold=0.10338392050545599 -0.014693696698105272 -0.00022037558213661154 0.00080252735093122596 -0.004647628520272006 -0.006778723615470216 -0.011715284799331592
decision_type=10 2 2 2 2 2 8
left_child=1 -1 -3 -4 -5 6 -6
right_child=-2 2 3 4 5 -7 -8
leaf_value=-7.6868893141353366e-05 -0.00012928031431750741 9.8067138078524412e-05 -0.00020232230103521353 -0.00019485938766916448 0.00023745785984219731 1.3973727782243545e-05 -0.00022716891859756022
leaf_weight=45 44 285 34 37 26 257 25
leaf_count=45 44 285 34 37 26 257 25
internal_value=0.00061753 0.000909732 0.00123494 0.000118734 0.000942029 0.00159091 -0.00284314
internal_weight=753 709 664 379 345 308 51
internal_count=753 709 664 379 345 308 51
is_linear=0
shrinkage=0.05


Tree=43
num_leaves=8
num_cat=0
split_feature=9 8 12 14 1 6 6
split_gain=0.359922 0.894675 0.755643 1.06342 0.515996 0.325111 0.822594
threshold=0.26929198311398245 -0.0058549686694484007 0.034736812074913422 -0.0080681674930397889 -0.031924979669007585 -0.46071240405559777 -0.33390764100858589
decision_type=8 8 2 2 2 2 2
left_child=4 -2 3 -3 -1 -6 -7
right_child=1 2 -4 -5 5 6 -8
leaf_value=-9.0092635676128439e-05 0.00022151659844840991 7.561354692279003e-06 0.00011531355864530598 -0.0002410731897335911 3.2561751762428338e-05 -0.0001821708312690441 2.329550597667069e-05
leaf_weight=60 61 33 47 35 193 34 283
leaf_count=60 61 33 47 35 193 34 283
internal_value=0.000442359 -0.00153409 -0.00413043 -0.0075 0.00105263 0.00156863 0.000583596
internal_weight=746 176 115 68 570 510 317
internal_count=746 176 115 68 570 510 317
is_linear=0
shrinkage=0.05


Tree=44
num_leaves=8
num_cat=0
split_feature=10 4 15 8 15 8 1
split_gain=0.56717 1.03845 1.16393 0.77184 0.629144 0.497346 0.407524
threshold=0.0059228912076465532 0.018673798611963926 0.0074726137965663861 0.068744274700169652 -0.014693696698105272 0.10338392050545599 0.031688294028277893
decision_type=2 2 2 8 2 10 2
left_child=4 2 -2 -3 -1 6 -6
right_child=1 3 -4 -5 5 -7 -8
leaf_value=-7.7904008471621237e-05 3.3569284156073302e-05 0.00013346556942789599 -0.00011026567146231313 -0.00010975047282974111 6.8202553839446535e-05 -0.00015426809892482406 -6.5833217649155092e-05
leaf_weight=42 27 90 41 33 413 33 61
leaf_count=42 27 90 41 33 413 33 61
internal_value=0.000540541 -0.00180628 -0.00676471 0.00093496 0.00135701 0.00184418 0.00225738
internal_weight=740 191 68 123 549 507 474
internal_count=740 191 68 123 549 507 474
is_linear=0
shrinkage=0.05


Tree=45
num_leaves=8
num_cat=0
split_feature=3 15 5 3 1 5 12
split_gain=0.619729 0.627317 0.476698 0.600514 0.695652 0.504335 0.392473
threshold=0.0052330819820957117 0.013425172041236057 0.013365251350558592 -0.0039349714052819276 -0.0069262162760029824 0.01806309773889141 0.0033715078329863428
decision_type=2 2 2 2 2 2 2
left_child=2 6 3 4 -1 -4 -2
right_child=1 -3 5 -5 -6 -7 -8
leaf_value=2.2240885175146249e-05 -0.00018682458011760856 0.00017737501760946132 0.0001287972107909019 8.2688883329011009e-06 -0.00042741627033997167 -0.00012401542962086227 -0.00010475238018209268
leaf_weight=46 40 30 141 349 46 33 61
leaf_count=46 40 30 141 349 46 33 61
internal_value=0.000107239 -0.00301527 0.000772358 -0.000102041 -0.00369565 0.00298851 -0.00490099
internal_weight=746 131 615 441 92 174 101
internal_count=746 131 615 441 92 174 101
is_linear=0
shrinkage=0.05


end of trees

feature_importances:
dist_ma50=38
spy_ret_5d=31
dist_ma200=27
vix_level=23
sector_ret_1d=23
parkinson_20=21
atr_pct=20
ret_1d=19
overnight_gap=19
ret_5d=18
sector_ret_5d=16
dvol_z_20=15
spy_ret_1d=15
spy_ret_20d=12
vix_chg_1d=10
ret_20d=9
dist_ma20=6

parameters:
[boosting: gbdt]
[objective: quantile]
[metric: quantile]
[tree_learner: serial]
[device_type: cpu]
[data_sample_strategy: bagging]
[data: ]
[valid: ]
[num_iterations: 80]
[learning_rate: 0.05]
[num_leaves: 8]
[num_threads: 1]
[seed: 0]
[deterministic: 0]
[force_col_wise: 1]
[force_row_wise: 0]
[histogram_pool_size: -1]
[max_depth: -1]
[min_data_in_leaf: 25]
[min_sum_hessian_in_leaf: 0.001]
[bagging_fraction: 0.9]
[pos_bagging_fraction: 1]
[neg_bagging_fraction: 1]
[bagging_freq: 1]
[bagging_seed: 3]
[bagging_by_query: 0]
[feature_fraction: 0.9]
[feature_fraction_bynode: 1]
[feature_fraction_seed: 2]
[extra_trees: 0]
[extra_seed: 6]
[early_stopping_round: 0]
[early_stopping_min_delta: 0]
[first_metric_only: 0]
[max_delta_step: 0]
[lambda_l1: 0]
[lambda_l2: 0]
[linear_lambda: 0]
[min_gain_to_split: 0]
[drop_rate: 0.1]
[max_drop: 50]
[skip_drop: 0.5]
[xgboost_dart_mode: 0]
[uniform_drop: 0]
[drop_seed: 4]
[top_rate: 0.2]
[other_rate: 0.1]
[min_data_per_group: 100]
[max_cat_threshold: 32]
[cat_l2: 10]
[cat_smooth: 10]
[max_cat_to_onehot: 4]
[top_k: 20]
[monotone_constraints: ]
[monotone_constraints_method: basic]
[monotone_penalty: 0]
[feature_contri: ]
[forcedsplits_filename: ]
[refit_decay_rate: 0.9]
[cegb_tradeoff: 1]
[cegb_penalty_split: 0]
[cegb_penalty_feature_lazy: ]
[cegb_penalty_feature_coupled: ]
[path_smooth: 0]
[interaction_constraints: ]
[verbosity: -1]
[saved_feature_importance_type: 0]
[use_quantized_grad: 0]
[num_grad_quant_bins: 4]
[quant_train_renew_leaf: 0]
[stochastic_rounding: 1]
[linear_tree: 0]
[max_bin: 255]
[max_bin_by_feature: ]
[min_data_in_bin: 3]
[bin_construct_sample_cnt: 200000]
[data_random_seed: 1]
[is_enable_sparse: 1]
[enable_bundle: 1]
[use_missing: 1]
[zero_as_missing: 0]
[feature_pre_filter: 1]
[pre_partition: 0]
[two_round: 0]
[header: 0]
[label_column: ]
[weight_column: ]
[group_column: ]
[ignore_column: ]
[categorical_feature: ]
[forcedbins_filename: ]
[precise_float_parser: 0]
[parser_config_file: ]
[objective_seed: 5]
[num_class: 1]
[is_unbalance: 0]
[scale_pos_weight: 1]
[sigmoid: 1]
[boost_from_average: 1]
[reg_sqrt: 0]
[alpha: 0.1]
[fair_c: 1]
[poisson_max_delta_step: 0.7]
[tweedie_variance_power: 1.5]
[lambdarank_truncation_level: 30]
[lambdarank_norm: 1]
[label_gain: ]
[lambdarank_position_bias_regularization: 0]
[eval_at: ]
[multi_error_top_k: 1]
[auc_mu_weights: ]
[num_machines: 1]
[local_listen_port: 12400]
[time_out: 120]
[machine_list_filename: ]
[machines: ]
[gpu_platform_id: -1]
[gpu_device_id: -1]
[gpu_device_id_list: ]
[gpu_use_dp: 0]
[num_gpu: 1]

end of parameters

pandas_categorical:[]
