tree
version=v4
num_class=1
num_tree_per_iteration=1
label_index=0
max_feature_idx=16
objective=quantile
feature_names=ret_1d ret_5d ret_20d overnight_gap atr_pct parkinson_20 dvol_z_20 dist_ma20 dist_ma50 dist_ma200 spy_ret_1d spy_ret_5d spy_ret_20d vix_level vix_chg_1d sector_ret_1d sector_ret_5d
feature_infos=[-0.10476190476190472:0.042995444191344045] [-0.10499419279907074:0.074415612266780951] [-0.13805172078553374:0.12173913043478257] [-0.052032520325203113:0.017938496583143504] [0.010436683290196341:0.03036789172617485] [0.0066370979344043141:0.017107168452823437] [-2.2856637902464398:4.1407626871498211] [-0.085220416982349723:0.071771749574986998] [-0.10885516132274597:0.093103628842226671] [-0.092679460949432135:0.15399192919091265] [-0.058542947643003718:0.10501933612632941] [-0.11496158439845272:0.082843216242346029] [-0.12265592443394913:0.15756596870864792] [11.859999656677246:52.330001831054688] [-0.35753873962348437:0.74039073966007019] [-0.055499239736441885:0.039932885906040161] [-0.11075949367088611:0.072664359861591699]
tree_sizes=851 858 867 843 851 846 840 855 858 850 859 861 855 864 854

Tree=0
num_leaves=8
num_cat=0
split_feature=6 4 2 15 4 13 15
split_gain=4.91161 3.99311 2.29078 2.18387 1.89844 1.98564 1.63369
threshold=0.44437366956003355 0.014190910659840498 -0.069904054753227182 -0.0050444253533482577 0.015210000657948197 16.894999504089359 -0.0078272753055728655
decision_type=2 2 2 2 2 2 2
left_child=1 -1 -3 6 5 -2 -4
right_child=4 2 3 -5 -6 -7 -8
leaf_value=-0.0064241389627568424 -0.0064453932689502837 -0.0063453253475017849 -0.0066173838917165991 -0.0065191169269382954 -0.0067424708046019081 -0.006728830235078931 -0.0067444439046084881
leaf_weight=154 39 37 61 277 128 25 29
leaf_count=154 39 37 61 277 128 25 29
internal_value=-0.00666217 -0.00428869 -0.00690012 -0.00809559 -0.0135601 -0.00652884 -0.0148622
internal_weight=750 558 404 367 192 64 90
internal_count=750 558 404 367 192 64 90
is_linear=0
shrinkage=1


Tree=1
num_leaves=8
num_cat=0
split_feature=4 2 11 11 13 9 9
split_gain=4.96963 2.02122 1.62519 2.846 1.43076 1.75341 2.67815
threshold=0.013876293109932712 -0.069904054753227182 0.0025776305361616685 -0.0080581536357283139 17.289999961853031 -0.022902899919605643 -0.0062161574725130278
decision_type=2 2 2 2 2 8 8
left_child=2 -2 3 -1 5 -3 -7
right_child=1 4 -4 -5 -6 6 -8
leaf_value=0.00018808810302289205 0.00015932402864564214 9.370881598442794e-05 0.00012140675389673562 -6.4559970633126801e-05 -0.00013255090918391942 -0.00015845643822103738 -3.4042847692035134e-05
leaf_weight=28 39 42 93 47 236 39 210
leaf_count=28 39 42 93 47 236 39 210
internal_value=-0.000408719 -0.00265018 0.00714286 0.00166667 -0.003463 -0.00111684 -0.00271084
internal_weight=734 566 168 75 527 291 249
internal_count=734 566 168 75 527 291 249
is_linear=0
shrinkage=0.05


Tree=2
num_leaves=8
num_cat=0
split_feature=4 12 2 16 9 1 1
split_gain=5.00421 1.88838 2.40201 1.94091 1.67099 1.62933 2.10424
threshold=0.013876293109932712 0.055910575939094771 -0.069904054753227182 -0.024516896582163713 -0.042164004537030668 -0.0017927360144496249 -0.0060084873926932727
decision_type=2 2 2 2 10 2 2
left_child=-1 2 -2 4 -4 6 -5
right_child=1 -3 3 5 -6 -7 -8
leaf_value=7.9893968133546884e-05 0.00015689975532586691 -0.00017881857277825475 -0.00025428314323653467 1.8171798670664444e-05 -3.7871476757572959e-05 -6.9692919263616206e-05 0.00019627040834166109
leaf_weight=180 29 64 37 104 29 275 31
leaf_count=180 29 64 37 104 29 275 31
internal_value=0.000233645 -0.00206503 -0.0010396 -0.00189076 -0.00984848 -0.000609756 0.00388889
internal_weight=749 569 505 476 66 410 135
internal_count=749 569 505 476 66 410 135
is_linear=0
shrinkage=0.05


Tree=3
num_leaves=8
num_cat=0
split_feature=6 4 13 14 0 4 8
split_gain=3.69377 2.65447 1.9328 2.52493 1.90638 1.8022 3.27965
threshold=0.31538338817758388 0.014190910659840498 17.32499980926514 0.10370151545599839 -0.0047961636324372328 0.015210000657948197 -0.013580033219766694
decision_type=2 2 2 2 2 2 10
left_child=1 4 5 -4 -1 -2 -7
right_child=2 -3 3 -5 -6 6 -8
leaf_value=0.0001597663518663467 0.000115358199250295 -2.7877490763785235e-06 -0.00022058709723642096 5.8069549722131364e-05 7.0507157736210508e-05 5.2171372448356152e-05 -0.00021786206130927892
leaf_weight=28 46 376 73 25 121 30 44
leaf_count=28 46 376 73 25 121 30 44
internal_value=-3.36474e-05 0.0022381 -0.00550459 -0.0107143 0.00788591 -0.00125 -0.00608108
internal_weight=743 525 218 98 149 120 74
internal_count=743 525 218 98 149 120 74
is_linear=0
shrinkage=0.05


Tree=4
num_leaves=8
num_cat=0
split_feature=4 6 9 9 13 12 14
split_gain=3.06494 2.14273 2.37386 1.81771 1.53853 1.66115 1.56642
threshold=0.013876293109932712 0.44437366956003355 -0.031107367278803973 0.089634045751842986 17.32499980926514 0.029962761460985091 0.068214198873392098
decision_type=2 2 8 10 2 2 2
left_child=3 2 -2 -1 5 -3 -6
right_child=1 4 -4 -5 6 -7 -8
leaf_value=8.9683812060484356e-05 0.00014263795220744214 6.9997889199839873e-05 -2.9326427988562478e-05 -5.0976337666870655e-05 -0.00026724131896859035 -0.00013693497902873787 -8.5508086229092424e-05
leaf_weight=129 50 47 367 44 48 33 28
leaf_count=129 50 47 367 44 48 33 28
internal_value=0.000670241 -0.00109075 0.000779376 0.00650289 -0.00608974 -0.00125 -0.0111842
internal_weight=746 573 417 173 156 80 76
internal_count=746 573 417 173 156 80 76
is_linear=0
shrinkage=0.05


Tree=5
num_leaves=8
num_cat=0
split_feature=6 5 8 8 3 9 7
split_gain=3.51783 2.24528 1.5002 1.94562 1.87879 1.32857 1.12539
threshold=0.42995974248089019 0.011829662302129338 -0.037535551403824079 -0.015785218238048734 0.00091880243120168192 0.037386405721877687 0.010119103807216702
decision_type=2 2 10 10 2 10 2
left_child=1 -1 -2 -4 -5 -6 -3
right_child=2 6 3 4 5 -7 -8
leaf_value=4.6722099136414746e-05 -0.00019443573758157982 3.8230272241133233e-05 0.00010734135684492687 -0.00016957129486482882 -0.00018269974957837981 8.4880739985354012e-05 -0.00010787078680899137
leaf_weight=399 39 85 25 66 27 35 61
leaf_count=399 39 85 25 66 27 35 61
internal_value=-0.000169607 0.00188073 -0.00598958 -0.00375817 -0.00625 0 -0.00342466
internal_weight=737 545 192 153 128 62 146
internal_count=737 545 192 153 128 62 146
is_linear=0
shrinkage=0.05


Tree=6
num_leaves=8
num_cat=0
split_feature=6 4 10 13 2 2 11
split_gain=3.95353 2.77048 2.07641 2.0093 1.8954 1.79563 2.26449
threshold=0.42995974248089019 0.013876293109932712 -0.004502832663512756 16.98499965667725 0.041937870370599158 -0.0219505118429793 0.011742981145945632
decision_type=2 2 2 2 2 2 2
left_child=1 -1 -2 -4 5 6 -3
right_child=2 4 3 -5 -6 -7 -8
leaf_value=8.3894405743021653e-05 2.3430710259757324e-05 9.6670754604046141e-05 -9.4875480702188167e-05 -0.0002730941921430334 7.7025422185432463e-05 -7.8498383515525699e-05 -7.4422788643970807e-05
leaf_weight=142 63 92 80 49 89 185 46
leaf_count=142 63 92 80 49 89 185 46
internal_value=-6.70241e-05 0.00207581 -0.00625 -0.00988372 0 -0.00178019 0.00253623
internal_weight=746 554 192 129 412 323 138
internal_count=746 554 192 129 412 323 138
is_linear=0
shrinkage=0.05


Tree=7
num_leaves=8
num_cat=0
split_feature=4 6 1 7 3 2 2
split_gain=2.97962 1.82325 1.97561 1.93903 2.57577 1.903 1.65772
threshold=0.013832004353565764 0.44437366956003355 -0.0060084873926932727 0.010119103807216702 0.00099341861708179846 -0.069904054753227182 0.041937870370599158
decision_type=2 2 2 2 2 2 2
left_child=-1 5 -3 -4 -5 -2 -7
right_child=1 2 3 4 -6 6 -8
leaf_value=7.7248319739620403e-05 0.00015717677099118883 -0.00018115278918627467 0.00014835121274759598 -0.00019338524187418303 6.303993503184655e-05 -6.2654941906542441e-05 6.8203115000548266e-05
leaf_weight=161 36 82 25 26 31 296 88
leaf_count=161 36 82 25 26 31 296 88
internal_value=3.3557e-05 -0.00162671 -0.00609756 -0.000609756 -0.00570175 0.000119048 -0.000911458
internal_weight=745 584 164 82 57 420 384
internal_count=745 584 164 82 57 420 384
is_linear=0
shrinkage=0.05


Tree=8
num_leaves=8
num_cat=0
split_feature=4 6 7 10 1 10 11
split_gain=2.99646 1.74151 2.08123 1.80208 1.78635 1.47406 2.16103
threshold=0.013832004353565764 0.44437366956003355 -0.030869318971036726 -0.0055859659212495463 -0.019363987784441702 -0.0069332481569183138 -0.0043480810751578827
decision_type=2 2 2 2 2 2 2
left_child=-1 2 -2 -3 -4 -6 -7
right_child=1 3 4 -5 5 6 -8
leaf_value=6.3882536861344669e-05 0.00011613795400897348 1.7701197760608022e-05 -9.3648859960290216e-05 -0.00015390506412494269 -0.00016398988981230993 0.00013045488431193063 -2.3527596170898422e-05
leaf_weight=179 49 39 40 120 43 59 235
leaf_count=179 49 39 40 120 43 59 235
internal_value=6.5445e-05 -0.00166667 0 -0.00613208 -0.00125995 -7.4184e-05 0.00119048
internal_weight=764 585 426 159 377 337 294
internal_count=764 585 426 159 377 337 294
is_linear=0
shrinkage=0.05


Tree=9
num_leaves=8
num_cat=0
split_feature=6 4 15 0 5 10 16
split_gain=1.98679 1.74216 1.53 1.9845 1.47829 1.75621 1.9545
threshold=0.542518636652635 0.014190910659840498 -0.0040013679890560363 0.0014362995313634832 0.012450731868908977 -0.0055859659212495463 -0.016984030177060735
decision_type=2 2 2 2 2 2 2
left_child=1 2 -1 -4 5 -2 -7
right_child=4 -3 3 -5 -6 6 -8
leaf_value=9.5137280785578295e-05 9.9038989533509246e-05 2.0253251533265812e-06 -6.7236021562772745e-05 7.5839972008072464e-05 -0.00031040579329344843 -0.00020473813250190812 -3.9488517846848544e-05
leaf_weight=39 30 410 45 80 26 26 88
leaf_count=39 30 410 45 80 26 26 88
internal_value=0.000336022 0.00174216 0.00609756 0.0034 -0.00441176 -0.00243056 -0.00526316
internal_weight=744 574 164 125 170 144 114
internal_count=744 574 164 125 170 144 114
is_linear=0
shrinkage=0.05


Tree=10
num_leaves=8
num_cat=0
split_feature=6 4 2 2 1 7 8
split_gain=2.68536 2.23104 2.28741 2.0903 2.03532 1.85893 1.50717
threshold=0.42995974248089019 0.014190910659840498 -0.069904054753227182 0.042704584903264127 -0.0075547457795912534 0.027200140071512172 0.036197298259366691
decision_type=2 2 2 2 2 2 8
left_child=1 -1 -3 6 -2 -5 -4
right_child=4 2 3 5 -6 -7 -8
leaf_value=6.437299157190694e-05 -0.00018085000467255475 0.00014150846384911628 -3.3970964208377842e-05 0.00013474486721010934 -1.1518454253110334e-05 -1.2623039994971113e-06 -0.00026797676888725921
leaf_weight=158 79 35 248 34 115 49 31
leaf_count=158 79 35 248 34 115 49 31
internal_value=0.000166889 0.00193694 -6.29723e-05 -0.00124309 -0.00489691 0.00572289 -0.00331541
internal_weight=749 555 397 362 194 83 279
internal_count=749 555 397 362 194 83 279
is_linear=0
shrinkage=0.05


Tree=11
num_leaves=8
num_cat=0
split_feature=4 2 5 1 14 1 15
split_gain=2.63921 2.0342 1.9967 1.97372 1.43749 1.26172 1.7391
threshold=0.013832004353565764 -0.069904054753227182 0.0078027521076760907 -0.017154918098809809 -0.030119880421319408 0.042009688349287762 0.013980157591128696
decision_type=2 2 2 2 2 2 2
left_child=2 -2 -1 -3 -4 6 -5
right_child=1 3 4 5 -6 -7 -8
leaf_value=-1.6363813943853214e-05 0.00012875302001354592 -8.736913500952313e-05 0.00011647316265220634 -1.2318627984992574e-05 9.1177421574818686e-05 -0.00011780163398209116 7.7040193178648202e-05
leaf_weight=54 40 112 28 354 93 30 36
leaf_count=54 40 112 28 354 93 30 36
internal_value=0.000769746 -0.000874126 0.00614286 -0.00169173 0.00971074 -0.000119048 0.000641026
internal_weight=747 572 175 532 121 420 390
internal_count=747 572 175 532 121 420 390
is_linear=0
shrinkage=0.05


Tree=12
num_leaves=8
num_cat=0
split_feature=1 13 1 5 2 9 4
split_gain=2.5785 2.53981 2.49715 3.13471 2.5344 2.32269 1.47255
threshold=-0.016426381093582462 18.214999198913578 0.010284473368033288 0.0083449442027569189 0.064176890198259243 -0.025752893084393321 0.017995266021344606
decision_type=2 2 2 2 2 8 2
left_child=5 2 6 -4 -5 -1 -2
right_child=1 -3 3 4 -6 -7 -8
leaf_value=8.6089968886030781e-05 6.3857303713957733e-05 -6.9600955572613358e-05 0.00016065965859040273 -0.00015102373030039077 0.00017628234010389268 -8.0944030182156283e-05 -1.9460663005119129e-05
leaf_weight=33 196 172 29 114 25 127 38
leaf_count=33 196 172 29 114 25 127 38
internal_value=0.000613079 0.0021777 0.00435323 -0.000297619 -0.00341727 -0.005 0.00769231
internal_weight=734 574 402 168 139 160 234
internal_count=734 574 402 168 139 160 234
is_linear=0
shrinkage=0.05


Tree=13
num_leaves=8
num_cat=0
split_feature=4 2 1 8 2 2 15
split_gain=2.36309 1.8016 1.59445 1.72112 2.42308 1.92857 1.47561
threshold=0.013832004353565764 -0.069904054753227182 -0.019363987784441702 -0.032031515970424133 -0.013880385499663915 -0.020584705897505991 -0.0051394484859333947
decision_type=2 2 2 8 2 2 2
left_child=6 -2 -3 -4 5 -5 -1
right_child=1 2 3 4 -6 -7 -8
leaf_value=0.00010865690335430511 0.00011821974732767774 -6.8010415709105737e-05 8.4560687496674028e-05 -8.162381783598577e-05 1.1764538118069963e-05 -0.00017823435952654375 3.0399018272246768e-05
leaf_weight=41 41 102 39 56 310 28 128
leaf_count=41 41 102 39 56 310 28 128
internal_value=0.00057047 -0.000954861 -0.00172897 -0.000404157 -0.00139594 -0.00892857 0.00576923
internal_weight=745 576 535 433 394 84 169
internal_count=745 576 535 433 394 84 169
is_linear=0
shrinkage=0.05


Tree=14
num_leaves=8
num_cat=0
split_feature=13 6 0 4 2 6 6
split_gain=2.56355 1.73147 1.7096 1.59756 2.55493 1.90403 2.46792
threshold=17.369999885559086 0.38467517628866205 0.0059448287278397469 0.014190910659840498 0.06084069245470048 -0.86985396570224927 -0.42109351309661253
decision_type=2 2 2 2 2 2 2
left_child=3 -2 -3 -1 5 -5 -7
right_child=1 2 -4 4 -6 6 -8
leaf_value=5.7814958095056009e-05 -3.4100962193245363e-05 -0.00022483295994114267 3.3820826088801911e-06 -7.7262487869895937e-05 0.00021779918038095726 8.8842196777043716e-05 -5.6501081289431234e-05
leaf_weight=146 205 54 25 52 26 59 152
leaf_count=146 205 54 25 52 26 59 152
internal_value=0.000173853 -0.00352113 -0.00981013 0.00258621 0.000432526 -0.00104563 0.00106635
internal_weight=719 284 79 435 289 263 211
internal_count=719 284 79 435 289 263 211
is_linear=0
shrinkage=0.05


end of trees

feature_importances:
atr_pct=16
ret_20d=15
dvol_z_20=12
ret_5d=10
dist_ma200=7
vix_level=7
dist_ma50=5
sector_ret_1d=5
parkinson_20=4
dist_ma20=4
spy_ret_1d=4
spy_ret_5d=4
ret_1d=3
vix_chg_1d=3
overnight_gap=2
spy_ret_20d=2
sector_ret_5d=2

parameters:
[boosting: gbdt]
[objective: quantile]
[metric: quantile]
[tree_learner: serial]
[device_type: cpu]
[data_sample_strategy: bagging]
[data: ]
[valid: ]
[num_iterations: 80]
[learning_rate: 0.05]
[num_leaves: 8]
[num_threads: 1]
[seed: 0]
[deterministic: 0]
[force_col_wise: 1]
[force_row_wise: 0]
[histogram_pool_size: -1]
[max_depth: -1]
[min_data_in_leaf: 25]
[min_sum_hessian_in_leaf: 0.001]
[bagging_fraction: 0.9]
[pos_bagging_fraction: 1]
[neg_bagging_fraction: 1]
[bagging_freq: 1]
[bagging_seed: 3]
[bagging_by_query: 0]
[feature_fraction: 0.9]
[feature_fraction_bynode: 1]
[feature_fraction_seed: 2]
[extra_trees: 0]
[extra_seed: 6]
[early_stopping_round: 0]
[early_stopping_min_delta: 0]
[first_metric_only: 0]
[max_delta_step: 0]
[lambda_l1: 0]
[lambda_l2: 0]
[linear_lambda: 0]
[min_gain_to_split: 0]
[drop_rate: 0.1]
[max_drop: 50]
[skip_drop: 0.5]
[xgboost_dart_mode: 0]
[uniform_drop: 0]
[drop_seed: 4]
[top_rate: 0.2]
[other_rate: 0.1]
[min_data_per_group: 100]
[max_cat_threshold: 32]
[cat_l2: 10]
[cat_smooth: 10]
[max_cat_to_onehot: 4]
[top_k: 20]
[monotone_constraints: ]
[monotone_constraints_method: basic]
[monotone_penalty: 0]
[feature_contri: ]
[forcedsplits_filename: ]
[refit_decay_rate: 0.9]
[cegb_tradeoff: 1]
[cegb_penalty_split: 0]
[cegb_penalty_feature_lazy: ]
[cegb_penalty_feature_coupled: ]
[path_smooth: 0]
[interaction_constraints: ]
[verbosity: -1]
[saved_feature_importance_type: 0]
[use_quantized_grad: 0]
[num_grad_quant_bins: 4]
[quant_train_renew_leaf: 0]
[stochastic_rounding: 1]
[linear_tree: 0]
[max_bin: 255]
[max_bin_by_feature: ]
[min_data_in_bin: 3]
[bin_construct_sample_cnt: 200000]
[data_random_seed: 1]
[is_enable_sparse: 1]
[enable_bundle: 1]
[use_missing: 1]
[zero_as_missing: 0]
[feature_pre_filter: 1]
[pre_partition: 0]
[two_round: 0]
[header: 0]
[label_column: ]
[weight_column: ]
[group_column: ]
[ignore_column: ]
[categorical_feature: ]
[forcedbins_filename: ]
[precise_float_parser: 0]
[parser_config_file: ]
[objective_seed: 5]
[num_class: 1]
[is_unbalance: 0]
[scale_pos_weight: 1]
[sigmoid: 1]
[boost_from_average: 1]
[reg_sqrt: 0]
[alpha: 0.5]
[fair_c: 1]
[poisson_max_delta_step: 0.7]
[tweedie_variance_power: 1.5]
[lambdarank_truncation_level: 30]
[lambdarank_norm: 1]
[label_gain: ]
[lambdarank_position_bias_regularization: 0]
[eval_at: ]
[multi_error_top_k: 1]
[auc_mu_weights: ]
[num_machines: 1]
[local_listen_port: 12400]
[time_out: 120]
[machine_list_filename: ]
[machines: ]
[gpu_platform_id: -1]
[gpu_device_id: -1]
[gpu_device_id_list: ]
[gpu_use_dp: 0]
[num_gpu: 1]

end of parameters

pandas_categorical:[]
