tree
version=v4
num_class=1
num_tree_per_iteration=1
label_index=0
max_feature_idx=16
objective=quantile
feature_names=ret_1d ret_5d ret_20d overnight_gap atr_pct parkinson_20 dvol_z_20 dist_ma20 dist_ma50 dist_ma200 spy_ret_1d spy_ret_5d spy_ret_20d vix_level vix_chg_1d sector_ret_1d sector_ret_5d
feature_infos=[-0.09283118599273199:0.066369890732496994] [-0.12043561819346571:0.11351572070232763] [-0.13869314541960276:0.20867208672086734] [-0.04063429137760155:0.035474970437524567] [0.011510820091032511:0.050735888771949268] [0.0079740613221856421:0.02776755758800049] [-2.629681196823245:3.6373110791308982] [-0.08629441624365497:0.10748492373181984] [-0.092864386569043611:0.16910674346012988] [-0.063363760945810976:0.38497971543374021] [-0.058542947643003718:0.10501933612632941] [-0.11496158439845272:0.082843216242346029] [-0.12265592443394913:0.15756596870864792] [11.859999656677246:52.330001831054688] [-0.35753873962348437:0.74039073966007019] [-0.091999077703481591:0.07744636316064879] [-0.18680851063829784:0.088235294117646967]
tree_sizes=846 864 864 860 861 871 871 865 866 870 864 876 855 859 866 868 858 869 868 863 866 868 862 863 867 863 872 862 875 855 859 854 866 865 857 873 865 863 869 853 866 866 874 858 866 860 876 869 869 863 873 864 866 869 861 872 862 862 862 869 859 858 875 864 871

Tree=0
num_leaves=8
num_cat=0
split_feature=15 6 4 5 10 10 10
split_gain=0.894966 0.997227 0.619013 0.707523 0.750434 1.20593 0.670285
threshold=-0.0087147624088058633 2.1435192199947282 0.013927665754216698 0.0092449910739226277 0.0092143368425633438 0.014365364117936543 -0.00038722571471944128
decision_type=2 2 2 2 2 2 2
left_child=-1 2 -2 -4 6 -6 -5
right_child=1 -3 3 4 5 -7 -8
leaf_value=0.0012155322275662253 0.001231387778340326 0.0013998180458326 0.0013936205043335939 0.0013974925642307929 0.0015957270889651431 0.0011889825886999938 0.001223484201970583
leaf_weight=174 49 26 30 175 47 28 221
leaf_count=174 49 26 30 175 47 28 221
internal_value=0.00118485 0.00213416 0.00168182 0.00220641 0.0017322 0.00631818 0.000863638
internal_weight=750 576 550 501 471 75 396
internal_count=750 576 550 501 471 75 396
is_linear=0
shrinkage=1


Tree=1
num_leaves=8
num_cat=0
split_feature=8 8 9 12 5 7 16
split_gain=0.558242 0.979121 0.989461 0.854707 0.702207 0.458667 0.471889
threshold=0.034916908455781444 0.027642166967467244 0.070452748278374236 -0.032606215925707109 0.0092860487088413015 0.038180262303067376 0.034279824004365585
decision_type=8 10 10 2 2 2 2
left_child=1 3 -3 -1 -5 -2 -7
right_child=5 2 -4 4 -6 6 -8
leaf_value=0.00020500114580889137 -8.8073977724396706e-05 0.00016166654280254454 2.4803012152317021e-06 3.723093353522223e-05 -6.0776611378311267e-05 -4.6730501032041873e-05 0.00018920859659686171
leaf_weight=51 136 31 36 39 346 67 28
leaf_count=51 136 31 36 39 346 67 28
internal_value=-0.000367849 0.000566599 0.00619403 -0.000298166 -0.0011039 -0.0024026 0.000263157
internal_weight=734 503 67 436 385 231 95
internal_count=734 503 67 436 385 231 95
is_linear=0
shrinkage=0.05


Tree=2
num_leaves=8
num_cat=0
split_feature=8 8 6 12 7 11 12
split_gain=0.617066 0.759548 0.850242 0.772754 0.843956 0.42853 0.575002
threshold=0.034916908455781444 0.027642166967467244 -0.27195053807713387 -0.029032360146205412 -0.015724558304037458 -0.0066204658378158357 -0.013091193360924845
decision_type=8 10 2 2 2 2 2
left_child=1 3 -3 4 -1 6 -2
right_child=5 2 -4 -5 -6 -7 -8
leaf_value=0.00032169615529266155 -0.00013379647443263588 -4.9659924191663743e-06 9.9539283592075872e-05 -1.2219926773807038e-05 -0.00010529830315678264 -6.4933796750414813e-05 8.4547860366470154e-05
leaf_weight=26 35 36 33 384 30 166 39
leaf_count=26 35 36 33 384 30 166 39
internal_value=6.67438e-06 0.00099214 0.00586956 0.000227272 0.00571428 -0.00208333 0.00108108
internal_weight=749 509 69 440 56 240 74
internal_count=749 509 69 440 56 240 74
is_linear=0
shrinkage=0.05


Tree=3
num_leaves=8
num_cat=0
split_feature=4 4 6 4 10 10 9
split_gain=0.660102 1.11105 0.465797 0.48509 0.601501 0.941893 0.666807
threshold=0.014314093523588317 0.014984719631090311 -0.83260956613331816 0.0188927757563782 -0.0077272822899705487 0.0025358686375718258 0.033449283675350057
decision_type=2 2 2 2 2 2 8
left_child=-1 -2 -3 4 -4 6 -6
right_child=1 2 3 -5 5 -7 -8
leaf_value=-9.1770095143442072e-05 5.764914488812172e-05 -4.9296830834247406e-05 -0.00015620836149457263 -2.9141036485633356e-05 0.00015119988159997811 -9.7450797295256658e-06 6.7656953745687804e-05
leaf_weight=75 35 125 36 257 35 96 84
leaf_count=75 35 125 36 257 35 96 84
internal_value=0.0001144 0.000613771 0.00013428 0.000807085 0.00237052 0.00337209 0.00634454
internal_weight=743 668 633 508 251 215 119
internal_count=743 668 633 508 251 215 119
is_linear=0
shrinkage=0.05


Tree=4
num_leaves=8
num_cat=0
split_feature=4 9 8 6 4 3 4
split_gain=0.795324 0.66263 0.859698 0.496575 0.412857 1.34444 0.631639
threshold=0.026706724037965961 0.026576632422181005 0.027642166967467244 1.8433228536924873 0.016745476687105156 0.00058292444239071994 0.017731279704821874
decision_type=2 10 10 2 2 2 2
left_child=1 2 4 -3 5 -1 -6
right_child=-2 3 -4 -5 6 -7 -8
leaf_value=-0.00016220025817552681 0.00021170309613645572 -4.9330495436103625e-05 0.00011120377921040282 3.4955973988727907e-05 -0.0001731233306577107 8.5369745153674416e-05 2.7641213906314521e-05
leaf_weight=45 43 351 27 25 61 45 149
leaf_count=45 43 351 27 25 61 45 149
internal_value=2.68085e-05 -0.000376957 0.00126911 -0.00180851 0.000499999 0.00333333 -0.000714287
internal_weight=746 703 327 376 300 90 210
internal_count=746 703 327 376 300 90 210
is_linear=0
shrinkage=0.05


Tree=5
num_leaves=8
num_cat=0
split_feature=15 5 8 1 10 16 16
split_gain=0.459893 0.634909 1.16907 0.816432 0.41837 0.63362 0.554709
threshold=-0.0087147624088058633 0.0096708649726278909 0.034916908455781444 0.001587440093434145 -0.00018006943063253453 -0.020358879298759399 0.037444021103074883
decision_type=2 2 10 2 2 2 2
left_child=-1 2 3 -2 6 -6 -3
right_child=1 4 -4 -5 5 -7 -8
leaf_value=-6.4265466182329253e-05 0.00017968342415463249 9.0484491154646545e-05 -2.5077506082143034e-05 3.5231478955692811e-06 7.0315477183277613e-05 -9.0551449147439043e-05 -0.00020131068020629679
leaf_weight=169 44 145 43 31 44 235 26
leaf_count=169 44 145 43 31 44 235 26
internal_value=-4.7491e-05 0.000633802 0.0038983 0.00766667 -0.000222223 -0.00141577 0.00172515
internal_weight=737 568 118 75 450 279 171
internal_count=737 568 118 75 450 279 171
is_linear=0
shrinkage=0.05


Tree=6
num_leaves=8
num_cat=0
split_feature=4 4 15 14 16 14 0
split_gain=0.697315 0.977421 0.482513 0.84545 1.04261 0.788998 0.720804
threshold=0.014498982774080111 0.014984719631090311 0.0058445573073279142 0.047546513885702975 -0.00070045165109383623 0.00619378828642947 -0.001174916186493735
decision_type=2 2 2 2 2 2 2
left_child=-1 -2 5 4 -4 -3 -7
right_child=1 2 3 -5 -6 6 -8
leaf_value=-4.5816816735759518e-05 9.4343262588820548e-05 -4.7942411938735038e-05 0.00018509644856733946 -0.00014912057222682331 3.7119144234624625e-05 -3.1053195957339367e-05 0.00011568996315194454
leaf_weight=82 27 232 43 37 151 122 52
leaf_count=82 27 232 43 37 151 122 52
internal_value=-4.02157e-05 0.000496987 0.00010204 0.00192641 0.00324742 -0.000935962 0.00160919
internal_weight=746 664 637 231 194 406 174
internal_count=746 664 637 231 194 406 174
is_linear=0
shrinkage=0.05


Tree=7
num_leaves=8
num_cat=0
split_feature=4 5 4 6 4 6 15
split_gain=0.661343 0.56681 0.431421 0.470204 0.524482 0.748374 0.55862
threshold=0.013927665754216698 0.0092449910739226277 0.026706724037965961 -0.83260956613331816 0.0188927757563782 1.354360770999137 0.0049622589117106495
decision_type=2 2 2 2 2 2 2
left_child=-1 -2 3 -3 6 -6 -5
right_child=1 2 -4 4 5 -7 -8
leaf_value=-4.5179713882389904e-05 5.1286390909819675e-05 -4.2269801312283954e-05 0.00019005201630192741 -7.2888567973922826e-07 -8.0562114999908053e-05 0.00013520098130713663 8.1719248376289325e-05
leaf_weight=60 40 124 46 156 185 33 101
leaf_count=60 40 124 46 156 185 33 101
internal_value=3.35559e-05 0.000474451 0.000116278 -0.000242071 0.000473683 -0.00133028 0.00200389
internal_weight=745 685 645 599 475 218 257
internal_count=745 685 645 599 475 218 257
is_linear=0
shrinkage=0.05


Tree=8
num_leaves=8
num_cat=0
split_feature=4 4 1 8 3 8 2
split_gain=0.721646 0.638953 0.743619 1.92833 0.67291 0.671385 0.969554
threshold=0.013927665754216698 0.0188927757563782 0.0010343434987538649 0.019672860285514075 -0.0013321770985881829 -0.0045321903734822358 -0.010211200005296127
decision_type=2 2 2 10 2 8 2
left_child=-1 2 3 4 -2 6 -3
right_child=1 5 -4 -5 -6 -7 -8
leaf_value=-7.2943790825593361e-05 -9.3461554111336586e-05 -1.6151437146371641e-05 1.0021629746740545e-06 8.4423869453119257e-05 0.00017453386880890171 -7.7304040476905807e-05 6.6762807101939734e-05
leaf_weight=65 41 108 208 39 70 207 26
leaf_count=65 41 108 208 39 70 207 26
internal_value=3.92658e-05 0.000507867 0.00198324 0.00466667 0.00130631 -0.00104106 0.00171642
internal_weight=764 699 358 150 111 341 134
internal_count=764 699 358 150 111 341 134
is_linear=0
shrinkage=0.05


Tree=9
num_leaves=8
num_cat=0
split_feature=15 15 6 16 4 4 5
split_gain=0.490035 1.03629 0.591694 1.09825 0.681231 0.641612 0.57971
threshold=-0.0091412332129111578 -0.0068287265458780158 -0.3227405142134176 -0.022394351483718763 0.017774732617638341 0.016558086486781805 0.0096634654978025383
decision_type=2 2 2 2 2 2 2
left_child=-1 -2 -3 -4 5 6 -5
right_child=1 2 3 4 -6 -7 -8
leaf_value=-7.7364938104069686e-05 0.00014948034567225879 -3.0828288777379603e-05 0.00017711331576632548 1.2817305343979091e-05 -7.1451314904035063e-05 0.00014267425897922944 -0.00013862925254863392
leaf_weight=163 27 251 39 60 134 38 32
leaf_count=163 27 251 39 60 134 38 32
internal_value=-0.000430109 0.000249569 -0.000216608 0.00127063 0.000113635 0.00269231 0.000434781
internal_weight=744 581 554 303 264 130 92
internal_count=744 581 554 303 264 130 92
is_linear=0
shrinkage=0.05


Tree=10
num_leaves=8
num_cat=0
split_feature=4 11 10 5 0 11 0
split_gain=0.618089 0.508824 0.76669 1.09756 0.582593 0.573728 0.807944
threshold=0.013927665754216698 0.012589162192508276 0.0081956956278671517 0.010590757835477102 0.0069127996745734785 -0.0061809109481818494 -1.0000000180025095e-35
decision_type=2 2 2 2 2 2 2
left_child=-1 5 3 -3 -4 6 -2
right_child=1 2 4 -5 -6 -7 -8
leaf_value=-5.8919393062363951e-05 -2.200627419319025e-05 5.741699585412231e-05 3.9465637129420148e-05 -4.6321627109508866e-05 0.00016302350021434885 -6.6553808417960569e-05 0.00011105291082869854
leaf_weight=63 94 53 27 102 25 293 92
leaf_count=63 94 53 27 102 25 293 92
internal_value=-0.000260348 0.000174926 0.00224638 0.00048387 0.0075 -0.000720252 0.00145161
internal_weight=749 686 207 155 52 479 186
internal_count=749 686 207 155 52 479 186
is_linear=0
shrinkage=0.05


Tree=11
num_leaves=8
num_cat=0
split_feature=4 5 15 11 11 10 10
split_gain=0.472481 0.646264 0.422423 0.686341 0.515144 0.962527 1.40979
threshold=0.013927665754216698 0.0092449910739226277 -0.0095938609108001099 -0.022024013564940267 0.012589162192508276 0.0081956956278671517 -0.00010102094958625017
decision_type=2 2 2 2 2 2 2
left_child=-1 -2 -3 -4 -5 6 -6
right_child=1 2 3 4 5 -7 -8
leaf_value=-8.438549087204108e-05 4.9807116152118596e-05 -7.136728154822722e-05 0.00014697677627371433 -4.644669277710216e-05 5.7496686113789115e-05 8.8962502123460371e-05 -9.0138479798015524e-05
leaf_weight=67 46 134 44 303 28 45 80
leaf_count=67 46 134 44 303 28 45 80
internal_value=-0.000247658 0.000147058 -0.00026814 0.000399999 -0.00017544 0.00218954 -0.000370372
internal_weight=747 680 634 500 456 153 108
internal_count=747 680 634 500 456 153 108
is_linear=0
shrinkage=0.05


Tree=12
num_leaves=8
num_cat=0
split_feature=3 12 4 6 8 9 0
split_gain=0.800622 0.867772 0.911001 1.14739 0.98555 1.76727 0.888889
threshold=0.00058292444239071994 0.040743458485600355 0.018601870328686782 -0.29135184073336629 0.033789509586154461 0.11880906443258711 0.0022748835604622379
decision_type=2 2 2 2 10 8 2
left_child=-1 2 3 6 5 -5 -2
right_child=1 -3 -4 4 -6 -7 -8
leaf_value=-3.9403712617371629e-05 7.6603945615498947e-05 -8.6825532991968563e-05 -1.1489856910366928e-05 0.00018428994887564299 2.7334618146526529e-05 8.5396447252013752e-05 -8.0988120676286446e-05
leaf_weight=358 36 69 146 25 34 30 36
leaf_count=358 36 69 146 25 34 30 36
internal_value=-9.5369e-05 0.00151596 0.00265472 0.00524845 0.00904494 0.0131818 0.000555554
internal_weight=734 376 307 161 89 55 72
internal_count=734 376 307 161 89 55 72
is_linear=0
shrinkage=0.05


Tree=13
num_leaves=8
num_cat=0
split_feature=4 16 15 14 4 5 4
split_gain=0.730789 0.551638 0.61581 0.644365 0.745886 1.28056 0.410055
threshold=0.026706724037965961 0.037444021103074883 0.0056004165028811234 0.047142331582309634 0.018837441666191359 0.010330256449189302 0.020839387991780978
decision_type=2 2 2 2 2 2 2
left_child=1 2 -1 4 5 -4 -6
right_child=-2 -3 3 -5 6 -7 -8
leaf_value=-1.4728208906166615e-05 0.00018019559209389688 -0.00014651989370596382 4.6320382548095852e-05 -4.3986879760611517e-05 -0.000175099596659235 0.00014637782254088666 3.006634074649302e-05
leaf_weight=429 46 85 58 26 29 34 38
leaf_count=429 46 85 58 26 29 34 38
internal_value=-0.000234901 -0.000636625 -0.000114008 0.0022973 0.00349056 0.00641304 -0.000522389
internal_weight=745 699 614 185 159 92 67
internal_count=745 699 614 185 159 92 67
is_linear=0
shrinkage=0.05


Tree=14
num_leaves=8
num_cat=0
split_feature=4 5 4 8 6 7 13
split_gain=0.54864 0.563678 0.46603 0.467684 0.427197 0.532828 0.579599
threshold=0.013927665754216698 0.0091857997971234381 0.024900594683650992 -0.02235759641915069 -0.87197899594374928 -0.007983216136669689 13.525000095367433
decision_type=2 2 2 10 2 2 2
left_child=-1 -2 4 -4 -3 -6 -7
right_child=1 2 3 -5 5 6 -8
leaf_value=-8.8583094900468792e-05 5.7756854590404336e-05 -8.4492536901802101e-05 0.00020052404987689539 -6.6388069905117978e-05 -9.9822053036935609e-05 5.1414322181946648e-05 1.7379865526695944e-06
leaf_weight=65 37 99 31 34 155 33 265
leaf_count=65 37 99 31 34 155 33 265
internal_value=-0.000618916 -0.000183487 -0.000542951 0.00346154 -0.00101449 -0.00036424 0.000872482
internal_weight=719 654 617 65 552 453 298
internal_count=719 654 617 65 552 453 298
is_linear=0
shrinkage=0.05


Tree=15
num_leaves=8
num_cat=0
split_feature=4 3 7 1 1 1 2
split_gain=0.542745 0.370557 0.365855 0.251934 1.09258 0.361666 0.519081
threshold=0.026706724037965961 -0.0092816297680388109 -0.038596908552175506 0.046473557654549198 0.037438592009583889 0.016378323329750869 0.029154793303136309
decision_type=2 2 2 2 2 2 2
left_child=1 -1 -3 4 5 6 -4
right_child=-2 2 3 -5 -6 -7 -8
leaf_value=4.1594066449613439e-05 0.00016582241703437693 0.00010509174839250353 -4.2530041945495804e-05 -0.000135879852552284 0.00012118584933197514 -8.942376016056202e-05 1.0675688930738294e-05
leaf_weight=25 47 26 296 46 37 139 127
leaf_count=25 47 26 296 46 37 139 127
internal_value=-0.000625842 -0.000977013 -0.0011997 -0.00143411 -0.00116027 -0.00170819 -0.000981089
internal_weight=743 696 671 645 599 562 423
internal_count=743 696 671 645 599 562 423
is_linear=0
shrinkage=0.05


Tree=16
num_leaves=8
num_cat=0
split_feature=8 8 1 12 13 6 16
split_gain=0.655065 0.826436 1.31885 0.855561 0.625779 0.572 0.735632
threshold=0.034916908455781444 0.027642166967467244 0.014921120947404944 -0.029032360146205412 16.644999504089359 -0.48556640576555993 0.02386635415888139
decision_type=8 10 2 2 2 2 2
left_child=1 3 -3 -1 5 -5 -7
right_child=-2 2 -4 4 -6 6 -8
leaf_value=0.00018125385581554997 -2.4798024637768648e-05 4.7480153649075613e-05 -8.190937605958765e-05 -5.8677046530469399e-05 -8.2884827842921195e-05 6.2356794801882685e-05 -0.00013956078882118608
leaf_weight=54 243 47 26 80 191 87 29
leaf_count=54 243 47 26 80 191 87 29
internal_value=1.98139e-05 0.00103113 0.0059589 0.000215418 -0.000607236 0.00137755 0.00362069
internal_weight=757 514 73 441 387 196 116
internal_count=757 514 73 441 387 196 116
is_linear=0
shrinkage=0.05


Tree=17
num_leaves=8
num_cat=0
split_feature=11 1 9 11 11 4 2
split_gain=0.544789 1.54743 0.776398 0.373327 0.529047 0.38186 0.366232
threshold=0.018027323901660845 -0.011789846059152063 0.069517433409711629 -0.0060505847997984188 -0.0087471822006088256 0.01801114936495125 -0.0048161574420912392
decision_type=2 2 8 2 2 2 2
left_child=3 -2 -3 4 5 -1 -7
right_child=1 2 -4 -5 -6 6 -8
leaf_value=-3.2145399144747092e-05 0.00010879430142509551 2.2057075351833584e-05 -5.9731580317523332e-05 -2.296469155879125e-05 4.0377651098970119e-05 -3.3462843158273634e-05 0.00011482219266613976
leaf_weight=59 27 35 80 407 34 45 59
leaf_count=59 27 35 80 407 34 45 59
internal_value=-4.02157e-05 0.00274648 0.00021739 -0.000695365 0.00109137 -9.20257e-05 0.00173077
internal_weight=746 142 115 604 197 163 104
internal_count=746 142 115 604 197 163 104
is_linear=0
shrinkage=0.05


Tree=18
num_leaves=8
num_cat=0
split_feature=6 9 11 16 1 4 4
split_gain=0.474445 0.526519 0.822442 1.47384 0.386442 0.318908 0.709092
threshold=2.2763096785445502 0.082134342104094885 0.018972552338111019 0.0073839035039743326 0.031815291790565532 0.016414965214191685 0.01677970117700751
decision_type=2 10 2 2 2 2 2
left_child=1 2 4 -4 5 -1 -7
right_child=-2 -3 3 -5 -6 6 -8
leaf_value=-2.0689619522175515e-05 1.7848225905501875e-05 -2.2274146643604138e-05 0.00013253164804640026 -2.3593449425071925e-06 5.898998009123369e-05 6.0387205860402052e-05 -4.5536172830660855e-06
leaf_weight=101 32 281 28 48 29 27 207
leaf_count=101 32 281 28 48 29 27 207
internal_value=-1.99215e-05 -0.000284329 0.000795453 0.00552631 -0.000192309 -0.000671643 0.000341879
internal_weight=753 721 440 76 364 335 234
internal_count=753 721 440 76 364 335 234
is_linear=0
shrinkage=0.05


Tree=19
num_leaves=8
num_cat=0
split_feature=15 14 16 11 9 14 4
split_gain=0.485779 0.825125 0.962586 0.772247 0.758981 0.534195 0.376443
threshold=0.0056004165028811234 0.047142331582309634 -0.00070045165109383623 0.0077476291069551459 0.2149281775611748 0.0066946732173895915 0.027462592595714184
decision_type=2 2 2 2 8 2 2
left_child=6 2 3 -2 5 -4 -1
right_child=1 -3 4 -5 -6 -7 -8
leaf_value=-1.7871441402229365e-05 9.8043994030591424e-05 -7.6774716821649232e-05 -9.61457918910012e-05 0.00015983067439921821 9.7292873903849503e-05 1.8264801162567755e-05 0.00020660556058178038
leaf_weight=466 26 41 77 25 44 34 26
leaf_count=466 26 41 77 25 44 34 26
internal_value=-0.00033153 0.00147773 0.00276699 0.00872549 0.00080645 -0.0013964 -0.00123984
internal_weight=739 247 206 51 155 111 492
internal_count=739 247 206 51 155 111 492
is_linear=0
shrinkage=0.05


Tree=20
num_leaves=8
num_cat=0
split_feature=5 5 1 9 4 10 11
split_gain=0.562383 1.44839 0.836725 0.888375 0.435204 0.330499 0.482857
threshold=0.010503222084251633 0.010330256449189302 0.00067969991634109228 0.025305746754248796 0.026706724037965961 0.0081956956278671517 0.018027323901660845
decision_type=2 2 2 10 2 2 2
left_child=1 2 3 -1 5 -2 -7
right_child=4 -3 -4 -5 -6 6 -8
leaf_value=2.2899142015216819e-05 -3.5588606812145303e-05 0.00015784849987241352 -1.7714795981455743e-05 7.8116030512261096e-06 0.00013955364810391824 -0.00013862590468372219 2.9608347923561657e-05
leaf_weight=91 339 29 132 42 48 45 25
leaf_count=91 339 29 132 42 48 45 25
internal_value=-7.32369e-05 0.00163265 0.000471697 0.00327068 -0.00117068 -0.00169927 0.00142857
internal_weight=751 294 265 133 457 409 70
internal_count=751 294 265 133 457 409 70
is_linear=0
shrinkage=0.05


Tree=21
num_leaves=8
num_cat=0
split_feature=1 13 16 11 16 16 8
split_gain=0.442654 0.901457 0.742749 0.557307 0.843882 0.572344 0.386928
threshold=0.0011621542869547643 13.824999809265138 -0.016633501052810303 -0.0061809109481818494 0.0046301227858266411 0.028788674373634752 0.014342478136934679
decision_type=2 2 2 2 2 2 8
left_child=1 2 -1 4 -2 -6 -5
right_child=3 -3 -4 6 5 -7 -8
leaf_value=-1.2411622734576607e-06 -0.00021403751719017069 1.0122715462445077e-07 3.6773021652551315e-05 -1.3374674600440557e-06 9.1858684224075402e-05 -4.2155575441004822e-05 -6.4239976123572819e-05
leaf_weight=25 25 290 28 114 28 26 212
leaf_count=25 25 290 28 114 28 26 212
internal_value=-5.34771e-05 0.00126822 0.00726415 -0.00117284 0.00259494 0.00611111 -0.00208589
internal_weight=748 343 53 405 79 54 326
internal_count=748 343 53 405 79 54 326
is_linear=0
shrinkage=0.05


Tree=22
num_leaves=8
num_cat=0
split_feature=11 9 9 11 13 2 1
split_gain=0.353244 1.09113 0.522429 0.345435 0.690111 0.744422 1.22781
threshold=0.018680357320368105 0.070452748278374236 -0.027784476968021107 -0.0060505847997984188 20.865000724792484 0.059127545958238999 -0.024462779943784537
decision_type=2 10 10 2 2 2 2
left_child=3 2 -2 4 5 6 -1
right_child=1 -3 -4 -5 -6 -7 -8
leaf_value=0.00018235220038873348 3.9267288212458628e-05 -3.8725741336469181e-05 4.5690017117425646e-05 -1.465967116369617e-05 -0.00010641819574178394 0.00028507966367066978 -1.2663918841344501e-05
leaf_weight=25 37 55 40 412 71 25 77
leaf_count=25 37 55 40 412 71 25 77
internal_value=-0.000148249 0.00219697 0.00603896 -0.000655739 0.0010606 0.00326772 0.00137255
internal_weight=742 132 77 610 198 127 102
internal_count=742 132 77 610 198 127 102
is_linear=0
shrinkage=0.05


Tree=23
num_leaves=8
num_cat=0
split_feature=11 5 5 11 16 12 4
split_gain=0.537091 0.586214 1.0662 0.580183 0.452066 0.563281 0.746996
threshold=-0.024572906939621272 0.010482084854465782 0.01029579294827484 0.018680357320368105 0.001021945556196391 0.0062346335449628984 0.013857491607843775
decision_type=2 2 2 2 2 2 2
left_child=-1 2 3 4 -2 -6 -7
right_child=1 -3 -4 -5 5 6 -8
leaf_value=0.00012001775540021387 -3.3393310890065228e-05 -2.2245079248091448e-05 0.00015132740696440904 4.2937181861759734e-05 -0.00015756473487199898 -5.4866503213992299e-05 2.4074500974662064e-05
leaf_weight=50 91 430 29 42 26 28 55
leaf_count=50 91 430 29 42 26 28 55
internal_value=-6.65898e-06 -0.000363767 0.00145756 0.0003719 -0.000750001 0.00142202 0.00343373
internal_weight=751 701 271 242 200 109 83
internal_count=751 701 271 242 200 109 83
is_linear=0
shrinkage=0.05


Tree=24
num_leaves=8
num_cat=0
split_feature=15 6 6 11 4 14 14
split_gain=0.436968 0.615267 0.825404 0.650804 0.580144 0.572768 1.15309
threshold=-0.0091412332129111578 -0.29487874620615684 -0.24026911071805288 -0.018660879963565243 0.01749747263034095 -0.02817624153510306 0.0066946732173895915
decision_type=2 2 2 2 2 2 2
left_child=-1 -2 -3 -4 5 -5 -7
right_child=1 2 3 4 -6 6 -8
leaf_value=-5.4718773743103375e-05 -9.152187802210064e-06 0.00016770434259064771 0.00016509216503614354 -7.5836688176521828e-05 -4.6867654870859502e-05 5.332632559445172e-05 3.3556106684217791e-06
leaf_weight=166 277 26 31 37 134 31 47
leaf_count=166 277 26 31 37 134 31 47
internal_value=-0.000327104 0.000317323 0.00186274 0.00107143 0.000220882 0.00282609 0.00525641
internal_weight=749 583 306 280 249 115 78
internal_count=749 583 306 280 249 115 78
is_linear=0
shrinkage=0.05


Tree=25
num_leaves=8
num_cat=0
split_feature=15 6 9 2 1 3 9
split_gain=0.399618 0.544499 0.72381 0.857251 0.542627 0.855215 0.973882
threshold=-0.0091412332129111578 0.69918215890497937 0.027209071431431701 0.052319072041886468 0.0011621542869547643 0.001871870470662951 0.098319206455895772
decision_type=2 2 8 2 2 2 10
left_child=-1 4 -3 -4 5 6 -2
right_child=1 2 3 -5 -6 -7 -8
leaf_value=-6.2041104987324591e-05 0.00011910354145362038 6.420244357117032e-05 -0.00014854205128260304 0.00015672143516579719 -1.9615199539667871e-05 -3.5922464439088126e-05 -2.5811636913093908e-05
leaf_weight=164 82 30 44 40 278 89 30
leaf_count=164 82 30 44 40 278 89 30
internal_value=-0.000376487 0.000227655 0.00333333 0.00095238 -0.000511483 0.00146766 0.004375
internal_weight=757 593 114 84 479 201 112
internal_count=757 593 114 84 479 201 112
is_linear=0
shrinkage=0.05


Tree=26
num_leaves=8
num_cat=0
split_feature=16 6 3 4 15 14 3
split_gain=0.504322 1.22737 1.46196 1.2815 0.562777 0.541806 0.450443
threshold=0.0041679254472210001 0.69918215890497937 -0.0040816488793781183 0.017570974785449275 0.0022124002094927602 -0.0043060965648996632 0.00058292444239071994
decision_type=2 2 2 2 2 2 2
left_child=4 2 -2 -3 -1 -6 -4
right_child=1 3 6 -5 5 -7 -8
leaf_value=-4.8571419007381871e-05 7.4660460579910779e-05 3.0956517218835787e-05 -0.00013124181826826056 0.00010005004652592735 -6.1348077689802495e-06 0.00013109800470835009 -1.4727925155121749e-06
leaf_weight=244 36 31 100 42 65 50 169
leaf_count=244 36 31 100 42 65 50 169
internal_value=-0.000454547 0.000820105 -0.000573772 0.00664383 -0.00179666 0.00108696 -0.00184015
internal_weight=737 378 305 73 359 115 269
internal_count=737 378 305 73 359 115 269
is_linear=0
shrinkage=0.05


Tree=27
num_leaves=8
num_cat=0
split_feature=4 5 6 4 0 4 11
split_gain=0.464039 0.760691 0.350246 0.616984 1.03272 0.382051 0.467871
threshold=0.013927665754216698 0.0092449910739226277 0.022453018946444057 0.017371673666151641 0.0017246963562753683 0.018485477272405872 -0.011522991723745544
decision_type=2 2 2 2 2 2 2
left_child=-1 -2 -3 4 -4 -5 -7
right_child=1 2 3 5 -6 6 -8
leaf_value=-2.1809356449179218e-05 2.699084940506214e-05 -1.7755403383217422e-05 -9.7982245197163122e-06 -4.5782483949286173e-05 0.00016162519616043467 0.00021959247891008835 -6.5099580156378287e-06
leaf_weight=65 43 382 37 36 38 38 110
leaf_count=65 43 382 37 36 38 38 110
internal_value=-0.000193593 0.000190057 -0.000241811 0.0011776 0.005 -0.000380436 0.000743242
internal_weight=749 684 641 259 75 184 148
internal_count=749 684 641 259 75 184 148
is_linear=0
shrinkage=0.05


Tree=28
num_leaves=8
num_cat=0
split_feature=4 5 11 10 14 14 16
split_gain=0.603261 0.787775 0.386659 0.45638 0.291555 0.455186 1.04636
threshold=0.013927665754216698 0.0092449910739226277 -0.024572906939621272 -0.0052693175336530054 0.044393091515214207 -0.0046169142462271764 0.0061113273971837865
decision_type=2 2 2 2 2 2 2
left_child=-1 -2 3 -3 5 -4 -7
right_child=1 2 4 -5 -6 6 -8
leaf_value=-9.2977612247646584e-05 2.5641306934809038e-05 0.00023326378501341418 -1.6596226033670539e-05 -1.6184333191491741e-05 -5.3711264089258126e-05 0.00013372003331010797 -4.8422106256816881e-05
leaf_weight=64 43 26 321 25 120 82 83
leaf_count=64 43 26 321 25 120 82 83
internal_value=-0.000353404 7.14274e-05 -0.000357688 0.00382353 -0.000709572 -0.00016461 0.0019697
internal_weight=764 700 657 51 606 486 165
internal_count=764 700 657 51 606 486 165
is_linear=0
shrinkage=0.05


Tree=29
num_leaves=8
num_cat=0
split_feature=9 3 3 0 3 2 11
split_gain=0.499298 0.841642 1.30922 0.859133 0.500209 0.646538 0.438316
threshold=0.2198744295407751 0.0052393254699334433 0.0018617641222413719 0.004764904971514051 0.0060026618444195554 0.029972992181947381 0.01613839302739695
decision_type=8 2 2 2 2 2 2
left_child=4 2 3 -2 6 -6 -1
right_child=1 -3 -4 -5 5 -7 -8
leaf_value=-1.8473377175983772e-05 -6.8907769110365005e-05 -7.6993790692552312e-05 0.00010959103137445253 0.00024583617869338044 -8.9627064249314387e-07 0.00022560954984855884 4.009275204337503e-06
leaf_weight=348 92 41 51 33 40 25 102
leaf_count=348 92 41 51 33 40 25 102
internal_value=-0.00056011 0.00145161 0.00295454 0.000199999 -0.00140777 0.00269231 -0.002
internal_weight=732 217 176 125 515 65 450
internal_count=732 217 176 125 515 65 450
is_linear=0
shrinkage=0.05


Tree=30
num_leaves=8
num_cat=0
split_feature=6 4 4 9 3 1 12
split_gain=0.424478 0.90947 0.907407 0.42448 0.621004 0.494798 0.319581
threshold=0.69918215890497937 0.017371673666151641 0.015665715997663757 0.24031346296567627 -0.0033244695547995358 -0.014146243847607929 0.0017110127161689139
decision_type=2 2 2 8 2 2 2
left_child=3 2 -2 -1 -5 -6 -3
right_child=1 6 -4 4 5 -7 -8
leaf_value=-8.9181544484416493e-06 2.4361405477946501e-07 7.7245652391694483e-05 6.9611499811582863e-05 4.352366898966218e-05 0.00010297406069988467 -5.8413641449878888e-05 -6.7130766712603646e-05
leaf_weight=427 27 43 27 27 36 103 48
leaf_count=427 27 43 27 27 36 103 48
internal_value=-0.000528456 0.00189655 0.00703704 -0.00112142 0.0010241 -0.000323742 -0.00115385
internal_weight=738 145 54 593 166 139 91
internal_count=738 145 54 593 166 139 91
is_linear=0
shrinkage=0.05


Tree=31
num_leaves=8
num_cat=0
split_feature=7 15 14 4 3 6 1
split_gain=0.442705 0.415966 0.654386 0.578701 0.95029 0.734366 0.381602
threshold=-0.041646507789201252 0.0056004165028811234 0.042440575684467692 0.018837441666191359 0.0052228191462038174 -0.29135184073336629 0.037438592009583889
decision_type=2 2 2 2 2 2 2
left_child=-1 -2 3 4 5 -3 -5
right_child=1 2 -4 6 -6 -7 -8
leaf_value=0.00019123880658633707 -7.641975073336159e-06 1.3950577061861729e-05 -4.8943839114737386e-05 -3.152501109880633e-05 -0.00015468687728534053 0.00014052203403616955 0.00010106819031859625
leaf_weight=33 451 35 48 71 27 48 25
leaf_count=33 451 35 48 71 27 48 25
internal_value=-5.42017e-05 -0.00031915 0.00129921 0.00252427 0.005 0.0076506 -0.000312501
internal_weight=738 705 254 206 110 83 96
internal_count=738 705 254 206 110 83 96
is_linear=0
shrinkage=0.05


Tree=32
num_leaves=8
num_cat=0
split_feature=16 15 15 7 6 9 0
split_gain=0.270709 0.412067 0.548432 0.61954 1.02585 0.546432 0.493561
threshold=0.037444021103074883 0.0058445573073279142 0.0072000729564434271 0.0068185978907762132 -0.47493397561639211 0.048451408003292958 -0.0033259924280204518
decision_type=2 2 2 2 2 10 2
left_child=1 6 -3 -4 -5 -6 -1
right_child=-2 2 3 4 5 -7 -8
leaf_value=3.7399662190032434e-06 -6.7476075827016055e-05 0.00012958088045167851 -1.9828896787105253e-05 3.8712416226371259e-05 0.00011026982106990485 -6.8039912528583345e-06 -1.687277532913453e-05
leaf_weight=207 84 26 81 27 29 39 258
leaf_count=207 84 26 81 27 29 39 258
internal_value=-0.000539282 -0.0002024 0.00168317 0.000681817 0.00342105 0.000147058 -0.00102151
internal_weight=751 667 202 176 95 68 465
internal_count=751 667 202 176 95 68 465
is_linear=0
shrinkage=0.05


Tree=33
num_leaves=8
num_cat=0
split_feature=10 11 10 10 5 10 9
split_gain=0.336997 0.803164 0.383443 1.00619 1.02249 0.379747 0.32316
threshold=0.0087442348777118113 0.022371671990612522 -0.0042544588401209329 -0.0074311122071506466 0.010590757835477102 0.01216187619022502 0.26181643266263116
decision_type=2 2 2 2 2 2 8
left_child=2 5 3 6 -5 -2 -1
right_child=1 -3 -4 4 -6 -7 -8
leaf_value=-4.4919606590061812e-05 2.4938044493688923e-05 0.00010005213345827328 -7.2556563769073925e-06 0.00020606658646745856 -2.7524794180168646e-05 -0.00026403798929275693 3.4192148799164982e-06
leaf_weight=79 49 28 465 32 39 30 26
leaf_count=79 49 28 465 32 39 30 26
internal_value=-0.000588236 0.00200934 -0.00102184 0.000965908 0.00556338 -0.000569621 -0.00214286
internal_weight=748 107 641 176 71 79 105
internal_count=748 107 641 176 71 79 105
is_linear=0
shrinkage=0.05


Tree=34
num_leaves=8
num_cat=0
split_feature=9 3 15 11 7 1 3
split_gain=0.40461 0.551631 0.924444 0.693333 0.5 0.351308 0.426342
threshold=0.2198744295407751 0.0047794986147311489 0.0058445573073279142 -0.0068475574788619533 0.010468452016354159 0.016857622788752694 0.0050153249923141638
decision_type=8 2 2 2 2 2 2
left_child=5 2 3 -2 -4 -1 -7
right_child=1 -3 4 -5 -6 6 -8
leaf_value=-3.3444731993240572e-06 0.00010535478484682412 -5.8588436682133415e-05 7.4257582160718155e-05 -5.2462551972308193e-05 0.000106442732411218 -4.5532138702982487e-05 0.00016216306095657654
leaf_weight=359 30 46 25 100 25 136 28
leaf_count=359 30 46 25 100 25 136 28
internal_value=-0.000794394 0.00097345 0.00222222 -1.19209e-09 0.008 -0.00155832 -0.00347561
internal_weight=749 226 180 130 50 523 164
internal_count=749 226 180 130 50 523 164
is_linear=0
shrinkage=0.05


Tree=35
num_leaves=8
num_cat=0
split_feature=1 1 3 3 7 4 9
split_gain=0.393863 0.612853 0.392308 0.843396 0.354345 0.359758 0.408727
threshold=0.04752180232558146 0.037438592009583889 0.0074631859683942378 0.0060026618444195554 -0.041646507789201252 0.019310218417792454 0.17820657404128329
decision_type=2 2 2 2 2 2 10
left_child=1 2 3 4 -1 6 -6
right_child=-2 -3 -4 -5 5 -7 -8
leaf_value=0.00018478681675907665 -9.0381044624720261e-05 8.2673024218506852e-05 -5.5757436680667891e-05 0.00010632097578003448 -5.0554036297962002e-06 -4.3100349825281513e-05 9.5802309770059134e-05
leaf_weight=32 48 43 49 26 328 199 28
leaf_count=32 48 43 49 26 328 199 28
internal_value=-0.000617531 -0.00031915 -0.000694865 -0.000350735 -0.000741057 -0.00103604 -8.42709e-05
internal_weight=753 705 662 613 587 555 356
internal_count=753 705 662 613 587 555 356
is_linear=0
shrinkage=0.05


Tree=36
num_leaves=8
num_cat=0
split_feature=9 11 8 11 13 5 10
split_gain=0.350737 0.66861 0.707544 0.379967 0.504808 0.611408 0.509804
threshold=0.027209071431431701 0.018680357320368105 -0.010636453599365546 0.013034559844421813 15.425000190734865 0.010084155781257978 0.00063381300570131149
decision_type=10 2 10 2 2 2 2
left_child=1 3 -3 4 5 6 -1
right_child=-2 2 -4 -5 -6 -7 -8
leaf_value=-0.00011240405593581252 -6.9425727504381522e-06 -1.4241006115336527e-05 3.934697603061943e-05 -8.2700306080737014e-05 -2.50004604896739e-05 7.8071487982392455e-05 1.8103982669076498e-05
leaf_weight=26 411 25 33 41 156 33 25
leaf_count=26 411 25 33 41 156 33 25
internal_value=-0.000733335 0.000457226 0.00534483 -0.000551603 0.000208332 0.00333333 -9.80404e-05
internal_weight=750 339 58 281 240 84 51
internal_count=750 339 58 281 240 84 51
is_linear=0
shrinkage=0.05


Tree=37
num_leaves=8
num_cat=0
split_feature=1 1 1 13 9 4 8
split_gain=0.34883 0.380525 0.368842 0.42287 0.846283 0.391802 0.495699
threshold=0.04752180232558146 0.037438592009583889 0.0020162355797335167 13.605000019073488 0.11433139905228042 0.019879549980877514 0.027642166967467244
decision_type=2 2 2 2 8 2 10
left_child=1 2 5 4 -4 6 -1
right_child=-2 -3 3 -5 -6 -7 -8
leaf_value=9.3749492677946941e-07 -0.0001047314479778965 7.0523000508302427e-05 -6.8844934852869873e-06 -4.1733700375496126e-05 3.7752379209093693e-06 -3.1579597795797446e-05 1.5391793554725321e-05
leaf_weight=167 41 43 42 246 25 133 61
leaf_count=167 41 43 42 246 25 133 61
internal_value=-0.000514513 -0.000258021 -0.000548963 -0.00180511 0.00171642 0.000540165 0.00179824
internal_weight=758 717 674 313 67 361 228
internal_count=758 717 674 313 67 361 228
is_linear=0
shrinkage=0.05


Tree=38
num_leaves=8
num_cat=0
split_feature=15 10 6 12 9 6 11
split_gain=0.346676 0.593751 0.915751 0.672394 0.802222 0.346693 0.334761
threshold=0.0056004165028811234 0.0092143368425633438 -0.29487874620615684 0.029126747512220778 0.037006306159873666 -0.82416330474667443 0.0039566049461625683
decision_type=2 2 2 2 10 2 2
left_child=6 3 -3 5 -5 -2 -1
right_child=1 2 -4 4 -6 -7 -8
leaf_value=3.636287306560757e-07 2.5201986736411307e-05 -3.6024424245090338e-05 0.00032363650306405648 4.1646612347823653e-05 -7.3232405331651918e-06 -2.7886395114943453e-05 -2.156064686490371e-05
leaf_weight=239 25 26 30 30 45 104 249
leaf_count=239 25 26 30 30 45 104 249
internal_value=-0.000320857 0.00115384 0.00571428 -9.80404e-05 0.00366667 -0.00228682 -0.00110656
internal_weight=748 260 56 204 75 129 488
internal_count=748 260 56 204 75 129 488
is_linear=0
shrinkage=0.05


Tree=39
num_leaves=8
num_cat=0
split_feature=13 13 2 5 14 7 2
split_gain=0.341525 0.523041 0.558271 0.455945 0.767902 0.435956 0.710989
threshold=20.980000495910648 19.23499965667725 0.046909995186908311 0.0096708649726278909 0.014555585659076444 0.018577033658236489 0.012288608843665007
decision_type=2 2 2 2 2 2 2
left_child=1 3 -3 4 5 6 -1
right_child=-2 2 -4 -5 -6 -7 -8
leaf_value=4.3022137568792033e-05 -2.6005880691918284e-05 4.0301964241758866e-05 0.00012317596007694153 -9.577807224780075e-06 -4.1053575185768645e-05 -4.7696686700525723e-06 1.3479398895161068e-05
leaf_weight=36 101 44 27 414 51 32 32
leaf_count=36 101 44 27 414 51 32 32
internal_value=-0.000318861 0.000110062 0.00415493 -0.000398231 0.00195364 0.0045 0.0067647
internal_weight=737 636 71 565 151 100 68
internal_count=737 636 71 565 151 100 68
is_linear=0
shrinkage=0.05


Tree=40
num_leaves=8
num_cat=0
split_feature=5 14 1 2 0 8 14
split_gain=0.492583 0.53276 0.540039 0.765524 0.371292 0.540806 0.479821
threshold=0.0096708649726278909 0.014555585659076444 0.0069773345295471864 0.012288608843665007 -0.011161590734314828 -0.016051825714638032 -0.0043060965648996632
decision_type=2 2 2 2 2 10 2
left_child=1 2 3 -1 5 -2 -6
right_child=4 -3 -4 -5 6 -7 -8
leaf_value=1.721931548922288e-05 9.1258946199104324e-05 -3.2287463466539213e-05 -1.6682990766942054e-05 3.6405781495417771e-05 -7.5231568790833428e-05 -3.8544812781966841e-05 -6.1081627676498203e-07
leaf_weight=31 43 56 44 28 283 41 224
leaf_count=31 43 56 44 28 283 41 224
internal_value=-0.000866668 0.00160377 0.00373786 0.00686441 -0.0015313 0.00154762 -0.00204142
internal_weight=750 159 103 59 591 84 507
internal_count=750 159 103 59 591 84 507
is_linear=0
shrinkage=0.05


Tree=41
num_leaves=8
num_cat=0
split_feature=11 11 4 15 12 9 13
split_gain=0.510004 0.466347 0.885639 0.775088 0.699274 0.404248 0.474449
threshold=-0.024572906939621272 0.01562981784988882 0.016745476687105156 0.0024439187265106192 -0.0021779989337359913 0.2198744295407751 19.880000114440922
decision_type=2 2 2 2 2 8 2
left_child=-1 5 3 -3 -4 -2 -7
right_child=1 2 4 -5 -6 6 -8
leaf_value=9.0648081868182796e-05 -1.8365224246729507e-05 2.1057268530215463e-06 0.00010723955991682759 5.3783819589601505e-05 -9.1556161947613159e-05 -3.567443000539483e-06 0.00012142953088409088
leaf_weight=48 360 32 28 25 90 143 26
leaf_count=48 360 32 28 25 90 143 26
internal_value=-0.000611703 -0.000951706 0.00128571 0.00640351 -0.00118644 -0.00169187 0.000325443
internal_weight=752 704 175 57 118 529 169
internal_count=752 704 175 57 118 529 169
is_linear=0
shrinkage=0.05


Tree=42
num_leaves=8
num_cat=0
split_feature=16 16 5 2 14 15 16
split_gain=0.386331 0.539064 0.602168 0.685754 0.306023 0.503629 0.492783
threshold=0.037444021103074883 0.022345144927092834 0.010397862819114973 0.056477206270063592 -0.0066427814256201914 -0.0091412332129111578 0.01302554616536933
decision_type=2 2 2 2 2 2 2
left_child=1 4 -3 -4 -1 -6 -7
right_child=-2 2 3 -5 5 6 -8
leaf_value=-2.2177262535194418e-05 -7.5915650871971615e-05 4.7323597101431498e-06 -0.00010940639661117644 0.00027334060749713301 -4.2233092213087352e-05 3.9220022803612826e-05 -9.4855402785868243e-06
leaf_weight=268 88 39 52 25 93 152 36
leaf_count=268 88 39 52 25 93 152 36
internal_value=-0.000750333 -0.000338347 0.00275862 0.000194804 -0.000992715 0.000160141 0.00164893
internal_weight=753 665 116 77 549 281 188
internal_count=753 665 116 77 549 281 188
is_linear=0
shrinkage=0.05


Tree=43
num_leaves=8
num_cat=0
split_feature=3 3 13 12 13 13 9
split_gain=0.415035 0.763261 0.429637 0.502652 0.465384 0.581755 0.731737
threshold=0.002068209869415361 0.0025821081687931184 13.824999809265138 0.018681832940772639 16.550000190734867 20.814999580383304 0.025305746754248796
decision_type=2 2 2 2 2 2 10
left_child=-1 -2 -3 4 -4 6 -6
right_child=1 2 3 -5 5 -7 -8
leaf_value=-1.9344817211356294e-05 8.3472349626943204e-05 2.1480898453669839e-06 -2.8968272646141054e-05 -8.6231872741267569e-05 -5.7268160103202032e-05 -2.23317687910154e-05 0.00030512602745837007
leaf_weight=461 30 42 37 89 27 34 26
leaf_count=461 30 42 37 89 27 34 26
internal_value=-0.000710457 0.000789472 -9.80404e-05 -0.00100939 0.00104839 0.00304598 0.00632075
internal_weight=746 285 255 213 124 87 53
internal_count=746 285 255 213 124 87 53
is_linear=0
shrinkage=0.05


Tree=44
num_leaves=8
num_cat=0
split_feature=11 6 8 15 13 10 7
split_gain=0.444023 0.727688 0.903543 1.15987 0.353648 0.485184 0.560508
threshold=0.018680357320368105 -0.65395896284451516 0.031992948078491741 0.0024439187265106192 15.194999694824221 -0.0012922335739780075 -0.023037789345665523
decision_type=2 2 8 2 2 2 2
left_child=4 -2 3 -3 -1 6 -6
right_child=1 2 -4 -5 5 -7 -8
leaf_value=7.6913363342720806e-07 -1.5185144785579889e-05 1.1020813238428821e-05 -2.2641712004575198e-05 9.596454085473237e-05 0.00014919494476651855 -8.7581250487101981e-05 -7.5329640041438838e-06
leaf_weight=195 46 30 32 29 45 212 151
leaf_count=195 46 30 32 29 45 212 151
internal_value=-0.000270271 0.00229927 0.00489011 0.00855932 -0.000854064 -0.00169118 0.00010204
internal_weight=740 137 91 59 603 408 196
internal_count=740 137 91 59 603 408 196
is_linear=0
shrinkage=0.05


Tree=45
num_leaves=8
num_cat=0
split_feature=16 13 13 4 13 1 13
split_gain=0.449992 0.342674 0.441379 0.74652 0.393524 0.631537 0.541444
threshold=0.040118685881215262 20.980000495910648 19.23499965667725 0.01950923340855509 16.914999961853031 -0.018209682537585255 16.510000228881839
decision_type=2 2 2 2 2 2 2
left_child=1 2 4 -4 6 -6 -1
right_child=-2 -3 3 -5 5 -7 -8
leaf_value=2.9437529388390412e-07 -9.9681006575826658e-05 -2.2408365746968342e-05 -1.9568012797711848e-05 0.00014237468234181745 9.2920534935079859e-05 -7.8168308107436714e-05 0.00018505159745647705
leaf_weight=340 71 95 33 25 35 113 34
leaf_count=340 71 95 33 25 35 113 34
internal_value=-0.000509385 -0.000111112 0.000344826 0.00448276 -0.000114944 -0.0022973 0.000748662
internal_weight=746 675 580 58 522 148 374
internal_count=746 675 580 58 522 148 374
is_linear=0
shrinkage=0.05


Tree=46
num_leaves=8
num_cat=0
split_feature=15 16 0 15 0 16 0
split_gain=0.28797 0.485738 0.873348 0.462911 1.71734 0.519103 0.378721
threshold=-0.0091412332129111578 -0.0066792851595994232 -0.0055335318865756813 -0.0053720472746319739 -0.0028108730150265267 -0.03421041563424037 -0.00052787056262715282
decision_type=2 2 2 2 2 2 2
left_child=1 -1 -3 4 -2 -5 -7
right_child=3 2 -4 5 -6 6 -8
leaf_value=-0.0001124531351235781 9.8100699268638733e-05 7.2603129168243222e-05 -6.1674435056814026e-05 0.00012076068159936411 -4.9669310725437e-05 -2.517577915631787e-05 -7.1572320015775297e-07
leaf_weight=102 27 35 32 40 33 136 343
leaf_count=102 27 35 32 40 33 136 343
internal_value=-0.000521392 -0.00233728 0.000970148 8.63439e-06 0.00416667 -0.000472063 -0.00092902
internal_weight=748 169 67 579 60 519 479
internal_count=748 169 67 579 60 519 479
is_linear=0
shrinkage=0.05


Tree=47
num_leaves=8
num_cat=0
split_feature=11 4 6 12 4 13 11
split_gain=0.425705 0.588663 0.666667 0.56525 0.481233 0.521842 0.629394
threshold=0.01562981784988882 0.016745476687105156 -0.27645757952451883 -0.0021779989337359913 0.014498982774080111 15.144999980926515 -0.0075284506861215674
decision_type=2 2 2 2 2 2 2
left_child=4 2 -2 -3 -1 -6 -7
right_child=1 3 -4 -5 5 6 -8
leaf_value=-1.4492584190883308e-05 5.1852209815690004e-07 0.00010477337238452836 5.3134683178106043e-05 -0.0001070684764578976 5.8389431373053285e-06 7.2442513603272774e-06 -4.3575183631171977e-05
leaf_weight=68 27 27 27 88 114 157 231
leaf_count=68 27 27 27 88 114 157 231
internal_value=-0.000399189 0.00180473 0.00611111 -0.000217392 -0.00105263 -0.000517929 -0.00139175
internal_weight=739 169 54 115 570 502 388
internal_count=739 169 54 115 570 502 388
is_linear=0
shrinkage=0.05


Tree=48
num_leaves=8
num_cat=0
split_feature=14 14 4 7 7 13 4
split_gain=0.33239 0.574247 0.43659 0.409048 0.482193 0.452762 0.790476
threshold=0.044393091515214207 0.03328086000020148 0.026706724037965961 -0.025037370585149207 -0.016627266968583795 13.525000095367433 0.014804618179868103
decision_type=2 2 2 2 2 2 2
left_child=1 2 3 -1 -5 6 -6
right_child=-2 -3 -4 4 5 -7 -8
leaf_value=-6.1990704011340416e-05 -4.1102259457488359e-05 9.1258778609880548e-05 9.9910111173413747e-05 8.5242099128403112e-05 -2.0509360105161604e-06 -1.4646432932743654e-05 1.5940065805609046e-05
leaf_weight=71 149 36 35 33 47 330 39
leaf_count=71 149 36 35 33 47 330 39
internal_value=-0.000540542 -8.46143e-06 -0.000405407 -0.000769232 -0.000211582 -0.000673078 0.00255814
internal_weight=740 591 555 520 449 416 86
internal_count=740 591 555 520 449 416 86
is_linear=0
shrinkage=0.05


Tree=49
num_leaves=8
num_cat=0
split_feature=9 8 8 6 11 14 11
split_gain=0.374229 0.457065 0.588957 0.940085 0.400809 0.59904 0.59841
threshold=0.29293401252666046 0.027642166967467244 -0.0024178276081761592 0.065078402589315562 0.012589162192508276 -1.0000000180025095e-35 0.019179064165315788
decision_type=8 10 8 2 2 2 2
left_child=4 2 3 -2 -1 -6 -7
right_child=1 -3 -4 -5 5 6 -8
leaf_value=-1.5928224025130665e-05 0.00010290672858560396 4.5435534588275287e-05 -7.7156449760129874e-05 -3.8366697346287525e-05 -4.3177834992174079e-06 8.485637966663464e-05 2.4953593292994865e-05
leaf_weight=392 35 40 73 36 104 25 28
leaf_count=392 35 40 73 36 104 25 28
internal_value=-0.000429742 0.00152174 0.000208332 0.0034507 -0.00108379 0.00105095 0.00537736
internal_weight=733 184 144 71 549 157 53
internal_count=733 184 144 71 549 157 53
is_linear=0
shrinkage=0.05


Tree=50
num_leaves=8
num_cat=0
split_feature=6 9 9 1 3 3 4
split_gain=0.538251 0.650077 0.997947 0.532338 0.435474 0.462951 0.507916
threshold=2.2763096785445502 0.082134342104094885 0.068673040185831771 0.031815291790565532 -0.0070371381736701313 -0.0013321770985881829 0.019332731256814801
decision_type=2 10 10 2 2 2 2
left_child=1 2 3 4 -1 -6 -7
right_child=-2 -3 -4 -5 5 6 -8
leaf_value=4.4207135220145233e-05 4.9500046471119511e-06 -3.0577923724940229e-05 9.5722631083439212e-05 7.6579741577323854e-05 -4.8879950283489855e-05 3.0882614098190472e-06 -0.0001506118692262324
leaf_weight=37 32 272 27 38 86 188 60
leaf_count=37 32 272 27 38 86 188 60
internal_value=-0.000405407 -0.000692092 0.000504586 -0.000110026 -0.000687333 -0.00125749 -0.000161292
internal_weight=740 708 436 409 371 334 248
internal_count=740 708 436 409 371 334 248
is_linear=0
shrinkage=0.05


Tree=51
num_leaves=8
num_cat=0
split_feature=6 6 11 6 14 16 12
split_gain=0.436493 0.706926 0.391962 0.408909 0.641808 0.677893 0.429318
threshold=-0.29487874620615684 -0.24754098712708716 -0.024572906939621272 0.71123507495396543 0.01016731697942619 0.009587574296594405 0.053746463317020383
decision_type=2 2 2 2 2 2 2
left_child=-1 -2 -3 6 5 -5 -4
right_child=1 2 3 4 -6 -7 -8
leaf_value=-7.8924556848720348e-06 0.00010915932551272692 0.00013793575491058768 -1.677661891070269e-05 1.9705919401137299e-07 -3.109689789173531e-05 0.00011471479080716435 1.7895773098018865e-05
leaf_weight=342 26 35 195 53 49 34 28
leaf_count=342 26 35 195 53 49 34 28
internal_value=-0.000603676 0.000476189 -5.07626e-05 -0.000543177 0.00161765 0.0041954 -0.00186099
internal_weight=762 420 394 359 136 87 223
internal_count=762 420 394 359 136 87 223
is_linear=0
shrinkage=0.05


Tree=52
num_leaves=8
num_cat=0
split_feature=16 15 7 4 4 0 15
split_gain=0.357202 0.476022 0.580887 0.569057 0.734232 0.792182 0.286969
threshold=0.031980881804685397 0.0049622589117106495 -0.041646507789201252 0.018837441666191359 0.017277667259564363 0.0092614035990599159 0.014407979598274114
decision_type=2 2 2 2 2 2 2
left_child=1 2 -1 4 5 -3 -5
right_child=-2 3 -4 6 -6 -7 -8
leaf_value=0.00016233735787347253 -4.2177020246792083e-05 -5.4815164391811752e-06 -7.7481204374663212e-06 -7.2509897532249145e-05 9.0551367729807983e-05 7.2878059625935553e-05 6.6800448192331099e-06
leaf_weight=29 129 46 398 61 33 27 25
leaf_count=29 129 46 398 61 33 27 25
internal_value=-0.00105615 -0.000557352 -0.00148712 0.00151042 0.00396226 0.00116438 -0.00151163
internal_weight=748 619 427 192 106 73 86
internal_count=748 619 427 192 106 73 86
is_linear=0
shrinkage=0.05


Tree=53
num_leaves=8
num_cat=0
split_feature=10 14 15 6 15 4 9
split_gain=0.341627 0.904482 0.676218 0.365362 0.447342 0.268115 0.25669
threshold=0.0049263668881139875 -0.0043060965648996632 0.015347313999302449 -0.48556640576555993 0.0056004165028811234 0.025247604551339731 -0.013266683565728131
decision_type=2 2 2 2 2 2 8
left_child=5 2 3 -2 -5 6 -1
right_child=1 -3 -4 4 -6 -7 -8
leaf_value=1.9775209839293299e-06 -0.00010258664540037871 0.00010254100469220809 4.0132215793857299e-05 -2.8754528337789913e-05 0.000124402189325769 9.4020343751916469e-05 -1.5876587349304238e-05
leaf_weight=50 67 30 26 67 39 35 429
leaf_count=50 67 30 26 67 39 35 429
internal_value=-0.00136608 0.000240173 -0.000979901 -0.00210983 -0.00028302 -0.00208171 -0.0023904
internal_weight=743 229 199 173 106 514 479
internal_count=743 229 199 173 106 514 479
is_linear=0
shrinkage=0.05


Tree=54
num_leaves=8
num_cat=0
split_feature=16 4 5 14 4 13 13
split_gain=0.425838 0.299895 0.69485 0.491799 0.301186 0.410557 0.649002
threshold=0.037444021103074883 0.01349483461913629 0.0092449910739226277 0.0012326341754252958 0.026706724037965961 20.980000495910648 20.060000419616703
decision_type=2 2 2 2 2 2 2
left_child=1 -1 3 -3 5 6 -4
right_child=-2 2 4 -5 -6 -7 -8
leaf_value=-5.5593508558671921e-05 -5.6517044310903465e-05 1.1262114656102492e-05 -6.4111608151712323e-06 -2.7057543743295596e-07 9.5321379076412151e-05 -9.8841292663963239e-05 0.00013260840215114449
leaf_weight=37 84 27 434 28 43 63 31
leaf_count=37 84 27 434 28 43 63 31
internal_value=-0.00105087 -0.000625944 -0.000367413 0.005 -0.000884415 -0.00121212 -0.000698926
internal_weight=747 663 626 55 571 528 465
internal_count=747 663 626 55 571 528 465
is_linear=0
shrinkage=0.05


Tree=55
num_leaves=8
num_cat=0
split_feature=1 1 11 2 0 14 1
split_gain=0.315995 0.825374 0.424907 0.696178 1.16589 0.674918 0.439998
threshold=0.016857622788752694 0.012850011365049709 0.0029094818078184708 1.0000000180025095e-35 -0.0073596320183990085 -0.0056306847578752031 -0.0248586917328758
decision_type=2 2 2 2 2 2 2
left_child=1 2 6 -4 -5 -6 -1
right_child=-2 -3 3 4 5 -7 -8
leaf_value=5.634892309867809e-06 -6.2832137463524097e-06 2.2226882785372879e-05 -2.093093275197042e-05 3.6550773199740522e-05 -3.5283197774197119e-05 1.8861092178647949e-05 -5.0124598910615766e-05
leaf_weight=64 236 38 129 25 51 43 177
leaf_count=64 236 38 129 25 51 43 177
internal_value=-0.000937092 -0.000256168 -0.000807772 0.00064516 0.00340336 0.000851063 -0.00230291
internal_weight=763 527 489 248 119 94 241
internal_count=763 527 489 248 119 94 241
is_linear=0
shrinkage=0.05


Tree=56
num_leaves=8
num_cat=0
split_feature=3 0 8 11 10 2 2
split_gain=0.459799 0.420111 0.764116 0.663048 0.440927 0.412969 0.362131
threshold=0.00058292444239071994 -0.0028768598469605662 -0.0183258051278079 0.025734816417073651 0.00054085357346300722 0.058282533792737852 0.082676320642503645
decision_type=2 2 10 2 2 2 2
left_child=-1 2 -2 5 -4 -3 -7
right_child=1 3 4 -5 -6 6 -8
leaf_value=-1.0293293444714531e-05 0.00011000105293133471 -1.3785475604208219e-05 -0.00011508222757183474 2.0544822861494561e-05 4.4704627454081925e-06 0.00017598641397243263 -5.8209068289060223e-05
leaf_weight=372 25 189 32 30 30 25 36
leaf_count=372 25 189 32 30 30 25 36
internal_value=-0.000669825 0.00058583 0.00362069 -0.000357144 0.00064516 -0.0012 0.00237705
internal_weight=739 367 87 280 62 250 61
internal_count=739 367 87 280 62 250 61
is_linear=0
shrinkage=0.05


Tree=57
num_leaves=8
num_cat=0
split_feature=9 7 5 5 6 3 3
split_gain=0.501701 0.724231 0.640137 0.98009 0.452808 0.415519 0.563889
threshold=0.29293401252666046 0.020648909719917622 0.0092449910739226277 0.0087024157563743588 1.1683573473936419 0.0069468699573210788 0.00031124648939528937
decision_type=10 2 2 2 2 2 2
left_child=1 2 3 -1 -3 6 -4
right_child=-2 4 5 -5 -6 -7 -8
leaf_value=-9.1520677562043962e-06 5.6717359067221878e-05 -4.083287943206207e-05 -1.2499223036566328e-05 1.7967503074993904e-05 6.1499321386501778e-05 -5.9597372099172084e-05 4.8501603776453683e-06
leaf_weight=34 27 167 225 26 26 46 184
leaf_count=34 27 167 225 26 26 46 184
internal_value=-0.000578232 -0.000833335 0.00014563 0.005 -0.0034456 -0.000494507 1.22237e-05
internal_weight=735 708 515 60 193 455 409
internal_count=735 708 515 60 193 455 409
is_linear=0
shrinkage=0.05


Tree=58
num_leaves=8
num_cat=0
split_feature=7 2 2 9 9 5 11
split_gain=0.42783 0.448106 0.5862 1.18262 0.49098 0.472552 0.444976
threshold=0.02330417779873584 0.029154793303136309 0.040610506956660804 0.12263593207736324 0.11880906443258711 0.0092449910739226277 0.00909053299113405
decision_type=2 2 2 8 10 2 2
left_child=1 4 3 -3 5 -1 -7
right_child=-2 2 -4 -5 -6 6 -8
leaf_value=9.5414696261031108e-06 -1.1897661002913532e-05 7.2532138952745729e-05 -6.0616225583370679e-06 -1.2279190398174349e-06 -5.3704071470151526e-05 -3.0423408362471103e-05 1.1286021268812185e-06
leaf_weight=26 198 26 57 25 77 209 132
leaf_count=26 198 26 57 25 77 209 132
internal_value=-0.000733335 -1.81171e-05 0.00287037 0.0067647 -0.000720722 4.08707e-05 -0.000454547
internal_weight=750 552 108 51 444 367 341
internal_count=750 552 108 51 444 367 341
is_linear=0
shrinkage=0.05


Tree=59
num_leaves=8
num_cat=0
split_feature=16 15 0 7 4 13 4
split_gain=0.412183 0.699993 0.952438 0.436045 0.78375 0.476549 0.620897
threshold=0.037444021103074883 0.012132614984696645 0.0058974467856118826 0.019200259647469856 0.021361189860563293 16.819999694824222 0.019332731256814801
decision_type=2 2 2 2 2 2 2
left_child=1 3 -3 5 -5 6 -1
right_child=-2 2 -4 4 -6 -7 -8
leaf_value=3.8442835275250095e-06 -7.1951516183147593e-05 8.2269083998079937e-06 1.9017334695804615e-05 -3.0336488018950743e-05 6.9236388569119357e-05 -2.1908945385243689e-05 -0.00010300645687337607
leaf_weight=159 90 27 64 136 25 193 64
leaf_count=159 90 27 64 136 25 193 64
internal_value=-0.000712402 -0.000284432 0.00379121 -0.000927211 -0.00313665 -7.21166e-05 0.00150224
internal_weight=758 668 91 577 161 416 223
internal_count=758 668 91 577 161 416 223
is_linear=0
shrinkage=0.05


Tree=60
num_leaves=8
num_cat=0
split_feature=6 9 3 10 3 0 8
split_gain=0.457823 0.440568 0.536535 0.6 0.517175 0.675842 0.680294
threshold=2.2763096785445502 0.29293401252666046 0.0060026618444195554 0.0024545687123636033 0.0047794986147311489 0.0083028141467214062 -0.0024178276081761592
decision_type=2 8 2 2 2 2 8
left_child=1 2 -1 -4 5 6 -3
right_child=-2 4 3 -5 -6 -7 -8
leaf_value=-7.1798512826547215e-06 5.9956934071247751e-06 0.00010109234754826758 -2.6020008515009954e-05 2.5809070153175044e-05 -7.4390098606322934e-05 5.8312372412644404e-05 -1.9462201419322282e-05
leaf_weight=482 33 44 30 30 36 26 72
leaf_count=482 33 44 30 30 36 26 72
internal_value=-0.000152724 -0.000416668 -0.00112546 0.00333333 0.00174157 0.00309859 0.00146552
internal_weight=753 720 542 60 178 142 116
internal_count=753 720 542 60 178 142 116
is_linear=0
shrinkage=0.05


Tree=61
num_leaves=8
num_cat=0
split_feature=0 4 16 7 11 16 15
split_gain=0.341131 0.653595 0.904037 0.531304 0.634723 0.50866 0.47716
threshold=-0.0045912096536203087 0.016558086486781805 -0.027038274229285505 -0.022541712744228334 0.010411796556971999 -0.035780623637352564 0.012960113493573512
decision_type=2 2 2 2 2 2 2
left_child=1 -1 -3 -4 -5 -2 -7
right_child=5 2 3 4 -6 6 -8
leaf_value=-6.2746150258551124e-05 0.00010044571247112647 -3.768298309338906e-05 0.00014575748276151926 -1.9118877621617925e-05 1.8968080418039295e-05 -1.1623783401290604e-05 2.46150129076308e-06
leaf_weight=51 39 50 28 46 29 396 97
leaf_count=51 39 50 28 46 29 396 97
internal_value=-0.000855979 0.000882352 0.00251634 0.00519417 0.003 -0.00152256 -0.0019574
internal_weight=736 204 153 103 75 532 493
internal_count=736 204 153 103 75 532 493
is_linear=0
shrinkage=0.05


Tree=62
num_leaves=8
num_cat=0
split_feature=5 4 4 13 11 0 3
split_gain=0.367807 0.649165 0.281312 0.344871 0.706913 0.489571 0.680229
threshold=0.0092449910739226277 0.013857491607843775 0.016414965214191685 20.714999198913578 -0.020756034341227022 0.006273908798943185 0.0060026618444195554
decision_type=2 2 2 2 2 2 2
left_child=1 -1 -2 4 -4 6 -6
right_child=2 -3 3 -5 5 -7 -8
leaf_value=-2.7776882068431659e-05 -1.1191326567210199e-05 5.3310901950016117e-06 6.9793846031733522e-05 -2.3003017511547195e-05 -2.4141712967929296e-07 -2.9386905624955737e-05 4.9709594642039759e-05
leaf_weight=47 113 48 27 104 261 125 26
leaf_count=47 113 48 27 104 261 125 26
internal_value=-0.000539282 0.00236842 -0.000960367 -0.000488031 0.000125284 -0.000388351 0.000749128
internal_weight=751 95 656 543 439 412 287
internal_count=751 95 656 543 439 412 287
is_linear=0
shrinkage=0.05


Tree=63
num_leaves=8
num_cat=0
split_feature=13 9 7 4 7 9 5
split_gain=0.467031 0.425057 0.361941 0.514355 0.410284 0.744048 0.62404
threshold=12.494999885559084 0.29293401252666046 0.02330417779873584 0.02091310477839602 0.0078304454698503462 0.20687113359864875 0.011238673824083523
decision_type=2 10 2 2 2 8 2
left_child=-1 2 4 -4 -2 6 -6
right_child=1 -3 3 -5 5 -7 -8
leaf_value=3.0851191829429614e-06 -1.0371195947686021e-05 3.9066058786234712e-05 -4.1544360412466934e-05 8.8452445849779262e-06 1.8942279200380744e-06 5.5896804437325517e-05 -7.9075666722094794e-05
leaf_weight=27 363 29 133 32 78 28 62
leaf_count=27 363 29 133 32 78 28 62
internal_value=-0.000345746 -0.000586208 -0.000833335 -0.00287879 -0.000197741 0.00184524 0.000357142
internal_weight=752 725 696 165 531 168 140
internal_count=752 725 696 165 531 168 140
is_linear=0
shrinkage=0.05


Tree=64
num_leaves=8
num_cat=0
split_feature=13 11 14 1 4 16 12
split_gain=0.428943 0.57668 0.571951 0.644279 0.713947 0.579537 0.742982
threshold=20.980000495910648 -0.020756034341227022 0.044393091515214207 0.0011621542869547643 0.023372025427323393 -0.0038989581244129319 0.043286843097797296
decision_type=2 2 2 2 2 2 2
left_child=1 -1 3 5 -5 6 -3
right_child=-2 2 -4 4 -6 -7 -8
leaf_value=6.3476865544900496e-05 -3.6865910066576427e-05 5.8973280402405857e-05 -3.6664403819598996e-05 -6.2509779196264342e-06 2.6159440867246618e-05 -3.3903047525964118e-07 -7.0339435816146401e-05
leaf_weight=29 95 84 103 274 31 86 30
leaf_count=29 95 84 103 274 31 86 30
internal_value=-0.000286886 0.000180533 -0.000148028 0.000544553 -0.000901641 0.00275 0.00508772
internal_weight=732 637 608 505 305 200 114
internal_count=732 637 608 505 305 200 114
is_linear=0
shrinkage=0.05


end of trees

feature_importances:
atr_pct=61
spy_ret_5d=39
dist_ma200=33
dvol_z_20=31
sector_ret_5d=29
sector_ret_1d=28
ret_5d=27
overnight_gap=26
parkinson_20=26
vix_level=25
vix_chg_1d=23
dist_ma50=21
spy_ret_1d=21
dist_ma20=19
ret_1d=18
ret_20d=15
spy_ret_20d=13

parameters:
[boosting: gbdt]
[objective: quantile]
[metric: quantile]
[tree_learner: serial]
[device_type: cpu]
[data_sample_strategy: bagging]
[data: ]
[valid: ]
[num_iterations: 80]
[learning_rate: 0.05]
[num_leaves: 8]
[num_threads: 1]
[seed: 0]
[deterministic: 0]
[force_col_wise: 1]
[force_row_wise: 0]
[histogram_pool_size: -1]
[max_depth: -1]
[min_data_in_leaf: 25]
[min_sum_hessian_in_leaf: 0.001]
[bagging_fraction: 0.9]
[pos_bagging_fraction: 1]
[neg_bagging_fraction: 1]
[bagging_freq: 1]
[bagging_seed: 3]
[bagging_by_query: 0]
[feature_fraction: 0.9]
[feature_fraction_bynode: 1]
[feature_fraction_seed: 2]
[extra_trees: 0]
[extra_seed: 6]
[early_stopping_round: 0]
[early_stopping_min_delta: 0]
[first_metric_only: 0]
[max_delta_step: 0]
[lambda_l1: 0]
[lambda_l2: 0]
[linear_lambda: 0]
[min_gain_to_split: 0]
[drop_rate: 0.1]
[max_drop: 50]
[skip_drop: 0.5]
[xgboost_dart_mode: 0]
[uniform_drop: 0]
[drop_seed: 4]
[top_rate: 0.2]
[other_rate: 0.1]
[min_data_per_group: 100]
[max_cat_threshold: 32]
[cat_l2: 10]
[cat_smooth: 10]
[max_cat_to_onehot: 4]
[top_k: 20]
[monotone_constraints: ]
[monotone_constraints_method: basic]
[monotone_penalty: 0]
[feature_contri: ]
[forcedsplits_filename: ]
[refit_decay_rate: 0.9]
[cegb_tradeoff: 1]
[cegb_penalty_split: 0]
[cegb_penalty_feature_lazy: ]
[cegb_penalty_feature_coupled: ]
[path_smooth: 0]
[interaction_constraints: ]
[verbosity: -1]
[saved_feature_importance_type: 0]
[use_quantized_grad: 0]
[num_grad_quant_bins: 4]
[quant_train_renew_leaf: 0]
[stochastic_rounding: 1]
[linear_tree: 0]
[max_bin: 255]
[max_bin_by_feature: ]
[min_data_in_bin: 3]
[bin_construct_sample_cnt: 200000]
[data_random_seed: 1]
[is_enable_sparse: 1]
[enable_bundle: 1]
[use_missing: 1]
[zero_as_missing: 0]
[feature_pre_filter: 1]
[pre_partition: 0]
[two_round: 0]
[header: 0]
[label_column: ]
[weight_column: ]
[group_column: ]
[ignore_column: ]
[categorical_feature: ]
[forcedbins_filename: ]
[precise_float_parser: 0]
[parser_config_file: ]
[objective_seed: 5]
[num_class: 1]
[is_unbalance: 0]
[scale_pos_weight: 1]
[sigmoid: 1]
[boost_from_average: 1]
[reg_sqrt: 0]
[alpha: 0.9]
[fair_c: 1]
[poisson_max_delta_step: 0.7]
[tweedie_variance_power: 1.5]
[lambdarank_truncation_level: 30]
[lambdarank_norm: 1]
[label_gain: ]
[lambdarank_position_bias_regularization: 0]
[eval_at: ]
[multi_error_top_k: 1]
[auc_mu_weights: ]
[num_machines: 1]
[local_listen_port: 12400]
[time_out: 120]
[machine_list_filename: ]
[machines: ]
[gpu_platform_id: -1]
[gpu_device_id: -1]
[gpu_device_id_list: ]
[gpu_use_dp: 0]
[num_gpu: 1]

end of parameters

pandas_categorical:[]
