tree
version=v4
num_class=1
num_tree_per_iteration=1
label_index=0
max_feature_idx=16
objective=quantile
feature_names=ret_1d ret_5d ret_20d overnight_gap atr_pct parkinson_20 dvol_z_20 dist_ma20 dist_ma50 dist_ma200 spy_ret_1d spy_ret_5d spy_ret_20d vix_level vix_chg_1d sector_ret_1d sector_ret_5d
feature_infos=[-0.076879638593094435:0.0896640063060401] [-0.11255751759940225:0.11224489795918347] [-0.15675960021041557:0.20045731707317072] [-0.10434817683123576:0.087622997479059883] [0.0090554637629026383:0.036490138984780728] [0.0063777659527739913:0.021588319609743542] [-2.187202857516148:3.7965726409540634] [-0.10289056160282062:0.1011129116167464] [-0.11799654468843557:0.12456943437273393] [-0.096986906255018601:0.21888781745924257] [-0.058542947643003718:0.10501933612632941] [-0.11496158439845272:0.082843216242346029] [-0.12265592443394913:0.15756596870864792] [11.859999656677246:52.330001831054688] [-0.35753873962348437:0.74039073966007019] [-0.062590274434280224:0.087237479806139051] [-0.13928157589803014:0.088314485729671599]
tree_sizes=842 868 862 864 869 864 862 867 841 853 854 866 868 871 866 860 849 866

Tree=0
num_leaves=8
num_cat=0
split_feature=4 1 4 4 16 16 1
split_gain=1.27707 1.01907 0.906638 1.22813 0.75254 1.06258 0.740463
threshold=0.021863805773221497 0.010345847792526343 0.025746086854881434 0.024001486549064265 -0.00046949054578482302 0.0081348525300412051 1.0000000180025095e-35
decision_type=2 2 2 2 2 2 2
left_child=1 4 3 -2 -1 -6 -7
right_child=2 -3 -4 -5 5 6 -8
leaf_value=-0.012438782453612717 -0.012924735714828767 -0.012332675689361135 -0.012477343304962172 -0.012856369968080239 -0.012722222850949278 -0.012240533212427497 -0.012819850995229254
leaf_weight=240 48 263 48 25 48 37 41
leaf_count=240 48 263 48 25 48 37 41
internal_value=-0.0122985 -0.0113935 -0.0170026 -0.0205121 -0.0130995 -0.0162286 -0.0126267
internal_weight=750 629 121 73 366 126 78
internal_count=750 629 121 73 366 126 78
is_linear=0
shrinkage=1


Tree=1
num_leaves=8
num_cat=0
split_feature=4 4 12 12 4 1 10
split_gain=1.76207 0.994284 0.970376 0.954158 0.542226 0.433841 0.641325
threshold=0.021625653722383568 0.025746086854881434 -0.042339714563459634 -0.016904021540445843 0.023017755810142908 0.010345847792526343 -0.00025977690608347531
decision_type=2 2 2 2 2 2 2
left_child=2 3 -1 -2 -5 6 -4
right_child=1 -3 5 4 -6 -7 -8
leaf_value=-0.00039972880302052818 -0.00051471715840434751 1.443711008233279e-05 0.00010579591443316992 -0.00082152384165871993 5.2566944409824203e-06 0.00014529883391842786 -0.00013546313572333245
leaf_weight=26 25 44 161 26 28 249 175
leaf_count=26 25 44 161 26 28 249 175
internal_value=-0.000108992 -0.00556911 0.00099018 -0.00892405 -0.00518518 0.00141026 0.000238095
internal_weight=734 123 611 79 54 585 336
internal_count=734 123 611 79 54 585 336
is_linear=0
shrinkage=0.05


Tree=2
num_leaves=8
num_cat=0
split_feature=4 4 8 13 3 3 3
split_gain=1.86116 1.09287 0.792568 0.729962 0.571415 0.557114 0.82318
threshold=0.021863805773221497 0.025746086854881434 -0.039007941080330004 21.134999275207523 -0.0044024159093951068 0.0028184806438984471 0.0034595688478573643
decision_type=2 2 8 2 2 2 2
left_child=2 4 -1 5 -2 -4 -7
right_child=1 -3 3 -5 -6 6 -8
leaf_value=-0.0002017335554279359 -0.00010252858164619501 1.7926937467255701e-05 0.00015004189575716241 -6.9091053040815317e-05 -0.00051592975642836053 -0.00046676220408108354 8.6994418544219642e-05
leaf_weight=47 25 47 412 36 46 27 109
leaf_count=47 25 47 412 36 46 27 109
internal_value=0.000594126 -0.00516949 0.00167195 0.00217466 -0.00908451 0.00262774 -0.000147059
internal_weight=749 118 631 584 71 548 136
internal_count=749 118 631 584 71 548 136
is_linear=0
shrinkage=0.05


Tree=3
num_leaves=8
num_cat=0
split_feature=12 3 8 2 14 10 10
split_gain=1.3746 1.0806 0.705182 1.2249 0.634372 0.994089 1.28242
threshold=-0.0059221070934643008 -0.0060164293810909255 -0.014195895743465302 -0.020378745307731202 0.020823614308890352 0.0057158340565321994 0.00048358737476139618
decision_type=2 2 10 2 2 2 2
left_child=1 -1 3 -2 5 6 -3
right_child=2 4 -4 -5 -6 -7 -8
leaf_value=-0.00056951541026197189 0.00010340419677681313 -1.0732133877040337e-05 0.00010643759853064513 -0.00082098449678990172 0.0001482249309975192 0.00016553058192019383 -0.00050872735789764831
leaf_weight=29 61 30 452 45 58 43 25
leaf_count=29 61 30 452 45 58 43 25
internal_value=0.000356662 -0.00337838 0.00159498 -0.00207547 -0.00173077 -0.00418367 -0.00863636
internal_weight=743 185 558 106 156 98 55
internal_count=743 185 558 106 156 98 55
is_linear=0
shrinkage=0.05


Tree=4
num_leaves=8
num_cat=0
split_feature=12 1 5 5 16 16 12
split_gain=0.992515 0.610806 0.64106 1.11618 0.619412 0.702036 0.506283
threshold=-0.052281388412141021 0.010345847792526343 0.010620275555521466 0.011123355001831961 0.0039086564017489786 0.012934758612043075 -0.0062518627133230633
decision_type=2 2 2 2 2 2 2
left_child=-1 2 4 -4 -2 -6 -5
right_child=1 -3 3 6 5 -7 -8
leaf_value=-0.00060125168436814605 0.00014432687261982743 0.00013286696969977069 -0.0005727294433484413 -0.00027216474821190528 -0.00014515822304651563 0.00023897145724743765 3.2978381943856528e-05
leaf_weight=30 154 287 41 69 31 37 97
leaf_count=30 154 287 41 69 31 37 97
internal_value=0.000576408 0.000949721 -0.000244755 -0.00224638 0.00162162 -0.00235294 -0.000421687
internal_weight=746 716 429 207 222 68 166
internal_count=746 716 429 207 222 68 166
is_linear=0
shrinkage=0.05


Tree=5
num_leaves=8
num_cat=0
split_feature=8 0 9 4 14 6 8
split_gain=1.05986 0.932528 0.863646 0.655298 0.697984 0.470642 0.644628
threshold=-0.039007941080330004 -0.012576732616860263 -0.029212217826260097 0.014603505730541118 -0.035401414565419224 -0.29465363878621414 0.036196732588547394
decision_type=10 2 10 2 2 2 10
left_child=2 -2 -1 4 -3 -6 -7
right_child=1 3 -4 -5 5 6 -8
leaf_value=-5.5484409072617427e-05 -0.00054311385034750727 -0.00028581065135803836 -0.00032676270201131927 9.6258388589790078e-05 0.00018428744918711339 -0.0002497600705291451 0.00014246709881851472
leaf_weight=99 40 45 31 362 78 40 42
leaf_count=99 40 45 31 362 78 40 42
internal_value=0.000251018 0.0011285 -0.00384615 0.00164903 -0.000609756 0.0009375 -0.00170732
internal_weight=737 607 130 567 205 160 82
internal_count=737 607 130 567 205 160 82
is_linear=0
shrinkage=0.05


Tree=6
num_leaves=8
num_cat=0
split_feature=8 13 4 3 4 10 11
split_gain=1.29067 1.01564 0.973474 1.11363 0.41761 0.616146 1.32662
threshold=-0.039007941080330004 22.930000305175785 0.025746086854881434 -0.0002064670950627234 0.014603505730541118 -0.00025977690608347531 0.0070762605113673391
decision_type=10 2 2 2 2 2 2
left_child=2 4 3 -1 5 -2 -7
right_child=1 -3 -4 -5 -6 6 -8
leaf_value=-0.0001636760840518976 0.00011947759692181322 -0.00042710303294820012 6.6922539470318563e-05 -0.00040083675241649056 9.1481766455735238e-05 -0.00027255662753337506 0.00015313038166447931
leaf_weight=51 78 33 40 42 363 54 85
leaf_count=51 78 33 40 42 363 54 85
internal_value=0.000442359 0.00141109 -0.00402256 -0.00682796 0.00189655 0.000161291 -0.00183453
internal_weight=746 613 133 93 580 217 139
internal_count=746 613 133 93 580 217 139
is_linear=0
shrinkage=0.05


Tree=7
num_leaves=8
num_cat=0
split_feature=8 1 12 5 3 3 14
split_gain=1.12697 0.882738 0.6986 0.375439 0.661676 0.519494 0.537205
threshold=-0.039007941080330004 0.00068739375617710163 -0.039191737143437648 0.013012879921663415 0.00035711934628279712 0.0028184806438984471 0.031250907350716124
decision_type=10 2 2 2 2 2 2
left_child=1 -1 -2 5 -5 -4 -7
right_child=2 -3 3 4 -6 6 -8
leaf_value=-1.9823427558929996e-05 -0.00049929373997829169 -0.00034061172041546057 0.00011752113794120988 -0.00015864609856131387 0.00033553103366126293 3.647822690620735e-05 -0.00054651736261195365
leaf_weight=98 26 36 388 28 29 115 25
leaf_count=98 26 36 388 28 29 115 25
internal_value=0.00057047 -0.00358209 0.00148118 0.00183761 -0.00201754 0.00225379 -0.000357143
internal_weight=745 134 611 585 57 528 140
internal_count=745 134 611 585 57 528 140
is_linear=0
shrinkage=0.05


Tree=8
num_leaves=8
num_cat=0
split_feature=8 6 7 13 3 13 6
split_gain=1.12726 0.705333 0.98 0.487894 0.685714 0.326667 0.325783
threshold=-0.039007941080330004 -0.28016742063355582 -0.019964353538578835 21.134999275207523 -0.00064662163894640956 18.214999198913578 1.1076644035800685
decision_type=10 2 2 2 2 2 2
left_child=1 2 -1 6 -5 -3 -2
right_child=3 5 -4 4 -6 -7 -8
leaf_value=-1.3846775904983427e-05 0.00010354639653561373 -0.00014313501960982409 -0.00058167948582110295 -0.00047901978642545993 0.00015615874025621908 9.0491277842551807e-05 -0.00021142033303909796
leaf_weight=25 501 25 25 32 28 50 78
leaf_count=25 501 25 25 32 28 50 78
internal_value=0.000942409 -0.0034 -0.008 0.00179186 -0.0025 -0.000333333 0.00223661
internal_weight=764 125 50 639 60 75 579
internal_count=764 125 50 639 60 75 579
is_linear=0
shrinkage=0.05


Tree=9
num_leaves=8
num_cat=0
split_feature=8 0 9 13 9 12 6
split_gain=0.874686 1.18627 1.17071 0.495941 0.64191 0.425703 0.507497
threshold=-0.039007941080330004 -0.004215796160459361 -0.029212217826260097 21.134999275207523 0.048701642534513818 0.026873376718857592 1.5366603179815708
decision_type=8 2 8 2 8 2 2
left_child=1 -1 -3 5 -5 -2 -7
right_child=3 2 -4 4 -6 6 -8
leaf_value=6.0624877636215798e-05 8.0783603741640803e-05 5.9887510344350619e-05 -0.00042265529020524734 0.0002557014847322262 -0.00040354751595148827 6.5204043942785779e-05 -0.0010848779072905746
leaf_weight=51 307 25 26 26 32 249 28
leaf_count=51 307 25 26 26 32 249 28
internal_value=0.000967742 -0.00333333 -0.00872549 0.00165109 -0.00275862 0.00208904 0.00066787
internal_weight=744 102 51 642 58 584 277
internal_count=744 102 51 642 58 584 277
is_linear=0
shrinkage=0.05


Tree=10
num_leaves=8
num_cat=0
split_feature=8 0 6 4 10 11 16
split_gain=1.00939 0.816325 1.38129 0.424418 0.642222 1.21 1.20551
threshold=-0.039863327926767715 -0.0070441676958618573 -0.011154829863402311 0.014603505730541118 -0.00083771679108757258 0.0070762605113673391 -0.003189438163291924
decision_type=10 2 2 2 2 2 2
left_child=1 -1 -3 4 -2 6 -6
right_child=3 2 -4 -5 5 -7 -8
leaf_value=7.6508996000767179e-05 0.00011058284394482919 -0.00043512366983346537 4.4345190735773811e-05 9.1593892200914605e-05 -4.589551801760739e-06 0.00017364351372727997 -0.00032516062162062749
leaf_weight=48 75 43 36 397 29 90 31
leaf_count=48 75 43 36 397 29 90 31
internal_value=0.000794393 -0.00326772 -0.0063924 0.00162379 -0.000111111 -0.002 -0.0075
internal_weight=749 127 79 622 225 150 60
internal_count=749 127 79 622 225 150 60
is_linear=0
shrinkage=0.05


Tree=11
num_leaves=8
num_cat=0
split_feature=7 8 4 15 4 5 4
split_gain=0.818016 0.942308 0.680396 0.7177 0.572999 0.514988 0.702216
threshold=0.006924631715742092 0.029904659515142876 0.017448473658113767 -0.0053008219967415884 0.018518556214681781 0.012595516929272613 0.026299979797914708
decision_type=2 10 2 2 2 2 2
left_child=1 2 3 -1 -4 -6 -7
right_child=-2 -3 4 -5 5 6 -8
leaf_value=-0.00048522287525594259 7.6188196375368423e-05 -0.00032565920206008769 -0.00019176810956292426 0.00025146375281089511 9.7083251039604284e-05 -0.00050694677532679526 0.00014652436795768199
leaf_weight=46 396 27 35 95 54 64 30
leaf_count=46 396 27 35 95 54 64 30
internal_value=0.000917002 -0.000840456 -9.25924e-05 0.00251773 -0.00210382 -0.000743243 -0.00297872
internal_weight=747 351 324 141 183 148 94
internal_count=747 351 324 141 183 148 94
is_linear=0
shrinkage=0.05


Tree=12
num_leaves=8
num_cat=0
split_feature=5 6 1 3 11 1 10
split_gain=0.638504 0.553535 0.392465 0.511036 0.598993 0.471473 0.447267
threshold=0.012595516929272613 0.61528752410162924 0.010345847792526343 0.001440284451743268 0.012360960719592808 -0.0019438754021707247 -0.0028966146153551193
decision_type=2 2 2 2 2 2 2
left_child=2 -2 3 4 -1 6 -5
right_child=1 -3 -4 5 -6 -7 -8
leaf_value=8.1320000550731743e-05 -5.3964931625843353e-06 -0.00075566803907608105 0.00013026225571852775 -0.00053384598462318065 -0.0005546820466001773 -0.00021616427751229136 8.339259341735893e-05
leaf_weight=194 125 37 221 25 33 46 53
leaf_count=194 125 37 221 25 33 46 53
internal_value=0.000980927 -0.00179012 0.00176573 0.000726496 0.00213656 -0.00185484 0.000512821
internal_weight=734 162 572 351 227 124 78
internal_count=734 162 572 351 227 124 78
is_linear=0
shrinkage=0.05


Tree=13
num_leaves=8
num_cat=0
split_feature=8 7 14 10 15 4 13
split_gain=0.450447 0.830808 0.500538 0.406669 0.570853 0.446885 0.889666
threshold=-0.039007941080330004 -0.019964353538578835 0.13518549268873961 -0.00090813194402433728 -0.0053008219967415884 0.014412708700243462 14.960000038146974
decision_type=10 2 2 2 2 2 2
left_child=1 -1 3 -2 -5 6 -6
right_child=2 -3 -4 4 5 -7 -8
leaf_value=3.5246614569492947e-05 0.00013799215023334926 -0.00044468841990074123 -0.00034283105687243302 -0.00023508757569310596 0.00015309587547882977 9.8654476209298497e-05 -0.00025657820065257548
leaf_weight=85 205 41 25 44 79 228 38
leaf_count=85 205 41 25 44 79 228 38
internal_value=0.00137584 -0.00134921 0.00193053 0.00222222 0.00127249 0.00195652 -0.000555555
internal_weight=745 126 619 594 389 345 117
internal_count=745 126 619 594 389 345 117
is_linear=0
shrinkage=0.05


Tree=14
num_leaves=8
num_cat=0
split_feature=7 7 6 7 14 16 4
split_gain=0.428077 1.84956 0.42882 0.501719 0.983478 0.381963 0.547391
threshold=-0.0037977698410447953 -0.0084576554565355382 -0.48983803560976502 -0.027033625805039149 -0.0070547548707520216 -0.0091143073512788258 0.012159962902601214
decision_type=2 2 2 2 2 2 2
left_child=1 2 -1 -4 -5 -2 -7
right_child=5 -3 3 4 -6 6 -8
leaf_value=0.00017863822028427656 0.00012483459082354527 -0.00037855245089132313 4.4949460846819737e-05 0.0002636026639620959 -0.00067497122794785158 -0.00018198751183250619 5.222510940651842e-05
leaf_weight=52 83 33 91 31 41 29 359
leaf_count=52 83 33 91 31 41 29 359
internal_value=0.00103616 -0.000645161 0.00104651 -0.000214724 -0.00333333 0.00192144 0.00126289
internal_weight=719 248 215 163 72 471 388
internal_count=719 248 215 163 72 471 388
is_linear=0
shrinkage=0.05


Tree=15
num_leaves=8
num_cat=0
split_feature=13 15 10 1 12 8 8
split_gain=0.68975 0.357055 0.513879 0.568302 0.975949 1.11364 0.829697
threshold=27.070000648498539 0.011368182339050683 -0.001095493805140457 0.009158523598912784 0.016092642436075003 0.0071890131375421671 -0.031462411242339831
decision_type=2 2 2 2 2 8 10
left_child=1 2 -1 4 5 6 -4
right_child=-2 -3 3 -5 -6 -7 -8
leaf_value=6.6520142675627626e-05 -0.00062425503439588511 0.0001326492679563089 -0.00035612530738424273 8.3546178317109806e-05 1.6022723268207722e-05 -0.00074770221723481287 1.0891007373921101e-05
leaf_weight=263 25 88 25 166 121 25 30
leaf_count=263 25 88 25 166 121 25 30
internal_value=0.0011642 0.00144847 0.00103175 -0.000177112 -0.00196517 -0.00625 -0.00227273
internal_weight=743 718 630 367 201 80 55
internal_count=743 718 630 367 201 80 55
is_linear=0
shrinkage=0.05


Tree=16
num_leaves=8
num_cat=0
split_feature=13 4 4 4 10 6 10
split_gain=0.679017 0.384214 0.403333 0.3675 0.322 0.513092 0.60954
threshold=26.494999885559086 0.021863805773221497 0.022829489638113269 0.024483401120281311 -0.0048383307689184299 1.1076644035800685 0.0030128499392588774
decision_type=2 2 2 2 2 2 2
left_child=1 4 -3 -4 -1 -6 -7
right_child=-2 2 3 -5 5 6 -8
leaf_value=0.00011735508395125879 -0.00037618345514550368 -0.00072776098464331397 6.0672320712076651e-05 -0.00010323089736314347 5.8775018154572571e-05 -0.0010811738094470707 7.5947402409769159e-05
leaf_weight=120 25 25 27 48 449 25 38
leaf_count=120 25 25 27 48 449 25 38
internal_value=0.00110304 0.00137978 -0.0015 0.000333334 0.00183544 0.00128906 -0.00293651
internal_weight=757 732 100 75 632 512 63
internal_count=757 732 100 75 632 512 63
is_linear=0
shrinkage=0.05


Tree=17
num_leaves=8
num_cat=0
split_feature=3 3 8 14 3 3 10
split_gain=0.416869 0.758096 0.668337 0.60213 0.457497 0.568817 0.434648
threshold=0.0028184806438984471 0.0034595688478573643 -0.03066924960839534 0.035115678917499234 -0.0034515675338704361 -0.0043254559054117783 0.0011106399623194154
decision_type=2 2 8 2 2 2 2
left_child=4 -2 -3 -4 5 6 -1
right_child=1 2 3 -5 -6 -7 -8
leaf_value=7.0631845916723559e-05 -0.0004175194492068953 -0.00045674688523792193 0.00012169901828051858 -0.00046848258911483281 7.6984959159796449e-05 -0.00033075501879686734 -0.00020163993023120195
leaf_weight=91 25 38 108 25 395 30 34
leaf_count=91 25 38 108 25 395 30 34
internal_value=0.0011126 -0.000867347 0.000321638 0.00199248 0.00181818 -0.000483871 0.001
internal_weight=746 196 171 133 550 155 125
internal_count=746 196 171 133 550 155 125
is_linear=0
shrinkage=0.05


end of trees

feature_importances:
atr_pct=20
dist_ma50=14
overnight_gap=13
spy_ret_1d=11
ret_5d=8
dvol_z_20=8
spy_ret_20d=8
vix_level=8
dist_ma20=6
vix_chg_1d=6
sector_ret_5d=6
parkinson_20=5
ret_1d=3
dist_ma200=3
spy_ret_5d=3
sector_ret_1d=3
ret_20d=1

parameters:
[boosting: gbdt]
[objective: quantile]
[metric: quantile]
[tree_learner: serial]
[device_type: cpu]
[data_sample_strategy: bagging]
[data: ]
[valid: ]
[num_iterations: 80]
[learning_rate: 0.05]
[num_leaves: 8]
[num_threads: 1]
[seed: 0]
[deterministic: 0]
[force_col_wise: 1]
[force_row_wise: 0]
[histogram_pool_size: -1]
[max_depth: -1]
[min_data_in_leaf: 25]
[min_sum_hessian_in_leaf: 0.001]
[bagging_fraction: 0.9]
[pos_bagging_fraction: 1]
[neg_bagging_fraction: 1]
[bagging_freq: 1]
[bagging_seed: 3]
[bagging_by_query: 0]
[feature_fraction: 0.9]
[feature_fraction_bynode: 1]
[feature_fraction_seed: 2]
[extra_trees: 0]
[extra_seed: 6]
[early_stopping_round: 0]
[early_stopping_min_delta: 0]
[first_metric_only: 0]
[max_delta_step: 0]
[lambda_l1: 0]
[lambda_l2: 0]
[linear_lambda: 0]
[min_gain_to_split: 0]
[drop_rate: 0.1]
[max_drop: 50]
[skip_drop: 0.5]
[xgboost_dart_mode: 0]
[uniform_drop: 0]
[drop_seed: 4]
[top_rate: 0.2]
[other_rate: 0.1]
[min_data_per_group: 100]
[max_cat_threshold: 32]
[cat_l2: 10]
[cat_smooth: 10]
[max_cat_to_onehot: 4]
[top_k: 20]
[monotone_constraints: ]
[monotone_constraints_method: basic]
[monotone_penalty: 0]
[feature_contri: ]
[forcedsplits_filename: ]
[refit_decay_rate: 0.9]
[cegb_tradeoff: 1]
[cegb_penalty_split: 0]
[cegb_penalty_feature_lazy: ]
[cegb_penalty_feature_coupled: ]
[path_smooth: 0]
[interaction_constraints: ]
[verbosity: -1]
[saved_feature_importance_type: 0]
[use_quantized_grad: 0]
[num_grad_quant_bins: 4]
[quant_train_renew_leaf: 0]
[stochastic_rounding: 1]
[linear_tree: 0]
[max_bin: 255]
[max_bin_by_feature: ]
[min_data_in_bin: 3]
[bin_construct_sample_cnt: 200000]
[data_random_seed: 1]
[is_enable_sparse: 1]
[enable_bundle: 1]
[use_missing: 1]
[zero_as_missing: 0]
[feature_pre_filter: 1]
[pre_partition: 0]
[two_round: 0]
[header: 0]
[label_column: ]
[weight_column: ]
[group_column: ]
[ignore_column: ]
[categorical_feature: ]
[forcedbins_filename: ]
[precise_float_parser: 0]
[parser_config_file: ]
[objective_seed: 5]
[num_class: 1]
[is_unbalance: 0]
[scale_pos_weight: 1]
[sigmoid: 1]
[boost_from_average: 1]
[reg_sqrt: 0]
[alpha: 0.1]
[fair_c: 1]
[poisson_max_delta_step: 0.7]
[tweedie_variance_power: 1.5]
[lambdarank_truncation_level: 30]
[lambdarank_norm: 1]
[label_gain: ]
[lambdarank_position_bias_regularization: 0]
[eval_at: ]
[multi_error_top_k: 1]
[auc_mu_weights: ]
[num_machines: 1]
[local_listen_port: 12400]
[time_out: 120]
[machine_list_filename: ]
[machines: ]
[gpu_platform_id: -1]
[gpu_device_id: -1]
[gpu_device_id_list: ]
[gpu_use_dp: 0]
[num_gpu: 1]

end of parameters

pandas_categorical:[]
