tree
version=v4
num_class=1
num_tree_per_iteration=1
label_index=0
max_feature_idx=16
objective=quantile
feature_names=ret_1d ret_5d ret_20d overnight_gap atr_pct parkinson_20 dvol_z_20 dist_ma20 dist_ma50 dist_ma200 spy_ret_1d spy_ret_5d spy_ret_20d vix_level vix_chg_1d sector_ret_1d sector_ret_5d
feature_infos=[-0.087696191416968494:0.059914057704112844] [-0.11989990207811985:0.087570252254607128] [-0.13087901394745372:0.12377466997778064] [-0.029317697228144923:0.05306799336650081] [0.010088279023665008:0.038091237895228065] [0.0064650570485631324:0.022119621882747371] [-1.8878111996972917:4.2981868482676227] [-0.093362206789209479:0.063319444975344918] [-0.10630605390513725:0.083572356647299451] [-0.013427701471930731:0.1715015965776967] [-0.058542947643003718:0.10501933612632941] [-0.11496158439845272:0.082843216242346029] [-0.12265592443394913:0.15756596870864792] [11.859999656677246:52.330001831054688] [-0.35753873962348437:0.74039073966007019] [-0.073180960369049974:0.075364298724954315] [-0.12187673514714059:0.078003457216940353]
tree_sizes=840 859 859 861 842 856 862 871 863 860 854 862 861 865

Tree=0
num_leaves=8
num_cat=0
split_feature=13 8 1 3 2 15 16
split_gain=1.58696 1.08788 1.68691 0.687738 0.602562 0.503802 0.390527
threshold=19.055000305175785 0.012004007022936915 -0.0015528550752773038 0.0018394996560935353 0.041845887667324451 0.0025620251156679434 0.0027568250876235383
decision_type=2 8 2 2 2 2 2
left_child=3 5 -3 6 -4 -2 -1
right_child=1 2 4 -5 -6 -7 -8
leaf_value=-0.011849403152006447 -0.011765149373028253 -0.012641007893240923 -0.012136705918795739 -0.011847960947339252 -0.011838644572702372 -0.012701439851887014 -0.01204828501621502
leaf_weight=158 63 39 29 192 28 29 212
leaf_count=158 63 39 29 192 28 29 212
internal_value=-0.0118263 -0.0158029 -0.0195263 -0.0104961 -0.0140439 -0.0119176 -0.011756
internal_weight=750 188 96 562 57 92 370
internal_count=750 188 96 562 57 92 370
is_linear=0
shrinkage=1


Tree=1
num_leaves=8
num_cat=0
split_feature=13 8 1 1 14 3 2
split_gain=0.971154 1.15917 1.17085 0.696915 0.633383 0.548159 0.70028
threshold=19.055000305175785 0.018035069933079465 -0.0015528550752773038 0.034295172404079761 -0.04578454363779693 -0.0033105278401983624 0.027164335952991284
decision_type=2 8 2 2 2 2 2
left_child=3 4 -3 5 -2 6 -1
right_child=1 2 -4 -5 -6 -7 -8
leaf_value=0.00025587462558276019 -0.0007751385944956197 -0.0010247047351088577 -5.2150914245726386e-05 -0.00021609144640446221 0.00013790050727408178 0.00013400450540003154 -0.00020533619692608649
leaf_weight=53 31 25 42 38 85 430 30
leaf_count=53 31 25 42 38 85 430 30
internal_value=-4.08717e-05 -0.00319672 -0.00843284 0.00100726 -0.000172414 0.00149123 -0.00222892
internal_weight=734 183 67 551 116 513 83
internal_count=734 183 67 551 116 513 83
is_linear=0
shrinkage=0.05


Tree=2
num_leaves=8
num_cat=0
split_feature=13 9 3 0 0 2 8
split_gain=1.00971 1.06311 0.879222 0.883722 0.659566 0.853472 1.0052
threshold=19.055000305175785 0.059067707144988442 0.0025049261180565279 -0.0056454212596969691 -0.0035270428729400334 0.018285177182824301 0.025429553372186001
decision_type=2 8 2 2 2 2 10
left_child=4 -2 3 -3 5 -1 -7
right_child=1 2 -4 -5 -6 6 -8
leaf_value=0.00016953794632858536 9.3754573452116776e-05 -0.0006902094373232488 -0.00045404104875777779 6.2789053737888689e-05 0.00012697593617737635 -0.00025336815251586676 -3.0668902401605885e-08
leaf_weight=82 72 25 37 54 396 32 51
leaf_count=82 72 25 37 54 396 32 51
internal_value=-7.34311e-05 -0.00324468 -0.0062069 -0.00322785 0.000989305 -0.00166667 -0.00524096
internal_weight=749 188 116 79 561 165 83
internal_count=749 188 116 79 561 165 83
is_linear=0
shrinkage=0.05


Tree=3
num_leaves=8
num_cat=0
split_feature=13 8 1 6 3 3 14
split_gain=0.665613 1.05913 0.998885 0.877193 0.762501 0.814793 0.541353
threshold=19.055000305175785 0.012004007022936915 -0.0015528550752773038 0.061383876826741894 0.0018394996560935353 0.0012986620359594083 -0.044623986751606441
decision_type=2 8 2 2 2 2 2
left_child=4 6 -3 -4 5 -1 -2
right_child=1 2 3 -5 -6 -7 -8
leaf_value=8.5844826495064103e-06 -0.0006246863245591151 -0.00061231321794493398 -0.00018719793201593484 0.00040944487191072078 0.00016257843097439016 -0.00033017523612694638 0.00022438473125700414
leaf_weight=344 25 37 32 25 185 25 70
leaf_count=344 25 37 32 25 185 25 70
internal_value=0.000154778 -0.00240741 -0.00617021 -0.00201754 0.00102888 -0.000284553 0.00131579
internal_weight=743 189 94 57 554 369 95
internal_count=743 189 94 57 554 369 95
is_linear=0
shrinkage=0.05


Tree=4
num_leaves=8
num_cat=0
split_feature=2 7 2 12 1 7 15
split_gain=0.61922 0.902894 0.527283 0.520343 1.01023 0.5 0.43704
threshold=0.058400138610487214 0.038086767210709145 -0.055476632967745847 0.055910575939094771 0.0016703678743266173 0.022005137471553974 0.0082599946207742043
decision_type=2 2 2 2 2 2 2
left_child=2 5 -1 6 -5 -2 -4
right_child=1 -3 3 4 -6 -7 -8
leaf_value=-0.000741314320057724 -0.00012168582557210559 0.0001513559505778215 5.28919365331706e-05 0.00014245233175713687 -0.00031402129087269431 -0.00026995531248052849 0.00012160447300794052
leaf_weight=27 25 28 492 26 25 25 98
leaf_count=27 25 28 492 26 25 25 98
internal_value=0.000241287 -0.00397436 0.000733533 0.00102184 -0.00382353 -0.008 0.00144068
internal_weight=746 78 668 641 51 50 590
internal_count=746 78 668 641 51 50 590
is_linear=0
shrinkage=0.05


Tree=5
num_leaves=8
num_cat=0
split_feature=3 16 9 9 0 11 11
split_gain=0.577987 0.757024 0.420938 1.18522 1.21686 0.40008 1.1102
threshold=-0.0054223416411872108 -0.011546932244346607 0.057259513010962111 0.067610634869018651 0.0048740468469119511 -0.01368273436962064 -0.022672230022230119
decision_type=2 2 8 8 2 2 2
left_child=1 -1 -2 4 -4 6 -5
right_child=2 -3 3 5 -6 -7 -8
leaf_value=-0.00080877119241305772 0.0001823335095741698 5.7207602464847124e-05 -0.00024603068785848382 0.00046565702041113173 6.588297067727901e-05 0.00010070566982238912 -0.0001803360683570939
leaf_weight=30 109 43 34 25 28 436 32
leaf_count=30 109 43 34 25 28 436 32
internal_value=0.00031886 -0.00390411 0.000783133 0.000225225 -0.00629032 0.00104462 -0.00289474
internal_weight=737 73 664 555 62 493 57
internal_count=737 73 664 555 62 493 57
is_linear=0
shrinkage=0.05


Tree=6
num_leaves=8
num_cat=0
split_feature=13 9 6 8 7 3 10
split_gain=0.600947 0.729592 0.756846 0.616445 0.58067 0.675339 0.779727
threshold=20.255000114440922 0.060907749635937376 -0.22792680820121194 -0.0080816560297336509 -0.0015559235496492849 0.0018906437517656196 0.0031270568470502806
decision_type=2 8 2 8 2 2 2
left_child=3 -2 -3 -1 5 6 -5
right_child=1 2 -4 4 -6 -7 -8
leaf_value=0.00020231437422959378 9.6417745719136718e-05 -0.0001308208877317126 -0.00069109435054761357 -0.00032680338284172953 4.7601877182213707e-05 0.00010966155231868233 6.2495975396645469e-05
leaf_weight=80 64 34 37 49 425 30 27
leaf_count=80 64 34 37 49 425 30 27
internal_value=0.000241287 -0.00277778 -0.00626761 0.000908347 0.000291902 -0.00301887 -0.00552632
internal_weight=746 135 71 611 531 106 76
internal_count=746 135 71 611 531 106 76
is_linear=0
shrinkage=0.05


Tree=7
num_leaves=8
num_cat=0
split_feature=15 8 15 9 7 1 1
split_gain=0.652269 0.647889 0.805523 0.862795 0.772247 0.499971 0.825637
threshold=0.015315461895203943 -0.0080816560297336509 -0.0074435167967478169 0.11250014686423128 0.0037914869979464032 -0.0030342204874047591 -0.0078193255910450326
decision_type=2 8 2 8 2 2 2
left_child=1 -1 3 4 -3 6 -4
right_child=-2 2 5 -5 -6 -7 -8
leaf_value=0.00021941972529876172 -0.00060084694278368612 -4.3265609036436917e-05 4.6514464825418553e-06 0.00011670662224941769 -0.00050163378878746441 9.5858338707772918e-05 -0.00030494604166105433
leaf_weight=110 35 26 100 39 25 372 38
leaf_count=110 35 26 100 39 25 372 38
internal_value=0.0002349 0.00056338 -8.33331e-05 -0.00444444 -0.00872549 0.000686275 -0.00188406
internal_weight=745 710 600 90 51 510 138
internal_count=745 710 600 90 51 510 138
is_linear=0
shrinkage=0.05


Tree=8
num_leaves=8
num_cat=0
split_feature=15 2 7 8 8 13 6
split_gain=0.595352 0.51945 1.0766 0.884039 0.893828 0.703048 0.303997
threshold=0.014425208851226114 0.017855014942032125 -7.160667898337135e-05 0.023742791725216764 0.018204745926964753 19.295000076293949 -0.55498209403367194
decision_type=2 2 2 8 10 2 2
left_child=1 -1 -3 4 -4 6 -5
right_child=-2 2 3 5 -6 -7 -8
leaf_value=0.00011794577559529648 -0.00049636642274047092 -0.00035085975456997662 0.00011538722146928944 -2.0770782962927436e-05 -0.00017810274179135211 -0.00015875408059607977 0.00012563605618617817
leaf_weight=362 44 26 41 54 31 43 163
leaf_count=362 44 26 41 54 31 43 163
internal_value=0.000418848 0.000763889 -0.000586592 0.000180723 -0.00472222 0.00153846 0.00269585
internal_weight=764 720 358 332 72 260 217
internal_count=764 720 358 332 72 260 217
is_linear=0
shrinkage=0.05


Tree=9
num_leaves=8
num_cat=0
split_feature=13 3 8 3 3 14 0
split_gain=0.41757 1.0516 0.810783 0.646088 0.845273 0.442094 0.402793
threshold=19.055000305175785 0.0025049261180565279 0.0026061500821765731 0.0018394996560935353 0.00132294820957668 -0.04578454363779693 -0.0060299753224765653
decision_type=2 2 10 2 2 2 2
left_child=3 5 -3 4 -1 -2 -7
right_child=1 2 -4 -5 -6 6 -8
leaf_value=1.4188262122406378e-05 -0.00031626835259582621 0.00027895673248300233 -0.00038204945169372797 0.00011457807154920527 -0.00012576589693289833 -0.00020438144883152249 0.00021401825408839844
leaf_weight=346 25 26 31 193 25 38 60
leaf_count=346 25 26 31 193 25 38 60
internal_value=0.000430108 -0.00166667 -0.0072807 0.00109929 -0.000121294 0.00093496 0.00244898
internal_weight=744 180 57 564 371 123 98
internal_count=744 180 57 564 371 123 98
is_linear=0
shrinkage=0.05


Tree=10
num_leaves=8
num_cat=0
split_feature=1 8 6 2 0 14 1
split_gain=0.623496 0.72 0.577789 0.410677 0.607119 0.76374 0.485205
threshold=-0.028792650034836716 -0.013109339499335125 -1.1179357229347768 0.018285177182824301 -0.0041528501032082046 0.016378333086022993 0.032526084679194163
decision_type=2 8 2 2 2 2 2
left_child=1 -1 -2 -4 5 -5 -6
right_child=2 -3 3 4 6 -7 -8
leaf_value=7.8755452765309335e-05 -6.3387788989507769e-05 -0.00035789763212781876 0.00014858437504083205 -0.00019992615092927145 5.1109950923726834e-05 4.2076134771692607e-05 -0.00036113886949550142
leaf_weight=25 47 25 302 46 232 41 31
leaf_count=25 47 25 302 46 232 41 31
internal_value=0.000393859 -0.005 0.000779685 0.00116564 1.86265e-10 -0.00362069 0.00119772
internal_weight=749 50 699 652 350 87 263
internal_count=749 50 699 652 350 87 263
is_linear=0
shrinkage=0.05


Tree=11
num_leaves=8
num_cat=0
split_feature=1 8 6 9 9 12 1
split_gain=0.603982 0.785071 0.560336 0.506472 1.03298 0.343711 0.315194
threshold=-0.028792650034836716 -0.013109339499335125 -1.1179357229347768 0.06258674986933245 0.067610634869018651 -0.033690121396823418 0.032526084679194163
decision_type=2 8 2 8 8 2 2
left_child=1 -1 -2 -4 -5 -6 -7
right_child=2 -3 3 4 5 6 -8
leaf_value=8.0236231149048939e-05 -5.879204779503986e-05 -0.00034000275052142783 0.00019937918080113867 -0.00017702230201360953 -9.7332285629734433e-05 7.9238519605285627e-05 -0.00012924957621588131
leaf_weight=27 49 25 126 30 27 415 48
leaf_count=27 49 25 126 30 27 415 48
internal_value=0.000582329 -0.00461538 0.000971223 0.00136223 0.000673077 0.00122449 0.00154428
internal_weight=747 52 695 646 520 490 463
internal_count=747 52 695 646 520 490 463
is_linear=0
shrinkage=0.05


Tree=12
num_leaves=8
num_cat=0
split_feature=13 3 3 0 9 13 3
split_gain=0.554241 0.552832 1.09454 1.33628 1.63498 1.14884 0.60679
threshold=14.920000076293947 -0.00035245097031610934 0.0018394996560935353 0.004817949643654674 0.088414029928012741 19.055000305175785 -0.0027707228445491001
decision_type=2 2 2 2 8 2 2
left_child=-1 6 3 4 -3 -4 -2
right_child=1 2 5 -5 -6 -7 -8
leaf_value=0.00011668662022094172 -8.9306413743794445e-06 -5.1007010113434336e-05 0.00010879488099303902 0.00029234759747105672 -0.00026100053179137716 -0.00022520756082246591 0.00013949122588322429
leaf_weight=222 139 33 117 33 32 65 93
leaf_count=222 139 33 117 33 32 65 93
internal_value=0.000435967 -0.00046875 -0.00196429 -0.00622449 -0.0103846 0.000329671 0.00133621
internal_weight=734 512 280 98 65 182 232
internal_count=734 512 280 98 65 182 232
is_linear=0
shrinkage=0.05


Tree=13
num_leaves=8
num_cat=0
split_feature=15 6 8 15 5 8 8
split_gain=0.728515 0.43346 0.475647 0.53486 0.563429 0.723214 0.477649
threshold=0.014425208851226114 -1.2452842002155653 -0.0090685623438938028 -0.0068420800183306976 0.0092385522342620947 0.031070116184335309 -0.0046999410268155897
decision_type=2 2 8 2 2 8 10
left_child=1 -1 -3 4 -4 -6 -5
right_child=-2 2 3 6 5 -7 -8
leaf_value=-4.3139210310428999e-05 -0.0005365276110836653 0.00023559510374220033 -0.00016241617286869809 -0.00049244690983486566 0.00013464539811845178 -0.00051645068793139339 6.4197734037427503e-05
leaf_weight=30 41 93 41 31 36 28 445
leaf_count=30 41 93 41 31 36 28 445
internal_value=0.000503356 0.000880682 0.00114243 0.000611016 -0.00261905 0.0003125 0.00132353
internal_weight=745 704 674 581 105 64 476
internal_count=745 704 674 581 105 64 476
is_linear=0
shrinkage=0.05


end of trees

feature_importances:
dist_ma50=14
overnight_gap=13
ret_5d=11
vix_level=9
dist_ma200=8
ret_20d=7
sector_ret_1d=7
ret_1d=6
dvol_z_20=6
dist_ma20=5
vix_chg_1d=4
spy_ret_5d=2
spy_ret_20d=2
sector_ret_5d=2
parkinson_20=1
spy_ret_1d=1

parameters:
[boosting: gbdt]
[objective: quantile]
[metric: quantile]
[tree_learner: serial]
[device_type: cpu]
[data_sample_strategy: bagging]
[data: ]
[valid: ]
[num_iterations: 80]
[learning_rate: 0.05]
[num_leaves: 8]
[num_threads: 1]
[seed: 0]
[deterministic: 0]
[force_col_wise: 1]
[force_row_wise: 0]
[histogram_pool_size: -1]
[max_depth: -1]
[min_data_in_leaf: 25]
[min_sum_hessian_in_leaf: 0.001]
[bagging_fraction: 0.9]
[pos_bagging_fraction: 1]
[neg_bagging_fraction: 1]
[bagging_freq: 1]
[bagging_seed: 3]
[bagging_by_query: 0]
[feature_fraction: 0.9]
[feature_fraction_bynode: 1]
[feature_fraction_seed: 2]
[extra_trees: 0]
[extra_seed: 6]
[early_stopping_round: 0]
[early_stopping_min_delta: 0]
[first_metric_only: 0]
[max_delta_step: 0]
[lambda_l1: 0]
[lambda_l2: 0]
[linear_lambda: 0]
[min_gain_to_split: 0]
[drop_rate: 0.1]
[max_drop: 50]
[skip_drop: 0.5]
[xgboost_dart_mode: 0]
[uniform_drop: 0]
[drop_seed: 4]
[top_rate: 0.2]
[other_rate: 0.1]
[min_data_per_group: 100]
[max_cat_threshold: 32]
[cat_l2: 10]
[cat_smooth: 10]
[max_cat_to_onehot: 4]
[top_k: 20]
[monotone_constraints: ]
[monotone_constraints_method: basic]
[monotone_penalty: 0]
[feature_contri: ]
[forcedsplits_filename: ]
[refit_decay_rate: 0.9]
[cegb_tradeoff: 1]
[cegb_penalty_split: 0]
[cegb_penalty_feature_lazy: ]
[cegb_penalty_feature_coupled: ]
[path_smooth: 0]
[interaction_constraints: ]
[verbosity: -1]
[saved_feature_importance_type: 0]
[use_quantized_grad: 0]
[num_grad_quant_bins: 4]
[quant_train_renew_leaf: 0]
[stochastic_rounding: 1]
[linear_tree: 0]
[max_bin: 255]
[max_bin_by_feature: ]
[min_data_in_bin: 3]
[bin_construct_sample_cnt: 200000]
[data_random_seed: 1]
[is_enable_sparse: 1]
[enable_bundle: 1]
[use_missing: 1]
[zero_as_missing: 0]
[feature_pre_filter: 1]
[pre_partition: 0]
[two_round: 0]
[header: 0]
[label_column: ]
[weight_column: ]
[group_column: ]
[ignore_column: ]
[categorical_feature: ]
[forcedbins_filename: ]
[precise_float_parser: 0]
[parser_config_file: ]
[objective_seed: 5]
[num_class: 1]
[is_unbalance: 0]
[scale_pos_weight: 1]
[sigmoid: 1]
[boost_from_average: 1]
[reg_sqrt: 0]
[alpha: 0.1]
[fair_c: 1]
[poisson_max_delta_step: 0.7]
[tweedie_variance_power: 1.5]
[lambdarank_truncation_level: 30]
[lambdarank_norm: 1]
[label_gain: ]
[lambdarank_position_bias_regularization: 0]
[eval_at: ]
[multi_error_top_k: 1]
[auc_mu_weights: ]
[num_machines: 1]
[local_listen_port: 12400]
[time_out: 120]
[machine_list_filename: ]
[machines: ]
[gpu_platform_id: -1]
[gpu_device_id: -1]
[gpu_device_id_list: ]
[gpu_use_dp: 0]
[num_gpu: 1]

end of parameters

pandas_categorical:[]
