tree
version=v4
num_class=1
num_tree_per_iteration=1
label_index=0
max_feature_idx=16
objective=quantile
feature_names=ret_1d ret_5d ret_20d overnight_gap atr_pct parkinson_20 dvol_z_20 dist_ma20 dist_ma50 dist_ma200 spy_ret_1d spy_ret_5d spy_ret_20d vix_level vix_chg_1d sector_ret_1d sector_ret_5d
feature_infos=[-0.099654859218891945:0.13384329487013291] [-0.14452085181898855:0.11570029123643089] [-0.1768516727905628:0.23417591027174156] [-0.054677565849228005:0.049299982926412911] [0.012681293529084774:0.064387094493894195] [0.0075677928797198337:0.034547163985998039] [-2.3000388969448666:4.2374044206800061] [-0.12915979725064242:0.12233980804889466] [-0.19201754270710081:0.16740932544795206] [-0.15757719068976994:0.3203070697426682] [-0.058542947643003718:0.10501933612632941] [-0.11496158439845272:0.082843216242346029] [-0.12265592443394913:0.15756596870864792] [11.859999656677246:52.330001831054688] [-0.35753873962348437:0.74039073966007019] [-0.073180960369049974:0.075364298724954315] [-0.12187673514714059:0.078003457216940353]
tree_sizes=839 859 848 859 852 856 857 859 859 854 859 843 853 864 854 845 858 851 858 858 860 851 863 866 858 858 867 866 858 848 863 857 852 862 844 847 852 852 864 857 854 864 862 856 862 861 851 851 862 850 863 858 864 839 859 852 853 855 849 852 860 862 863 855 864

Tree=0
num_leaves=8
num_cat=0
split_feature=12 6 14 1 10 4 13
split_gain=4.18288 2.88032 3.22709 2.35208 2.34053 1.73558 1.64634
threshold=0.0048491469985487709 -0.77176361905518465 -0.044386160859696593 0.038174743969098042 0.0067105018630921895 0.016598850174636425 24.630000114440922
decision_type=2 2 2 2 2 2 2
left_child=6 5 -3 4 -4 -2 -1
right_child=1 2 3 -5 -6 -7 -8
leaf_value=0.0088483617641031739 0.0086189917405135926 0.0088962113019078973 0.0087170111248269684 0.0088945160619914535 0.0085802569286897775 0.0086745039559900754 0.0091409384272992614
leaf_weight=205 28 83 230 67 31 65 41
leaf_count=205 28 83 230 67 31 65 41
internal_value=0.00832539 0.00571666 0.00751469 0.00528596 0.00314072 -0.00222945 0.0136701
internal_weight=750 504 411 328 261 93 246
internal_count=750 504 411 328 261 93 246
is_linear=0
shrinkage=1


Tree=1
num_leaves=8
num_cat=0
split_feature=13 9 5 5 16 8 5
split_gain=4.53788 3.24984 1.78454 2.38988 1.69594 1.53287 1.44644
threshold=24.630000114440922 0.27554703078125925 0.012987756484745453 0.0087185197751852208 0.029726517005854717 -0.11861855355051952 0.0098160312126528235
decision_type=2 10 2 2 2 10 2
left_child=1 2 3 -1 5 -4 -5
right_child=-2 -3 4 6 -6 -7 -8
leaf_value=0.00025158822070807222 0.00049684327561408284 -0.00015232937468681484 -0.0002029057464096695 -0.0002266071108169854 -0.00021509333048015832 8.7276934646070021e-05 -4.3104500509798509e-05
leaf_weight=25 44 36 25 55 25 209 315
leaf_count=25 44 36 25 55 25 209 315
internal_value=0.000340599 -0.000652174 0.000152905 -0.00196203 0.00337838 0.00470085 -0.00297297
internal_weight=734 690 654 395 259 234 370
internal_count=734 690 654 395 259 234 370
is_linear=0
shrinkage=0.05


Tree=2
num_leaves=8
num_cat=0
split_feature=13 11 9 9 14 5 6
split_gain=5.4565 2.70812 1.96296 1.81977 1.67062 1.87723 1.62137
threshold=16.164999961853031 -0.013447724126553815 0.27554703078125925 0.21592119901316767 0.042440575684467692 0.0092989895588090274 -0.13724353004940734
decision_type=2 2 10 8 2 2 2
left_child=2 3 4 6 5 -1 -2
right_child=1 -3 -4 -5 -6 -7 -8
leaf_value=0.00026268728275317699 0.00052215947501827039 1.9498405978083615e-05 -0.00015186023627757097 -1.9073379866313154e-05 -0.0003238253374584019 -7.2879432758782021e-05 0.00020906437130179258
leaf_weight=32 30 302 34 27 44 224 56
leaf_count=32 30 302 34 27 44 224 56
internal_value=-3.33778e-05 0.00379518 -0.00479042 0.0103982 -0.0035 -0.00195312 0.0139535
internal_weight=749 415 334 113 300 256 86
internal_count=749 415 334 113 300 256 86
is_linear=0
shrinkage=0.05


Tree=3
num_leaves=8
num_cat=0
split_feature=9 6 7 8 4 14 4
split_gain=4.81829 2.31931 1.95472 2.48467 2.79466 2.36898 2.23332
threshold=0.18515726126851687 -0.52783934266594146 -0.025994193970012344 0.0120589076747486 0.025120066591822792 -1.0000000180025095e-35 0.020533622883833463
decision_type=10 2 2 10 2 2 2
left_child=2 -2 -1 -4 5 6 -5
right_child=1 -3 3 4 -6 -7 -8
leaf_value=0.00014952823403582439 -0.00019884565379179545 -3.7557923304848423e-05 -7.3191735846921818e-05 1.714786984957752e-05 0.00014367121974937617 0.00016362963947467508 -0.00023658613553270702
leaf_weight=145 63 122 169 81 33 95 35
leaf_count=145 63 122 169 81 33 95 35
internal_value=0.000100942 -0.00689189 0.00241935 0.00066586 0.00389344 0.00177725 -0.00301724
internal_weight=743 185 558 413 244 211 116
internal_count=743 185 558 413 244 211 116
is_linear=0
shrinkage=0.05


Tree=4
num_leaves=8
num_cat=0
split_feature=9 13 1 16 7 0 2
split_gain=4.1495 3.37452 1.4987 3.41604 2.09241 1.40374 1.35234
threshold=0.28254351106135017 21.555000305175785 0.038174743969098042 0.018699504040458507 -0.025994193970012344 0.0080323467225235107 -0.068468174028989678
decision_type=10 2 2 2 2 2 2
left_child=1 2 4 -4 -1 -5 -3
right_child=-2 6 3 5 -6 -7 -8
leaf_value=0.00012463216854215715 -0.00014269423716628817 0.00011720729568609383 0.00042319352640537549 -0.00010013757607026494 -4.5710610188834811e-05 4.8289821163634721e-05 0.00054798525031823377
leaf_weight=94 27 43 31 36 418 47 50
leaf_count=94 27 43 31 36 418 47 50
internal_value=-0.000201072 0.000521558 -0.000798722 0.00438596 -0.00195312 -0.000903614 0.0094086
internal_weight=746 719 626 114 512 83 93
internal_count=746 719 626 114 512 83 93
is_linear=0
shrinkage=0.05


Tree=5
num_leaves=8
num_cat=0
split_feature=9 5 9 16 16 6 3
split_gain=3.19441 2.14632 2.39915 1.99095 1.7505 1.49401 1.37027
threshold=0.28136089061620689 0.012901951986305503 0.044570877264583315 -0.013288673439882657 0.030018762992022444 1.2007065923516425 -0.004483427537809447
decision_type=10 2 8 2 2 2 2
left_child=1 2 -1 -3 5 -4 -5
right_child=-2 3 4 6 -6 -7 -8
leaf_value=0.00012842081185743875 -0.00015655819451413852 0.0001670972373510158 -6.0122855226829504e-05 -0.00010935204731156046 0.00019902936703784506 -0.00019931213314247729 4.374216420187441e-05
leaf_weight=29 27 94 291 52 25 37 182
leaf_count=29 27 94 291 52 25 37 182
internal_value=-0.000712347 -7.04225e-05 -0.0026178 0.00289634 -0.00375354 -0.00472561 0.00042735
internal_weight=737 710 382 328 353 328 234
internal_count=737 710 382 328 353 328 234
is_linear=0
shrinkage=0.05


Tree=6
num_leaves=8
num_cat=0
split_feature=13 8 6 10 9 16 7
split_gain=3.29153 3.1079 3.02206 3.03887 2.33927 1.75458 2.29328
threshold=16.469999313354496 0.073322787390546332 -0.80522525151513513 9.4862369999448873e-05 0.040476886876159919 -0.0078152963409913716 0.019577896204326487
decision_type=2 8 2 2 10 2 2
left_child=2 4 -1 -4 -2 -6 -7
right_child=1 -3 3 -5 5 6 -8
leaf_value=-0.0001134369549320731 1.9165195508336758e-05 -0.0001309231160762087 -0.00013864701576613649 2.9043857157610121e-05 0.00040793706984937453 -1.6791276080993078e-05 0.00028756107192684033
leaf_weight=61 195 72 108 187 47 50 26
leaf_count=61 195 72 108 187 47 50 26
internal_value=-0.000737265 0.0024359 -0.00421348 -0.00211864 0.00455975 0.00995935 0.00526316
internal_weight=746 390 356 295 318 123 76
internal_count=746 390 356 295 318 123 76
is_linear=0
shrinkage=0.05


Tree=7
num_leaves=8
num_cat=0
split_feature=4 6 11 8 6 0 3
split_gain=2.79229 2.61054 1.98807 1.71877 1.62774 1.52946 1.60542
threshold=0.016547047027142981 -0.58571849413508514 -0.023324980459216712 -0.064925154451480824 1.7204121133185952 -0.021679228854622697 -0.0047221943387122369
decision_type=2 2 2 10 2 2 2
left_child=1 -1 3 -2 5 -4 -7
right_child=2 -3 4 -5 -6 6 -8
leaf_value=-0.00015262246407787931 0.00012343562621658439 -2.5327689194702905e-05 0.00026195988929990626 0.0005220390951740689 -0.00026608539886369484 -6.4483807564009709e-05 2.4262986920614574e-05
leaf_weight=38 30 70 30 26 42 94 415
leaf_count=38 30 70 30 26 42 94 415
internal_value=-0.000436242 -0.00787037 0.000824176 0.00982143 -4.30293e-05 0.000695733 4.91159e-05
internal_weight=745 108 637 56 581 539 509
internal_count=745 108 637 56 581 539 509
is_linear=0
shrinkage=0.05


Tree=8
num_leaves=8
num_cat=0
split_feature=13 9 3 11 9 14 6
split_gain=3.25209 1.97771 1.88399 1.29425 1.83458 1.63552 1.16221
threshold=24.630000114440922 0.27554703078125925 -0.0043407761405262471 -0.0066204658378158357 0.19463512921050211 -0.0056306847578752031 1.8241340000066433
decision_type=2 10 2 2 8 2 2
left_child=1 2 3 4 -1 -5 -4
right_child=-2 -3 6 5 -6 -7 -8
leaf_value=0.00022864826944096005 0.00051691785174226893 -0.00010728131430667231 3.5870185933516414e-05 -6.9414599560928098e-06 -8.8186353794174688e-05 -0.00021693794119709075 -0.00014492091348814663
leaf_weight=29 45 36 493 39 25 62 35
leaf_count=29 45 36 493 39 25 62 35
internal_value=-0.00026178 -0.00107789 -0.000475842 -0.00532258 0.000925926 -0.00866337 0.00094697
internal_weight=764 719 683 155 54 101 528
internal_count=764 719 683 155 54 101 528
is_linear=0
shrinkage=0.05


Tree=9
num_leaves=8
num_cat=0
split_feature=13 8 9 5 9 11 8
split_gain=3.77925 2.4024 2.09011 1.90146 1.46637 1.52267 2.40202
threshold=16.164999961853031 0.084966712699839256 0.27554703078125925 0.0091603004072798519 0.040476886876159919 0.010798800902990015 0.020850201906913671
decision_type=2 8 10 2 10 2 10
left_child=2 4 3 -1 -2 6 -6
right_child=1 -3 -4 -5 5 -7 -8
leaf_value=0.00017801164505391824 2.7577909072300493e-05 -0.00016444537884547448 -0.00012804627109011876 -6.66019573009513e-05 0.00035049216688525273 0.00014648291435723524 -9.5427335552488938e-06
leaf_weight=35 193 49 34 264 52 36 81
leaf_count=35 193 49 34 264 52 36 81
internal_value=-0.00047043 0.00273723 -0.00442943 -0.00309365 0.00414365 0.00754438 0.00507519
internal_weight=744 411 333 299 362 169 133
internal_count=744 411 333 299 362 169 133
is_linear=0
shrinkage=0.05


Tree=10
num_leaves=8
num_cat=0
split_feature=6 9 4 3 9 11 16
split_gain=2.59021 3.01255 2.27033 2.23116 2.68431 2.21205 1.91321
threshold=-0.82611276129811395 0.18769963894031086 0.025015143664467113 -0.0026726811690099823 -0.079507561295306825 0.00066759209085187632 -0.0011183953762152197
decision_type=2 10 2 2 10 2 2
left_child=1 6 3 4 -2 -6 -1
right_child=2 -3 -4 -5 5 -7 -8
leaf_value=0.00011678860592916019 -0.00029418423151743382 -0.00018280966183391312 9.488689353101483e-05 2.4586426142955526e-05 6.4731537063663155e-05 -0.00016634389175008824 -0.00010674713858091663
leaf_weight=27 40 33 149 351 41 55 53
leaf_count=27 40 33 149 351 41 55 53
internal_value=-0.00076769 -0.00774336 0.000471698 -0.0011807 -0.00661765 -0.00208333 -0.0025
internal_weight=749 113 636 487 136 96 80
internal_count=749 113 636 487 136 96 80
is_linear=0
shrinkage=0.05


Tree=11
num_leaves=8
num_cat=0
split_feature=4 6 15 11 8 10 12
split_gain=2.74722 2.4 2.55783 2.10073 2.41311 1.23118 1.16798
threshold=0.016510397094468336 -0.58571849413508514 -0.0010427803340566919 -0.023324980459216712 -0.064925154451480824 0.0020115894720359466 0.05735486248043898
decision_type=2 2 2 2 10 2 2
left_child=1 -1 -3 4 -2 -4 -5
right_child=3 2 5 6 -6 -7 -8
leaf_value=-0.00013647275724529726 3.0101470958872421e-05 -0.0002032205474805479 0.00024780741925065059 8.6549264277763313e-06 0.00047030366538700113 -3.751123709310627e-05 -0.00010911421014205436
leaf_weight=40 28 26 26 522 26 28 51
leaf_count=40 28 26 26 522 26 28 51
internal_value=-0.000568942 -0.0075 -0.0025 0.000757576 0.0101852 0.0037037 -0.00013089
internal_weight=747 120 80 627 54 54 573
internal_count=747 120 80 627 54 54 573
is_linear=0
shrinkage=0.05


Tree=12
num_leaves=8
num_cat=0
split_feature=9 13 6 13 8 8 5
split_gain=3.31728 2.13436 1.29671 1.84004 2.0388 2.77628 1.67632
threshold=0.27554703078125925 25.505000114440922 0.87269529946999047 16.164999961853031 0.084966712699839256 -0.045562184914288477 0.0092989895588090274
decision_type=10 2 2 2 8 10 2
left_child=1 2 3 6 5 -5 -1
right_child=-2 -3 -4 4 -6 -7 -8
leaf_value=0.00012559677487356921 -8.8632924616306169e-05 0.00061020268117279624 -9.8388503382994922e-05 -7.8076564483769599e-05 -0.00014633550079209411 0.00011306690227098201 -5.2746940911329996e-05
leaf_weight=28 36 30 98 82 42 196 222
leaf_count=28 36 30 98 82 42 196 222
internal_value=-0.000476839 0.000286533 -0.000299401 0.000614035 0.003125 0.00467626 -0.0026
internal_weight=734 698 668 570 320 278 250
internal_count=734 698 668 570 320 278 250
is_linear=0
shrinkage=0.05


Tree=13
num_leaves=8
num_cat=0
split_feature=4 3 14 5 0 12 8
split_gain=2.71621 1.72016 1.5704 2.10179 1.77393 1.49784 1.19895
threshold=0.022728879220337627 -0.0041192445293598548 -0.021011062487688355 0.009847934482907569 -0.0011279993883547277 0.040854121966551922 0.020850201906913671
decision_type=2 2 2 2 2 2 8
left_child=1 -1 5 -4 6 -3 -5
right_child=-2 2 3 4 -6 -7 -8
leaf_value=-0.0001194121724638252 4.322427369424765e-05 -1.4816799161072089e-05 -0.00016171148278310262 0.00031797413436834219 -9.7946242727815956e-06 -0.00014542688641101619 1.2129953455295881e-05
leaf_weight=108 244 113 45 28 115 45 47
leaf_count=108 244 113 45 28 115 45 47
internal_value=-0.000637584 -0.00274451 -0.00120865 0.00138298 0.00368421 -0.00506329 0.00966667
internal_weight=745 501 393 235 190 158 75
internal_count=745 501 393 235 190 158 75
is_linear=0
shrinkage=0.05


Tree=14
num_leaves=8
num_cat=0
split_feature=4 6 6 4 11 8 8
split_gain=2.91948 1.51418 1.3572 1.29644 1.97505 1.32805 1.10122
threshold=0.02397364115477604 -1.1274590431753102 -0.82611276129811395 0.021792602562480952 0.023193320881576888 0.0040831123530727939 -0.066347370088059063
decision_type=2 2 2 2 2 8 10
left_child=1 -1 -2 4 -3 -5 -4
right_child=2 3 6 5 -6 -7 -8
leaf_value=-0.00011384001298775944 -0.00021607908358952624 -2.3084779209111641e-05 2.3839791012215798e-05 4.8375580331866658e-05 0.0001841639154448089 -9.7693065454581128e-05 0.00017033736113158945
leaf_weight=27 32 384 66 27 35 46 102
leaf_count=27 32 384 66 27 35 46 102
internal_value=-0.000382476 -0.00236031 0.00475 -0.00172764 -0.000656325 -0.00787671 0.00654762
internal_weight=719 519 200 492 419 73 168
internal_count=719 519 200 492 419 73 168
is_linear=0
shrinkage=0.05


Tree=15
num_leaves=8
num_cat=0
split_feature=4 11 9 13 5 16 5
split_gain=3.02164 2.23239 1.58333 1.52105 1.5 1.25067 1.347
threshold=0.016510397094468336 -0.023324980459216712 0.28136089061620689 13.525000095367433 0.014637114996935536 0.036245743593820608 0.014707796608418635
decision_type=2 2 8 2 2 2 2
left_child=2 4 3 -1 -2 6 -3
right_child=1 5 -4 -5 -6 -7 -8
leaf_value=-0.00014879161119371237 0.00043986875172251832 -8.6861148894243862e-06 -0.00012637381863670347 0.00010896654780587325 0.00012442885139214087 -0.00014612280418349898 4.0499406875780646e-05
leaf_weight=40 27 386 38 36 27 34 155
leaf_count=40 27 386 38 36 27 34 155
internal_value=3.36474e-05 0.0013911 -0.00745614 -0.00328947 0.0111111 0.000478261 0.00106285
internal_weight=743 629 114 76 54 575 541
internal_count=743 629 114 76 54 575 541
is_linear=0
shrinkage=0.05


Tree=16
num_leaves=8
num_cat=0
split_feature=4 6 15 6 16 8 4
split_gain=2.49954 3.18981 2.67122 2.12421 2.42986 1.38759 1.42984
threshold=0.016510397094468336 -0.58571849413508514 -0.00048205293903291752 0.87269529946999047 -0.027277088526395984 0.086271470086691018 0.017731083142138608
decision_type=2 2 2 2 2 8 2
left_child=1 -1 -3 4 -2 6 -6
right_child=3 2 -4 -5 5 -7 -8
leaf_value=-0.00014851944203097818 0.00037573992333081246 -0.00016189233479063262 0.00019139448162603818 -9.1033848899010813e-05 0.00018017176767134323 -7.1675400556799447e-05 1.967755279834744e-05
leaf_weight=39 29 32 50 105 46 68 388
leaf_count=39 29 32 50 105 46 68 388
internal_value=-0.000231176 -0.00681818 -0.00121951 0.00102201 0.00230697 0.00149402 0.00253456
internal_weight=757 121 82 636 531 502 434
internal_count=757 121 82 636 531 502 434
is_linear=0
shrinkage=0.05


Tree=17
num_leaves=8
num_cat=0
split_feature=9 6 5 9 4 4 6
split_gain=2.36256 1.58145 1.23549 2.8 1.50921 1.62791 1.62149
threshold=0.18515726126851687 -0.80522525151513513 0.012901951986305503 0.10584484702966403 0.019560832495138795 0.018825312906171565 0.14072464966911657
decision_type=10 2 2 10 2 2 2
left_child=2 -2 4 -4 5 -1 -6
right_child=1 -3 3 -5 6 -7 -8
leaf_value=8.6047168579917511e-07 -0.0001454243114244972 -3.1317234809776161e-05 3.0319233026264699e-05 0.00011064037556858392 -6.2057761848303976e-07 0.00019280195963825993 -0.00019740492495368557
leaf_weight=140 33 166 224 56 59 32 36
leaf_count=140 33 166 224 56 59 32 36
internal_value=0.000268097 -0.00439698 0.00196527 0.00428571 -0.000468165 0.00232558 -0.00552632
internal_weight=746 199 547 280 267 172 95
internal_count=746 199 547 280 267 172 95
is_linear=0
shrinkage=0.05


Tree=18
num_leaves=8
num_cat=0
split_feature=13 8 13 8 3 2 3
split_gain=1.82725 1.57997 2.2591 2.2434 1.28659 1.63879 1.55612
threshold=26.494999885559086 -0.066347370088059063 16.164999961853031 0.083777324705645931 -0.0042167816554136697 0.019146841666665585 0.0069684459960921439
decision_type=2 10 2 8 2 2 2
left_child=1 -1 4 -4 5 -3 -6
right_child=-2 2 3 -5 6 -7 -8
leaf_value=-0.00014343437661826436 0.00053057592601962213 -0.00025307884769484141 5.017513799181568e-05 -0.00017611182998477108 1.493527221410715e-06 -6.4518197561660155e-05 -0.00019247085816402715
leaf_weight=81 28 25 287 25 244 30 33
leaf_count=81 28 25 287 25 244 30 33
internal_value=-3.32005e-05 -0.000517241 0.000310559 0.00336538 -0.00256024 -0.00954545 -0.00117329
internal_weight=753 725 644 312 332 55 277
internal_count=753 725 644 312 332 55 277
is_linear=0
shrinkage=0.05


Tree=19
num_leaves=8
num_cat=0
split_feature=9 5 4 4 9 14 11
split_gain=2.03028 1.37847 1.57991 1.83781 1.28442 2.14793 1.55172
threshold=0.27554703078125925 0.012408419167228969 0.020503308795460921 0.021240634953626398 0.075163727708818975 0.010891009150098998 -0.0034482783257907541
decision_type=10 2 2 2 10 2 2
left_child=1 2 -1 -4 -3 -6 -7
right_child=-2 4 3 -5 5 6 -8
leaf_value=1.5565546262245878e-06 -6.9698314955899058e-05 1.3112307810960768e-06 -0.00025044542271790459 -4.8185251284406464e-05 9.3204253339493857e-05 7.1612724359654443e-05 -0.00016501746679711818
leaf_weight=265 34 211 25 51 96 26 31
leaf_count=265 34 211 25 51 96 26 31
internal_value=0.000169147 0.000744681 -0.00153959 -0.00789474 0.00288462 0.00637255 -0.00131579
internal_weight=739 705 341 76 364 153 57
internal_count=739 705 341 76 364 153 57
is_linear=0
shrinkage=0.05


Tree=20
num_leaves=8
num_cat=0
split_feature=9 11 13 2 9 10 10
split_gain=2.18593 1.99511 1.69838 1.38859 1.34226 1.2005 1.62725
threshold=0.18515726126851687 -0.0073194328445433934 25.505000114440922 0.090577788615325408 0.16909680573202471 -0.0022250967273709783 -0.0043670108035313007
decision_type=10 2 2 2 10 2 2
left_child=2 -2 4 -3 5 6 -1
right_child=1 3 -4 -5 -6 -7 -8
leaf_value=7.3746515216587683e-07 0.00011931795624748514 -0.00010241389750699874 0.00054244363447426857 9.6157824711015999e-06 9.6613553832141773e-05 3.6029731087344062e-05 -0.00018130981675503911
leaf_weight=111 29 125 33 37 45 322 49
leaf_count=111 29 125 33 37 45 322 49
internal_value=0.000299601 -0.00431937 0.001875 -0.00648148 0.00118596 0.000414938 -0.003125
internal_weight=751 191 560 162 527 482 160
internal_count=751 191 560 162 527 482 160
is_linear=0
shrinkage=0.05


Tree=21
num_leaves=8
num_cat=0
split_feature=6 0 11 14 11 6 11
split_gain=1.46716 2.47613 1.63473 1.72688 1.94206 1.53965 1.19949
threshold=1.8241340000066433 -0.021679228854622697 -0.023324980459216712 -0.034895651013681799 0.0039566049461625683 2.7003234384053001 -0.0075284506861215674
decision_type=2 2 2 2 2 2 2
left_child=1 -1 -3 4 -4 -2 -5
right_child=5 2 3 6 -6 -7 -8
leaf_value=0.0003218614032348845 -0.00027366647606138264 0.0002419266145314754 -5.9373102831528254e-05 4.4643920147958769e-05 9.0297231262806776e-05 1.6950086475240114e-05 -5.3720615411592719e-05
leaf_weight=35 28 37 73 74 116 25 360
leaf_count=35 28 37 73 74 116 25 360
internal_value=0 0.000611511 -7.57576e-05 -0.000682183 0.00330688 -0.00801887 -0.00241935
internal_weight=748 695 660 623 189 53 434
internal_count=748 695 660 623 189 53 434
is_linear=0
shrinkage=0.05


Tree=22
num_leaves=8
num_cat=0
split_feature=9 15 8 11 2 7 5
split_gain=1.46636 2.38651 1.83806 1.30391 1.64931 1.62333 2.11331
threshold=0.18319551376055945 -0.0016269360804007647 -0.034069733827648822 -0.023324980459216712 -0.054743934012631994 -0.023918256932986267 0.014250221070940493
decision_type=8 2 8 2 2 2 2
left_child=3 -2 -3 -1 -5 -6 -7
right_child=1 2 -4 4 5 6 -8
leaf_value=0.00039325933728223201 -0.00014218059115609551 0.00012810435761371927 -8.2664629506911967e-06 -7.9392148263564025e-05 0.00026523562091046812 -1.1372089077438426e-05 8.6295824228710321e-05
leaf_weight=39 125 41 196 59 25 183 74
leaf_count=39 125 41 196 59 25 183 74
internal_value=6.73854e-05 -0.00220994 0.000738397 0.00223684 0.00124633 0.00283688 0.0016537
internal_weight=742 362 237 380 341 282 257
internal_count=742 362 237 380 341 282 257
is_linear=0
shrinkage=0.05


Tree=23
num_leaves=8
num_cat=0
split_feature=3 16 10 1 13 6 6
split_gain=1.72238 1.89306 1.46997 1.39928 1.64742 1.37277 1.75572
threshold=-0.0013872495152730255 -0.0022607525091419829 -0.0043670108035313007 -0.0044578993740645992 16.775000572204593 -0.94079755840982926 0.11517664687510383
decision_type=2 2 2 2 2 2 2
left_child=1 3 -2 4 -1 -4 -7
right_child=2 -3 5 -5 -6 6 -8
leaf_value=-0.00012441947393829488 0.00013706188039174809 -9.3179874802432042e-05 -8.2859885991489824e-05 9.9363690359853421e-05 5.6932872103161811e-05 7.9287047867127215e-05 -3.0549075132400588e-05
leaf_weight=32 73 130 52 26 82 230 126
leaf_count=32 73 130 52 26 82 230 126
internal_value=0.000233023 -0.00296296 0.00202703 0.00107143 -0.00131579 0.000857843 0.00196629
internal_weight=751 270 481 140 114 408 356
internal_count=751 270 481 140 114 408 356
is_linear=0
shrinkage=0.05


Tree=24
num_leaves=8
num_cat=0
split_feature=13 6 0 13 13 15 16
split_gain=1.71123 1.74282 1.46269 1.02415 2.17689 1.8434 1.58876
threshold=25.19999980926514 1.6218746216478073 -0.021679228854622697 16.550000190734867 17.224999427795414 0.0072766688717691439 0.026292191143142411
decision_type=2 2 2 2 2 2 2
left_child=1 2 -1 5 -5 6 -4
right_child=-2 -3 3 4 -6 -7 -8
leaf_value=0.00016098759446649949 0.00043809434722414634 -0.00016219184793456025 -4.0241598042141135e-05 0.00013845190171342766 -1.5718595657496054e-06 2.7615623314108158e-05 -7.5826328720853681e-05
leaf_weight=29 30 61 224 66 236 76 27
leaf_count=29 30 61 224 66 236 76 27
internal_value=-3.33778e-05 -0.000521558 0.000227964 -0.000278219 0.00182119 -0.00221713 -0.00428287
internal_weight=749 719 658 629 302 327 251
internal_count=749 719 658 629 302 327 251
is_linear=0
shrinkage=0.05


Tree=25
num_leaves=8
num_cat=0
split_feature=12 16 9 1 16 6 1
split_gain=1.40934 1.50554 1.33112 0.930908 1.80004 1.55932 1.22076
threshold=-0.057938720016513449 -0.030444358411838009 0.27554703078125925 0.027997381629797594 0.018699504040458507 2.0372417823123903 0.038967076821554654
decision_type=2 2 10 2 2 2 2
left_child=-1 -2 3 5 6 -3 -5
right_child=1 2 -4 4 -6 -7 -8
leaf_value=0.00060320997359706089 -8.0683447293613837e-05 2.2189303172878445e-06 -6.6804456132091996e-05 6.004541066529862e-05 1.9407930110327233e-06 -0.00015408225553783223 0.00046511624719420197
leaf_weight=26 37 470 35 29 107 27 26
leaf_count=26 37 470 35 29 107 27 26
internal_value=9.90753e-05 -0.000307798 0.000216138 0.000720789 0.00401235 -0.000352113 0.0113636
internal_weight=757 731 694 659 162 497 55
internal_count=757 731 694 659 162 497 55
is_linear=0
shrinkage=0.05


Tree=26
num_leaves=8
num_cat=0
split_feature=11 4 10 9 2 3 15
split_gain=1.59937 2.15419 2.07121 1.79079 2.52888 2.25208 2.5101
threshold=-0.0036909172011733156 0.01803846316081861 -0.0022250967273709783 0.18769963894031086 0.066585694613603988 -0.0067013806054790894 -0.0030877586682592213
decision_type=2 2 2 10 2 2 2
left_child=1 -1 -2 5 -5 -4 -7
right_child=2 -3 3 4 -6 6 -8
leaf_value=-6.3379302639723223e-05 -0.00014044636552570613 9.8067813690017662e-05 -0.00015212945097313685 -0.00014725666012315212 8.7725779521651521e-06 0.00013202191909325703 1.2690534638578386e-05
leaf_weight=43 106 187 26 66 53 41 215
leaf_count=43 106 187 26 66 53 41 215
internal_value=0.000237449 0.00369565 -0.00133136 0.000311721 -0.00483193 0.00248227 0.00390625
internal_weight=737 230 507 401 119 282 256
internal_count=737 230 507 401 119 282 256
is_linear=0
shrinkage=0.05


Tree=27
num_leaves=8
num_cat=0
split_feature=9 15 15 6 15 16 6
split_gain=1.68523 3.16221 1.99029 2.77467 2.06175 1.55401 2.25625
threshold=0.18319551376055945 -0.0011434979618453187 -0.0029824253050558798 -0.94079755840982926 -0.0054566192714822206 0.016961649191924114 -0.55911873556168501
decision_type=8 2 2 2 2 2 2
left_child=2 -2 4 -4 -1 6 -5
right_child=1 -3 3 5 -6 -7 -8
leaf_value=3.5589721762692128e-05 -0.00012819665348336859 3.3659248747852297e-06 -0.00021156192396147718 0.00031680392578345169 0.00014420278030521187 0.0002235929712907387 -7.3799461657011016e-05
leaf_weight=92 141 223 32 32 38 63 128
leaf_count=92 141 223 32 32 38 63 128
internal_value=-3.33778e-05 -0.00247253 0.00227273 -0.000294118 0.00730769 0.00168161 -0.0009375
internal_weight=749 364 385 255 130 223 160
internal_count=749 364 385 255 130 223 160
is_linear=0
shrinkage=0.05


Tree=28
num_leaves=8
num_cat=0
split_feature=5 15 7 13 11 6 10
split_gain=1.64615 2.00327 2.40545 1.9247 1.73024 1.38697 1.73507
threshold=0.0098160312126528235 -0.0010427803340566919 0.018410239155468137 12.694999694824221 -0.023324980459216712 0.87269529946999047 0.0077313618831305062
decision_type=2 2 2 2 2 2 2
left_child=1 -1 -3 -2 -5 6 -6
right_child=3 2 -4 4 5 -7 -8
leaf_value=-0.00020738918092909873 0.00012912504795963635 0.00015575380876465289 -0.00011270302474103135 0.00022557062998935769 -3.9112985854395521e-06 -0.00012681113452372872 0.00011219126798307621
leaf_weight=38 28 30 25 57 407 77 102
leaf_count=38 28 30 25 57 407 77 102
internal_value=0.000589005 -0.00564516 0.000454545 0.00145306 0.000894246 8.53242e-05 0.00103143
internal_weight=764 93 55 671 643 586 509
internal_count=764 93 55 671 643 586 509
is_linear=0
shrinkage=0.05


Tree=29
num_leaves=8
num_cat=0
split_feature=8 6 7 16 0 3 13
split_gain=1.93068 1.91316 1.73081 1.7047 1.58315 1.19339 2.19289
threshold=0.073322787390546332 1.7204121133185952 0.039357922563660892 0.025848293986452501 -0.021679228854622697 0.0001780642897485363 13.554999828338625
decision_type=8 2 2 2 2 2 2
left_child=1 2 4 -4 -1 -6 -7
right_child=-2 -3 3 -5 5 6 -8
leaf_value=0.00023875533997099629 -5.4934426798151311e-05 -0.0001582534585893471 0.00028840342920824605 1.7169285411801871e-06 -1.7807130792523494e-05 0.00020581983813088922 1.0960320431173183e-05
leaf_weight=34 182 45 31 25 194 25 196
leaf_count=34 182 45 31 25 194 25 196
internal_value=6.8306e-05 0.00154545 0.00242574 0.0107143 0.00139198 0.000542169 0.0030543
internal_weight=732 550 505 56 449 415 221
internal_count=732 550 505 56 449 415 221
is_linear=0
shrinkage=0.05


Tree=30
num_leaves=8
num_cat=0
split_feature=9 12 9 12 12 4 4
split_gain=1.35225 0.954635 1.05291 1.17004 0.938996 1.44219 2.672
threshold=0.27554703078125925 -0.057938720016513449 -0.035850153988327853 -0.018266339653744853 -0.037333173257957868 0.022728879220337627 0.021792602562480952
decision_type=10 2 8 2 2 2 2
left_child=1 -1 3 -3 -4 6 -6
right_child=-2 2 4 -5 5 -7 -8
leaf_value=0.00037981905837746485 -4.191740957160625e-05 5.3677686378394511e-05 -0.00016044267945215058 -9.9475253537284665e-05 4.7736440424996866e-06 2.7762725826404635e-05 -0.00010471049933225364
leaf_weight=26 36 26 25 38 394 142 51
leaf_count=26 36 26 25 38 394 142 51
internal_value=-0.000271003 0.000213675 -0.000147929 -0.00625 0.000490196 0.000894378 -0.000505618
internal_weight=738 702 676 64 612 587 445
internal_count=738 702 676 64 612 587 445
is_linear=0
shrinkage=0.05


Tree=31
num_leaves=8
num_cat=0
split_feature=6 1 6 0 1 9 15
split_gain=1.17302 1.91153 1.34039 1.31791 1.88487 1.3742 2.1041
threshold=1.8241340000066433 -0.053151979622890026 2.7003234384053001 -0.021679228854622697 -0.035301455137384967 0.18769963894031086 -0.0014810145869317279
decision_type=2 2 2 2 2 10 2
left_child=1 -1 -2 -3 -5 -6 -7
right_child=2 3 -4 4 5 6 -8
leaf_value=0.00035817452637088357 -0.00016661812302943134 0.00014676320057076809 9.6732839261624598e-06 -0.00010183486390745613 1.5362628130338036e-05 -0.00011068217465005707 7.0931998022378058e-07
leaf_weight=30 28 31 31 31 417 47 123
leaf_count=30 28 31 31 31 417 47 123
internal_value=0.000406504 0.000994109 -0.00635593 0.000423729 -8.09061e-05 0.000553663 -0.00323529
internal_weight=738 679 59 649 618 587 170
internal_count=738 679 59 649 618 587 170
is_linear=0
shrinkage=0.05


Tree=32
num_leaves=8
num_cat=0
split_feature=8 7 3 10 11 4 3
split_gain=1.52754 2.25484 1.57782 1.39004 1.41403 1.53384 2.32508
threshold=0.072264625768659232 0.034780810074693365 0.00011979421054653107 0.010510729988004066 -0.023324980459216712 0.017731083142138608 0.00074924112216889782
decision_type=8 2 2 2 2 2 2
left_child=1 3 -3 4 -1 6 -6
right_child=-2 2 -4 -5 5 -7 -8
leaf_value=0.0002901017545432429 -3.7816685521001488e-05 0.00030769230278723076 3.0545098997802977e-05 0.00015537240512575605 -2.9096734271516403e-05 -3.285487367103721e-05 0.00023013002139359273
leaf_weight=47 185 31 45 44 43 319 37
leaf_count=47 185 31 45 44 43 319 37
internal_value=0.000565912 0.00185512 0.00986842 0.000612245 -0.000224215 -0.00119048 0.005
internal_weight=751 566 76 490 446 399 80
internal_count=751 566 76 490 446 399 80
is_linear=0
shrinkage=0.05


Tree=33
num_leaves=8
num_cat=0
split_feature=9 16 14 1 5 12 10
split_gain=1.77124 1.22556 1.55969 1.60117 2.12362 1.41979 1.58671
threshold=0.27554703078125925 0.0069410458462448874 0.13518549268873961 -0.053151979622890026 0.015560263449499514 0.04572357186415122 0.0093708689462960199
decision_type=10 2 2 2 2 2 2
left_child=1 2 3 -1 5 6 -5
right_child=-2 -3 -4 4 -6 -7 -8
leaf_value=0.00030114458658840051 -2.4194294497717529e-05 7.707655568088817e-06 0.00024530106381519332 -3.4359875141763481e-05 -0.00015831823790926898 -9.1260494025753469e-05 0.0001473539915450056
leaf_weight=38 35 303 30 238 40 38 26
leaf_count=38 35 303 30 238 40 38 26
internal_value=0.00026738 0.000806452 -0.00097561 -0.00184211 -0.00292398 -0.00149007 -0.000189394
internal_weight=748 713 410 380 342 302 264
internal_count=748 713 410 380 342 302 264
is_linear=0
shrinkage=0.05


Tree=34
num_leaves=8
num_cat=0
split_feature=9 6 9 16 5 2 9
split_gain=1.78336 1.90844 1.58641 1.3604 2.16903 1.61195 1.29696
threshold=0.27554703078125925 1.6218746216478073 0.057879764102603211 -0.012283321355345432 0.01223335439685362 -0.077232740161754729 0.21255173394884533
decision_type=10 2 10 2 2 2 8
left_child=1 3 -3 4 6 -6 -1
right_child=-2 2 -4 -5 5 -7 -8
leaf_value=0.00012332059578917221 -2.2984579772831637e-05 -0.00025601496799750604 3.9218381118642872e-06 1.9790917497427423e-06 3.5975264688073267e-06 0.00027442390772789479 -0.00013232837096338636
leaf_weight=39 37 28 34 497 25 57 32
leaf_count=39 37 28 34 497 25 57 32
internal_value=0.000567423 0.0011236 -0.00725806 0.00192308 0.00604575 0.0115854 -0.000352113
internal_weight=749 712 62 650 153 82 71
internal_count=749 712 62 650 153 82 71
is_linear=0
shrinkage=0.05


Tree=35
num_leaves=8
num_cat=0
split_feature=9 6 8 1 13 7 0
split_gain=1.57965 1.14111 1.64627 1.46327 1.45515 1.13274 1.25858
threshold=0.27554703078125925 1.8241340000066433 0.1222098544170286 -0.053151979622890026 17.180000305175785 0.052806164939257723 -0.021679228854622697
decision_type=10 2 10 2 2 2 2
left_child=1 2 3 -1 -3 6 -5
right_child=-2 4 -4 5 -6 -7 -8
leaf_value=0.00031186732371417327 -2.4448265501236278e-05 8.4435194459951384e-05 -0.00010687643672611901 0.00011695916549163558 -0.00015623291204386856 0.00010402448194685869 5.8884448573760972e-07
leaf_weight=32 36 25 25 31 30 76 498
leaf_count=32 36 25 25 31 30 76 498
internal_value=0.000498008 0.00101116 0.0015861 0.00208006 -0.00590909 0.00152893 0.000708885
internal_weight=753 717 662 637 55 605 529
internal_count=753 717 662 637 55 605 529
is_linear=0
shrinkage=0.05


Tree=36
num_leaves=8
num_cat=0
split_feature=8 9 13 6 7 13 9
split_gain=1.24209 1.71274 1.86818 1.23821 1.20166 1.49388 2.03265
threshold=0.062820387443475748 0.27554703078125925 17.164999961853031 -0.21059355413078873 0.036799487696767115 16.164999961853031 0.074341825043796508
decision_type=10 8 2 2 2 2 10
left_child=4 2 3 -2 5 -1 -7
right_child=1 -3 -4 -5 -6 6 -8
leaf_value=-3.1127903087908968e-05 -4.6651533098331522e-05 -8.1657471152572883e-05 -0.00011543277387870118 0.00012033000037232536 0.00018408551144699821 -7.5562076037340865e-06 9.650432868029153e-05
leaf_weight=174 56 42 47 63 60 197 111
leaf_count=174 56 42 47 63 60 197 111
internal_value=0.0004 -0.00288462 -0.00060241 0.00273109 0.00166052 0.000829876 0.00292208
internal_weight=750 208 166 119 542 482 308
internal_count=750 208 166 119 542 482 308
is_linear=0
shrinkage=0.05


Tree=37
num_leaves=8
num_cat=0
split_feature=13 13 16 0 7 4 8
split_gain=1.10791 1.97158 2.37202 1.64894 1.75083 1.71106 1.60341
threshold=16.550000190734867 17.369999885559086 0.0080424596345346506 0.016548442208326412 -0.025994193970012344 0.020503308795460921 0.060117229172250493
decision_type=2 2 2 2 2 2 10
left_child=3 2 -2 4 -1 -6 -7
right_child=1 -3 -4 -5 5 6 -8
leaf_value=0.0001429584994634158 1.0118791487750837e-05 1.5954939642868171e-06 0.00017444448727670805 3.6533039809425251e-05 -1.0891733173126229e-05 -0.00016501946491187023 -4.1564397722150367e-06
leaf_weight=26 50 297 34 43 222 49 37
leaf_count=26 50 297 34 43 222 49 37
internal_value=0.000263852 0.00216535 0.00892857 -0.00165782 -0.00284431 -0.0038961 -0.00988372
internal_weight=758 381 84 377 334 308 86
internal_count=758 381 84 377 334 308 86
is_linear=0
shrinkage=0.05


Tree=38
num_leaves=8
num_cat=0
split_feature=13 6 6 13 0 15 15
split_gain=1.64149 1.40435 1.47717 1.20297 3.01263 2.45103 2.1116
threshold=26.494999885559086 0.85311692443326004 0.6069068442347666 19.010000228881839 1.0000000180025095e-35 -0.0010427803340566919 -0.002161528947243196
decision_type=2 2 2 2 2 2 2
left_child=1 2 3 5 -5 6 -1
right_child=-2 -3 -4 4 -6 -7 -8
leaf_value=-2.8428914785102404e-05 0.00038834081445976183 -5.7917024940028336e-05 9.1754473442704192e-05 0.00031052749123025597 -0.00011024532712788152 3.9037998876377895e-06 -0.00021453714916363164
leaf_weight=141 27 118 37 54 58 287 26
leaf_count=141 27 118 37 54 58 287 26
internal_value=-6.68449e-05 -0.000520111 0.000456053 -0.000176678 0.00446429 -0.00132159 -0.00613772
internal_weight=748 721 603 566 112 454 167
internal_count=748 721 603 566 112 454 167
is_linear=0
shrinkage=0.05


Tree=39
num_leaves=8
num_cat=0
split_feature=13 15 6 15 9 6 7
split_gain=1.18408 1.78416 1.81332 1.3677 1.75798 2.01495 1.57927
threshold=19.010000228881839 -1.0000000180025095e-35 0.87269529946999047 -0.0010427803340566919 0.18388197812274368 -0.19209791828526404 -0.0026568885274306227
decision_type=2 2 2 2 8 2 2
left_child=3 2 -2 4 6 -6 -1
right_child=1 -3 -4 -5 5 -7 -8
leaf_value=-6.9259579943627229e-05 0.00025277999997031506 -4.2415594648793822e-05 -1.4455602753854361e-05 1.1279096111247975e-06 -0.0002010521175328313 -9.6045749865589232e-06 1.3881031735615336e-05
leaf_weight=45 76 87 30 334 62 47 56
leaf_count=45 76 87 30 334 62 47 56
internal_value=-0.000644505 0.00272021 0.00707547 -0.00183824 -0.005 -0.00940367 -0.000247525
internal_weight=737 193 106 544 210 109 101
internal_count=737 193 106 544 210 109 101
is_linear=0
shrinkage=0.05


Tree=40
num_leaves=8
num_cat=0
split_feature=11 8 14 2 2 11 12
split_gain=0.859065 2.44876 1.24751 1.6183 2.70146 1.64924 1.65893
threshold=-0.023324980459216712 -0.048029336478023314 -0.034895651013681799 -0.058176130235383643 -0.013104754350377721 0.0039566049461625683 0.024150484969903577
decision_type=2 10 2 2 2 2 2
left_child=1 -1 3 -2 -5 -6 -7
right_child=2 -3 -4 4 5 6 -8
leaf_value=-7.5552470753189642e-05 -0.0001474058086833516 0.0004005021048216041 -1.7184723847462713e-05 0.00020448053801620499 -0.00010243964135374816 -1.8282917607347418e-05 0.00011314306413635688
leaf_weight=31 28 25 492 41 45 30 58
leaf_count=31 28 25 492 41 45 30 58
internal_value=-0.0006 0.00535714 -0.00108069 0.00222772 0.00402299 0.00056391 0.00454545
internal_weight=750 56 694 202 174 133 88
internal_count=750 56 694 202 174 133 88
is_linear=0
shrinkage=0.05


Tree=41
num_leaves=8
num_cat=0
split_feature=2 8 2 13 11 16 2
split_gain=0.88377 1.31433 3.10231 1.93356 1.8749 1.96529 2.58526
threshold=-0.1059163544328257 -0.029093437610672786 -0.045843982536475085 16.875000000000004 -0.0061809109481818494 0.0012158701731523893 0.05801963753514406
decision_type=2 8 2 2 2 2 2
left_child=-1 3 -3 -2 -4 6 -6
right_child=1 2 4 -5 5 -7 -8
leaf_value=-8.4114978118782137e-05 0.00014263068571186691 -0.00018807038864075066 8.7224298252914286e-05 8.3287266360858324e-06 -1.5465175541200359e-05 9.5323684664852185e-07 -0.00021746796538464445
leaf_weight=33 34 27 102 113 84 316 43
leaf_count=33 34 27 102 113 84 316 43
internal_value=-0.000332447 3.47705e-05 -0.00104895 0.0042517 -0.000229358 -0.00163657 -0.00688976
internal_weight=752 719 572 147 545 443 127
internal_count=752 719 572 147 545 443 127
is_linear=0
shrinkage=0.05


Tree=42
num_leaves=8
num_cat=0
split_feature=15 1 15 9 1 7 8
split_gain=1.14575 1.37705 1.70508 1.62166 1.34137 1.91669 1.14947
threshold=-0.013418515204671187 -0.053151979622890026 -0.0062976505933079454 0.14896887371324621 -0.034215065020166462 -0.02527942886423817 0.028646345321481029
decision_type=2 2 2 8 2 2 8
left_child=-1 -2 3 -3 -4 -6 -7
right_child=1 2 4 -5 5 6 -8
leaf_value=8.263709299325714e-05 0.00018858208221889558 9.0469123302288668e-06 -0.00016484165690157051 -0.00013352550315893529 0.00013531899113662345 -6.0867476778554786e-05 2.4947988298607224e-06
leaf_weight=56 29 29 29 50 48 168 344
leaf_count=56 29 29 29 50 48 168 344
internal_value=-0.00063081 -0.00118364 -0.00164671 -0.0085443 -0.000721562 -0.000178571 -0.00107422
internal_weight=753 697 668 79 589 560 512
internal_count=753 697 668 79 589 560 512
is_linear=0
shrinkage=0.05


Tree=43
num_leaves=8
num_cat=0
split_feature=3 11 0 12 4 4 3
split_gain=1.10947 2.03015 2.5982 1.96328 1.881 1.67742 1.43955
threshold=0.00074924112216889782 -0.0061809109481818494 -0.002180967694951796 -0.0041728615781457248 0.017464009300388422 0.022728879220337627 -0.0043407761405262471
decision_type=2 2 2 2 2 2 2
left_child=1 3 5 -1 -4 6 -3
right_child=-2 2 4 -5 -6 -7 -8
leaf_value=-5.5961520651634688e-05 1.0145314634075164e-05 -0.00017198960465911965 5.0162121524852982e-07 9.2173957830647398e-05 -0.00015242941609550027 2.3680927393516551e-05 1.2851722068522908e-05
leaf_weight=71 357 46 36 54 95 40 47
leaf_count=71 357 46 36 54 95 40 47
internal_value=-0.000402145 -0.00224936 -0.00473485 0.003 -0.00973282 0.00018797 -0.00349462
internal_weight=746 389 264 125 131 133 93
internal_count=746 389 264 125 131 133 93
is_linear=0
shrinkage=0.05


Tree=44
num_leaves=8
num_cat=0
split_feature=1 6 11 1 16 8 12
split_gain=1.07823 1.31543 1.63388 1.22541 2.26938 1.14706 0.975614
threshold=0.057931218152778692 1.6218746216478073 -0.023324980459216712 0.046219663211991897 0.02472542916361942 0.073322787390546332 0.012875876838212565
decision_type=2 2 2 2 2 10 2
left_child=1 2 -1 4 6 -2 -4
right_child=5 -3 3 -5 -6 -7 -8
leaf_value=0.00013552918739877744 0.00028544623936955685 -0.00010600043409604988 1.0717232204095684e-05 -2.8100624941439573e-05 0.00018433919044274331 -2.4412513613756868e-05 -1.6396483983700177e-05
leaf_weight=43 25 57 190 35 36 26 328
leaf_count=43 25 57 190 35 36 26 328
internal_value=0.000337838 -0.000181422 0.000474684 -0.000212224 0.000361011 0.00735294 -0.000482625
internal_weight=740 689 632 589 554 51 518
internal_count=740 689 632 589 554 51 518
is_linear=0
shrinkage=0.05


Tree=45
num_leaves=8
num_cat=0
split_feature=1 15 15 6 1 6 6
split_gain=1.30612 1.41612 1.03423 1.22779 1.83595 1.11358 1.01019
threshold=-0.053151979622890026 -0.013418515204671187 -0.0062976505933079454 -0.91735082488113628 0.0031299818273818896 -0.38616877455889326 -0.055382571102312379
decision_type=2 2 2 2 2 2 2
left_child=-1 -2 5 4 -4 -3 -5
right_child=1 2 3 6 -6 -7 -8
leaf_value=0.00019198261599388786 0.00010822004986244588 -0.00015519115001001201 3.4079629628476537e-05 1.0474783731536991e-05 -9.7929678201678916e-05 -4.8889447006317343e-05 -1.5375636805231056e-05
leaf_weight=44 39 32 30 302 51 43 205
leaf_count=44 39 32 30 302 51 43 205
internal_value=-0.000402145 -0.000925926 -0.00147059 -0.000765306 -0.00648148 -0.007 0.000147929
internal_weight=746 702 663 588 81 75 507
internal_count=746 702 663 588 81 75 507
is_linear=0
shrinkage=0.05


Tree=46
num_leaves=8
num_cat=0
split_feature=12 5 0 4 0 7 9
split_gain=1.16222 0.921775 1.77848 1.40342 1.28 1.17138 1.77281
threshold=-0.057938720016513449 0.0098160312126528235 0.0018589626910072712 0.017811734257024672 -0.0058476317813677117 -0.019352887233227974 0.047976055013436276
decision_type=2 2 2 2 2 2 8
left_child=-1 2 4 -3 -2 6 -5
right_child=1 3 -4 5 -6 -7 -8
leaf_value=0.0005730124783274404 -5.2376215237046883e-05 8.4607301869356861e-05 4.7863762445413824e-05 -4.9122229504130213e-05 -0.00021467251351712179 -8.6707803842894702e-06 0.00010000896665659587
leaf_weight=25 25 87 41 50 25 400 95
leaf_count=25 25 87 41 50 25 400 95
internal_value=0.00040107 3.45781e-05 -0.00467033 0.000712025 -0.011 -0.000229358 0.00362069
internal_weight=748 723 91 632 50 545 145
internal_count=748 723 91 632 50 545 145
is_linear=0
shrinkage=0.05


Tree=47
num_leaves=8
num_cat=0
split_feature=8 16 4 1 6 11 5
split_gain=1.75066 2.5279 2.29617 1.95714 1.82137 2.70658 1.62354
threshold=-0.066347370088059063 0.025989771031771917 0.020503308795460921 0.038174743969098042 1.9688554579725979 -0.013447724126553815 0.014707796608418635
decision_type=10 2 2 2 2 2 2
left_child=-1 3 -3 4 5 -2 -7
right_child=1 2 -4 -5 -6 6 -8
leaf_value=-8.5821382242200989e-05 0.0001220856256124163 0.00011076675602769739 -0.0001175609608360643 0.00011853519050942139 -0.00011894851983664498 -3.3697267975832133e-06 8.2499491718571538e-05
leaf_weight=98 61 41 47 52 26 352 62
leaf_count=98 61 41 47 52 26 352 62
internal_value=0.000101488 0.00105304 -0.00681818 0.00230561 0.00134731 0.00205263 0.000603865
internal_weight=739 641 88 553 501 475 414
internal_count=739 641 88 553 501 475 414
is_linear=0
shrinkage=0.05


Tree=48
num_leaves=8
num_cat=0
split_feature=13 13 3 8 8 12 14
split_gain=0.954606 1.34433 1.6749 1.24848 1.47827 0.81932 1.94526
threshold=12.694999694824221 13.414999961853029 0.0025809773812001118 0.10512519667252175 0.092427948240542027 0.0053623810378563572 -0.035621573523768706
decision_type=2 2 2 10 8 2 2
left_child=-1 2 -2 4 5 -3 -7
right_child=1 3 -4 -5 -6 6 -8
leaf_value=1.6192823888647613e-05 -0.00016041005173551501 1.0573488862184204e-05 2.9437235527211405e-05 4.4949153676507385e-05 -0.00014475908117745931 6.1201623239840825e-05 -2.5010174764578554e-05
leaf_weight=35 29 233 27 30 37 94 255
leaf_count=35 29 233 27 30 37 94 255
internal_value=-0.000202703 -0.000602837 -0.00803571 3.85208e-05 -0.000444265 0.000171821 -0.00136103
internal_weight=740 705 56 649 619 582 349
internal_count=740 705 56 649 619 582 349
is_linear=0
shrinkage=0.05


Tree=49
num_leaves=8
num_cat=0
split_feature=5 5 9 9 2 1 6
split_gain=1.03666 1.41769 0.998598 1.49914 1.53878 2.1505 1.32119
threshold=0.0098160312126528235 0.0087185197751852208 0.054890758863430984 0.1770848748783678 0.067619306934775372 0.029941124616865159 0.016927514063594901
decision_type=2 2 8 8 2 2 2
left_child=1 -1 -2 4 6 -6 -4
right_child=2 -3 3 -5 5 -7 -8
leaf_value=8.5222938346922033e-05 -1.4213900483521546e-05 -0.00011691691331442271 0.00016539777872477381 5.9118019118801529e-08 -0.00017553897326612759 0.00010183476164682786 1.3009127989420476e-05
leaf_weight=27 162 60 72 312 26 25 49
leaf_count=27 162 60 72 312 26 25 49
internal_value=0.000238745 -0.00488506 0.000928793 0.00206612 0.00581395 -0.00147059 0.0088843
internal_weight=733 87 646 484 172 51 121
internal_count=733 87 646 484 172 51 121
is_linear=0
shrinkage=0.05


Tree=50
num_leaves=8
num_cat=0
split_feature=4 4 4 13 11 10 0
split_gain=0.825782 1.13803 1.32675 1.66467 1.31681 1.33392 2.16949
threshold=0.014305766709024113 0.015370770077560604 0.016181310786484698 12.88000011444092 -0.023324980459216712 0.0077313618831305062 0.014547673466877577
decision_type=2 2 2 2 2 2 2
left_child=-1 -2 -3 -4 -5 -6 -7
right_child=1 2 3 4 5 6 -8
leaf_value=-9.2281088932459629e-05 0.00012854866062835506 -7.1218137715800767e-05 0.00016243495090219242 0.00011623816841589029 -9.0153327124810257e-06 0.00016152232065123358 -7.0954655250944461e-06
leaf_weight=25 37 43 25 56 436 59 59
leaf_count=25 37 43 25 56 436 59 59
internal_value=-6.75676e-05 0.000244755 -0.000221239 0.000354331 -0.000163934 -0.000902527 0.00381356
internal_weight=740 715 678 635 610 554 118
internal_count=740 715 678 635 610 554 118
is_linear=0
shrinkage=0.05


Tree=51
num_leaves=8
num_cat=0
split_feature=3 9 5 11 12 6 7
split_gain=0.953557 1.47516 1.24551 1.19438 2.97937 1.72087 1.40858
threshold=0.0016519339588919604 0.075163727708818975 0.01279456268878742 -0.0061809109481818494 -0.0066426429034430181 0.24869601814562006 -0.03477986951314254
decision_type=2 8 2 2 2 2 2
left_child=3 2 -2 4 5 -1 -5
right_child=1 -3 -4 6 -6 -7 -8
leaf_value=-0.00011544059549470349 -0.00015711650490765375 1.3397735323350319e-05 1.9403032880823366e-06 0.0001206350426454372 8.7978254982386093e-05 6.0305885009643606e-05 -3.1249849703295956e-05
leaf_weight=38 28 252 55 26 59 31 273
leaf_count=38 28 252 55 26 59 31 273
internal_value=-0.000131234 0.00186567 -0.00391566 -0.00169789 0.00234375 -0.00471014 -0.00342809
internal_weight=762 335 83 427 128 69 299
internal_count=762 335 83 427 128 69 299
is_linear=0
shrinkage=0.05


Tree=52
num_leaves=8
num_cat=0
split_feature=15 1 15 9 15 6 4
split_gain=0.914994 1.48854 1.19158 2.52386 1.43721 1.27519 1.12619
threshold=-0.013418515204671187 -0.020642244530736594 -0.0044310575635876917 0.14641795754504552 -0.0031812156834113976 -1.1426054363852269 0.017590495713793734
decision_type=2 2 2 8 2 2 2
left_child=1 -1 3 -2 -4 -6 -7
right_child=2 -3 4 -5 5 6 -8
leaf_value=-7.290158141534187e-06 1.1210884912929431e-05 0.00019696528936631198 0.0001701888222672321 -0.00010346277586924008 -0.0001590267067965984 8.2030161052030001e-05 -4.2297880027172828e-06
leaf_weight=28 54 25 39 87 33 111 371
leaf_count=28 54 25 39 87 33 111 371
internal_value=-0.000200535 0.00613208 -0.000683453 -0.00478723 0.000361011 -0.000339806 0.000311203
internal_weight=748 53 695 141 554 515 482
internal_count=748 53 695 141 554 515 482
is_linear=0
shrinkage=0.05


Tree=53
num_leaves=8
num_cat=0
split_feature=6 0 4 4 6 4 11
split_gain=1.38622 1.45546 0.951854 2.89182 1.46154 1.4599 1.15535
threshold=1.6218746216478073 -0.021679228854622697 0.016510397094468336 0.015823124472580222 -0.58571849413508514 0.017290293831510473 -0.023324980459216712
decision_type=2 2 2 2 2 2 2
left_child=1 -1 3 4 -3 -4 -7
right_child=-2 2 5 -5 -6 6 -8
leaf_value=0.00017000303545103325 -9.2160749164209698e-05 -9.536403319019185e-05 0.00012385355557989749 -0.00014986485010848549 8.2817905270112741e-05 0.00010748937741468121 -6.6661529896833856e-06
leaf_weight=38 67 26 36 30 50 33 463
leaf_count=38 67 26 36 30 50 33 463
internal_value=-0.000975774 -0.000295858 -0.000862069 -0.00518868 0 0 -0.000705645
internal_weight=743 676 638 106 76 532 496
internal_count=743 676 638 106 76 532 496
is_linear=0
shrinkage=0.05


Tree=54
num_leaves=8
num_cat=0
split_feature=9 12 9 15 6 6 7
split_gain=0.859727 1.20728 0.922059 2.02685 1.71917 1.94066 1.94625
threshold=-0.038267334347934272 -0.018676010215707358 0.18319551376055945 -0.0030877586682592213 -0.82611276129811395 -0.55251712727715452 0.039357922563660892
decision_type=8 2 8 2 2 2 2
left_child=1 -1 3 -2 -5 -6 -7
right_child=2 -3 -4 4 5 6 -8
leaf_value=4.445483113839537e-05 4.4558262635955358e-05 -7.0654955343602002e-05 -4.8882045298804296e-06 -0.0002029589880143444 0.00024952459996256204 -4.5926526018720464e-05 0.00013614888858723201
leaf_weight=37 96 44 355 29 33 106 47
leaf_count=37 96 44 355 29 33 106 47
internal_value=0.00023427 -0.00462963 0.000825826 0.0028135 0.000116279 0.00188172 -0.000490196
internal_weight=747 81 666 311 215 186 153
internal_count=747 81 666 311 215 186 153
is_linear=0
shrinkage=0.05


Tree=55
num_leaves=8
num_cat=0
split_feature=11 8 7 2 12 15 10
split_gain=0.810306 1.15145 1.00747 1.83785 1.89149 1.37261 1.32835
threshold=-0.023324980459216712 -0.048029336478023314 0.03573555017235553 0.11751254667678691 0.024727587984372471 0.0040537363398764912 0.010510729988004066
decision_type=2 10 2 2 2 2 2
left_child=1 -1 6 4 -4 -6 -2
right_child=2 -3 3 -5 5 -7 -8
leaf_value=-3.6138054697510381e-05 -1.6311970697655648e-05 0.00019065330131374063 -3.4080526825514774e-06 -3.035221680313823e-05 0.00015842302780841072 0.00022774635159007349 8.2930880509806987e-05
leaf_weight=31 462 26 62 71 34 29 48
leaf_count=31 462 26 62 71 34 29 48
internal_value=-3.27654e-05 0.00570175 -0.000495751 0.00255102 0.0062 0.0123016 -0.00166667
internal_weight=763 57 706 196 125 63 510
internal_count=763 57 706 196 125 63 510
is_linear=0
shrinkage=0.05


Tree=56
num_leaves=8
num_cat=0
split_feature=8 7 10 3 8 10 10
split_gain=1.21529 1.25367 2.16 1.35346 1.42798 1.97116 1.68737
threshold=0.073322787390546332 0.035237253385502772 0.0059228912076465532 0.00030968549610754797 0.051748566480252951 0.010510729988004066 0.0023442699463880339
decision_type=8 2 2 2 10 2 2
left_child=1 3 -3 -1 5 6 -5
right_child=-2 2 -4 4 -6 -7 -8
leaf_value=-1.6682663614064983e-05 -3.5701618850920991e-05 0.0001848034644365546 -7.9649810557594357e-06 6.2070756923960718e-05 9.3234325214258418e-05 0.00018149837108662927 -8.8873969267375509e-05
leaf_weight=255 181 50 25 96 35 32 65
leaf_count=255 181 50 25 96 35 32 65
internal_value=-0.000169147 0.000985663 0.007 5.17598e-05 0.00285088 0.0011658 -0.00108696
internal_weight=739 558 75 483 228 193 161
internal_count=739 558 75 483 228 193 161
is_linear=0
shrinkage=0.05


Tree=57
num_leaves=8
num_cat=0
split_feature=11 9 13 6 6 5 3
split_gain=0.957502 2.08758 0.947341 1.06884 1.08769 1.64267 2.72146
threshold=-0.023324980459216712 -0.015104658551323256 12.494999885559084 0.90710426782207998 -0.74287945046594661 0.015493898450900972 -0.0021363928141980289
decision_type=2 10 2 2 2 2 2
left_child=1 -1 -2 4 5 6 -4
right_child=2 -3 3 -5 -6 -7 -8
leaf_value=-3.8665224542015417e-05 1.7400736495677432e-05 0.00019174353137337954 0.00012719550339293308 -7.4333279002057847e-05 5.0003288150217952e-06 -0.00018814941985192257 -3.3913734460512786e-05
leaf_weight=31 25 25 25 94 435 26 74
leaf_count=31 25 25 25 94 435 26 74
internal_value=-3.40136e-05 0.00625 -0.000552283 -0.000917431 -8.92857e-05 -0.0042 -0.00126263
internal_weight=735 56 679 654 560 125 99
internal_count=735 56 679 654 560 125 99
is_linear=0
shrinkage=0.05


Tree=58
num_leaves=8
num_cat=0
split_feature=0 14 14 2 13 6 1
split_gain=0.901045 1.2063 1.85478 2.4413 1.80021 1.69629 1.54831
threshold=-0.0014941359169875488 0.01016731697942619 -0.0026760061162229838 0.05299838334554386 19.329999923706058 0.082946545997597099 -0.008020600941979537
decision_type=2 2 2 2 2 2 2
left_child=1 2 3 5 6 -1 -3
right_child=-2 4 -4 -5 -6 -7 -8
leaf_value=0.00012342654871556579 -4.902487147491735e-06 -6.9999046713765172e-05 0.00017638694526385401 -0.00015027720447508379 0.00012248059622456571 -1.7083614232741586e-05 4.4423390354994454e-06
leaf_weight=45 444 47 27 31 64 28 64
leaf_count=45 444 47 27 31 64 28 64
internal_value=0.0002 0.00228758 0.00591603 0.00288462 -0.000428571 0.00787671 -0.00427928
internal_weight=750 306 131 104 175 73 111
internal_count=750 306 131 104 175 73 111
is_linear=0
shrinkage=0.05


Tree=59
num_leaves=8
num_cat=0
split_feature=5 2 8 2 13 2 0
split_gain=0.921626 1.36031 2.23545 1.67249 1.16334 1.22993 1.15871
threshold=0.015166707210148568 0.09928171081340266 0.077534043499279739 0.09120219951068699 18.625000000000004 0.011269242594982522 0.0076238065553648768
decision_type=2 2 10 2 2 2 2
left_child=1 3 -3 4 -1 -6 -4
right_child=-2 2 6 -5 5 -7 -8
leaf_value=-3.5927862250348432e-06 -8.59925693079567e-06 -7.7988264305456278e-05 -6.3568727026962719e-05 0.00016947528616066511 0.00015251713007733564 -7.1023415802726412e-05 4.9796965271094523e-05
leaf_weight=398 145 27 37 26 71 28 26
leaf_count=398 145 27 37 26 71 28 26
internal_value=-0.000725594 0.000122349 -0.00555556 0.00109943 0.000452716 0.00530303 -0.000396825
internal_weight=758 613 90 523 497 99 63
internal_count=758 613 90 523 497 99 63
is_linear=0
shrinkage=0.05


Tree=60
num_leaves=8
num_cat=0
split_feature=11 10 4 6 6 1 12
split_gain=0.807348 1.23695 1.56323 1.033 1.55404 1.95699 1.32053
threshold=-0.023324980459216712 -0.0023625284956628185 0.018652519205678651 -0.95522713777924406 0.14072464966911657 0.027997381629797594 0.02953543879256915
decision_type=2 2 2 2 2 2 2
left_child=-1 2 -2 -3 -5 6 -6
right_child=1 3 -4 4 5 -7 -8
leaf_value=6.2101259549254478e-05 6.4255343819086959e-06 -1.6857178852826542e-05 -6.6319455066825165e-05 3.4424070605232491e-05 -4.2650315093559907e-05 1.44629648708109e-05 -0.00024440025954459711
leaf_weight=57 66 61 129 292 55 66 27
leaf_count=57 66 61 129 292 55 66 27
internal_value=-0.000896414 -0.00136494 -0.00474359 -4.99002e-05 0.000795455 -0.00337838 -0.00853659
internal_weight=753 696 195 501 440 148 82
internal_count=753 696 195 501 440 148 82
is_linear=0
shrinkage=0.05


Tree=61
num_leaves=8
num_cat=0
split_feature=5 14 0 4 4 4 11
split_gain=1.10843 1.32241 2.52148 1.71955 1.21702 1.33546 1.45276
threshold=0.015380102751238767 -0.060408912479391223 0.0042571768747945446 0.028751303671290234 0.02258217629883193 0.021792602562480952 0.019179064165315788
decision_type=2 2 2 2 2 2 2
left_child=4 -2 3 -3 5 6 -1
right_child=1 2 -4 -5 -6 -7 -8
leaf_value=-3.5138624858105458e-06 0.00021101605077253924 -6.2020931499322899e-05 -0.00016528314328463224 1.8036468352354347e-05 3.3996290319244628e-05 -8.4031023942616426e-05 7.9068822158983278e-05
leaf_weight=378 26 34 28 40 124 43 63
leaf_count=378 26 34 28 40 124 43 63
internal_value=-6.79348e-05 -0.00429688 -0.00686275 -0.00202703 0.000822368 -0.000309917 0.000510204
internal_weight=736 128 102 74 608 484 441
internal_count=736 128 102 74 608 484 441
is_linear=0
shrinkage=0.05


Tree=62
num_leaves=8
num_cat=0
split_feature=13 15 15 13 9 9 11
split_gain=1.21762 1.75085 1.54398 2.97561 2.26468 1.87715 1.44669
threshold=19.010000228881839 1.0000000180025095e-35 0.0019905149327598131 18.015000343322757 0.18450072537075093 0.19926035534839773 0.00053834779161687784
decision_type=2 2 2 2 8 8 2
left_child=2 -2 3 4 6 -4 -1
right_child=1 -3 5 -5 -6 -7 -8
leaf_value=7.8129040355479385e-05 0.00015864271502272166 -3.0892686753412976e-05 -1.1906354483375708e-05 -0.0002035155297875578 -3.7571768991408057e-05 4.394075301095901e-05 1.0054653867501169e-06
leaf_weight=30 102 79 143 36 146 129 86
leaf_count=30 102 79 143 36 146 129 86
internal_value=0.000432756 0.00400552 -0.000701754 -0.00318792 -0.00133588 0.00202206 0.00387931
internal_weight=751 181 570 298 262 272 116
internal_count=751 181 570 298 262 272 116
is_linear=0
shrinkage=0.05


Tree=63
num_leaves=8
num_cat=0
split_feature=5 5 15 12 6 1 6
split_gain=1.01235 1.5783 1.42091 1.88406 1.06187 1.54708 1.25751
threshold=0.0098160312126528235 0.010770528363174976 -0.0037053752716698636 0.026461493971658315 -0.94079755840982926 0.0055763248800438934 0.87269529946999047
decision_type=2 2 2 2 2 2 2
left_child=2 -2 -1 -4 5 -3 -6
right_child=1 4 3 -5 6 -7 -8
leaf_value=-0.00016265578558298042 9.2486035777481897e-05 1.1987479892670113e-05 0.00010669954813871983 -8.3682053376844641e-05 4.6551488750623019e-06 -7.7940578720024203e-05 -4.8162533637791281e-05
leaf_weight=25 70 29 30 39 431 37 91
leaf_count=25 70 29 30 39 431 37 91
internal_value=6.64894e-05 0.000759878 -0.00478723 -0.00108696 -8.5034e-05 -0.00606061 0.000670498
internal_weight=752 658 94 69 588 66 522
internal_count=752 658 94 69 588 66 522
is_linear=0
shrinkage=0.05


Tree=64
num_leaves=8
num_cat=0
split_feature=5 15 11 12 8 13 12
split_gain=0.931601 1.35799 1.31688 1.26798 1.13438 1.73871 1.5718
threshold=0.0098160312126528235 -0.0010427803340566919 0.0077476291069551459 0.076145599776237818 -0.052946525077083466 16.164999961853031 0.017951110302837473
decision_type=2 2 2 2 10 2 2
left_child=1 -1 -3 4 -2 6 -6
right_child=3 2 -4 -5 5 -7 -8
leaf_value=-0.00017004653622817545 -1.1288902403375733e-05 9.7603682605529237e-05 -4.6357922607777519e-05 -2.5266401491979987e-05 -4.5754406955901726e-05 4.0504551249892891e-05 1.1152675967029697e-05
leaf_weight=32 117 27 28 26 77 246 179
leaf_count=32 117 27 28 26 77 246 179
internal_value=0.000546448 -0.00431034 0.000454545 0.00120155 0.0016559 0.00268924 -0.000195313
internal_weight=732 87 55 645 619 502 256
internal_count=732 87 55 645 619 502 256
is_linear=0
shrinkage=0.05


end of trees

feature_importances:
dvol_z_20=55
dist_ma200=48
vix_level=37
atr_pct=36
dist_ma50=33
spy_ret_5d=32
parkinson_20=27
sector_ret_1d=27
ret_5d=21
spy_ret_20d=20
sector_ret_5d=20
ret_1d=18
overnight_gap=18
ret_20d=17
dist_ma20=17
spy_ret_1d=16
vix_chg_1d=13

parameters:
[boosting: gbdt]
[objective: quantile]
[metric: quantile]
[tree_learner: serial]
[device_type: cpu]
[data_sample_strategy: bagging]
[data: ]
[valid: ]
[num_iterations: 80]
[learning_rate: 0.05]
[num_leaves: 8]
[num_threads: 1]
[seed: 0]
[deterministic: 0]
[force_col_wise: 1]
[force_row_wise: 0]
[histogram_pool_size: -1]
[max_depth: -1]
[min_data_in_leaf: 25]
[min_sum_hessian_in_leaf: 0.001]
[bagging_fraction: 0.9]
[pos_bagging_fraction: 1]
[neg_bagging_fraction: 1]
[bagging_freq: 1]
[bagging_seed: 3]
[bagging_by_query: 0]
[feature_fraction: 0.9]
[feature_fraction_bynode: 1]
[feature_fraction_seed: 2]
[extra_trees: 0]
[extra_seed: 6]
[early_stopping_round: 0]
[early_stopping_min_delta: 0]
[first_metric_only: 0]
[max_delta_step: 0]
[lambda_l1: 0]
[lambda_l2: 0]
[linear_lambda: 0]
[min_gain_to_split: 0]
[drop_rate: 0.1]
[max_drop: 50]
[skip_drop: 0.5]
[xgboost_dart_mode: 0]
[uniform_drop: 0]
[drop_seed: 4]
[top_rate: 0.2]
[other_rate: 0.1]
[min_data_per_group: 100]
[max_cat_threshold: 32]
[cat_l2: 10]
[cat_smooth: 10]
[max_cat_to_onehot: 4]
[top_k: 20]
[monotone_constraints: ]
[monotone_constraints_method: basic]
[monotone_penalty: 0]
[feature_contri: ]
[forcedsplits_filename: ]
[refit_decay_rate: 0.9]
[cegb_tradeoff: 1]
[cegb_penalty_split: 0]
[cegb_penalty_feature_lazy: ]
[cegb_penalty_feature_coupled: ]
[path_smooth: 0]
[interaction_constraints: ]
[verbosity: -1]
[saved_feature_importance_type: 0]
[use_quantized_grad: 0]
[num_grad_quant_bins: 4]
[quant_train_renew_leaf: 0]
[stochastic_rounding: 1]
[linear_tree: 0]
[max_bin: 255]
[max_bin_by_feature: ]
[min_data_in_bin: 3]
[bin_construct_sample_cnt: 200000]
[data_random_seed: 1]
[is_enable_sparse: 1]
[enable_bundle: 1]
[use_missing: 1]
[zero_as_missing: 0]
[feature_pre_filter: 1]
[pre_partition: 0]
[two_round: 0]
[header: 0]
[label_column: ]
[weight_column: ]
[group_column: ]
[ignore_column: ]
[categorical_feature: ]
[forcedbins_filename: ]
[precise_float_parser: 0]
[parser_config_file: ]
[objective_seed: 5]
[num_class: 1]
[is_unbalance: 0]
[scale_pos_weight: 1]
[sigmoid: 1]
[boost_from_average: 1]
[reg_sqrt: 0]
[alpha: 0.5]
[fair_c: 1]
[poisson_max_delta_step: 0.7]
[tweedie_variance_power: 1.5]
[lambdarank_truncation_level: 30]
[lambdarank_norm: 1]
[label_gain: ]
[lambdarank_position_bias_regularization: 0]
[eval_at: ]
[multi_error_top_k: 1]
[auc_mu_weights: ]
[num_machines: 1]
[local_listen_port: 12400]
[time_out: 120]
[machine_list_filename: ]
[machines: ]
[gpu_platform_id: -1]
[gpu_device_id: -1]
[gpu_device_id_list: ]
[gpu_use_dp: 0]
[num_gpu: 1]

end of parameters

pandas_categorical:[]
