tree
version=v4
num_class=1
num_tree_per_iteration=1
label_index=0
max_feature_idx=16
objective=quantile
feature_names=ret_1d ret_5d ret_20d overnight_gap atr_pct parkinson_20 dvol_z_20 dist_ma20 dist_ma50 dist_ma200 spy_ret_1d spy_ret_5d spy_ret_20d vix_level vix_chg_1d sector_ret_1d sector_ret_5d
feature_infos=[-0.14541844234446433:0.19709382468409187] [-0.15439482802175197:0.23498923817994455] [-0.17778030933154754:0.31141828527934723] [-0.078011628544189193:0.15636106789347104] [0.015683814211247558:0.057783889554510255] [0.010013273314600503:0.045156831497995986] [-2.0238691096568466:4.2536591347767256] [-0.1444983060230085:0.19078468876580312] [-0.13690454763434556:0.20359107305395185] [-0.20468849377634724:0.5622238203584724] [-0.058542971330535654:0.10501930183911301] [-0.11496151859245618:0.082843162776128354] [-0.1226559005192206:0.15756591020035837] [11.859999656677246:52.330001831054688] [-0.35753873962348437:0.74039073966007019] [-0.062852571542473257:0.088816390052506744] [-0.11675896877857916:0.085294626879873769]
tree_sizes=822 850 849 863 847 865 869 856 857 858 853 858 863 853

Tree=0
num_leaves=8
num_cat=0
split_feature=5 16 6 2 1 13 3
split_gain=2.05038 1.06854 1.06909 1.68022 0.552859 0.496445 0.425883
threshold=0.02467054408407349 -0.0059098813899476346 1.7530980424731213 -0.06659252885258686 -0.018652645664830433 14.454999923706056 -0.0050399126582230105
decision_type=2 2 2 2 2 2 2
left_child=1 2 3 -1 5 -3 -6
right_child=-2 4 -4 -5 6 -7 -8
leaf_value=0.026460724880292462 0.027087951528983245 0.02586560943260402 0.029263535948756924 0.026031251340805105 0.026254784753720249 0.026893255306079934 0.026010364733446201
leaf_weight=34 27 26 27 164 64 42 357
leaf_count=34 27 26 27 164 64 42 357
internal_value=0.0261917 0.0256802 0.0285318 0.027259 0.0243682 0.0285514 0.0236925
internal_weight=741 714 225 198 489 68 421
internal_count=741 714 225 198 489 68 421
is_linear=0
shrinkage=1


Tree=1
num_leaves=8
num_cat=0
split_feature=1 5 14 12 11 5 0
split_gain=1.62157 1.228 0.984 0.763908 0.786784 0.368182 0.359541
threshold=-0.018354827886595978 0.019938963786550891 0.11108526702174228 0.019012109873253417 0.00053831818388905283 0.013424057124121782 0.0079369971267924128
decision_type=2 2 2 2 2 2 2
left_child=1 3 6 5 -5 -1 -2
right_child=2 -3 -4 4 -6 -7 -8
leaf_value=-0.00048090932761568167 -0.00022157774432650658 0.0011856727293756309 0.00016040982047406014 0.0023701610590072565 2.3390647606824959e-05 5.4566709126194369e-05 -5.842410379775935e-05
leaf_weight=36 339 38 27 25 38 44 181
leaf_count=36 339 38 27 25 38 44 181
internal_value=1.37351e-05 0.00411602 -0.00134369 0.00199301 0.00611111 -0.00125 -0.00182692
internal_weight=728 181 547 143 63 80 520
internal_count=728 181 547 143 63 80 520
is_linear=0
shrinkage=0.05


Tree=2
num_leaves=8
num_cat=0
split_feature=8 13 1 6 6 11 9
split_gain=1.66139 1.50739 1.18523 0.944267 0.632611 0.604449 0.533605
threshold=-0.059482292439703759 14.454999923706056 -0.035567503370994784 -0.068379682318458132 1.8131697735644428 -0.01963547275857069 0.21472607552194214
decision_type=8 2 2 2 2 2 8
left_child=1 -1 6 -3 5 -4 -2
right_child=2 3 4 -5 -6 -7 -8
leaf_value=-0.00027768061941265098 3.266758835010408e-05 0.00052402802718971538 0.00012961761524044987 0.00061747692784436812 0.0012028730373450343 -0.00023004275648424497 0.00073918926197610304
leaf_weight=34 26 46 44 28 48 490 25
leaf_count=34 26 46 44 28 48 490 25
internal_value=-0.00054656 0.00518518 -0.00152449 0.00918919 -0.00216495 -0.00265918 0.00578431
internal_weight=741 108 633 74 582 534 51
internal_count=741 108 633 74 582 534 51
is_linear=0
shrinkage=0.05


Tree=3
num_leaves=8
num_cat=0
split_feature=7 9 8 9 11 11 7
split_gain=1.43795 1.73463 0.682069 0.864626 0.544743 0.643702 0.332359
threshold=-0.048991842689225677 -0.013018061243922184 -0.059836610087236557 -0.16890422043430944 -0.018660876046821092 -0.025492153007652226 0.018352210020959995
decision_type=2 10 8 10 2 2 2
left_child=1 -1 3 -2 5 -4 -6
right_child=2 -3 4 -5 6 -7 -8
leaf_value=1.7961101924136513e-05 -0.00010175762002953446 0.00085245944544910335 -7.0525266691721407e-05 0.00053973994764579367 -9.175541724350356e-05 0.00019954654686330561 -0.00020413194308698194
leaf_weight=39 26 25 34 36 304 31 240
leaf_count=39 26 25 34 36 304 31 240
internal_value=-0.000442178 0.00671875 -0.00112519 0.00387097 -0.00163383 0.00269231 -0.00215074
internal_weight=735 64 671 62 609 65 544
internal_count=735 64 671 62 609 65 544
is_linear=0
shrinkage=0.05


Tree=4
num_leaves=8
num_cat=0
split_feature=15 5 4 6 13 8 13
split_gain=1.40799 1.17984 0.765483 0.784094 0.659321 0.860458 1.13574
threshold=-0.0071426563580561644 0.01754508727022697 0.036811134130520361 0.24107707591754554 15.355000019073488 0.06532069189476887 16.98499965667725
decision_type=2 2 2 2 2 10 2
left_child=1 -1 3 -2 -5 6 -6
right_child=2 -3 -4 4 5 -7 -8
leaf_value=0.0001566104056865309 -0.00018247998976813162 0.0015606653085578144 0.00043865982145632835 -0.0002892551384896576 0.0075187186905559013 -7.7670054478386585e-05 0.00032625487239729204
leaf_weight=97 419 27 25 59 29 33 47
leaf_count=97 419 27 25 59 29 33 47
internal_value=-0.00058424 0.00427419 -0.00156863 -0.00193356 0.00095238 0.00325688 0.00618421
internal_weight=736 124 612 587 168 109 76
internal_count=736 124 612 587 168 109 76
is_linear=0
shrinkage=0.05


Tree=5
num_leaves=8
num_cat=0
split_feature=5 15 15 8 11 8 8
split_gain=1.24653 0.442827 0.485056 0.64301 0.48074 0.251365 0.287814
threshold=0.024494418278148803 -0.0054270747244281594 -0.010182622603009004 0.034543772539339386 0.0015109510563884323 0.01216241672233387 -0.0066715973976230738
decision_type=2 2 2 10 2 10 8
left_child=1 2 -1 4 -4 6 -3
right_child=-2 5 3 -5 -6 -7 -8
leaf_value=-0.0001931918278448945 0.00050070738641524147 -0.00012311180374057732 0.00026323068708737965 0.00037209834613781238 -0.0001888818348748441 -0.00022789142240863276 0.00036996780849460586
leaf_weight=77 29 202 33 28 26 274 60
leaf_count=77 29 202 33 28 26 274 60
internal_value=-0.00136488 -0.00178572 0.000487804 0.00304598 8.47446e-05 -0.00248134 -0.00137405
internal_weight=729 700 164 87 59 536 262
internal_count=729 700 164 87 59 536 262
is_linear=0
shrinkage=0.05


Tree=6
num_leaves=8
num_cat=0
split_feature=4 15 8 8 8 8 8
split_gain=0.956405 0.477312 0.754372 0.526963 0.52205 0.412698 0.349213
threshold=0.041526006847770205 -0.0054270747244281594 0.034543772539339386 0.01216241672233387 -0.053222095652509897 -0.0066715973976230738 -0.0620404494563132
decision_type=2 2 10 10 8 10 10
left_child=1 2 4 5 -1 6 -3
right_child=-2 3 -4 -5 -6 -7 -8
leaf_value=0.0012747492408471874 0.00044200930076935396 9.2376126817373956e-05 0.00017260484145164914 -0.00024245941969503187 -0.00032835879990899901 0.00080627128234998346 -0.00016947372655456421
leaf_weight=35 27 83 51 272 80 39 151
leaf_count=35 27 83 51 272 80 39 151
internal_value=-0.00127371 -0.00162447 0.00072289 -0.00233945 -0.00152174 -0.000787547 -0.0015812
internal_weight=738 711 166 545 115 273 234
internal_count=738 711 166 545 115 273 234
is_linear=0
shrinkage=0.05


Tree=7
num_leaves=8
num_cat=0
split_feature=6 7 3 10 10 1 6
split_gain=1.25116 1.00794 0.938303 0.704464 0.391037 0.385446 0.579825
threshold=1.7530980424731213 -0.037505031723945807 -1.0000000180025095e-35 -0.0043353033676630228 -0.0055671377170214966 0.019591799450296547 -0.32130047574014819
decision_type=2 2 2 2 2 2 2
left_child=1 2 -1 -2 5 6 -3
right_child=3 4 -4 -5 -6 -7 -8
leaf_value=-0.00011622578751687874 -9.690355445856919e-05 -0.00014220588068838532 0.00044081108598983167 0.0044941535628833301 -0.00019192122993679558 -0.00027660254172807367 0.00014886631486252944
leaf_weight=37 25 42 40 37 499 25 27
leaf_count=37 25 42 40 37 499 25 27
internal_value=-0.00131148 -0.0019403 0.00344156 0.00548387 -0.00263912 0.000319148 0.00224638
internal_weight=732 670 77 62 593 94 69
internal_count=732 670 77 62 593 94 69
is_linear=0
shrinkage=0.05


Tree=8
num_leaves=8
num_cat=0
split_feature=1 8 8 9 12 4 4
split_gain=1.40687 1.1076 0.811 0.85163 0.625475 0.320814 0.522972
threshold=-0.035567503370994784 -0.028802397122092756 -0.061447020061518025 -0.12932947201945952 0.0094949334570126904 0.023033932798629111 0.022107660666047184
decision_type=2 10 8 10 2 2 2
left_child=1 4 3 -2 -1 6 -4
right_child=2 -3 5 -5 -6 -7 -8
leaf_value=-0.00024051297980373545 -4.2551896312785731e-05 0.00081742614484708116 -0.00015156907279989889 0.00036110205134690847 0.00097342237308871914 -0.00013860712534793091 0.00093878528996565634
leaf_weight=33 37 31 305 25 25 260 45
leaf_count=33 37 31 305 25 25 260 45
internal_value=-0.000795008 0.00511236 -0.00157738 0.00387097 0.00103448 -0.00213115 -0.00114286
internal_weight=761 89 672 62 58 610 350
internal_count=761 89 672 62 58 610 350
is_linear=0
shrinkage=0.05


Tree=9
num_leaves=8
num_cat=0
split_feature=5 8 11 9 6 15 8
split_gain=1.16626 0.580151 0.311276 0.720615 0.592989 0.352221 0.355137
threshold=0.024494418278148803 -0.077010101328503375 -0.012158378577427352 0.17935839812222235 1.7530980424731213 -0.0071426563580561644 0.033817679496172655
decision_type=2 8 2 10 2 2 10
left_child=1 -1 3 -3 5 6 -4
right_child=-2 2 4 -5 -6 -7 -8
leaf_value=0.00034057781619083139 0.00052578586977121108 -0.00012238668808286097 -0.00029449946786743895 0.00015837230769529827 0.0018835795194341465 -0.00019129732970739278 0.00020068167660005086
leaf_weight=46 30 85 41 29 44 434 25
leaf_count=46 30 85 41 29 44 434 25
internal_value=-0.00132153 -0.00173296 -0.00211246 0.000263157 -0.0026103 -0.0031 0.000303029
internal_weight=734 704 658 114 544 500 66
internal_count=734 704 658 114 544 500 66
is_linear=0
shrinkage=0.05


Tree=10
num_leaves=8
num_cat=0
split_feature=5 11 9 6 8 5 6
split_gain=1.03255 0.432607 0.648339 0.389153 0.378387 0.866165 0.362055
threshold=0.024494418278148803 -0.012158378577427352 -0.01940091939249566 0.022630188994078811 -0.0620404494563132 0.017646626430415303 1.0364545629018853
decision_type=2 2 10 2 10 2 2
left_child=1 2 -1 -4 5 -3 -6
right_child=-2 4 3 -5 6 -7 -8
leaf_value=-0.00020723274665936174 0.00046037815887250088 0.001031309206570285 0.0002468954545597366 5.9025329454999623e-06 -0.00019841812959212757 -0.00014893884187992321 6.0360023838999439e-06
leaf_weight=61 31 39 39 29 434 42 68
leaf_count=61 31 39 39 29 434 42 68
internal_value=-0.00102961 -0.00141854 0.00120155 0.00455882 -0.00199829 0.00117284 -0.00250996
internal_weight=743 712 129 68 583 81 502
internal_count=743 712 129 68 583 81 502
is_linear=0
shrinkage=0.05


Tree=11
num_leaves=8
num_cat=0
split_feature=15 0 1 2 8 0 9
split_gain=0.778913 0.91543 1.2665 0.508203 0.557682 0.95489 0.530504
threshold=-0.0071426563580561644 -0.011471404340927359 0.017700669820860385 0.016678227454547948 -0.0075644756292581597 0.007479115197814191 0.19096856269867282
decision_type=2 2 2 2 8 2 8
left_child=1 -1 -3 4 -2 6 -6
right_child=3 2 -4 -5 5 -7 -8
leaf_value=-0.00019567146917253247 -8.5718506659217275e-05 0.000600283468458873 -0.00035594628654904838 -0.00017875572234410402 0.00051092682894526874 0.00067964699673915888 -0.0003145133654835926
leaf_weight=60 216 48 26 309 26 25 32
leaf_count=60 216 48 26 309 26 25 32
internal_value=-0.00136119 0.00208955 0.00581081 -0.00212171 -0.000652175 0.00283132 -0.000689656
internal_weight=742 134 74 608 299 83 58
internal_count=742 134 74 608 299 83 58
is_linear=0
shrinkage=0.05


Tree=12
num_leaves=8
num_cat=0
split_feature=1 15 11 9 15 0 1
split_gain=0.841787 1.19294 0.680299 0.636671 0.506046 0.905708 0.756099
threshold=-0.035567503370994784 -0.006990721564564927 0.025709080400856291 0.12313743864198202 -0.0021671753652477417 -0.0069727998630608736 0.027622318841126318
decision_type=2 2 2 8 2 2 2
left_child=1 -1 4 -4 5 -2 -7
right_child=2 -3 3 -5 -6 6 -8
leaf_value=0.0018533316948611605 -0.00026065489457353144 -4.6201959233994014e-06 -0.00015270470639213904 0.00032199971562929574 -0.00018552468819682687 0.00026884437658397951 -0.00016982343139747925
leaf_weight=25 104 60 34 41 345 81 33
leaf_count=25 104 60 34 41 345 81 33
internal_value=-0.000850624 0.00382353 -0.00147336 0.003 -0.00206927 -0.000183487 0.00289474
internal_weight=723 85 638 75 563 218 114
internal_count=723 85 638 75 563 218 114
is_linear=0
shrinkage=0.05


Tree=13
num_leaves=8
num_cat=0
split_feature=3 14 16 10 6 2 15
split_gain=0.8429 0.588606 0.91901 0.957635 0.566648 0.497939 0.814423
threshold=0.011272326733544726 0.019226293465225867 0.010301838468856463 -0.0014016774424328025 2.0699469899745839 0.0078800016942673929 -0.0025836606544282765
decision_type=2 2 2 2 2 2 2
left_child=1 4 5 -4 -1 -3 -7
right_child=-2 2 3 -5 -6 6 -8
leaf_value=-0.0001557887466114054 0.00031259894945342981 -0.0001349990006196743 -0.00014951054196509799 0.00046725016879602409 0.0049883567027325208 0.00010118244804413484 -0.0004880880047073026
leaf_weight=442 34 97 30 28 25 52 28
leaf_count=442 34 97 30 28 25 52 28
internal_value=-0.000923914 -0.0012963 0.00074468 0.0062069 -0.00232334 -0.0010452 0.001875
internal_weight=736 702 235 58 467 177 80
internal_count=736 702 235 58 467 177 80
is_linear=0
shrinkage=0.05


end of trees

feature_importances:
dist_ma50=17
dvol_z_20=10
sector_ret_1d=9
ret_5d=8
parkinson_20=8
dist_ma200=8
spy_ret_5d=8
ret_1d=4
atr_pct=4
vix_level=4
ret_20d=3
overnight_gap=3
dist_ma20=3
spy_ret_1d=3
spy_ret_20d=2
vix_chg_1d=2
sector_ret_5d=2

parameters:
[boosting: gbdt]
[objective: quantile]
[metric: quantile]
[tree_learner: serial]
[device_type: cpu]
[data_sample_strategy: bagging]
[data: ]
[valid: ]
[num_iterations: 80]
[learning_rate: 0.05]
[num_leaves: 8]
[num_threads: 1]
[seed: 0]
[deterministic: 0]
[force_col_wise: 1]
[force_row_wise: 0]
[histogram_pool_size: -1]
[max_depth: -1]
[min_data_in_leaf: 25]
[min_sum_hessian_in_leaf: 0.001]
[bagging_fraction: 0.9]
[pos_bagging_fraction: 1]
[neg_bagging_fraction: 1]
[bagging_freq: 1]
[bagging_seed: 3]
[bagging_by_query: 0]
[feature_fraction: 0.9]
[feature_fraction_bynode: 1]
[feature_fraction_seed: 2]
[extra_trees: 0]
[extra_seed: 6]
[early_stopping_round: 0]
[early_stopping_min_delta: 0]
[first_metric_only: 0]
[max_delta_step: 0]
[lambda_l1: 0]
[lambda_l2: 0]
[linear_lambda: 0]
[min_gain_to_split: 0]
[drop_rate: 0.1]
[max_drop: 50]
[skip_drop: 0.5]
[xgboost_dart_mode: 0]
[uniform_drop: 0]
[drop_seed: 4]
[top_rate: 0.2]
[other_rate: 0.1]
[min_data_per_group: 100]
[max_cat_threshold: 32]
[cat_l2: 10]
[cat_smooth: 10]
[max_cat_to_onehot: 4]
[top_k: 20]
[monotone_constraints: ]
[monotone_constraints_method: basic]
[monotone_penalty: 0]
[feature_contri: ]
[forcedsplits_filename: ]
[refit_decay_rate: 0.9]
[cegb_tradeoff: 1]
[cegb_penalty_split: 0]
[cegb_penalty_feature_lazy: ]
[cegb_penalty_feature_coupled: ]
[path_smooth: 0]
[interaction_constraints: ]
[verbosity: -1]
[saved_feature_importance_type: 0]
[use_quantized_grad: 0]
[num_grad_quant_bins: 4]
[quant_train_renew_leaf: 0]
[stochastic_rounding: 1]
[linear_tree: 0]
[max_bin: 255]
[max_bin_by_feature: ]
[min_data_in_bin: 3]
[bin_construct_sample_cnt: 200000]
[data_random_seed: 1]
[is_enable_sparse: 1]
[enable_bundle: 1]
[use_missing: 1]
[zero_as_missing: 0]
[feature_pre_filter: 1]
[pre_partition: 0]
[two_round: 0]
[header: 0]
[label_column: ]
[weight_column: ]
[group_column: ]
[ignore_column: ]
[categorical_feature: ]
[forcedbins_filename: ]
[precise_float_parser: 0]
[parser_config_file: ]
[objective_seed: 5]
[num_class: 1]
[is_unbalance: 0]
[scale_pos_weight: 1]
[sigmoid: 1]
[boost_from_average: 1]
[reg_sqrt: 0]
[alpha: 0.9]
[fair_c: 1]
[poisson_max_delta_step: 0.7]
[tweedie_variance_power: 1.5]
[lambdarank_truncation_level: 30]
[lambdarank_norm: 1]
[label_gain: ]
[lambdarank_position_bias_regularization: 0]
[eval_at: ]
[multi_error_top_k: 1]
[auc_mu_weights: ]
[num_machines: 1]
[local_listen_port: 12400]
[time_out: 120]
[machine_list_filename: ]
[machines: ]
[gpu_platform_id: -1]
[gpu_device_id: -1]
[gpu_device_id_list: ]
[gpu_use_dp: 0]
[num_gpu: 1]

end of parameters

pandas_categorical:[]
