tree
version=v4
num_class=1
num_tree_per_iteration=1
label_index=0
max_feature_idx=16
objective=quantile
feature_names=ret_1d ret_5d ret_20d overnight_gap atr_pct parkinson_20 dvol_z_20 dist_ma20 dist_ma50 dist_ma200 spy_ret_1d spy_ret_5d spy_ret_20d vix_level vix_chg_1d sector_ret_1d sector_ret_5d
feature_infos=[-0.087464731962918152:0.097917377944691131] [-0.18182671547920781:0.11943584451324396] [-0.23704481792717091:0.253429996881821] [-0.051095919374163135:0.075042676681461362] [0.011898561011070022:0.053085666244486178] [0.0084550181698901678:0.028284876410655687] [-2.0694341266056639:4.1881557970085215] [-0.16801893816460156:0.13734588641395451] [-0.20299926847110461:0.24315949150996063] [-0.12681563501401749:0.35259246889872253] [-0.058542947643003718:0.10501933612632941] [-0.11496158439845272:0.082843216242346029] [-0.12265592443394913:0.15756596870864792] [11.859999656677246:52.330001831054688] [-0.35753873962348437:0.74039073966007019] [-0.073180960369049974:0.075364298724954315] [-0.12187673514714059:0.078003457216940353]
tree_sizes=850 855 864 849 846 854 840 859 851 842 853 856 858 858 865 865 849 864 860 861 858 858 855 864 863 860 865

Tree=0
num_leaves=8
num_cat=0
split_feature=8 4 9 10 13 4 5
split_gain=4.97595 2.36383 2.61677 2.68403 2.59004 2.91691 1.57677
threshold=-0.021786658902807118 0.017066072067229692 0.06803844117562409 0.0080340487242571718 16.285000801086429 0.020280896948707081 0.011085694623851276
decision_type=10 2 8 2 2 2 2
left_child=-1 -2 4 6 -3 -6 -4
right_child=1 2 3 -5 5 -7 -8
leaf_value=-0.0080930861178785569 -0.0080152953974902633 -0.0077838840894401077 -0.0082226536003872745 -0.0076881842862349002 -0.0076984889106824998 -0.0080013082362711437 -0.0079505619592964653
leaf_weight=251 79 45 30 44 41 59 201
leaf_count=251 79 45 30 44 41 59 201
internal_value=-0.0082906 -0.00540216 -0.00390965 -0.00677545 0.00152549 -0.00295727 -0.0089313
internal_weight=750 499 420 275 145 100 231
internal_count=750 499 420 275 145 100 231
is_linear=0
shrinkage=1


Tree=1
num_leaves=8
num_cat=0
split_feature=8 8 4 5 1 3 4
split_gain=5.37663 2.25463 1.38282 2.03916 1.6371 1.34431 1.41613
threshold=-0.021786658902807118 -0.008703854727157732 0.023512561031463212 0.012111869644324392 0.0085624004941620164 -0.0023653750735809771 0.031438982068671573
decision_type=10 10 2 2 2 2 2
left_child=5 -2 3 -3 -4 6 -1
right_child=1 2 4 -5 -6 -7 -8
leaf_value=-0.00024005207000300286 0.00017664974555373195 2.2520632483065146e-05 -0.00014934419654309748 0.00013841866282746199 0.00011470265919342641 -6.3917294610291693e-05 -0.00016801990335807201
leaf_weight=67 39 233 44 136 48 132 35
leaf_count=67 39 233 44 136 48 132 35
internal_value=0.00027248 0.0032 0.00222343 0.00359079 -0.00326087 -0.00598291 -0.0102941
internal_weight=734 500 461 369 92 234 102
internal_count=734 500 461 369 92 234 102
is_linear=0
shrinkage=0.05


Tree=2
num_leaves=8
num_cat=0
split_feature=8 9 4 7 11 7 9
split_gain=3.48962 1.81813 1.7661 1.75489 1.67276 1.59898 1.70766
threshold=-0.021786658902807118 0.067372830018446975 0.017066072067229692 -0.011164003494720463 -0.0078155489533487926 0.0083625197194884277 0.044613875556236755
decision_type=10 10 2 2 2 2 10
left_child=3 2 -2 -1 -3 -4 -7
right_child=1 4 5 -5 -6 6 -8
leaf_value=-9.6340909483842556e-05 -5.5465229146648215e-05 0.00018345631624106315 -2.6127350982278579e-05 -0.00021566438965965062 -3.6176640773192062e-05 0.00014424735427019187 0.00023049852135591212
leaf_weight=195 26 32 67 44 230 118 37
leaf_count=195 26 32 67 44 230 118 37
internal_value=-0.00076769 0.00156863 0.0046371 -0.00575314 -0.00133588 0.00608108 0.00887097
internal_weight=749 510 248 239 262 222 155
internal_count=749 510 248 239 262 222 155
is_linear=0
shrinkage=0.05


Tree=3
num_leaves=8
num_cat=0
split_feature=8 4 16 6 14 9 4
split_gain=4.14289 2.29131 1.9841 1.90652 2.44532 3.46359 1.96414
threshold=-0.021786658902807118 0.0169734638410757 0.026292191143142411 1.443464939440837 -0.022227674526148929 0.14533149389033187 0.023907031000545819
decision_type=10 2 2 2 2 10 2
left_child=2 -2 -1 4 6 -6 -3
right_child=1 3 -4 -5 5 -7 -8
leaf_value=-0.00011443666827981358 -6.9385770370718105e-05 0.00022698619607690491 -0.00031050009367172604 -0.00015644277784740554 6.2261943391058637e-05 -0.00031945678022457291 5.6134867924265581e-05
leaf_weight=218 69 99 25 47 210 36 39
leaf_count=218 69 99 25 47 210 36 39
internal_value=-0.000302826 0.0023 -0.00565844 0.00365429 0.00481771 0.00182927 0.0101449
internal_weight=743 500 243 431 384 246 138
internal_count=743 500 243 431 384 246 138
is_linear=0
shrinkage=0.05


Tree=4
num_leaves=8
num_cat=0
split_feature=8 6 7 6 13 9 9
split_gain=2.96098 1.60579 1.59718 1.74442 1.71307 1.5545 1.55249
threshold=-0.031813373481495426 0.48664431913323747 0.047338851861426952 -0.4746498638999917 12.84500026702881 0.15109299941812207 0.17948523463548519
decision_type=10 2 2 2 2 10 8
left_child=-1 2 4 -4 -2 -6 -3
right_child=1 6 3 -5 5 -7 -8
leaf_value=-8.6112542593327776e-05 -5.3332714615971816e-05 3.761525817157245e-05 -0.00019779674597724805 5.240921846576385e-05 0.00012228019126167062 -3.1383326343493523e-05 -0.00019788241616275619
leaf_weight=216 35 95 28 38 263 40 31
leaf_count=216 35 95 28 38 263 40 31
internal_value=0.000536193 0.00254717 0.00408416 -0.0030303 0.00547337 0.00668317 -0.00238095
internal_weight=746 530 404 66 338 303 126
internal_count=746 530 404 66 338 303 126
is_linear=0
shrinkage=0.05


Tree=5
num_leaves=8
num_cat=0
split_feature=8 4 6 3 3 1 16
split_gain=3.33317 2.15392 1.88773 1.66024 1.65293 3.06818 1.72857
threshold=-0.029447325735160786 0.0169734638410757 1.5015107954640048 -0.003151508706404182 0.0025997125366294953 -0.015767412853054438 -0.0018334108387398904
decision_type=10 2 2 2 2 2 2
left_child=3 -2 -3 -1 5 -5 -6
right_child=1 2 -4 4 6 -7 -8
leaf_value=-0.00019954159166153109 -8.1930164474731994e-05 6.2026015487273999e-05 -0.00014555123285800794 -0.00024455138194096797 2.483115819560773e-05 9.4756463629179074e-05 -0.00024512624080014938
leaf_weight=97 68 400 42 27 35 33 35
leaf_count=97 68 400 42 27 35 33 35
internal_value=-0.000576662 0.00166667 0.00294118 -0.00561674 -0.00192308 0.00416667 -0.00714286
internal_weight=737 510 442 227 130 60 70
internal_count=737 510 442 227 130 60 70
is_linear=0
shrinkage=0.05


Tree=6
num_leaves=8
num_cat=0
split_feature=3 6 4 4 6 6 6
split_gain=3.15969 1.97532 1.83668 3.0439 1.47412 1.47617 1.31814
threshold=-0.010284011995010721 1.0000000180025095e-35 0.0169734638410757 0.020589623527289384 -0.54796194690291478 -0.94926384580579792 -0.68078672785353433
decision_type=2 2 2 2 2 2 2
left_child=1 -1 -2 6 5 -5 -4
right_child=2 -3 3 4 -6 -7 -8
leaf_value=-0.000121109397641653 -7.5233350544616408e-05 -0.0003364731329747381 -1.247403520606488e-05 -2.4089716519615483e-05 -6.9268834368944963e-05 0.00011379394012026186 0.0001159058787042732
leaf_weight=33 73 30 53 52 255 74 176
leaf_count=33 73 30 53 52 255 74 176
internal_value=0 -0.0107143 0.000988287 0.00188525 -0.000853018 0.00357143 0.00644105
internal_weight=746 63 683 610 381 126 229
internal_count=746 63 683 610 381 126 229
is_linear=0
shrinkage=0.05


Tree=7
num_leaves=8
num_cat=0
split_feature=8 6 14 9 10 6 6
split_gain=3.78295 1.93884 1.94927 1.85982 1.98946 1.66074 1.6525
threshold=-0.021786658902807118 1.443464939440837 -0.083456210331023115 0.067372830018446975 0.0087442348777118113 -0.84113864348976464 -0.62872580949618861
decision_type=10 2 2 8 2 2 2
left_child=6 2 -2 -4 5 -5 -1
right_child=1 -3 3 4 -6 -7 -8
leaf_value=1.5830657811804084e-05 0.00022586829188229031 -0.00013877753210846415 0.00012016092410707114 -0.00019325081504276546 0.00022707033667475598 2.1681950022002257e-05 -0.00015384197658137742
leaf_weight=69 29 49 146 38 29 207 178
leaf_count=69 29 49 146 38 29 207 178
internal_value=0.000302013 0.00281124 0.00384187 0.00297619 0.000547445 -0.000918367 -0.00475709
internal_weight=745 498 449 420 274 245 247
internal_count=745 498 449 420 274 245 247
is_linear=0
shrinkage=0.05


Tree=8
num_leaves=8
num_cat=0
split_feature=4 6 4 9 10 6 13
split_gain=2.2291 2.64911 2.52137 2.25625 2.91256 1.59717 1.40517
threshold=0.023792201286826565 -0.57615660716897132 0.0169734638410757 0.067372830018446975 0.0087442348777118113 -0.33087084056822352 18.675000190734867
decision_type=2 2 2 8 2 2 2
left_child=2 -2 -1 5 6 -4 -5
right_child=1 -3 3 4 -6 -7 -8
leaf_value=-5.9131960818448011e-05 5.6060324057620766e-05 -0.00014431158408877693 7.5566146183708464e-05 -2.5756031598921137e-05 0.00021513522136950701 0.00016614172985362141 0.00015945632176956383
leaf_weight=72 92 197 49 216 32 74 32
leaf_count=72 92 197 49 216 32 74 32
internal_value=0.00026178 -0.00320069 0.00236842 0.00390819 0.00142857 0.00955285 -0.000403226
internal_weight=764 289 475 403 280 123 248
internal_count=764 289 475 403 280 123 248
is_linear=0
shrinkage=0.05


Tree=9
num_leaves=8
num_cat=0
split_feature=4 11 16 4 4 9 5
split_gain=1.86497 1.77995 2.37608 1.51472 2.61556 1.93565 2.358
threshold=0.035313411750851419 0.032599070140324489 0.025989771031771917 0.017066072067229692 0.020175229915814625 0.065099893164867653 0.012138146268586681
decision_type=2 2 2 2 2 8 2
left_child=1 2 3 -1 5 -5 -7
right_child=-2 -3 -4 4 -6 6 -8
leaf_value=-5.8066568469971118e-05 -0.00040235138670319882 0.00011992887143476419 -0.00012931915302019149 0.00017829854851357573 -2.209766327496256e-05 -4.2206626334946727e-06 0.00020665316495038509
leaf_weight=73 41 34 56 71 341 98 30
leaf_count=73 41 34 56 71 341 98 30
internal_value=0 0.000604552 3.73692e-05 0.00093801 0.00185185 0.00640704 0.00273438
internal_weight=744 703 669 613 540 199 128
internal_count=744 703 669 613 540 199 128
is_linear=0
shrinkage=0.05


Tree=10
num_leaves=8
num_cat=0
split_feature=8 4 6 3 4 10 0
split_gain=2.56831 1.56224 1.83502 1.54286 1.47659 1.31267 1.48542
threshold=-0.031813373481495426 0.016888428668338475 1.399555626984571 -0.0086578946485564284 0.015560590529367146 0.0084135321607602415 0.017480971728389475
decision_type=10 2 2 2 2 2 2
left_child=3 4 5 -1 -2 -3 -7
right_child=1 2 -4 -5 -6 6 -8
leaf_value=-0.00033598266205265773 2.3084786003636653e-05 4.0049612646979882e-05 -0.00012058356360720672 -3.4784691563554589e-05 -0.00026737681393107857 0.00024973665790243335 4.4603303683124749e-05
leaf_weight=42 42 351 50 168 30 41 25
leaf_count=42 42 351 50 168 30 41 25
internal_value=0.000166889 0.00199443 0.00305139 -0.00452381 -0.00486111 0.00413669 0.0106061
internal_weight=749 539 467 210 72 417 66
internal_count=749 539 467 210 72 417 66
is_linear=0
shrinkage=0.05


Tree=11
num_leaves=8
num_cat=0
split_feature=9 2 10 10 4 0 7
split_gain=2.33346 1.84534 2.44271 2.39202 1.77307 1.62835 1.50303
threshold=0.19229653981309483 -0.034035730271381341 0.0018732675411667901 0.0080340487242571718 0.014730540944792703 -0.010424677762046195 0.047338851861426952
decision_type=8 2 2 2 2 2 2
left_child=1 2 5 -4 -3 -1 -6
right_child=-2 4 3 -5 6 -7 -8
leaf_value=-0.00014623923086673447 -4.6945319472039533e-05 -7.3050704767004589e-05 -0.00036696416489630202 -2.8241810479384461e-05 7.8130766906376985e-05 0.00012106575782343242 -7.4252651262277797e-05
leaf_weight=36 220 25 31 28 317 51 39
leaf_count=36 220 25 31 28 317 51 39
internal_value=0.00023427 0.00203985 -0.00273973 -0.0105932 0.00387139 0.00258621 0.00477528
internal_weight=747 527 146 59 381 87 356
internal_count=747 527 146 59 381 87 356
is_linear=0
shrinkage=0.05


Tree=12
num_leaves=8
num_cat=0
split_feature=16 12 3 9 0 3 10
split_gain=1.79923 1.29952 1.63794 1.70609 3.16266 1.74549 1.62591
threshold=0.03585743602736758 0.062788606761277746 0.011898897629205043 0.15109299941812207 0.012805044920589538 -0.013625890496758828 -0.0060493286934151782
decision_type=2 2 2 8 2 2 2
left_child=1 2 3 5 -5 -1 -7
right_child=-2 -3 -4 4 -6 6 -8
leaf_value=-0.00022022778734409577 -7.7274850114727968e-05 -9.499882020841322e-05 -0.00033775108973442742 -3.3345237725418987e-05 0.00021805821838889663 0.00015604746318762156 3.2732109640755274e-05
leaf_weight=25 38 48 35 192 25 56 315
leaf_count=25 38 48 35 192 25 56 315
internal_value=6.81199e-05 0.000646552 0.00123457 0.00183524 -0.00172811 0.00378788 0.0046496
internal_weight=734 696 648 613 217 396 371
internal_count=734 696 648 613 217 396 371
is_linear=0
shrinkage=0.05


Tree=13
num_leaves=8
num_cat=0
split_feature=4 6 10 13 6 14 16
split_gain=1.51371 2.44917 1.87844 1.711 1.67652 2.02189 2.45723
threshold=0.023792201286826565 -0.57615660716897132 -0.0063062560979271201 12.555000305175783 0.90326791485610192 -0.022227674526148929 -0.015497422852297436
decision_type=2 2 2 2 2 2 2
left_child=3 -2 -3 -1 5 -5 -7
right_child=1 2 -4 4 -6 6 -8
leaf_value=-0.00021358465586045146 3.5512812656098192e-05 4.945995440114766e-05 -0.00016701790747855637 0.00016183799662819131 -6.9655773153515585e-05 0.00018158317271729996 -5.3534325922538574e-06
leaf_weight=27 97 49 142 117 76 46 191
leaf_count=27 97 49 142 117 76 46 191
internal_value=0.000234899 -0.00260417 -0.00589005 0.00202407 0.0027907 0.00423729 0.00158228
internal_weight=745 288 191 457 430 354 237
internal_count=745 288 191 457 430 354 237
is_linear=0
shrinkage=0.05


Tree=14
num_leaves=8
num_cat=0
split_feature=3 3 14 16 7 6 3
split_gain=1.67574 1.79667 1.87865 1.59409 1.45934 2.37345 1.61016
threshold=0.012107749168796535 -0.0012268320176599954 -0.077913276979976895 0.010129999632627286 0.012752197817665458 0.030794093064357934 0.0022309196313817785
decision_type=2 2 2 2 2 2 2
left_child=1 3 -3 -1 5 -4 -6
right_child=-2 2 4 -5 6 -7 -8
leaf_value=-2.0019166155708575e-06 -0.00012335932623483764 0.00023887874831056801 -7.0300746242805574e-05 -0.00011556160311637294 0.00014055255261203234 6.5359054090935462e-05 1.1213974918161023e-05
leaf_weight=197 43 32 114 80 82 63 108
leaf_count=197 43 32 114 80 82 63 108
internal_value=-0.000312935 0.000295858 0.00244361 -0.00279783 0.00143052 -0.00183616 0.00447368
internal_weight=719 676 399 277 367 177 190
internal_count=719 676 399 277 367 177 190
is_linear=0
shrinkage=0.05


Tree=15
num_leaves=8
num_cat=0
split_feature=8 9 16 4 16 12 2
split_gain=1.43074 1.40249 1.61901 1.53118 1.33504 1.24729 1.68954
threshold=-0.067060558289380054 0.1827656531268497 -0.01847607363222897 0.019199944992458879 -0.0084293185940079157 0.048519167358985434 -0.034673170452790995
decision_type=10 8 2 2 2 2 2
left_child=-1 2 -2 -3 -4 6 -6
right_child=1 3 4 -5 5 -7 -8
leaf_value=-0.00016716183397632174 0.00019354877055184581 -9.9447102942389163e-05 -0.00021702444571667273 -1.1611449187529967e-06 -0.00015395767452849675 -5.2099066035740641e-05 7.2173146823777706e-05
leaf_weight=130 44 46 53 125 41 68 236
leaf_count=130 44 46 53 125 41 68 236
internal_value=-0.000235532 0.000774878 0.00226244 -0.00307018 0.00125628 0.0023913 0.00388087
internal_weight=743 613 442 171 398 345 277
internal_count=743 613 442 171 398 345 277
is_linear=0
shrinkage=0.05


Tree=16
num_leaves=8
num_cat=0
split_feature=8 16 4 4 6 1 6
split_gain=1.55951 1.91117 1.73216 1.73089 2.01751 1.8648 1.79333
threshold=-0.032658047831797536 -0.01847607363222897 0.0169734638410757 0.023469226328555953 -0.68078672785353433 0.0067801973263300628 0.90326791485610192
decision_type=10 2 2 2 2 2 2
left_child=-1 -2 -3 4 5 -4 -6
right_child=1 2 3 -5 6 -7 -8
leaf_value=-8.3618393733000954e-05 0.00018387133202425352 -6.6476445984816777e-05 -0.00022153641234288381 -2.9216558870841931e-05 9.934170741850253e-05 0.00010205283282241438 -2.8125250804410425e-05
leaf_weight=215 42 68 27 123 180 39 63
leaf_count=215 42 68 27 123 180 39 63
internal_value=0.000231176 0.00166052 0.0008 0.00196759 0.0039644 -0.00378788 0.00606996
internal_weight=757 542 500 432 309 66 243
internal_count=757 542 500 432 309 66 243
is_linear=0
shrinkage=0.05


Tree=17
num_leaves=8
num_cat=0
split_feature=4 4 8 1 7 10 15
split_gain=1.51335 2.16657 2.07908 1.35448 1.45617 1.37051 1.39182
threshold=0.017066072067229692 0.016215803187190351 -0.021786658902807118 -0.024925785688095167 -0.013874782590286348 0.0087442348777118113 -0.00031265132822799741
decision_type=2 2 10 2 2 2 2
left_child=1 -1 -2 -4 -5 6 -6
right_child=2 -3 3 4 5 -7 -8
leaf_value=5.7880936411170564e-06 -6.3928231456221283e-05 -0.00031267709966779195 0.00011582057284432432 -5.6116011764499296e-05 0.00010809091370444959 0.00020686660835303905 -4.7856079979890106e-06
leaf_weight=47 236 30 39 32 136 50 176
leaf_count=47 236 30 39 32 136 50 176
internal_value=0.000469169 -0.00616883 0.00123318 0.00329099 0.00241117 0.00331492 0.00208333
internal_weight=746 77 669 433 394 362 312
internal_count=746 77 669 433 394 362 312
is_linear=0
shrinkage=0.05


Tree=18
num_leaves=8
num_cat=0
split_feature=3 3 0 11 11 16 2
split_gain=1.97247 1.73979 1.84976 1.53041 2.35483 1.92858 2.46271
threshold=0.011024773792147837 -0.010284011995010721 -0.0074557155211582562 -0.022672230022230119 0.00301412428072434 -0.0022607525091419829 -0.049394172484324143
decision_type=2 2 2 2 2 2 2
left_child=1 2 -1 -3 5 6 -5
right_child=-2 3 -4 4 -6 -7 -8
leaf_value=-1.0943685395802222e-05 -0.0001217774445662511 0.0001868140413086898 -0.00022915046165119623 -0.00013419772104806527 4.066763490765497e-05 -0.00012066852159479132 9.3413763581121775e-05
leaf_weight=38 56 37 26 34 351 112 99
leaf_count=38 56 37 26 34 351 112 99
internal_value=9.96016e-05 0.000824964 -0.00703125 0.00161927 0.00100671 -0.0027551 0.00131579
internal_weight=753 697 64 633 596 245 133
internal_count=753 697 64 633 596 245 133
is_linear=0
shrinkage=0.05


Tree=19
num_leaves=8
num_cat=0
split_feature=3 9 3 3 10 13 9
split_gain=1.98327 1.6275 2.66688 2.38368 1.16583 1.06229 1.08617
threshold=0.011024773792147837 0.01214159992769104 -0.009561554820984362 0.0039179845282560919 0.0091157700665586167 12.555000305175783 0.19571932522382765
decision_type=2 8 2 2 2 2 8
left_child=1 2 -1 -4 5 -3 -7
right_child=-2 4 3 -5 -6 6 -8
leaf_value=-0.00021402143564148852 -0.00015103270734596148 -0.00020409109909711888 0.00020016234279405598 -0.00017601693573109404 0.00011725207751380026 1.5626955306851104e-05 -7.3886813758237448e-05
leaf_weight=27 54 28 79 26 54 290 181
leaf_count=27 54 28 79 26 54 290 181
internal_value=-3.38295e-05 0.000693431 0.00568182 0.00928571 -0.000497288 -0.00125251 -0.000690021
internal_weight=739 685 132 105 553 499 471
internal_count=739 685 132 105 553 499 471
is_linear=0
shrinkage=0.05


Tree=20
num_leaves=8
num_cat=0
split_feature=5 0 0 0 3 15 15
split_gain=1.45457 1.50478 1.72075 1.63612 2.09659 2.12631 1.59387
threshold=0.02066528604128726 -0.027224269494409144 -0.015635419340593645 0.011546493340532706 0.011024773792147837 0.0030221287899145914 0.0076379118172400515
decision_type=2 2 2 2 2 2 2
left_child=1 -1 -3 -4 5 -5 -7
right_child=-2 2 3 4 -6 6 -8
leaf_value=-0.00020893842830759998 -0.00025137281154651822 0.00010344659756026977 -7.7828077841171291e-06 0.00019522178942626436 -8.1789686444428208e-05 -0.00011237593517320249 0.00012860611374522661
leaf_weight=33 53 60 467 25 28 28 57
leaf_count=33 53 60 467 25 28 28 57
internal_value=-3.32889e-05 0.000573066 0.00109023 0.000289256 0.00507246 0.00818182 0.00441176
internal_weight=751 698 665 605 138 110 85
internal_count=751 698 665 605 138 110 85
is_linear=0
shrinkage=0.05


Tree=21
num_leaves=8
num_cat=0
split_feature=3 12 0 8 14 13 11
split_gain=1.34038 1.43774 1.82475 1.50433 1.57159 1.70966 1.85744
threshold=0.012801483958947315 0.062788606761277746 -0.027224269494409144 -0.067060558289380054 -0.077913276979976895 16.469999313354496 0.0093718166333225401
decision_type=2 2 2 8 2 2 2
left_child=1 2 -1 -4 -5 -6 -7
right_child=-2 -3 3 4 5 6 -8
leaf_value=-0.00019849150689222001 -0.00027657960261894259 -6.9096416199470155e-05 -0.000140489713264697 0.00023830031830027079 -8.5665012054193983e-07 3.3605317992563841e-05 0.00015456834423079516
leaf_weight=31 35 51 72 34 309 160 56
leaf_count=31 35 51 72 34 309 160 56
internal_value=0.00026738 0.000736325 0.00135952 0.00194136 0.00281753 0.00214286 0.00555556
internal_weight=748 713 662 631 559 525 216
internal_count=748 713 662 631 559 525 216
is_linear=0
shrinkage=0.05


Tree=22
num_leaves=8
num_cat=0
split_feature=0 10 7 9 10 10 10
split_gain=1.37514 2.4964 1.76118 1.646 1.63467 1.61355 2.23479
threshold=-0.027224269494409144 -0.0060493286934151782 -0.0027092183158689549 0.19061694884868099 -0.0012922335739780075 0.0091157700665586167 0.0020115894720359466
decision_type=2 2 2 8 2 2 2
left_child=-1 -2 3 5 -4 6 -3
right_child=1 2 4 -5 -6 -7 -8
leaf_value=-0.00017610581089175248 0.00011685072466712829 2.54430514986222e-05 -6.582478498312421e-05 -0.00012200488147437843 5.2407760545490472e-05 4.4917204881019624e-05 -0.0002085512754628493
leaf_weight=34 106 73 82 69 304 28 46
leaf_count=34 106 73 82 69 304 28 46
internal_value=-0.000471698 0 -0.00124585 -0.00486111 0.000777202 -0.00187075 -0.00441176
internal_weight=742 708 602 216 386 147 119
internal_count=742 708 602 216 386 147 119
is_linear=0
shrinkage=0.05


Tree=23
num_leaves=8
num_cat=0
split_feature=3 3 16 6 3 14 14
split_gain=1.21566 1.17962 1.41914 1.68476 1.30614 1.75897 1.45541
threshold=0.011398087845656992 -0.0027822668707039862 -0.0024271822667776273 -0.56395271108909528 -0.0021768249113087164 -0.077913276979976895 -0.05546753287916955
decision_type=2 2 2 2 2 2 2
left_child=1 2 3 -1 -3 -6 -7
right_child=-2 4 -4 -5 5 6 -8
leaf_value=0.00015685649309875422 -7.1557289988567752e-05 0.00015048962477744144 -9.8490756369235691e-05 -5.9438010976668558e-05 0.00020647384078823026 -6.3977185389817783e-05 1.6176865742514088e-05
leaf_weight=25 51 28 108 84 35 35 385
leaf_count=25 51 28 108 84 35 35 385
internal_value=9.98668e-05 0.000642857 -0.00241935 0.0016055 0.00201863 0.00137363 0.00047619
internal_weight=751 700 217 109 483 455 420
internal_count=751 700 217 109 483 455 420
is_linear=0
shrinkage=0.05


Tree=24
num_leaves=8
num_cat=0
split_feature=0 3 10 10 10 3 14
split_gain=1.54704 1.60465 1.31272 0.994963 2.32908 1.90844 1.33333
threshold=-0.027224269494409144 0.011024773792147837 0.0095885339556018873 -0.0060493286934151782 -0.0048383307689184299 -0.00695279203357163 0.065842641676127869
decision_type=2 2 2 2 2 2 2
left_child=-1 3 -3 6 -5 -6 -2
right_child=1 2 -4 4 5 -7 -8
leaf_value=-0.00027615220603658763 0.00012527478087289779 -0.00029120024855570291 8.2110732151265441e-06 -0.00034586912406120565 -0.00018055463621536916 2.3691800198719495e-05 4.0897392695524175e-05
leaf_weight=37 32 27 26 30 53 480 64
leaf_count=37 32 27 26 30 53 480 64
internal_value=-0.000166889 0.000351124 -0.00801887 0.00102428 0.000222025 0.000984991 0.00572917
internal_weight=749 712 53 659 563 533 96
internal_count=749 712 53 659 563 533 96
is_linear=0
shrinkage=0.05


Tree=25
num_leaves=8
num_cat=0
split_feature=3 8 12 3 5 7 9
split_gain=1.20016 1.50451 1.57378 1.16176 1.48871 1.31279 0.968368
threshold=0.011024773792147837 -0.0582493619142802 -0.026522918814270154 -0.010945760218970089 0.018380117063512624 -0.032637853754739536 0.056269880031901039
decision_type=2 10 2 2 2 2 8
left_child=1 3 -3 -1 5 -5 -4
right_child=-2 2 6 4 -6 -7 -8
leaf_value=-0.00026234459573475826 -8.3078369811670849e-05 7.9461644649090962e-05 3.8168131408535242e-05 8.4250263111317586e-06 9.6411417537767621e-05 -0.00036647644562484515 -2.7085514281885785e-06
leaf_weight=35 56 29 172 46 25 27 367
leaf_count=35 56 29 172 46 25 27 367
internal_value=-9.90753e-05 0.000463623 0.00158451 -0.00432331 -0.00153061 -0.00513699 0.000974026
internal_weight=757 701 568 133 98 73 539
internal_count=757 701 568 133 98 73 539
is_linear=0
shrinkage=0.05


Tree=26
num_leaves=8
num_cat=0
split_feature=2 15 6 6 10 11 11
split_gain=1.47101 1.4941 1.26667 1.31372 1.37727 1.30666 2.30332
threshold=-0.023608439823000812 -0.0022134531198421121 1.443464939440837 0.073737044923926062 0.0080340487242571718 -0.0082927789735435225 0.0032511788494672404
decision_type=2 2 2 2 2 2 2
left_child=1 -1 3 5 -5 -2 -7
right_child=2 -3 -4 4 -6 6 -8
leaf_value=-0.00014571396884356148 0.00022967212962003627 6.6505601328697463e-06 -6.1827488558853424e-05 3.3688404972478241e-05 0.00020881119497297162 -0.00020855474887672673 3.0535399360703298e-05
leaf_weight=104 39 138 51 115 26 77 187
leaf_count=104 39 138 51 115 26 77 187
internal_value=0.00050882 -0.00268595 0.00207071 0.00292793 0.00691489 0.00107261 -0.000189394
internal_weight=737 242 495 444 141 303 264
internal_count=737 242 495 444 141 303 264
is_linear=0
shrinkage=0.05


end of trees

feature_importances:
overnight_gap=24
atr_pct=24
dvol_z_20=22
spy_ret_1d=18
dist_ma200=16
dist_ma50=14
sector_ret_5d=11
ret_1d=10
dist_ma20=8
vix_chg_1d=8
spy_ret_5d=7
vix_level=6
parkinson_20=5
ret_5d=4
ret_20d=4
spy_ret_20d=4
sector_ret_1d=4

parameters:
[boosting: gbdt]
[objective: quantile]
[metric: quantile]
[tree_learner: serial]
[device_type: cpu]
[data_sample_strategy: bagging]
[data: ]
[valid: ]
[num_iterations: 80]
[learning_rate: 0.05]
[num_leaves: 8]
[num_threads: 1]
[seed: 0]
[deterministic: 0]
[force_col_wise: 1]
[force_row_wise: 0]
[histogram_pool_size: -1]
[max_depth: -1]
[min_data_in_leaf: 25]
[min_sum_hessian_in_leaf: 0.001]
[bagging_fraction: 0.9]
[pos_bagging_fraction: 1]
[neg_bagging_fraction: 1]
[bagging_freq: 1]
[bagging_seed: 3]
[bagging_by_query: 0]
[feature_fraction: 0.9]
[feature_fraction_bynode: 1]
[feature_fraction_seed: 2]
[extra_trees: 0]
[extra_seed: 6]
[early_stopping_round: 0]
[early_stopping_min_delta: 0]
[first_metric_only: 0]
[max_delta_step: 0]
[lambda_l1: 0]
[lambda_l2: 0]
[linear_lambda: 0]
[min_gain_to_split: 0]
[drop_rate: 0.1]
[max_drop: 50]
[skip_drop: 0.5]
[xgboost_dart_mode: 0]
[uniform_drop: 0]
[drop_seed: 4]
[top_rate: 0.2]
[other_rate: 0.1]
[min_data_per_group: 100]
[max_cat_threshold: 32]
[cat_l2: 10]
[cat_smooth: 10]
[max_cat_to_onehot: 4]
[top_k: 20]
[monotone_constraints: ]
[monotone_constraints_method: basic]
[monotone_penalty: 0]
[feature_contri: ]
[forcedsplits_filename: ]
[refit_decay_rate: 0.9]
[cegb_tradeoff: 1]
[cegb_penalty_split: 0]
[cegb_penalty_feature_lazy: ]
[cegb_penalty_feature_coupled: ]
[path_smooth: 0]
[interaction_constraints: ]
[verbosity: -1]
[saved_feature_importance_type: 0]
[use_quantized_grad: 0]
[num_grad_quant_bins: 4]
[quant_train_renew_leaf: 0]
[stochastic_rounding: 1]
[linear_tree: 0]
[max_bin: 255]
[max_bin_by_feature: ]
[min_data_in_bin: 3]
[bin_construct_sample_cnt: 200000]
[data_random_seed: 1]
[is_enable_sparse: 1]
[enable_bundle: 1]
[use_missing: 1]
[zero_as_missing: 0]
[feature_pre_filter: 1]
[pre_partition: 0]
[two_round: 0]
[header: 0]
[label_column: ]
[weight_column: ]
[group_column: ]
[ignore_column: ]
[categorical_feature: ]
[forcedbins_filename: ]
[precise_float_parser: 0]
[parser_config_file: ]
[objective_seed: 5]
[num_class: 1]
[is_unbalance: 0]
[scale_pos_weight: 1]
[sigmoid: 1]
[boost_from_average: 1]
[reg_sqrt: 0]
[alpha: 0.5]
[fair_c: 1]
[poisson_max_delta_step: 0.7]
[tweedie_variance_power: 1.5]
[lambdarank_truncation_level: 30]
[lambdarank_norm: 1]
[label_gain: ]
[lambdarank_position_bias_regularization: 0]
[eval_at: ]
[multi_error_top_k: 1]
[auc_mu_weights: ]
[num_machines: 1]
[local_listen_port: 12400]
[time_out: 120]
[machine_list_filename: ]
[machines: ]
[gpu_platform_id: -1]
[gpu_device_id: -1]
[gpu_device_id_list: ]
[gpu_use_dp: 0]
[num_gpu: 1]

end of parameters

pandas_categorical:[]
