tree
version=v4
num_class=1
num_tree_per_iteration=1
label_index=0
max_feature_idx=16
objective=quantile
feature_names=ret_1d ret_5d ret_20d overnight_gap atr_pct parkinson_20 dvol_z_20 dist_ma20 dist_ma50 dist_ma200 spy_ret_1d spy_ret_5d spy_ret_20d vix_level vix_chg_1d sector_ret_1d sector_ret_5d
feature_infos=[-0.13934692551376815:0.1180825025371619] [-0.16640955461557605:0.097217912917571647] [-0.20882433543436563:0.15436734232962546] [-0.082895570209753799:0.072136507612138523] [0.011656361602707161:0.052679818422253319] [0.0074108761572428119:0.028962562884542811] [-2.0129072013679066:4.0816145167208306] [-0.15949562712935972:0.089594732950914135] [-0.19658008155544326:0.15658512572095962] [-0.28182796669338395:0.29712809384614514] [-0.058542947643003718:0.10501933612632941] [-0.11496158439845272:0.082843216242346029] [-0.12265592443394913:0.15756596870864792] [11.859999656677246:52.330001831054688] [-0.35753873962348437:0.74039073966007019] [-0.06285260230433054:0.088816354578251211] [-0.11675897124649115:0.08529462291702461]
tree_sizes=840 866 859 859 863 848 860 861 863 858 855 862 867 863 871 868 874

Tree=0
num_leaves=8
num_cat=0
split_feature=12 1 9 7 7 9 15
split_gain=0.904472 1.33601 1.01428 1.60913 0.943429 0.7 0.537541
threshold=0.015576171273286367 0.012404987052802687 0.079897581819829547 -0.0078146803458198338 0.043187538218625095 -0.050934572909437474 -0.0031276691604917302
decision_type=2 2 8 2 2 10 2
left_child=1 2 3 -1 5 -3 -2
right_child=6 4 -4 -5 -6 -7 -8
leaf_value=0.0016340333806175757 0.0016410651167507514 0.0017584986003284786 0.0015187513102207916 0.0019570662548774819 0.0015128489787899102 0.0019481573738577619 0.0015389725186519699
leaf_weight=96 118 35 118 26 26 35 296
leaf_count=96 118 35 118 26 26 35 296
internal_value=0.00169242 0.0036198 0.00162575 0.00482247 0.00860492 0.0116258 0.000128167
internal_weight=750 336 240 122 96 70 414
internal_count=750 336 240 122 96 70 414
is_linear=0
shrinkage=1


Tree=1
num_leaves=8
num_cat=0
split_feature=11 0 1 12 7 1 2
split_gain=0.978809 1.48905 0.499868 0.988705 0.949667 0.903187 0.882283
threshold=-0.020171836765592806 -0.011468995186917073 -0.0019423479943614928 0.0048491469985487709 -0.01246756193514603 0.0016681614210748432 -0.014504206667984463
decision_type=2 2 2 2 2 2 2
left_child=1 -1 -2 4 -4 -5 -6
right_child=2 -3 3 5 6 -7 -8
leaf_value=0.00031051936442772344 -8.0504411589161516e-05 -1.9362556090659627e-05 -0.00021694907283072455 0.00021163193434030138 0.00028024772825044624 -6.9449244048660084e-05 3.7556859607325023e-05
leaf_weight=34 256 42 27 29 28 285 33
leaf_count=34 256 42 27 29 28 285 33
internal_value=-0.000504088 0.00486842 -0.00112462 -2.48768e-05 0.00465909 -0.00133758 0.00811475
internal_weight=734 76 658 402 88 314 61
internal_count=734 76 658 402 88 314 61
is_linear=0
shrinkage=0.05


Tree=2
num_leaves=8
num_cat=0
split_feature=11 0 0 9 14 9 7
split_gain=1.13415 1.82788 0.774097 0.518057 0.547381 1.03934 0.452986
threshold=-0.023324980459216712 -0.010354232299835174 0.021090257078339673 -0.12538006177335762 0.083812216488613714 0.089975909908356591 0.031066676113764128
decision_type=2 2 2 8 2 8 2
left_child=1 -1 3 -2 6 -6 -5
right_child=2 -3 -4 4 5 -7 -8
leaf_value=0.00027298123313324469 0.0003012391222634979 -2.0284828815667367e-05 0.00011741249169644112 -1.8502708827604864e-05 -0.00019840862698504598 0.00025677775197631306 -0.00014190570601513216
leaf_weight=29 35 31 40 450 27 25 112
leaf_count=29 35 31 40 450 27 25 112
internal_value=7.343e-05 0.00666667 -0.000500727 -0.000916796 -0.00125407 0.00365384 -0.00170819
internal_weight=749 60 689 649 614 52 562
internal_count=749 60 689 649 614 52 562
is_linear=0
shrinkage=0.05


Tree=3
num_leaves=8
num_cat=0
split_feature=6 13 9 4 11 13 14
split_gain=0.995491 2.02965 0.658511 1.84264 0.729532 0.653711 0.455402
threshold=1.3082886081633076 18.444999694824222 0.018584280362655584 0.017575593388509888 0.025734816417073651 15.654999732971193 0.068214198873392098
decision_type=2 2 8 2 2 2 2
left_child=2 -2 3 -1 6 -5 -4
right_child=1 -3 4 5 -6 -7 -8
leaf_value=0.00029743564791667341 -2.2063409763661399e-05 0.00019861464176675492 -0.00010534990140905094 -0.00029934926440666125 0.00022842999243618932 3.3559802774490805e-05 7.7601182200880608e-05
leaf_weight=31 53 25 335 55 35 158 51
leaf_count=31 53 25 335 55 35 158 51
internal_value=-8.74844e-05 0.00525641 -0.000714287 0.00135246 -0.00191212 -0.000305166 -0.00253886
internal_weight=743 78 665 244 421 213 386
internal_count=743 78 665 244 421 213 386
is_linear=0
shrinkage=0.05


Tree=4
num_leaves=8
num_cat=0
split_feature=15 9 4 14 14 13 6
split_gain=0.875582 0.854035 1.13624 0.632509 0.614603 0.455221 0.502374
threshold=-0.015757736986787282 0.018584280362655584 0.017575593388509888 0.090336443973437111 -0.077913276979976895 15.654999732971193 -0.26324081100282198
decision_type=2 8 2 2 2 2 2
left_child=-1 2 -2 4 -3 -4 -7
right_child=1 3 5 -5 -6 6 -8
leaf_value=0.0002195424783222915 0.00025570919228552351 0.00017489988546314341 -0.00019220111327791301 0.00015082855251133024 -7.4677344308383145e-05 -1.1789450713193149e-05 0.00011618475117223696
leaf_weight=36 32 32 69 29 392 81 75
leaf_count=36 32 32 69 29 392 81 75
internal_value=-0.00010724 -0.000492959 0.00180934 -0.00179912 -0.00228774 0.000555554 0.00205128
internal_weight=746 710 257 453 424 225 156
internal_count=746 710 257 453 424 225 156
is_linear=0
shrinkage=0.05


Tree=5
num_leaves=8
num_cat=0
split_feature=11 6 1 8 0 3 14
split_gain=1.1658 1.24918 0.534679 1.23397 1.08328 0.6898 0.587663
threshold=-0.020171836765592806 0.6376123809011901 -0.0015678672759105725 0.0093643798825064923 0.0026634603579778209 0.0028340491824109253 0.03406338940495391
decision_type=2 2 2 8 2 2 2
left_child=1 -1 -2 4 -4 -6 -5
right_child=2 -3 3 6 5 -7 -8
leaf_value=6.2242426342474553e-05 -7.7851952444235186e-05 0.00035248196413189539 -4.0960441319424433e-05 -7.7100307616783653e-05 0.00031156521555646697 8.9632459257717696e-05 4.7744271905966393e-05
leaf_weight=54 268 25 47 227 34 29 53
leaf_count=54 268 25 47 227 34 29 53
internal_value=2.03516e-05 0.00575949 -0.000668694 0.000512819 0.005 0.00928571 -0.00125
internal_weight=737 79 658 390 110 63 280
internal_count=737 79 658 390 110 63 280
is_linear=0
shrinkage=0.05


Tree=6
num_leaves=8
num_cat=0
split_feature=11 0 9 0 12 7 14
split_gain=0.600493 0.990693 0.469295 1.05079 0.845648 1.12768 0.662922
threshold=-0.020171836765592806 -0.011468995186917073 0.022516102850651979 0.018263358249010268 0.016092642436075003 0.010569627737467615 0.090336443973437111
decision_type=2 2 8 2 2 2 2
left_child=1 -1 3 4 5 -2 -4
right_child=2 -3 6 -5 -6 -7 -8
leaf_value=0.00025591637392299166 -5.120024371245357e-05 -1.603806912647239e-05 -5.8613730144645824e-05 8.2896777478705291e-05 -6.8164745291717874e-05 0.00026180722631711188 0.00013853185832986222
leaf_weight=36 57 47 398 25 131 25 27
leaf_count=36 57 47 398 25 131 25 27
internal_value=2.68085e-05 0.00403614 -0.000475114 0.00130252 0.000164318 0.00414634 -0.00147059
internal_weight=746 83 663 238 213 82 425
internal_count=746 83 663 238 213 82 425
is_linear=0
shrinkage=0.05


Tree=7
num_leaves=8
num_cat=0
split_feature=14 6 9 12 7 0 0
split_gain=0.628251 1.63333 0.860747 0.933696 1.14603 0.760556 0.417784
threshold=0.083812216488613714 -0.21556621766613551 0.10256373209404325 0.011595821830406862 0.0038564159657483725 -0.0038320882594081724 0.0065662785860267645
decision_type=2 2 8 2 2 2 2
left_child=2 -2 3 4 5 -1 -4
right_child=1 -3 6 -5 -6 -7 -8
leaf_value=8.8254952224607608e-05 -9.0764776555114267e-05 0.00022621713565932171 -0.00015933461424313757 -2.2803929857661686e-05 0.00024660286046435272 -7.7430741892445869e-05 -1.6184777219928956e-05
leaf_weight=40 32 48 183 258 36 50 98
leaf_count=40 32 48 183 258 36 50 98
internal_value=-0.000436243 0.00375 -0.000939851 0.000598957 0.00412698 0.00111111 -0.00304271
internal_weight=745 80 665 384 126 90 281
internal_count=745 80 665 384 126 90 281
is_linear=0
shrinkage=0.05


Tree=8
num_leaves=8
num_cat=0
split_feature=13 7 0 9 4 12 4
split_gain=0.65175 0.946713 0.798434 0.569854 0.858325 0.557184 0.537965
threshold=19.880000114440922 -0.0047318545065923581 -0.010943457902368279 0.018584280362655584 0.017575593388509888 0.0033715078329863428 0.024101973996371144
decision_type=2 2 2 8 2 2 2
left_child=3 2 -2 4 -1 -3 -6
right_child=1 5 -4 -5 6 -7 -8
leaf_value=0.00023509687449267582 0.00019019144721108347 0.00024886277435957096 -6.5570763079063463e-05 -3.7147956934690412e-05 2.7298560301280241e-05 0.00021126694973991266 -0.00018164701041006789
leaf_weight=28 31 28 65 411 132 26 43
leaf_count=28 31 28 65 411 132 26 43
internal_value=-0.000287959 0.00266667 -0.000312501 -0.00100977 0.00115763 0.00796296 -0.000142858
internal_weight=764 150 96 614 203 54 175
internal_count=764 150 96 614 203 54 175
is_linear=0
shrinkage=0.05


Tree=9
num_leaves=8
num_cat=0
split_feature=9 14 12 7 4 12 9
split_gain=0.86987 0.978758 0.799418 0.723197 0.784809 0.600025 0.51265
threshold=0.10457069258318209 0.082777995482000835 0.015576171273286367 -0.014349770303018981 0.022290419951577524 -0.046452019388258541 0.0081046396660476878
decision_type=8 2 2 2 2 2 10
left_child=2 -2 3 5 6 -1 -5
right_child=1 -3 -4 4 -6 -7 -8
leaf_value=0.00024462138231337349 -0.00010096153908725709 0.00017319737912701644 -1.4522588660093641e-05 0.00057426656170004567 1.0734857937049891e-06 -0.00013263252444802558 0.00016957286165582712
leaf_weight=25 271 25 260 27 40 68 28
leaf_count=25 271 25 260 27 40 68 28
internal_value=-0.000362904 -0.00246622 0.00102678 0.00351064 0.00657895 0.000376343 0.0104545
internal_weight=744 296 448 188 95 93 55
internal_count=744 296 448 188 95 93 55
is_linear=0
shrinkage=0.05


Tree=10
num_leaves=8
num_cat=0
split_feature=14 6 8 7 0 4 2
split_gain=0.738221 1.50439 1.03179 1.59047 1.11746 0.788581 0.785455
threshold=0.083812216488613714 -0.21556621766613551 0.011950528960848918 -0.014349770303018981 0.0061561660081336242 0.021032374822313227 -0.0043422097684394636
decision_type=2 2 8 2 2 2 2
left_child=2 -2 3 -1 5 -5 -6
right_child=1 -3 -4 4 6 -7 -8
leaf_value=-4.977704320880966e-05 -8.6125500383886554e-05 0.00019578540793756288 -8.4069890217220304e-05 -8.2896382631600423e-05 0.00025939496427385199 0.00023667448371710281 0.0003002386073653945
leaf_weight=144 28 48 375 69 25 30 30
leaf_count=144 28 48 375 69 25 30 30
internal_value=-0.000460615 0.00421053 -0.000988114 0.00120805 0.00474026 0.00156566 0.0104545
internal_weight=749 76 673 298 154 99 55
internal_count=749 76 673 298 154 99 55
is_linear=0
shrinkage=0.05


Tree=11
num_leaves=8
num_cat=0
split_feature=11 0 9 14 4 6 11
split_gain=0.847344 0.796605 0.459244 0.67124 0.584723 0.487409 0.483391
threshold=-0.020171836765592806 -0.011468995186917073 0.10457069258318209 0.075303566395644742 0.016748507175011394 0.53282963323614241 0.025734816417073651
decision_type=2 2 8 2 2 2 2
left_child=1 -1 4 6 5 -2 -4
right_child=2 -3 3 -5 -6 -7 -8
leaf_value=0.00020299134133278649 0.00018226701674179662 1.0387537152782548e-06 -0.00012058330129799605 6.4351536049450319e-05 -1.1089198734736304e-05 -1.5966669232562585e-05 8.7057496650406311e-05
leaf_weight=33 52 49 224 25 310 29 25
leaf_count=33 52 49 224 25 310 29 25
internal_value=-0.000649265 0.00414634 -0.0012406 -0.00281022 -0.000140666 0.00364197 -0.00359438
internal_weight=747 82 665 274 391 81 249
internal_count=747 82 665 274 391 81 249
is_linear=0
shrinkage=0.05


Tree=12
num_leaves=8
num_cat=0
split_feature=13 0 12 16 8 16 8
split_gain=0.978714 0.614852 0.538188 0.29947 0.962224 0.448024 0.530725
threshold=19.880000114440922 -0.010943457902368279 -0.01116014011506866 0.0024025840172502426 -0.032950740473844824 0.0086842402749836029 0.030342196290602755
decision_type=2 2 2 2 8 2 10
left_child=3 -2 -3 -1 -5 6 -6
right_child=1 2 -4 4 5 -7 -8
leaf_value=-5.1196215435812225e-05 0.00016534191105697723 -0.00012967050396424755 0.00022321312884051754 0.00026736490320094987 7.2602893677045256e-05 -6.8600069763218233e-05 -4.4490559133159907e-05
leaf_weight=243 41 54 44 25 48 240 39
leaf_count=243 41 54 44 25 48 240 39
internal_value=-0.000504088 0.00327338 0.00112245 -0.00138656 -0.000454547 -0.00117737 0.00189655
internal_weight=734 139 98 595 352 327 87
internal_count=734 139 98 595 352 327 87
is_linear=0
shrinkage=0.05


Tree=13
num_leaves=8
num_cat=0
split_feature=13 15 7 16 1 7 7
split_gain=0.900578 0.742295 1.12169 0.823452 0.530155 0.440526 0.707626
threshold=19.880000114440922 0.0052165568601559862 -0.0047318545065923581 -0.017389515781059958 0.0531435835798948 0.031066676113764128 0.022291930168982791
decision_type=2 2 2 2 2 2 2
left_child=4 2 3 -2 5 6 -1
right_child=1 -3 -4 -5 -6 -7 -8
leaf_value=-1.8525506596633383e-05 0.00016171377152763701 -3.5289641871065278e-05 0.00025090034830936564 -0.00013335366998013797 5.0374661300610872e-05 -0.00010893147392998612 0.00011549179251860839
leaf_weight=409 44 48 29 25 36 102 52
leaf_count=409 44 48 29 25 36 102 52
internal_value=-0.000302015 0.00321918 0.00571428 0.00224638 -0.00116027 -0.00153641 -0.000878526
internal_weight=745 146 98 69 599 563 461
internal_count=745 146 98 69 599 563 461
is_linear=0
shrinkage=0.05


Tree=14
num_leaves=8
num_cat=0
split_feature=15 8 11 15 8 1 14
split_gain=0.860331 1.72073 1.03112 0.65156 0.647385 1.38079 1.01021
threshold=-0.0046619879013919943 0.042684125506220923 -0.023775986944761848 -0.006772835366344653 0.026541697270179524 -0.0015678672759105725 -0.067583665573298909
decision_type=2 10 2 2 8 2 2
left_child=1 2 -1 -4 5 -2 -7
right_child=4 -3 3 -5 -6 6 -8
leaf_value=0.00010925277992242229 -5.5020632962226129e-05 0.00014291455259928473 -0.00010528750627956364 7.5232885917876359e-05 -8.153427750677698e-05 0.00033173598953485553 7.2385014338600923e-05
leaf_weight=27 149 25 90 44 237 25 122
leaf_count=27 149 25 90 44 237 25 122
internal_value=-0.000132129 0.0027957 0.00090062 -0.000895524 -0.00115385 0.000405404 0.00384354
internal_weight=719 186 161 134 533 296 147
internal_count=719 186 161 134 533 296 147
is_linear=0
shrinkage=0.05


Tree=15
num_leaves=8
num_cat=0
split_feature=10 8 1 11 16 10 2
split_gain=0.510314 0.832341 1.26657 0.978321 1.23883 0.775641 0.619349
threshold=0.0011106399623194154 0.025716017791352023 -0.0015678672759105725 0.027231937128701426 0.0028053021421496909 0.0063549494884102007 0.063919617293201295
decision_type=2 10 2 2 2 2 2
left_child=6 2 -2 4 -4 -6 -1
right_child=1 -3 3 -5 5 -7 -8
leaf_value=-5.5864599428805739e-07 -5.7690648403957654e-05 -0.00010513486938565402 -8.5287186738148258e-05 -0.00011470228042220648 0.00013974477746659975 0.00032273236856825041 0.00010462452566453738
leaf_weight=317 98 151 29 33 25 27 63
leaf_count=317 98 151 29 33 25 27 63
internal_value=-0.000491253 -0.00183196 0.000188678 0.00377193 0.00672839 0.0113462 0.000789472
internal_weight=743 363 212 114 81 52 380
internal_count=743 363 212 114 81 52 380
is_linear=0
shrinkage=0.05


Tree=16
num_leaves=8
num_cat=0
split_feature=15 0 1 12 1 15 4
split_gain=0.685686 0.799569 0.467283 0.880093 0.996328 0.742914 0.661038
threshold=-0.012931670602125077 0.021090257078339673 -0.0015678672759105725 0.0048491469985487709 0.0016681614210748432 -0.0031276691604917302 0.021445917194229277
decision_type=2 2 2 2 2 2 2
left_child=-1 2 5 6 -5 -2 -4
right_child=1 -3 3 4 -6 -7 -8
leaf_value=0.00010518576003141681 5.013315283429148e-06 6.0226092767459014e-05 0.00019917991145229389 0.00023675638444149556 -5.9760116146365865e-05 -0.00010626006554103731 -3.614668534575936e-05
leaf_weight=54 120 47 43 27 261 172 33
leaf_count=54 120 47 43 27 261 172 33
internal_value=-0.000244387 -0.000661452 -0.00111281 8.24164e-05 -0.00118056 -0.00260274 0.00486842
internal_weight=757 703 656 364 288 292 76
internal_count=757 703 656 364 288 292 76
is_linear=0
shrinkage=0.05


end of trees

feature_importances:
ret_1d=13
dist_ma20=12
dist_ma200=12
vix_chg_1d=11
ret_5d=9
spy_ret_5d=9
spy_ret_20d=9
atr_pct=8
dist_ma50=7
sector_ret_1d=7
dvol_z_20=6
vix_level=6
sector_ret_5d=4
ret_20d=3
spy_ret_1d=2
overnight_gap=1

parameters:
[boosting: gbdt]
[objective: quantile]
[metric: quantile]
[tree_learner: serial]
[device_type: cpu]
[data_sample_strategy: bagging]
[data: ]
[valid: ]
[num_iterations: 80]
[learning_rate: 0.05]
[num_leaves: 8]
[num_threads: 1]
[seed: 0]
[deterministic: 0]
[force_col_wise: 1]
[force_row_wise: 0]
[histogram_pool_size: -1]
[max_depth: -1]
[min_data_in_leaf: 25]
[min_sum_hessian_in_leaf: 0.001]
[bagging_fraction: 0.9]
[pos_bagging_fraction: 1]
[neg_bagging_fraction: 1]
[bagging_freq: 1]
[bagging_seed: 3]
[bagging_by_query: 0]
[feature_fraction: 0.9]
[feature_fraction_bynode: 1]
[feature_fraction_seed: 2]
[extra_trees: 0]
[extra_seed: 6]
[early_stopping_round: 0]
[early_stopping_min_delta: 0]
[first_metric_only: 0]
[max_delta_step: 0]
[lambda_l1: 0]
[lambda_l2: 0]
[linear_lambda: 0]
[min_gain_to_split: 0]
[drop_rate: 0.1]
[max_drop: 50]
[skip_drop: 0.5]
[xgboost_dart_mode: 0]
[uniform_drop: 0]
[drop_seed: 4]
[top_rate: 0.2]
[other_rate: 0.1]
[min_data_per_group: 100]
[max_cat_threshold: 32]
[cat_l2: 10]
[cat_smooth: 10]
[max_cat_to_onehot: 4]
[top_k: 20]
[monotone_constraints: ]
[monotone_constraints_method: basic]
[monotone_penalty: 0]
[feature_contri: ]
[forcedsplits_filename: ]
[refit_decay_rate: 0.9]
[cegb_tradeoff: 1]
[cegb_penalty_split: 0]
[cegb_penalty_feature_lazy: ]
[cegb_penalty_feature_coupled: ]
[path_smooth: 0]
[interaction_constraints: ]
[verbosity: -1]
[saved_feature_importance_type: 0]
[use_quantized_grad: 0]
[num_grad_quant_bins: 4]
[quant_train_renew_leaf: 0]
[stochastic_rounding: 1]
[linear_tree: 0]
[max_bin: 255]
[max_bin_by_feature: ]
[min_data_in_bin: 3]
[bin_construct_sample_cnt: 200000]
[data_random_seed: 1]
[is_enable_sparse: 1]
[enable_bundle: 1]
[use_missing: 1]
[zero_as_missing: 0]
[feature_pre_filter: 1]
[pre_partition: 0]
[two_round: 0]
[header: 0]
[label_column: ]
[weight_column: ]
[group_column: ]
[ignore_column: ]
[categorical_feature: ]
[forcedbins_filename: ]
[precise_float_parser: 0]
[parser_config_file: ]
[objective_seed: 5]
[num_class: 1]
[is_unbalance: 0]
[scale_pos_weight: 1]
[sigmoid: 1]
[boost_from_average: 1]
[reg_sqrt: 0]
[alpha: 0.9]
[fair_c: 1]
[poisson_max_delta_step: 0.7]
[tweedie_variance_power: 1.5]
[lambdarank_truncation_level: 30]
[lambdarank_norm: 1]
[label_gain: ]
[lambdarank_position_bias_regularization: 0]
[eval_at: ]
[multi_error_top_k: 1]
[auc_mu_weights: ]
[num_machines: 1]
[local_listen_port: 12400]
[time_out: 120]
[machine_list_filename: ]
[machines: ]
[gpu_platform_id: -1]
[gpu_device_id: -1]
[gpu_device_id_list: ]
[gpu_use_dp: 0]
[num_gpu: 1]

end of parameters

pandas_categorical:[]
