tree
version=v4
num_class=1
num_tree_per_iteration=1
label_index=0
max_feature_idx=16
objective=quantile
feature_names=ret_1d ret_5d ret_20d overnight_gap atr_pct parkinson_20 dvol_z_20 dist_ma20 dist_ma50 dist_ma200 spy_ret_1d spy_ret_5d spy_ret_20d vix_level vix_chg_1d sector_ret_1d sector_ret_5d
feature_infos=[-0.38605232176990201:0.32812510984830778] [-0.42533683607728379:0.4306306581239443] [-0.55919169116950818:0.60722982721296792] [-0.35876827560830882:0.25105284962204255] [0.020941023204936338:0.11246763822638989] [0.013747462105589173:0.046665878118446857] [-2.0786976467877945:4.3024956082201191] [-0.34988920932151746:0.44638450709595667] [-0.45974887559006605:0.42023097715337077] [-0.56085572099420156:0.40226765498982875] [-0.058542971330535654:0.10501930183911301] [-0.11496151859245618:0.082843162776128354] [-0.1226559005192206:0.15756591020035837] [11.859999656677246:52.330001831054688] [-0.35753873962348437:0.74039073966007019] [-0.057278671698730466:0.088354822396671695] [-0.10755366959955526:0.081588045068032633]
tree_sizes=829 856 855 863 859 853 876 865 861 859 868 860 857 875 856 874 855 873 874 870 867 859 865 865 861 870 869 868 856 866 861 872 866 861 863 872 869 877 868 873 867 874 875 860 865 872 866 870 872 868 862 867 859 869 863 862

Tree=0
num_leaves=8
num_cat=0
split_feature=10 2 12 14 8 4 4
split_gain=2.25291 1.43564 1.3948 0.665809 0.495775 0.494053 0.554659
threshold=0.011833675502069931 -0.026432007349798666 -0.052281358654850445 -0.069744182185856193 0.11684415947580452 0.032906639218329099 0.038847288142710414
decision_type=2 2 2 2 8 2 2
left_child=2 -2 -1 -4 5 -5 -7
right_child=1 -3 3 4 -6 6 -8
leaf_value=0.032379758286278794 0.033193793676728901 0.031628248155196291 0.032526976422675345 0.031058818422647572 0.03103028389717908 0.03174530819751635 0.031374224731132286
leaf_weight=26 26 29 49 164 105 127 212
leaf_count=26 26 29 49 164 105 127 212
internal_value=0.0313722 0.0411074 0.0305883 0.0301388 0.0296869 0.0303393 0.0314292
internal_weight=738 55 683 657 608 503 339
internal_count=738 55 683 657 608 503 339
is_linear=0
shrinkage=1


Tree=1
num_leaves=8
num_cat=0
split_feature=10 2 12 7 4 13 4
split_gain=1.90417 1.43567 0.900712 0.682338 0.615152 0.546738 1.39013
threshold=0.011166983386891373 -0.021097567683338755 -0.031709461576504387 -0.085883160822477309 0.033762852749707244 19.814999580383304 0.058238295889145843
decision_type=2 2 2 2 2 2 2
left_child=2 -2 3 -1 -4 -6 -7
right_child=1 -3 4 -5 5 6 -8
leaf_value=-2.5687399077488696e-05 0.0015452563560113776 4.7397718182833408e-05 -0.00049582367147704145 0.00047836335634054907 -0.00017646080491817497 0.00073784434666622923 -0.00068262712827401901
leaf_weight=34 27 31 219 39 301 46 28
leaf_count=34 27 31 219 39 301 46 28
internal_value=0.000103447 0.0087931 -0.000652175 0.00458904 -0.0012963 -6.66679e-05 0.00378378
internal_weight=725 58 667 73 594 375 74
internal_count=725 58 667 73 594 375 74
is_linear=0
shrinkage=0.05


Tree=2
num_leaves=8
num_cat=0
split_feature=12 14 8 7 6 1 1
split_gain=1.77503 0.957976 0.707843 0.643017 0.562284 0.707206 0.881789
threshold=-0.052281358654850445 -0.067583665573298909 -0.012093364870044475 -0.057231356122239278 2.7915234593314868 0.053617601944047417 0.043251742651848397
decision_type=2 2 10 2 2 2 2
left_child=-1 2 3 -2 5 6 -3
right_child=1 4 -4 -5 -6 -7 -8
leaf_value=0.0011853160042188382 0.00041390376044549561 -4.510159570258552e-05 -1.5087458521101384e-05 0.0036929224972911943 0.002312312055080366 -0.00056237627936138945 0.00046350546366486867
leaf_weight=28 25 459 34 26 26 112 25
leaf_count=28 25 459 34 26 26 112 25
internal_value=0.000510203 2.12152e-05 0.005 0.00872549 -0.000659165 -0.000973156 -0.000144629
internal_weight=735 707 85 51 622 596 484
internal_count=735 707 85 51 622 596 484
is_linear=0
shrinkage=0.05


Tree=3
num_leaves=8
num_cat=0
split_feature=10 7 12 6 14 11 11
split_gain=2.00896 1.16615 1.00576 2.09556 0.536987 0.497061 0.734418
threshold=0.011920444986762148 0.011712845002407992 -0.031709461576504387 -0.37353836220470943 -0.069744182185856193 0.016486261546334927 0.0090501537302478691
decision_type=2 2 2 2 2 2 2
left_child=2 -2 3 -1 -4 6 -6
right_child=1 -3 4 -5 5 -7 -8
leaf_value=0.00058433067127504313 0.0010639262063836432 6.9634289945857232e-05 0.00074067257970724938 -0.000506913418874575 -0.00045272438163428461 -0.00060205231576557564 0.00031272809897728998
leaf_weight=41 25 28 47 32 325 114 121
leaf_count=41 25 28 47 32 325 114 121
internal_value=-0.000225104 0.00915094 -0.000955884 0.00458904 -0.00162274 -0.00205357 -0.00130045
internal_weight=733 53 680 73 607 560 446
internal_count=733 53 680 73 607 560 446
is_linear=0
shrinkage=0.05


Tree=4
num_leaves=8
num_cat=0
split_feature=7 6 8 3 14 16 12
split_gain=1.08066 1.42337 1.20547 0.937144 0.882081 0.720256 0.618687
threshold=0.007299521735272819 -0.78909309686675677 0.020841499685265944 0.0046149916008496614 -0.0078859681506743256 -0.0063596058308162387 0.052078081173564612
decision_type=2 2 8 2 2 2 2
left_child=1 4 3 -3 -1 -5 -2
right_child=6 2 -4 5 -6 -7 -8
leaf_value=0.0011330693717712006 -0.0002636959525085674 -0.00034350103320497779 0.00068971644431431488 0.0011825946550361446 0.00018407611659487094 -0.00010085205710439241 0.00058877345375130835
leaf_weight=26 330 174 46 25 25 39 66
leaf_count=26 330 174 46 25 25 39 66
internal_value=-7.52406e-05 0.00201492 0.000633802 -0.000798321 0.00970588 0.004375 -0.00184344
internal_weight=731 335 284 238 51 64 396
internal_count=731 335 284 238 51 64 396
is_linear=0
shrinkage=0.05


Tree=5
num_leaves=8
num_cat=0
split_feature=11 10 10 11 6 7 6
split_gain=1.26472 1.04257 1.00882 0.586081 0.429605 0.483454 0.649008
threshold=-0.022310292973000797 0.010542457751089975 0.013536418677164265 -0.029337474403061222 2.3521128796378474 0.037001458639886249 -0.80587318576019273
decision_type=2 2 2 2 2 2 2
left_child=3 4 -3 -1 5 6 -2
right_child=1 2 -4 -5 -6 -7 -8
leaf_value=0.00019648720671557377 0.00039356783595330381 0.0010954660733463371 -7.4927637835939538e-05 0.0006958891449344479 0.00017825504271570616 -0.00048441525053753433 -0.00024150381104712235
leaf_weight=35 61 34 36 30 33 200 298
leaf_count=35 61 34 36 30 33 200 298
internal_value=-0.00011692 -0.000770394 0.005 0.00653846 -0.0014527 -0.00177997 -0.000682452
internal_weight=727 662 70 65 592 559 359
internal_count=727 662 70 65 592 559 359
is_linear=0
shrinkage=0.05


Tree=6
num_leaves=8
num_cat=0
split_feature=12 10 4 4 4 0 11
split_gain=1.23764 0.654763 0.412336 0.456808 0.413825 0.446409 0.865003
threshold=-0.052281358654850445 0.011920444986762148 0.029792932094523283 0.030560033724514695 0.033397145468599045 -1.0000000180025095e-35 0.015956065081224605
decision_type=2 2 2 2 2 2 2
left_child=-1 2 -2 -4 -5 -6 -7
right_child=1 -3 3 4 5 6 -8
leaf_value=0.00095157759369670118 -0.00045611840783521844 0.00024136848036647652 0.00036858247086498774 -0.00049561230432950234 -0.00018891269672291863 0.00040546684654968755 -0.00070164449601103993
leaf_weight=30 108 49 27 83 227 148 60
leaf_count=30 108 49 27 83 227 148 60
internal_value=5.46436e-05 -0.000370372 -0.000788669 -0.000229359 -0.000559847 5.74701e-05 0.00173077
internal_weight=732 702 653 545 518 435 208
internal_count=732 702 653 545 518 435 208
is_linear=0
shrinkage=0.05


Tree=7
num_leaves=8
num_cat=0
split_feature=12 9 14 6 10 6 7
split_gain=1.38728 0.706258 0.616033 1.35494 0.646002 0.619696 0.731067
threshold=-0.052281358654850445 0.1132536309956942 -0.013346627210452431 0.063595386008137397 -0.0088864082247278025 -0.3298494635433798 -0.0041871097830462048
decision_type=2 8 2 2 2 2 2
left_child=-1 2 3 5 -4 6 -2
right_child=1 -3 4 -5 -6 -7 -8
leaf_value=0.00094763196276997192 0.00061313790420672017 -0.00022454431166550929 5.3040016521424522e-05 0.0019508801169918493 -0.00039362578346507405 -0.00066698861108974107 -0.00042768321017627611
leaf_weight=29 40 334 40 40 184 35 27
leaf_count=29 40 334 40 40 184 35 27
internal_value=-0.000198904 -0.000642858 0.000874316 0.0034507 -0.00075893 0.000392156 0.00320895
internal_weight=729 700 366 142 224 102 67
internal_count=729 700 366 142 224 102 67
is_linear=0
shrinkage=0.05


Tree=8
num_leaves=8
num_cat=0
split_feature=10 7 11 14 0 1 15
split_gain=1.38146 1.12952 0.86747 0.699194 0.499203 0.726009 0.642966
threshold=0.011920444986762148 0.025443756232334972 -0.023324981642921735 0.029042436871193015 -1.0000000180025095e-35 0.019441908744197826 0.0025256448973308703
decision_type=2 2 2 2 2 2 2
left_child=2 -2 3 -1 -4 6 -6
right_child=1 -3 4 -5 5 -7 -8
leaf_value=-5.461858214823106e-05 0.0007106414910037261 1.8312500572203097e-05 -0.00024319109480931537 0.00050929058966083104 0.0007661218048092013 -0.00012906610071131526 1.8561541710977403e-05
leaf_weight=30 27 26 314 32 62 174 91
leaf_count=30 27 26 314 32 62 174 91
internal_value=0.000423279 0.00820755 -0.000163586 0.00548387 -0.00070983 0.000657491 0.00316993
internal_weight=756 53 703 62 641 327 153
internal_count=756 53 703 62 641 327 153
is_linear=0
shrinkage=0.05


Tree=9
num_leaves=8
num_cat=0
split_feature=4 11 0 4 13 10 14
split_gain=0.758564 0.782479 0.800455 0.705904 1.53263 0.820943 0.571347
threshold=0.037306360341973606 -0.0081164241286432719 -0.0074603770030866592 0.058238295889145843 19.23499965667725 0.010473454059921063 -0.023264351429904847
decision_type=2 2 2 2 2 2 2
left_child=1 2 -1 4 5 -2 -6
right_child=3 -3 -4 -5 6 -7 -8
leaf_value=-0.0003699586999748566 -0.000101660866065719 -0.00036986016559105726 0.0011090483708579161 -9.6576618541210443e-05 0.0040396835303041024 0.00080851964093735934 0.00019231638385064039
leaf_weight=32 174 299 27 103 28 25 43
leaf_count=32 174 299 27 103 28 25 43
internal_value=-0.00014364 -0.00178771 0.00347458 0.00143432 0.00277778 0.000527637 0.00908451
internal_weight=731 358 59 373 270 199 71
internal_count=731 358 59 373 270 199 71
is_linear=0
shrinkage=0.05


Tree=10
num_leaves=8
num_cat=0
split_feature=12 4 8 0 11 11 0
split_gain=0.946925 0.753402 0.634845 0.778559 0.955146 1.54561 0.662665
threshold=-0.052281358654850445 0.033397145468599045 0.14120733490325502 -1.0000000180025095e-35 0.015956065081224605 0.0090501537302478691 0.02673002847168449
decision_type=2 2 10 2 2 2 2
left_child=-1 -2 3 -3 5 6 -5
right_child=1 2 -4 4 -6 -7 -8
leaf_value=0.00033535042980339632 -0.00024905480783640651 -7.860751468837028e-05 -0.00077410755245780781 0.00029707381189050054 -0.0006343545470138491 0.00094425689081435314 -0.00021134031447678269
leaf_weight=30 233 218 49 76 65 40 34
leaf_count=30 233 218 49 76 65 40 34
internal_value=-0.000369129 -0.000734267 0.00039419 0.00100462 0.00313953 0.00533333 0.00227273
internal_weight=745 715 482 433 215 150 110
internal_count=745 715 482 433 215 150 110
is_linear=0
shrinkage=0.05


Tree=11
num_leaves=8
num_cat=0
split_feature=4 0 6 9 11 16 0
split_gain=0.589846 0.786269 0.879841 0.803769 0.686687 1.41609 0.844828
threshold=0.032906639218329099 0.00061835953386801823 1.0928761714116246 -0.47268464367126062 0.017632958734851271 0.0097414127555137692 0.017783450211946609
decision_type=2 2 2 8 2 2 2
left_child=-1 3 4 -2 5 -3 -7
right_child=1 2 -4 -5 -6 6 -8
leaf_value=-0.00019148995682878668 0.0012359728381928835 9.1660912983798297e-06 0.0036823862214505985 -0.00033427921054841631 -0.00073068223029525647 0.0009658800221251187 2.8090555133784922e-05
leaf_weight=216 37 110 32 227 54 29 29
leaf_count=216 37 110 32 227 54 29 29
internal_value=-2.72491e-05 0.00088803 0.00287401 -0.00102273 0.00175676 0.00333333 0.00965517
internal_weight=734 518 254 264 222 168 58
internal_count=734 518 254 264 222 168 58
is_linear=0
shrinkage=0.05


Tree=12
num_leaves=8
num_cat=0
split_feature=12 4 9 10 0 4 4
split_gain=0.976562 1.09142 0.506129 0.3623 0.594572 0.421864 0.585668
threshold=-0.031709461576504387 0.059125469746324294 -0.47641141842668183 -0.01378806518059311 -0.0086956680991044349 0.043546189496787055 0.04524781276857668
decision_type=2 2 8 2 2 2 2
left_child=1 -1 -2 -4 -5 -6 -7
right_child=2 -3 3 4 5 6 -8
leaf_value=0.00036561854841045399 0.0012478840453164996 -0.0001729246105053346 6.3348652812736923e-05 -0.00038408545625690513 -4.6229789663177303e-05 0.00054473538147182025 0.00028339915398853014
leaf_weight=47 28 33 26 175 301 25 85
leaf_count=47 28 33 26 175 301 25 85
internal_value=-0.000208335 0.005 -0.000859376 -0.00116013 -0.00141638 -0.00037713 0.00227273
internal_weight=720 80 640 612 586 411 110
internal_count=720 80 640 612 586 411 110
is_linear=0
shrinkage=0.05


Tree=13
num_leaves=8
num_cat=0
split_feature=12 10 0 10 13 1 14
split_gain=1.13027 0.507131 0.658267 0.61451 0.559096 0.524171 0.50488
threshold=-0.052281358654850445 -0.015213589282174643 -1.0000000180025095e-35 -0.00045040499871334955 19.814999580383304 0.012787454356171903 -0.012079756674524154
decision_type=2 2 2 2 2 2 2
left_child=-1 -2 6 5 -5 -4 -3
right_child=1 2 3 4 -6 -7 -8
leaf_value=0.00080447958506921463 5.2222084782202583e-05 4.7157169662923341e-05 0.00077958285983222931 -4.1505542891034445e-05 0.00084148911323051335 -6.3863237418810328e-05 -0.00042890668609515438
leaf_weight=27 27 102 41 245 33 38 220
leaf_count=27 27 102 41 245 33 38 220
internal_value=-0.000225104 -0.000609066 -0.00087629 0.00060224 -0.000503598 0.00449367 -0.00251553
internal_weight=733 706 679 357 278 79 322
internal_count=733 706 679 357 278 79 322
is_linear=0
shrinkage=0.05


Tree=14
num_leaves=8
num_cat=0
split_feature=12 7 14 16 13 6 13
split_gain=0.512798 1.05502 0.497467 0.8468 0.971782 0.52939 0.37382
threshold=-0.037333160893422583 -0.085883160822477309 -0.012079756674524154 0.018123261304577535 17.454999923706058 0.47198411037481297 14.030000209808351
decision_type=2 2 2 2 2 2 2
left_child=1 -1 3 6 5 -5 -2
right_child=2 -3 -4 4 -6 -7 -8
leaf_value=-0.00029440684385564485 4.2498210111834329e-05 0.00036775115673159031 -0.00014301599426706557 -0.00054090988094833892 0.0021529512250650861 0.00012724230096666436 -0.00015321279535795133
leaf_weight=29 45 34 374 38 25 25 154
leaf_count=29 45 34 374 38 25 25 154
internal_value=-0.000580112 0.00373016 -0.000990924 0.000574912 0.00465909 0.00134921 -0.00123116
internal_weight=724 63 661 287 88 63 199
internal_count=724 63 661 287 88 63 199
is_linear=0
shrinkage=0.05


Tree=15
num_leaves=8
num_cat=0
split_feature=12 10 14 16 13 12 10
split_gain=1.06167 0.609306 0.34879 0.399541 0.540851 0.586383 0.547177
threshold=-0.052281358654850445 -0.015213589282174643 -0.0087527259018278496 0.0064169003745545581 19.105000495910648 0.037776300760474342 0.010636898013684839
decision_type=2 2 2 2 2 2 2
left_child=-1 -2 3 -3 5 6 -5
right_child=1 2 -4 4 -6 -7 -8
leaf_value=0.00063716978469506775 6.4720915646343283e-05 -0.00012959839607160108 -0.00017726440491632476 -0.00042188062456687925 0.00056001015639792911 0.0006829925789216953 9.2401921517069993e-05
leaf_weight=29 26 139 343 91 27 44 25
leaf_count=29 26 139 343 91 27 44 25
internal_value=-0.000580112 -0.000971224 -0.00126308 -9.20257e-05 0.00141711 0.000312499 -0.00155173
internal_weight=724 695 669 326 187 160 116
internal_count=724 695 669 326 187 160 116
is_linear=0
shrinkage=0.05


Tree=16
num_leaves=8
num_cat=0
split_feature=3 4 8 12 10 11 11
split_gain=0.983394 0.608009 0.38994 0.476139 0.5 0.460714 1.27787
threshold=0.018954401511966593 0.043546189496787055 0.13927133927984051 0.052078081173564612 0.0017576086312266483 -0.0071962553700703471 -0.012158378577427352
decision_type=2 2 10 2 2 2 2
left_child=2 -2 3 5 -5 6 -1
right_child=1 -3 -4 4 -6 -7 -8
leaf_value=-0.00018027585871388548 3.0212972985118681e-05 0.0036229535146842769 -0.00043898094661172109 -0.00015717995245498868 0.0011068065443157354 -0.00016810324014102419 0.00026237176793040553
leaf_weight=117 27 28 57 25 25 413 45
leaf_count=117 27 28 57 25 25 413 45
internal_value=-0.000522389 0.00590909 -0.00104106 -0.000680001 0.004 -0.00108696 0.00117284
internal_weight=737 55 682 625 50 575 162
internal_count=737 55 682 625 50 575 162
is_linear=0
shrinkage=0.05


Tree=17
num_leaves=8
num_cat=0
split_feature=9 10 1 12 6 8 11
split_gain=0.823129 0.462093 0.543651 0.781474 0.597169 0.588948 0.612368
threshold=0.1132536309956942 -0.015213589282174643 -0.055973367546242485 -0.037333160893422583 1.0928761714116246 0.12251598735423598 0.0090501537302478691
decision_type=10 2 2 2 2 10 2
left_child=1 -1 -3 -4 5 6 -5
right_child=-2 2 3 4 -6 -7 -8
leaf_value=0.00011029432077315504 -0.00027754104663832609 -0.00024384875104074496 0.00057580601645928358 -0.00016140718868787069 0.001632487622732054 -0.00039237712109053318 0.00031445349574919887
leaf_weight=31 175 121 29 158 41 58 122
leaf_count=31 175 121 29 158 41 58 122
internal_value=-0.000578232 0.000357142 9.4506e-06 0.000882352 0.000277044 -0.000414202 0.000535713
internal_weight=735 560 529 408 379 338 280
internal_count=735 560 529 408 379 338 280
is_linear=0
shrinkage=0.05


Tree=18
num_leaves=8
num_cat=0
split_feature=8 15 12 12 9 15 14
split_gain=0.547225 0.46645 0.692765 0.503186 0.727971 1.22727 0.535704
threshold=0.12251598735423598 -0.0032554598780692996 -0.040334954813934058 0.018878621288125678 -0.38169466608152686 0.0026144911043516354 -0.060408912479391223
decision_type=10 2 2 2 10 2 2
left_child=1 -1 -3 6 5 -5 -4
right_child=-2 2 3 4 -6 -7 -8
leaf_value=-0.00016214522082042972 -0.00025309774783562408 0.00090962540065457013 0.00011493428978131939 0.0022438132739298943 -1.2790718326844709e-06 -0.00011720556547954523 -0.00026373649792009354
leaf_weight=198 87 31 51 25 156 30 155
leaf_count=198 87 31 51 25 156 30 155
internal_value=-0.000702593 -0.00020124 0.000691963 0.000155874 0.00187204 0.00681818 -0.00160194
internal_weight=733 646 448 417 211 55 206
internal_count=733 646 448 417 211 55 206
is_linear=0
shrinkage=0.05


Tree=19
num_leaves=8
num_cat=0
split_feature=11 11 8 15 9 12 13
split_gain=0.511239 0.903318 0.435164 0.403513 0.514872 0.675468 1.30505
threshold=-0.023324981642921735 -0.029337474403061222 0.13927133927984051 -0.0032554598780692996 0.1132536309956942 0.01698171514572289 17.454999923706058
decision_type=2 2 10 2 10 2 2
left_child=1 -1 3 -2 5 -5 -7
right_child=2 -3 -4 4 -6 6 -8
leaf_value=-0.00014689400770449981 -0.00020905599979076465 0.00050210542413999134 -0.00041773820091241135 -2.1401149943930255e-05 -0.00025647911179404521 0.00011405271567529409 0.0011206458789946451
leaf_weight=31 173 25 63 164 124 127 31
leaf_count=31 173 25 63 164 124 127 31
internal_value=-0.000663958 0.00392857 -0.00104106 -0.000638127 0.000156949 0.00121118 0.0035443
internal_weight=738 56 682 619 446 322 158
internal_count=738 56 682 619 446 322 158
is_linear=0
shrinkage=0.05


Tree=20
num_leaves=8
num_cat=0
split_feature=4 1 1 9 0 13 3
split_gain=0.483493 0.466604 1.41868 0.687043 0.777793 0.564533 0.485049
threshold=0.033397145468599045 0.019441908744197826 0.010319256854958493 -0.11334938826049849 -0.010401327789558821 17.355000495910648 -0.011140858153731113
decision_type=2 2 2 10 2 2 2
left_child=-1 2 3 5 -5 -2 -7
right_child=1 -3 -4 4 -6 6 -8
leaf_value=-0.00019214685079106976 -0.00029469372338995141 -7.8539452597280781e-05 0.00087119163648590218 -0.00037009110657577437 0.00063341529057250531 0.00021137756787364492 -4.0046260719965944e-05
leaf_weight=236 73 195 29 27 37 36 103
leaf_count=236 73 195 29 27 37 36 103
internal_value=-0.000380436 0.000499999 0.00172131 0.000615941 0.00515625 -0.000754718 0.00111511
internal_weight=736 500 305 276 64 212 139
internal_count=736 500 305 276 64 212 139
is_linear=0
shrinkage=0.05


Tree=21
num_leaves=8
num_cat=0
split_feature=12 7 7 11 6 2 6
split_gain=0.444241 0.580524 1.36151 0.945435 0.638079 0.433333 0.358659
threshold=0.068159537643105575 0.0015560748182280595 -0.024037205274346326 0.00023769852102906167 -0.58092296060232018 -0.1814522579392969 2.0213335973062527
decision_type=2 2 2 2 2 2 2
left_child=1 2 4 -4 5 -1 -3
right_child=-2 6 3 -5 -6 -7 -8
leaf_value=0.00082207496170254551 0.00092202313487578882 -0.00010176247792033785 0.0015815092456750652 3.7559628216509003e-05 -0.0002747159132127291 -6.2620987412003344e-06 0.00031281008713201499
leaf_weight=26 34 342 37 39 185 39 30
leaf_count=26 34 342 37 39 185 39 30
internal_value=-0.000286886 -0.00055874 0.000981594 0.0068421 -0.000800001 0.00346154 -0.0019086
internal_weight=732 698 326 76 250 65 372
internal_count=732 698 326 76 250 65 372
is_linear=0
shrinkage=0.05


Tree=22
num_leaves=8
num_cat=0
split_feature=11 7 0 11 9 0 15
split_gain=0.465478 0.470508 0.348447 0.61655 0.758744 0.914131 0.660304
threshold=-0.022672211523631577 -0.09029424440654181 -1.0000000180025095e-35 0.022575504509470105 0.1132536309956942 0.010546212438019122 0.0026144911043516354
decision_type=2 2 2 2 8 2 2
left_child=1 -1 -2 4 5 -4 -7
right_child=2 -3 3 -5 -6 6 -8
leaf_value=-0.00012414198000507877 -0.00020673741571176202 0.00040688138942666203 0.00047024458015035601 -0.00029760497112906592 -3.0744740862304463e-05 0.00068040148539119324 -0.0002424310764542342
leaf_weight=28 318 37 49 66 150 37 50
leaf_count=28 318 37 49 66 150 37 50
internal_value=-0.000578232 0.00346154 -0.00097015 0.000113635 0.00111888 0.00382353 0.000747125
internal_weight=735 65 670 352 286 136 87
internal_count=735 65 670 352 286 136 87
is_linear=0
shrinkage=0.05


Tree=23
num_leaves=8
num_cat=0
split_feature=13 10 1 7 7 14 15
split_gain=0.517083 0.56953 0.707544 0.431089 2.09162 0.609289 0.645243
threshold=16.260000228881839 0.0091384647102960032 -0.01387836904852152 0.008912944989726725 -0.024037205274346326 0.11365091649526195 0.0051701591144637246
decision_type=2 2 2 2 2 2 2
left_child=-1 3 -3 4 5 6 -2
right_child=1 2 -4 -5 -6 -7 -8
leaf_value=-8.5210501943628648e-05 -0.00050378455099393175 -1.1283225742140631e-05 0.0014673944223220381 -6.9337863652902291e-05 0.00093371709066875259 7.0135819584215021e-05 0.00022550609709001405
leaf_weight=338 99 25 33 161 29 27 25
leaf_count=338 99 25 33 161 29 27 25
internal_value=-0.000454547 0.00076441 0.00534483 -1.46639e-05 0.00166667 -0.000695365 -0.00217742
internal_weight=737 399 58 341 180 151 124
internal_count=737 399 58 341 180 151 124
is_linear=0
shrinkage=0.05


Tree=24
num_leaves=8
num_cat=0
split_feature=11 7 5 6 6 14 0
split_gain=0.741789 0.586027 0.377966 0.559796 0.430477 0.809298 0.256552
threshold=-0.022672211523631577 -0.09029424440654181 0.027108869056622426 -0.80587318576019273 0.097634135314974765 -0.018950946657028119 -0.016329275117363592
decision_type=2 2 2 2 2 2 2
left_child=1 -1 -2 -4 6 -6 -5
right_child=2 -3 3 4 5 -7 -8
leaf_value=-0.00011263802161576894 -8.9239842422487336e-05 0.00045405591077003066 0.00048169500621035729 -2.0984968701138118e-05 0.0051686921167582887 -0.00068719723760276999 -0.00044565497838752684
leaf_weight=27 491 33 37 25 25 29 62
leaf_count=27 491 33 37 25 25 29 62
internal_value=-0.00115912 0.00416667 -0.00163677 0.000337077 -0.00109929 0.00240741 -0.00327586
internal_weight=729 60 669 178 141 54 87
internal_count=729 60 669 178 141 54 87
is_linear=0
shrinkage=0.05


Tree=25
num_leaves=8
num_cat=0
split_feature=9 13 8 7 0 9 16
split_gain=0.560902 0.395119 1.06548 0.922095 0.537662 0.506967 0.492273
threshold=0.095724916338103441 18.82499980926514 -0.071824847228950037 0.035130563135041933 -0.018008817661824435 0.0066781494533308958 -0.0027878542135109092
decision_type=10 2 10 2 2 10 2
left_child=1 4 -3 -4 -1 6 -6
right_child=-2 2 3 -5 5 -7 -8
leaf_value=-0.00041564238627885659 -0.00012876836996375481 -3.798117365918183e-05 0.0012902348207385246 0.00027402281825069871 3.9635556541445845e-05 0.00058849079208646933 -5.5294084659920997e-05
leaf_weight=80 196 113 25 29 75 31 200
leaf_count=80 196 113 25 29 75 31 200
internal_value=-0.000660882 0.000153706 0.00218563 0.00796296 -0.00072539 0.000228757 -0.000454547
internal_weight=749 553 167 54 386 306 275
internal_count=749 553 167 54 386 306 275
is_linear=0
shrinkage=0.05


Tree=26
num_leaves=8
num_cat=0
split_feature=4 11 11 15 15 8 10
split_gain=0.416786 0.476013 0.905903 1.14327 1.51652 0.857769 0.687921
threshold=0.033397145468599045 0.015712482056036817 0.0096273315293795587 0.0064467703598505297 0.011292330859895007 0.079431796146330128 -0.015213589282174643
decision_type=2 2 2 2 2 8 2
left_child=-1 2 3 6 -5 -4 -2
right_child=1 -3 5 4 -6 -7 -8
leaf_value=-0.00015369678657852371 9.1560655331094468e-05 -9.0536878471609639e-05 0.00092877692628172816 0.0011530444023439442 -5.766317972350708e-05 -8.0128536051884294e-05 -0.00022955272210185455
leaf_weight=227 31 122 48 39 38 28 207
leaf_count=227 31 122 48 39 38 28 207
internal_value=-0.00101351 -0.000224173 0.000626597 -0.000555557 0.00474026 0.00552631 -0.00226891
internal_weight=740 513 391 315 77 76 238
internal_count=740 513 391 315 77 76 238
is_linear=0
shrinkage=0.05


Tree=27
num_leaves=8
num_cat=0
split_feature=12 6 2 1 0 14 11
split_gain=0.561301 0.477422 1.72919 0.337747 0.799017 1.14466 0.311565
threshold=0.075051018880184076 -0.80587318576019273 -0.067826892597477859 0.0059521618870953539 0.0066225035602850433 -0.001242221342315941 0.00066761306825102739
decision_type=2 2 2 2 2 2 2
left_child=1 2 -1 4 -3 6 -6
right_child=-2 3 -4 -5 5 -7 -8
leaf_value=0.00075838617062224333 0.00085585762636864382 -0.00021299471917837895 -0.00024841216768803652 -0.0001302599777827911 0.00046254008729969352 0.00061760205481486161 -0.00027751483573610665
leaf_weight=35 28 223 82 275 34 27 25
leaf_count=35 28 223 82 275 34 27 25
internal_value=-0.00122771 -0.00150499 0.00141026 -0.00208904 -0.000954694 0.00313953 -0.000762713
internal_weight=729 701 117 584 309 86 59
internal_count=729 701 117 584 309 86 59
is_linear=0
shrinkage=0.05


Tree=28
num_leaves=8
num_cat=0
split_feature=5 4 13 1 11 5 4
split_gain=0.424082 1.24291 1.38104 0.222182 0.690627 0.722587 0.351481
threshold=0.029230774793070048 0.058238295889145843 18.904999732971195 -0.039117835716430953 -0.0081164241286432719 0.020432289875183227 0.032212360539905227
decision_type=2 2 2 2 2 2 2
left_child=3 2 -2 -1 5 -5 -6
right_child=1 -3 -4 4 6 -7 -8
leaf_value=-0.00024471631806577664 -3.8623217458234084e-05 -0.0002162008151424779 0.0039816688373097153 0.00094802554853986437 -0.00033434136631488645 -8.7653143385829979e-05 -1.6601172923427689e-05
leaf_weight=160 33 65 28 27 145 29 255
leaf_count=160 33 65 28 27 145 29 255
internal_value=-0.0012938 0.00134921 0.00647541 -0.00183442 -0.00127193 0.00392857 -0.002
internal_weight=742 126 61 616 456 56 400
internal_count=742 126 61 616 456 56 400
is_linear=0
shrinkage=0.05


Tree=29
num_leaves=8
num_cat=0
split_feature=6 0 3 3 1 15 8
split_gain=0.42903 1.16934 0.362884 0.556364 0.357986 0.620038 0.602277
threshold=1.4271812648381863 0.010546212438019122 0.0066014258644805377 0.004326881096949676 -0.020172793425940302 -0.0042363324570118812 0.079854534146943337
decision_type=2 2 2 2 2 2 10
left_child=2 -2 3 4 -1 -6 -7
right_child=1 -3 -4 -5 5 6 -8
leaf_value=-0.0002216229171772869 -0.00063905480889674203 0.0031171426148909774 -8.9136922468710571e-05 0.00063174428625746961 -8.4548393723264377e-05 0.0002828823095949671 -0.00032441473215168832
leaf_weight=166 37 31 169 43 78 124 80
leaf_count=166 37 31 169 43 78 124 80
internal_value=-0.00142857 0.00235294 -0.00181818 -0.00113035 -0.00165179 -0.000567377 0.000882352
internal_weight=728 68 660 491 448 282 204
internal_count=728 68 660 491 448 282 204
is_linear=0
shrinkage=0.05


Tree=30
num_leaves=8
num_cat=0
split_feature=3 11 6 2 5 3 12
split_gain=0.565058 0.597931 0.439655 1.08856 0.302821 0.200713 0.186781
threshold=0.018954401511966593 0.0070460817852476829 -0.80587318576019273 -0.056641136984458877 0.016231466096445078 -0.022604221452031389 0.053097750277519846
decision_type=2 2 2 2 2 2 2
left_child=2 -2 3 -1 -4 -6 -7
right_child=1 -3 4 -5 5 6 -8
leaf_value=0.00066447578125511354 0.0020877467658190715 -5.3903985546526383e-05 0.00013078569155188126 -0.00025130066401527227 0.00014375860667148387 -0.0001992813102326725 -4.844645279149135e-05
leaf_weight=40 25 29 26 82 34 444 53
leaf_count=40 25 29 26 82 34 444 53
internal_value=-0.00158936 0.00333333 -0.00198086 0.000737704 -0.0025763 -0.00283428 -0.00308853
internal_weight=733 54 679 122 557 531 497
internal_count=733 54 679 122 557 531 497
is_linear=0
shrinkage=0.05


Tree=31
num_leaves=8
num_cat=0
split_feature=8 7 7 12 13 8 1
split_gain=0.405313 0.501595 1.88952 0.600803 0.429335 0.403524 0.378545
threshold=0.13927133927984051 -0.024037205274346326 -0.011020905550229719 0.052078081173564612 18.154999732971195 -0.15203994592869483 0.00048354166023478756
decision_type=8 2 2 2 2 10 2
left_child=1 4 -3 6 -1 -6 -4
right_child=-2 2 3 -5 5 -7 -8
leaf_value=-0.00032334332980273994 -0.00031505708068262339 0.00063410403653494079 6.5750075581010742e-06 0.00039905744176029352 -0.00014635592582562813 8.5646659705907184e-05 -0.00010749888025314871
leaf_weight=132 92 38 91 41 67 41 225
leaf_count=132 92 38 91 41 67 41 225
internal_value=-0.00135488 -0.000905513 0.000189872 -0.000938377 -0.00270833 -0.000370372 -0.00167722
internal_weight=727 635 395 357 240 108 316
internal_count=727 635 395 357 240 108 316
is_linear=0
shrinkage=0.05


Tree=32
num_leaves=8
num_cat=0
split_feature=3 11 3 8 12 9 9
split_gain=0.410348 0.724286 0.414473 0.264578 0.347585 0.275312 0.781527
threshold=0.018229560993165975 0.0051436555219911426 0.0066014258644805377 0.13927133927984051 0.053097750277519846 0.11509795017969794 0.044891073198002125
decision_type=2 2 2 10 2 10 10
left_child=2 -2 3 4 5 6 -1
right_child=1 -3 -4 -5 -6 -7 -8
leaf_value=-2.7316637552905805e-05 0.0019949611116153718 -0.00015038342019365374 -0.0001467163272480452 -0.00032695057956568982 0.00065021074195493339 -0.00022792271114491434 0.00044155527526770029
leaf_weight=317 25 35 137 42 33 118 28
leaf_count=317 25 35 137 42 33 118 28
internal_value=-0.00146259 0.0025 -0.00181482 -0.00118959 -0.000866937 -0.0012203 -0.000507248
internal_weight=735 60 675 538 496 463 345
internal_count=735 60 675 538 496 463 345
is_linear=0
shrinkage=0.05


Tree=33
num_leaves=8
num_cat=0
split_feature=1 1 2 11 6 11 6
split_gain=0.365795 0.455467 0.868596 1.0904 0.921464 0.319832 0.319486
threshold=0.017449524674799547 -0.02659921277198329 0.07322182088298014 -0.0078810131978928593 -0.51160754846783973 0.0097669532521742503 2.0213335973062527
decision_type=2 2 2 2 2 2 2
left_child=1 5 3 -3 -5 -1 -2
right_child=6 2 -4 4 -6 -7 -8
leaf_value=-0.00013383336633915189 -9.0999647836623675e-05 0.0022422633670279839 -0.0003089820015781763 0.00064700965011081136 -0.00011371633481867968 4.6468279190061565e-06 0.0018665123752257106
leaf_weight=202 265 25 65 47 62 43 27
leaf_count=202 265 25 65 47 62 43 27
internal_value=-0.00139946 -0.000495497 0.00128141 0.00358209 0.00142202 -0.00193878 -0.00277397
internal_weight=736 444 199 134 109 245 292
internal_count=736 444 199 134 109 245 292
is_linear=0
shrinkage=0.05


Tree=34
num_leaves=8
num_cat=0
split_feature=14 5 7 8 12 2 7
split_gain=0.385073 0.459723 0.622779 2.46925 0.533474 0.260363 0.301756
threshold=0.13936216153879713 0.026054563124340221 0.033389426589852118 -0.10055029259831925 0.0094949334570126904 -0.073176111558214227 -0.0067830039144259327
decision_type=2 2 2 10 2 2 2
left_child=1 5 3 4 -3 -1 -7
right_child=-2 2 -4 -5 -6 6 -8
leaf_value=-0.00011015303594004547 0.00011785525800142542 -0.00012714167622567365 -0.000337761182603336 0.00090884874319139067 0.00061465916760527085 4.3351760501671388e-06 -0.00010270703512606
leaf_weight=87 26 82 99 26 47 90 271
leaf_count=87 26 82 99 26 47 90 271
internal_value=-0.00135989 -0.0015812 0.000118109 0.00209677 -0.000736435 -0.00254464 -0.00195291
internal_weight=728 702 254 155 129 448 361
internal_count=728 702 254 155 129 448 361
is_linear=0
shrinkage=0.05


Tree=35
num_leaves=8
num_cat=0
split_feature=12 11 11 9 9 11 0
split_gain=0.339288 0.233919 0.453247 0.707496 1.06403 0.31921 0.448496
threshold=0.075051018880184076 0.016486261546334927 0.010209194758885378 0.16968802050669554 -0.18912890134108259 -0.0017304043839145853 -0.0074603770030866592
decision_type=2 2 2 8 10 2 2
left_child=1 2 5 4 -4 6 -1
right_child=-2 -3 3 -5 -6 -7 -8
leaf_value=-0.00011985276813284566 0.00065989516413075117 -0.00014024193865468728 -5.254595576212101e-05 -0.00015004919563182874 0.0011220861380459373 -0.00016696537704312343 1.9562393165223167e-05
leaf_weight=130 29 149 34 49 25 190 132
leaf_count=130 29 149 34 49 25 190 132
internal_value=-0.00168022 -0.00189704 -0.00142857 0.00148148 0.00516949 -0.00212389 -0.000992368
internal_weight=738 709 560 108 59 452 262
internal_count=738 709 560 108 59 452 262
is_linear=0
shrinkage=0.05


Tree=36
num_leaves=8
num_cat=0
split_feature=3 3 13 5 8 7 6
split_gain=0.346955 0.586358 0.318194 0.931736 0.255735 0.376625 0.325582
threshold=0.019776641574406621 0.0064177559387459402 21.409999847412113 0.029452190637459793 0.13927133927984051 0.078400361245424169 -0.16740836912028687
decision_type=2 2 2 2 10 2 2
left_child=1 2 3 4 5 6 -1
right_child=-2 -3 -4 -5 -6 -7 -8
leaf_value=-6.4496866293324409e-06 0.001085452132180026 -0.00016854818195280322 -0.00013941004629861251 0.00070533203558192556 -0.00059071747848626227 0.00025921359831209003 -0.00020764667630586618
leaf_weight=213 47 157 72 32 43 25 156
leaf_count=213 47 157 72 32 43 25 156
internal_value=-0.00171141 -0.00199141 -0.00121072 -0.000735609 -0.00133867 -0.000939087 -0.00134146
internal_weight=745 698 541 469 437 394 369
internal_count=745 698 541 469 437 394 369
is_linear=0
shrinkage=0.05


Tree=37
num_leaves=8
num_cat=0
split_feature=14 15 15 8 12 9 11
split_gain=0.379413 0.34504 0.526528 0.476737 0.557215 0.904788 0.569431
threshold=0.15436855290822041 -0.0053527520857152835 -0.0040846983805975503 0.079431796146330128 0.018878621288125678 -0.45199924572678901 0.016486261546334927
decision_type=2 2 2 10 2 10 2
left_child=1 -1 -3 4 -4 -6 -7
right_child=-2 2 3 -5 5 6 -8
leaf_value=-0.0001616130247612613 0.00012330753658523893 0.00029282148790557783 -5.1499756298097353e-05 -0.00040698273368321202 0.0012998330433674835 0.00044308287382946118 -0.00019132503727155783
leaf_weight=150 26 28 205 169 26 105 38
leaf_count=150 26 28 205 169 26 105 38
internal_value=-0.00131861 -0.00153259 -0.00097198 -0.00131676 -0.000320857 0.00180473 0.000244754
internal_weight=747 721 571 543 374 169 143
internal_count=747 721 571 543 374 169 143
is_linear=0
shrinkage=0.05


Tree=38
num_leaves=8
num_cat=0
split_feature=6 9 7 11 16 16 15
split_gain=0.318998 0.310582 0.472901 0.321594 0.442917 0.479795 0.427607
threshold=2.0213335973062527 -0.47268464367126062 -0.091442367394785493 0.016486261546334927 0.0097414127555137692 0.014017187467386784 0.009660922416402486
decision_type=2 8 2 2 2 2 2
left_child=1 2 -1 4 6 -6 -3
right_child=-2 3 -4 -5 5 -7 -8
leaf_value=-0.0001025670674883384 0.00043719958187349013 -0.00017901232009583193 0.00050695374252706911 -0.00021240800135121317 0.00024996663078272153 -4.8464367254202901e-05 4.5504373659887703e-05
leaf_weight=34 46 322 25 130 37 107 40
leaf_count=34 46 322 25 130 37 107 40
internal_value=-0.00142375 -0.00169065 0.00177966 -0.00201258 -0.00144269 0.000902777 -0.00237569
internal_weight=741 695 59 636 506 144 362
internal_count=741 695 59 636 506 144 362
is_linear=0
shrinkage=0.05


Tree=39
num_leaves=8
num_cat=0
split_feature=3 11 3 3 15 15 9
split_gain=0.290735 0.509697 0.359722 0.301843 0.269862 0.50478 0.284278
threshold=0.018954401511966593 0.01181892130991158 0.0064177559387459402 0.0051213262724734152 -0.0057133113398511451 -0.0040846983805975503 0.01555393945284045
decision_type=2 2 2 2 2 2 8
left_child=2 -2 3 4 -1 -6 -7
right_child=1 -3 -4 -5 5 6 -8
leaf_value=-0.0001107621072704607 0.002377798328921214 -0.00016971407206326029 -0.00012282497098677734 0.00058594630966848308 6.2903253645403879e-05 -0.00014813562524580563 4.3797058542280285e-07
leaf_weight=132 30 25 150 27 27 148 189
leaf_count=132 30 25 150 27 27 148 189
internal_value=-0.00122253 0.00227273 -0.00150817 -0.000889103 -0.00116936 -0.000467034 -0.000994066
internal_weight=728 55 673 523 496 364 337
internal_count=728 55 673 523 496 364 337
is_linear=0
shrinkage=0.05


Tree=40
num_leaves=8
num_cat=0
split_feature=10 10 7 7 4 12 4
split_gain=0.412178 0.382527 0.24579 1.83683 0.444212 0.321587 0.218329
threshold=-0.015449557438202309 0.011920444986762148 -0.024037205274346326 -0.0048310301134478753 0.060479105160168342 0.053097750277519846 0.041141138051402688
decision_type=2 2 2 2 2 2 2
left_child=-1 2 4 -4 -2 -5 -7
right_child=1 -3 3 5 -6 6 -8
leaf_value=0.00016509422065162275 -0.00026771925799231266 3.6367092083910375e-05 0.0006150632894073773 -0.00011571308793306417 8.897477356073738e-06 0.00015790481687911657 -0.00040715431903394841
leaf_weight=31 169 50 49 332 47 25 28
leaf_count=31 169 50 49 332 47 25 28
internal_value=-0.000964433 -0.00121429 -0.00153846 -0.000852536 -0.00291667 -0.00201299 0.00160377
internal_weight=731 700 650 434 216 385 53
internal_count=731 700 650 434 216 385 53
is_linear=0
shrinkage=0.05


Tree=41
num_leaves=8
num_cat=0
split_feature=4 5 11 9 11 15 15
split_gain=0.412906 0.507782 0.662224 0.383851 0.345241 1.08078 0.590059
threshold=0.034807110631411321 0.021759406533510866 -0.0027765970231875543 0.095724916338103441 0.0071648822225269812 0.0026144911043516354 0.0069301314771862419
decision_type=2 2 2 10 2 2 2
left_child=-1 2 -2 4 6 -6 -3
right_child=1 3 -4 -5 5 -7 -8
leaf_value=-7.3218919058489458e-05 8.9912856646311954e-05 -0.00020777275837932462 -5.1065535637841386e-05 -0.00023060782854987112 0.00056560625827622633 -0.00022983466858912056 0.00045839528338753772
leaf_weight=293 31 155 34 43 64 82 38
leaf_count=293 31 155 34 43 64 82 38
internal_value=-0.000810812 0.000145413 0.00423077 -0.000549739 1.47481e-05 0.00184931 -0.00137306
internal_weight=740 447 65 382 339 146 193
internal_count=740 447 65 382 339 146 193
is_linear=0
shrinkage=0.05


Tree=42
num_leaves=8
num_cat=0
split_feature=11 1 9 9 11 10 3
split_gain=0.505327 0.663135 0.806537 1.00592 0.482214 0.385119 0.384554
threshold=-0.0017304043839145853 -0.054306991123333585 0.085759482599874884 -0.29026545631006245 0.0059136956441444575 0.010542457751089975 -0.0006274350727568655
decision_type=2 2 8 10 2 2 2
left_child=1 -1 3 -3 -2 -6 -4
right_child=4 2 6 -5 5 -7 -8
leaf_value=-8.4188153191866894e-05 -0.00028991614179960448 0.00013582945495280965 0.00016651984466485248 0.00049109886265535647 -6.1543371705881613e-05 0.00042559359781954163 -9.5980429822445227e-05
leaf_weight=110 128 36 49 25 297 41 51
leaf_count=110 128 36 49 25 297 41 51
internal_value=-0.000997287 0.000719556 0.00276397 0.00729508 -0.00199571 -0.00100592 -1.19209e-09
internal_weight=737 271 161 61 466 338 100
internal_count=737 271 161 61 466 338 100
is_linear=0
shrinkage=0.05


Tree=43
num_leaves=8
num_cat=0
split_feature=11 11 12 14 5 1 4
split_gain=0.359934 0.724286 0.26937 0.391806 0.278928 0.250482 0.256758
threshold=-0.022672211523631577 -0.028866673855592325 0.053097750277519846 -0.0092975524944055015 0.016231466096445078 0.05001781956105756 0.05563428324405368
decision_type=2 2 2 2 2 2 2
left_child=1 -1 4 -4 -2 6 -6
right_child=2 -3 3 -5 5 -7 -8
leaf_value=-0.00022490467172164142 0.00016889241292786513 0.00051250255450604727 0.00043961855189827341 -0.00039138549250776261 -8.9988179772695882e-05 -0.00012464905110105793 0.00021936061660817794
leaf_weight=35 33 25 42 39 384 121 74
leaf_count=35 33 25 42 39 384 121 74
internal_value=-0.00121514 0.0025 -0.0015368 0.00117284 -0.00189543 -0.00215026 -0.00161572
internal_weight=753 60 693 81 612 579 458
internal_count=753 60 693 81 612 579 458
is_linear=0
shrinkage=0.05


Tree=44
num_leaves=8
num_cat=0
split_feature=11 8 4 4 6 4 0
split_gain=0.267172 0.778451 0.18708 0.562516 0.422769 0.239027 0.257571
threshold=-0.022672211523631577 -0.12524016106066652 0.042948791100021699 0.044488385792218761 -0.83712039533875193 0.038091577240251709 -0.028469221795931528
decision_type=2 10 2 2 2 2 2
left_child=1 -1 5 -4 -5 6 -2
right_child=2 -3 3 4 -6 -7 -8
leaf_value=-6.8910552744404354e-05 6.747448887588842e-06 0.00046588356955049552 0.00048903183147360071 0.00035605464116208557 -0.00014778237203820488 -0.00026596617324730682 -7.5210045649918287e-05
leaf_weight=33 25 27 27 27 177 75 329
leaf_count=33 25 27 27 27 177 75 329
internal_value=-0.00152778 0.00166667 -0.00181818 -0.000670997 -0.00156863 -0.0024359 -0.00189266
internal_weight=720 60 660 231 204 429 354
internal_count=720 60 660 231 204 429 354
is_linear=0
shrinkage=0.05


Tree=45
num_leaves=8
num_cat=0
split_feature=12 1 1 3 3 4 5
split_gain=0.323485 0.298522 0.626731 0.368935 0.560482 0.3174 0.547018
threshold=0.075051018880184076 0.056123252235725903 0.046876926065411058 -0.00022580309841668808 0.0002621882279997268 0.049999940363203189 0.021409520180614452
decision_type=2 2 2 2 2 2 2
left_child=1 2 3 -1 -5 6 -6
right_child=-2 -3 -4 4 5 -7 -8
leaf_value=-0.00010995890049953657 0.00055846457772928861 -0.00012108318184206583 7.7259234855406092e-05 0.00056057509514284543 5.9829101943806874e-06 0.00037554352350286372 -9.526521691337412e-05
leaf_weight=256 27 113 32 31 116 61 97
leaf_count=256 27 113 32 31 116 61 97
internal_value=-0.00111187 -0.00131728 -0.000868467 -0.00125669 -8.19684e-05 -0.000802921 -0.00171362
internal_weight=733 706 593 561 305 274 213
internal_count=733 706 593 561 305 274 213
is_linear=0
shrinkage=0.05


Tree=46
num_leaves=8
num_cat=0
split_feature=10 10 7 7 0 12 15
split_gain=0.348518 0.61091 0.333117 1.23923 0.98469 0.401304 0.425246
threshold=0.010542457751089975 0.012484790292373706 -0.035643233044280569 -0.0041871097830462048 0.0013470978100899036 0.029842787368271621 0.0081358719674012887
decision_type=2 2 2 2 2 2 2
left_child=2 -2 -1 4 -4 -5 -7
right_child=1 -3 3 5 -6 6 -8
leaf_value=-0.00014596758075790809 0.00038130487727098335 -7.3157652067593435e-06 8.920521246494696e-05 -0.0001673896833739822 0.00048724415419872536 -5.246207252261856e-05 0.00010231569781348898
leaf_weight=207 27 44 49 193 34 157 30
leaf_count=207 27 44 49 193 34 157 30
internal_value=-0.0012888 0.00204225 -0.00164179 -0.000896329 0.00463855 -0.00210526 -0.000454547
internal_weight=741 71 670 463 83 380 187
internal_count=741 71 670 463 83 380 187
is_linear=0
shrinkage=0.05


Tree=47
num_leaves=8
num_cat=0
split_feature=14 5 12 16 16 1 10
split_gain=0.425422 0.313011 0.700145 0.293659 0.415588 0.899144 0.738798
threshold=0.15436855290822041 0.028326182373430486 0.020115024475367619 0.0097414127555137692 0.014548496190917916 0.019441908744197826 0.00021013037674633142
decision_type=2 2 2 2 2 2 2
left_child=1 3 -3 -1 5 -5 -6
right_child=-2 2 -4 4 6 -7 -8
leaf_value=-0.00014069935792112426 0.00011522933542060763 -5.7517379414172096e-05 0.0005666566525639365 0.00077736276288563517 5.8513978170945081e-05 -1.7782458215847749e-05 -0.00025688267349483911
leaf_weight=323 25 95 41 28 48 29 135
leaf_count=323 25 95 41 28 48 29 135
internal_value=-0.00140884 -0.00163806 0.000514705 -0.00215808 -0.000833335 0.00289474 -0.00199454
internal_weight=724 699 136 563 240 57 183
internal_count=724 699 136 563 240 57 183
is_linear=0
shrinkage=0.05


Tree=48
num_leaves=8
num_cat=0
split_feature=10 8 3 7 14 14 16
split_gain=0.403307 0.492187 0.271644 0.422702 0.261791 0.501313 0.345813
threshold=0.010542457751089975 0.018272401973779887 -0.022604221452031389 -0.16231105707337848 0.051400253386948543 0.036556757472233643 -0.0024143138862434683
decision_type=2 10 2 2 2 2 2
left_child=2 -2 -1 -4 5 6 -5
right_child=1 -3 3 4 -6 -7 -8
leaf_value=0.00012432251870278337 0.00029165150752291646 -3.7213262406698493e-05 0.00025572566644588334 -1.2176880601608602e-05 -0.00015542900817569209 0.00026191566720308715 -0.00025289131351927341
leaf_weight=33 43 27 28 134 111 33 327
leaf_count=33 43 27 28 134 111 33 327
internal_value=-0.00146739 0.00214286 -0.00184685 -0.00207741 -0.00235537 -0.00186235 -0.0022885
internal_weight=736 70 666 633 605 494 461
internal_count=736 70 666 633 605 494 461
is_linear=0
shrinkage=0.05


Tree=49
num_leaves=8
num_cat=0
split_feature=12 14 14 8 14 10 0
split_gain=0.270067 0.514247 0.584052 0.445157 0.385308 0.314542 0.187901
threshold=0.036336469465281469 -0.0081420083322292763 -0.030119880421319408 0.079854534146943337 -0.086337752297859935 -0.015449557438202309 0.0068792663209862335
decision_type=2 2 2 10 2 2 2
left_child=4 2 3 -2 -1 -6 -3
right_child=1 6 -4 -5 5 -7 -8
leaf_value=1.0602048164042226e-05 0.00048846040063385012 -0.00023985131805230229 0.00029913187771156554 -0.00043876225259920608 0.00011313652439987125 -9.3080283211429877e-05 4.9629690773703221e-06
leaf_weight=47 27 55 34 25 34 464 36
leaf_count=47 27 55 34 25 34 464 36
internal_value=-0.00132964 0.00036723 0.00313953 -0.000192309 -0.00188074 -0.00228916 -0.00225275
internal_weight=722 177 86 52 545 498 91
internal_count=722 177 86 52 545 498 91
is_linear=0
shrinkage=0.05


Tree=50
num_leaves=8
num_cat=0
split_feature=3 15 0 8 0 2 7
split_gain=0.330922 0.237593 0.490177 0.79978 0.984765 0.641006 0.367855
threshold=0.021675842490852752 0.0013495812954102961 0.0082353990492016766 0.06396520658133599 -0.0057198250619148175 0.11915246974056916 -0.049771743389318772
decision_type=2 2 2 8 2 2 2
left_child=1 -1 3 4 6 -4 -3
right_child=-2 2 5 -5 -6 -7 -8
leaf_value=-4.2246544572476328e-05 0.0010120949633481981 -0.0010476145403275714 -0.0001888035039707718 -0.00056825735620004718 0.00028363551759418671 1.4570074175006784e-05 0.00034117543044329297
leaf_weight=357 36 26 128 60 50 36 31
leaf_count=357 36 26 128 60 50 36 31
internal_value=-0.00133978 -0.0015843 -0.000619337 0.00128742 0.0038785 -0.00256098 -0.000614036
internal_weight=724 688 331 167 107 164 57
internal_count=724 688 331 167 107 164 57
is_linear=0
shrinkage=0.05


Tree=51
num_leaves=8
num_cat=0
split_feature=10 3 3 13 9 10 16
split_gain=0.374748 0.323495 0.383471 0.881635 1.19067 0.506807 0.564798
threshold=0.010542457751089975 0.0064177559387459402 -0.00022580309841668808 14.870000362396242 0.1132536309956942 0.00021013037674633142 -0.007403602652757634
decision_type=2 2 2 2 8 2 2
left_child=1 2 -1 4 -4 6 -5
right_child=-2 -3 3 5 -6 -7 -8
leaf_value=-8.3499254780273479e-05 6.9161413638785032e-05 -0.00017596256240813124 0.00067894546826955109 -3.7967379730852168e-05 -8.6432177289183095e-06 -0.00040079020359181348 0.00029833131448164823
leaf_weight=321 67 159 31 30 35 57 31
leaf_count=321 67 159 31 30 35 57 31
internal_value=-0.00110123 -0.00146084 -0.000841585 0.00097826 0.00560606 -0.00161017 0.00155738
internal_weight=731 664 505 184 66 118 61
internal_count=731 664 505 184 66 118 61
is_linear=0
shrinkage=0.05


Tree=52
num_leaves=8
num_cat=0
split_feature=6 14 9 4 1 0 14
split_gain=0.434621 0.881563 0.454735 0.68466 0.269343 0.377395 0.919998
threshold=1.2856653972371317 -0.016062326519559963 -0.47268464367126062 0.063539834111817267 0.011644560949057638 0.0013470978100899036 -0.001242221342315941
decision_type=2 2 8 2 2 2 2
left_child=2 -2 3 -1 5 -4 -7
right_child=1 -3 4 -5 -6 6 -8
leaf_value=0.00045395432110750139 0.0021578450487498612 -0.00052803783513917805 -0.00016053402771387462 -7.9482975144324917e-05 -5.139233577495237e-05 -0.00014112988210927252 0.00045473784100983771
leaf_weight=25 39 42 201 33 278 89 40
leaf_count=25 39 42 201 33 278 89 40
internal_value=-0.00105087 0.00240741 -0.00147147 0.00275862 -0.001875 -0.000909092 0.00120155
internal_weight=747 81 666 58 608 330 129
internal_count=747 81 666 58 608 330 129
is_linear=0
shrinkage=0.05


Tree=53
num_leaves=8
num_cat=0
split_feature=3 11 3 10 12 11 11
split_gain=0.318166 0.56448 0.267219 0.256974 0.472719 0.601918 0.309343
threshold=0.018954401511966593 0.01181892130991158 0.0064177559387459402 0.0014914798272115395 0.048330696725207185 -0.0019949818348388155 0.011893359495945945
decision_type=2 2 2 2 2 2 2
left_child=2 -2 3 -1 5 -5 -7
right_child=1 -3 -4 4 -6 6 -8
leaf_value=-3.4050388728160454e-05 0.0020499528382584699 -0.00014755236862236312 -0.00011960256983222702 0.0002370960678257195 0.00038101562212107212 -0.00022673272456303327 -3.261404524222907e-06
leaf_weight=335 29 26 143 42 26 60 72
leaf_count=335 29 26 143 42 26 60 72
internal_value=-0.00138472 0.00227273 -0.00168142 -0.00116823 0.000249999 -0.000689656 -0.00234849
internal_weight=733 55 678 535 200 174 132
internal_count=733 55 678 535 200 174 132
is_linear=0
shrinkage=0.05


Tree=54
num_leaves=8
num_cat=0
split_feature=10 14 5 6 6 11 14
split_gain=0.366855 0.327955 0.317407 0.388162 0.9803 0.312538 0.631981
threshold=-0.015449557438202309 0.051400253386948543 0.016231466096445078 -0.82756068370759162 -1.1284779239356728 -0.0038922440129086073 -0.025685626403374347
decision_type=2 2 2 2 2 2 2
left_child=-1 2 -2 4 -4 6 -5
right_child=1 -3 3 5 -6 -7 -8
leaf_value=0.00012190259513406859 0.00029099825574112272 -0.00012274532984922574 -0.0004671564609849512 8.302772923123207e-05 0.00052166396817258443 -8.673879577895694e-05 -0.00019712753389222607
leaf_weight=34 27 106 42 53 47 355 69
leaf_count=34 27 106 42 53 47 355 69
internal_value=-0.0012483 -0.00149499 -0.0010371 -0.00128975 0.00174157 -0.00185535 0.000327868
internal_weight=733 699 593 566 89 477 122
internal_count=733 699 593 566 89 477 122
is_linear=0
shrinkage=0.05


Tree=55
num_leaves=8
num_cat=0
split_feature=14 8 0 6 4 3 3
split_gain=0.314123 0.783556 0.312698 0.332682 0.672003 0.338267 0.27067
threshold=-0.067583665573298909 -0.054175636849873969 0.0093436524144345796 -0.62519028512367847 0.046062643389639203 -0.018867869537388057 -0.0039457915347559372
decision_type=2 10 2 2 2 2 2
left_child=1 -1 3 4 6 -5 -2
right_child=2 -3 -4 5 -6 -7 -8
leaf_value=0.0012492112277278017 -0.00026064139870211016 -7.0114487516988706e-05 -0.00014815200185769057 4.886295413641382e-05 0.00026551903067350717 -0.00010581675899449269 7.8268270941680221e-06
leaf_weight=39 31 49 206 42 33 279 61
leaf_count=39 31 49 206 42 33 279 61
internal_value=-0.00155406 0.00125 -0.00193252 -0.00118834 0.000999999 -0.0020405 -0.00119565
internal_weight=740 88 652 446 125 321 92
internal_count=740 88 652 446 125 321 92
is_linear=0
shrinkage=0.05


end of trees

feature_importances:
spy_ret_5d=44
spy_ret_20d=33
spy_ret_1d=30
atr_pct=29
vix_chg_1d=28
dist_ma20=27
dvol_z_20=26
overnight_gap=25
ret_1d=24
dist_ma50=22
dist_ma200=22
ret_5d=20
sector_ret_1d=18
vix_level=14
parkinson_20=11
sector_ret_5d=11
ret_20d=8

parameters:
[boosting: gbdt]
[objective: quantile]
[metric: quantile]
[tree_learner: serial]
[device_type: cpu]
[data_sample_strategy: bagging]
[data: ]
[valid: ]
[num_iterations: 80]
[learning_rate: 0.05]
[num_leaves: 8]
[num_threads: 1]
[seed: 0]
[deterministic: 0]
[force_col_wise: 1]
[force_row_wise: 0]
[histogram_pool_size: -1]
[max_depth: -1]
[min_data_in_leaf: 25]
[min_sum_hessian_in_leaf: 0.001]
[bagging_fraction: 0.9]
[pos_bagging_fraction: 1]
[neg_bagging_fraction: 1]
[bagging_freq: 1]
[bagging_seed: 3]
[bagging_by_query: 0]
[feature_fraction: 0.9]
[feature_fraction_bynode: 1]
[feature_fraction_seed: 2]
[extra_trees: 0]
[extra_seed: 6]
[early_stopping_round: 0]
[early_stopping_min_delta: 0]
[first_metric_only: 0]
[max_delta_step: 0]
[lambda_l1: 0]
[lambda_l2: 0]
[linear_lambda: 0]
[min_gain_to_split: 0]
[drop_rate: 0.1]
[max_drop: 50]
[skip_drop: 0.5]
[xgboost_dart_mode: 0]
[uniform_drop: 0]
[drop_seed: 4]
[top_rate: 0.2]
[other_rate: 0.1]
[min_data_per_group: 100]
[max_cat_threshold: 32]
[cat_l2: 10]
[cat_smooth: 10]
[max_cat_to_onehot: 4]
[top_k: 20]
[monotone_constraints: ]
[monotone_constraints_method: basic]
[monotone_penalty: 0]
[feature_contri: ]
[forcedsplits_filename: ]
[refit_decay_rate: 0.9]
[cegb_tradeoff: 1]
[cegb_penalty_split: 0]
[cegb_penalty_feature_lazy: ]
[cegb_penalty_feature_coupled: ]
[path_smooth: 0]
[interaction_constraints: ]
[verbosity: -1]
[saved_feature_importance_type: 0]
[use_quantized_grad: 0]
[num_grad_quant_bins: 4]
[quant_train_renew_leaf: 0]
[stochastic_rounding: 1]
[linear_tree: 0]
[max_bin: 255]
[max_bin_by_feature: ]
[min_data_in_bin: 3]
[bin_construct_sample_cnt: 200000]
[data_random_seed: 1]
[is_enable_sparse: 1]
[enable_bundle: 1]
[use_missing: 1]
[zero_as_missing: 0]
[feature_pre_filter: 1]
[pre_partition: 0]
[two_round: 0]
[header: 0]
[label_column: ]
[weight_column: ]
[group_column: ]
[ignore_column: ]
[categorical_feature: ]
[forcedbins_filename: ]
[precise_float_parser: 0]
[parser_config_file: ]
[objective_seed: 5]
[num_class: 1]
[is_unbalance: 0]
[scale_pos_weight: 1]
[sigmoid: 1]
[boost_from_average: 1]
[reg_sqrt: 0]
[alpha: 0.9]
[fair_c: 1]
[poisson_max_delta_step: 0.7]
[tweedie_variance_power: 1.5]
[lambdarank_truncation_level: 30]
[lambdarank_norm: 1]
[label_gain: ]
[lambdarank_position_bias_regularization: 0]
[eval_at: ]
[multi_error_top_k: 1]
[auc_mu_weights: ]
[num_machines: 1]
[local_listen_port: 12400]
[time_out: 120]
[machine_list_filename: ]
[machines: ]
[gpu_platform_id: -1]
[gpu_device_id: -1]
[gpu_device_id_list: ]
[gpu_use_dp: 0]
[num_gpu: 1]

end of parameters

pandas_categorical:[]
