tree
version=v4
num_class=1
num_tree_per_iteration=1
label_index=0
max_feature_idx=16
objective=quantile
feature_names=ret_1d ret_5d ret_20d overnight_gap atr_pct parkinson_20 dvol_z_20 dist_ma20 dist_ma50 dist_ma200 spy_ret_1d spy_ret_5d spy_ret_20d vix_level vix_chg_1d sector_ret_1d sector_ret_5d
feature_infos=[-0.19980889691049997:0.1519027822193797] [-0.22442889483432804:0.25579483807331904] [-0.28477673401106673:0.24959296646043638] [-0.18112326149272751:0.1159258074832108] [0.01534298134011873:0.073793917567026815] [0.0090580224255782573:0.037269994722629082] [-2.5684914767915306:4.2698506050448239] [-0.19903080282895047:0.19349118435134494] [-0.26414313786327448:0.24161717426850404] [-0.35630034793556975:0.12476798197416183] [-0.058542947643003718:0.10501933612632941] [-0.11496158439845272:0.082843216242346029] [-0.12265592443394913:0.15756596870864792] [11.859999656677246:52.330001831054688] [-0.35753873962348437:0.74039073966007019] [-0.060397403108400582:0.10888057162300102] [-0.11617882919005618:0.10060180541624875]
tree_sizes=848 854 857 856 850 860 850 858 861 860 859 852 852 866 863 865 858 856 861 845 863 854 865 858 857 862 851 854 862 852 846 862 858 852 854 845 859 861 864 843 864 857 855 856 847 860 867 858 859 859 854 857 860 866 858 857 856 845 851 854 869 854

Tree=0
num_leaves=8
num_cat=0
split_feature=5 7 4 4 7 15 15
split_gain=5.32296 2.29169 1.93772 1.97368 1.77922 1.73415 1.76331
threshold=0.016220206282205062 0.04911021000080696 0.030031464187576476 0.035307579882254088 0.026898574973834747 -0.0074163978226134955 -0.011576510250656978
decision_type=2 2 2 2 2 2 2
left_child=1 4 -2 -4 5 6 -1
right_child=2 -3 3 -5 -6 -7 -8
leaf_value=-0.009508852660655976 -0.0098030160181224353 -0.0093174673034809533 -0.0094999616034328934 -0.009818123001605273 -0.0097496012458577752 -0.0094958072761073715 -0.0098310479428619143
leaf_weight=65 76 48 57 57 52 349 46
leaf_count=65 76 48 57 57 52 349 46
internal_value=-0.00998586 -0.00753229 -0.0172174 -0.0130946 -0.00851164 -0.00752064 -0.0129642
internal_weight=750 560 190 114 512 460 111
internal_count=750 560 190 114 512 460 111
is_linear=0
shrinkage=1


Tree=1
num_leaves=8
num_cat=0
split_feature=5 11 3 10 2 2 0
split_gain=5.17209 2.02424 1.56044 1.77053 1.30728 2.34833 1.83938
threshold=0.016201189535685334 0.025024628746897374 0.0062454707581149913 0.0028352827684376973 0.091173468454581089 -0.029895291263698883 -0.0028588554751945434
decision_type=2 2 2 2 2 2 2
left_child=1 2 -1 -4 5 6 -2
right_child=4 -3 3 -5 -6 -7 -8
leaf_value=6.2531974399462377e-05 -0.00022128856275230644 0.00022057408583350485 -0.00023191341431811455 0.00011573285446502269 2.7238312177360093e-05 -0.0003930230892729014 0.00013191540725529199
leaf_weight=406 50 53 37 53 29 67 39
leaf_count=406 50 53 37 53 29 67 39
internal_value=6.81199e-05 0.00250455 0.0015121 -0.00444444 -0.00716216 -0.00897436 -0.00365169
internal_weight=734 549 496 90 185 156 89
internal_count=734 549 496 90 185 156 89
is_linear=0
shrinkage=0.05


Tree=2
num_leaves=8
num_cat=0
split_feature=5 11 6 8 7 12 7
split_gain=4.07735 2.11199 1.99213 2.10343 2.15083 2.09522 3.04218
threshold=0.016220206282205062 0.025734816417073651 0.37461642005141432 -0.021968757932932733 0.049986137656301784 0.032816284988903439 0.0039020571363138639
decision_type=2 2 2 10 2 2 2
left_child=1 2 3 -1 5 6 -5
right_child=-2 -3 -4 4 -6 -7 -8
leaf_value=0.00011647579510463396 -0.00013799988530809062 0.0002095453815418296 -9.358983236597858e-05 7.0027895446401163e-05 0.00027620173670584336 6.5850244311150237e-05 -0.00022269557262188751
leaf_weight=187 186 47 140 49 25 65 50
leaf_count=187 186 47 140 49 25 65 50
internal_value=-3.33778e-05 0.00208703 0.00116279 0.00305851 -0.000661376 -0.0027439 -0.00732323
internal_weight=749 563 516 376 189 164 99
internal_count=749 563 516 376 189 164 99
is_linear=0
shrinkage=0.05


Tree=3
num_leaves=8
num_cat=0
split_feature=6 4 4 7 8 10 10
split_gain=3.10423 2.18706 1.83919 2.26967 2.07239 1.81429 2.67936
threshold=0.57161417057522967 0.021734380449418094 0.026032187332635563 0.04911021000080696 -0.036345632866068282 -0.001991975985961902 0.0039394347110435221
decision_type=2 2 2 2 8 2 2
left_child=2 -2 3 -1 -4 -6 -7
right_child=1 -3 4 -5 5 6 -8
leaf_value=5.2519249546458072e-05 0.00013938674452074345 -0.00032205420797399708 1.6447475171298695e-05 0.00025593524140131191 -0.0003979472128063208 0.0001582407687586966 -0.00030013526098045983
leaf_weight=317 49 108 122 31 34 39 43
leaf_count=317 49 108 122 31 34 39 43
internal_value=3.36474e-05 -0.00621019 0.00170648 0.00402299 -0.00168067 -0.00646552 -0.00243902
internal_weight=743 157 586 348 238 116 82
internal_count=743 157 586 348 238 116 82
is_linear=0
shrinkage=0.05


Tree=4
num_leaves=8
num_cat=0
split_feature=5 8 15 6 9 12 1
split_gain=3.29715 2.24871 2.07474 1.96077 2.22427 1.89216 1.61843
threshold=0.016220206282205062 -0.11531513411571558 0.010027657789508872 0.6288829823976313 -0.16688232627599089 0.030501708894694394 0.053141037082260041
decision_type=2 8 2 2 10 2 2
left_child=3 -2 5 6 -5 -3 -1
right_child=1 2 -4 4 -6 -7 -8
leaf_value=5.6429126074799632e-05 1.2496688185346939e-05 -0.00015828107950757844 -0.00033197880693434847 -0.0002194503097266716 2.1427499014389482e-05 0.00010755358912618247 0.000265358513279789
leaf_weight=418 51 73 27 46 76 28 27
leaf_count=418 51 73 27 46 76 28 27
internal_value=0.000469169 -0.00544693 -0.00898438 0.00233686 -0.00327869 -0.00569307 0.0038764
internal_weight=746 179 128 567 122 101 445
internal_count=746 179 128 567 122 101 445
is_linear=0
shrinkage=0.05


Tree=5
num_leaves=8
num_cat=0
split_feature=5 3 12 12 11 9 1
split_gain=3.33219 1.76344 1.95968 1.72308 2.08193 1.72083 1.77208
threshold=0.016220206282205062 0.0062454707581149913 0.060339670934961183 0.034736812074913422 -0.011940064700992346 -0.086547953176502532 -0.031564639917000419
decision_type=2 2 2 2 2 10 2
left_child=1 2 5 4 -2 6 -1
right_child=3 -3 -4 -5 -6 -7 -8
leaf_value=-5.4867014460563933e-05 -6.5180418717718241e-06 -0.00010479112168536084 0.00023251765253413036 1.7553065137814081e-05 -0.00037416104041653305 -4.6029986850538952e-05 0.00017304829230420737
leaf_weight=62 44 106 25 52 86 154 208
leaf_count=62 44 106 25 52 86 154 208
internal_value=0.000101764 0.00202703 0.00339644 -0.00576923 -0.00884615 0.00259434 0.005
internal_weight=737 555 449 182 130 424 270
internal_count=737 555 449 182 130 424 270
is_linear=0
shrinkage=0.05


Tree=6
num_leaves=8
num_cat=0
split_feature=4 8 2 6 6 6 9
split_gain=3.27493 1.53727 2.0569 1.94322 1.58296 1.23114 1.56123
threshold=0.025194949454683039 0.0061417630654582176 0.091173468454581089 0.13965097545477881 -0.75647453199300985 0.57161417057522967 -0.13851244854138614
decision_type=2 8 2 2 2 2 10
left_child=5 3 -3 4 -2 -1 -7
right_child=1 2 -4 -5 -6 6 -8
leaf_value=9.7061817853039657e-05 -0.00014104120094708084 -0.00033889228401386107 7.4660078109726945e-05 -0.00019354156554737251 7.1301919935741571e-05 -0.00018389856766053245 0.00014731108857893852
leaf_weight=334 33 67 25 65 126 37 59
leaf_count=334 33 67 25 65 126 37 59
internal_value=6.70241e-05 -0.00379747 -0.00923913 -0.0015625 0.00141509 0.00290698 -0.00208333
internal_weight=746 316 92 224 159 430 96
internal_count=746 316 92 224 159 430 96
is_linear=0
shrinkage=0.05


Tree=7
num_leaves=8
num_cat=0
split_feature=5 11 12 14 6 12 8
split_gain=2.83043 1.49708 1.31765 1.33704 1.27037 1.11535 1.0223
threshold=0.016220206282205062 0.025734816417073651 0.035088543452977745 -0.023264351429904847 -0.59830049657561191 -0.010634803244441824 0.042800752445000818
decision_type=2 2 2 2 2 2 10
left_child=1 5 3 -2 -5 -1 -7
right_child=2 -3 -4 4 -6 6 -8
leaf_value=0.00010740770425771056 -0.00028699473628943572 0.00020339356978607933 9.888713186432739e-06 3.5888048316186188e-05 -0.00032194766981316798 -1.7490152266206195e-05 7.2566462200992279e-05
leaf_weight=94 45 50 51 27 63 344 71
leaf_count=94 45 50 51 27 63 344 71
internal_value=-3.3557e-05 0.00174419 -0.00537634 -0.00796296 -0.00444444 0.000933202 -0.000180723
internal_weight=745 559 186 135 90 509 415
internal_count=745 559 186 135 90 509 415
is_linear=0
shrinkage=0.05


Tree=8
num_leaves=8
num_cat=0
split_feature=6 2 8 8 3 3 13
split_gain=1.73714 2.25138 2.09681 2.88945 2.09694 2.35917 2.55789
threshold=0.57161417057522967 -0.069513757280169328 -0.021968757932932733 0.069494649527250166 0.0066474156407099203 0.003593508043849281 16.085000038146976
decision_type=2 2 8 10 2 2 2
left_child=2 -2 -1 4 5 6 -4
right_child=1 -3 3 -5 -6 -7 -8
leaf_value=8.1367562939978211e-05 -0.00033243287561216493 -2.3786222976062343e-05 -0.00020821176505017144 0.0001768222468227478 -0.00020641927340843931 0.00020128148751871503 9.1283528328678722e-06
leaf_weight=301 41 118 76 50 34 30 114
leaf_count=301 41 118 76 50 34 30 114
internal_value=0.000719895 -0.00393082 0.00194215 -0.000986842 -0.00314961 -0.00136364 -0.00342105
internal_weight=764 159 605 304 254 220 190
internal_count=764 159 605 304 254 220 190
is_linear=0
shrinkage=0.05


Tree=9
num_leaves=8
num_cat=0
split_feature=6 8 5 5 7 7 14
split_gain=1.91617 2.2419 2.64718 2.27576 2.32552 3.11286 2.14272
threshold=0.76691453663056253 -0.035848642929057199 0.015109682855520392 0.014325072910795695 0.04911021000080696 0.0060890315509850588 -0.010446241084373918
decision_type=2 8 2 2 2 2 2
left_child=1 6 3 4 5 -3 -1
right_child=-2 2 -4 -5 -6 -7 -8
leaf_value=3.5012754431198135e-06 -0.00015593880062562271 0.00010572863305362231 -0.00013623996095717944 0.00017613935382329774 0.00023469046123717458 -0.00017121671598027707 0.00012303010481071771
leaf_weight=131 118 106 105 32 29 79 144
leaf_count=131 118 106 105 32 29 79 144
internal_value=0.000336022 0.0014377 -0.00121083 0.00162602 -0.000233645 -0.0022973 0.00481818
internal_weight=744 626 351 246 214 185 275
internal_count=744 626 351 246 214 185 275
is_linear=0
shrinkage=0.05


Tree=10
num_leaves=8
num_cat=0
split_feature=5 7 8 6 9 14 11
split_gain=3.07229 1.42071 1.54505 1.83674 1.32474 1.31377 1.43186
threshold=0.016481881066690653 0.050731177453382965 -0.021968757932932733 0.76691453663056253 -0.055939050502336767 0.037142264963949019 0.0079966133143608582
decision_type=2 2 10 2 10 2 2
left_child=1 2 3 4 -1 6 -4
right_child=-2 -3 5 -5 -6 -7 -8
leaf_value=0.00013304110857413664 -9.5064794748264212e-05 0.00018952554890421035 -0.00013625045704127145 -0.00012128364741052882 -8.2872584627158562e-05 0.0001251888220932241 7.0865007860673738e-06
leaf_weight=213 168 45 96 46 35 47 99
leaf_count=213 168 45 96 46 35 47 99
internal_value=0.000300401 0.00202238 0.00130597 0.0037415 0.00544355 -0.00165289 -0.00346154
internal_weight=749 581 536 294 248 242 195
internal_count=749 581 536 294 248 242 195
is_linear=0
shrinkage=0.05


Tree=11
num_leaves=8
num_cat=0
split_feature=6 8 8 5 10 7 7
split_gain=1.68918 1.72193 2.55688 2.9092 2.0525 1.44823 1.64492
threshold=0.70330994483669484 0.083979906109420868 -0.035848642929057199 0.014885941507945795 0.0049263668881139875 0.034245633938355564 0.0226002094407225
decision_type=2 10 8 2 2 2 2
left_child=1 2 -1 5 -5 6 -4
right_child=-2 -3 3 4 -6 -7 -8
leaf_value=6.120925619682492e-05 -0.00013078176079946098 0.00016521497447184735 1.2357539100113589e-05 -9.2228192055608503e-05 -0.00038288224688216112 0.0001701296921265534 -0.0003096843507233248
leaf_weight=256 133 45 171 63 28 26 25
leaf_count=256 133 45 171 63 28 26 25
internal_value=3.34672e-05 0.00114007 0.000395431 -0.00263578 -0.0101648 0.00045045 -0.00102041
internal_weight=747 614 569 313 91 222 196
internal_count=747 614 569 313 91 222 196
is_linear=0
shrinkage=0.05


Tree=12
num_leaves=8
num_cat=0
split_feature=5 5 5 5 1 12 6
split_gain=2.38039 1.52826 2.08009 1.98151 1.39942 1.84197 1.39736
threshold=0.019255185606442318 0.012149573967229646 0.011608610105633611 0.011118971772450673 1.0000000180025095e-35 0.0077064293796303982 0.13965097545477881
decision_type=2 2 2 2 2 2 2
left_child=1 2 3 4 5 -1 -4
right_child=-2 -3 6 -5 -6 -7 -8
leaf_value=-1.3582155259617406e-05 -0.00010475853925818779 -1.4534817683063132e-05 0.00023335034172245188 -0.00014868182684366828 -3.4840539925664377e-05 0.0002533033239074792 3.3286751285795896e-05
leaf_weight=25 49 454 52 49 44 36 25
leaf_count=25 49 454 52 49 44 36 25
internal_value=-6.81199e-05 0.000693431 0.00400433 0.000649351 0.00452381 0.00942623 0.0107143
internal_weight=734 685 231 154 105 61 77
internal_count=734 685 231 154 105 61 77
is_linear=0
shrinkage=0.05


Tree=13
num_leaves=8
num_cat=0
split_feature=14 3 15 8 16 10 16
split_gain=1.61211 2.01672 1.59704 1.86549 2.07318 2.15873 1.56279
threshold=-0.0082882010072965456 -0.0087641703419542565 0.0015478548278315964 -0.1248943848858539 -0.008807687854985367 -0.0072745157566194698 0.026158363787923137
decision_type=2 2 2 8 2 2 2
left_child=1 -1 3 -2 5 -5 -4
right_child=2 -3 6 4 -6 -7 -8
leaf_value=-0.00033986549646400246 0.00014084044386505762 -1.2980863888084096e-05 0.00021085834532951419 -6.1072515613760402e-05 -0.00010378948447087462 0.00013975922454913787 -5.3694624909707197e-05
leaf_weight=27 33 328 73 63 138 56 27
leaf_count=27 33 328 73 63 138 56 27
internal_value=-0.000167785 -0.00260563 0.00205128 0.000172414 -0.00126459 0.00357143 0.0075
internal_weight=745 355 390 290 257 119 100
internal_count=745 355 390 290 257 119 100
is_linear=0
shrinkage=0.05


Tree=14
num_leaves=8
num_cat=0
split_feature=5 12 8 3 15 6 7
split_gain=2.09738 1.73552 1.62081 2.88847 3.03835 1.6281 1.65525
threshold=0.019255185606442318 0.048519167358985434 -0.021968757932932733 -0.0068574957348836998 -0.002458260233770881 0.41104662984815615 -0.021328904447411031
decision_type=2 2 10 2 2 2 2
left_child=1 2 5 -4 -5 6 -1
right_child=-2 -3 3 4 -6 -7 -8
leaf_value=2.2289475572045191e-05 -8.2209961945187322e-05 8.6807205142979465e-05 0.00013179655324991506 -0.00034019491850416903 -2.2612400904187607e-05 -0.00013258967698406452 0.0002045132661204046
leaf_weight=167 45 87 43 75 157 73 72
leaf_count=167 45 87 43 75 157 73 72
internal_value=-0.000104312 0.000593472 -0.000383305 -0.00318182 -0.00538793 0.00208333 0.0040795
internal_weight=719 674 587 275 232 312 239
internal_count=719 674 587 275 232 312 239
is_linear=0
shrinkage=0.05


Tree=15
num_leaves=8
num_cat=0
split_feature=4 16 3 12 11 9 3
split_gain=2.12609 1.31104 1.27789 1.28643 2.30205 1.69452 1.6569
threshold=0.035307579882254088 0.0014488890323394179 0.006544077714069175 0.044320359090521573 0.010672251689981873 -0.085757013180579919 -0.0049357228676484835
decision_type=2 2 2 2 2 10 2
left_child=2 -2 3 5 -5 6 -1
right_child=1 -3 -4 4 -6 -7 -8
leaf_value=-3.3565014123712773e-05 -0.00034282922677007804 -3.8981550325045691e-05 -8.4456668186342918e-05 0.00023009567122956703 -1.1284323566077915e-05 -3.996834992130256e-05 0.00014316874092206624
leaf_weight=81 26 46 119 54 50 187 180
leaf_count=81 26 46 119 54 50 187 180
internal_value=-0.000168237 -0.00833333 0.000707899 0.00172101 0.00673077 0.000558036 0.00316092
internal_weight=743 72 671 552 104 448 261
internal_count=743 72 671 552 104 448 261
is_linear=0
shrinkage=0.05


Tree=16
num_leaves=8
num_cat=0
split_feature=6 15 3 8 7 3 10
split_gain=1.47318 1.36894 2.28378 1.90539 2.21388 1.80553 2.25181
threshold=2.0423010935937058 0.015049129924874173 0.0039166125308605091 -0.024047714302833752 0.013664816329970854 -0.0036979916085822513 -0.0049441493240062187
decision_type=2 2 2 8 2 2 2
left_child=1 3 -3 4 5 -1 -7
right_child=-2 2 -4 -5 -6 6 -8
leaf_value=-6.0984633024138273e-05 -0.00027721419335087087 -0.00032746363180723289 4.3608353434531743e-05 -1.0376330074484135e-05 0.00022752375185583541 0.00026458278783561475 6.6620254916903432e-05
leaf_weight=72 52 37 37 344 32 37 146
leaf_count=72 52 37 37 344 32 37 146
internal_value=0.000429326 0.00102837 -0.00540541 0.00178288 0.00479094 0.00323529 0.00587432
internal_weight=757 705 74 631 287 255 183
internal_count=757 705 74 631 287 255 183
is_linear=0
shrinkage=0.05


Tree=17
num_leaves=8
num_cat=0
split_feature=5 11 3 8 12 16 3
split_gain=1.97571 2.66195 2.3845 1.99578 1.48214 1.5757 1.28315
threshold=0.016220206282205062 0.021151799211171721 0.0062454707581149913 -0.023263200875955455 0.044456932771925313 -0.0092303718740776013 0.0034111142430199863
decision_type=2 2 2 10 2 2 2
left_child=1 2 4 -4 5 -1 -3
right_child=-2 6 3 -5 -6 -7 -8
leaf_value=0.0001147135343001927 -5.7141754372894583e-05 7.0353265357912031e-05 2.500622758798551e-05 -0.00030099318457992691 0.0001792796858449736 -2.5481081042080889e-05 0.0002909542417081844
leaf_weight=123 190 38 37 45 61 219 33
leaf_count=123 190 38 37 45 61 219 33
internal_value=-0.000335121 0.00116906 -0.000154639 -0.00792683 0.0014268 0.000146199 0.0102113
internal_weight=746 556 485 82 403 342 71
internal_count=746 556 485 82 403 342 71
is_linear=0
shrinkage=0.05


Tree=18
num_leaves=8
num_cat=0
split_feature=4 11 12 6 3 3 15
split_gain=1.72548 1.69711 1.50124 1.36926 1.62353 1.33692 1.32379
threshold=0.028174155258886165 0.025734816417073651 0.025891227529327935 0.57161417057522967 0.0061519097183158076 -0.013817974816503929 0.00079154858240726444
decision_type=2 2 2 2 2 2 2
left_child=1 5 -3 4 -2 -1 -7
right_child=3 2 -4 -5 -6 6 -8
leaf_value=0.00015192864228323919 7.463387253455953e-07 0.00019426585767921093 9.6032314713087437e-06 -0.00034357252791762357 -0.00030076498014910253 -5.9471125255802245e-05 6.8161685880815061e-05
leaf_weight=26 138 28 25 28 32 224 252
leaf_count=26 138 28 25 28 32 224 252
internal_value=-3.32005e-05 0.0013964 0.00990566 -0.0040404 -0.00235294 0.000498008 -0.000105042
internal_weight=753 555 53 198 170 502 476
internal_count=753 555 53 198 170 502 476
is_linear=0
shrinkage=0.05


Tree=19
num_leaves=8
num_cat=0
split_feature=5 11 12 13 2 9 13
split_gain=1.5265 1.96893 1.39478 1.90654 1.34815 1.56134 1.282
threshold=0.016220206282205062 0.021151799211171721 -0.017790362048334726 20.060000419616703 0.091173468454581089 -0.074501383905930016 14.675000190734865
decision_type=2 2 2 2 2 8 2
left_child=1 -1 -2 4 5 -4 -3
right_child=2 6 3 -5 -6 -7 -8
leaf_value=-1.4405251036964975e-06 -0.0002818612060169123 1.4690236237877367e-05 1.5767298017792515e-05 0.00016508570123207838 7.2739424171394931e-05 -0.00030054818593981935 0.00019726013467127957
leaf_weight=491 46 29 29 29 27 49 39
leaf_count=491 46 29 29 29 27 49 39
internal_value=-0.000439783 0.000849732 -0.00444444 -0.00186567 -0.005 -0.00833333 0.00882353
internal_weight=739 559 180 134 105 78 68
internal_count=739 559 180 134 105 78 68
is_linear=0
shrinkage=0.05


Tree=20
num_leaves=8
num_cat=0
split_feature=4 3 1 2 2 9 12
split_gain=1.8522 1.48573 1.48043 1.75826 1.46553 1.34899 2.23382
threshold=0.025052937700924132 0.0063476272661455732 0.021073746232890492 0.043605358124990785 -0.020852611325578137 -0.086547953176502532 0.018681832940772639
decision_type=2 2 2 2 2 8 2
left_child=2 -2 3 5 -3 -1 -7
right_child=1 4 -4 -5 -6 6 -8
leaf_value=0.00018739712793771561 -1.3113587876375199e-05 -3.4877476536378934e-06 0.00013803896714492428 -0.00038069683057989542 -0.00036597432190699805 -9.6812425814804797e-05 6.9847376686900433e-05
leaf_weight=87 260 29 115 37 42 79 102
leaf_count=87 260 29 115 37 42 79 102
internal_value=-0.000299601 -0.00309668 0.00190476 8.19672e-05 -0.00950704 0.00149254 -0.000966851
internal_weight=751 331 420 305 71 268 181
internal_count=751 331 420 305 71 268 181
is_linear=0
shrinkage=0.05


Tree=21
num_leaves=8
num_cat=0
split_feature=6 2 4 2 0 12 15
split_gain=2.01563 1.83898 2.04103 1.40833 1.24291 1.22077 1.07485
threshold=0.40449457628818769 -0.037380139359785174 0.021734380449418094 0.046711324026165076 -0.025141893722126715 0.021636027658746174 0.015380960154217862
decision_type=2 2 2 2 2 2 2
left_child=4 5 -3 -4 -1 -2 -6
right_child=1 2 3 -5 6 -7 -8
leaf_value=-2.9256897826973302e-05 -0.00033108083707412885 0.00021102057821395211 1.2693207763537618e-05 -0.00043382577269579834 2.6371414248290522e-05 -4.1903168984582399e-05 -5.0682535728329916e-05
leaf_weight=30 47 31 45 27 484 26 58
leaf_count=30 47 31 45 27 484 26 58
internal_value=0.00013369 -0.00454545 -0.000242718 -0.00486111 0.00157343 -0.0106164 0.00212177
internal_weight=748 176 103 72 572 73 542
internal_count=748 176 103 72 572 73 542
is_linear=0
shrinkage=0.05


Tree=22
num_leaves=8
num_cat=0
split_feature=8 15 15 15 9 8 8
split_gain=1.60887 1.29477 2.35586 1.97732 1.99457 1.85549 2.6531
threshold=-0.21469734420255607 0.00079154858240726444 -0.0033970164695356071 0.015049129924874173 -0.23559342491978355 -0.032262264716009785 0.069494649527250166
decision_type=10 2 2 2 10 10 10
left_child=-1 2 -2 5 -5 -3 -7
right_child=1 3 -4 4 -6 6 -8
leaf_value=-7.6251226309864524e-05 8.8589548107948824e-06 0.0002012068422096336 -0.0001534617981344719 0.00011521548308142533 -0.00031525222556504198 -4.0374429225601036e-05 0.00018966957077726717
leaf_weight=39 251 117 90 25 48 129 43
leaf_count=39 251 117 90 25 48 129 43
internal_value=0.000269542 0.000817923 -0.00139296 0.00290055 -0.00445205 0.00475779 0.00145349
internal_weight=742 703 341 362 73 289 172
internal_count=742 703 341 362 73 289 172
is_linear=0
shrinkage=0.05


Tree=23
num_leaves=8
num_cat=0
split_feature=6 2 15 15 10 15 14
split_gain=1.66606 1.50846 1.37118 1.30593 1.47995 1.44048 0.967822
threshold=0.76691453663056253 -0.041512287436455401 0.0023454963932857402 0.015049129924874173 0.0075491306904977859 0.02007057929562495 -0.036136320679139293
decision_type=2 2 2 2 2 2 2
left_child=3 -2 -3 4 6 -5 -1
right_child=1 2 -4 5 -6 -7 -8
leaf_value=6.304369598124685e-05 -0.00031496974296096213 0.00012932529164370789 -0.00016928991156740775 -0.00021307334814749985 0.00018035053957526321 3.889098361708086e-05 -7.7365744341056925e-07
leaf_weight=78 45 44 34 36 72 27 415
leaf_count=78 45 44 34 36 72 27 415
internal_value=-0.000166445 -0.0054878 -0.00128205 0.000875796 0.00163717 -0.00595238 0.000659229
internal_weight=751 123 78 628 565 63 493
internal_count=751 123 78 628 565 63 493
is_linear=0
shrinkage=0.05


Tree=24
num_leaves=8
num_cat=0
split_feature=11 6 2 1 4 4 10
split_gain=1.8304 1.68713 1.3779 1.93072 1.50963 1.36821 1.56413
threshold=-0.029337465505850421 0.83835423201842718 0.024457490889496784 -0.040791047090256098 0.026855897379832776 0.019695839555359643 0.0050524720559372857
decision_type=2 2 2 2 2 2 2
left_child=-1 2 3 4 -2 -4 -7
right_child=1 -3 5 -5 -6 6 -8
leaf_value=-0.00039364107705887178 0.00027269609819301812 -0.00011681767094642062 0.00015851717618455441 -1.0409598140669097e-05 2.1254992941596197e-05 0.00011834373511914581 -5.6451906699805499e-05
leaf_weight=30 38 111 37 334 53 106 40
leaf_count=30 38 111 37 334 53 106 40
internal_value=0.000433912 0.000938804 0.00197368 0.000411765 0.00686813 0.00560109 0.00342466
internal_weight=749 719 608 425 91 183 146
internal_count=749 719 608 425 91 183 146
is_linear=0
shrinkage=0.05


Tree=25
num_leaves=8
num_cat=0
split_feature=16 6 5 14 12 6 13
split_gain=2.00663 1.36495 1.11527 1.24907 1.39635 1.72499 1.4621
threshold=-0.046981688485124011 3.1695613738414337 0.019255185606442318 -0.086337752297859935 -0.010634803244441824 -0.68907116717388539 15.194999694824221
decision_type=2 2 2 2 2 2 2
left_child=-1 2 3 -2 5 -5 -6
right_child=1 -3 -4 4 6 -7 -8
leaf_value=-0.00014729740805954352 0.00017294325484565684 -0.00042436573411436506 -6.1100657426702278e-05 -2.2954807664420662e-05 3.5921222144331966e-05 0.00018113826811467609 -4.1149065247635381e-05
leaf_weight=29 45 25 44 27 231 74 282
leaf_count=29 45 25 44 27 231 74 282
internal_value=-3.30251e-05 0.000480769 0.000889047 0.00140364 0.000814332 0.00618812 -0.000243665
internal_weight=757 728 703 659 614 101 513
internal_count=757 728 703 659 614 101 513
is_linear=0
shrinkage=0.05


Tree=26
num_leaves=8
num_cat=0
split_feature=8 11 5 9 14 13 6
split_gain=1.41432 1.65809 1.3811 1.63974 1.00031 1.12695 2.24418
threshold=-0.20166020075161636 0.021151799211171721 0.016306702609039506 -0.097459585432116067 0.13092898697672287 14.870000362396242 0.40449457628818769
decision_type=10 2 2 8 2 2 2
left_child=-1 4 3 -3 5 -2 -7
right_child=1 2 -4 -5 -6 6 -8
leaf_value=-0.00010864660046721121 4.3282238930909912e-05 0.00023330196359929204 -1.2158259682698829e-05 5.9997443770169268e-05 0.00012654685477290285 3.5291866885557057e-06 -0.00028100935925252614
leaf_weight=42 181 25 25 48 31 293 92
leaf_count=42 181 25 25 48 31 293 92
internal_value=0.000576662 0.00111511 0.00714286 0.0106164 0.000125628 -0.000353357 -0.00188312
internal_weight=737 695 98 73 597 566 385
internal_count=737 695 98 73 597 566 385
is_linear=0
shrinkage=0.05


Tree=27
num_leaves=8
num_cat=0
split_feature=0 9 0 0 0 4 9
split_gain=1.54238 1.86189 1.14217 1.68946 1.50606 1.6092 1.07848
threshold=-0.023803144911670789 -0.14518159262029026 -0.019801742081407555 -0.012626624941436569 -0.0085012184137901996 0.023429692782398332 -0.15358335606873505
decision_type=2 10 2 2 2 2 10
left_child=1 -1 -2 6 5 -5 -4
right_child=2 -3 3 4 -6 -7 -8
leaf_value=1.6287577692887696e-06 0.00036857650860308566 -0.00027946044442955336 -0.000270912070352398 0.0001091786864063199 1.4553393875760615e-06 -1.5565711060428011e-05 -4.9750448935133395e-05
leaf_weight=31 25 30 29 30 537 28 39
leaf_count=31 25 30 29 30 537 28 39
internal_value=-0.000166889 -0.00778689 0.000508721 0.000113122 0.000966387 0.00862069 -0.00735294
internal_weight=749 61 688 663 595 58 68
internal_count=749 61 688 663 595 58 68
is_linear=0
shrinkage=0.05


Tree=28
num_leaves=8
num_cat=0
split_feature=15 15 5 3 3 13 7
split_gain=1.02241 1.40384 1.76212 1.36596 2.26138 2.00858 1.4392
threshold=-0.0087391274617699671 0.00079154858240726444 0.013820428143997513 0.0022328245694400732 -0.00014478215088647992 18.675000190734867 0.0074880738810915179
decision_type=2 2 2 2 2 2 2
left_child=-1 3 -3 4 5 6 -2
right_child=1 2 -4 -5 -6 -7 -8
leaf_value=3.3171505205829582e-05 3.9628865020180459e-05 8.7004651544518108e-05 -5.9119378520058885e-05 -0.00014282856883884111 8.0441022350704645e-05 -0.00052518174474560297 -0.0001923790153380109
leaf_weight=162 56 208 181 65 33 29 30
leaf_count=162 56 208 181 65 33 29 30
internal_value=-0.00013089 -0.00107973 0.000706941 -0.00434272 -0.00168919 -0.005 -0.00116279
internal_weight=764 602 389 213 148 115 86
internal_count=764 602 389 213 148 115 86
is_linear=0
shrinkage=0.05


Tree=29
num_leaves=8
num_cat=0
split_feature=5 3 6 4 7 11 5
split_gain=1.4836 1.46413 1.479 1.42314 2.00275 1.24857 1.14459
threshold=0.019255185606442318 -0.013817974816503929 0.57161417057522967 0.026032187332635563 -0.011593226418885548 0.025734816417073651 0.017575554694961196
decision_type=2 2 2 2 2 2 2
left_child=1 -1 3 5 -5 -3 -6
right_child=-2 2 -4 4 6 -7 -8
leaf_value=0.00014947336649910896 -8.1669446136943286e-05 2.6825722781748543e-05 -0.0001029453814823931 1.9499437790547816e-05 -0.00019672106816712306 0.00014348879355534298 7.1412353884798937e-06
leaf_weight=41 47 302 119 104 56 36 27
leaf_count=41 47 302 119 104 56 36 27
internal_value=0.000614754 0.00120438 0.000621118 0.0017619 -0.00173797 0.00369822 -0.00753012
internal_weight=732 685 644 525 187 338 83
internal_count=732 685 644 525 187 338 83
is_linear=0
shrinkage=0.05


Tree=30
num_leaves=8
num_cat=0
split_feature=5 6 9 8 13 16 8
split_gain=1.35541 1.28 1.21601 2.07124 1.52803 1.58441 1.41504
threshold=0.019255185606442318 -0.29921871956306884 -0.086547953176502532 0.069494649527250166 16.935000419616703 -0.011035429843640919 -0.072423167516690132
decision_type=2 2 8 10 2 2 10
left_child=2 -2 4 -4 6 -6 -1
right_child=1 -3 3 -5 5 -7 -8
leaf_value=2.0776400223893827e-05 8.0285978474850882e-06 -0.00040110332563663917 -8.3126022275770848e-06 0.00010895289973013069 0.00012158171265202623 -9.1904596217238984e-05 0.0002036945184935829
leaf_weight=38 25 25 376 63 55 91 65
leaf_count=38 25 25 376 63 55 91 65
internal_value=0.000948509 -0.007 0.00152616 -5.69476e-05 0.00431727 0.0010274 0.00898058
internal_weight=738 50 688 439 249 146 103
internal_count=738 50 688 439 249 146 103
is_linear=0
shrinkage=0.05


Tree=31
num_leaves=8
num_cat=0
split_feature=8 8 0 10 6 8 15
split_gain=1.09907 1.48485 1.67504 2.4967 1.63726 2.84207 1.49383
threshold=0.081884721069292135 0.0061417630654582176 0.016746049380035658 0.0023442699463880339 0.13965097545477881 -0.092926065608705075 -0.004894980376561441
decision_type=10 8 2 2 2 10 2
left_child=1 4 3 -3 -1 -6 -7
right_child=-2 2 -4 -5 5 6 -8
leaf_value=3.9074632394012887e-05 0.00012105945484038619 -7.7652678013417219e-07 9.7113784731140288e-05 -0.00029305323149261407 -0.00018702616602285944 0.00020828061724884698 -8.3983923931178159e-05
leaf_weight=344 58 107 27 54 40 27 81
leaf_count=344 58 107 27 54 40 27 81
internal_value=0.00115176 0.000588235 -0.00319149 -0.00512422 0.00203252 -0.00236486 0.00185185
internal_weight=738 680 188 161 492 148 108
internal_count=738 680 188 161 492 148 108
is_linear=0
shrinkage=0.05


Tree=32
num_leaves=8
num_cat=0
split_feature=9 4 9 12 6 15 10
split_gain=1.17366 1.91622 1.90771 1.65381 1.62 1.42735 1.66597
threshold=-0.086547953176502532 0.037435379187607878 -0.076171725194559933 0.013959702571110679 -0.12853227618610122 0.00079154858240726444 -0.010112214023305697
decision_type=8 2 8 2 2 2 2
left_child=1 3 -2 -1 -3 6 -4
right_child=2 4 5 -5 -6 -7 -8
leaf_value=0.00015518377268976567 -0.00029423015309318888 6.1750264960890464e-05 4.3076073571429384e-05 1.1034211356625171e-05 -0.00033158796882779479 3.0439298438936789e-05 -7.336503789904668e-05
leaf_weight=106 30 25 31 136 25 230 168
leaf_count=106 30 25 31 136 25 230 168
internal_value=0.000432756 0.00291096 -0.00114379 0.00475207 -0.006 -0.000291375 -0.00339196
internal_weight=751 292 459 242 50 429 199
internal_count=751 292 459 242 50 429 199
is_linear=0
shrinkage=0.05


Tree=33
num_leaves=8
num_cat=0
split_feature=5 9 13 8 13 13 3
split_gain=1.62891 1.47037 1.68736 1.62127 1.31456 2.03948 1.04608
threshold=0.018291846022440609 -0.088754129870044315 16.935000419616703 -0.041843460174804385 19.520000457763675 18.564999580383304 -0.0094669194158165642
decision_type=2 8 2 10 2 2 2
left_child=1 2 3 -1 5 -4 -3
right_child=-2 6 4 -5 -6 -7 -8
leaf_value=5.8662751712845916e-05 -5.7177849950931392e-05 0.00010393347586383443 1.5830416033733169e-05 0.00019243982448076782 0.00015323765663992708 -0.00042865544420452777 -6.973303251358709e-06
leaf_weight=59 60 46 57 42 57 28 399
leaf_count=59 60 46 57 42 57 28 399
internal_value=0.00040107 0.00109012 0.00421811 0.00915842 0.000704225 -0.00323529 -0.000617978
internal_weight=748 688 243 101 142 85 445
internal_count=748 688 243 101 142 85 445
is_linear=0
shrinkage=0.05


Tree=34
num_leaves=8
num_cat=0
split_feature=6 8 6 12 16 6 8
split_gain=1.13455 1.6053 2.30545 1.69369 2.44936 1.47049 1.398
threshold=0.40449457628818769 -0.035848642929057199 -0.10252697334533935 0.031500787286736449 0.015496669761642547 -0.46970222507303394 -0.092926065608705075
decision_type=2 8 2 2 2 2 8
left_child=1 -1 3 -3 5 -5 -2
right_child=6 2 -4 4 -6 -7 -8
leaf_value=4.9780123041736313e-05 -0.00019229009762593998 -9.2311252456784079e-05 0.00012378044173048911 0.00021370447078939607 -0.00013719768923834013 2.5844266802137412e-05 -2.2050168208749902e-06
leaf_weight=242 31 157 63 36 35 28 157
leaf_count=242 31 157 63 36 35 28 157
internal_value=0.000967957 0.00209447 -0.00023511 -0.00234375 0.00277778 0.00859375 -0.00239362
internal_weight=749 561 319 256 99 64 188
internal_count=749 561 319 256 99 64 188
is_linear=0
shrinkage=0.05


Tree=35
num_leaves=8
num_cat=0
split_feature=13 13 7 14 0 9 12
split_gain=1.2284 2.34083 1.28 1.10736 1.36932 1.35572 2.20913
threshold=22.330000877380375 24.385000228881839 -0.058751752052559274 0.082777995482000835 0.0060737203789148495 -0.057575972916604205 0.037928196515582775
decision_type=2 2 2 2 2 8 2
left_child=3 -2 -3 4 5 -1 -7
right_child=1 2 -4 -5 -6 6 -8
leaf_value=8.5835594112418378e-06 -0.00036399549597573258 -0.00030717529634457336 0.0001099257604847817 0.00013146062248654451 3.2339752019135613e-05 -9.8746014158885347e-05 6.7864392810317855e-05
leaf_weight=201 30 25 25 55 204 159 54
leaf_count=201 30 25 25 55 204 159 54
internal_value=0.000232404 -0.005625 0.001 0.000928678 0.000323625 -0.0013285 -0.00410798
internal_weight=753 80 50 673 618 414 213
internal_count=753 80 50 673 618 414 213
is_linear=0
shrinkage=0.05


Tree=36
num_leaves=8
num_cat=0
split_feature=5 14 5 12 0 15 7
split_gain=1.29185 1.68936 1.45782 2.02843 2.08442 1.59698 1.27249
threshold=0.012149573967229646 -0.060408912479391223 0.011906898581236931 0.018300585025284647 -0.0079433549983367029 -0.0033970164695356071 0.0039020571363138639
decision_type=2 2 2 2 2 2 2
left_child=1 -1 3 4 -3 -5 -2
right_child=6 2 -4 5 -6 -7 -8
leaf_value=0.00033566716641980762 7.5753612547852307e-06 9.030923956680803e-06 0.00013826023952229457 0.00019240218150213067 -0.00012167168947637975 1.7954714859700143e-05 -7.9996226942046899e-05
leaf_weight=27 305 30 37 30 49 67 205
leaf_count=27 305 30 37 30 49 67 205
internal_value=0.000933333 0.00395833 0.00246479 0.000568182 -0.00537975 0.00541237 -0.000490196
internal_weight=750 240 213 176 79 97 510
internal_count=750 240 213 176 79 97 510
is_linear=0
shrinkage=0.05


Tree=37
num_leaves=8
num_cat=0
split_feature=14 14 13 1 8 11 14
split_gain=1.35543 1.81263 2.70605 2.53927 1.86491 1.93465 1.32188
threshold=-0.0091057157714133346 -0.036136320679139293 21.134999275207523 0.041206853877483247 -0.015455356627880055 0.0040071134155756924 -0.0032889554051496734
decision_type=2 2 2 2 10 2 2
left_child=1 2 4 -3 -1 -6 -2
right_child=6 3 -4 -5 5 -7 -8
leaf_value=0.00014129255931628521 0.00014708520873944468 -0.00013244349193759232 -0.00044531082507169605 0.00011454660892993722 -0.00021449718620351424 8.9195454253613012e-05 1.1207908096847083e-05
leaf_weight=89 46 124 33 25 34 46 361
leaf_count=89 46 124 33 25 34 46 361
internal_value=0.000923483 -0.00135328 0.00173267 -0.00553691 0.00428994 -0.00125 0.00288698
internal_weight=758 351 202 149 169 80 407
internal_count=758 351 202 149 169 80 407
is_linear=0
shrinkage=0.05


Tree=38
num_leaves=8
num_cat=0
split_feature=16 16 4 15 11 13 11
split_gain=1.29318 1.12927 1.41902 2.21754 1.89405 1.97362 1.7263
threshold=-0.046981688485124011 -0.018907081068265826 0.02622983660686622 -0.01129203605041723 0.025024628746897374 12.804999828338625 0.0038135025222709733
decision_type=2 2 2 2 2 2 2
left_child=-1 -2 3 -3 5 -5 -4
right_child=1 2 6 4 -6 -7 -8
leaf_value=-0.00013229781096859311 0.00010786888840280266 0.00013221245655158981 -0.00013613258862964859 0.00011825603924726959 0.00010791112022410898 -7.9738085248737964e-06 4.2135294096821988e-07
leaf_weight=29 101 42 65 25 50 289 147
leaf_count=29 101 42 65 25 50 289 147
internal_value=0.000868984 0.00128651 0.000485437 0.00221675 0.000961538 -0.000477707 -0.00283019
internal_weight=748 719 618 406 364 314 212
internal_count=748 719 618 406 364 314 212
is_linear=0
shrinkage=0.05


Tree=39
num_leaves=8
num_cat=0
split_feature=6 5 14 15 6 11 10
split_gain=1.31177 1.68 1.31732 1.69554 1.17303 2.24775 1.71406
threshold=0.41104662984815615 0.011051626127209524 0.039671535485110161 -0.00075124895020550742 -0.020073724202715051 0.011995424510659937 -0.0012922335739780075
decision_type=2 2 2 2 2 2 2
left_child=4 -2 3 -3 -1 6 -6
right_child=1 2 -4 -5 5 -7 -8
leaf_value=6.2431929563329907e-06 0.00017128065102270439 -0.00026765354397660207 3.8409073599739514e-05 -0.00016256873050252515 0.00012434711832087932 0.00018060550612218797 -1.9452120721135704e-05
leaf_weight=465 25 33 44 73 31 30 36
leaf_count=465 25 33 44 73 31 30 36
internal_value=0.00078019 -0.003 -0.005 -0.00801887 0.0019573 0.00695876 0.00186567
internal_weight=737 175 150 106 562 97 67
internal_count=737 175 150 106 562 97 67
is_linear=0
shrinkage=0.05


Tree=40
num_leaves=8
num_cat=0
split_feature=10 15 10 6 8 11 14
split_gain=1.23898 2.50666 1.31296 2.12268 1.69867 1.56425 1.45567
threshold=0.0077313618831305062 0.012954714611017938 -0.0043670108035313007 2.1143395912941121 0.10171459265394468 0.0069843130840521192 0.042851800685698833
decision_type=2 2 2 2 10 2 2
left_child=2 -2 5 4 -4 6 -1
right_child=1 -3 3 -5 -6 -7 -8
leaf_value=0.00015277289034891164 0.00017028264149673307 -4.6357744350552895e-06 -6.6025120625733302e-06 -0.00056615096765104357 0.00012727461275268106 -7.9148295569233783e-05 3.2714424002198808e-05
leaf_weight=40 61 73 381 26 36 26 107
leaf_count=40 61 73 381 26 36 26 107
internal_value=0.000866667 0.00522388 -8.11688e-05 -0.0015237 -0.000659472 0.00361272 0.00561224
internal_weight=750 134 616 443 417 173 147
internal_count=750 134 616 443 417 173 147
is_linear=0
shrinkage=0.05


Tree=41
num_leaves=8
num_cat=0
split_feature=5 2 8 0 3 3 3
split_gain=1.31494 1.57881 1.67365 1.55582 1.84674 1.60582 1.33793
threshold=0.012115175386177001 0.024669724658787143 -0.019685653659697207 0.01012801166418076 -0.0043909117205510597 0.00063975129224080895 -0.0062858618334631347
decision_type=2 2 8 2 2 2 2
left_child=1 2 3 4 -1 -6 -2
right_child=6 -3 -4 -5 5 -7 -8
leaf_value=-2.8148631266100999e-05 8.0751432509686482e-06 0.00014119049064031768 -5.7870399183455882e-05 -4.4754668968543387e-05 0.00031105749133373509 5.0050981314915256e-05 -2.4843099899530186e-05
leaf_weight=39 109 51 51 25 31 40 406
leaf_count=39 109 51 51 25 31 40 406
internal_value=0.000398936 0.00348101 0.00134409 0.00425926 0.00681818 0.0116197 -0.00101942
internal_weight=752 237 186 135 110 71 515
internal_count=752 237 186 135 110 71 515
is_linear=0
shrinkage=0.05


Tree=42
num_leaves=8
num_cat=0
split_feature=3 11 2 3 7 15 7
split_gain=1.65721 1.67099 1.52921 1.32939 1.56569 1.77681 1.9987
threshold=0.0062454707581149913 0.011258246929470419 -0.060442438221793064 0.0038605068954279402 0.04911021000080696 0.015380960154217862 0.026655229331235878
decision_type=2 2 2 2 2 2 2
left_child=3 2 -2 4 5 6 -1
right_child=1 -3 -4 -5 -6 -7 -8
leaf_value=7.9064584667108355e-06 5.5678004170709767e-06 1.3065442375421706e-05 -0.00024541782969544679 0.00013352232848714388 6.6280047458128772e-05 -0.00026544274080267914 -0.0002424376842015328
leaf_weight=407 25 58 58 79 47 31 48
leaf_count=407 25 58 58 79 47 31 48
internal_value=9.96016e-05 -0.00478723 -0.00933735 0.00122549 0.00032833 -0.000514403 0.000274725
internal_weight=753 141 83 612 533 486 455
internal_count=753 141 83 612 533 486 455
is_linear=0
shrinkage=0.05


Tree=43
num_leaves=8
num_cat=0
split_feature=10 4 9 14 4 5 2
split_gain=1.28283 1.074 1.14124 1.20349 1.25997 0.982621 1.30128
threshold=-0.0028966146153551193 0.031735439697089265 -0.27823682393194221 0.049298283120689408 0.022968280231784707 0.013901818615132223 0.10018811900486625
decision_type=2 2 10 2 2 2 2
left_child=1 2 -1 -4 -5 -2 -7
right_child=5 -3 3 4 -6 6 -8
leaf_value=-2.7178176003552108e-06 5.5255150784846135e-06 -3.8962071879539285e-05 0.00014232418485039735 -0.00021017901662915501 0.00010859314461385012 -6.2716710526937878e-05 9.6773622193854967e-05
leaf_weight=59 289 34 50 27 44 209 34
leaf_count=59 289 34 50 27 44 209 34
internal_value=0.000469169 0.00373832 0.00527778 0.00805785 0.00387324 -0.000845865 -0.0031893
internal_weight=746 214 180 121 71 532 243
internal_count=746 214 180 121 71 532 243
is_linear=0
shrinkage=0.05


Tree=44
num_leaves=8
num_cat=0
split_feature=4 12 11 14 16 3 8
split_gain=1.02985 1.66072 1.77484 1.7565 2.11162 2.14952 2.57515
threshold=0.025052937700924132 -0.010634803244441824 -0.013447724126553815 -0.01759756320211869 0.0025823889020586415 -0.0006616774697872917 0.01654906975447135
decision_type=2 2 2 2 2 2 10
left_child=1 2 -1 4 -3 -6 -7
right_child=-2 3 -4 -5 5 6 -8
leaf_value=-5.1735060516288836e-06 -4.5447632334511687e-06 -0.0003190512128856955 0.00023873197112064356 4.4093135020912853e-05 0.00014159507787809547 -0.00029480751118404823 8.835882995514699e-05
leaf_weight=29 327 37 45 212 29 36 25
leaf_count=29 327 37 45 212 29 36 25
internal_value=0.000337838 0.00199758 0.00878378 0.000516224 -0.00413386 0 -0.00532787
internal_weight=740 413 74 339 127 90 61
internal_count=740 413 74 339 127 90 61
is_linear=0
shrinkage=0.05


Tree=45
num_leaves=8
num_cat=0
split_feature=5 12 10 16 9 12 11
split_gain=1.75381 1.4252 1.88673 1.73226 1.15229 1.91549 1.81274
threshold=0.016220206282205062 -0.018676010215707358 0.0025358686375718258 -0.0044219953296087957 -0.086547953176502532 0.0077064293796303982 0.010813393583964605
decision_type=2 2 2 2 8 2 2
left_child=4 -2 3 -3 5 -1 -7
right_child=1 2 -4 -5 -6 6 -8
leaf_value=0.0001692527574960341 -0.00022066299173794488 8.442146546389102e-05 -0.00010770339826848648 -9.5174038132588193e-06 -4.8858859019728331e-06 -7.563381708338866e-05 9.719170056365903e-05
leaf_weight=70 44 29 63 39 364 76 61
leaf_count=70 44 29 63 39 364 76 61
internal_value=-0.000335121 -0.00471429 -0.00209924 0.00367647 0.00100701 0.00398551 0.000547445
internal_weight=746 175 131 68 571 207 137
internal_count=746 175 131 68 571 207 137
is_linear=0
shrinkage=0.05


Tree=46
num_leaves=8
num_cat=0
split_feature=8 3 2 15 15 15 4
split_gain=1.40014 2.38791 1.91174 1.46951 1.79865 1.96463 1.6073
threshold=-0.030658119448702111 -0.013817974816503929 -0.072349072818624668 -0.0025496658002227553 0.0030114841576363021 0.0011143320643668411 0.027489872810813325
decision_type=8 2 2 2 2 2 2
left_child=2 -2 -1 -3 5 -5 -6
right_child=1 3 -4 4 6 -7 -8
leaf_value=-4.559864457840063e-06 0.00010715097853230084 -8.5735227471156906e-05 9.221374732815683e-05 -3.7204205320719948e-06 -8.306026093230727e-06 0.00023847460754378229 -0.00025103320933885225
leaf_weight=184 26 123 150 49 148 35 33
leaf_count=184 26 123 150 49 148 35 33
internal_value=0.000735294 -0.00120773 0.00314371 -0.00219072 -9.43396e-05 0.00595238 -0.00290055
internal_weight=748 414 334 388 265 84 181
internal_count=748 414 334 388 265 84 181
is_linear=0
shrinkage=0.05


Tree=47
num_leaves=8
num_cat=0
split_feature=16 8 1 14 8 0 13
split_gain=1.77659 1.09517 1.24943 1.37155 1.80847 1.80799 1.7574
threshold=-0.046981688485124011 0.081884721069292135 0.064476178697315381 0.068214198873392098 -0.024047714302833752 -0.01270815621962401 16.345000267028812
decision_type=2 10 2 2 8 2 2
left_child=-1 2 3 4 5 6 -2
right_child=1 -3 -4 -5 -6 -7 -8
leaf_value=-0.0002757495238240134 1.3194588063175899e-05 7.0810695255786124e-05 -8.255598612674966e-05 8.515501196340651e-05 -2.9558636890784659e-05 4.8570774207927996e-05 -0.00014114850547286613
leaf_weight=25 28 61 25 90 261 218 31
leaf_count=25 28 61 25 90 261 218 31
internal_value=0.000101488 0.000560224 -3.82848e-05 0.000398089 -0.000557621 0.00225632 -0.00550847
internal_weight=739 714 653 628 538 277 59
internal_count=739 714 653 628 538 277 59
is_linear=0
shrinkage=0.05


Tree=48
num_leaves=8
num_cat=0
split_feature=8 9 16 12 13 12 9
split_gain=1.03732 1.63532 2.07721 2.90909 1.94287 1.92078 1.80872
threshold=0.063902615736234694 -0.086547953176502532 0.016060560177838971 0.016092642436075003 17.795000076293949 0.027224900336564887 -0.057575972916604205
decision_type=10 8 2 2 2 2 10
left_child=1 4 5 -4 -1 -3 -7
right_child=-2 2 3 -5 -6 6 -8
leaf_value=0.00013089798235391871 6.7270160492996807e-05 -3.0715590858386604e-05 1.918034203941153e-05 -0.00017864863406244795 -1.3949169738802087e-06 0.00016949965449217816 -3.1622923955169044e-05
leaf_weight=126 77 191 33 66 157 46 44
leaf_count=126 77 191 33 66 157 46 44
internal_value=0.000675676 3.77074e-05 -0.00210526 -0.00833333 0.00291519 8.8968e-05 0.00611111
internal_weight=740 663 380 99 283 281 90
internal_count=740 663 380 99 283 281 90
is_linear=0
shrinkage=0.05


Tree=49
num_leaves=8
num_cat=0
split_feature=4 1 7 8 7 11 14
split_gain=0.978856 1.62429 1.03385 1.01749 1.07815 1.23646 1.03264
threshold=0.041789053504451529 -0.052094991603702782 -0.047040696320081114 -0.13896213831099721 -0.046292622232325435 -0.0022568172628349421 -1.0000000180025095e-35
decision_type=2 2 2 8 2 2 2
left_child=1 2 -1 -3 5 -5 -6
right_child=-2 3 -4 4 6 -7 -8
leaf_value=0.00011823350530394675 -0.00013107520782478505 0.00011128507611521698 -7.384626880434752e-07 7.6945289552961616e-07 -9.2646865287913861e-06 -0.00014000420376190107 1.6846741890563571e-05
leaf_weight=50 30 31 28 27 300 31 236
leaf_count=50 30 31 28 27 300 31 236
internal_value=0.000511596 0.000889047 0.00769231 4e-05 -0.000420875 -0.00689655 0.000279851
internal_weight=733 703 78 625 594 58 536
internal_count=733 703 78 625 594 58 536
is_linear=0
shrinkage=0.05


Tree=50
num_leaves=8
num_cat=0
split_feature=3 8 6 4 10 9 15
split_gain=1.16204 2.42084 1.06545 1.33642 1.39842 1.11204 1.09091
threshold=-0.01222932723663289 -0.035848642929057199 0.57161417057522967 0.020325786537554787 0.0021398765862171714 -0.1105816048126229 0.00079154858240726444
decision_type=2 8 2 2 2 10 2
left_child=1 -1 6 -4 -5 -6 -2
right_child=2 -3 3 4 5 -7 -8
leaf_value=-8.4664230279856261e-05 -6.5105238938150718e-06 0.00010628166679050796 7.1561941288507142e-05 -0.00028142507008384435 -0.00030583036235876446 0.00019122542916466626 2.5104308686626708e-05
leaf_weight=34 253 37 30 44 25 26 291
leaf_count=34 253 37 30 44 25 26 291
internal_value=0.000608108 0.00669014 -3.73692e-05 -0.0042 -0.00710526 -0.00147059 0.000919118
internal_weight=740 71 669 125 95 51 544
internal_count=740 71 669 125 95 51 544
is_linear=0
shrinkage=0.05


Tree=51
num_leaves=8
num_cat=0
split_feature=5 9 14 2 2 3 12
split_gain=1.5069 1.82517 2.19284 1.94336 1.74296 1.40742 1.21128
threshold=0.012149573967229646 -0.088754129870044315 -0.035621573523768706 0.028568019149677552 -0.043789172825253235 -0.00035047489973916152 0.01743897700487718
decision_type=2 8 2 2 2 2 2
left_child=1 -1 -3 4 5 -4 -2
right_child=6 2 3 -5 -6 -7 -8
leaf_value=0.00027360205848059332 1.0580085576614206e-05 0.00015114892213063092 -5.4622610458779108e-05 8.2872135814558766e-05 -0.0001611348320302398 4.8657526472904136e-05 -1.6848102002247396e-05
leaf_weight=45 258 44 25 43 52 26 269
leaf_count=45 258 44 25 43 52 26 269
internal_value=0.000393701 0.0037234 0.00157895 -0.00136986 -0.00509709 0.00147059 -0.00109108
internal_weight=762 235 190 146 103 51 527
internal_count=762 235 190 146 103 51 527
is_linear=0
shrinkage=0.05


Tree=52
num_leaves=8
num_cat=0
split_feature=2 9 13 13 14 14 15
split_gain=1.03557 1.24378 1.21968 2.49661 1.65209 2.27076 1.97178
threshold=-0.14566186485884822 -0.24176541019234246 24.630000114440922 22.330000877380375 -0.037374592254897913 -0.0059106162699663059 0.0011143320643668411
decision_type=2 8 2 2 2 2 2
left_child=1 -1 3 4 -2 -6 -7
right_child=2 -3 -4 -5 5 6 -8
leaf_value=2.7266238927224544e-06 8.0498318219220167e-05 -0.00021701530061865636 7.9794885409877539e-05 -0.00026452595311689524 -1.9097849350902497e-05 -2.755024904762746e-06 0.00012442596347818198
leaf_weight=40 168 27 26 25 151 219 92
leaf_count=40 168 27 26 25 151 219 92
internal_value=0.000334225 -0.00559701 0.000917768 0.000496183 0.00111111 -0.0004329 0.00200965
internal_weight=748 67 681 655 630 462 311
internal_count=748 67 681 655 630 462 311
is_linear=0
shrinkage=0.05


Tree=53
num_leaves=8
num_cat=0
split_feature=6 3 12 12 15 14 4
split_gain=1.00715 1.07325 1.12101 1.52122 1.78198 2.02765 1.81064
threshold=2.0423010935937058 -0.014208139793403461 0.0086975765073127338 0.0053623810378563572 0.015380960154217862 -0.060408912479391223 0.030385366155298198
decision_type=2 2 2 2 2 2 2
left_child=1 -1 3 4 5 -3 -7
right_child=-2 2 -4 -5 -6 6 -8
leaf_value=6.4512040374029053e-05 -0.00020378957702626399 0.00021398536630314161 -7.8523842041197233e-06 8.9287926139934234e-05 -0.00018852193993111119 -1.7497843314728639e-05 0.00018238280365466815
leaf_weight=36 51 26 417 29 26 126 32
leaf_count=36 51 26 417 29 26 126 32
internal_value=-0.000572005 -7.22543e-05 -0.000533537 0.00219665 0.000714286 0.00244565 0.000316456
internal_weight=743 692 656 239 210 184 158
internal_count=743 692 656 239 210 184 158
is_linear=0
shrinkage=0.05


Tree=54
num_leaves=8
num_cat=0
split_feature=5 1 14 5 16 3 13
split_gain=1.03785 1.85513 1.38368 2.231 1.77521 1.68839 3.65955
threshold=0.015193299080911797 -0.052094991603702782 -0.001242221342315941 0.011608610105633611 0.00046269109823371407 -1.0000000180025095e-35 17.615000724792484
decision_type=2 2 2 2 2 2 2
left_child=1 -1 5 4 -4 6 -3
right_child=-2 2 3 -5 -6 -7 -8
leaf_value=0.00012285026984710812 -6.7249300750309774e-06 0.00017636141975393456 4.2919259992292378e-05 7.6518528229546246e-05 -0.00017920941577077875 -5.6074371255926404e-05 -0.00018357689180855145
leaf_weight=36 254 70 36 139 34 153 25
leaf_count=36 254 70 36 139 34 153 25
internal_value=0.00023427 0.00157201 0.00071116 0.00370813 -0.00357143 -0.00181452 0.00342105
internal_weight=747 493 457 209 70 248 95
internal_count=747 493 457 209 70 248 95
is_linear=0
shrinkage=0.05


Tree=55
num_leaves=8
num_cat=0
split_feature=4 6 10 10 6 10 1
split_gain=1.12969 2.10616 1.72515 2.11336 1.64119 2.26058 2.0119
threshold=0.025052937700924132 -1.0893248811018099 -0.0065884728107576387 -0.001991975985961902 0.15767953875682936 0.0023442699463880339 -0.026724451369262377
decision_type=2 2 2 2 2 2 2
left_child=1 -1 -2 -4 5 -5 -7
right_child=2 -3 3 4 -6 6 -8
leaf_value=0.00011854376182821621 5.0307450570522039e-05 7.1678910786628995e-06 -0.000240843128103088 0.00016416640374997926 -9.4846960193191877e-05 7.7738867773843309e-05 -0.00019899505562013129
leaf_weight=42 59 384 51 58 57 28 84
leaf_count=42 59 384 51 58 57 28 84
internal_value=0.000753604 0.00246479 -0.0014095 -0.00305755 -0.000991189 0.00147059 -0.00267857
internal_weight=763 426 337 278 227 170 112
internal_count=763 426 337 278 227 170 112
is_linear=0
shrinkage=0.05


Tree=56
num_leaves=8
num_cat=0
split_feature=14 14 6 9 10 1 11
split_gain=0.764331 2.04064 1.76529 1.5291 1.54466 1.51875 1.85625
threshold=-0.036136320679139293 -0.0082882010072965456 -0.75647453199300985 -0.27320135440256416 0.0060647119333787644 0.027715656443284668 -0.0028065328855473855
decision_type=2 2 2 10 2 2 2
left_child=2 5 -1 -4 -5 6 -2
right_child=1 -3 3 4 -6 -7 -8
leaf_value=-3.5365272375905126e-05 1.3705661559465553e-05 2.5848021833183457e-06 0.00016026115763229841 0.00014810368581951312 -5.4419543265212935e-05 5.4070674123050773e-05 -0.00016414797815952811
leaf_weight=41 32 388 42 37 71 40 88
leaf_count=41 32 388 42 37 71 40 88
internal_value=-0.000236806 -0.00118613 0.00248691 0.005 0.00185185 -0.0059375 -0.00875
internal_weight=739 548 191 150 108 160 120
internal_count=739 548 191 150 108 160 120
is_linear=0
shrinkage=0.05


Tree=57
num_leaves=8
num_cat=0
split_feature=15 15 16 9 13 11 1
split_gain=1.32662 1.3715 1.02419 0.901326 0.952577 1.287 1.5713
threshold=0.015380960154217862 0.021170137180958618 -0.046981688485124011 0.030279957670759864 19.520000457763675 0.0044457206101340416 -0.01732715164693965
decision_type=2 2 2 10 2 2 2
left_child=2 -2 -1 4 -4 6 -6
right_child=1 -3 3 -5 5 -7 -8
leaf_value=-0.0001059426435821782 -0.00024155311903726565 6.1081817439211964e-06 2.2237502513336969e-07 7.7999379063677186e-05 7.6304649953159835e-05 0.00011324039181530009 -0.00014627217978835594
leaf_weight=27 34 37 462 55 55 34 31
leaf_count=27 34 37 462 55 55 34 31
internal_value=0.000510204 -0.00598592 0.00120482 0.00160911 0.00103093 0.005 0.00174419
internal_weight=735 71 664 637 582 120 86
internal_count=735 71 664 637 582 120 86
is_linear=0
shrinkage=0.05


Tree=58
num_leaves=8
num_cat=0
split_feature=3 11 4 3 3 0 7
split_gain=1.38248 2.16346 1.66885 0.911197 1.57809 1.50204 1.09113
threshold=0.0066474156407099203 0.011742981145945632 0.026414459599881038 0.0028031752060614372 0.0020556594706436786 0.003387030854124951 0.00090281142753156917
decision_type=2 2 2 2 2 2 2
left_child=3 2 -2 4 -1 -5 -7
right_child=1 -3 -4 5 -6 6 -8
leaf_value=5.3266753961967245e-06 -1.4176825350903063e-05 7.9383503118759391e-05 -0.00028469804063430371 1.685766839623886e-06 -0.00014539816730364409 8.898721704659945e-05 0.00020528469095686268
leaf_weight=463 54 54 32 60 32 28 27
leaf_count=463 54 54 32 60 32 28 27
internal_value=0.00126667 -0.00321429 -0.00813953 0.00229508 0.00136364 0.00630435 0.0122727
internal_weight=750 140 86 610 495 115 55
internal_count=750 140 86 610 495 115 55
is_linear=0
shrinkage=0.05


Tree=59
num_leaves=8
num_cat=0
split_feature=6 5 6 13 12 12 7
split_gain=1.50026 1.25643 1.21298 1.86855 1.45893 2.94409 2.2048
threshold=0.40449457628818769 0.011142317777597258 -0.020073724202715051 14.194999694824221 0.02953543879256915 0.0086975765073127338 -0.03368802174001622
decision_type=2 2 2 2 2 2 2
left_child=2 -2 4 -4 5 -1 -6
right_child=1 -3 3 -5 6 -7 -8
leaf_value=2.0030232272095075e-05 0.0001110952860934364 -9.0863382564585155e-05 -1.0137334028753609e-05 8.0416356396869086e-05 0.00021203300018054141 -8.1168813906231101e-05 1.894014938030467e-05
leaf_weight=186 25 158 25 74 27 124 139
leaf_count=186 25 158 25 74 27 124 139
internal_value=0.000527704 -0.0034153 0.00178261 0.00681818 0.000735294 -0.00129032 0.00451807
internal_weight=758 183 575 99 476 310 166
internal_count=758 183 575 99 476 310 166
is_linear=0
shrinkage=0.05


Tree=60
num_leaves=8
num_cat=0
split_feature=12 3 14 15 15 8 2
split_gain=0.986114 1.23248 1.33228 1.37669 1.16367 2.34632 2.00249
threshold=-0.038043890036369758 -0.013154768758586342 -0.086337752297859935 0.015380960154217862 -0.001358489414059638 -0.035848642929057199 -0.068470453700764142
decision_type=2 2 2 2 2 10 2
left_child=-1 -2 -3 4 5 6 -4
right_child=1 2 3 -5 -6 -7 -8
leaf_value=-2.9921713875324333e-05 6.7942350537931928e-05 0.00013946462948522453 -4.5502538187834795e-06 -0.00011037044512003537 8.8517264417066127e-06 -0.00013124135439511255 5.8148048035085254e-05
leaf_weight=59 47 39 74 45 319 123 47
leaf_count=59 47 39 74 45 319 123 47
internal_value=0.000697211 0.00122478 0.000656878 8.22368e-05 0.000754885 -0.00184426 0.00309917
internal_weight=753 694 647 608 563 244 121
internal_count=753 694 647 608 563 244 121
is_linear=0
shrinkage=0.05


Tree=61
num_leaves=8
num_cat=0
split_feature=6 12 1 8 9 12 1
split_gain=1.17244 0.751937 1.6555 1.14631 1.32697 0.951016 2.32163
threshold=-1.332316058095768 -0.038043890036369758 -0.02124797146671736 -0.15081920154991749 -0.21682068843118765 -0.0093119060190361962 -0.01153834541062798
decision_type=2 2 2 8 8 2 2
left_child=-1 2 -2 -3 -5 6 -6
right_child=1 3 -4 4 5 -7 -8
leaf_value=7.4433406890184845e-05 1.399917060808339e-05 7.4071752155376776e-05 -0.00019747319941722564 -0.00025981546413698367 -5.9377943835307006e-06 -3.4974651270339861e-08 0.00022750025576535177
leaf_weight=28 28 33 30 25 47 509 36
leaf_count=28 28 33 30 25 47 509 36
internal_value=0.000679348 0.000282486 -0.00517241 0.000769231 0.00028363 0.000760135 0.00572289
internal_weight=736 708 58 650 617 592 83
internal_count=736 708 58 650 617 592 83
is_linear=0
shrinkage=0.05


end of trees

feature_importances:
dvol_z_20=39
dist_ma50=39
overnight_gap=34
parkinson_20=34
sector_ret_1d=33
spy_ret_20d=32
dist_ma200=26
vix_chg_1d=26
atr_pct=24
spy_ret_5d=24
dist_ma20=22
vix_level=21
spy_ret_1d=20
ret_20d=19
sector_ret_5d=15
ret_5d=14
ret_1d=12

parameters:
[boosting: gbdt]
[objective: quantile]
[metric: quantile]
[tree_learner: serial]
[device_type: cpu]
[data_sample_strategy: bagging]
[data: ]
[valid: ]
[num_iterations: 80]
[learning_rate: 0.05]
[num_leaves: 8]
[num_threads: 1]
[seed: 0]
[deterministic: 0]
[force_col_wise: 1]
[force_row_wise: 0]
[histogram_pool_size: -1]
[max_depth: -1]
[min_data_in_leaf: 25]
[min_sum_hessian_in_leaf: 0.001]
[bagging_fraction: 0.9]
[pos_bagging_fraction: 1]
[neg_bagging_fraction: 1]
[bagging_freq: 1]
[bagging_seed: 3]
[bagging_by_query: 0]
[feature_fraction: 0.9]
[feature_fraction_bynode: 1]
[feature_fraction_seed: 2]
[extra_trees: 0]
[extra_seed: 6]
[early_stopping_round: 0]
[early_stopping_min_delta: 0]
[first_metric_only: 0]
[max_delta_step: 0]
[lambda_l1: 0]
[lambda_l2: 0]
[linear_lambda: 0]
[min_gain_to_split: 0]
[drop_rate: 0.1]
[max_drop: 50]
[skip_drop: 0.5]
[xgboost_dart_mode: 0]
[uniform_drop: 0]
[drop_seed: 4]
[top_rate: 0.2]
[other_rate: 0.1]
[min_data_per_group: 100]
[max_cat_threshold: 32]
[cat_l2: 10]
[cat_smooth: 10]
[max_cat_to_onehot: 4]
[top_k: 20]
[monotone_constraints: ]
[monotone_constraints_method: basic]
[monotone_penalty: 0]
[feature_contri: ]
[forcedsplits_filename: ]
[refit_decay_rate: 0.9]
[cegb_tradeoff: 1]
[cegb_penalty_split: 0]
[cegb_penalty_feature_lazy: ]
[cegb_penalty_feature_coupled: ]
[path_smooth: 0]
[interaction_constraints: ]
[verbosity: -1]
[saved_feature_importance_type: 0]
[use_quantized_grad: 0]
[num_grad_quant_bins: 4]
[quant_train_renew_leaf: 0]
[stochastic_rounding: 1]
[linear_tree: 0]
[max_bin: 255]
[max_bin_by_feature: ]
[min_data_in_bin: 3]
[bin_construct_sample_cnt: 200000]
[data_random_seed: 1]
[is_enable_sparse: 1]
[enable_bundle: 1]
[use_missing: 1]
[zero_as_missing: 0]
[feature_pre_filter: 1]
[pre_partition: 0]
[two_round: 0]
[header: 0]
[label_column: ]
[weight_column: ]
[group_column: ]
[ignore_column: ]
[categorical_feature: ]
[forcedbins_filename: ]
[precise_float_parser: 0]
[parser_config_file: ]
[objective_seed: 5]
[num_class: 1]
[is_unbalance: 0]
[scale_pos_weight: 1]
[sigmoid: 1]
[boost_from_average: 1]
[reg_sqrt: 0]
[alpha: 0.5]
[fair_c: 1]
[poisson_max_delta_step: 0.7]
[tweedie_variance_power: 1.5]
[lambdarank_truncation_level: 30]
[lambdarank_norm: 1]
[label_gain: ]
[lambdarank_position_bias_regularization: 0]
[eval_at: ]
[multi_error_top_k: 1]
[auc_mu_weights: ]
[num_machines: 1]
[local_listen_port: 12400]
[time_out: 120]
[machine_list_filename: ]
[machines: ]
[gpu_platform_id: -1]
[gpu_device_id: -1]
[gpu_device_id_list: ]
[gpu_use_dp: 0]
[num_gpu: 1]

end of parameters

pandas_categorical:[]
