tree
version=v4
num_class=1
num_tree_per_iteration=1
label_index=0
max_feature_idx=16
objective=quantile
feature_names=ret_1d ret_5d ret_20d overnight_gap atr_pct parkinson_20 dvol_z_20 dist_ma20 dist_ma50 dist_ma200 spy_ret_1d spy_ret_5d spy_ret_20d vix_level vix_chg_1d sector_ret_1d sector_ret_5d
feature_infos=[-0.10568031704095115:0.082475528891695626] [-0.13611229264142921:0.10013645428781359] [-0.18650073076752727:0.13150281416022302] [-0.057390283281960941:0.069352597943873384] [0.010933131087921944:0.040682287766591788] [0.0066194706450618188:0.023626691431703848] [-2.1217511615275138:4.2244231658571927] [-0.15352662508161896:0.084303815084481037] [-0.14733925439414852:0.11949945705569065] [-0.17057941942311194:0.25998114723132049] [-0.058542947643003718:0.10501933612632941] [-0.11496158439845272:0.082843216242346029] [-0.12265592443394913:0.15756596870864792] [11.859999656677246:52.330001831054688] [-0.35753873962348437:0.74039073966007019] [-0.06285260230433054:0.088816354578251211] [-0.11675897124649115:0.08529462291702461]
tree_sizes=839 865 858 858 856 861 863 871 858 861 861 870

Tree=0
num_leaves=8
num_cat=0
split_feature=13 8 9 1 2 16 9
split_gain=3.89224 1.10605 0.732344 1.04366 1.56516 0.358877 0.71957
threshold=24.695000648498539 0.08133488990964001 0.026780091255119601 -0.0041371101614213748 -0.062680797661893259 0.010557289746003009 0.19578822057688453
decision_type=2 8 8 2 2 2 10
left_child=1 2 3 4 -1 6 -4
right_child=-2 -3 5 -5 -6 -7 -8
leaf_value=-0.018461631440915664 -0.01925487231912635 -0.018829906880201707 -0.018378015939145231 -0.018463099463984674 -0.018825836751653245 -0.018392120980739991 -0.018878926278748636
leaf_weight=37 39 47 267 101 49 170 40
leaf_count=37 39 47 267 101 49 170 40
internal_value=-0.0186818 -0.0178382 -0.0173135 -0.0199656 -0.0240136 -0.0162738 -0.0172944
internal_weight=750 711 664 187 86 477 307
internal_count=750 711 664 187 86 477 307
is_linear=0
shrinkage=1


Tree=1
num_leaves=8
num_cat=0
split_feature=13 8 0 9 4 10 11
split_gain=2.98956 0.941355 0.728451 0.573617 0.835889 0.497104 0.410021
threshold=24.695000648498539 0.08133488990964001 -0.016007201785594446 0.026780091255119601 0.016893273202179097 -0.00018006943063253453 0.0023966928807116488
decision_type=2 8 2 8 2 2 2
left_child=1 2 -1 4 -4 -6 -5
right_child=-2 -3 3 6 5 -7 -8
leaf_value=-0.0001307335309151312 -0.0008457759184637881 -0.00024626550171029333 -0.00024929814261561052 0.00014091917916502807 -3.1710969757910651e-05 0.00013695435789017749 0.00020341609926398404
leaf_weight=39 42 45 30 180 41 83 274
leaf_count=39 42 45 30 180 41 83 274
internal_value=9.5368e-05 0.000881503 0.00136785 0.00179276 -0.000844156 0.000967742 0.00268722
internal_weight=734 692 647 608 154 124 454
internal_count=734 692 647 608 154 124 454
is_linear=0
shrinkage=0.05


Tree=2
num_leaves=8
num_cat=0
split_feature=13 6 12 8 7 11 12
split_gain=2.32654 1.20229 0.87458 0.891862 0.519264 0.323013 0.519777
threshold=23.265000343322757 0.078123881286985622 0.073733848686565309 0.068792344715279855 0.036264434978722122 0.0087351921378735504 0.041391549965092096
decision_type=2 2 2 8 2 2 2
left_child=2 -2 3 5 -5 6 -1
right_child=1 -3 -4 4 -6 -7 -8
leaf_value=8.5629296917910454e-05 -0.00024981684231672454 -0.00073941851328074336 -0.00016905628858449457 -0.00022092774915947536 8.5926577195905116e-05 0.00017036847710673309 -0.00022981623865555242
leaf_weight=299 34 31 34 34 41 239 37
leaf_count=299 34 31 34 34 41 239 37
internal_value=0.000193592 -0.00884615 0.00105263 0.00146154 -0.00366667 0.00213043 0.00113095
internal_weight=749 65 684 650 75 575 336
internal_count=749 65 684 650 75 575 336
is_linear=0
shrinkage=0.05


Tree=3
num_leaves=8
num_cat=0
split_feature=13 6 8 12 14 8 2
split_gain=2.60856 1.10806 1.08757 1.38084 0.648772 0.46552 0.436782
threshold=23.265000343322757 0.363221443109988 -0.027642335599897368 0.027224900336564887 -0.0099321131423574776 0.079984763473840662 -0.062680797661893259
decision_type=2 2 10 2 2 10 2
left_child=2 -2 3 6 -5 -4 -1
right_child=1 -3 5 4 -6 -7 -8
leaf_value=0.00011692405551153498 -0.00023453961604527645 -0.00085777257100607014 0.00011765596472180541 -0.00025456384305747075 -0.00024847281316908411 -0.00018038949045707901 -4.1883414426637151e-05
leaf_weight=38 35 30 508 25 32 26 49
leaf_count=38 35 30 508 25 32 26 49
internal_value=-4.71061e-05 -0.00961538 0.000870207 -0.00298611 -0.00903509 0.00191011 0.000977012
internal_weight=743 65 678 144 57 534 87
internal_count=743 65 678 144 57 534 87
is_linear=0
shrinkage=0.05


Tree=4
num_leaves=8
num_cat=0
split_feature=13 0 8 0 7 16 1
split_gain=2.24826 1.10745 0.503 0.674556 0.319058 0.73614 0.369845
threshold=23.265000343322757 -0.0066992844855075498 0.086754514138931774 -0.017797761396943109 0.034119748577412741 0.0092515522841996062 0.0074731643482440777
decision_type=2 2 8 2 2 2 2
left_child=2 -2 3 -1 6 -6 -5
right_child=1 -3 -4 4 5 -7 -8
leaf_value=-0.00013023606114768299 -0.00072919174774513243 -0.00018271316894674674 -0.00024319701934672584 0.00010485677037747636 -0.00030464292720279516 0.0001244934969457645 0.00014596545088332987
leaf_weight=26 32 34 36 326 27 42 223
leaf_count=26 32 34 36 326 27 42 223
internal_value=0.000174263 -0.00863636 0.00102941 0.00135093 0.00168285 -0.00152174 0.00208561
internal_weight=746 66 680 644 618 69 549
internal_count=746 66 680 644 618 69 549
is_linear=0
shrinkage=0.05


Tree=5
num_leaves=8
num_cat=0
split_feature=4 8 8 0 14 8 11
split_gain=1.4625 1.68092 0.842754 0.957918 1.34302 0.631119 0.861538
threshold=0.023573067339233054 -0.078051649829680311 -0.028322876338279786 0.0009677403746543024 -0.024970108459849868 0.059953554977868702 0.0013310073142193126
decision_type=2 10 10 2 2 10 2
left_child=2 -2 3 -1 -5 -4 -7
right_child=1 -3 5 4 -6 6 -8
leaf_value=9.1045125367993323e-05 0.00012670210279661193 -0.00051674322070505933 0.00011105948945573156 -7.2301606520544154e-05 -0.00030006512284399411 -0.00030391435696912691 6.234292842342727e-05
leaf_weight=73 26 48 448 26 25 26 65
leaf_count=73 26 48 448 26 25 26 65
internal_value=-0.000495251 -0.00716216 0.000248869 -0.00346774 -0.00872549 0.0011039 -0.00269231
internal_weight=737 74 663 124 51 539 91
internal_count=737 74 663 124 51 539 91
is_linear=0
shrinkage=0.05


Tree=6
num_leaves=8
num_cat=0
split_feature=13 8 12 8 11 9 0
split_gain=2.37678 1.00387 1.55014 0.591633 0.529317 1.24613 0.482899
threshold=24.695000648498539 -0.027642335599897368 0.031326678595768549 -0.039124586719306291 0.0087351921378735504 0.19578822057688453 -0.010948998884638792
decision_type=2 10 2 8 2 10 2
left_child=1 2 3 -1 5 6 -3
right_child=-2 4 -4 -5 -6 -7 -8
leaf_value=0.00011058515849000054 -0.00060501672625928816 -3.7614431704953214e-05 -0.00029287577598194618 -0.00017991255126592045 0.0001137122594202449 -0.00025274143052433267 0.00014158684198992559
leaf_weight=61 46 32 48 36 228 49 246
leaf_count=61 46 32 48 36 228 49 246
internal_value=-0.000294906 0.000428572 -0.00327586 0.000360825 0.0013964 0.000107034 0.00140288
internal_weight=746 700 145 97 555 327 278
internal_count=746 700 145 97 555 327 278
is_linear=0
shrinkage=0.05


Tree=7
num_leaves=8
num_cat=0
split_feature=0 14 8 10 14 9 9
split_gain=2.17266 1.03659 0.534076 0.544293 0.730102 0.448179 0.450417
threshold=-0.017797761396943109 -0.091137781806863202 0.086754514138931774 0.0063549494884102007 -0.044623986751606441 -0.088828699218283388 0.2119997217859462
decision_type=2 2 8 2 2 8 10
left_child=-1 -2 3 4 -3 -6 -7
right_child=1 2 -4 -5 5 6 -8
leaf_value=-0.00022017232221762067 -0.00025565932759730046 -0.00062171380548763783 -0.00019291540819829384 0.00021884514668298863 -8.0639047000214347e-05 9.2907250747066729e-05 -0.00012426591042015209
leaf_weight=43 46 41 34 120 46 390 25
leaf_count=43 46 41 34 120 46 390 25
internal_value=-0.000369127 0.000299145 0.000807927 0.00114148 0.000418327 0.000986985 0.00150602
internal_weight=745 702 656 622 502 461 415
internal_count=745 702 656 622 502 461 415
is_linear=0
shrinkage=0.05


Tree=8
num_leaves=8
num_cat=0
split_feature=13 8 9 2 7 9 4
split_gain=2.05001 0.61464 0.844894 1.57581 1.43069 0.83357 0.508241
threshold=26.85000038146973 0.08133488990964001 0.026780091255119601 -0.062680797661893259 -0.020689226708277882 -0.040395477099600001 0.019910321029249476
decision_type=2 8 8 2 2 10 2
left_child=1 2 3 -1 -5 -6 -4
right_child=-2 -3 6 4 5 -7 -8
leaf_value=8.7278353020509377e-05 -0.00065463562728009504 -0.00017090335995623515 0.00016708102581558689 -0.00023711540071712046 1.2472737817762841e-06 -0.00039044974530112199 -3.71959654613468e-05
leaf_weight=63 26 48 435 30 79 26 57
leaf_count=63 26 48 435 30 79 26 57
internal_value=-0.000431937 5.42007e-05 0.000434783 -0.00232323 -0.00537037 -0.00261905 0.00154472
internal_weight=764 738 690 198 135 105 492
internal_count=764 738 690 198 135 105 492
is_linear=0
shrinkage=0.05


Tree=9
num_leaves=8
num_cat=0
split_feature=13 8 12 14 9 15 0
split_gain=1.56603 0.732851 1.71271 0.717851 0.575013 1.05274 0.598406
threshold=24.695000648498539 -0.01141299177109578 0.027224900336564887 -0.010794703163862494 0.19578822057688453 0.0059842975252003558 -0.010948998884638792
decision_type=2 10 2 2 10 2 2
left_child=1 2 -1 -4 6 -6 -3
right_child=-2 4 3 -5 5 -7 -8
leaf_value=7.488190012816751e-06 -0.0004783872592825609 -2.9766551220072434e-05 -0.00015306220402213334 -0.00018940665621689295 -0.00021901201247959248 0.00027054956922842815 9.8155475500304466e-05
leaf_weight=126 40 39 27 42 56 30 384
leaf_count=126 40 39 27 42 56 30 384
internal_value=-0.000376344 0.000170455 -0.0024359 -0.00876812 0.00116896 -0.00255814 0.00192671
internal_weight=744 704 195 69 509 86 423
internal_count=744 704 195 69 509 86 423
is_linear=0
shrinkage=0.05


Tree=10
num_leaves=8
num_cat=0
split_feature=8 12 0 5 9 16 4
split_gain=1.08615 1.02839 1.21361 0.676001 0.589001 0.76225 0.437162
threshold=-0.01141299177109578 0.031326678595768549 -0.0035215175258347937 0.013733108991307573 0.19578822057688453 0.012696105516356916 0.029497667422435467
decision_type=10 2 2 2 10 2 2
left_child=1 6 -3 4 -2 -6 -1
right_child=3 2 -4 -5 5 -7 -8
leaf_value=6.7661300205189622e-06 0.0001304798315486368 5.8057393711427382e-05 -0.00027748561031803759 -0.00030529463384282719 -0.00023024471830897179 0.00012819154801250573 -0.00046811149343544274
leaf_weight=126 416 26 32 32 56 36 25
leaf_count=126 416 26 32 32 56 36 25
internal_value=-7.34311e-05 -0.00313397 -0.0087931 0.00111111 0.00155512 -0.00206522 -0.000960265
internal_weight=749 209 58 540 508 92 151
internal_count=749 209 58 540 508 92 151
is_linear=0
shrinkage=0.05


Tree=11
num_leaves=8
num_cat=0
split_feature=0 8 9 8 1 14 12
split_gain=1.282 0.620233 0.589613 0.578846 0.790296 1.40953 0.442601
threshold=-0.017797761396943109 0.08133488990964001 0.047978403638170304 0.036695172975834585 -0.0040384430689944231 -0.044623986751606441 0.031326678595768549
decision_type=2 8 10 10 2 2 2
left_child=-1 2 3 4 5 -2 -7
right_child=1 -3 -4 -5 -6 6 -8
leaf_value=-0.00021963842308689058 -0.00074066211042214886 -0.00018285134297843584 0.00018561233021342132 -0.00013876248297408175 7.4121157466876917e-05 0.00011227124884045186 -0.00018281418690360807
leaf_weight=41 25 45 303 48 164 92 29
leaf_count=41 25 45 303 48 164 92 29
internal_value=0.000180723 0.000679887 0.00106657 -0.000307262 0.000483871 -0.00219178 4.13225e-05
internal_weight=747 706 661 358 310 146 121
internal_count=747 706 661 358 310 146 121
is_linear=0
shrinkage=0.05


end of trees

feature_importances:
dist_ma50=17
dist_ma200=11
ret_1d=9
vix_level=8
spy_ret_20d=7
vix_chg_1d=6
atr_pct=4
spy_ret_5d=4
ret_5d=3
ret_20d=3
dist_ma20=3
sector_ret_5d=3
dvol_z_20=2
spy_ret_1d=2
parkinson_20=1
sector_ret_1d=1

parameters:
[boosting: gbdt]
[objective: quantile]
[metric: quantile]
[tree_learner: serial]
[device_type: cpu]
[data_sample_strategy: bagging]
[data: ]
[valid: ]
[num_iterations: 80]
[learning_rate: 0.05]
[num_leaves: 8]
[num_threads: 1]
[seed: 0]
[deterministic: 0]
[force_col_wise: 1]
[force_row_wise: 0]
[histogram_pool_size: -1]
[max_depth: -1]
[min_data_in_leaf: 25]
[min_sum_hessian_in_leaf: 0.001]
[bagging_fraction: 0.9]
[pos_bagging_fraction: 1]
[neg_bagging_fraction: 1]
[bagging_freq: 1]
[bagging_seed: 3]
[bagging_by_query: 0]
[feature_fraction: 0.9]
[feature_fraction_bynode: 1]
[feature_fraction_seed: 2]
[extra_trees: 0]
[extra_seed: 6]
[early_stopping_round: 0]
[early_stopping_min_delta: 0]
[first_metric_only: 0]
[max_delta_step: 0]
[lambda_l1: 0]
[lambda_l2: 0]
[linear_lambda: 0]
[min_gain_to_split: 0]
[drop_rate: 0.1]
[max_drop: 50]
[skip_drop: 0.5]
[xgboost_dart_mode: 0]
[uniform_drop: 0]
[drop_seed: 4]
[top_rate: 0.2]
[other_rate: 0.1]
[min_data_per_group: 100]
[max_cat_threshold: 32]
[cat_l2: 10]
[cat_smooth: 10]
[max_cat_to_onehot: 4]
[top_k: 20]
[monotone_constraints: ]
[monotone_constraints_method: basic]
[monotone_penalty: 0]
[feature_contri: ]
[forcedsplits_filename: ]
[refit_decay_rate: 0.9]
[cegb_tradeoff: 1]
[cegb_penalty_split: 0]
[cegb_penalty_feature_lazy: ]
[cegb_penalty_feature_coupled: ]
[path_smooth: 0]
[interaction_constraints: ]
[verbosity: -1]
[saved_feature_importance_type: 0]
[use_quantized_grad: 0]
[num_grad_quant_bins: 4]
[quant_train_renew_leaf: 0]
[stochastic_rounding: 1]
[linear_tree: 0]
[max_bin: 255]
[max_bin_by_feature: ]
[min_data_in_bin: 3]
[bin_construct_sample_cnt: 200000]
[data_random_seed: 1]
[is_enable_sparse: 1]
[enable_bundle: 1]
[use_missing: 1]
[zero_as_missing: 0]
[feature_pre_filter: 1]
[pre_partition: 0]
[two_round: 0]
[header: 0]
[label_column: ]
[weight_column: ]
[group_column: ]
[ignore_column: ]
[categorical_feature: ]
[forcedbins_filename: ]
[precise_float_parser: 0]
[parser_config_file: ]
[objective_seed: 5]
[num_class: 1]
[is_unbalance: 0]
[scale_pos_weight: 1]
[sigmoid: 1]
[boost_from_average: 1]
[reg_sqrt: 0]
[alpha: 0.1]
[fair_c: 1]
[poisson_max_delta_step: 0.7]
[tweedie_variance_power: 1.5]
[lambdarank_truncation_level: 30]
[lambdarank_norm: 1]
[label_gain: ]
[lambdarank_position_bias_regularization: 0]
[eval_at: ]
[multi_error_top_k: 1]
[auc_mu_weights: ]
[num_machines: 1]
[local_listen_port: 12400]
[time_out: 120]
[machine_list_filename: ]
[machines: ]
[gpu_platform_id: -1]
[gpu_device_id: -1]
[gpu_device_id_list: ]
[gpu_use_dp: 0]
[num_gpu: 1]

end of parameters

pandas_categorical:[]
