tree
version=v4
num_class=1
num_tree_per_iteration=1
label_index=0
max_feature_idx=16
objective=quantile
feature_names=ret_1d ret_5d ret_20d overnight_gap atr_pct parkinson_20 dvol_z_20 dist_ma20 dist_ma50 dist_ma200 spy_ret_1d spy_ret_5d spy_ret_20d vix_level vix_chg_1d sector_ret_1d sector_ret_5d
feature_infos=[-0.086353389977458006:0.066949616648411814] [-0.16523678792038443:0.10642709053213539] [-0.18923781485116131:0.15654242664551954] [-0.030055074744295807:0.035983263598326376] [0.012250849687534275:0.042538141470180306] [0.0075332676561527933:0.02376615545080292] [-2.6708554647078344:4.1608698076252795] [-0.14695516473496861:0.088636471009064133] [-0.1814477186535699:0.10677024044780814] [-0.19670656324236035:0.24902206043249042] [-0.058542947643003718:0.10501933612632941] [-0.11496158439845272:0.082843216242346029] [-0.12265592443394913:0.15756596870864792] [11.859999656677246:52.330001831054688] [-0.35753873962348437:0.74039073966007019] [-0.055499239736441885:0.039932885906040161] [-0.11075949367088611:0.072664359861591699]
tree_sizes=850 854 856 858 843 859 860 858 853 857 866 860

Tree=0
num_leaves=8
num_cat=0
split_feature=8 5 6 7 16 15 1
split_gain=3.08577 2.77786 3.25625 2.66245 2.17753 1.98728 1.95836
threshold=0.022205783950173256 0.011204461457536325 -0.8331513073598541 0.010964991611220333 -0.013690158822483976 0.0075178081953565243 -0.025419418233150911
decision_type=8 2 2 2 2 2 2
left_child=1 2 -1 -3 6 -2 -4
right_child=5 3 4 -5 -6 -7 -8
leaf_value=0.0001299841867876239 0.00023998101387405767 0.00055093999981181696 0.00039388948498526589 0.00030486202886095273 0.00047786401846678929 0.00042196381400572136 0.00014198952849255874
leaf_weight=30 218 183 35 44 129 77 34
leaf_count=30 218 183 35 44 129 77 34
internal_value=0.000372301 0.00295472 -0.000943489 0.0068701 0.0013824 -0.00361075 -0.00578712
internal_weight=750 455 228 227 198 295 69
internal_count=750 455 228 227 198 295 69
is_linear=0
shrinkage=1


Tree=1
num_leaves=8
num_cat=0
split_feature=8 9 1 14 14 13 5
split_gain=3.1159 2.23495 2.0104 1.55805 1.94167 2.6974 1.47633
threshold=0.02692747244388272 0.11214396659479199 0.029329339035069183 0.049298283120689408 -0.011298954547856009 16.875000000000004 0.011144871848100658
decision_type=8 8 2 2 2 2 2
left_child=1 2 6 4 5 -2 -1
right_child=3 -3 -4 -5 -6 -7 -8
leaf_value=3.3609978490858342e-05 4.7179837929434148e-05 -9.7886043877224449e-05 -0.00030117310358036776 3.7041343966848222e-05 -0.00019133940346364398 -0.00015979445051925723 0.00015623769395460842
leaf_weight=146 57 136 25 53 88 61 168
leaf_count=146 57 136 25 53 88 61 168
internal_value=6.81199e-05 0.00247368 0.00464602 -0.00434363 -0.00631068 -0.00211864 0.00573248
internal_weight=734 475 339 259 206 118 314
internal_count=734 475 339 259 206 118 314
is_linear=0
shrinkage=0.05


Tree=2
num_leaves=8
num_cat=0
split_feature=9 1 11 7 4 13 8
split_gain=2.42404 3.16206 2.83908 2.51029 2.50944 1.88535 3.05353
threshold=0.12388518443383024 0.038297993496930756 0.013370913918319573 -0.012393631880544374 0.020814163065163104 20.865000724792484 0.0064341531946261474
decision_type=8 2 2 2 2 2 10
left_child=1 2 5 -4 -2 -1 -7
right_child=4 -3 3 -5 -6 6 -8
leaf_value=0.00014526869028850343 -0.00015180472799329438 -0.00035658908125697059 0.00019328447942461936 -0.00010189269804322978 7.807861800392857e-05 0.00015589091247966282 -0.00014832486709565274
leaf_weight=266 193 33 32 106 52 26 41
leaf_count=266 193 33 32 106 52 26 41
internal_value=0.000100134 0.00208333 0.00313163 -0.00289855 -0.00397959 0.00563063 -0.00186567
internal_weight=749 504 471 138 245 333 67
internal_count=749 504 471 138 245 333 67
is_linear=0
shrinkage=0.05


Tree=3
num_leaves=8
num_cat=0
split_feature=8 11 11 0 2 4 3
split_gain=3.15569 2.16615 2.05652 2.88622 2.03487 1.85769 1.83419
threshold=0.023223229737682097 0.013370913918319573 0.022371671990612522 0.0010285472487947536 0.042705095887998652 0.018286588911826242 0.0060412468039290354
decision_type=8 2 2 2 2 2 2
left_child=1 -1 5 -4 -2 -3 -6
right_child=4 2 3 -5 6 -7 -8
leaf_value=7.4550811725293897e-05 -0.00016295823746249882 -3.1933676008520708e-05 -0.00017752161519547373 0.00038180169419611051 3.458289342142962e-05 -0.00037263181334019468 -0.00023482312429496234
leaf_weight=340 130 33 29 35 121 29 26
leaf_count=340 130 33 29 35 121 29 26
internal_value=0.000706595 0.00321888 -0.00238095 0.00390625 -0.00351986 -0.00887097 0.000510204
internal_weight=743 466 126 64 277 62 147
internal_count=743 466 126 64 277 62 147
is_linear=0
shrinkage=0.05


Tree=4
num_leaves=8
num_cat=0
split_feature=4 1 9 8 15 14 2
split_gain=2.45662 2.27512 3.16935 1.98821 2.37604 1.9536 1.81733
threshold=0.014455276438068409 0.029329339035069183 0.12534491014510088 0.028147739328532876 -0.0017818246346887332 0.012431899030548645 -0.003936167994017247
decision_type=2 2 8 10 2 2 2
left_child=-1 2 3 -2 -5 -3 -4
right_child=1 5 6 4 -6 -7 -8
leaf_value=-0.0001781987835214295 0.00012957678220863728 -0.00020875767967452479 -0.00016936932315327567 -0.0002189221400459701 4.295480592086279e-05 0.0001572433281735562 2.9001341069533739e-05
leaf_weight=40 328 68 104 27 70 32 77
leaf_count=40 328 68 104 27 70 32 77
internal_value=0.00080429 0.00148725 0.00264026 0.005 -0.00128866 -0.0055 -0.00290055
internal_weight=746 706 606 425 97 100 181
internal_count=746 706 606 425 97 100 181
is_linear=0
shrinkage=0.05


Tree=5
num_leaves=8
num_cat=0
split_feature=11 4 1 12 8 0 4
split_gain=2.07861 2.08482 1.86442 1.76699 1.7557 1.95029 1.70944
threshold=0.013370913918319573 0.018331685418087041 0.029329339035069183 0.01743897700487718 -0.046766715690097764 -0.0046188271903443981 0.016485564768104127
decision_type=2 2 2 2 8 2 2
left_child=1 2 3 4 -1 -6 -5
right_child=-2 -3 -4 6 5 -7 -8
leaf_value=4.4944414068122172e-05 -4.679218518492212e-05 0.00011230541926009561 -0.00027466212716350228 -7.5021421622183102e-05 -0.00029208305483029336 -4.6938160212946517e-05 0.00018148507662127259
leaf_weight=26 209 235 32 64 35 67 69
leaf_count=26 209 235 32 64 35 67 69
internal_value=3.39213e-05 0.00170455 -0.00110922 0.000287356 -0.00390625 -0.00686275 0.00432331
internal_weight=737 528 293 261 128 102 133
internal_count=737 528 293 261 128 102 133
is_linear=0
shrinkage=0.05


Tree=6
num_leaves=8
num_cat=0
split_feature=11 4 6 0 15 10 6
split_gain=2.08302 2.41967 2.29115 1.85147 2.64102 2.21363 1.6901
threshold=0.0065559076404506653 0.018662752031051767 0.90623733467066137 0.009040694309867538 0.0072472318664943422 0.0079281372903893272 0.46527640371467788
decision_type=2 2 2 2 2 2 2
left_child=1 6 -3 4 5 -2 -1
right_child=3 2 -4 -5 -6 -7 -8
leaf_value=-4.5549340281586756e-05 -5.7599126664928797e-06 0.00015442854743273398 -0.00010145117465470249 -0.00013907078073779831 0.00019173524079619462 -0.00028198374639819192 8.371735112193796e-05
leaf_weight=173 186 141 29 66 34 54 63
leaf_count=173 186 141 29 66 34 54 63
internal_value=-0.000201072 0.00221675 0.00676471 -0.00308824 -0.00127737 -0.003125 -0.00105932
internal_weight=746 406 170 340 274 240 236
internal_count=746 406 170 340 274 240 236
is_linear=0
shrinkage=0.05


Tree=7
num_leaves=8
num_cat=0
split_feature=8 11 4 9 5 14 2
split_gain=2.18743 2.27187 2.19265 3.20625 2.11187 1.84007 2.00508
threshold=0.028147739328532876 0.0060643551052425035 0.016485564768104127 0.027611758538703349 0.011204461457536325 -0.017044659763988276 -0.037434621110142223
decision_type=8 2 2 8 2 2 2
left_child=1 2 -1 -4 -5 -3 -7
right_child=-2 5 3 4 -6 6 -8
leaf_value=-0.00016115339368271905 -6.1815264958250385e-05 -0.00017347228467381486 0.00024824602952964379 -0.00010110199953474648 0.00014404481806623708 -0.00011084154325238419 0.00013974701616134067
leaf_weight=56 256 101 82 47 75 35 93
leaf_count=56 256 101 82 47 75 35 93
internal_value=3.3557e-05 0.00199387 0.00519231 0.00759804 0.00245902 -0.00163755 0.00234375
internal_weight=745 489 260 204 122 229 128
internal_count=745 489 260 204 122 229 128
is_linear=0
shrinkage=0.05


Tree=8
num_leaves=8
num_cat=0
split_feature=11 3 0 0 14 2 10
split_gain=1.72163 1.6083 1.86221 1.90476 1.98501 2.015 1.4029
threshold=0.0065559076404506653 0.0083623080076779006 0.001483943680443023 -0.00021062903207669234 -0.0070547548707520216 -0.015401512628686607 0.0083253127378262199
decision_type=2 2 2 2 2 2 2
left_child=1 2 3 4 5 -1 -2
right_child=6 -3 -4 -5 -6 -7 -8
leaf_value=-0.00012469009183200736 -9.1648873788755355e-06 -0.00011763215377748662 0.00013744723039927004 -0.00015653929942577698 0.00011624509835722331 3.5002912813181292e-05 -0.0001741078230662576
leaf_weight=29 276 31 164 35 114 46 69
leaf_count=29 276 31 164 35 114 46 69
internal_value=-6.5445e-05 0.00208831 0.00296392 0 0.00198413 -0.00433333 -0.00268116
internal_weight=764 419 388 224 189 75 345
internal_count=764 419 388 224 189 75 345
is_linear=0
shrinkage=0.05


Tree=9
num_leaves=8
num_cat=0
split_feature=11 7 15 9 14 4 10
split_gain=1.96471 2.12767 2.06636 2.47752 2.92778 1.9946 1.98882
threshold=0.013370913918319573 -0.022982627842085986 0.010869800496443928 0.028805578470132768 -0.048319541899194234 0.01643701315731844 -0.0022250967273709783
decision_type=2 2 2 8 2 2 2
left_child=2 -2 3 5 -5 -1 -7
right_child=1 -3 -4 4 -6 6 -8
leaf_value=-0.00023955274088107524 0.000143089418221542 -7.7827199607454872e-05 0.00016351295890467831 -0.00017510962963205752 4.9663763902197539e-06 3.0823671822854766e-05 0.00022036514489803894
leaf_weight=33 28 178 67 58 250 49 81
leaf_count=33 28 178 67 58 250 49 81
internal_value=0.000268817 -0.0038835 0.00185874 0.000690021 -0.00194805 0.00567485 0.00846154
internal_weight=744 206 538 471 308 163 130
internal_count=744 206 538 471 308 163 130
is_linear=0
shrinkage=0.05


Tree=10
num_leaves=8
num_cat=0
split_feature=7 3 11 11 3 5 4
split_gain=2.15087 1.93358 1.48274 2.18718 2.11532 1.68857 1.91524
threshold=-0.048458299909260864 0.0089387896087266289 0.0065559076404506653 0.003505922146060048 -0.005423872450148747 0.010896069514201997 0.019480602372355112
decision_type=2 2 2 2 2 2 2
left_child=-1 2 3 4 -2 -4 -7
right_child=1 -3 5 -5 -6 6 -8
leaf_value=0.0002481644572312039 -0.00016367618652554782 -0.00019949390929589395 -0.00013681701873230736 0.00013123907413839682 2.6611696342130709e-05 8.6905249400715882e-05 -2.9387414044634002e-05
leaf_weight=27 40 32 136 50 269 79 116
leaf_count=27 40 32 136 50 269 79 116
internal_value=3.33778e-05 -0.000484765 7.24638e-05 0.00229805 0.000728155 -0.00234139 0.000641026
internal_weight=749 722 690 359 309 331 195
internal_count=749 722 690 359 309 331 195
is_linear=0
shrinkage=0.05


Tree=11
num_leaves=8
num_cat=0
split_feature=5 7 12 7 6 5 10
split_gain=2.09059 2.94103 1.65892 2.02429 1.63464 2.91489 1.99376
threshold=0.011389545717305312 -0.019932644137784446 0.0359090683716582 0.0011357335014384742 -0.36167402019255174 0.010660911210509725 -0.0055859659212495463
decision_type=2 2 2 2 2 2 2
left_child=4 -2 3 -3 -1 6 -6
right_child=1 2 -4 -5 5 -7 -8
leaf_value=-9.0319618166970236e-05 0.00036735384139779969 0.00019525900035571145 -6.7364689035753558e-05 5.1582635347904498e-06 0.00034576708098082591 -0.00010165514833712182 2.1705811125021685e-05
leaf_weight=152 50 58 83 175 25 76 128
leaf_count=152 50 58 83 175 25 76 128
internal_value=3.34672e-05 0.00273224 0.000949367 0.00311159 -0.00255906 0.00010917 0.00408497
internal_weight=747 366 316 233 381 229 153
internal_count=747 366 316 233 381 229 153
is_linear=0
shrinkage=0.05


end of trees

feature_importances:
spy_ret_5d=10
atr_pct=9
dist_ma50=7
parkinson_20=6
dist_ma20=6
vix_chg_1d=6
ret_1d=5
ret_5d=5
dist_ma200=5
ret_20d=4
overnight_gap=4
dvol_z_20=4
spy_ret_1d=4
sector_ret_1d=4
spy_ret_20d=2
vix_level=2
sector_ret_5d=1

parameters:
[boosting: gbdt]
[objective: quantile]
[metric: quantile]
[tree_learner: serial]
[device_type: cpu]
[data_sample_strategy: bagging]
[data: ]
[valid: ]
[num_iterations: 80]
[learning_rate: 0.05]
[num_leaves: 8]
[num_threads: 1]
[seed: 0]
[deterministic: 0]
[force_col_wise: 1]
[force_row_wise: 0]
[histogram_pool_size: -1]
[max_depth: -1]
[min_data_in_leaf: 25]
[min_sum_hessian_in_leaf: 0.001]
[bagging_fraction: 0.9]
[pos_bagging_fraction: 1]
[neg_bagging_fraction: 1]
[bagging_freq: 1]
[bagging_seed: 3]
[bagging_by_query: 0]
[feature_fraction: 0.9]
[feature_fraction_bynode: 1]
[feature_fraction_seed: 2]
[extra_trees: 0]
[extra_seed: 6]
[early_stopping_round: 0]
[early_stopping_min_delta: 0]
[first_metric_only: 0]
[max_delta_step: 0]
[lambda_l1: 0]
[lambda_l2: 0]
[linear_lambda: 0]
[min_gain_to_split: 0]
[drop_rate: 0.1]
[max_drop: 50]
[skip_drop: 0.5]
[xgboost_dart_mode: 0]
[uniform_drop: 0]
[drop_seed: 4]
[top_rate: 0.2]
[other_rate: 0.1]
[min_data_per_group: 100]
[max_cat_threshold: 32]
[cat_l2: 10]
[cat_smooth: 10]
[max_cat_to_onehot: 4]
[top_k: 20]
[monotone_constraints: ]
[monotone_constraints_method: basic]
[monotone_penalty: 0]
[feature_contri: ]
[forcedsplits_filename: ]
[refit_decay_rate: 0.9]
[cegb_tradeoff: 1]
[cegb_penalty_split: 0]
[cegb_penalty_feature_lazy: ]
[cegb_penalty_feature_coupled: ]
[path_smooth: 0]
[interaction_constraints: ]
[verbosity: -1]
[saved_feature_importance_type: 0]
[use_quantized_grad: 0]
[num_grad_quant_bins: 4]
[quant_train_renew_leaf: 0]
[stochastic_rounding: 1]
[linear_tree: 0]
[max_bin: 255]
[max_bin_by_feature: ]
[min_data_in_bin: 3]
[bin_construct_sample_cnt: 200000]
[data_random_seed: 1]
[is_enable_sparse: 1]
[enable_bundle: 1]
[use_missing: 1]
[zero_as_missing: 0]
[feature_pre_filter: 1]
[pre_partition: 0]
[two_round: 0]
[header: 0]
[label_column: ]
[weight_column: ]
[group_column: ]
[ignore_column: ]
[categorical_feature: ]
[forcedbins_filename: ]
[precise_float_parser: 0]
[parser_config_file: ]
[objective_seed: 5]
[num_class: 1]
[is_unbalance: 0]
[scale_pos_weight: 1]
[sigmoid: 1]
[boost_from_average: 1]
[reg_sqrt: 0]
[alpha: 0.5]
[fair_c: 1]
[poisson_max_delta_step: 0.7]
[tweedie_variance_power: 1.5]
[lambdarank_truncation_level: 30]
[lambdarank_norm: 1]
[label_gain: ]
[lambdarank_position_bias_regularization: 0]
[eval_at: ]
[multi_error_top_k: 1]
[auc_mu_weights: ]
[num_machines: 1]
[local_listen_port: 12400]
[time_out: 120]
[machine_list_filename: ]
[machines: ]
[gpu_platform_id: -1]
[gpu_device_id: -1]
[gpu_device_id_list: ]
[gpu_use_dp: 0]
[num_gpu: 1]

end of parameters

pandas_categorical:[]
