tree
version=v4
num_class=1
num_tree_per_iteration=1
label_index=0
max_feature_idx=16
objective=quantile
feature_names=ret_1d ret_5d ret_20d overnight_gap atr_pct parkinson_20 dvol_z_20 dist_ma20 dist_ma50 dist_ma200 spy_ret_1d spy_ret_5d spy_ret_20d vix_level vix_chg_1d sector_ret_1d sector_ret_5d
feature_infos=[-0.20120871741651913:0.46265203203797078] [-0.34082285152132663:0.8002011187228959] [-0.43782258064516133:1.3037521211740306] [-0.14182359457214067:0.36458024325126059] [0.029013498704921301:0.17305827572964666] [0.019780029708717006:0.078605775946235107] [-1.9690809548451835:4.2937652450187747] [-0.36450653697702851:0.70977055965051106] [-0.39320296110098341:1.0823804377874389] [-0.27839012809457653:2.4622052652251885] [-0.058542947643003718:0.10501933612632941] [-0.11496158439845272:0.082843216242346029] [-0.12265592443394913:0.15756596870864792] [11.859999656677246:52.330001831054688] [-0.35753873962348437:0.74039073966007019] [-0.057278720415000484:0.088354812492743573] [-0.10755362138638491:0.081588053177927611]
tree_sizes=835 849 856 860 838 858 857 857 856 864 855 867 859 855 864 848 860 863 855 864 863 846

Tree=0
num_leaves=8
num_cat=0
split_feature=4 6 3 14 16 8 1
split_gain=4.03997 1.46746 1.34418 1.8096 2.18238 1.9672 1.8313
threshold=0.058048545101966567 -0.66892560424025749 -0.011335918782826136 0.0071322940265206034 0.024645408531789096 0.13914428252058922 0.040060588300466111
decision_type=2 2 2 2 2 8 2
left_child=2 -2 -1 4 6 -6 -4
right_child=1 -3 3 -5 5 -7 -8
leaf_value=-0.016972236335277557 -0.017490636045113205 -0.018111813021823762 -0.017118616634979843 -0.01775989532470703 -0.018027804046869277 -0.017355802794918419 -0.017492347257211806
leaf_weight=64 60 192 130 149 28 27 100
leaf_count=64 60 192 130 149 28 27 100
internal_value=-0.017569 -0.0227278 -0.0149586 -0.0159561 -0.0136217 -0.022569 -0.0114821
internal_weight=750 252 498 434 285 55 230
internal_count=750 252 498 434 285 55 230
is_linear=0
shrinkage=1


Tree=1
num_leaves=8
num_cat=0
split_feature=4 16 9 9 16 13 8
split_gain=3.17881 1.35589 1.38882 1.33257 1.67387 1.72669 1.28996
threshold=0.060331107293780363 0.038263219159938473 0.91718969644421777 0.49724559127302675 0.01536707972878182 19.214999198913578 0.11913606371032816
decision_type=2 2 10 8 2 2 10
left_child=1 2 6 4 -2 -6 -1
right_child=3 -3 -4 -5 5 -7 -8
leaf_value=-1.6956673935055767e-05 -0.00058187906863167889 -0.0003519051335752011 0.00047570828581228848 -0.0007073125266470016 0.00063975889468565578 -0.00082388710463419566 0.00015261024818755687
leaf_weight=226 82 34 33 67 29 25 238
leaf_count=226 82 34 33 67 29 25 238
internal_value=0.00027248 0.00230697 0.00296781 -0.00504926 -0.00220588 0.00462963 0.00226293
internal_weight=734 531 497 203 136 54 464
internal_count=734 531 497 203 136 54 464
is_linear=0
shrinkage=0.05


Tree=2
num_leaves=8
num_cat=0
split_feature=4 6 6 6 6 14 13
split_gain=2.86651 2.28396 2.15524 1.55296 1.41563 1.4705 1.93523
threshold=0.060331107293780363 -1.0336864554532486 -0.63544819345513492 -0.56134270379260232 -0.45349017603523034 -0.001242221342315941 17.615000724792484
decision_type=2 2 2 2 2 2 2
left_child=1 -1 -2 -3 -5 -6 -7
right_child=2 3 -4 4 5 6 -8
leaf_value=-0.00056047169180237699 0.00019269676727708425 0.00032608141610398892 -0.00069688581663649547 -0.00026396362614468675 0.00018128752429038295 -0.00031867649435298536 0.00040879812394268807
leaf_weight=30 61 103 155 36 193 119 52
leaf_count=30 61 103 155 36 193 119 52
internal_value=-0.000233645 0.00173546 -0.00509259 0.00253479 0.001125 0.00206044 -0.00131579
internal_weight=749 533 216 503 400 364 171
internal_count=749 533 216 503 400 364 171
is_linear=0
shrinkage=0.05


Tree=3
num_leaves=8
num_cat=0
split_feature=4 14 2 4 11 8 4
split_gain=4.30727 1.98773 1.46964 1.35867 1.43482 2.08233 1.19612
threshold=0.058048545101966567 -0.083456210331023115 -0.21669120685980206 0.076975284182209253 -0.013447724126553815 -0.020570603384934046 0.040270968967294096
decision_type=2 2 2 2 2 10 2
left_child=1 -1 -2 4 -4 -6 -3
right_child=2 6 3 -5 5 -7 -8
leaf_value=0.00046057527747470875 0.00035050739483558568 0.00017563839768408785 0.00016145454986544783 -0.0014050092715595383 -0.0010232507769047518 -0.00015484417251427664 7.5186779620707061e-06
leaf_weight=27 41 142 30 58 34 79 332
leaf_count=27 41 142 30 58 34 79 332
internal_value=-0.000100942 0.00254491 -0.00557851 -0.00733831 -0.00472028 -0.00730088 0.00179325
internal_weight=743 501 242 201 143 113 474
internal_count=743 501 242 201 143 113 474
is_linear=0
shrinkage=0.05


Tree=4
num_leaves=8
num_cat=0
split_feature=4 6 13 16 3 3 0
split_gain=2.52655 1.43116 1.6129 1.49482 1.56907 2.02324 2.4
threshold=0.058048545101966567 -0.66892560424025749 20.714999198913578 0.018260716797974478 0.0043655036587063609 -0.0052206027336941232 -0.023608711806859469
decision_type=2 2 2 2 2 2 2
left_child=-1 2 -2 4 5 6 -3
right_child=1 3 -4 -5 -6 -7 -8
leaf_value=7.1206740105408175e-05 0.00036102902678161638 -0.0014021049792203848 -0.000769133214740723 0.00022705223380529787 -0.00068791679105292152 0.00017779821499192621 0.00014296398185811992
leaf_weight=504 31 30 31 43 50 27 30
leaf_count=504 31 30 31 43 50 27 30
internal_value=6.70241e-05 -0.00413223 0.00241935 -0.00638889 -0.00894161 -0.00488506 -0.01
internal_weight=746 242 62 180 137 87 60
internal_count=746 242 62 180 137 87 60
is_linear=0
shrinkage=0.05


Tree=5
num_leaves=8
num_cat=0
split_feature=4 8 1 15 6 15 11
split_gain=2.98893 1.83464 2.55453 1.58565 1.55301 1.67013 1.39862
threshold=0.060331107293780363 0.22756643988148742 0.016580940466458086 -0.0089974730300348398 -0.63544819345513492 0.0027665050027915199 -0.0015936662875054017
decision_type=2 10 2 2 2 2 2
left_child=1 3 -3 6 5 -2 -1
right_child=4 2 -4 -5 -6 -7 -8
leaf_value=2.5711987426824471e-05 -0.00029622877735989466 0.00058097501578699287 0.00012823994737451718 -3.0786407085383123e-05 -0.0005856123983265098 0.00039570773611766327 0.00039994348179358337
leaf_weight=29 31 30 112 330 154 26 25
leaf_count=29 31 30 112 330 154 26 25
internal_value=0.000169607 0.00218631 0.00704225 0.000390625 -0.00485782 0.00219298 0.00833333
internal_weight=737 526 142 384 211 57 54
internal_count=737 526 142 384 211 57 54
is_linear=0
shrinkage=0.05


Tree=6
num_leaves=8
num_cat=0
split_feature=4 3 2 12 16 7 9
split_gain=2.88996 1.71402 1.42144 1.3196 1.50464 2.43551 1.40935
threshold=0.058048545101966567 -0.029483444627280083 -0.23605279340295429 0.055910575939094771 0.010148817912329579 0.13201000429280854 0.34938320508432014
decision_type=2 2 2 2 2 2 8
left_child=3 -2 -3 4 -1 6 -6
right_child=1 2 -4 -5 5 -7 -8
leaf_value=0.00022830136881618092 -0.0012334896361423842 0.0006747243424382193 -0.00031304240164100488 -0.00028172100980274929 0.00034150445399869136 0.00025235091921209027 -0.00032348523485681589
leaf_weight=274 29 30 188 37 28 53 107
leaf_count=274 29 30 188 37 28 53 107
internal_value=-0.000536193 -0.00495951 -0.00344037 0.00165331 0.00238095 -0.00106383 -0.00462963
internal_weight=746 247 218 499 462 188 135
internal_count=746 247 218 499 462 188 135
is_linear=0
shrinkage=0.05


Tree=7
num_leaves=8
num_cat=0
split_feature=4 6 15 6 0 10 2
split_gain=2.31413 1.86083 1.63669 1.88929 1.60813 2.19298 2.06387
threshold=0.055764040129190715 -0.49398840055459509 0.0037926956095749591 -0.88637478662882951 0.014092376602741654 0.004223429033710758 0.002970536569468774
decision_type=2 2 2 2 2 2 2
left_child=4 2 3 -2 5 -1 -6
right_child=1 -3 -4 -5 6 -7 -8
leaf_value=9.9531742103069201e-05 -0.00054634681405390704 -0.00038194970176259565 0.00042576199816460466 8.3912951782676685e-05 -0.00042778096054781891 0.00047226985956488768 6.8682715376124174e-05
leaf_weight=228 30 186 33 42 35 57 134
leaf_count=228 30 186 33 42 35 57 134
internal_value=0.000302013 -0.00317869 0.00214286 -0.00208333 0.00253304 0.00482456 -0.00133136
internal_weight=745 291 105 72 454 285 169
internal_count=745 291 105 72 454 285 169
is_linear=0
shrinkage=0.05


Tree=8
num_leaves=8
num_cat=0
split_feature=14 0 8 8 15 0 0
split_gain=2.38433 2.96976 1.83564 1.92224 1.73899 1.60793 1.80625
threshold=0.012431899030548645 -0.041282077643524255 0.15222625759081157 0.044615910341651029 0.012534258849324244 0.017987327861954564 -0.013072474154108392
decision_type=2 2 10 8 2 2 2
left_child=1 -1 3 5 -5 6 -3
right_child=-2 2 -4 4 -6 -7 -8
leaf_value=-0.00069305838488754011 -0.00019081058053661249 -3.257742849081518e-05 0.00029822377716897389 -3.54500724185549e-06 -0.00065762156353636162 -0.00014556967176655532 0.00042798543400530715
leaf_weight=29 280 26 163 114 25 61 66
leaf_count=29 280 26 163 114 25 61 66
internal_value=0.000458115 0.00258264 0.00357143 0.00119863 -0.00305755 0.00506536 0.00923913
internal_weight=764 484 455 292 139 153 92
internal_count=764 484 455 292 139 153 92
is_linear=0
shrinkage=0.05


Tree=9
num_leaves=8
num_cat=0
split_feature=0 5 10 16 11 13 10
split_gain=1.78587 1.77135 1.34137 1.67421 1.31465 1.50706 1.62812
threshold=-0.014427857850974333 0.023716226252527024 0.0017576081132453238 0.013718940175006635 0.00053834779161687784 21.409999847412113 -0.0042544588401209329
decision_type=2 2 2 2 2 2 2
left_child=2 -2 3 -1 5 6 -3
right_child=1 4 -4 -5 -6 -7 -8
leaf_value=-0.00039277729865437995 0.00042287703635461235 -7.7836017578848494e-06 -0.00041140658939971161 0.00029270490568407865 -0.00010444872426587719 -0.00028475168711557307 0.00038895839677783456
leaf_weight=129 67 32 47 31 304 35 99
leaf_count=129 67 32 47 31 304 35 99
internal_value=0.000201613 0.00172253 -0.00374396 -0.0015625 0.000638298 0.00421687 0.00667939
internal_weight=744 537 207 160 470 166 131
internal_count=744 537 207 160 470 166 131
is_linear=0
shrinkage=0.05


Tree=10
num_leaves=8
num_cat=0
split_feature=4 6 6 6 0 8 0
split_gain=2.56831 2.03708 1.60353 1.26828 1.70856 2.0141 1.86432
threshold=0.060331107293780363 -0.62360020928850224 -0.87792734312717602 -1.0336864554532486 0.012417994214373064 0.14611019896691749 0.0090898923077918931
decision_type=2 2 2 2 2 10 2
left_child=3 2 -2 -1 6 -6 -5
right_child=1 -3 -4 4 5 -7 -8
leaf_value=-0.00037563498927601968 -0.0002186531429143126 -0.00055964591314950317 0.00065153588022714504 0.0001745457760309102 -0.00017839555217083461 7.8319804958157903e-05 0.00048917523842558386
leaf_weight=34 33 152 25 269 104 105 27
leaf_count=34 33 152 25 269 104 105 27
internal_value=0.000166889 -0.00452381 0.00344828 0.00199443 0.00262376 -0.000837321 0.00506757
internal_weight=749 210 58 539 505 209 296
internal_count=749 210 58 539 505 209 296
is_linear=0
shrinkage=0.05


Tree=11
num_leaves=8
num_cat=0
split_feature=4 7 14 10 14 16 0
split_gain=1.75032 1.93949 2.22702 1.45432 2.14093 1.64334 1.63561
threshold=0.058048545101966567 0.11019786380536269 -0.00064785032559577782 -0.0030883271740247405 0.012431899030548645 0.029728203426904746 -0.014427857850974333
decision_type=2 2 2 2 2 2 2
left_child=1 3 -3 -1 5 6 -5
right_child=-2 2 -4 4 -6 -7 -8
leaf_value=0.00031672309994429349 -0.0002026980964312971 0.00029764582560871391 -4.4973434017594845e-05 -0.00050786301324676469 -0.00034466722628366167 -0.00028220326375664627 0.00012971812709744953
leaf_weight=103 245 85 54 35 48 26 151
leaf_count=103 245 85 54 35 48 26 151
internal_value=0.000301205 0.00199203 0.00701439 6.88705e-05 -0.00192308 0.000235849 0.00188172
internal_weight=747 502 139 363 260 212 186
internal_count=747 502 139 363 260 212 186
is_linear=0
shrinkage=0.05


Tree=12
num_leaves=8
num_cat=0
split_feature=5 2 6 5 1 4 12
split_gain=2.28265 1.71207 1.52929 1.82226 2.1074 1.70097 1.45228
threshold=0.024150264957061459 0.002970536569468774 -1.0164975963468657 0.034913601277856761 0.0062715116051439432 0.043227868451508604 0.015576171273286367
decision_type=2 2 2 2 2 2 2
left_child=-1 -2 -3 4 -4 -6 -5
right_child=1 2 3 6 5 -7 -8
leaf_value=0.00033028885743804361 -0.00022718341405718204 -0.00042268295323612633 0.00042774293600913641 0.00011997962726459003 -7.1166599750811801e-05 0.00013284679525309923 -0.00033923214305627979
leaf_weight=75 215 30 71 51 73 112 107
leaf_count=75 215 30 71 51 73 112 107
internal_value=6.81199e-05 -0.000872534 0.000900901 0.00169082 0.00429688 0.00148649 -0.00253165
internal_weight=734 659 444 414 256 185 158
internal_count=734 659 444 414 256 185 158
is_linear=0
shrinkage=0.05


Tree=13
num_leaves=8
num_cat=0
split_feature=4 14 13 1 7 7 5
split_gain=1.41271 1.83485 2.4207 1.85744 2.26182 1.81369 1.78731
threshold=0.055764040129190715 0.012431899030548645 14.340000152587892 0.0083047308909636203 0.15413027927621561 0.0038778789647674343 0.024150264957061459
decision_type=2 2 2 2 2 2 2
left_child=1 3 -3 5 6 -1 -5
right_child=-2 2 -4 4 -6 -7 -8
leaf_value=8.7281009591971132e-05 -0.0001570991443179846 -0.00029448740872664548 4.3698522529221281e-05 0.00054654063271028454 0.00021426706773461317 0.00043684342334897531 -0.00015755337712108423
leaf_weight=52 276 41 124 25 39 55 133
leaf_count=52 276 41 124 25 39 55 133
internal_value=0.000302013 0.00197228 -0.00227273 0.00427632 0.00139594 0.00957944 -0.00126582
internal_weight=745 469 165 304 197 107 158
internal_count=745 469 165 304 197 107 158
is_linear=0
shrinkage=0.05


Tree=14
num_leaves=8
num_cat=0
split_feature=4 6 14 3 15 15 7
split_gain=1.82167 2.42905 1.7193 1.30058 1.2708 2.29622 2.02903
threshold=0.060599076066677672 -0.62360020928850224 -0.003811601511204465 -0.013247824220849911 -0.0022931595187591909 -0.00094542305124872817 0.15413027927621561
decision_type=2 2 2 2 2 2 2
left_child=3 2 -2 -1 -5 -6 -7
right_child=1 -3 -4 4 5 6 -8
leaf_value=0.00053253468234544347 0.00044773779757201622 -0.00054143011357785369 -0.0002315092408151311 0.00014817008175341923 -0.00064437096074077644 -2.1095588021965291e-05 0.00020355371434788248
leaf_weight=51 32 142 25 135 31 244 59
leaf_count=51 32 142 25 135 31 244 59
internal_value=0.000173853 -0.00389447 0.00482456 0.00173077 0.000906183 -0.000748503 0.000577558
internal_weight=719 199 57 520 469 334 303
internal_count=719 199 57 520 469 334 303
is_linear=0
shrinkage=0.05


Tree=15
num_leaves=8
num_cat=0
split_feature=13 16 7 1 14 7 1
split_gain=2.01144 1.82473 1.65931 1.51314 1.2868 1.77901 2.12017
threshold=20.980000495910648 -0.023198910502882693 0.020758985425167301 0.21875371436783123 0.012431899030548645 0.12108585952667018 0.091582681418377568
decision_type=2 2 2 2 2 2 2
left_child=3 -2 -3 4 5 6 -1
right_child=1 2 -4 -5 -6 -7 -8
leaf_value=0.00012621729799726047 0.00016999313443103443 -0.00072232377883552795 -0.00019886187148682595 -0.00041120535163754091 -2.2249862521658144e-05 0.00035220911149715599 -0.00038997563890264648
leaf_weight=282 33 39 30 29 212 85 33
leaf_count=282 33 39 30 29 212 85 33
internal_value=0.0006393 -0.00588235 -0.0105072 0.00167707 0.00220588 0.003875 0.00214286
internal_weight=743 102 69 641 612 400 315
internal_count=743 102 69 641 612 400 315
is_linear=0
shrinkage=0.05


Tree=16
num_leaves=8
num_cat=0
split_feature=8 16 6 6 14 1 7
split_gain=1.98623 1.71309 2.23433 2.6819 1.43515 1.4899 2.02708
threshold=-0.039964645962615002 -0.02610534412551507 -1.0164975963468657 -0.62803025120611833 0.013406221047230662 0.0083047308909636203 0.11662230659372354
decision_type=10 2 2 2 2 2 2
left_child=-1 -2 -3 -4 5 -5 -7
right_child=1 2 3 4 -6 6 -8
leaf_value=-0.0004108034163540676 0.0004261162233045556 -0.00047095460886801486 0.00032909847636551924 0.00031741515138880479 -0.00021329124676089107 -0.00015991889356135143 0.0001757655730556306
leaf_weight=149 26 32 88 82 155 124 101
leaf_count=149 26 32 88 82 155 124 101
internal_value=-0.000363276 0.000904605 0.000343643 0.00109091 -0.0004329 0.00154723 -0.000555556
internal_weight=757 608 582 550 462 307 225
internal_count=757 608 582 550 462 307 225
is_linear=0
shrinkage=0.05


Tree=17
num_leaves=8
num_cat=0
split_feature=5 11 12 12 10 10 5
split_gain=1.31054 1.74851 2.76993 1.92558 1.19066 1.19029 2.14552
threshold=0.024150264957061459 0.00053834779161687784 -0.014960346116785426 -0.049048441539310476 -0.0018123893917819098 0.004568837884475486 0.030433249738714988
decision_type=2 2 2 2 2 2 2
left_child=4 2 3 -2 -1 6 -3
right_child=1 5 -4 -5 -6 -7 -8
leaf_value=-0.00012432363487703356 0.00041118464074900722 -0.00040099973685415286 0.0002357495797442195 -0.00061949403538525457 0.00042944413331248276 2.0527688456989902e-05 -0.0001449965574977636
leaf_weight=25 31 73 167 59 57 155 179
leaf_count=25 31 73 167 59 57 155 179
internal_value=0.000134048 -0.00060241 0.00262646 -0.00444444 0.00609756 -0.00264128 -0.0047619
internal_weight=746 664 257 90 82 407 252
internal_count=746 664 257 90 82 407 252
is_linear=0
shrinkage=0.05


Tree=18
num_leaves=8
num_cat=0
split_feature=3 16 13 9 6 8 10
split_gain=1.65571 1.77933 2.10891 1.27451 1.12682 1.99292 1.70314
threshold=-0.02269239975732101 -0.02610534412551507 21.295000076293949 0.31150774797616215 -0.57440478918423576 0.0019712338112665155 0.0011106399623194154
decision_type=2 2 2 10 2 10 2
left_child=3 -2 4 -1 5 -3 -7
right_child=1 2 -4 -5 -6 6 -8
leaf_value=-0.00078046026281442839 0.00042076498607851665 0.00033541418887010849 -0.00040477750977331361 8.2790857341355324e-05 -1.6878113625312057e-05 -6.6041753523837701e-05 0.00034665532989700812
leaf_weight=34 51 43 58 26 441 52 48
leaf_count=34 51 43 58 26 441 52 48
internal_value=-0.000365206 0.000324675 -0.000389408 -0.00833333 0.000513699 0.00437063 0.0005
internal_weight=753 693 642 60 584 143 100
internal_count=753 693 642 60 584 143 100
is_linear=0
shrinkage=0.05


Tree=19
num_leaves=8
num_cat=0
split_feature=4 3 15 13 14 10 16
split_gain=1.04411 1.31342 1.25381 1.82803 1.85483 1.65541 2.08298
threshold=0.060599076066677672 -0.013247824220849911 -0.0022931595187591909 17.494999885559086 0.043372068741787458 0.0044649128256998303 0.0057760961360550098
decision_type=2 2 2 2 2 2 2
left_child=1 -1 3 -3 -5 6 -4
right_child=-2 2 5 4 -6 -7 -8
leaf_value=0.00050745498153215965 -0.00015526360975823153 -2.7590777415860935e-06 -0.00028400024601133079 0.00047294279360584685 3.600709665177466e-05 7.1557634660824592e-05 -1.9532073498617841e-06
leaf_weight=54 209 86 73 29 28 148 112
leaf_count=54 209 86 73 29 28 148 112
internal_value=-0.000236806 0.000943396 0.000105042 0.00402098 0.0109649 -0.00157658 -0.00472973
internal_weight=739 530 476 143 57 333 185
internal_count=739 530 476 143 57 333 185
is_linear=0
shrinkage=0.05


Tree=20
num_leaves=8
num_cat=0
split_feature=12 12 0 12 4 0 1
split_gain=1.50111 1.45412 2.21183 1.76965 1.36533 1.37645 1.35502
threshold=-0.017558025574422261 -0.052281388412141021 -0.012052886802430605 -0.028469952569234454 0.033259157691018067 -0.043576227569362573 0.034607835123193549
decision_type=2 2 2 2 2 2 2
left_child=1 -1 -3 -4 -2 -6 -7
right_child=4 2 3 -5 5 6 -8
leaf_value=0.00037735033989554252 -8.9047073687511526e-05 -0.00071855381088046372 0.00023194864197834963 -0.000603744639350002 -0.00053370679087386304 0.00017516868832649591 -2.2249766593361848e-05
leaf_weight=31 30 40 35 27 50 269 269
leaf_count=31 30 40 35 27 50 269 269
internal_value=-0.00063249 -0.00545113 -0.00833333 -0.00241935 0.000404531 0.000935374 0.00167286
internal_weight=751 133 102 62 618 588 538
internal_count=751 133 102 62 618 588 538
is_linear=0
shrinkage=0.05


Tree=21
num_leaves=8
num_cat=0
split_feature=0 13 11 11 0 14 10
split_gain=1.66178 1.27666 1.47761 1.23779 1.97296 1.52023 1.36067
threshold=-0.043576227569362573 21.295000076293949 -0.018660879963565243 0.014774716524866062 0.038310690501818907 -0.021011062487688355 0.00048358737476139618
decision_type=2 2 2 2 2 2 2
left_child=-1 3 -3 -2 5 -5 -7
right_child=1 2 -4 4 -6 6 -8
leaf_value=-0.00048412524857364259 0.00012510460668776956 5.9783911430735978e-05 -0.00052222940878217177 -0.00035683597276647377 0.00023259685717284915 -0.00046966898819216472 0.00021286444201851774
leaf_weight=66 427 41 44 52 36 31 51
leaf_count=66 427 41 44 52 36 31 51
internal_value=0 0.000733138 -0.005 0.00154941 -0.00205882 -0.00485075 -0.000609756
internal_weight=748 682 85 597 170 134 82
internal_count=748 682 85 597 170 134 82
is_linear=0
shrinkage=0.05


end of trees

feature_importances:
atr_pct=17
dvol_z_20=17
ret_1d=13
vix_chg_1d=12
sector_ret_5d=11
dist_ma50=9
spy_ret_1d=9
vix_level=9
ret_5d=8
dist_ma20=8
overnight_gap=7
spy_ret_20d=7
sector_ret_1d=7
parkinson_20=6
spy_ret_5d=6
ret_20d=4
dist_ma200=4

parameters:
[boosting: gbdt]
[objective: quantile]
[metric: quantile]
[tree_learner: serial]
[device_type: cpu]
[data_sample_strategy: bagging]
[data: ]
[valid: ]
[num_iterations: 80]
[learning_rate: 0.05]
[num_leaves: 8]
[num_threads: 1]
[seed: 0]
[deterministic: 0]
[force_col_wise: 1]
[force_row_wise: 0]
[histogram_pool_size: -1]
[max_depth: -1]
[min_data_in_leaf: 25]
[min_sum_hessian_in_leaf: 0.001]
[bagging_fraction: 0.9]
[pos_bagging_fraction: 1]
[neg_bagging_fraction: 1]
[bagging_freq: 1]
[bagging_seed: 3]
[bagging_by_query: 0]
[feature_fraction: 0.9]
[feature_fraction_bynode: 1]
[feature_fraction_seed: 2]
[extra_trees: 0]
[extra_seed: 6]
[early_stopping_round: 0]
[early_stopping_min_delta: 0]
[first_metric_only: 0]
[max_delta_step: 0]
[lambda_l1: 0]
[lambda_l2: 0]
[linear_lambda: 0]
[min_gain_to_split: 0]
[drop_rate: 0.1]
[max_drop: 50]
[skip_drop: 0.5]
[xgboost_dart_mode: 0]
[uniform_drop: 0]
[drop_seed: 4]
[top_rate: 0.2]
[other_rate: 0.1]
[min_data_per_group: 100]
[max_cat_threshold: 32]
[cat_l2: 10]
[cat_smooth: 10]
[max_cat_to_onehot: 4]
[top_k: 20]
[monotone_constraints: ]
[monotone_constraints_method: basic]
[monotone_penalty: 0]
[feature_contri: ]
[forcedsplits_filename: ]
[refit_decay_rate: 0.9]
[cegb_tradeoff: 1]
[cegb_penalty_split: 0]
[cegb_penalty_feature_lazy: ]
[cegb_penalty_feature_coupled: ]
[path_smooth: 0]
[interaction_constraints: ]
[verbosity: -1]
[saved_feature_importance_type: 0]
[use_quantized_grad: 0]
[num_grad_quant_bins: 4]
[quant_train_renew_leaf: 0]
[stochastic_rounding: 1]
[linear_tree: 0]
[max_bin: 255]
[max_bin_by_feature: ]
[min_data_in_bin: 3]
[bin_construct_sample_cnt: 200000]
[data_random_seed: 1]
[is_enable_sparse: 1]
[enable_bundle: 1]
[use_missing: 1]
[zero_as_missing: 0]
[feature_pre_filter: 1]
[pre_partition: 0]
[two_round: 0]
[header: 0]
[label_column: ]
[weight_column: ]
[group_column: ]
[ignore_column: ]
[categorical_feature: ]
[forcedbins_filename: ]
[precise_float_parser: 0]
[parser_config_file: ]
[objective_seed: 5]
[num_class: 1]
[is_unbalance: 0]
[scale_pos_weight: 1]
[sigmoid: 1]
[boost_from_average: 1]
[reg_sqrt: 0]
[alpha: 0.5]
[fair_c: 1]
[poisson_max_delta_step: 0.7]
[tweedie_variance_power: 1.5]
[lambdarank_truncation_level: 30]
[lambdarank_norm: 1]
[label_gain: ]
[lambdarank_position_bias_regularization: 0]
[eval_at: ]
[multi_error_top_k: 1]
[auc_mu_weights: ]
[num_machines: 1]
[local_listen_port: 12400]
[time_out: 120]
[machine_list_filename: ]
[machines: ]
[gpu_platform_id: -1]
[gpu_device_id: -1]
[gpu_device_id_list: ]
[gpu_use_dp: 0]
[num_gpu: 1]

end of parameters

pandas_categorical:[]
