tree
version=v4
num_class=1
num_tree_per_iteration=1
label_index=0
max_feature_idx=16
objective=quantile
feature_names=ret_1d ret_5d ret_20d overnight_gap atr_pct parkinson_20 dvol_z_20 dist_ma20 dist_ma50 dist_ma200 spy_ret_1d spy_ret_5d spy_ret_20d vix_level vix_chg_1d sector_ret_1d sector_ret_5d
feature_infos=[-0.11469674357155091:0.16994146208649075] [-0.14092432657255405:0.28167258079984636] [-0.23519876211177837:0.42784119106699747] [-0.069630318303036343:0.10096655624631312] [0.013943186254404239:0.054758730889931717] [0.0087217351614521151:0.029120719120487384] [-1.9450983650498115:4.3534601122584604] [-0.1612005772607209:0.25947395981663002] [-0.20038079753721261:0.31261514365778376] [-0.28585927630745345:0.46050637922530036] [-0.058542947643003718:0.10501933612632941] [-0.11496158439845272:0.082843216242346029] [-0.12265592443394913:0.15756596870864792] [11.859999656677246:52.330001831054688] [-0.35753873962348437:0.74039073966007019] [-0.073180960369049974:0.075364298724954315] [-0.12187673514714059:0.078003457216940353]
tree_sizes=825 855 851 860 860 842 841 857 862 873 863 862 866 864 863 864 859 873 870 868 867 863 864 868 869 862 854 868 855 864 869 870 861 874 871 865 865 875 865 857 864 866 858 869 869 863 855 873 862 865 871 865 857 874 872 867 864 870 866 867

Tree=0
num_leaves=8
num_cat=0
split_feature=4 7 8 6 5 14 12
split_gain=2.09616 1.09906 1.60256 0.970851 1.47201 0.709158 0.555798
threshold=0.026844500583881607 -0.02802502163353859 -0.087135865595256698 -0.15284681479270074 0.01930824983350243 -0.0043060965648996632 0.012058038657318472
decision_type=2 2 10 2 2 2 2
left_child=6 2 5 -3 -5 -2 -1
right_child=1 3 -4 4 -6 -7 -8
leaf_value=0.025780090101419871 0.025476555552806722 0.025575574959090817 0.027026032931374955 0.026416602787619769 0.025608628553263912 0.026080204788398988 0.025504712154796449
leaf_weight=170 35 77 39 30 33 30 336
leaf_count=170 35 77 39 30 33 30 336
internal_value=0.0255139 0.0293204 0.0332139 0.0264282 0.0310313 0.0284062 0.0236783
internal_weight=750 244 104 140 63 65 506
internal_count=750 244 104 140 63 65 506
is_linear=0
shrinkage=1


Tree=1
num_leaves=8
num_cat=0
split_feature=13 0 1 12 14 13 7
split_gain=2.09492 1.42024 1.10775 0.593298 0.637163 0.541731 0.375364
threshold=25.010000228881839 0.031648144773154703 -0.062518830566478487 0.056550546731705904 0.090336443973437111 17.605000495910648 0.050153590623584272
decision_type=2 2 2 2 2 2 2
left_child=1 2 -1 4 6 -5 -4
right_child=-2 -3 3 5 -6 -7 -8
leaf_value=0.00064854640620054527 0.00072182074882764591 0.0010787072380965901 -0.00017169979815674747 0.00040642508510021439 0.00028873150486878623 -0.00013492612819604506 3.1806417333777962e-05
leaf_weight=43 36 25 462 32 48 31 57
leaf_count=43 36 25 462 32 48 31 57
internal_value=-9.5369e-05 -0.000702007 -0.0011367 -0.00166667 -0.00217813 0.00293651 -0.00268786
internal_weight=734 698 673 630 567 63 519
internal_count=734 698 673 630 567 63 519
is_linear=0
shrinkage=0.05


Tree=2
num_leaves=8
num_cat=0
split_feature=1 0 14 14 4 11 6
split_gain=2.39211 1.69382 1.03559 1.02557 0.696633 1.10896 1.94277
threshold=-0.062896759349545681 0.031648144773154703 0.090336443973437111 0.13518549268873961 0.026844500583881607 0.0090107413395309494 -0.083074613147111967
decision_type=2 2 2 2 2 2 2
left_child=-1 2 4 -4 -2 -6 -7
right_child=1 -3 3 -5 5 6 -8
leaf_value=0.0011915965478306949 -0.00015228384787733452 0.0010210909225610611 0.00066965671894101612 -5.5556951605974705e-05 -0.00013366980721168963 -3.2752507408576372e-05 0.00067188472741242151
leaf_weight=42 448 27 35 31 97 44 25
leaf_count=42 448 27 35 31 97 44 25
internal_value=7.343e-05 -0.000615277 -0.00110294 0.00484848 -0.00174267 0.0010241 0.00586956
internal_weight=749 707 680 66 614 166 69
internal_count=749 707 680 66 614 166 69
is_linear=0
shrinkage=0.05


Tree=3
num_leaves=8
num_cat=0
split_feature=13 0 9 16 16 12 14
split_gain=1.85225 0.771862 0.692811 1.12012 1.39752 0.939394 0.443195
threshold=25.010000228881839 0.024778914272388101 -0.08799618883008857 -0.00055863161518965299 -0.0062878533032652553 0.011040708270440904 0.090336443973437111
decision_type=2 2 8 2 2 2 2
left_child=1 2 3 4 5 -1 -4
right_child=-2 -3 6 -5 -6 -7 -8
leaf_value=0.00031008544843273136 0.00062107416701137413 0.00052449139581675511 -0.00017930869339291824 -9.5739282367435653e-05 0.00056922484952162927 -0.00023762364405500032 0.00024081215880211683
leaf_weight=33 39 35 421 118 28 31 38
leaf_count=33 39 35 421 118 28 31 38
internal_value=-0.000222074 -0.00080966 -0.00118834 0.00119047 0.00532609 0.00125 -0.00227669
internal_weight=743 704 669 210 92 64 459
internal_count=743 704 669 210 92 64 459
is_linear=0
shrinkage=0.05


Tree=4
num_leaves=8
num_cat=0
split_feature=9 1 13 3 3 15 9
split_gain=1.55244 1.4131 0.990917 0.747911 0.897436 0.740633 0.693215
threshold=-0.19530017638370814 0.068307557627869678 25.19999980926514 0.0022236531580046574 0.0031044054659701286 0.0011971167453040945 -0.036586798244136569
decision_type=8 2 2 2 2 2 8
left_child=5 2 3 -2 -5 -1 -6
right_child=1 -3 -4 4 6 -7 -8
leaf_value=0.00060599809459694503 -0.00012522110068617718 0.0010662936419859863 0.00062627500282739492 0.00071908366900172449 0.0002048168338115069 0.00044623079264691809 -0.00014699544707197677
leaf_weight=27 432 25 26 28 61 26 121
leaf_count=27 432 25 26 28 61 26 121
internal_value=-4.02157e-05 -0.000670997 -0.00110779 -0.00149533 0.00095238 0.00820755 -0.000329672
internal_weight=746 693 668 642 210 53 182
internal_count=746 693 668 642 210 53 182
is_linear=0
shrinkage=0.05


Tree=5
num_leaves=8
num_cat=0
split_feature=4 6 6 9 6 8 4
split_gain=1.71563 0.910399 0.83872 0.760026 1.37892 0.6202 0.903909
threshold=0.029154787391522313 0.12488561936286581 -0.70665309637746421 0.33125956699856457 0.8309191391246632 -0.049370119243661796 0.03769925801481918
decision_type=2 2 2 8 2 10 2
left_child=1 -1 -2 -3 -5 6 -4
right_child=2 3 5 4 -6 -7 -8
leaf_value=-0.00014871305063925114 -6.0494993919925225e-05 -7.8717229927655432e-05 0.0012175932187145034 0.0016255037294707635 -0.0003064145469432907 0.00015723684169282682 0.00024912278756089991
leaf_weight=399 38 117 35 25 27 70 26
leaf_count=399 38 117 35 25 27 70 26
internal_value=-0.000251019 -0.0015669 0.0041716 0.00150887 0.00653846 0.0060687 0.0097541
internal_weight=737 568 169 169 52 131 61
internal_count=737 568 169 169 52 131 61
is_linear=0
shrinkage=0.05


Tree=6
num_leaves=8
num_cat=0
split_feature=4 13 4 9 6 7 9
split_gain=1.38929 0.682924 0.693153 1.08036 0.625131 1.00087 1.45455
threshold=0.029261655027710953 25.010000228881839 0.033929073156173335 -0.085988803586898574 0.14047551117904858 0.0060451270070269745 0.33125956699856457
decision_type=2 2 2 10 2 2 8
left_child=4 2 3 -2 -1 -6 -7
right_child=1 -3 -4 -5 5 6 -8
leaf_value=-0.00013261411762541264 0.00066132866254546595 0.00069666419079194891 -4.3435248571742677e-05 -0.00020550930383053564 -8.7852005846595274e-05 1.211462892964768e-05 0.0015442285429972254
leaf_weight=408 36 29 77 28 88 55 25
leaf_count=408 36 29 77 28 88 55 25
internal_value=-0.00044236 0.00352941 0.0020922 0.0059375 -0.00161458 0.00095238 0.005
internal_weight=746 170 141 64 576 168 80
internal_count=746 170 141 64 576 168 80
is_linear=0
shrinkage=0.05


Tree=7
num_leaves=8
num_cat=0
split_feature=1 6 2 9 9 5 1
split_gain=1.44986 0.850805 1.00198 1.88532 0.859955 0.554864 0.42057
threshold=-0.062896759349545681 -0.063521382042321259 0.010260816368248273 -0.15693328248239721 -0.20605945617911706 0.015146319573804587 -0.020710229075280692
decision_type=2 2 2 10 8 2 2
left_child=-1 4 5 -4 -2 -3 -7
right_child=1 2 3 -5 -6 6 -8
leaf_value=0.00087427379387421079 0.00036462295842698404 -0.0001760272790521658 0.00085511534411413447 3.8964099900356164e-05 -0.00013657794136103096 0.00064165051373902518 -6.8029621247178845e-05
leaf_weight=44 25 56 28 79 427 32 54
leaf_count=44 25 56 28 79 427 32 54
internal_value=-0.000167786 -0.000720401 0.0016265 0.00528037 -0.00201328 -0.00112676 0.00139535
internal_weight=745 701 249 107 452 142 86
internal_count=745 701 249 107 452 142 86
is_linear=0
shrinkage=0.05


Tree=8
num_leaves=8
num_cat=0
split_feature=13 1 1 3 9 10 11
split_gain=1.55309 0.915471 0.676741 0.668244 0.976777 0.927216 1.02426
threshold=25.960000038146976 -0.062896759349545681 0.066024452275001436 0.0020976423212151212 -0.033974881392104299 -0.0026894294731198971 0.010325592829658616
decision_type=2 2 2 2 8 2 2
left_child=1 -1 3 -3 5 -5 -7
right_child=-2 2 -4 4 -6 6 -8
leaf_value=0.0006207698152395502 0.00063953059714567018 -0.00010457270216923736 0.00096332135313320427 0.00069748303556556703 -8.5151286546831088e-05 -0.00027770593768801854 0.00028321715621870772
leaf_weight=44 32 429 25 25 142 38 29
leaf_count=44 32 429 25 25 142 38 29
internal_value=-0.000157069 -0.000628416 -0.00107558 -0.00138009 0.00076923 0.00478261 0.00171642
internal_weight=764 732 688 663 234 92 67
internal_count=764 732 688 663 234 92 67
is_linear=0
shrinkage=0.05


Tree=9
num_leaves=8
num_cat=0
split_feature=12 9 16 16 15 11 13
split_gain=1.65817 0.909147 0.868078 1.43946 0.810823 0.611587 0.595238
threshold=-0.052281388412141021 0.010837867197337816 -0.00055863161518965299 -0.0059755909324578074 0.011013223898598381 0.021459813769517781 16.675000190734867
decision_type=2 8 2 2 2 2 2
left_child=-1 2 3 6 5 -4 -2
right_child=1 -3 4 -5 -6 -7 -8
leaf_value=0.00051770056373968022 0.00010870463477319842 -0.00011695505532838603 -0.00021368483423030924 0.00053203674868554851 0.00037529749601519937 0.00020812531200005598 -0.00010736655250394762
leaf_weight=27 30 392 114 42 25 39 75
leaf_count=27 30 392 114 42 25 39 75
internal_value=-0.000497313 -0.000955371 0.000999999 0.00384354 -0.00134832 -0.00271242 0.000714285
internal_weight=744 717 325 147 178 153 105
internal_count=744 717 325 147 178 153 105
is_linear=0
shrinkage=0.05


Tree=10
num_leaves=8
num_cat=0
split_feature=4 9 0 10 6 0 16
split_gain=1.41205 1.10288 1.0874 0.927306 0.479516 0.808929 0.823204
threshold=0.029261655027710953 -0.07349228203883966 -0.012068836801531589 -0.0026466516143627823 -0.15284681479270074 -0.0072764193577567462 0.010129999632627286
decision_type=2 10 2 2 2 2 2
left_child=4 2 -2 -4 -1 -6 -7
right_child=1 -3 3 -5 5 6 -8
leaf_value=-0.00017237275676153024 0.00075425964597921398 -0.00028560557040205103 0.00070369344794869162 -2.8809879998390409e-05 -9.1280371704332956e-05 0.00022486021345476828 -7.3592469313029231e-05
leaf_weight=349 35 47 30 51 73 87 77
leaf_count=349 35 47 30 51 73 87 77
internal_value=-0.000527371 0.00358896 0.0062069 0.00302469 -0.00167236 6.32899e-05 0.00201219
internal_weight=749 163 116 81 586 237 164
internal_count=749 163 116 81 586 237 164
is_linear=0
shrinkage=0.05


Tree=11
num_leaves=8
num_cat=0
split_feature=4 6 9 1 5 16 1
split_gain=1.23042 0.739657 0.961538 0.748052 0.663097 0.51603 0.799763
threshold=0.026905531626462798 -0.211705601992211 -0.064892863684369959 -0.012877415762217013 0.019147816780468441 -0.00055863161518965299 0.01257633378883727
decision_type=2 2 10 2 2 2 2
left_child=5 3 4 -2 -3 6 -1
right_child=1 2 -4 -5 -6 -7 -8
leaf_value=-4.3073216389088193e-05 0.00027670138507418913 0.00077316903504780557 -7.6763864635736527e-05 -0.00016902077413924395 0.00049229165205726707 -0.000172104684202383 0.00079375519452536201
leaf_weight=150 40 35 39 70 43 324 46
leaf_count=150 40 35 39 70 43 324 46
internal_value=-0.000582331 0.00248899 0.00525641 -0.000454547 0.00846154 -0.00192308 0.00010204
internal_weight=747 227 117 110 78 520 196
internal_count=747 227 117 110 78 520 196
is_linear=0
shrinkage=0.05


Tree=12
num_leaves=8
num_cat=0
split_feature=9 1 9 16 1 6 16
split_gain=0.989736 0.639023 0.887279 0.97341 0.798727 0.385588 0.380371
threshold=-0.19530017638370814 -0.020710229075280692 0.010837867197337816 -0.00045139506095726029 0.066024452275001436 -0.211705601992211 0.02487711005281024
decision_type=8 2 8 2 2 2 2
left_child=-1 2 3 -2 5 -3 -7
right_child=1 4 -4 -5 -6 6 -8
leaf_value=0.00036185208312707561 0.00057401829210653669 -0.00016056977635935316 -0.00016238468793771939 -7.8390321670568356e-05 0.00086244872179351215 -5.9461525060753629e-05 8.2945554892798458e-05
leaf_weight=49 47 290 77 44 26 176 25
leaf_count=49 47 290 77 44 26 176 25
internal_value=-0.000640328 -0.00113139 0.00154762 0.00489011 -0.00200194 -0.00245418 -0.000771145
internal_weight=734 685 168 91 517 491 201
internal_count=734 685 168 91 517 491 201
is_linear=0
shrinkage=0.05


Tree=13
num_leaves=8
num_cat=0
split_feature=4 1 7 5 0 12 15
split_gain=1.13809 0.578908 0.882471 0.714286 0.448671 0.442193 0.384882
threshold=0.026943800237422603 -0.020710229075280692 -0.042195372011563918 0.01768652869300277 0.0083052967836259057 0.0090148119717247139 0.003959911266971817
decision_type=2 2 2 2 2 2 2
left_child=4 2 5 -3 -1 -2 -6
right_child=1 3 -4 -5 6 -7 -8
leaf_value=-9.5915745561693511e-05 0.00063944710517624002 0.00021059700683943302 0.00052749201265853835 -0.00012467893144722415 0.00016221201419147521 -0.00015435813169811883 -0.00015534845331276735
leaf_weight=372 25 28 28 112 67 32 81
leaf_count=372 25 28 28 112 67 32 81
internal_value=-0.000637585 0.00233333 0.00558823 0.000357142 -0.00192308 0.00201754 0.000405404
internal_weight=745 225 85 140 520 57 148
internal_count=745 225 85 140 520 57 148
is_linear=0
shrinkage=0.05


Tree=14
num_leaves=8
num_cat=0
split_feature=4 1 8 7 2 16 11
split_gain=1.25369 0.70529 0.740633 0.471941 0.460716 0.459758 1.18348
threshold=0.029261655027710953 -0.029701511909067776 -0.087135865595256698 0.024526048991368458 -0.097321781733552146 -0.00055863161518965299 0.00023772449314352076
decision_type=2 2 10 2 2 2 2
left_child=5 2 -2 4 -3 6 -1
right_child=1 3 -4 -5 -6 -7 -8
leaf_value=-3.0248519381852392e-05 0.00032904317539051109 0.00021563166604329992 0.001174398388509278 0.00023889782373856766 -0.00020838905730420233 -0.00011729522928633767 0.00016241688298606997
leaf_weight=141 27 27 26 25 47 347 79
leaf_count=141 27 27 26 25 47 347 79
internal_value=-0.000479834 0.00355263 0.00820755 0.0010606 -0.000945947 -0.00156085 0.000227272
internal_weight=719 152 53 99 74 567 220
internal_count=719 152 53 99 74 567 220
is_linear=0
shrinkage=0.05


Tree=15
num_leaves=8
num_cat=0
split_feature=4 16 9 11 9 7 3
split_gain=1.20737 0.70854 0.947575 0.55427 0.427074 1.08691 0.536462
threshold=0.029261655027710953 -0.02168047904412362 -0.22754910185671365 0.021459813769517781 -0.036586798244136569 -0.029271814263693071 0.0025863242025986337
decision_type=2 2 10 2 8 2 2
left_child=4 -2 -3 -4 5 -1 -7
right_child=1 2 3 -5 -6 6 -8
leaf_value=0.00014693673189354215 0.00052588163819773106 0.00055792692021936852 -0.00013646039766300569 0.00014299687690721161 -0.00012940473747050132 -5.042135599161097e-05 9.1091641535695226e-05
leaf_weight=40 30 32 76 30 393 96 46
leaf_count=40 30 32 76 30 393 96 46
internal_value=-0.000693137 0.00303571 0.00152174 -0.000754718 -0.00178261 0.000219779 -0.00183099
internal_weight=743 168 138 106 575 182 142
internal_count=743 168 138 106 575 182 142
is_linear=0
shrinkage=0.05


Tree=16
num_leaves=8
num_cat=0
split_feature=4 6 2 4 2 6 0
split_gain=1.16738 0.764145 0.662582 0.699594 0.30652 0.564894 0.500959
threshold=0.029261655027710953 -0.70665309637746421 -0.11560013960683417 0.033929073156173335 -0.016194838997193258 0.14047551117904858 0.0117054584138534
decision_type=2 2 2 2 2 2 2
left_child=4 -2 -3 -4 -1 -6 -7
right_child=1 2 3 -5 5 6 -8
leaf_value=-7.4094159296047801e-05 -0.00015847723473678385 0.00063528097711962426 0.00027817512572184057 -0.00015623636650543456 -0.00011491237688111036 -1.1010466057246465e-05 0.00083974356169358552
leaf_weight=261 35 31 51 46 230 65 38
leaf_count=261 35 31 51 46 230 65 38
internal_value=-0.000772789 0.00297546 0.00476562 0.00273196 -0.00180135 -0.000795797 0.00228155
internal_weight=757 163 128 97 594 333 103
internal_count=757 163 128 97 594 333 103
is_linear=0
shrinkage=0.05


Tree=17
num_leaves=8
num_cat=0
split_feature=12 9 16 16 10 8 1
split_gain=1.05953 0.63661 0.950843 0.986359 0.67002 0.563281 1.17205
threshold=-0.052281388412141021 0.010837867197337816 -0.00055863161518965299 -0.0051526790069073005 0.0070711772695752914 -0.090731786114258903 -0.022625011680705184
decision_type=2 8 2 2 2 10 2
left_child=-1 2 3 5 -4 -2 -7
right_child=1 -3 4 -5 -6 6 -8
leaf_value=0.00042380241375471016 -0.00039244455041569131 -0.00010042138304181324 -0.00011048177720676774 0.00049071801292614953 0.00020319433983125631 0.00050825705689232681 -1.6011802765825737e-05
leaf_weight=29 26 403 132 34 39 31 52
leaf_count=29 26 403 132 34 39 31 52
internal_value=-0.000576409 -0.000955371 0.000732483 0.00374126 -0.00178363 0.00142202 0.00343373
internal_weight=746 717 314 143 171 109 83
internal_count=746 717 314 143 171 109 83
is_linear=0
shrinkage=0.05


Tree=18
num_leaves=8
num_cat=0
split_feature=4 16 2 14 9 16 11
split_gain=0.880663 0.761278 0.476183 0.43338 0.362603 0.594865 0.998696
threshold=0.029261655027710953 -0.02168047904412362 0.015455666154111316 -0.05212825080923577 -0.08799618883008857 -0.00055863161518965299 0.00023772449314352076
decision_type=2 2 2 2 8 2 2
left_child=4 -2 3 -3 5 6 -1
right_child=1 2 -4 -5 -6 -7 -8
leaf_value=-7.8444088894011248e-05 0.00046690952167970334 0.00020741425184532644 0.00025759134177800899 -0.00013614894677554739 -8.3165795727752198e-05 -9.8514801532819133e-05 0.00038648484775708614
leaf_weight=34 31 25 31 81 427 91 33
leaf_count=34 31 25 31 81 427 91 33
internal_value=-0.000750333 0.00244047 0.000839415 -0.000754718 -0.00166667 0.000379746 0.00395522
internal_weight=753 168 137 106 585 158 67
internal_count=753 168 137 106 585 158 67
is_linear=0
shrinkage=0.05


Tree=19
num_leaves=8
num_cat=0
split_feature=1 1 9 3 1 5 7
split_gain=1.04609 0.682214 0.541741 0.683966 0.786622 0.368288 0.431939
threshold=-0.062896759349545681 0.068307557627869678 -0.07349228203883966 0.0025863242025986337 0.0048335346707065749 0.015146319573804587 0.0060451270070269745
decision_type=2 2 8 2 2 2 2
left_child=-1 2 3 -2 -5 6 -4
right_child=1 -3 5 4 -6 -7 -8
leaf_value=0.0008591645777516841 -1.6034668053981708e-05 0.00076896543002424054 -0.00018559071213064616 0.00029971496873155783 -0.00017003154747065547 -0.000140515352739507 6.0474011015929628e-05
leaf_weight=43 159 26 111 39 30 207 124
leaf_count=43 159 26 111 39 30 207 124
internal_value=-0.000940461 -0.00140805 -0.00171642 0.000263157 0.00442029 -0.00273756 -0.00138298
internal_weight=739 696 670 228 69 442 235
internal_count=739 696 670 228 69 442 235
is_linear=0
shrinkage=0.05


Tree=20
num_leaves=8
num_cat=0
split_feature=1 12 0 3 3 4 10
split_gain=0.868325 1.18304 0.596772 0.456125 0.85716 0.587578 0.314352
threshold=-0.056402832563373077 0.0090148119717247139 0.031648144773154703 0.0022236531580046574 0.0031044054659701286 0.02809872353632014 0.0052648731180522388
decision_type=2 2 2 2 2 2 2
left_child=1 -1 3 -2 -5 6 -6
right_child=2 -3 -4 4 5 -7 -8
leaf_value=0.00091096315905998338 -9.6246521302376171e-05 -0.00019745392859308133 0.00060953601638374022 0.00037876128637514726 -9.6003169061035247e-06 0.00014208058824797469 -0.00021303969310081813
leaf_weight=28 448 29 26 35 84 42 59
leaf_count=28 448 29 26 35 84 42 59
internal_value=-0.000406126 0.00552631 -0.000893373 -0.00118264 0.000681817 -0.000675677 -0.0022028
internal_weight=751 57 694 668 220 185 143
internal_count=751 57 694 668 220 185 143
is_linear=0
shrinkage=0.05


Tree=21
num_leaves=8
num_cat=0
split_feature=13 8 2 1 15 1 4
split_gain=0.935329 0.763571 1.03276 0.882481 0.518684 0.700064 0.29939
threshold=26.494999885559086 -0.051425516158502875 -0.043789565407996327 0.068307557627869678 -0.0078492028328565038 -0.011769807152426036 0.035927284497630642
decision_type=2 8 2 2 2 2 2
left_child=1 2 6 4 5 -3 -1
right_child=-2 3 -4 -5 -6 -7 -8
leaf_value=-2.5614257264103455e-05 0.00038182912686845176 -7.6386019703836365e-05 0.00034414824788067845 0.00072299390770578522 -0.00013550122639240268 0.0001683212612935161 0.00013308826686255016
leaf_weight=92 26 27 46 25 434 44 54
leaf_count=92 26 27 46 25 434 44 54
internal_value=-0.000855616 -0.00119114 0.00151042 -0.00216981 -0.00262376 0.00133803 -0.000547946
internal_weight=748 722 192 530 505 71 146
internal_count=748 722 192 530 505 71 146
is_linear=0
shrinkage=0.05


Tree=22
num_leaves=8
num_cat=0
split_feature=4 1 8 5 9 7 16
split_gain=1.07993 0.470782 0.984475 0.533532 0.507353 0.395346 0.617761
threshold=0.026943800237422603 -0.03061401912364425 -0.079483013356385288 0.01768652869300277 -0.20605945617911706 -0.0054478691683993987 0.0027568250876235383
decision_type=2 2 10 2 10 2 2
left_child=5 2 -2 -3 -5 -1 -7
right_child=1 3 -4 4 -6 6 -8
leaf_value=-0.00010107854727170348 -7.5198312175828055e-05 0.00038611889354067084 0.00045021173210037756 0.00012926627223437779 -0.0001076740408175566 3.0560303791286803e-05 -0.00012338090398651255
leaf_weight=212 40 31 33 41 85 117 183
leaf_count=212 40 31 33 41 85 117 183
internal_value=-0.000889489 0.00195652 0.00527397 0.000414012 -0.00103175 -0.00216797 -0.001
internal_weight=742 230 73 157 126 512 300
internal_count=742 230 73 157 126 512 300
is_linear=0
shrinkage=0.05


Tree=23
num_leaves=8
num_cat=0
split_feature=12 1 9 11 12 16 10
split_gain=0.735703 0.717873 0.572414 0.406993 1.15937 0.367527 0.341827
threshold=-0.052281388412141021 0.068307557627869678 -0.020350515131244137 0.012210524759260101 0.028594674510006083 0.022255277940565369 0.0035414662136331603
decision_type=2 2 8 2 2 2 2
left_child=-1 2 3 -2 -5 -4 -7
right_child=1 -3 5 4 -6 6 -8
leaf_value=0.00029011103772282043 -2.5319811028924076e-05 0.00067772827817091236 -0.00011032231487167514 0.00025060068469162102 -9.8664306207768671e-05 -0.00026081457437209221 9.1400759456046444e-05
leaf_weight=30 209 25 322 44 45 43 33
leaf_count=30 209 25 322 44 45 43 33
internal_value=-0.00100533 -0.00132455 -0.00162356 3.35559e-05 0.00286517 -0.00286432 0.000263157
internal_weight=751 721 696 298 89 398 76
internal_count=751 721 696 298 89 398 76
is_linear=0
shrinkage=0.05


Tree=24
num_leaves=8
num_cat=0
split_feature=1 0 3 11 14 6 8
split_gain=0.708413 0.716304 0.363791 0.960309 0.544089 0.330837 0.4375
threshold=-0.062896759349545681 0.031648144773154703 0.0020976423212151212 0.022655282977909755 0.023268635347166725 0.11666100829826158 -0.02199386649249568
decision_type=2 2 2 2 2 2 10
left_child=-1 2 5 4 -4 -2 -7
right_child=1 -3 3 -5 -6 6 -8
leaf_value=0.0007151629596113758 -0.00010847840595423033 0.00054235367467287776 -0.00012211891348600754 7.3068515994371294e-05 0.00011606114017604624 -9.0999627469400034e-05 0.00012979524734059447
leaf_weight=44 338 25 145 36 49 56 56
leaf_count=44 338 25 145 36 49 56 56
internal_value=-0.000927905 -0.00131206 -0.00161765 -1.19209e-09 -0.00139175 -0.00244445 -8.92869e-05
internal_weight=749 705 680 230 194 450 112
internal_count=749 705 680 230 194 450 112
is_linear=0
shrinkage=0.05


Tree=25
num_leaves=8
num_cat=0
split_feature=13 9 6 13 3 2 5
split_gain=0.841245 0.557014 0.412768 0.639725 1.22672 0.714014 0.652007
threshold=26.494999885559086 -0.19530017638370814 -0.066294049503729399 17.530000686645511 -0.0027261138648594359 0.044019947801190569 0.016365673177940684
decision_type=2 8 2 2 2 2 2
left_child=1 -1 -3 4 -4 -5 -6
right_child=-2 2 3 5 6 -7 -8
leaf_value=0.00017038441258485367 0.00031595164625889939 -6.2412788458474357e-05 0.00049855902371503415 -9.4505914908705468e-05 -0.00012049415013576499 0.00077932531024024342 0.00014457288513588523
leaf_weight=47 26 432 30 75 77 26 44
leaf_count=47 26 432 30 75 77 26 44
internal_value=-0.000376487 -0.000690836 -0.00105263 0.000555554 0.00261589 -0.00252475 0.0003719
internal_weight=757 731 684 252 151 101 121
internal_count=757 731 684 252 151 101 121
is_linear=0
shrinkage=0.05


Tree=26
num_leaves=8
num_cat=0
split_feature=1 1 3 3 5 9 1
split_gain=0.643509 0.642184 0.598878 0.941176 1.23077 0.648214 1
threshold=-0.062896759349545681 0.066024452275001436 0.0024213400604853334 0.0036463457672605286 0.015229732080812339 -0.04092333784146323 0.0048335346707065749
decision_type=2 2 2 2 2 8 2
left_child=-1 2 -2 4 -4 6 -5
right_child=1 -3 3 5 -6 -7 -8
leaf_value=0.00062500338665935358 -9.2593555582184899e-05 0.00061704804331960987 0.0010986240529464039 0.00015767689933258926 -2.2807266125935393e-05 -0.00011289231818555008 -0.00020566884422749401
leaf_weight=45 445 26 26 32 26 105 32
leaf_count=45 445 26 26 32 26 105 32
internal_value=-0.00079376 -0.00117052 -0.00147147 0.000656107 0.00653846 -0.00115385 0.0028125
internal_weight=737 692 666 221 52 169 64
internal_count=737 692 666 221 52 169 64
is_linear=0
shrinkage=0.05


Tree=27
num_leaves=8
num_cat=0
split_feature=4 16 2 3 6 11 1
split_gain=0.768976 0.649872 0.547198 0.650028 0.486496 0.288707 0.363577
threshold=0.029261655027710953 0.011296037346416156 -0.12450599582599435 -0.0020014568666107397 -0.35388848034671389 0.00023772449314352076 0.0042836021774298469
decision_type=2 2 2 2 2 2 2
left_child=5 2 -2 -4 -5 -1 -7
right_child=1 -3 3 4 -6 6 -8
leaf_value=-8.3316460271562115e-05 0.00065203042381555215 -0.00014861238746754522 0.0003369138129256807 4.1820981341342399e-05 -0.00043824773506157666 5.217256435198296e-06 -0.0001019005731265481
leaf_weight=206 26 48 30 25 42 176 196
leaf_count=206 26 48 30 25 42 176 196
internal_value=-0.000927905 0.00201754 0.00394309 0.00221649 -0.000522389 -0.00179931 -0.000967743
internal_weight=749 171 123 97 67 578 372
internal_count=749 171 123 97 67 578 372
is_linear=0
shrinkage=0.05


Tree=28
num_leaves=8
num_cat=0
split_feature=13 3 3 13 5 12 16
split_gain=0.789001 0.41702 0.848062 1.03601 0.627169 0.597119 0.670635
threshold=25.319999694824222 0.0022236531580046574 0.0036463457672605286 16.425000190734867 0.014531722815780862 0.015760978706321874 0.0094607446945081958
decision_type=2 2 2 2 2 2 2
left_child=1 -1 3 -3 -4 -6 -7
right_child=-2 2 4 -5 5 6 -8
leaf_value=-7.7653424457627259e-05 0.00024633865429196097 -1.433636624426331e-05 -0.00010067122838994835 0.00065432938229371029 -0.00011161899609105584 0.00013601057027217033 -0.00019518524215660592
leaf_weight=493 34 32 64 28 49 36 28
leaf_count=493 34 32 64 28 49 36 28
internal_value=-0.000680629 -0.0010274 0.000696201 0.00583333 -0.0010452 0.00119469 0.004375
internal_weight=764 730 237 60 177 113 64
internal_count=764 730 237 60 177 113 64
is_linear=0
shrinkage=0.05


Tree=29
num_leaves=8
num_cat=0
split_feature=1 9 0 15 14 3 13
split_gain=0.844569 0.859777 0.501543 0.655024 0.475152 0.439066 0.568786
threshold=-0.014876289303248079 0.010837867197337816 0.0020397379478682702 -0.00020312645171360885 0.03011365738187333 0.0022236531580046574 16.550000190734867
decision_type=2 8 2 2 2 2 2
left_child=1 2 3 4 -1 -2 -7
right_child=5 -3 -4 -5 -6 6 -8
leaf_value=1.1807244328314007e-05 -0.00014191420146346409 -9.199295531727583e-05 0.00051829301590790354 -4.7276577802695175e-05 0.00030795865177081391 -3.3828944672251769e-05 1.5022071294933151e-05
leaf_weight=30 327 106 39 40 25 95 70
leaf_count=30 327 106 39 40 25 95 70
internal_value=-0.000765029 0.00166667 0.00432836 0.00236842 0.00590909 -0.00195122 0.000151514
internal_weight=732 240 134 95 55 492 165
internal_count=732 240 134 95 55 492 165
is_linear=0
shrinkage=0.05


Tree=30
num_leaves=8
num_cat=0
split_feature=12 1 11 9 12 14 12
split_gain=0.647561 0.636071 0.54522 0.723652 1.05866 0.566278 0.589851
threshold=-0.052281388412141021 0.068307557627869678 -0.0012355410470791248 -0.16134957521106555 0.043286843097797296 -0.073050802278400592 0.057873596393828615
decision_type=2 2 2 8 2 2 2
left_child=-1 2 -2 4 -4 -5 -7
right_child=1 -3 3 5 -6 6 -8
leaf_value=0.00015504537082030134 -9.4071882961606961e-05 0.0006030339785143429 0.00013411523880444093 5.1352411318506008e-05 -5.781995584151163e-05 -0.0001001813270353277 0.00026056547538547164
leaf_weight=30 234 25 52 35 30 302 30
leaf_count=30 234 25 52 35 30 302 30
internal_value=-0.000528456 -0.000833335 -0.00112006 -0.000100224 0.00414634 -0.00104905 -0.00168675
internal_weight=738 708 683 449 82 367 332
internal_count=738 708 683 449 82 367 332
is_linear=0
shrinkage=0.05


Tree=31
num_leaves=8
num_cat=0
split_feature=4 1 8 15 12 12 2
split_gain=0.637658 0.77352 0.662095 0.49862 0.43021 0.471546 0.342705
threshold=0.029261655027710953 -0.029701511909067776 -0.087135865595256698 -0.0024561627725270814 0.057873596393828615 0.031890065816476361 -0.026632982793973966
decision_type=2 2 10 2 2 2 2
left_child=4 2 -2 -3 5 6 -1
right_child=1 3 -4 -5 -6 -7 -8
leaf_value=-3.8598031674452732e-05 6.4270846176853392e-05 2.9140965089150084e-05 0.00061689082887504687 -4.592875655005913e-05 3.8445682974910712e-05 -0.00012079568651982575 5.1409732059028978e-06
leaf_weight=149 29 45 25 70 41 159 220
leaf_count=149 29 45 25 70 41 159 220
internal_value=-0.000596207 0.00210059 0.00703704 -0.000217392 -0.00139719 -0.0017803 -0.000799459
internal_weight=738 169 54 115 569 528 369
internal_count=738 169 54 115 569 528 369
is_linear=0
shrinkage=0.05


Tree=32
num_leaves=8
num_cat=0
split_feature=13 9 11 0 12 0 7
split_gain=0.861353 0.481294 0.635815 0.423077 0.660236 0.588857 0.401537
threshold=26.494999885559086 -0.12948259495729178 -0.0036909172011733156 0.014922273560855738 0.011040708270440904 -0.0046884172677442151 0.049756163247577596
decision_type=2 8 2 2 2 2 2
left_child=1 2 -1 4 -4 -6 -3
right_child=-2 6 3 -5 5 -7 -8
leaf_value=-7.0803741590545896e-05 0.00023048725696919465 -7.4093436106270234e-05 0.000355630852078276 -7.9522068762128738e-05 -9.4688510584756182e-05 5.4893299986752674e-05 0.00010594840558382272
leaf_weight=48 27 455 29 26 41 47 78
leaf_count=48 27 455 29 26 41 47 78
internal_value=-0.000805594 -0.0011326 0.00102094 0.00269231 0.00397436 0.00181818 -0.00190432
internal_weight=751 724 191 143 117 88 533
internal_count=751 724 191 143 117 88 533
is_linear=0
shrinkage=0.05


Tree=33
num_leaves=8
num_cat=0
split_feature=1 12 1 10 10 2 14
split_gain=0.812355 0.907407 0.396396 0.423699 0.802517 0.324015 0.407976
threshold=-0.056402832563373077 0.0090148119717247139 0.068307557627869678 -3.2285238455664882e-05 -0.00090813194402433728 0.07272017590379122 0.053057710402313336
decision_type=2 2 2 2 2 2 2
left_child=1 -1 3 4 5 6 -2
right_child=2 -3 -4 -5 -6 -7 -8
leaf_value=0.00073275206007293516 -9.2335701483145987e-05 -0.00023001553104271861 0.00056660781157928718 -6.9462780523709894e-05 6.3192801537016624e-05 2.8971101684328774e-05 4.0193029795609506e-06
leaf_weight=27 128 27 25 381 32 35 93
leaf_count=27 128 27 25 381 32 35 93
internal_value=-0.000721926 0.00518518 -0.00118156 -0.00141256 3.4721e-05 -0.000898439 -0.00160634
internal_weight=748 54 694 669 288 256 221
internal_count=748 54 694 669 288 256 221
is_linear=0
shrinkage=0.05


Tree=34
num_leaves=8
num_cat=0
split_feature=12 14 7 12 15 11 1
split_gain=0.908906 0.665088 0.695043 0.626854 0.427225 0.388981 0.391846
threshold=-0.052281388412141021 -0.066405515647089006 -0.02802502163353859 0.060736863464118891 0.0055603858655083336 0.019179064165315788 -0.032937646122808355
decision_type=2 2 2 2 2 2 2
left_child=-1 2 -2 4 5 6 -3
right_child=1 3 -4 -5 -6 -7 -8
leaf_value=0.0001455919222591594 0.0004007969584231731 -0.00019963155131223192 1.1486617906229601e-05 8.413916282835654e-05 -0.00021397030402976476 3.3548275366901608e-05 -1.9232319673167611e-05
leaf_weight=30 26 64 62 48 123 56 340
leaf_count=30 26 64 62 48 123 56 340
internal_value=-0.000193593 -0.000549375 0.00352273 -0.00111728 -0.00156947 -0.000869566 -0.00141089
internal_weight=749 719 88 631 583 460 404
internal_count=749 719 88 631 583 460 404
is_linear=0
shrinkage=0.05


Tree=35
num_leaves=8
num_cat=0
split_feature=4 1 8 15 12 2 9
split_gain=0.706931 0.711888 0.765524 0.627527 0.427525 0.35933 0.255522
threshold=0.029261655027710953 -0.029701511909067776 -0.087135865595256698 -0.0065046051834283239 0.057873596393828615 -0.10755480593270721 0.035013331059868043
decision_type=2 2 10 2 2 2 8
left_child=4 2 -2 -3 6 -5 -1
right_child=1 3 -4 5 -6 -7 -8
leaf_value=-2.6981517137460826e-06 4.499527154140494e-05 6.6679122021164809e-05 0.00067773886175181324 3.2495342820461282e-05 5.7458101811545059e-05 -0.00014442304234626581 -9.1803715476474835e-05
leaf_weight=210 31 25 28 25 40 59 335
leaf_count=210 31 25 28 25 40 59 335
internal_value=-0.000418328 0.00244047 0.00686441 4.58704e-05 -0.00123932 -0.00202381 -0.00160551
internal_weight=753 168 59 109 585 84 545
internal_count=753 168 59 109 585 84 545
is_linear=0
shrinkage=0.05


Tree=36
num_leaves=8
num_cat=0
split_feature=1 0 3 6 15 11 3
split_gain=0.679221 0.395386 0.349043 0.771709 0.727882 0.585408 0.541659
threshold=-0.062896759349545681 0.030108259498471738 0.0020976423212151212 -0.40872172420735187 0.0059075677488680265 0.018473539539137333 0.0047016579863765626
decision_type=2 2 2 2 2 2 2
left_child=-1 2 -2 4 6 -5 -4
right_child=1 -3 3 5 -6 -7 -8
leaf_value=0.00052344314323379804 -5.6159604375987166e-05 0.00040794453163132765 8.2682899905621364e-06 -3.8104847125400731e-05 -3.6370862944704998e-05 4.8481297264320132e-05 0.00027985756657857084
leaf_weight=44 449 25 26 124 32 25 25
leaf_count=44 449 25 26 124 32 25 25
internal_value=-0.000800001 -0.00117564 -0.00140235 0.000172413 0.00403614 -0.00197987 0.0077451
internal_weight=750 706 681 232 83 149 51
internal_count=750 706 681 232 83 149 51
is_linear=0
shrinkage=0.05


Tree=37
num_leaves=8
num_cat=0
split_feature=12 9 2 2 16 10 3
split_gain=0.703899 0.37055 0.577578 0.539229 0.505427 1.12656 0.731241
threshold=-0.05023266322533259 -0.07349228203883966 -0.027866919738973258 -0.021241768742847663 -0.0016034350658803984 -0.0040208164286187889 -0.0015273437881915262
decision_type=2 8 2 2 2 2 2
left_child=-1 4 -3 -4 5 -2 -7
right_child=1 2 3 -5 -6 6 -8
leaf_value=8.2819582261877528e-05 -4.2704639067592515e-05 -0.00012810560532138153 7.7123308325269772e-06 -4.7751029699006557e-05 -3.2075319893246129e-05 0.00022095227530493237 3.4506474389305431e-05
leaf_weight=36 30 156 27 295 140 28 46
leaf_count=36 30 156 27 295 140 28 46
internal_value=-0.000712402 -0.00105263 -0.00186193 -0.000652175 0.000532786 0.00317308 0.00648649
internal_weight=758 722 478 322 244 104 74
internal_count=758 722 478 322 244 104 74
is_linear=0
shrinkage=0.05


Tree=38
num_leaves=8
num_cat=0
split_feature=12 3 3 12 0 10 4
split_gain=0.612067 0.408815 0.691948 0.5 0.414286 0.912069 0.395658
threshold=-0.052281388412141021 0.0020976423212151212 0.0031302232657390854 0.018681832940772639 -0.0013351889997808006 -0.0021138824674655772 0.032004392485947664
decision_type=2 2 2 2 2 2 2
left_child=-1 6 3 -3 -4 -6 -2
right_child=1 2 4 -5 5 -7 -8
leaf_value=0.00011300675443787103 -7.0242628698165654e-05 0.00060107357883917032 -0.00018888219576027228 9.5725869343805811e-06 0.00039589804189038422 -1.4635264696331039e-05 5.7610917776422271e-06
leaf_weight=31 398 25 58 25 29 116 66
leaf_count=31 398 25 58 25 29 116 66
internal_value=-0.000588236 -0.000885636 0.000731224 0.006 -0.000566504 0.000862068 -0.00176724
internal_weight=748 717 253 50 203 145 464
internal_count=748 717 253 50 203 145 464
is_linear=0
shrinkage=0.05


Tree=39
num_leaves=8
num_cat=0
split_feature=4 7 5 5 0 5 6
split_gain=0.543134 0.671601 1.71703 0.382275 0.367533 0.554467 0.49174
threshold=0.031797899142311521 -0.0058798702667920413 0.021887327623276467 0.02380214147978324 0.0083052967836259057 0.013118042851516796 0.18013304072046463
decision_type=2 2 2 2 2 2 2
left_child=4 2 -2 -4 -1 -6 -7
right_child=1 -3 3 -5 5 6 -8
leaf_value=-4.6981360360830412e-05 0.00029822592781061897 -0.0001123224728151333 -5.4679642319731823e-05 4.0826857734870907e-05 6.7093259858658832e-05 -7.8751494453397787e-05 0.00050107832261845654
leaf_weight=432 28 37 36 27 37 89 51
leaf_count=432 28 37 36 27 37 89 51
internal_value=-0.000929445 0.00203125 0.00434066 -0.000238096 -0.00155173 0.00036723 -0.00107143
internal_weight=737 128 91 63 609 177 140
internal_count=737 128 91 63 609 177 140
is_linear=0
shrinkage=0.05


Tree=40
num_leaves=8
num_cat=0
split_feature=8 1 11 7 4 12 15
split_gain=0.991721 0.738723 0.813757 0.703584 0.725926 0.582319 0.37614
threshold=-0.051425516158502875 0.020390144637784106 -0.0021053722365206302 -0.060562206824287639 0.025697795873923308 0.057873596393828615 -0.0084579694741521699
decision_type=8 2 2 2 2 2 2
left_child=1 2 -1 -4 -5 6 -2
right_child=5 -3 3 4 -6 -7 -8
leaf_value=-1.1638694181607672e-05 5.480505155802801e-05 -0.00012329541622154688 -1.3194930034993987e-05 2.443530261914916e-05 0.00031758896213647005 0.00023321579865993164 -7.5422185852023587e-05
leaf_weight=64 77 31 37 45 27 31 438
leaf_count=64 77 31 37 45 27 31 438
internal_value=-0.000866668 0.00210784 0.0033815 0.00600917 0.00888889 -0.00197802 -0.00237864
internal_weight=750 204 173 109 72 546 515
internal_count=750 204 173 109 72 546 515
is_linear=0
shrinkage=0.05


Tree=41
num_leaves=8
num_cat=0
split_feature=14 1 5 13 16 7 1
split_gain=0.538885 0.822234 0.377375 0.413836 0.689373 1.02761 0.558128
threshold=-0.056925165822572281 -0.02787153880614229 0.02380214147978324 16.675000190734867 -0.00055863161518965299 0.0020704202165452439 0.0017464147721579784
decision_type=2 2 2 2 2 2 2
left_child=1 -1 3 4 5 -2 -6
right_child=2 -3 -4 -5 6 -7 -8
leaf_value=0.00061810330704993523 -1.1576947947221544e-05 -4.7113382096032206e-06 2.2906066741303989e-05 -4.8840350871378474e-05 4.3033762178323635e-05 0.000456836376956896 -0.00012411603588318432
leaf_weight=27 60 92 27 278 91 33 144
leaf_count=27 60 92 27 278 91 33 144
internal_value=-0.00094415 0.00214286 -0.00152449 -0.00178218 -0.000579269 0.00306451 -0.00202128
internal_weight=752 119 633 606 328 93 235
internal_count=752 119 633 606 328 93 235
is_linear=0
shrinkage=0.05


Tree=42
num_leaves=8
num_cat=0
split_feature=13 9 11 1 7 7 8
split_gain=0.916491 0.756546 0.872628 0.680377 0.333682 0.459265 0.315909
threshold=26.494999885559086 -0.16134957521106555 -0.0021053722365206302 -0.012877415762217013 0.047391035334500405 0.060879042241060673 -0.051972043874860034
decision_type=2 8 2 2 2 2 8
left_child=1 2 -1 -4 6 -6 -3
right_child=-2 4 3 -5 5 -7 -8
leaf_value=-5.1365009954442476e-05 0.00011238479578537554 -4.1302668896498434e-06 0.00032579319908879932 1.538683248828247e-06 0.00054845023944224849 -8.9244319027688315e-05 -7.6019997271933713e-05
leaf_weight=42 27 104 41 44 27 61 407
leaf_count=42 27 104 41 44 27 61 407
internal_value=-0.00108234 -0.00141873 0.00208661 0.005 -0.00216194 0.000681817 -0.00265166
internal_weight=753 726 127 85 599 88 511
internal_count=753 726 127 85 599 88 511
is_linear=0
shrinkage=0.05


Tree=43
num_leaves=8
num_cat=0
split_feature=10 9 3 9 14 6 14
split_gain=0.753911 0.816065 0.509821 0.537964 0.358498 0.627886 1.10395
threshold=0.012020703086552011 0.12664593102870128 -0.0069907336485401919 -0.20605945617911706 -0.001242221342315941 -0.34412487077042536 0.023650626144740231
decision_type=2 8 2 8 2 2 2
left_child=2 -2 -1 -4 -5 -6 -7
right_child=1 -3 3 4 5 6 -8
leaf_value=9.9612469774686051e-05 0.00011914898319943879 -0.00023580263694751686 2.0143224481612057e-05 -7.5072214536753382e-05 -4.0649089495500708e-05 0.00038084755265957524 -4.6646320731975253e-05
leaf_weight=49 25 28 33 323 112 57 119
leaf_count=49 25 28 33 323 112 57 119
internal_value=-0.00131367 0.00443396 -0.00175325 -0.00212733 -0.00246318 -0.00118056 0.000681817
internal_weight=746 53 693 644 611 288 176
internal_count=746 53 693 644 611 288 176
is_linear=0
shrinkage=0.05


Tree=44
num_leaves=8
num_cat=0
split_feature=0 15 7 15 11 16 10
split_gain=0.426432 0.371322 0.421727 0.359298 0.267568 0.394213 0.579624
threshold=0.031648144773154703 -0.0089160658290529642 -0.0054478691683993987 -0.015977792224885653 0.0021655828678432969 0.0041599013285801298 0.0059882798291268644
decision_type=2 2 2 2 2 2 2
left_child=1 2 3 -1 -3 6 -6
right_child=-2 4 -4 -5 5 -7 -8
leaf_value=6.3183313492514277e-05 0.00032481493531903824 -7.9596262371849481e-05 0.00034029359539755019 -5.6036633727330097e-05 -5.0061082361876416e-06 -4.1792021892861421e-05 5.477533645443265e-05
leaf_weight=25 25 227 39 32 74 290 28
leaf_count=25 25 227 39 32 74 290 28
internal_value=-0.00141892 -0.00164336 0.00125 -0.00149123 -0.00209209 -0.00130102 0.00137255
internal_weight=740 715 96 57 619 392 102
internal_count=740 715 96 57 619 392 102
is_linear=0
shrinkage=0.05


Tree=45
num_leaves=8
num_cat=0
split_feature=11 1 12 2 1 5 9
split_gain=0.92114 0.427615 0.368004 0.813846 0.381216 0.616455 0.396002
threshold=-0.029337465505850421 0.068307557627869678 0.058395912438342197 0.0041549876829621865 0.0021461781275176066 0.011878306286136982 0.035013331059868043
decision_type=2 2 2 2 2 2 8
left_child=-1 2 4 -4 5 -2 -7
right_child=1 -3 3 -5 -6 6 -8
leaf_value=0.0001221885317046037 0.00015684501383664732 0.0004898338310167429 -3.6889095525832536e-05 0.0001339103841647966 -5.7116582270048251e-05 2.262549200753959e-07 -0.00011930326504130654
leaf_weight=33 26 25 40 25 298 165 134
leaf_count=33 26 25 40 25 298 165 134
internal_value=-0.00104558 -0.00142356 -0.00165698 0.00192308 -0.0020305 -0.000846155 -0.0014883
internal_weight=746 713 688 65 623 325 299
internal_count=746 713 688 65 623 325 299
is_linear=0
shrinkage=0.05


Tree=46
num_leaves=8
num_cat=0
split_feature=14 6 12 9 9 7 4
split_gain=0.828765 0.824467 0.799754 0.456621 0.427907 0.314755 0.735643
threshold=-0.066405515647089006 0.6278280176321368 -0.051373886546093366 -0.14602509774558461 -0.16245810638974653 -0.060562206824287639 0.027718963515171592
decision_type=2 2 2 10 8 2 2
left_child=1 3 -2 -1 5 -4 -7
right_child=2 -3 4 -5 -6 6 -8
leaf_value=-6.8186937983439184e-05 0.00010229084011087126 0.00032625192452320366 -0.00024152159171572136 2.3959981764426458e-05 -5.2375119924636071e-05 -3.2585910771275882e-05 6.8437955244724652e-05
leaf_weight=25 25 25 31 48 522 43 29
leaf_count=25 25 25 31 48 522 43 29
internal_value=-0.001123 0.00316326 -0.00176923 0.000479451 -0.00212 0.000825242 0.00263889
internal_weight=748 98 650 73 625 103 72
internal_count=748 98 650 73 625 103 72
is_linear=0
shrinkage=0.05


Tree=47
num_leaves=8
num_cat=0
split_feature=11 1 11 1 4 9 12
split_gain=0.353669 0.777765 0.527651 0.578823 0.491841 0.540909 0.466667
threshold=-0.0084964938619227475 0.01257633378883727 0.00023772449314352076 0.019523114695039315 0.018250072445522663 -0.16245810638974653 0.041026522292009988
decision_type=2 2 2 2 2 8 2
left_child=1 -1 -2 4 -4 6 -6
right_child=2 -3 3 -5 5 -7 -8
leaf_value=-7.8715748845435894e-06 -0.00016986044892783699 0.00067596783887559158 0.00014109626200936042 -9.8702231808592224e-05 0.0001057445199640724 -1.9429658331612945e-05 -6.6773109220383359e-06
leaf_weight=124 118 42 25 122 42 238 28
leaf_count=124 118 42 25 122 42 238 28
internal_value=-0.00100812 0.0010241 -0.00159686 -0.000824177 0.000255254 -0.000292209 0.00357143
internal_weight=739 166 573 455 333 308 70
internal_count=739 166 573 455 333 308 70
is_linear=0
shrinkage=0.05


Tree=48
num_leaves=8
num_cat=0
split_feature=1 11 16 4 5 2 8
split_gain=0.484963 0.544464 1.36023 0.747791 0.486864 0.364326 0.404706
threshold=0.0021461781275176066 0.010325592829658616 0.0044757664013390661 0.031109363632897614 0.021939191990724468 -0.059380012414518006 0.006068164767682239
decision_type=2 2 2 2 2 2 10
left_child=1 3 -3 -1 -5 -4 -7
right_child=-2 2 5 4 -6 6 -8
leaf_value=-4.0477412712167121e-05 -4.1793240104807724e-05 7.6036256547190381e-05 5.051720286394292e-05 0.00033391082572941045 -3.8135852420539631e-05 -0.0001512027858344491 0.00010436328321496648
leaf_weight=198 363 29 25 25 32 43 25
leaf_count=198 363 29 25 25 32 43 25
internal_value=-0.00121622 3.97866e-05 0.00278688 -0.00127451 0.00377193 -0.000161292 -0.00205882
internal_weight=740 377 122 255 57 93 68
internal_count=740 377 122 255 57 93 68
is_linear=0
shrinkage=0.05


Tree=49
num_leaves=8
num_cat=0
split_feature=1 1 5 12 2 11 8
split_gain=0.66126 0.379518 0.336817 0.420322 1.03056 0.283664 0.245334
threshold=-0.064939077258342068 0.068307557627869678 0.011336458685494334 0.052412040834153968 1.0000000180025095e-35 -0.026323621770933166 -0.042027234946198026
decision_type=2 2 2 2 2 2 8
left_child=-1 2 -2 5 -5 -4 -7
right_child=1 -3 3 4 -6 6 -8
leaf_value=0.00053758980787544655 7.5732275101454379e-05 0.00043625216552359812 4.5607887141403252e-05 -5.45114377542052e-05 3.8541345985455925e-05 -2.7453238107092749e-06 -8.2572211586901952e-05
leaf_weight=37 44 25 34 41 40 166 346
leaf_count=37 44 25 34 41 40 166 346
internal_value=-0.000702593 -0.00104885 -0.00127422 -0.00157097 0.00179012 -0.0020696 -0.00236328
internal_weight=733 696 671 627 81 546 512
internal_count=733 696 671 627 81 546 512
is_linear=0
shrinkage=0.05


Tree=50
num_leaves=8
num_cat=0
split_feature=11 6 6 0 14 14 1
split_gain=0.55823 0.416002 0.610166 0.567415 0.330731 0.653646 0.564015
threshold=-0.03145344780031472 -0.76809030294939773 -0.63749850781909356 -0.015894997594274315 0.0250539094836888 0.012431899030548645 -0.015074099632407354
decision_type=2 2 2 2 2 2 2
left_child=-1 -2 -3 -4 5 6 -5
right_child=1 2 3 4 -6 -7 -8
leaf_value=0.00030349668694830265 -0.00013652253880019788 1.9984001748093929e-05 -9.538303799229371e-05 2.3393147569419698e-05 -4.0374991983838635e-05 0.00045089736541063054 -2.1975269635771968e-05
leaf_weight=27 88 46 84 89 131 40 235
leaf_count=27 88 46 84 89 131 40 235
internal_value=-0.000945947 -0.00121318 -0.000760001 -0.00120035 -0.000555557 0.000219779 -0.000524693
internal_weight=740 713 625 579 495 364 324
internal_count=740 713 625 579 495 364 324
is_linear=0
shrinkage=0.05


Tree=51
num_leaves=8
num_cat=0
split_feature=11 16 11 3 15 16 5
split_gain=0.475676 0.389365 0.394885 1.14256 0.541463 0.479631 0.377619
threshold=-0.03145344780031472 0.033288961154260284 0.022371671990612522 0.0020976423212151212 0.011052406969641161 0.010667683507438854 0.011035177790152792
decision_type=2 2 2 2 2 2 2
left_child=-1 2 4 -4 6 -6 -2
right_child=1 -3 3 -5 5 -7 -8
leaf_value=0.00028832185260088743 5.7841404662010861e-05 -0.00022541833162826198 -3.126565438935416e-05 3.3487118046381094e-05 -2.2330069245622702e-05 7.5920568716021506e-05 -2.4995334204708514e-05
leaf_weight=27 26 48 46 28 39 25 523
leaf_count=27 26 48 46 28 39 25 523
internal_value=-0.000406825 -0.00064626 -0.000342068 0.00310811 -0.000758566 0.00359375 -0.00126594
internal_weight=762 735 687 74 613 64 549
internal_count=762 735 687 74 613 64 549
is_linear=0
shrinkage=0.05


Tree=52
num_leaves=8
num_cat=0
split_feature=13 14 12 2 8 7 13
split_gain=0.856537 0.532112 0.419174 0.915978 0.592871 0.571975 0.646045
threshold=26.494999885559086 0.12307845124318741 0.057873596393828615 1.0000000180025095e-35 -0.05820602598322077 -0.056941892243495489 15.050000190734865
decision_type=2 2 2 2 8 2 2
left_child=1 2 4 -4 5 -1 -7
right_child=-2 -3 3 -5 -6 6 -8
leaf_value=-7.2411146699174803e-05 4.9225816076082535e-05 4.6598183668441292e-05 -2.6588090378281577e-05 0.00025876208228285772 -6.0782981878685727e-05 0.000444059122771057 3.2489353839483581e-06
leaf_weight=55 26 27 37 27 502 25 49
leaf_count=55 26 27 37 27 502 25 49
internal_value=-0.000454547 -0.000775624 -0.00104317 0.0028125 -0.00143423 0.00158915 0.00445946
internal_weight=748 722 695 64 631 129 74
internal_count=748 722 695 64 631 129 74
is_linear=0
shrinkage=0.05


Tree=53
num_leaves=8
num_cat=0
split_feature=12 10 12 12 10 6 9
split_gain=0.689793 0.625309 0.326032 0.331477 0.597707 0.419772 0.473361
threshold=-0.052281388412141021 0.015426136544852588 -0.015496668614707719 0.031890065816476361 -0.0051935654073162465 -0.77803315390245442 -0.15973928846060445
decision_type=2 2 2 2 2 2 8
left_child=-1 2 -2 4 -4 -6 -7
right_child=1 -3 3 -5 5 6 -8
leaf_value=3.3947983757624636e-05 -7.729715894028265e-05 5.9919243489667881e-05 -0.00013069668194307964 -3.0955720552297947e-05 -0.00029464212978421768 4.1631607909534054e-05 3.5210454172082551e-06
leaf_weight=30 100 26 65 243 39 43 197
leaf_count=30 100 26 65 243 39 43 197
internal_value=-0.000760432 -0.00107293 -0.00136099 -0.000911415 8.72081e-05 0.00109319 0.001875
internal_weight=743 713 687 587 344 279 240
internal_count=743 713 687 587 344 279 240
is_linear=0
shrinkage=0.05


Tree=54
num_leaves=8
num_cat=0
split_feature=14 10 3 12 1 5 9
split_gain=0.773762 0.646676 0.415575 0.343255 0.364678 0.437397 0.574165
threshold=0.12307845124318741 0.015426136544852588 -0.0070889190148952777 -0.030100070000726505 0.019523114695039315 0.011606273869108617 0.035013331059868043
decision_type=2 2 2 2 2 2 8
left_child=1 2 -1 -4 5 -5 -7
right_child=-2 -3 3 4 -6 6 -8
leaf_value=0.0004090844814653603 1.8096252272805453e-05 6.2466401995982381e-05 -0.00016380217507200716 0.00010316108630621211 -8.642678542359914e-05 1.534380751645013e-05 -7.774725917623348e-05
leaf_weight=32 40 25 62 28 160 205 195
leaf_count=32 40 25 62 28 160 205 195
internal_value=-0.000515396 -0.000898162 -0.00118768 -0.00146154 -0.00108844 -0.000327104 -0.000750001
internal_weight=747 707 682 650 588 428 400
internal_count=747 707 682 650 588 428 400
is_linear=0
shrinkage=0.05


Tree=55
num_leaves=8
num_cat=0
split_feature=14 3 0 6 15 6 16
split_gain=0.492508 0.908173 0.553181 0.361142 0.526169 0.511392 0.513199
threshold=0.066707247335420675 0.0015586300895383822 -0.0041598766807618417 0.076590819370225674 -0.0014218654770011827 0.90549543290672252 -0.0091840468778040512
decision_type=2 2 2 2 2 2 2
left_child=3 2 -2 -1 -5 6 -6
right_child=1 -3 -4 4 5 -7 -8
leaf_value=-2.9912241631328499e-05 2.9927695799999702e-05 0.00048154879878937654 -0.00036728676995342776 -3.2128001587909744e-05 -5.4752978685480644e-06 -0.00010338841991224261 0.0004328870144946871
leaf_weight=458 49 26 36 62 25 56 51
leaf_count=458 49 26 36 62 25 56 51
internal_value=-0.000871561 0.00220721 -0.000294119 -0.00139571 0.00041237 0.00219697 0.00486842
internal_weight=763 111 85 652 194 132 76
internal_count=763 111 85 652 194 132 76
is_linear=0
shrinkage=0.05


Tree=56
num_leaves=8
num_cat=0
split_feature=10 7 1 15 2 9 13
split_gain=0.624944 0.418329 0.562305 0.328945 0.628313 0.48128 0.519156
threshold=0.015426136544852588 0.10233724932195822 0.02450124903192941 -0.010750849824572859 0.0031857313133192293 -0.19530017638370814 16.675000190734867
decision_type=2 2 2 2 2 8 2
left_child=1 2 3 4 -1 -5 -7
right_child=-2 -3 -4 5 -6 6 -8
leaf_value=-8.459010741646047e-06 5.4684650431160043e-05 0.00026629317282802345 -0.00011964512063965737 7.1932106111685223e-05 0.00060683489374094507 -9.1687103049782037e-06 -6.9138722910474173e-05
leaf_weight=42 26 25 126 39 26 257 198
leaf_count=42 26 25 126 39 26 257 198
internal_value=-0.00107578 -0.00135344 -0.0015843 -0.000907475 0.00235294 -0.00135628 -0.00181319
internal_weight=739 713 688 562 68 494 455
internal_count=739 713 688 562 68 494 455
is_linear=0
shrinkage=0.05


Tree=57
num_leaves=8
num_cat=0
split_feature=11 1 9 13 12 2 10
split_gain=0.46854 0.357036 0.321272 0.411111 0.544239 1.03178 0.467168
threshold=-0.025492128925019227 0.066024452275001436 0.27309390048706433 18.444999694824222 0.012058038657318472 -0.020045954434278309 -0.00038722571471944128
decision_type=2 2 8 2 2 2 2
left_child=-1 2 3 4 5 -2 -6
right_child=1 -3 -4 -5 6 -7 -8
leaf_value=6.3257096593885811e-05 -5.3613756611761324e-05 0.00036003853316009645 -4.0723816311792301e-05 -4.9329986741380575e-05 3.8980206843103094e-05 0.00057073326398487565 -3.6792870600868431e-05
leaf_weight=45 49 27 219 120 67 32 176
leaf_count=45 49 27 219 120 67 32 176
internal_value=-0.00105442 -0.00137681 -0.00160634 -0.000833335 9.25914e-05 0.00364197 -0.00109054
internal_weight=735 690 663 444 324 81 243
internal_count=735 690 663 444 324 81 243
is_linear=0
shrinkage=0.05


Tree=58
num_leaves=8
num_cat=0
split_feature=15 11 11 11 13 4 12
split_gain=0.4205 0.395355 0.488535 0.381201 0.27263 0.530896 0.266001
threshold=0.01653133327023382 0.029572012228067938 0.022371671990612522 -0.03145344780031472 21.82499980926514 0.035927284497630642 0.012058038657318472
decision_type=2 2 2 2 2 2 2
left_child=1 2 3 -1 5 6 -5
right_child=-2 -3 -4 4 -6 -7 -8
leaf_value=0.00035484472200695416 3.7310741198461135e-05 -6.4524373491109765e-05 3.0278614239115643e-05 8.974009698169151e-07 -3.9663340280926242e-05 0.00032881035765463048 -2.6139510979062951e-05
leaf_weight=25 30 58 42 171 46 28 350
leaf_count=25 30 58 42 171 46 28 350
internal_value=-0.000800001 -0.00104167 -0.000694865 -0.00104839 -0.00130252 -0.000992715 -0.00135317
internal_weight=750 720 662 620 595 549 521
internal_count=750 720 662 620 595 549 521
is_linear=0
shrinkage=0.05


Tree=59
num_leaves=8
num_cat=0
split_feature=15 16 16 16 12 12 12
split_gain=0.541311 0.531584 0.647453 0.642049 0.784413 0.373972 0.32131
threshold=0.01653133327023382 0.0041599013285801298 -0.0072734767142825221 -0.00072535786162919436 0.028230717200652847 0.0072856362379064574 0.028151177986243673
decision_type=2 2 2 2 2 2 2
left_child=1 2 -1 4 5 -4 -5
right_child=-2 -3 3 6 -6 -7 -8
leaf_value=-2.573892495734688e-05 4.4018872350433193e-05 -4.6491144261780323e-05 5.1089367504536124e-06 7.272703420422334e-06 0.00099090812239469354 -4.1392619217063265e-05 -0.0002615266941685178
leaf_weight=219 28 356 29 36 34 25 31
leaf_count=219 28 356 29 36 34 25 31
internal_value=-0.00110818 -0.00136986 -5.34771e-05 0.00241935 0.00522727 0.00148148 -0.00126866
internal_weight=758 730 374 155 88 54 67
internal_count=758 730 374 155 88 54 67
is_linear=0
shrinkage=0.05


end of trees

feature_importances:
ret_5d=50
dist_ma200=39
spy_ret_20d=38
spy_ret_5d=28
sector_ret_5d=28
atr_pct=27
overnight_gap=24
dvol_z_20=24
vix_level=21
vix_chg_1d=20
ret_20d=19
dist_ma20=19
ret_1d=18
parkinson_20=18
sector_ret_1d=17
spy_ret_1d=16
dist_ma50=14

parameters:
[boosting: gbdt]
[objective: quantile]
[metric: quantile]
[tree_learner: serial]
[device_type: cpu]
[data_sample_strategy: bagging]
[data: ]
[valid: ]
[num_iterations: 80]
[learning_rate: 0.05]
[num_leaves: 8]
[num_threads: 1]
[seed: 0]
[deterministic: 0]
[force_col_wise: 1]
[force_row_wise: 0]
[histogram_pool_size: -1]
[max_depth: -1]
[min_data_in_leaf: 25]
[min_sum_hessian_in_leaf: 0.001]
[bagging_fraction: 0.9]
[pos_bagging_fraction: 1]
[neg_bagging_fraction: 1]
[bagging_freq: 1]
[bagging_seed: 3]
[bagging_by_query: 0]
[feature_fraction: 0.9]
[feature_fraction_bynode: 1]
[feature_fraction_seed: 2]
[extra_trees: 0]
[extra_seed: 6]
[early_stopping_round: 0]
[early_stopping_min_delta: 0]
[first_metric_only: 0]
[max_delta_step: 0]
[lambda_l1: 0]
[lambda_l2: 0]
[linear_lambda: 0]
[min_gain_to_split: 0]
[drop_rate: 0.1]
[max_drop: 50]
[skip_drop: 0.5]
[xgboost_dart_mode: 0]
[uniform_drop: 0]
[drop_seed: 4]
[top_rate: 0.2]
[other_rate: 0.1]
[min_data_per_group: 100]
[max_cat_threshold: 32]
[cat_l2: 10]
[cat_smooth: 10]
[max_cat_to_onehot: 4]
[top_k: 20]
[monotone_constraints: ]
[monotone_constraints_method: basic]
[monotone_penalty: 0]
[feature_contri: ]
[forcedsplits_filename: ]
[refit_decay_rate: 0.9]
[cegb_tradeoff: 1]
[cegb_penalty_split: 0]
[cegb_penalty_feature_lazy: ]
[cegb_penalty_feature_coupled: ]
[path_smooth: 0]
[interaction_constraints: ]
[verbosity: -1]
[saved_feature_importance_type: 0]
[use_quantized_grad: 0]
[num_grad_quant_bins: 4]
[quant_train_renew_leaf: 0]
[stochastic_rounding: 1]
[linear_tree: 0]
[max_bin: 255]
[max_bin_by_feature: ]
[min_data_in_bin: 3]
[bin_construct_sample_cnt: 200000]
[data_random_seed: 1]
[is_enable_sparse: 1]
[enable_bundle: 1]
[use_missing: 1]
[zero_as_missing: 0]
[feature_pre_filter: 1]
[pre_partition: 0]
[two_round: 0]
[header: 0]
[label_column: ]
[weight_column: ]
[group_column: ]
[ignore_column: ]
[categorical_feature: ]
[forcedbins_filename: ]
[precise_float_parser: 0]
[parser_config_file: ]
[objective_seed: 5]
[num_class: 1]
[is_unbalance: 0]
[scale_pos_weight: 1]
[sigmoid: 1]
[boost_from_average: 1]
[reg_sqrt: 0]
[alpha: 0.9]
[fair_c: 1]
[poisson_max_delta_step: 0.7]
[tweedie_variance_power: 1.5]
[lambdarank_truncation_level: 30]
[lambdarank_norm: 1]
[label_gain: ]
[lambdarank_position_bias_regularization: 0]
[eval_at: ]
[multi_error_top_k: 1]
[auc_mu_weights: ]
[num_machines: 1]
[local_listen_port: 12400]
[time_out: 120]
[machine_list_filename: ]
[machines: ]
[gpu_platform_id: -1]
[gpu_device_id: -1]
[gpu_device_id_list: ]
[gpu_use_dp: 0]
[num_gpu: 1]

end of parameters

pandas_categorical:[]
