tree
version=v4
num_class=1
num_tree_per_iteration=1
label_index=0
max_feature_idx=16
objective=quantile
feature_names=ret_1d ret_5d ret_20d overnight_gap atr_pct parkinson_20 dvol_z_20 dist_ma20 dist_ma50 dist_ma200 spy_ret_1d spy_ret_5d spy_ret_20d vix_level vix_chg_1d sector_ret_1d sector_ret_5d
feature_infos=[-0.060764929485852548:0.10415215323774074] [-0.1218534979955509:0.11085180863477251] [-0.15433562810269685:0.19536288096726784] [-0.052461547198729863:0.10261822474429416] [0.011450828024021179:0.039889924248556863] [0.0073382804080831627:0.022161454335414721] [-2.4745075062938975:4.128110120124509] [-0.10108332331513603:0.1304587402224171] [-0.1333674346040653:0.16909770295380566] [-0.12847382656533091:0.16794448244819371] [-0.058542971330535654:0.10501930183911301] [-0.11496151859245618:0.082843162776128354] [-0.1226559005192206:0.15756591020035837] [11.859999656677246:52.330001831054688] [-0.35753873962348437:0.74039073966007019] [-0.062852571542473257:0.088816390052506744] [-0.11675896877857916:0.085294626879873769]
tree_sizes=850 854 855 860 860 860 862 855 856 870 867 863 861 863 868 869 870 869 868

Tree=0
num_leaves=8
num_cat=0
split_feature=14 14 13 5 6 16 10
split_gain=0.791269 1.01149 1.07082 1.49902 1.01613 0.479222 0.474586
threshold=-0.0053353680944993589 0.004407866869301503 18.974999427795414 0.012147464802740754 -0.28981314503582606 0.030171297449573146 0.0091813381816910917
decision_type=2 2 2 2 2 2 2
left_child=5 4 -3 -4 -2 6 -1
right_child=1 2 3 -5 -6 -7 -8
leaf_value=0.00067438278142515804 0.00075864589243296169 0.00069505874707829205 0.00087345722285937788 0.00068300029155023579 0.0010497176742582548 0.00078365673684001043 0.0007485051151964225
leaf_weight=256 31 215 47 46 25 44 77
leaf_count=256 31 215 47 46 25 44 77
internal_value=0.00038751 0.00205032 0.000926445 0.00540906 0.00823164 -0.00121796 -0.00186596
internal_weight=741 364 308 93 56 377 333
internal_count=741 364 308 93 56 377 333
is_linear=0
shrinkage=1


Tree=1
num_leaves=8
num_cat=0
split_feature=12 9 5 2 13 0 14
split_gain=1.02079 1.51629 1.22332 0.71365 0.620917 0.583574 0.972901
threshold=0.0027925929369287954 0.024791372655941672 0.010987382916838763 -0.052170950007475674 20.375000000000004 -0.0011686151090062322 -0.047825209867674183
decision_type=2 8 2 2 2 2 2
left_child=1 2 -1 -4 -2 -3 -7
right_child=4 5 3 -5 -6 6 -8
leaf_value=0.0001581159116969414 -2.8838308841909445e-05 -0.00013713039330231268 0.00028561374725547716 -3.1358301035736968e-05 0.00010652571090464139 -0.00010212690672494402 0.00019369012005549544
leaf_weight=31 472 59 31 36 26 27 46
leaf_count=31 472 59 31 36 26 27 46
internal_value=0.00028846 0.00304348 0.0077551 0.00395522 -0.000983937 -0.000454547 0.00253425
internal_weight=728 230 98 67 498 132 73
internal_count=728 230 98 67 498 132 73
is_linear=0
shrinkage=0.05


Tree=2
num_leaves=8
num_cat=0
split_feature=8 13 1 16 14 5 11
split_gain=0.934975 0.955283 0.758698 0.75 1.04762 0.583333 0.459126
threshold=-0.00084765869639807912 18.429999351501468 0.011243764024095994 -0.0048840076765738752 0.016553968951917967 0.011414501385156121 0.032599059043066377
decision_type=8 2 2 2 2 2 2
left_child=1 2 -1 4 -3 -5 -2
right_child=6 3 -4 5 -6 -7 -8
leaf_value=-2.8053510397125626e-05 -3.5061945442079052e-05 -0.00014750075064161382 0.00010867703516112174 0.00025972909504093887 0.00013009248256817943 0.00023700352512199819 0.00015701797249366702
leaf_weight=162 382 33 36 25 42 35 26
leaf_count=162 382 33 36 25 42 35 26
internal_value=-0.000209178 0.00175676 -0.000454547 0.005 0.00166667 0.00916667 -0.00181373
internal_weight=741 333 198 135 75 60 408
internal_count=741 333 198 135 75 60 408
is_linear=0
shrinkage=0.05


Tree=3
num_leaves=8
num_cat=0
split_feature=8 2 8 7 4 1 6
split_gain=1.23853 1.05035 0.74749 1.44023 0.79976 0.474433 0.35863
threshold=-0.00084765869639807912 0.013885529177438795 -0.035996690136555869 -0.026453060313584072 0.020139284723878301 0.019141756091484056 0.11612158810475141
decision_type=8 2 10 2 2 2 2
left_child=1 2 3 4 -1 -4 -2
right_child=6 -3 5 -5 -6 -7 -8
leaf_value=-0.00010084272940099518 -7.5622236054908112e-05 0.00012401728258026659 -2.4492502921213994e-05 0.00043479937826296623 0.0002646495671934111 0.00011171916015709862 -3.9116918386329382e-06
leaf_weight=41 273 32 159 29 29 30 142
leaf_count=41 273 32 159 29 29 30 142
internal_value=-0.000306124 0.00203125 0.00107639 0.00459596 0.000714285 -0.000767197 -0.00210843
internal_weight=735 320 288 99 70 189 415
internal_count=735 320 288 99 70 189 415
is_linear=0
shrinkage=0.05


Tree=4
num_leaves=8
num_cat=0
split_feature=8 7 4 15 14 13 14
split_gain=0.722155 0.925897 0.959842 0.576726 1.1534 0.603175 0.579136
threshold=-0.035996690136555869 -0.026453060313584072 0.020139284723878301 0.010050111412576059 -0.029883265784418574 15.97499990463257 -0.0053353680944993589
decision_type=8 2 2 2 2 2 2
left_child=1 2 -1 6 5 -5 -2
right_child=3 -3 -4 4 -6 -7 -8
leaf_value=-0.0001044978557175324 -5.0154469476264838e-05 0.00056659404460652997 0.00025658367773112454 4.4085545724165912e-05 0.00013409077867756577 -0.00013699677770919534 2.8912813623256923e-06
leaf_weight=46 242 36 27 25 32 38 290
leaf_count=46 242 36 27 25 32 38 290
internal_value=-4.07621e-05 0.0037156 0.000479451 -0.000693781 0.00289474 -0.00103175 -0.00133459
internal_weight=736 109 73 627 95 63 532
internal_count=736 109 73 627 95 63 532
is_linear=0
shrinkage=0.05


Tree=5
num_leaves=8
num_cat=0
split_feature=11 16 11 7 5 3 4
split_gain=0.753194 1.35275 0.534573 0.555459 0.509804 0.396616 0.394617
threshold=-0.017414661079240442 -0.020760183725269606 0.026061152013762138 0.013721925345089316 0.011300353758387971 -0.0014957043510331889 0.014670381321035928
decision_type=2 2 2 2 2 2 2
left_child=1 5 6 -4 -5 -1 -2
right_child=2 -3 3 4 -6 -7 -8
leaf_value=-0.00014158840411322276 2.6409148351967034e-05 0.00021806126553370337 7.8486011337909541e-05 0.0001722685553972085 -0.00010482289901214643 5.1490003754876567e-05 -3.2658919738610398e-05
leaf_weight=30 73 37 25 25 26 31 482
leaf_count=30 73 37 25 25 26 31 482
internal_value=-0.000404665 0.00367347 -0.00103804 0.00289474 -9.80404e-05 -0.000901641 -0.00157658
internal_weight=729 98 631 76 51 61 555
internal_count=729 98 631 76 51 61 555
is_linear=0
shrinkage=0.05


Tree=6
num_leaves=8
num_cat=0
split_feature=8 16 13 9 6 3 16
split_gain=0.754641 0.920384 1.00447 0.971159 0.997694 0.762254 0.468824
threshold=0.0067160204517101594 0.032709431577886645 19.159999847412113 -0.008182547586308429 -0.1032991957254496 0.0043267559897787198 0.0059130136370502137
decision_type=8 2 2 10 2 2 2
left_child=1 2 5 4 -4 6 -1
right_child=-2 -3 3 -5 -6 -7 -8
leaf_value=-6.0950301684712826e-05 -2.6187872304383065e-05 6.7433373267760969e-05 0.00021749135541557652 -6.956348376104538e-05 9.1187780263100461e-05 0.0001042440522064845 2.2947385633534013e-05
leaf_weight=134 367 30 37 34 35 38 63
leaf_count=134 367 30 37 34 35 38 63
internal_value=1.35489e-05 0.00160377 0.000865101 0.00490566 0.00819444 -0.000957448 -0.00220812
internal_weight=738 371 341 106 72 235 197
internal_count=738 371 341 106 72 235 197
is_linear=0
shrinkage=0.05


Tree=7
num_leaves=8
num_cat=0
split_feature=0 9 3 2 2 6 9
split_gain=0.776593 0.907035 0.620987 0.604559 0.960227 0.572321 0.549819
threshold=0.0094304565777505473 -0.062046418194736656 0.0074148057875876869 0.054269817866789645 0.014847699141819161 1.9762374213776699 0.018776717920107381
decision_type=2 8 2 2 2 2 8
left_child=1 -1 3 4 6 -3 -2
right_child=2 5 -4 -5 -6 -7 -8
leaf_value=0.00025006775983702764 -2.7240229742158732e-05 -4.3921302338386425e-05 -5.1883738964271858e-05 -3.6509537925128194e-05 7.3963204839827537e-05 0.00013943440151039044 0.00026384640078444093
leaf_weight=28 29 534 31 29 25 30 26
leaf_count=28 29 534 31 29 25 30 26
internal_value=-0.000491804 -0.00128378 0.00285714 0.00463303 0.006875 -0.00171986 0.00318182
internal_weight=732 592 140 109 80 564 55
internal_count=732 592 140 109 80 564 55
is_linear=0
shrinkage=0.05


Tree=8
num_leaves=8
num_cat=0
split_feature=12 9 6 15 13 0 14
split_gain=0.747289 1.22633 1.0527 0.876959 0.787084 0.755177 0.806667
threshold=0.0027925929369287954 0.02329538905702833 0.68231920985720595 0.010902345860706932 15.654999732971193 -0.0011686151090062322 -0.047825209867674183
decision_type=2 8 2 2 2 2 2
left_child=1 2 -1 -2 -5 -3 -7
right_child=3 5 -4 4 -6 6 -8
leaf_value=6.0272655541169248e-05 -2.807274945564603e-05 -0.00013162214109958931 0.00036940373173375402 0.00010899721291267165 -4.0084954269501632e-05 -8.8832750853919302e-05 0.00015641668725596236
leaf_weight=79 457 66 25 30 29 25 50
leaf_count=79 457 66 25 30 29 25 50
internal_value=-0.000335087 0.00193877 0.00605769 -0.00141473 0.00432203 -0.00109929 0.00233333
internal_weight=761 245 104 516 59 141 75
internal_count=761 245 104 516 59 141 75
is_linear=0
shrinkage=0.05


Tree=9
num_leaves=8
num_cat=0
split_feature=5 14 11 14 0 15 10
split_gain=0.597676 0.516555 0.568873 0.48356 0.843404 0.31321 0.98735
threshold=0.014639680516161357 -1.0000000180025095e-35 -0.024572919887126395 0.0053913947730825926 0.0073013387316025477 0.010129738063722528 0.0077407219142590087
decision_type=2 2 2 2 2 2 2
left_child=1 5 -3 -4 -5 -1 -7
right_child=-2 2 3 4 -6 6 -8
leaf_value=-4.1407964206633873e-05 0.00016618777257490516 5.855249808531366e-05 9.3550268182680623e-05 -1.8956747824857025e-05 8.2013681008206901e-05 0.00010445172698881624 -2.8729522955669693e-05
leaf_weight=297 31 28 26 221 41 25 65
leaf_count=297 31 28 26 221 41 25 65
internal_value=-0.000504088 -0.0008037 0.000696201 3.4721e-05 -0.000610688 -0.00202842 0.000555554
internal_weight=734 703 316 288 262 387 90
internal_count=734 703 316 288 262 387 90
is_linear=0
shrinkage=0.05


Tree=10
num_leaves=8
num_cat=0
split_feature=8 7 0 4 6 16 11
split_gain=0.692867 0.868632 1.50041 0.875434 0.493141 0.476106 0.735088
threshold=0.0080096631216125553 0.001848602422068524 0.00025746338969445676 0.024907736272079897 0.29366366967939361 0.00097369828859239515 0.010741410126357433
decision_type=8 2 2 2 2 2 2
left_child=1 3 -3 5 -2 -1 -7
right_child=4 2 -4 -5 -6 6 -8
leaf_value=-4.0206237436970558e-05 -6.1727291335874859e-05 0.00010047588353692197 -1.6038599976919614e-07 0.00021784725173984231 9.3820266386802932e-06 0.00022090404380435046 -3.3654813913963672e-05
leaf_weight=167 259 34 53 30 101 41 58
leaf_count=167 259 34 53 30 101 41 58
internal_value=4.71051e-05 0.00152741 0.00591954 0.000236485 -0.00152778 -0.000676693 0.00207071
internal_weight=743 383 87 296 360 266 99
internal_count=743 383 87 296 360 266 99
is_linear=0
shrinkage=0.05


Tree=11
num_leaves=8
num_cat=0
split_feature=16 7 9 6 12 16 16
split_gain=0.83347 0.98394 0.865673 0.824773 0.740665 0.66932 0.731302
threshold=0.032709431577886645 0.023143891261644293 -0.059715462352681929 0.47500154048726489 0.0033715039290467268 -0.00091340677079071442 0.0096269545149358943
decision_type=2 2 8 2 2 2 2
left_child=2 -2 -1 -4 -5 -6 -7
right_child=1 -3 3 4 5 6 -8
leaf_value=0.0002237430865519107 3.6563755567157724e-05 -8.3026972649653027e-05 -2.17020943728672e-05 0.00016374972847761808 -8.6944286113971517e-05 0.00021794843428182533 -1.3180707851101721e-05
leaf_weight=26 29 26 504 48 41 28 40
leaf_count=26 29 26 504 48 41 28 40
internal_value=-1.34783e-05 0.00590909 -0.000487629 -0.000839638 0.00232484 4.58704e-05 0.00308823
internal_weight=742 55 687 661 157 109 68
internal_count=742 55 687 661 157 109 68
is_linear=0
shrinkage=0.05


Tree=12
num_leaves=8
num_cat=0
split_feature=13 8 9 8 15 2 1
split_gain=0.599255 1.12561 0.778828 1.3531 0.711303 1.42866 1.36758
threshold=18.94999980926514 -0.0017120692413120084 -0.008182547586308429 -0.048459582121714299 0.0079749054917932511 -0.0046314968022379546 0.023633688403274958
decision_type=2 8 10 10 2 2 2
left_child=4 2 3 -2 -1 -6 -7
right_child=1 -3 -4 -5 5 6 -8
leaf_value=-3.5552390508339032e-05 1.4106034055104206e-05 -3.2018944386226647e-05 -6.3096729935751918e-05 0.00011679448685379551 -5.5361285793904913e-05 0.00010291378168498772 -2.1782253356775212e-05
leaf_weight=423 40 77 36 45 37 38 27
leaf_count=423 40 77 36 45 37 38 27
internal_value=-2.07481e-05 0.00232323 0.00533058 0.00794118 -0.000904763 0.00284314 0.00730769
internal_weight=723 198 121 85 525 102 65
internal_count=723 198 121 85 525 102 65
is_linear=0
shrinkage=0.05


Tree=13
num_leaves=8
num_cat=0
split_feature=0 6 16 3 1 15 13
split_gain=0.609285 0.78457 0.531446 0.527623 0.784149 0.471916 0.542058
threshold=0.011394533900827787 1.9762374213776699 0.035854770636636009 0.0049224276695613032 0.0074779922632024496 0.0011481298285909161 20.814999580383304
decision_type=2 2 2 2 2 2 2
left_child=1 2 5 4 -2 6 -1
right_child=3 -3 -4 -5 -6 -7 -8
leaf_value=-3.4388705935703546e-05 -5.2629454942274059e-05 0.00011407534595651462 2.4192818274517645e-05 -2.9201453896591354e-05 0.0001573578678183405 -7.4470569183215896e-05 4.9006579225751467e-05
leaf_weight=281 26 37 31 43 40 219 59
leaf_count=281 26 37 31 43 40 219 59
internal_value=-0.000652175 -0.00125199 -0.00169492 0.00279816 0.00560606 -0.0020483 -0.000882354
internal_weight=736 627 590 109 66 559 340
internal_count=736 627 590 109 66 559 340
is_linear=0
shrinkage=0.05


Tree=14
num_leaves=8
num_cat=0
split_feature=11 16 1 1 6 1 1
split_gain=0.56689 0.952948 0.597076 1.34538 0.558918 0.786366 1.66164
threshold=-0.013761586960897574 -0.020760183725269606 -0.0098205636864142059 -0.0071565180565538169 0.19862244565252535 0.022715771349479112 0.00541332743048173
decision_type=2 2 2 2 2 2 2
left_child=1 -1 -2 -4 -5 6 -6
right_child=2 -3 3 4 5 -7 -8
leaf_value=-8.6049063008503524e-06 -7.4252789604861781e-05 0.00015538643920832049 0.00020100279990867341 -3.1331024548300034e-05 -4.1662437631319999e-05 -3.5329457042606479e-05 0.00042090433135331902
leaf_weight=63 161 49 29 287 39 65 31
leaf_count=63 161 49 29 287 39 65 31
internal_value=-0.000234808 0.00303571 -0.000833335 9.97771e-05 -0.000616115 0.00203704 0.00571428
internal_weight=724 112 612 451 422 135 70
internal_count=724 112 612 451 422 135 70
is_linear=0
shrinkage=0.05


Tree=15
num_leaves=8
num_cat=0
split_feature=8 2 12 12 1 16 11
split_gain=0.688253 1.12185 1.09543 0.946824 0.775088 0.461075 0.457032
threshold=-0.00084765869639807912 -0.04050035149165148 -0.00052816856958670655 0.030225139979897734 -0.0068679672332718758 0.00097369828859239515 -0.01413744986297699
decision_type=8 2 2 2 2 2 2
left_child=1 6 5 -4 -5 -3 -1
right_child=-2 2 3 4 -6 -7 -8
leaf_value=3.1585824278452307e-05 -2.7984510617232174e-05 9.2045163686926986e-05 -1.2493284267063614e-05 9.4762327953161493e-05 2.1296290043835854e-07 0.00012767019725899966 -7.8463416187622381e-05
leaf_weight=38 400 32 72 25 32 25 102
leaf_count=38 400 32 72 25 32 25 102
internal_value=-0.000110194 0.00159509 0.00413978 0.00158915 0.00640351 0.00991228 -0.00178572
internal_weight=726 326 186 129 57 57 140
internal_count=726 326 186 129 57 57 140
is_linear=0
shrinkage=0.05


Tree=16
num_leaves=8
num_cat=0
split_feature=14 0 1 1 14 8 16
split_gain=0.599529 0.67324 0.666788 1.27114 1.16763 0.627306 0.60318
threshold=-0.0053353680944993589 0.011394533900827787 -0.027211134935341826 -0.034257424735175561 -0.0013445440520786776 -0.042478905417330785 0.0029857627632388088
decision_type=2 2 2 2 2 8 2
left_child=1 5 3 -2 -4 -1 -6
right_child=2 -3 4 -5 6 -7 -8
leaf_value=8.6410299461299136e-05 -7.5996558885079508e-06 4.9949857102359165e-05 0.00010548484334505797 0.00012665735284025559 -3.5262385393625361e-05 -5.5520247216850273e-05 6.2239844322559159e-05
leaf_weight=33 37 76 25 25 144 255 151
leaf_count=33 37 76 25 25 144 255 151
internal_value=0.000160857 -0.00129121 0.0015445 0.00629032 0.000624999 -0.00239583 -0.000254238
internal_weight=746 364 382 62 320 288 295
internal_count=746 364 382 62 320 288 295
is_linear=0
shrinkage=0.05


Tree=17
num_leaves=8
num_cat=0
split_feature=14 15 2 3 14 1 6
split_gain=0.566568 0.923865 0.618791 0.534561 0.789932 0.758684 0.462237
threshold=-0.0053353680944993589 0.0079749054917932511 0.071819316831852179 0.0035081831965959602 -0.051474636784154308 0.012870979282805452 -0.56259328081953597
decision_type=2 2 2 2 2 2 2
left_child=3 2 6 -1 -5 -6 -2
right_child=1 -3 -4 4 5 -7 -8
leaf_value=-5.5460019346086081e-05 -3.4544391699281707e-05 8.8586560046304073e-05 -0.00017785723549272023 -5.17965642561698e-05 0.00013404414485438382 -5.1078923334603386e-06 6.5630476375841491e-05
leaf_weight=261 106 26 43 51 32 25 190
leaf_count=261 106 26 43 51 32 25 190
internal_value=-9.5369e-05 0.00130137 0.000604719 -0.00147697 0.00148148 0.00552631 0.00141892
internal_weight=734 365 339 369 108 57 296
internal_count=734 365 339 369 108 57 296
is_linear=0
shrinkage=0.05


Tree=18
num_leaves=8
num_cat=0
split_feature=12 9 6 14 0 8 16
split_gain=0.628075 0.627219 0.907787 0.775641 0.572395 0.56641 0.433263
threshold=0.0027925929369287954 0.02329538905702833 0.68231920985720595 0.028651176652424008 0.0073013387316025477 -0.026519808795350371 -0.00091340677079071442
decision_type=2 8 2 2 2 10 2
left_child=1 2 3 5 -3 -1 -2
right_child=6 4 -4 -5 -6 -7 -8
leaf_value=8.8993092742726767e-05 -5.8157839306813874e-05 -6.2814582345878373e-05 0.00030608044554422816 -4.0606811087392789e-05 0.00012744422918726443 -2.6628629288646603e-06 -5.3350650434651205e-06
leaf_weight=25 163 98 25 26 35 27 343
leaf_count=25 163 98 25 26 35 27 343
internal_value=-0.000350406 0.00177966 0.00470874 0.00205128 -0.000488723 0.00557692 -0.00134387
internal_weight=742 236 103 78 133 52 506
internal_count=742 236 103 78 133 52 506
is_linear=0
shrinkage=0.05


end of trees

feature_importances:
vix_chg_1d=14
sector_ret_5d=14
ret_5d=12
dvol_z_20=11
dist_ma50=11
ret_1d=8
dist_ma200=8
vix_level=8
ret_20d=7
spy_ret_5d=7
spy_ret_20d=6
sector_ret_1d=6
overnight_gap=5
parkinson_20=5
dist_ma20=5
atr_pct=4
spy_ret_1d=2

parameters:
[boosting: gbdt]
[objective: quantile]
[metric: quantile]
[tree_learner: serial]
[device_type: cpu]
[data_sample_strategy: bagging]
[data: ]
[valid: ]
[num_iterations: 80]
[learning_rate: 0.05]
[num_leaves: 8]
[num_threads: 1]
[seed: 0]
[deterministic: 0]
[force_col_wise: 1]
[force_row_wise: 0]
[histogram_pool_size: -1]
[max_depth: -1]
[min_data_in_leaf: 25]
[min_sum_hessian_in_leaf: 0.001]
[bagging_fraction: 0.9]
[pos_bagging_fraction: 1]
[neg_bagging_fraction: 1]
[bagging_freq: 1]
[bagging_seed: 3]
[bagging_by_query: 0]
[feature_fraction: 0.9]
[feature_fraction_bynode: 1]
[feature_fraction_seed: 2]
[extra_trees: 0]
[extra_seed: 6]
[early_stopping_round: 0]
[early_stopping_min_delta: 0]
[first_metric_only: 0]
[max_delta_step: 0]
[lambda_l1: 0]
[lambda_l2: 0]
[linear_lambda: 0]
[min_gain_to_split: 0]
[drop_rate: 0.1]
[max_drop: 50]
[skip_drop: 0.5]
[xgboost_dart_mode: 0]
[uniform_drop: 0]
[drop_seed: 4]
[top_rate: 0.2]
[other_rate: 0.1]
[min_data_per_group: 100]
[max_cat_threshold: 32]
[cat_l2: 10]
[cat_smooth: 10]
[max_cat_to_onehot: 4]
[top_k: 20]
[monotone_constraints: ]
[monotone_constraints_method: basic]
[monotone_penalty: 0]
[feature_contri: ]
[forcedsplits_filename: ]
[refit_decay_rate: 0.9]
[cegb_tradeoff: 1]
[cegb_penalty_split: 0]
[cegb_penalty_feature_lazy: ]
[cegb_penalty_feature_coupled: ]
[path_smooth: 0]
[interaction_constraints: ]
[verbosity: -1]
[saved_feature_importance_type: 0]
[use_quantized_grad: 0]
[num_grad_quant_bins: 4]
[quant_train_renew_leaf: 0]
[stochastic_rounding: 1]
[linear_tree: 0]
[max_bin: 255]
[max_bin_by_feature: ]
[min_data_in_bin: 3]
[bin_construct_sample_cnt: 200000]
[data_random_seed: 1]
[is_enable_sparse: 1]
[enable_bundle: 1]
[use_missing: 1]
[zero_as_missing: 0]
[feature_pre_filter: 1]
[pre_partition: 0]
[two_round: 0]
[header: 0]
[label_column: ]
[weight_column: ]
[group_column: ]
[ignore_column: ]
[categorical_feature: ]
[forcedbins_filename: ]
[precise_float_parser: 0]
[parser_config_file: ]
[objective_seed: 5]
[num_class: 1]
[is_unbalance: 0]
[scale_pos_weight: 1]
[sigmoid: 1]
[boost_from_average: 1]
[reg_sqrt: 0]
[alpha: 0.9]
[fair_c: 1]
[poisson_max_delta_step: 0.7]
[tweedie_variance_power: 1.5]
[lambdarank_truncation_level: 30]
[lambdarank_norm: 1]
[label_gain: ]
[lambdarank_position_bias_regularization: 0]
[eval_at: ]
[multi_error_top_k: 1]
[auc_mu_weights: ]
[num_machines: 1]
[local_listen_port: 12400]
[time_out: 120]
[machine_list_filename: ]
[machines: ]
[gpu_platform_id: -1]
[gpu_device_id: -1]
[gpu_device_id_list: ]
[gpu_use_dp: 0]
[num_gpu: 1]

end of parameters

pandas_categorical:[]
