tree
version=v4
num_class=1
num_tree_per_iteration=1
label_index=0
max_feature_idx=16
objective=quantile
feature_names=ret_1d ret_5d ret_20d overnight_gap atr_pct parkinson_20 dvol_z_20 dist_ma20 dist_ma50 dist_ma200 spy_ret_1d spy_ret_5d spy_ret_20d vix_level vix_chg_1d sector_ret_1d sector_ret_5d
feature_infos=[-0.15426200175124682:0.2268998467502028] [-0.21956789039170899:0.44127820787349692] [-0.38568110170897629:0.72262515478506972] [-0.10810420378485097:0.14523753802948747] [0.02922443097286884:0.10974687598116167] [0.017510089582577697:0.056765497006293318] [-2.5012676693906832:3.7758020449690677] [-0.28540525065500488:0.37471081975970044] [-0.39558289860103901:0.55237829038461039] [-0.36671205861825529:1.1124173523204082] [-0.058542947643003718:0.10501933612632941] [-0.11496158439845272:0.082843216242346029] [-0.12265592443394913:0.15756596870864792] [11.859999656677246:52.330001831054688] [-0.35753873962348437:0.74039073966007019] [-0.060397403108400582:0.10888057162300102] [-0.11617882919005618:0.10060180541624875]
tree_sizes=834 857 849 858 846 862 858 851 856 859 856 862 861 863 854 854 862 862 863 856 855 865 865 863 851 851

Tree=0
num_leaves=8
num_cat=0
split_feature=4 10 8 10 6 6 15
split_gain=4.32567 1.32103 1.2368 0.883117 0.874636 1.00052 0.763978
threshold=0.063006832771352286 0.00057746953586101945 0.10562272575718214 0.0040309236924269696 0.34900545295309265 0.94543265516685682 -0.0024023733165758894
decision_type=2 2 8 2 2 2 2
left_child=2 -2 -1 4 6 -6 -4
right_child=1 -3 3 -5 5 -7 -8
leaf_value=-0.049502359060008369 -0.051310103236039739 -0.051120005469958874 -0.050367978765672498 -0.049694654251775848 -0.050388189998038201 -0.050318308055545283 -0.049090581718994872
leaf_weight=497 39 27 31 68 25 34 29
leaf_count=497 39 27 31 68 25 34 29
internal_value=-0.0500167 -0.062241 -0.0488372 -0.0523034 -0.0549008 -0.0592235 -0.0506501
internal_weight=750 66 684 187 119 59 60
internal_count=750 66 684 187 119 59 60
is_linear=0
shrinkage=1


Tree=1
num_leaves=8
num_cat=0
split_feature=4 8 10 7 14 14 5
split_gain=3.83388 1.56223 0.802842 0.49582 0.306325 0.546183 0.310232
threshold=0.064093897482232501 0.38795611398924551 0.00057746953586101945 -0.098782906534220602 0.024414321868059811 0.040951993391927573 0.033124897528685436
decision_type=2 8 2 2 2 2 2
left_child=1 3 -2 -1 6 -6 -5
right_child=2 -3 -4 4 5 -7 -8
leaf_value=-0.00037759858737256084 -0.001435539095335045 -0.0013286836483231354 -0.0012563586986488351 0.00041545074116134382 -0.00033714932412243551 0.00025071027368139473 -0.00081231274518083667
leaf_weight=49 33 30 25 401 41 128 27
leaf_count=49 33 30 25 401 41 128 27
internal_value=9.5368e-05 0.00115385 -0.0122414 0.00167183 0.00206868 0.000266272 0.00278037
internal_weight=734 676 58 646 597 169 428
internal_count=734 676 58 646 597 169 428
is_linear=0
shrinkage=0.05


Tree=2
num_leaves=8
num_cat=0
split_feature=5 8 9 6 8 9 14
split_gain=2.53858 1.6323 0.743963 0.754302 0.6194 0.5291 0.517812
threshold=0.033298068657796838 -0.084303072730541093 0.27160296588191252 0.36214505730624807 -0.15318568769087995 0.31668255651449012 -0.03897851358283843
decision_type=2 8 10 2 10 10 2
left_child=2 -2 4 5 -1 -4 -3
right_child=1 6 3 -5 -6 -7 -8
leaf_value=-0.0001920757816688712 -0.0023707067087923037 0.00026870759925688671 -0.00032292444752036721 -0.00063903405493793302 0.00029366858675618592 0.00031017141940941386 -0.0011761094231388354
leaf_weight=39 33 25 27 44 494 36 51
leaf_count=39 33 25 27 44 494 36 51
internal_value=0.000126836 -0.00692661 0.00132813 -0.00247664 0.00209193 0.00103175 -0.00289474
internal_weight=749 109 640 107 533 63 76
internal_count=749 109 640 107 533 63 76
is_linear=0
shrinkage=0.05


Tree=3
num_leaves=8
num_cat=0
split_feature=4 13 8 14 10 11 9
split_gain=2.87991 1.86609 1.16644 0.603227 0.566664 0.615716 0.539573
threshold=0.063006832771352286 20.500000000000004 0.38795611398924551 -0.030119880421319408 0.0066242939925211805 0.02550883970860263 0.27160296588191252
decision_type=2 2 8 2 2 2 10
left_child=2 -2 3 -1 5 6 -5
right_child=1 -3 -4 4 -6 -7 -8
leaf_value=0.00036202998463483725 3.4542971628134174e-05 -0.0026804701866124862 -0.00097978403385145965 0.00024639418112147924 -0.00092889271021870119 -0.00065114426940376003 -0.0001893152157047864
leaf_weight=203 28 38 34 314 31 32 63
leaf_count=203 28 38 34 314 31 32 63
internal_value=-0.000181696 -0.0101515 0.000790251 0.0012675 0.000227273 0.000721272 0.00128647
internal_weight=743 66 677 643 440 409 377
internal_count=743 66 677 643 440 409 377
is_linear=0
shrinkage=0.05


Tree=4
num_leaves=8
num_cat=0
split_feature=4 8 8 7 9 6 5
split_gain=1.85699 1.89804 0.806787 0.692971 0.509906 0.490869 0.56489
threshold=0.063006832771352286 -0.094713045957650163 0.10562272575718214 0.041840644195314421 -0.2433836853242469 0.37850053400769185 0.025510714215632811
decision_type=2 8 8 2 8 2 2
left_child=2 -2 4 -4 -1 -5 -7
right_child=1 -3 3 5 -6 6 -8
leaf_value=-0.00034425358221368149 -0.001108396736551177 8.5064054031871084e-05 -0.00040698390456814351 0.00030002639634862873 0.00038439139932641708 0.00059906168416794009 -0.00057447083073643862
leaf_weight=27 34 30 41 52 478 38 46
leaf_count=27 34 30 41 52 478 38 46
internal_value=0.000643432 -0.0075 0.00140762 -0.00149717 0.00242574 0.000220588 -0.00214286
internal_weight=746 64 682 177 505 136 84
internal_count=746 64 682 177 505 136 84
is_linear=0
shrinkage=0.05


Tree=5
num_leaves=8
num_cat=0
split_feature=4 8 14 3 0 8 8
split_gain=2.82912 1.65762 1.15244 2.21199 0.711341 0.543367 0.807377
threshold=0.064093897482232501 -0.084303072730541093 0.024414321868059811 0.00079045279123834977 -0.0085927654811320791 0.10562272575718214 0.11620007828771096
decision_type=2 8 2 2 2 8 10
left_child=2 -2 5 -4 -5 -1 -7
right_child=1 -3 3 4 -6 6 -8
leaf_value=0.00036308899932022072 -0.0018123951464243454 -0.00047255516961553667 0.00017187212884981867 -0.00038646996589692962 -0.0010672004809281822 -0.00041655808187706007 6.5242447909215573e-05
leaf_weight=348 35 25 122 25 46 25 111
leaf_count=348 35 25 122 25 46 25 111
internal_value=-0.000427408 -0.0108333 0.00049483 -0.00277202 -0.00978873 0.00179752 -0.000882353
internal_weight=737 60 677 193 71 484 136
internal_count=737 60 677 193 71 484 136
is_linear=0
shrinkage=0.05


Tree=6
num_leaves=8
num_cat=0
split_feature=4 8 7 7 14 6 10
split_gain=2.4632 1.28438 0.853119 0.606445 0.525611 0.427503 0.460208
threshold=0.064093897482232501 -0.084303072730541093 0.2080449234185863 -0.098782906534220602 -0.0066427814256201914 0.19641223502540997 0.0035916087266854029
decision_type=2 8 2 2 2 2 2
left_child=2 -2 3 4 -1 -5 -7
right_child=1 -3 -4 5 -6 6 -8
leaf_value=0.0003217889612145422 -0.0014714425083329681 -0.00035933348512789108 -0.00083276124341223742 0.00027647224816501105 -0.00076024819276398657 -0.00014723703934293455 0.00028552062441177813
leaf_weight=26 37 26 28 406 25 134 64
leaf_count=26 37 26 28 406 25 134 64
internal_value=0.000174263 -0.00928571 0.00104685 0.00141221 -0.00382353 0.0018543 -5.05049e-05
internal_weight=746 63 683 655 51 604 198
internal_count=746 63 683 655 51 604 198
is_linear=0
shrinkage=0.05


Tree=7
num_leaves=8
num_cat=0
split_feature=4 8 8 8 12 11 0
split_gain=2.76954 1.79191 0.901266 0.737617 0.572471 1.01905 1.51515
threshold=0.063006832771352286 -0.084303072730541093 0.10562272575718214 0.16721166741777918 0.035394075274519328 0.011840837646133974 0.00287919536264214
decision_type=2 8 8 8 2 2 2
left_child=2 -2 4 -4 -1 -6 -7
right_child=1 -3 3 -5 5 6 -8
leaf_value=0.0002591380003080187 -0.0015230368233013995 -0.00016217895885775875 -0.000375927938707269 -4.8037268601709582e-06 0.00054556297520981696 -0.0015094389755660189 0.00015428035395014471
leaf_weight=372 36 28 49 129 76 25 30
leaf_count=372 36 28 49 129 76 25 30
internal_value=0.000100671 -0.00984375 0.00103524 -0.00202247 0.0021173 -0.000725191 -0.00590909
internal_weight=745 64 681 178 503 131 55
internal_count=745 64 681 178 503 131 55
is_linear=0
shrinkage=0.05


Tree=8
num_leaves=8
num_cat=0
split_feature=4 8 7 14 6 11 9
split_gain=2.24536 1.19048 0.976805 0.557601 0.585901 0.516383 0.384156
threshold=0.064093897482232501 -0.084303072730541093 0.2080449234185863 -0.02817624153510306 -1.4262628769723296 0.02550883970860263 -0.19672817422196834
decision_type=2 8 2 2 2 2 8
left_child=2 -2 3 -1 -5 6 -6
right_child=1 -3 -4 4 5 -7 -8
leaf_value=0.00032925725929120153 -0.0014468849821363296 -0.00024366393692173976 -0.00083250353884535729 -0.00045253639529062734 -0.00028227885624201664 -0.00083665121152401054 0.0001831100298294081
leaf_weight=215 36 27 27 26 28 37 368
leaf_count=215 36 27 27 26 28 37 368
internal_value=0.000549738 -0.00849206 0.00136234 0.00173591 0.000751634 0.00118938 0.00171717
internal_weight=764 63 701 674 459 433 396
internal_count=764 63 701 674 459 433 396
is_linear=0
shrinkage=0.05


Tree=9
num_leaves=8
num_cat=0
split_feature=5 8 3 14 3 7 11
split_gain=1.73834 1.16196 0.885747 0.697413 1.47069 1.11465 0.400206
threshold=0.033124897528685436 0.015474018595293295 -0.0015902743707151832 0.024414321868059811 0.00079045279123834977 0.0038800535633138904 -0.013447724126553815
decision_type=2 8 2 2 2 2 2
left_child=3 -2 -3 -1 6 -6 -5
right_child=1 2 -4 4 5 -7 -8
leaf_value=0.00024215818799972765 -0.0010572265257480331 0.0004762086971883531 -0.00082751498918132074 -0.00026202837239737035 -0.00087085663121925713 -0.00041144231487981535 0.00037171319114156511
leaf_weight=449 44 29 39 32 31 38 82
leaf_count=449 44 29 39 32 31 38 82
internal_value=2.68819e-05 -0.00571429 -0.00161765 0.0010443 -0.00155738 -0.00731884 0.00192982
internal_weight=744 112 68 632 183 69 114
internal_count=744 112 68 632 183 69 114
is_linear=0
shrinkage=0.05


Tree=10
num_leaves=8
num_cat=0
split_feature=4 7 8 9 16 9 9
split_gain=2.12244 1.20069 1.06742 0.418349 0.454012 0.490482 0.525722
threshold=0.064517572249654806 0.20468345596525553 -0.084303072730541093 -0.2433836853242469 0.045831828257249858 0.088842287404548484 0.13669789975261185
decision_type=2 2 8 8 2 10 10
left_child=1 3 -2 -1 5 -5 -7
right_child=2 -3 -4 4 -6 6 -8
leaf_value=-0.0003128295322794933 -0.0016971787278973515 -0.00067695825409084111 -0.00036929284263032436 0.00030259185047391986 -0.0005101100557214094 -0.00047246805689694725 0.00013631498289015101
leaf_weight=26 33 29 25 404 26 40 166
leaf_count=26 33 29 25 404 26 40 166
internal_value=0.000393859 0.00116498 -0.0087931 0.00160121 0.00185535 0.00213115 0.000145631
internal_weight=749 691 58 662 636 610 206
internal_count=749 691 58 662 636 610 206
is_linear=0
shrinkage=0.05


Tree=11
num_leaves=8
num_cat=0
split_feature=14 5 9 15 10 8 8
split_gain=1.43354 0.94291 0.739024 0.664714 0.520838 0.508003 0.420813
threshold=0.13936216153879713 0.033754304346080392 0.27160296588191252 -0.007618643659655088 -0.0027475813947746004 0.015474018595293295 -0.15318568769087995
decision_type=2 2 10 2 2 8 10
left_child=1 2 6 -3 -4 -5 -1
right_child=-2 3 4 5 -6 -7 -8
leaf_value=-3.6494549448236075e-05 -0.00086132116784325705 0.00050016973190000324 -0.00025844867227212619 -0.0012945230448649365 -3.0408359017718462e-05 -0.00035572801815474532 0.00026738600535276054
leaf_weight=39 29 26 26 27 76 44 480
leaf_count=39 29 26 26 27 76 44 480
internal_value=0.000381526 0.000821727 0.00153784 -0.00376289 -0.00235294 -0.00626761 0.0023025
internal_weight=747 718 621 97 102 71 519
internal_count=747 718 621 97 102 71 519
is_linear=0
shrinkage=0.05


Tree=12
num_leaves=8
num_cat=0
split_feature=5 6 15 3 4 12 0
split_gain=1.1213 0.934417 0.842546 1.47571 0.387621 0.383177 0.887614
threshold=0.02602479394805356 1.6946932398365109 -0.001732310717528107 0.00079045279123834977 0.05998892110724207 0.035394075274519328 0.004900259923744322
decision_type=2 2 2 2 2 2 2
left_child=5 2 3 -2 -4 -1 -7
right_child=1 -3 4 -5 -6 6 -8
leaf_value=0.00023869454454735029 -6.2580719369793464e-06 -0.0015893469712191209 0.00020117011765897832 -0.0011234905901759923 -0.00015908978108045548 -0.000353721474363109 0.00056962182569735215
leaf_weight=285 86 25 130 42 37 66 63
leaf_count=285 86 25 130 42 37 66 63
internal_value=0.000504087 -0.00171875 -0.000932203 -0.00398437 0.00140719 0.00222222 -3.87595e-05
internal_weight=734 320 295 128 167 414 129
internal_count=734 320 295 128 167 414 129
is_linear=0
shrinkage=0.05


Tree=13
num_leaves=8
num_cat=0
split_feature=5 8 1 14 14 6 3
split_gain=0.814757 0.725898 0.687837 0.649913 1.86362 0.547932 0.308446
threshold=0.033124897528685436 0.015474018595293295 0.031344992875550044 0.024414321868059811 0.042440575684467692 0.53300870273823986 -0.013123288255537489
decision_type=2 8 2 2 2 2 2
left_child=3 -2 -3 6 -5 -6 -1
right_child=1 2 -4 4 5 -7 -8
leaf_value=-1.9468060996583236e-05 -0.0013071099547758475 0.00026300748769778802 -0.00040418464699076129 -0.00051887889116361671 0.00039054087853401413 -0.00048719456270533392 0.00028260597039579525
leaf_weight=56 45 42 26 47 101 34 394
leaf_count=56 45 42 26 47 101 34 394
internal_value=0.000503356 -0.00340708 -0.000147059 0.00120253 -0.00131868 0.00166667 0.00222222
internal_weight=745 113 68 632 182 135 450
internal_count=745 113 68 632 182 135 450
is_linear=0
shrinkage=0.05


Tree=14
num_leaves=8
num_cat=0
split_feature=5 8 2 8 8 2 8
split_gain=1.28975 1.58209 1.3297 0.927933 0.854329 1.15568 0.399333
threshold=0.024616177290432795 -0.084303072730541093 -0.11323660367042913 0.10562272575718214 0.16721166741777918 0.32932470292482691 0.16721166741777918
decision_type=2 8 2 10 10 2 10
left_child=6 2 -2 -3 -5 -6 -1
right_child=1 3 -4 4 5 -7 -8
leaf_value=0.00032684644726067641 -0.0003012504605480039 0.00016668808191161298 -0.0006715821262582545 -0.0005976469648375656 0.00060222791837576486 -0.00069783168213451282 -0.0001088096215888268
leaf_weight=284 46 215 28 38 45 38 25
leaf_count=284 46 215 28 38 45 38 25
internal_value=0.000618915 -0.00121951 -0.00783784 0.000238095 -0.00326446 -0.000421687 0.00305825
internal_weight=719 410 74 336 121 83 309
internal_count=719 410 74 336 121 83 309
is_linear=0
shrinkage=0.05


Tree=15
num_leaves=8
num_cat=0
split_feature=14 16 9 7 3 10 1
split_gain=1.04052 0.81497 0.611372 0.797644 1.10962 1.16615 0.308644
threshold=0.13936216153879713 0.04727146508923908 0.088842287404548484 0.041840644195314421 0.00079045279123834977 0.0012830359695055196 0.11770415784575307
decision_type=2 2 10 2 2 2 2
left_child=1 2 -1 4 -4 -6 -5
right_child=-2 -3 3 6 5 -7 -8
leaf_value=0.0001864129966493819 -0.000731602860512287 -0.00067158819795317076 0.00025648084090382038 0.00021299818222301716 -0.0026406002820743187 -0.00010928239613884669 -0.001089049925320574
leaf_weight=463 29 41 44 88 25 28 25
leaf_count=463 29 41 44 88 25 28 25
internal_value=0.000491252 0.000868348 0.00128529 -0.000952381 -0.00427835 -0.00915094 0.00190266
internal_weight=743 714 673 210 97 53 113
internal_count=743 714 673 210 97 53 113
is_linear=0
shrinkage=0.05


Tree=16
num_leaves=8
num_cat=0
split_feature=4 7 7 0 13 13 0
split_gain=1.13002 0.804103 0.680102 0.705164 0.548428 0.790807 0.837843
threshold=0.064517572249654806 -0.065675175046854148 0.2080449234185863 0.004900259923744322 19.520000457763675 18.675000190734867 -0.0032717343413397044
decision_type=2 2 2 2 2 2 2
left_child=2 -2 3 4 5 6 -1
right_child=1 -3 -4 -5 -6 -7 -8
leaf_value=0.00015473270372546162 -0.00010707483110325451 -0.00072250417267251724 -0.00064954006249725227 0.00030191860712565019 0.00023255246999640572 -0.0002738954613293615 -0.00028963927455642773
leaf_weight=219 27 25 25 289 79 29 64
leaf_count=219 27 25 25 289 79 29 64
internal_value=0.000574637 -0.00653846 0.00109929 0.00139706 1.27879e-05 -0.000929487 -0.000123675
internal_weight=757 52 705 680 391 312 283
internal_count=757 52 705 680 391 312 283
is_linear=0
shrinkage=0.05


Tree=17
num_leaves=8
num_cat=0
split_feature=4 7 9 12 14 3 14
split_gain=0.947648 0.742502 0.651232 0.498347 0.367054 1.07184 0.51966
threshold=0.064517572249654806 -0.065675175046854148 0.27160296588191252 0.024521717099064925 0.024414321868059811 0.0057651508365135226 0.042440575684467692
decision_type=2 2 10 2 2 2 2
left_child=2 -2 4 -4 -1 6 -6
right_child=1 -3 3 -5 5 -7 -8
leaf_value=0.00022087744700303647 9.0062053790869456e-05 -0.00064413127611192362 5.2206883073118029e-05 -0.00090674671822867548 -0.00032373669441680339 -0.00043924615978030028 0.00021250468897204513
leaf_weight=409 31 28 69 45 29 36 99
leaf_count=409 31 28 69 45 29 36 99
internal_value=0.000911528 -0.00516949 0.00143377 -0.00201754 0.00212042 0.000121951 0.00226563
internal_weight=746 59 687 114 573 164 128
internal_count=746 59 687 114 573 164 128
is_linear=0
shrinkage=0.05


Tree=18
num_leaves=8
num_cat=0
split_feature=14 2 10 8 2 9 9
split_gain=1.2355 0.584634 0.903318 0.663158 1.04984 0.492119 0.42454
threshold=0.13518549268873961 0.32932470292482691 0.0011530203210341485 -0.084303072730541093 -0.075207146830889068 -0.066123313632345068 0.080513744777689925
decision_type=2 2 2 8 2 10 10
left_child=1 3 -3 4 5 -1 -5
right_child=-2 2 -4 6 -6 -7 -8
leaf_value=0.00015869758149447769 -0.00043626498907683043 -0.00070538309606539432 3.638583122595532e-05 0.00039085785333144597 -0.00028850972778405275 -0.00057028102357321441 3.2589222349737556e-05
leaf_weight=70 32 25 31 325 25 38 207
leaf_count=70 32 25 31 325 25 38 207
internal_value=0.000551129 0.000977809 -0.00392857 0.00139098 -0.00176692 0.000370371 0.00218045
internal_weight=753 721 56 665 133 108 532
internal_count=753 721 56 665 133 108 532
is_linear=0
shrinkage=0.05


Tree=19
num_leaves=8
num_cat=0
split_feature=5 8 9 3 16 1 8
split_gain=0.9439 0.977295 0.730243 0.525 0.516813 1.10139 0.496954
threshold=0.033124897528685436 0.015474018595293295 0.27160296588191252 0.0023642713074623072 0.0093992013516984736 -0.005224686007650802 -0.15318568769087995
decision_type=2 8 10 2 2 2 10
left_child=2 -2 6 -3 5 -4 -1
right_child=1 3 4 -5 -6 -7 -8
leaf_value=-6.0890349175516898e-05 -0.0015251560514477841 0.00046583046152482685 0.00022895763427660572 -0.00041586726350423909 0.00015432865426243388 -0.00025130480481510089 0.00018740103004896491
leaf_weight=43 45 30 27 40 51 28 475
leaf_count=43 45 30 27 40 51 28 475
internal_value=0.000466847 -0.00369565 0.00123397 1.86265e-10 -0.00254717 -0.00590909 0.00200772
internal_weight=739 115 624 70 106 55 518
internal_count=739 115 624 70 106 55 518
is_linear=0
shrinkage=0.05


Tree=20
num_leaves=8
num_cat=0
split_feature=14 16 12 0 10 13 9
split_gain=0.907392 0.64902 0.53476 0.842696 2.09114 0.511971 0.685741
threshold=0.13936216153879713 0.04727146508923908 0.041026522292009988 0.004900259923744322 0.0038486575209699674 16.164999961853031 0.13527248457731125
decision_type=2 2 2 2 2 2 10
left_child=1 2 5 4 -4 -1 -7
right_child=-2 -3 3 -5 -6 6 -8
leaf_value=0.00037291876890006354 -0.00042852912662494342 -0.00063172828765029412 0.00037691286901431621 0.00018872783306422749 -0.0012506412558685647 0.00013688816930910831 -0.00020801362052827075
leaf_weight=246 31 38 48 63 25 216 84
leaf_count=246 31 38 48 63 25 216 84
internal_value=0.000472703 0.000833334 0.00118768 -0.00161765 -0.00527397 0.00188645 0.0005
internal_weight=751 720 682 136 73 546 300
internal_count=751 720 682 136 73 546 300
is_linear=0
shrinkage=0.05


Tree=21
num_leaves=8
num_cat=0
split_feature=14 7 16 0 0 0 16
split_gain=1.07588 0.592114 0.549835 0.512534 0.411069 0.40174 0.76485
threshold=0.13518549268873961 0.21601628694736855 0.048807502746428318 0.0043055782204965984 0.025409535447514457 -0.0032717343413397044 -0.00080951662878547815
decision_type=2 2 2 2 2 2 2
left_child=1 2 3 5 -5 -1 -7
right_child=-2 -3 -4 4 -6 6 -8
leaf_value=0.00011804351394828489 -0.00037812827364325425 -0.00055778984106950663 -0.00034812280954356692 0.0004397804346797313 4.5740521860443428e-05 -0.00024140535794204103 3.4251409298824801e-05
leaf_weight=289 34 26 28 161 136 27 47
leaf_count=289 34 26 28 161 136 27 47
internal_value=0.000454546 0.000868348 0.00114826 0.00143939 0.0029798 0.000179064 -0.00310811
internal_weight=748 714 688 660 297 363 74
internal_count=748 714 688 660 297 363 74
is_linear=0
shrinkage=0.05


Tree=22
num_leaves=8
num_cat=0
split_feature=16 11 1 8 7 11 0
split_gain=1.15153 0.789429 0.629345 0.569818 0.422552 1.71506 1.91005
threshold=0.04727146508923908 -0.01368273436962064 -0.022133587446739874 0.32286894752746848 -0.0082558309921806333 0.011634039633228179 -0.00043149144924176092
decision_type=2 2 2 8 2 2 2
left_child=1 2 -1 4 5 -3 -7
right_child=-2 3 -4 -5 -6 6 -8
leaf_value=-0.00026876513587996805 -0.00065662506706238286 0.00025785352335361338 -0.00046966595139672678 -0.00019634530357084848 0.00024104819181860164 -0.0019947211657804268 0.00040070966574607422
leaf_weight=90 32 161 27 36 333 36 27
leaf_count=90 32 161 27 36 333 36 27
internal_value=0.000215634 0.000633803 -0.00311966 0.00137437 0.0017684 8.92859e-05 -0.00690476
internal_weight=742 710 117 593 557 224 63
internal_count=742 710 117 593 557 224 63
is_linear=0
shrinkage=0.05


Tree=23
num_leaves=8
num_cat=0
split_feature=14 5 1 3 3 5 14
split_gain=0.824364 0.394583 0.560147 0.422915 1.03152 0.47343 0.397378
threshold=0.13518549268873961 0.026517174273910243 0.093020801272984524 0.0085984720690815992 0.0023642713074623072 0.028281888607938496 0.0250539094836888
decision_type=2 2 2 2 2 2 2
left_child=1 6 3 4 5 -3 -1
right_child=-2 2 -4 -5 -6 -7 -8
leaf_value=0.00022077532116698197 -0.00035343272674975466 -0.00040775149650154922 -0.0002339672963031645 0.0001073395393052182 -0.00090296592020797225 0.00027037378167212587 -2.5626988215456712e-05
leaf_weight=320 33 25 48 87 32 90 116
leaf_count=320 33 25 48 87 32 90 116
internal_value=0.000605859 0.000961003 -0.000496454 0.000512821 -0.00112245 0.00108696 0.00190367
internal_weight=751 718 282 234 147 115 436
internal_count=751 718 282 234 147 115 436
is_linear=0
shrinkage=0.05


Tree=24
num_leaves=8
num_cat=0
split_feature=14 6 6 6 8 5 15
split_gain=0.758868 0.496288 0.343684 0.717726 0.870609 0.416973 0.428044
threshold=0.13936216153879713 1.977469019904426 0.86287118738276869 0.36214505730624807 -0.03050340511112631 0.033124897528685436 0.0072179011850828098
decision_type=2 2 2 2 10 2 2
left_child=1 2 3 5 -5 -1 -7
right_child=-2 -3 -4 4 -6 6 -8
leaf_value=0.00011481455035811821 -0.00057485173511859461 -0.00077888053603968716 0.00040957492769994898 0.00023498412451092044 -0.00050985734595395023 -0.00067497708210823937 0.00022758218103128072
leaf_weight=434 29 37 108 27 41 46 27
leaf_count=434 29 37 108 27 41 46 27
internal_value=0.000861148 0.00118056 0.00148609 0.001 -0.00382353 0.00164694 -0.00184931
internal_weight=749 720 683 575 68 507 73
internal_count=749 720 683 575 68 507 73
is_linear=0
shrinkage=0.05


Tree=25
num_leaves=8
num_cat=0
split_feature=7 14 16 9 13 3 10
split_gain=0.841792 0.846909 0.917275 0.371171 0.412767 0.636021 1.02134
threshold=0.2080449234185863 0.13936216153879713 0.04727146508923908 0.080513744777689925 16.164999961853031 -0.0022522073805750771 0.0035414662136331603
decision_type=2 2 2 10 2 2 2
left_child=1 2 3 -1 -5 -6 -7
right_child=-2 -3 -4 4 5 6 -8
leaf_value=0.00015038941902516788 -0.00044993117512127223 -0.00065499185636035909 -0.0002703852197478988 0.0002188160284509001 0.00025841788295510263 -0.0014712601879325118 3.5960265994696329e-05
leaf_weight=451 27 28 28 99 54 39 31
leaf_count=451 27 28 28 99 54 39 31
internal_value=0.000706737 0.0010274 0.00136752 0.00173591 6.72648e-05 -0.00185484 -0.005
internal_weight=757 730 702 674 223 124 70
internal_count=757 730 702 674 223 124 70
is_linear=0
shrinkage=0.05


end of trees

feature_importances:
dist_ma50=29
vix_chg_1d=21
dist_ma200=16
dist_ma20=14
atr_pct=12
parkinson_20=12
overnight_gap=11
dvol_z_20=11
ret_1d=10
spy_ret_1d=10
sector_ret_5d=8
spy_ret_5d=6
ret_5d=5
vix_level=5
ret_20d=4
spy_ret_20d=4
sector_ret_1d=4

parameters:
[boosting: gbdt]
[objective: quantile]
[metric: quantile]
[tree_learner: serial]
[device_type: cpu]
[data_sample_strategy: bagging]
[data: ]
[valid: ]
[num_iterations: 80]
[learning_rate: 0.05]
[num_leaves: 8]
[num_threads: 1]
[seed: 0]
[deterministic: 0]
[force_col_wise: 1]
[force_row_wise: 0]
[histogram_pool_size: -1]
[max_depth: -1]
[min_data_in_leaf: 25]
[min_sum_hessian_in_leaf: 0.001]
[bagging_fraction: 0.9]
[pos_bagging_fraction: 1]
[neg_bagging_fraction: 1]
[bagging_freq: 1]
[bagging_seed: 3]
[bagging_by_query: 0]
[feature_fraction: 0.9]
[feature_fraction_bynode: 1]
[feature_fraction_seed: 2]
[extra_trees: 0]
[extra_seed: 6]
[early_stopping_round: 0]
[early_stopping_min_delta: 0]
[first_metric_only: 0]
[max_delta_step: 0]
[lambda_l1: 0]
[lambda_l2: 0]
[linear_lambda: 0]
[min_gain_to_split: 0]
[drop_rate: 0.1]
[max_drop: 50]
[skip_drop: 0.5]
[xgboost_dart_mode: 0]
[uniform_drop: 0]
[drop_seed: 4]
[top_rate: 0.2]
[other_rate: 0.1]
[min_data_per_group: 100]
[max_cat_threshold: 32]
[cat_l2: 10]
[cat_smooth: 10]
[max_cat_to_onehot: 4]
[top_k: 20]
[monotone_constraints: ]
[monotone_constraints_method: basic]
[monotone_penalty: 0]
[feature_contri: ]
[forcedsplits_filename: ]
[refit_decay_rate: 0.9]
[cegb_tradeoff: 1]
[cegb_penalty_split: 0]
[cegb_penalty_feature_lazy: ]
[cegb_penalty_feature_coupled: ]
[path_smooth: 0]
[interaction_constraints: ]
[verbosity: -1]
[saved_feature_importance_type: 0]
[use_quantized_grad: 0]
[num_grad_quant_bins: 4]
[quant_train_renew_leaf: 0]
[stochastic_rounding: 1]
[linear_tree: 0]
[max_bin: 255]
[max_bin_by_feature: ]
[min_data_in_bin: 3]
[bin_construct_sample_cnt: 200000]
[data_random_seed: 1]
[is_enable_sparse: 1]
[enable_bundle: 1]
[use_missing: 1]
[zero_as_missing: 0]
[feature_pre_filter: 1]
[pre_partition: 0]
[two_round: 0]
[header: 0]
[label_column: ]
[weight_column: ]
[group_column: ]
[ignore_column: ]
[categorical_feature: ]
[forcedbins_filename: ]
[precise_float_parser: 0]
[parser_config_file: ]
[objective_seed: 5]
[num_class: 1]
[is_unbalance: 0]
[scale_pos_weight: 1]
[sigmoid: 1]
[boost_from_average: 1]
[reg_sqrt: 0]
[alpha: 0.1]
[fair_c: 1]
[poisson_max_delta_step: 0.7]
[tweedie_variance_power: 1.5]
[lambdarank_truncation_level: 30]
[lambdarank_norm: 1]
[label_gain: ]
[lambdarank_position_bias_regularization: 0]
[eval_at: ]
[multi_error_top_k: 1]
[auc_mu_weights: ]
[num_machines: 1]
[local_listen_port: 12400]
[time_out: 120]
[machine_list_filename: ]
[machines: ]
[gpu_platform_id: -1]
[gpu_device_id: -1]
[gpu_device_id_list: ]
[gpu_use_dp: 0]
[num_gpu: 1]

end of parameters

pandas_categorical:[]
