tree
version=v4
num_class=1
num_tree_per_iteration=1
label_index=0
max_feature_idx=16
objective=quantile
feature_names=ret_1d ret_5d ret_20d overnight_gap atr_pct parkinson_20 dvol_z_20 dist_ma20 dist_ma50 dist_ma200 spy_ret_1d spy_ret_5d spy_ret_20d vix_level vix_chg_1d sector_ret_1d sector_ret_5d
feature_infos=[-0.073915175288060797:0.10094231867504266] [-0.13618117094599713:0.16386401688869467] [-0.20914338796363885:0.230488299743] [-0.070612029546254007:0.050221099178774375] [0.014741013195813727:0.050661555325958257] [0.0088461284414540643:0.02721128226936009] [-2.1610549415672904:4.2203015912790667] [-0.16107629387707068:0.13557724329846876] [-0.18314697194981844:0.19494963690500433] [-0.34586766739450003:0.36492327649432243] [-0.058542947643003718:0.10501933612632941] [-0.11496158439845272:0.082843216242346029] [-0.12265592443394913:0.15756596870864792] [11.859999656677246:52.330001831054688] [-0.35753873962348437:0.74039073966007019] [-0.054845245580940394:0.043465182734245822] [-0.079035682487500813:0.068782287822878097]
tree_sizes=863 858 856 856 840 854 848 858 854 864 862 855 848 850 852 872 861 856 858 862 856 867 854 861 850 854 863 864 858 860 864 863 858 854 867 853 863 848 857 846 855 857 856 842 861 871 865 855 859 863 852 869 849 859 857 862 860 858 866 858 860 859 856 867 862 853 864 852 844 860 863 856 865 858 866 859 855 858 863 855

Tree=0
num_leaves=8
num_cat=0
split_feature=4 14 15 6 4 9 6
split_gain=2.29874 2.08071 3.58589 1.4304 1.95078 2.73429 1.78673
threshold=0.025029866805796362 -0.0066427814256201914 -0.0035762345761679022 -0.59438038761791956 0.021579143205324895 -0.11423059585686278 -1.0101822412636066
decision_type=2 2 2 2 2 10 2
left_child=3 2 -2 6 5 -5 -1
right_child=1 -3 -4 4 -6 -7 -8
leaf_value=-0.00068554181489162143 -0.00078723291517235339 -0.00011423668474890291 -0.00026629658532328904 -0.00028887970547657459 -0.00065179432858712976 -0.00069918911322019994 -0.00018404325819574294
leaf_weight=28 52 205 169 93 106 26 71
leaf_count=28 52 205 169 93 106 26 71
internal_value=-0.000420198 0.00199389 -0.00137163 -0.00359427 -0.00579798 -0.00140395 0.00141414
internal_weight=750 426 221 324 225 119 99
internal_count=750 426 221 324 225 119 99
is_linear=0
shrinkage=1


Tree=1
num_leaves=8
num_cat=0
split_feature=4 7 2 9 12 12 14
split_gain=1.92307 1.90775 2.41521 2.06339 1.64466 1.52578 1.50191
threshold=0.025029866805796362 -0.0052500588616288804 0.047786784410080892 -0.050389315792160987 -0.031709491768756808 0.012058038657318472 -0.036136320679139293
decision_type=2 2 2 10 2 2 2
left_child=6 3 5 4 -2 -3 -1
right_child=1 2 -4 -5 -6 -7 -8
leaf_value=2.3331486008828509e-05 -0.00022162559762364256 4.0945609507616601e-05 0.00012303686380619184 0.00040918257291195915 0.00010167668777285144 -0.00057311794807901606 -0.00017105896389693956
leaf_weight=85 28 38 101 68 122 51 241
leaf_count=85 28 38 101 68 122 51 241
internal_value=-0.00020436 0.00208333 -0.00157895 0.00527523 0.002 -0.00758427 -0.00306748
internal_weight=734 408 190 218 150 89 326
internal_count=734 408 190 218 150 89 326
is_linear=0
shrinkage=0.05


Tree=2
num_leaves=8
num_cat=0
split_feature=4 14 8 0 6 9 11
split_gain=2.20991 2.16056 2.49644 2.05569 1.98396 1.64776 1.3685
threshold=0.025029866805796362 -0.0066427814256201914 0.018434144785163368 0.022284123700412887 0.062012512511049743 -0.047517921252548993 0.011995424510659937
decision_type=2 2 8 2 2 10 2
left_child=6 3 5 -2 -4 -3 -1
right_child=1 2 4 -5 -6 -7 -8
leaf_value=-4.9166492761287378e-05 1.5865641915297604e-05 0.00016755147110961843 -0.00015121260918385816 -0.00049236690516409 0.00034848818926548121 0.00052148137539916202 -0.00015317839592898964
leaf_weight=229 180 85 53 28 38 39 97
leaf_count=229 180 85 53 28 38 39 97
internal_value=-0.000433912 0.00195035 0.00546512 -0.00168269 -0.000824176 0.0100806 -0.00352761
internal_weight=749 423 215 208 91 124 326
internal_count=749 423 215 208 91 124 326
is_linear=0
shrinkage=0.05


Tree=3
num_leaves=8
num_cat=0
split_feature=6 4 3 14 4 7 10
split_gain=1.74103 1.42502 2.02766 2.65941 1.90856 1.78655 2.52542
threshold=2.2855269990146492 0.030506391111069436 -0.0011390570374174567 -0.012700650003930223 0.032541457200744812 -0.025468454729458131 0.0079281372903893272
decision_type=2 2 2 2 2 2 2
left_child=1 5 3 -3 -4 6 -1
right_child=-2 2 4 -5 -6 -7 -8
leaf_value=-1.3494739435918742e-05 0.00045678425183396032 -0.00064372584522825495 0.0002872309885455252 0.00028108674035102013 5.3930358029174389e-05 -0.00013187758788590147 0.00019651705705437053
leaf_weight=126 37 29 40 32 49 405 25
leaf_count=126 37 29 40 32 49 405 25
internal_value=-0.000437416 -0.000991501 0.00333333 -0.00368852 0.00814607 -0.00215827 0.00248344
internal_weight=743 706 150 61 89 556 151
internal_count=743 706 150 61 89 556 151
is_linear=0
shrinkage=0.05


Tree=4
num_leaves=8
num_cat=0
split_feature=6 4 7 2 14 5 8
split_gain=1.89946 1.65904 3.49842 2.2222 2.05781 1.57865 1.25549
threshold=1.8190227518033757 0.025147498790586746 -0.0039572782654498364 0.05601405904862234 -0.013287751267225366 0.019116739789965812 0.04050674911319508
decision_type=2 2 2 2 2 2 8
left_child=1 6 4 -4 -3 -5 -1
right_child=-2 2 3 5 -6 -7 -8
leaf_value=-5.6873796756390224e-05 0.000385159691311892 5.0836512821024387e-06 -0.00028542256904254829 0.0002798539275843541 0.00023619528105462453 -0.00014782331613079805 -0.00024061465855758802
leaf_weight=239 51 94 98 37 111 51 65
leaf_count=239 51 94 98 37 111 51 65
internal_value=0 -0.000683453 0.00147059 -0.00349462 0.00597561 0.00227273 -0.00345395
internal_weight=746 695 391 186 205 88 304
internal_count=746 695 391 186 205 88 304
is_linear=0
shrinkage=0.05


Tree=5
num_leaves=8
num_cat=0
split_feature=4 0 0 7 9 6 9
split_gain=1.46764 2.06776 1.83029 1.60337 1.85866 1.63745 2.1097
threshold=0.025029866805796362 -0.028452765018609213 0.019556236420620769 -0.0037633154301664469 -0.17819733577329991 -0.43370735722444637 -0.25774792260551971
decision_type=2 2 2 2 10 2 10
left_child=-1 -2 3 4 5 -3 -7
right_child=1 2 -4 -5 -6 6 -8
leaf_value=-8.3993901868733699e-05 -0.00041038187114128874 0.00019104140016356816 -0.00010515597151051316 4.0621700600732766e-05 0.00026586824705456002 8.2493224595654965e-05 -0.00031348254983734614
leaf_weight=315 32 31 62 139 103 30 25
leaf_count=315 32 31 62 139 103 30 25
internal_value=0.000915875 0.0028436 0.00384615 0.00533537 0.00833333 0.00290698 -0.00227273
internal_weight=737 422 390 328 189 86 55
internal_count=737 422 390 328 189 86 55
is_linear=0
shrinkage=0.05


Tree=6
num_leaves=8
num_cat=0
split_feature=6 14 8 9 7 3 0
split_gain=1.65924 1.2926 2.39604 1.58592 1.83417 1.58025 1.54545
threshold=2.6046852699656369 0.083142255535003332 0.081874675841720826 -0.057036516665916075 -0.0060045680525822589 0.00010824815056553751 -0.0023516958242347781
decision_type=2 2 8 10 2 2 2
left_child=1 2 3 -1 -5 -3 -6
right_child=-2 5 -4 4 6 -7 -8
leaf_value=-5.7977017264188178e-05 0.00043652059242564037 0.00020364803969265762 -0.00037180714176063344 0.00036371182733406775 -0.00042187833619122838 -0.00032383904798425787 0.00020665864115039287
leaf_weight=416 32 54 63 52 36 27 66
leaf_count=416 32 54 63 52 36 27 66
internal_value=-0.000201072 -0.00070028 -0.0014613 -0.000438596 0.0038961 0.00524691 0
internal_weight=746 714 633 570 154 81 102
internal_count=746 714 633 570 154 81 102
is_linear=0
shrinkage=0.05


Tree=7
num_leaves=8
num_cat=0
split_feature=4 14 15 0 8 5 7
split_gain=1.95352 1.80999 2.20659 3.41285 2.11761 1.45548 1.45064
threshold=0.025029866805796362 -0.0066427814256201914 -0.0035762345761679022 0.01254268849743201 0.018434144785163368 0.019849700999476038 0.012475974561605209
decision_type=2 2 2 2 8 2 2
left_child=6 2 -2 5 -3 -4 -1
right_child=1 4 3 -5 -6 -7 -8
leaf_value=-0.00013912180636666978 -0.00050590362518438043 0.000224728090357599 0.00019502970365066193 -0.00013952637437965752 -5.1109612765350942e-07 -4.0431640080049245e-05 4.7191968453885868e-05
leaf_weight=242 46 121 73 53 95 40 75
leaf_count=242 46 121 73 53 95 40 75
internal_value=-0.000100671 0.0021028 -0.00117925 0.00150602 0.00532407 0.00641593 -0.00307571
internal_weight=745 428 212 166 216 113 317
internal_count=745 428 212 166 216 113 317
is_linear=0
shrinkage=0.05


Tree=8
num_leaves=8
num_cat=0
split_feature=6 12 0 0 4 14 2
split_gain=1.42908 1.58073 2.13223 1.75159 1.92842 1.89072 1.8743
threshold=2.2855269990146492 0.037030604996718515 0.0061402909127591396 0.019793516536978365 0.030809056185107608 -0.0080681674930397889 -0.053841647618676373
decision_type=2 2 2 2 2 2 2
left_child=1 3 -3 4 6 -6 -1
right_child=-2 2 -4 -5 5 -7 -8
leaf_value=6.794066524947289e-05 0.00039470112172612805 -5.4058311212702837e-06 0.0002960431332389765 -0.00016077660151862534 -9.1559931999761067e-05 0.00034598118282052514 -0.00013279497770636567
leaf_weight=111 41 116 64 57 52 58 265
leaf_count=111 41 116 64 57 52 58 265
internal_value=6.5445e-05 -0.000449516 0.00361111 -0.00179558 -0.000823045 0.005 -0.0025266
internal_weight=764 723 180 543 486 110 376
internal_count=764 723 180 543 486 110 376
is_linear=0
shrinkage=0.05


Tree=9
num_leaves=8
num_cat=0
split_feature=13 10 12 0 14 14 4
split_gain=2.29759 1.40342 2.25682 2.22255 1.616 2.56027 1.86669
threshold=24.779999732971195 0.0079281372903893272 0.060736863464118891 0.010871526943352363 -0.014609583018452553 -0.02817624153510306 0.025226024395397971
decision_type=2 2 2 2 2 2 2
left_child=1 2 4 -3 5 -1 -6
right_child=-2 3 -4 -5 6 -7 -8
leaf_value=-7.1999617267070627e-05 0.00038740625565678586 0.0001877653782361963 0.00031198538187008517 -9.6348564366275901e-05 -0.00012983050341751245 -0.00029310149828121863 7.2632596659496745e-05
leaf_weight=115 38 72 44 50 178 57 190
leaf_count=115 38 72 44 50 178 57 190
internal_value=-0.000134409 -0.000779037 -0.00179795 0.00409836 -0.00268519 -0.00668605 -0.000815217
internal_weight=744 706 584 122 540 172 368
internal_count=744 706 584 122 540 172 368
is_linear=0
shrinkage=0.05


Tree=10
num_leaves=8
num_cat=0
split_feature=10 8 6 6 0 10 7
split_gain=1.39092 1.47203 1.94807 2.12201 1.94994 1.64096 2.22057
threshold=-0.0036396197641281876 0.081874675841720826 0.45204433684385398 1.1465015130757255 0.017351076383903988 0.0092143368425633438 0.040152783855549996
decision_type=2 8 2 2 2 2 2
left_child=-1 2 4 -4 5 6 -2
right_child=1 -3 3 -5 -6 -7 -8
leaf_value=0.00013367026886286414 -0.00011284916147900493 -0.00033701567005483825 0.00038023412240841101 -5.2402051018120356e-05 -0.00010350817086934176 0.00010949077005216771 0.00025793791412825662
leaf_weight=184 268 60 59 55 42 52 29
leaf_count=184 268 60 59 55 42 52 29
internal_value=0.000300401 -0.000929204 -4.9505e-05 0.00570175 -0.00172634 -0.000501433 -0.00193603
internal_weight=749 565 505 114 391 349 297
internal_count=749 565 505 114 391 349 297
is_linear=0
shrinkage=0.05


Tree=11
num_leaves=8
num_cat=0
split_feature=8 2 0 16 9 11 7
split_gain=1.39639 2.04929 1.29675 1.38947 1.96462 1.8332 1.48463
threshold=0.039812932842247746 0.058635850573494859 -0.026156356966292201 0.019366013425729526 -0.10256775269731648 0.01613839302739695 -0.0060045680525822589
decision_type=8 2 2 2 10 2 2
left_child=1 2 -1 4 -4 -5 -6
right_child=-2 -3 3 5 6 -7 -8
leaf_value=-0.00020759213658215906 -8.4758772925316297e-05 0.00043721980938043732 1.2566988496508226e-05 -0.00039016770013010924 0.00033164918612858081 2.3850207707619042e-05 1.7102051669412357e-05
leaf_weight=38 212 29 293 26 70 35 44
leaf_count=38 212 29 293 26 70 35 44
internal_value=0.000368139 0.00172897 0.000988142 0.0017094 0.00276413 -0.00532787 0.00833333
internal_weight=747 535 506 468 407 61 114
internal_count=747 535 506 468 407 61 114
is_linear=0
shrinkage=0.05


Tree=12
num_leaves=8
num_cat=0
split_feature=6 1 6 4 13 6 1
split_gain=1.19433 1.51502 1.35373 1.46886 1.64628 1.234 1.75487
threshold=-0.6463425830374766 -0.035804601705490095 2.2855269990146492 0.027932952062375473 13.744999885559084 -0.39912358924210406 -0.024962404248125899
decision_type=2 2 2 2 2 2 2
left_child=1 -1 3 4 -2 -5 -7
right_child=2 -3 -4 5 -6 6 -8
leaf_value=0.00032374053323778275 1.4693843072865443e-05 8.6310894028030567e-05 0.00028919054888109524 -0.00016661977631613368 -0.00012937289030694678 -0.00016353707521637713 0.00023340456381192853
leaf_weight=28 68 172 36 42 233 50 105
leaf_count=28 68 172 36 42 233 50 105
internal_value=0.00020436 0.0035 -0.00102996 -0.00170683 -0.00390365 0.00164975 0.00370968
internal_weight=734 200 534 498 301 197 155
internal_count=734 200 534 498 301 197 155
is_linear=0
shrinkage=0.05


Tree=13
num_leaves=8
num_cat=0
split_feature=6 12 6 0 13 0 1
split_gain=1.04169 1.91881 1.62075 1.611 1.69108 1.30797 1.49612
threshold=0.49890527802124701 0.037030604996718515 0.62483559703836278 0.019793516536978365 24.779999732971195 0.0061402909127591396 0.017702171237094947
decision_type=2 2 2 2 2 2 2
left_child=1 3 -2 4 -1 6 -3
right_child=2 5 -4 -5 -6 -7 -8
leaf_value=-8.2476808723885888e-05 0.00035808277103712539 0.00013138364409797783 5.4096010350552997e-06 -0.00020397673126859117 0.0003526937497829547 0.00030498864854057342 -0.00025174511308574037
leaf_weight=369 28 66 149 34 27 46 26
leaf_count=369 28 66 149 34 27 46 26
internal_value=-0.000100671 -0.00114437 0.00324859 -0.0027907 -0.00189394 0.00398551 0.000543478
internal_weight=745 568 177 430 396 138 92
internal_count=745 568 177 430 396 138 92
is_linear=0
shrinkage=0.05


Tree=14
num_leaves=8
num_cat=0
split_feature=16 12 4 0 14 8 4
split_gain=1.17159 1.35152 1.68919 1.60319 1.81818 1.69329 1.30828
threshold=-0.01807387999690396 -0.038043890036369758 0.031169643907256586 -0.01460888525306525 0.025331387226238514 0.082839203068023518 0.0243834375367783
decision_type=2 2 2 2 2 8 2
left_child=6 -2 3 4 -3 -5 -1
right_child=1 2 -4 5 -6 -7 -8
leaf_value=-0.00023019758769067568 -0.00022176590368487993 -0.0003594032157407214 0.00014684327667648111 9.7280443006155906e-06 -3.1451530867708761e-05 -0.00034665201727264227 0.0002372713921997143
leaf_weight=31 43 36 88 381 30 41 69
leaf_count=31 43 36 88 381 30 41 69
internal_value=-0.000521558 -0.00133279 -0.000694444 -0.00184426 -0.00909091 -0.0007109 0.0045
internal_weight=719 619 576 488 66 422 100
internal_count=719 619 576 488 66 422 100
is_linear=0
shrinkage=0.05


Tree=15
num_leaves=8
num_cat=0
split_feature=8 10 8 3 14 8 1
split_gain=1.35606 2.08319 2.04613 1.22507 1.51012 1.19112 2.08998
threshold=0.033855516651480684 -0.0038582878398281113 -0.024544398962602351 -0.0015161514408873476 -0.013287751267225366 -0.048878465318769819 -0.0025579731839271975
decision_type=8 2 10 2 2 10 2
left_child=2 -2 5 -4 -5 6 -1
right_child=1 -3 3 4 -6 -7 -8
leaf_value=-7.3155133788624615e-05 0.00016423859199314356 -0.00017044803297624775 -3.3673972703533789e-05 0.00010844134828947877 0.00033568092900783419 -0.00024154494725741384 9.9544016849724708e-05
leaf_weight=174 44 173 68 66 63 76 79
leaf_count=174 44 173 68 66 63 76 79
internal_value=-0.000706595 -0.00403226 0.000665399 0.00469543 0.00755814 -0.00174772 -9.88142e-05
internal_weight=743 217 526 197 129 329 253
internal_count=743 217 526 197 129 329 253
is_linear=0
shrinkage=0.05


Tree=16
num_leaves=8
num_cat=0
split_feature=6 8 2 0 10 2 8
split_gain=1.29415 1.26452 2.08978 1.41935 1.90446 1.56285 1.85442
threshold=2.4731136575762185 0.039812932842247746 0.058635850573494859 0.018013020302071751 0.0079281372903893272 -0.11328459846312143 -0.025240143868631434
decision_type=2 8 2 2 2 2 10
left_child=1 2 3 4 5 -1 -7
right_child=-2 -3 -4 -5 -6 6 -8
leaf_value=0.00027857587719306594 0.00037340267978198732 -8.8492729681088995e-05 0.00045306538863917943 -6.4079529630251813e-05 0.00013522659763447713 -0.00010193406326150976 7.5105164998750645e-05
leaf_weight=31 33 195 28 54 73 211 132
leaf_count=31 33 195 28 54 73 211 132
internal_value=0.000165125 -0.000276243 0.000992439 0.000249501 0.0011745 -0.00026738 -0.00123907
internal_weight=757 724 529 501 447 374 343
internal_count=757 724 529 501 447 374 343
is_linear=0
shrinkage=0.05


Tree=17
num_leaves=8
num_cat=0
split_feature=5 10 15 11 3 3 9
split_gain=1.10939 1.25478 3.03112 1.83059 1.16602 1.55603 1.2229
threshold=0.010694656349013254 0.00038115432096208496 -0.0038650296162650584 0.015830592814055747 -0.0031866931973289487 -0.00109779712080571 -0.060400176473197724
decision_type=2 2 2 2 2 2 10
left_child=-1 -2 3 -3 -4 -6 -7
right_child=1 2 4 -5 5 6 -8
leaf_value=-0.00021940594102021544 6.5616366685353444e-05 -0.00041271500235538707 -0.00011196269439728369 -5.3588186972662866e-06 0.00039926187162572384 -6.3757566937641195e-05 0.00024217461585751546
leaf_weight=34 315 38 73 25 29 165 67
leaf_count=34 315 38 73 25 29 165 67
internal_value=0 0.000421348 -0.00144836 -0.0115079 0.000449102 0.00201149 0.000646552
internal_weight=746 712 397 63 334 261 232
internal_count=746 712 397 63 334 261 232
is_linear=0
shrinkage=0.05


Tree=18
num_leaves=8
num_cat=0
split_feature=6 6 6 8 12 12 8
split_gain=1.27481 1.33887 2.02741 3.03965 1.30381 1.25502 1.19192
threshold=2.6046852699656369 -0.59438038761791956 -1.0101822412636066 -0.052556671998155162 0.032816284988903439 0.066825608086901869 -0.027608382405098605
decision_type=2 2 2 10 2 2 8
left_child=1 2 -1 -4 -5 6 -3
right_child=-2 5 3 4 -6 -7 -8
leaf_value=-0.00023269046065596015 0.0003662935416980142 -0.00015568825055828022 0.0004126804860463256 -3.4666636683213871e-05 0.00021431970150326848 0.00030588975901976474 -4.3632692349876804e-06
leaf_weight=64 30 204 47 75 30 25 278
leaf_count=64 30 204 47 75 30 25 278
internal_value=-9.96016e-05 -0.000518672 0.00277778 0.00592105 0.00119048 -0.00192308 -0.00248963
internal_weight=753 723 216 152 105 507 482
internal_count=753 723 216 152 105 507 482
is_linear=0
shrinkage=0.05


Tree=19
num_leaves=8
num_cat=0
split_feature=14 3 3 12 8 7 1
split_gain=1.38661 2.55364 2.19368 1.82285 2.07299 1.49957 2.91137
threshold=0.083142255535003332 0.0012589060502689044 -0.0069750013079425957 0.0359090683716582 0.050828155649695679 -0.026256536922715231 -0.0023191089639708613
decision_type=2 2 2 2 8 2 2
left_child=2 -2 -1 5 -5 -4 -7
right_child=1 -3 3 4 -6 6 -8
leaf_value=-0.00026392299936569402 0.00034168134501939319 -0.00027150745729582229 9.5745975703328027e-05 0.00017241310036595218 -0.0001278837652477695 -0.00018179143254859316 4.3105200183591132e-06
leaf_weight=52 55 25 123 138 37 115 194
leaf_count=52 55 25 123 138 37 115 194
internal_value=3.38295e-05 0.00625 -0.000720789 0.000123558 0.00442857 -0.00162037 -0.00347896
internal_weight=739 80 659 607 175 432 309
internal_count=739 80 659 607 175 432 309
is_linear=0
shrinkage=0.05


Tree=20
num_leaves=8
num_cat=0
split_feature=14 13 4 16 14 4 2
split_gain=1.20045 1.86467 1.00694 1.24038 1.43438 1.33109 2.13301
threshold=-0.11544121967691799 24.779999732971195 0.034054874906586853 0.023397377542890511 -0.001242221342315941 0.03287692506993823 0.1000815789749734
decision_type=2 2 2 2 2 2 2
left_child=-1 2 3 5 -5 6 -2
right_child=1 -3 -4 4 -6 -7 -8
leaf_value=-0.00015506768602462529 -1.5444318249658516e-06 0.00037815452360936866 0.00028219717934021307 -0.0003839719456959895 -2.965860941995103e-05 -0.00028748718753544969 0.00029783079998438235
leaf_weight=27 528 37 26 30 34 25 44
leaf_count=27 528 37 26 30 34 25 44
internal_value=0.000166445 0.000552486 -3.63901e-05 -0.000416036 -0.00703125 0.000293132 0.000786713
internal_weight=751 724 687 661 64 597 572
internal_count=751 724 687 661 64 597 572
is_linear=0
shrinkage=0.05


Tree=21
num_leaves=8
num_cat=0
split_feature=8 12 8 2 10 8 12
split_gain=0.920989 1.47059 1.08921 0.977478 2.08257 1.3987 1.46667
threshold=-0.095506939861822224 0.0033715078329863428 -0.084451921512311165 -0.053841647618676373 0.00057746953586101945 -0.024544398962602351 0.030225182467667037
decision_type=8 2 8 2 2 10 2
left_child=1 -1 -2 4 -4 6 -5
right_child=2 -3 3 5 -6 -7 -8
leaf_value=-2.7198957911645011e-05 -0.00015429422459057603 0.00021284036205159755 0.00031828778073787403 -0.00019761582762211523 -1.9275457351648436e-05 2.3183410098087879e-05 3.0921041369599746e-05
leaf_weight=34 39 34 50 110 47 379 55
leaf_count=34 39 34 50 110 47 379 55
internal_value=0.000334225 0.00588235 -0.000220588 0.000273011 0.00489691 -0.000551471 -0.00439394
internal_weight=748 68 680 641 97 544 165
internal_count=748 68 680 641 97 544 165
is_linear=0
shrinkage=0.05


Tree=22
num_leaves=8
num_cat=0
split_feature=9 8 7 1 8 16 16
split_gain=1.51615 0.970387 2.15341 1.68175 1.94286 1.63668 2.21088
threshold=-0.27244354692529421 -0.024544398962602351 -0.024999665054662553 0.016595801211262366 0.05473178470009666 0.0029923572113408352 0.019599526227569556
decision_type=8 10 2 2 10 2 2
left_child=-1 -2 -3 4 -4 -5 -7
right_child=1 2 3 5 -6 6 -8
leaf_value=9.6753890745425539e-05 -5.8829023818312105e-05 0.00032430728793463081 -3.5121987144549416e-06 -0.00016832003011652507 -0.00016583476095693279 0.00026746244158074018 -8.1164824954877953e-05
leaf_weight=29 320 34 141 46 49 74 49
leaf_count=29 320 34 141 46 49 74 49
internal_value=0 -0.00045582 0.00120865 6.96379e-05 -0.00315789 0.00369822 0.00670732
internal_weight=742 713 393 359 190 169 123
internal_count=742 713 393 359 190 169 123
is_linear=0
shrinkage=0.05


Tree=23
num_leaves=8
num_cat=0
split_feature=9 6 6 2 5 4 14
split_gain=1.17616 0.974612 1.57567 1.58053 1.48823 1.93014 1.36033
threshold=-0.27244354692529421 -0.63300842145440606 0.45204433684385398 -0.048015463226096837 0.011942596600291814 0.022765742929092888 0.083142255535003332
decision_type=8 2 2 2 2 2 2
left_child=-1 -2 3 -3 -4 -6 -5
right_child=1 2 4 6 5 -7 -8
leaf_value=9.0837378944606012e-05 9.5450307577029143e-05 -0.00020165853739582208 -0.00014940858630156786 -8.7790893317299282e-05 0.00036105634483578835 2.1525814697631672e-05 0.00023017611054631788
leaf_weight=30 203 93 25 209 34 131 26
leaf_count=30 203 93 25 209 34 131 26
internal_value=0.000299601 -0.000104022 -0.00125483 -0.00335366 0.00236842 0.00409091 -0.00117021
internal_weight=751 721 518 328 190 165 235
internal_count=751 721 518 328 190 165 235
is_linear=0
shrinkage=0.05


Tree=24
num_leaves=8
num_cat=0
split_feature=5 8 6 15 16 6 11
split_gain=1.30505 1.17644 1.14077 1.306 2.62987 1.20275 1.82555
threshold=0.022511013438519301 0.082839203068023518 -0.63300842145440606 0.0093424456666318951 0.010046710328312393 -1.0101822412636066 0.012763464240655777
decision_type=2 10 2 2 2 2 2
left_child=1 2 5 -4 -5 -1 -7
right_child=-2 -3 3 4 -6 6 -8
leaf_value=-0.00012262759809291755 0.00026819188386051536 -0.00023405298135208385 -3.3082403318874893e-05 0.00035472950762673158 -2.2355965300378834e-05 0.00022410580470281507 -1.845274628146774e-05
leaf_weight=55 36 44 426 30 33 82 43
leaf_count=55 36 44 426 30 33 82 43
internal_value=0.000433912 -3.50631e-05 0.0004858 -0.000766871 0.00595238 0.00388889 0.0066
internal_weight=749 713 669 489 63 180 125
internal_count=749 713 669 489 63 180 125
is_linear=0
shrinkage=0.05


Tree=25
num_leaves=8
num_cat=0
split_feature=16 13 5 16 9 15 5
split_gain=1.04716 1.72728 1.25216 1.35728 1.41049 1.18536 2.89279
threshold=0.019366013425729526 15.425000190734865 0.011942596600291814 0.011340155326667102 0.13781560438530141 0.0067370448428051297 0.019358669788521101
decision_type=2 2 2 2 8 2 2
left_child=2 -2 -1 5 -5 -4 -7
right_child=1 -3 3 4 -6 6 -8
leaf_value=-0.00012266993954977668 -0.00028379309924629555 2.5770359199467332e-05 -3.9119325855615283e-06 0.00026404470469418203 -5.2437679345642647e-05 0.00034948741217355863 -0.00029470175897783351
leaf_weight=62 50 56 415 76 27 46 25
leaf_count=62 50 56 415 76 27 46 25
internal_value=0.000363276 -0.00424528 0.00111367 0.00182513 0.00703883 0.000720165 0.00669014
internal_weight=757 106 651 589 103 486 71
internal_count=757 106 651 589 103 486 71
is_linear=0
shrinkage=0.05


Tree=26
num_leaves=8
num_cat=0
split_feature=8 16 11 8 6 6 6
split_gain=1.45199 1.62643 1.46652 1.22575 1.51626 1.95306 2.92797
threshold=-0.094428956604961409 -0.028016976163731552 -0.011522991723745544 -0.024544398962602351 1.0913232607001451 0.55429175216133553 1.0000000180025095e-35
decision_type=8 2 2 10 2 2 2
left_child=2 -2 -1 4 5 6 -3
right_child=1 3 -4 -5 -6 -7 -8
leaf_value=-3.3371623484381117e-05 0.00053673251633045782 -1.2217888169857039e-05 0.00020871681171863226 9.5874457601270167e-06 -0.00031558778347057692 9.1114926970058461e-05 -0.00024772536437979377
leaf_weight=27 26 156 49 377 32 27 43
leaf_count=27 26 156 49 377 32 27 43
internal_value=3.39213e-05 -0.000718608 0.00657895 -0.00122047 -0.00387597 -0.00243363 -0.00414573
internal_weight=737 661 76 635 258 226 199
internal_count=737 661 76 635 258 226 199
is_linear=0
shrinkage=0.05


Tree=27
num_leaves=8
num_cat=0
split_feature=9 9 10 3 13 11 14
split_gain=1.00381 1.33159 1.34132 1.92234 2.62636 2.30894 1.43899
threshold=-0.26014933238396004 -0.17819733577329991 -0.0012572661502254776 0.0013589711869976819 16.875000000000004 -0.0075284506861215674 -0.035621573523768706
decision_type=8 8 2 2 2 2 2
left_child=-1 -2 3 4 -3 -5 -4
right_child=1 2 6 5 -6 -7 -8
leaf_value=5.747723814367691e-05 -0.00014786239055049457 -1.672361792962342e-05 5.580391815251585e-05 -0.00039990351594008494 0.00039886418295848736 0.00022758585440184754 -6.8679923533387214e-05
leaf_weight=42 103 63 149 26 83 44 239
leaf_count=42 103 63 149 26 83 44 239
internal_value=-0.000367156 -0.000813296 8.27815e-05 0.00324074 0.00650685 -0.00357143 -0.00167526
internal_weight=749 707 604 216 146 70 388
internal_count=749 707 604 216 146 70 388
is_linear=0
shrinkage=0.05


Tree=28
num_leaves=8
num_cat=0
split_feature=6 14 6 12 3 14 14
split_gain=1.20429 1.55205 1.00465 1.24328 1.0427 1.68859 2.50315
threshold=-0.63300842145440606 0.053057710402313336 2.6046852699656369 0.066825608086901869 0.0018609918388726723 0.090336443973437111 0.028971532531295811
decision_type=2 2 2 2 2 2 2
left_child=1 -1 3 4 5 6 -2
right_child=2 -3 -4 -5 -6 -7 -8
leaf_value=5.4603658384973288e-05 7.4829138306865036e-06 0.0002640089707339916 0.00027570673391893265 0.00027617970469691062 -0.00015191500041586341 0.00015120001926232209 -0.0002870286550811756
leaf_weight=175 227 31 27 30 168 43 63
leaf_count=175 227 31 27 30 168 43 63
internal_value=0.00013089 0.00339806 -0.00107527 -0.00155367 -0.00214571 -0.000525526 -0.00189655
internal_weight=764 206 558 531 501 333 290
internal_count=764 206 558 531 501 333 290
is_linear=0
shrinkage=0.05


Tree=29
num_leaves=8
num_cat=0
split_feature=8 0 6 0 4 4 0
split_gain=1.07442 1.23898 1.5211 1.81037 1.27283 1.62974 1.35433
threshold=-0.095506939861822224 -0.0023516958242347781 -0.94805092084574005 -0.0054046983936613105 0.020874520272896758 0.027732427531903223 -0.0099096460508486511
decision_type=8 2 2 2 2 2 2
left_child=-1 2 -2 4 -4 6 -6
right_child=1 -3 3 -5 5 -7 -8
leaf_value=9.7385795401763731e-05 -0.00024988242084405203 1.9524746275423129e-05 0.00025080852219729201 -0.0002283201223248137 -0.00022811694212399215 0.00010738176478929695 0.00022191855080402434
leaf_weight=73 35 376 33 39 62 86 28
leaf_count=73 35 376 33 39 62 86 28
internal_value=0.000751366 0.000113809 -0.00238516 -0.00100806 0.000837321 -0.000852273 -0.00555556
internal_weight=732 659 283 248 209 176 90
internal_count=732 659 283 248 209 176 90
is_linear=0
shrinkage=0.05


Tree=30
num_leaves=8
num_cat=0
split_feature=8 9 11 11 8 12 14
split_gain=1.30549 1.60421 1.85025 2.56485 1.80147 1.50569 1.47176
threshold=0.072561696415552782 -0.050389315792160987 0.010798800902990015 -0.0025546673887277822 0.050421843035957876 0.0098181049461038023 0.11927434384443127
decision_type=10 10 2 2 10 2 2
left_child=1 4 3 -3 6 -2 -1
right_child=5 2 -4 -5 -6 -7 -8
leaf_value=4.9992594635116881e-06 3.0486250961621251e-05 0.00013651988749782893 0.00026311335189644253 -0.00027506834175981517 -0.00024210129136971125 -0.00026830953005076776 -0.00017958158628910548
leaf_weight=448 32 60 53 50 26 38 31
leaf_count=448 32 60 53 50 26 38 31
internal_value=6.77507e-05 0.000748503 0.00506135 0.00136364 -0.000643564 -0.00642857 5.21921e-05
internal_weight=738 668 163 110 505 70 479
internal_count=738 668 163 110 505 70 479
is_linear=0
shrinkage=0.05


Tree=31
num_leaves=8
num_cat=0
split_feature=6 0 12 15 3 9 7
split_gain=0.984018 1.18457 3.20789 1.93853 1.84197 1.26265 1.87135
threshold=2.3766381123566735 0.0096828477179337086 0.037928196515582775 0.0067370448428051297 -9.6683837037314633e-05 -0.10026871248847456 -0.0024318724541175225
decision_type=2 2 2 2 2 10 2
left_child=1 3 -3 5 -5 -1 -7
right_child=-2 2 -4 4 -6 6 -8
leaf_value=-5.9361931262634325e-05 0.00022133201182207392 -0.00012787896932033447 0.00018237178133089931 -0.00012827506674678444 0.00030233683078939328 0.00016799548832685282 -4.747564635855218e-05
leaf_weight=294 36 124 52 25 36 76 95
leaf_count=294 36 124 52 25 36 76 95
internal_value=0.000271003 -0.00014245 -0.00369318 0.00104563 0.00942623 -5.37634e-05 0.00336257
internal_weight=738 702 176 526 61 465 171
internal_count=738 702 176 526 61 465 171
is_linear=0
shrinkage=0.05


Tree=32
num_leaves=8
num_cat=0
split_feature=8 2 15 8 0 14 4
split_gain=1.31266 1.56253 1.54404 1.47 1.31801 1.98324 1.87988
threshold=0.072561696415552782 0.054149321906688426 0.0016761412430685854 0.11348658807869307 0.0090744649662527505 -0.035621573523768706 0.018975722798664524
decision_type=8 2 2 10 2 2 2
left_child=1 4 -3 -2 5 -1 -7
right_child=3 2 -4 -5 -6 6 -8
leaf_value=0.00010041184791449343 -0.00023826543394215658 0.00025172308899090154 -7.2818699174095977e-06 7.9792021186265061e-05 -2.106344396005154e-05 -0.00026798182685779673 4.4352811616241285e-07
leaf_weight=105 75 49 46 25 120 32 299
leaf_count=105 75 49 46 25 120 32 299
internal_value=-0.000166445 0.000652842 0.00657895 -0.0055 -0.000359712 0.000917431 -0.000981873
internal_weight=751 651 95 100 556 436 331
internal_count=751 651 95 100 556 436 331
is_linear=0
shrinkage=0.05


Tree=33
num_leaves=8
num_cat=0
split_feature=9 4 1 8 6 6 16
split_gain=1.4179 1.13654 2.25763 1.37118 1.13731 1.33157 1.21829
threshold=-0.27244354692529421 0.030809056185107608 0.011615917612781692 -0.0043389559800500735 -0.74006083051998151 2.6046852699656369 0.02506134297151941
decision_type=8 2 2 10 2 2 2
left_child=-1 4 3 -3 -2 6 -6
right_child=1 2 -4 -5 5 -7 -8
leaf_value=6.5457618988530442e-05 5.8811229631787113e-05 0.00017482353007705945 0.00021583566047119753 -0.00028039917442064245 -3.0560222825541837e-05 0.00022385409024356937 -0.00059000322436552602
leaf_weight=26 135 44 48 34 402 27 32
leaf_count=26 135 44 48 34 402 27 32
internal_value=6.68449e-05 -0.00034626 0.00396825 -0.00128205 -0.00125839 -0.00244035 -0.0031106
internal_weight=748 722 126 78 596 461 434
internal_count=748 722 126 78 596 461 434
is_linear=0
shrinkage=0.05


Tree=34
num_leaves=8
num_cat=0
split_feature=9 9 7 11 1 9 3
split_gain=1.58057 1.35055 2.06704 2.22467 2.01662 1.88895 1.52294
threshold=-0.25774792260551971 -0.10256775269731648 -0.0037633154301664469 0.015980526956462796 -0.013828237076829395 -0.11733608948500267 -0.0030333361374140218
decision_type=8 10 2 2 2 10 2
left_child=-1 5 6 4 -4 -2 -3
right_child=1 2 3 -5 -6 -7 -8
leaf_value=0.00012126153495555367 -9.3503699262544138e-06 -4.2838613519912132e-05 -0.00059253577582197236 0.00015969868855894557 -4.4259725611909477e-05 -0.00019054218393916808 0.00026034069574433402
leaf_weight=42 373 37 25 48 123 29 72
leaf_count=42 373 37 25 48 123 29 72
internal_value=0.000100134 -0.000459689 0.00204918 -0.00102041 -0.00405405 -0.00236318 0.00756881
internal_weight=749 707 305 196 148 402 109
internal_count=749 707 305 196 148 402 109
is_linear=0
shrinkage=0.05


Tree=35
num_leaves=8
num_cat=0
split_feature=6 11 6 6 11 2 12
split_gain=1.38105 1.12946 1.60221 1.52312 1.78419 1.51874 1.39752
threshold=2.2855269990146492 0.02550883970860263 1.3327390667169923 0.49890527802124701 0.020333032872676963 -0.069346579972917863 0.04031241424141075
decision_type=2 2 2 2 2 2 2
left_child=1 2 3 4 6 -3 -1
right_child=-2 5 -4 -5 -6 -7 -8
leaf_value=-2.4038546076774307e-05 0.00026718819154365698 -9.4274654916413485e-05 -0.00027422143601417984 4.0443486898845182e-05 -0.00022729924459634311 0.00024986509412234977 0.00010839541528461053
leaf_weight=385 36 25 44 86 27 56 94
leaf_count=385 36 25 44 86 27 56 94
internal_value=0.000166003 -0.000313808 -0.00102201 -0.000337838 -0.0013834 0.00524691 -0.000678497
internal_weight=753 717 636 592 506 81 479
internal_count=753 717 636 592 506 81 479
is_linear=0
shrinkage=0.05


Tree=36
num_leaves=8
num_cat=0
split_feature=10 10 3 3 12 7 0
split_gain=1.11956 1.48561 2.70611 1.43953 1.32652 1.77266 1.98723
threshold=-0.0037293651666452927 -0.0066375286305050954 0.00010824815056553751 -0.0011390570374174567 -0.036045900478668118 -0.021022477895893062 -0.0031095928342280139
decision_type=2 2 2 2 2 2 2
left_child=1 2 -1 -3 -2 -6 -7
right_child=4 3 -4 -5 5 6 -8
leaf_value=8.8666685347456339e-05 -0.00018286566972463742 1.19117245304549e-05 -0.00029170642824270435 0.0005473966107572923 9.2113942608505536e-05 -0.00013479949648249678 5.6282745121910303e-06
leaf_weight=71 41 31 44 33 172 113 245
leaf_count=71 41 31 44 33 172 113 245
internal_value=0.0006 0.00405028 0.000652174 0.0101563 -0.000481611 0.000188679 -0.00181564
internal_weight=750 179 115 64 571 530 358
internal_count=750 179 115 64 571 530 358
is_linear=0
shrinkage=0.05


Tree=37
num_leaves=8
num_cat=0
split_feature=12 10 4 0 0 15 14
split_gain=1.2158 1.47846 1.07726 2.40062 2.41463 1.78898 1.32385
threshold=0.05735486248043898 0.0039394347110435221 0.025029866805796362 -0.028452765018609213 0.013735826486046656 0.0039089527510476349 -0.036136320679139293
decision_type=2 2 2 2 2 2 2
left_child=2 -2 6 -4 -5 -6 -1
right_child=1 -3 3 4 5 -7 -8
leaf_value=8.2612001842847084e-05 0.00024366481810899929 -0.00020641472017644011 -0.0004862573958032215 7.4806480097210591e-05 0.00014763648489397982 -0.00014397820027628192 -9.4526479552826481e-05
leaf_weight=79 40 25 26 275 27 48 238
leaf_count=79 40 25 26 275 27 48 238
internal_value=0 0.00653846 -0.000613276 0.00119681 0.00228571 -0.00566667 -0.00276025
internal_weight=758 65 693 376 350 75 317
internal_count=758 65 693 376 350 75 317
is_linear=0
shrinkage=0.05


Tree=38
num_leaves=8
num_cat=0
split_feature=2 15 9 6 7 10 1
split_gain=1.07962 1.53048 1.18471 1.03255 1.52676 1.48549 1.79649
threshold=0.1000815789749734 0.0023971949729533208 -0.27244354692529421 -0.50583970997212691 -0.031312001469121879 -0.0019500004630599863 -0.0077318427061873187
decision_type=2 2 8 2 2 2 2
left_child=2 -2 -1 4 -4 6 -6
right_child=1 -3 3 -5 5 -7 -8
leaf_value=5.991580458619358e-05 0.00020213438619039078 -0.000124970073291695 0.00023775684990220839 -3.0554867146135454e-05 -1.0850526153206332e-05 -4.1752596797550983e-05 0.00042012698766409552
leaf_weight=29 40 29 44 421 27 128 30
leaf_count=29 40 29 44 421 27 128 30
internal_value=0.000200535 0.00615942 -0.000405007 -0.000846154 0.0018559 -0.000135135 0.00657895
internal_weight=748 69 679 650 229 185 57
internal_count=748 69 679 650 229 185 57
is_linear=0
shrinkage=0.05


Tree=39
num_leaves=8
num_cat=0
split_feature=14 14 8 2 3 3 5
split_gain=1.11915 1.89247 1.20834 1.19974 1.39934 2.14073 1.13817
threshold=0.083142255535003332 0.11927434384443127 0.072561696415552782 0.058635850573494859 -0.0069750013079425957 -0.0057724092059630019 0.019168218496967652
decision_type=2 2 8 2 2 2 2
left_child=2 -2 3 4 -1 -6 -5
right_child=1 -3 -4 6 5 -7 -8
leaf_value=-0.00022014991060274663 0.00035127218045448016 -9.8044113168492628e-08 -0.00013872310290874139 0.00026992649023343775 0.00019926144344352667 -4.4067954330120852e-06 -2.3941167241151656e-05
leaf_weight=38 38 47 89 53 25 421 26
leaf_count=38 38 47 89 53 25 421 26
internal_value=0.00078019 0.00617647 7.66871e-05 0.000932504 0 0.000784753 0.00664557
internal_weight=737 85 652 563 484 446 79
internal_count=737 85 652 563 484 446 79
is_linear=0
shrinkage=0.05


Tree=40
num_leaves=8
num_cat=0
split_feature=4 4 14 5 15 15 0
split_gain=1.13152 1.54714 1.28 1.20082 1.18868 1.48946 1.61035
threshold=0.034054874906586853 0.032954064901324596 -0.013693091090924312 0.021296646567794602 0.0093424456666318951 0.0058394156844403531 0.010726737562316903
decision_type=2 2 2 2 2 2 2
left_child=1 3 -2 4 5 -1 -7
right_child=2 -3 -4 -5 -6 6 -8
leaf_value=-5.5393609512244004e-06 -3.2179232610313347e-05 -0.00032330495875180235 0.00054041823775463074 0.00019622455146543557 7.1953490533382421e-05 -1.6942139285265438e-05 -0.00016984698993788815
leaf_weight=503 25 25 25 34 71 36 31
leaf_count=503 25 25 25 34 71 36 31
internal_value=-0.000266667 -0.000785714 0.007 -0.000333333 -0.000819033 -0.00157895 -0.00858209
internal_weight=750 700 50 675 641 570 67
internal_count=750 700 50 675 641 570 67
is_linear=0
shrinkage=0.05


Tree=41
num_leaves=8
num_cat=0
split_feature=1 1 4 8 2 3 4
split_gain=1.05155 2.72514 1.61105 1.55734 2.24166 1.46787 1.45155
threshold=-0.0023191089639708613 -0.023665399990480004 0.030506391111069436 0.019675054690055042 -0.01356864611981101 0.0018969720203205755 0.032135424449413419
decision_type=2 2 2 8 2 2 2
left_child=1 3 -2 4 -1 -3 -4
right_child=2 5 6 -5 -6 -7 -8
leaf_value=9.759438250031013e-06 -1.0040208222584797e-06 -8.1633480757657069e-05 0.0002800423999432281 -0.00012927753279030795 0.00032555383404806257 -0.00019918217888282932 1.8367975622661894e-05
leaf_weight=138 305 117 33 35 29 44 51
leaf_count=138 305 117 33 35 29 44 51
internal_value=-0.000199468 -0.00213499 0.00160668 0.00173267 0.00374251 -0.00698758 0.0077381
internal_weight=752 363 389 202 167 161 84
internal_count=752 363 389 202 167 161 84
is_linear=0
shrinkage=0.05


Tree=42
num_leaves=8
num_cat=0
split_feature=6 11 6 5 8 6 6
split_gain=1.71822 1.15454 1.61126 1.55198 1.18606 1.32111 1.67877
threshold=2.2855269990146492 0.026483483019392965 1.3961251926836697 0.022168979906515413 0.081874675841720826 -0.74006083051998151 -1.0101822412636066
decision_type=2 2 2 2 10 2 2
left_child=1 2 3 4 5 6 -1
right_child=-2 -3 -4 -5 -6 -7 -8
leaf_value=-7.664067539837732e-05 0.00025471372071696094 8.0799358454317928e-05 -0.00026365544023021416 0.00051032311796957803 -0.00023446465873346598 -1.1674445816849957e-05 0.00019175737542332407
leaf_weight=50 38 70 39 26 41 412 77
leaf_count=50 38 70 39 26 41 412 77
internal_value=0.000166003 -0.000384615 -0.00104651 -0.000412541 -0.000948276 -0.000324675 0.00413386
internal_weight=753 715 645 606 580 539 127
internal_count=753 715 645 606 580 539 127
is_linear=0
shrinkage=0.05


Tree=43
num_leaves=8
num_cat=0
split_feature=0 7 3 8 2 1 1
split_gain=0.95938 1.09267 2.77365 2.6523 0.974261 1.77846 1.6449
threshold=-0.026156356966292201 0.057052908763096773 0.0034107531196313494 0.06788690145549571 0.049268478529939104 0.023743414974795599 0.032707017011716417
decision_type=2 2 2 10 2 2 2
left_child=-1 3 -3 4 6 -6 -2
right_child=1 2 -4 -5 5 -7 -8
leaf_value=-0.00012991838089262075 8.9966209292186764e-06 0.00036027827315690265 -0.0001337453417288185 -0.00016607317346815424 -3.8678087694714666e-06 0.00026519589267937619 -0.00019692867447342963
leaf_weight=47 474 37 26 48 40 25 49
leaf_count=47 474 37 26 48 40 25 49
internal_value=0 0.00046495 0.00674603 -0.000157233 0.000765306 0.00653846 4.78011e-05
internal_weight=746 699 63 636 588 65 523
internal_count=746 699 63 636 588 65 523
is_linear=0
shrinkage=0.05


Tree=44
num_leaves=8
num_cat=0
split_feature=16 1 7 8 12 6 11
split_gain=1.42395 1.33783 1.56297 1.67468 1.6019 3.26667 1.69798
threshold=0.023644137421943715 -0.0023191089639708613 -0.031809463449477986 -0.019881060039177497 0.032568541829068882 -0.35768581223268736 0.0025776305361616685
decision_type=2 2 2 8 2 2 2
left_child=1 2 3 -1 6 -6 -4
right_child=-2 -3 4 -5 5 -7 -8
leaf_value=2.0858055017104326e-05 -0.00010694918091194469 4.3170928918223519e-05 -1.0693073656964853e-05 0.0003089326023404523 0.00030855337178732059 -0.00010593519457092522 -0.00020370834338109291
leaf_weight=111 67 327 86 25 30 30 64
leaf_count=111 67 327 86 25 30 30 64
internal_value=0.000608108 0.00130015 -0.000867052 0.00330882 -0.00357143 0.00333333 -0.00633333
internal_weight=740 673 346 136 210 60 150
internal_count=740 673 346 136 210 60 150
is_linear=0
shrinkage=0.05


Tree=45
num_leaves=8
num_cat=0
split_feature=16 14 1 1 10 9 14
split_gain=1.40398 1.29643 1.18646 1.96271 1.58122 1.68081 1.79831
threshold=0.023644137421943715 -0.0066427814256201914 -0.00045265733469901365 -0.023665399990480004 0.0079281372903893272 -0.16978678731681854 -0.0052209332646739317
decision_type=2 2 2 2 2 8 2
left_child=2 -2 3 4 5 -1 -7
right_child=1 -3 -4 -5 -6 6 -8
leaf_value=-2.7929565240519097e-05 -0.00025204591057646265 -6.6898678444138199e-05 3.5414405173327279e-05 -8.3084508439806268e-05 0.00028849030538472919 -0.00011185112625242182 0.00011974699433896963
leaf_weight=48 30 40 316 159 36 47 70
leaf_count=48 30 40 316 159 36 47 70
internal_value=-0.000402145 -0.00714286 0.000295858 -0.00166667 0.00161692 -0.000454545 0.00277778
internal_weight=746 70 676 360 201 165 117
internal_count=746 70 676 360 201 165 117
is_linear=0
shrinkage=0.05


Tree=46
num_leaves=8
num_cat=0
split_feature=1 1 12 15 3 14 12
split_gain=1.05271 1.61352 1.62625 1.4533 1.4376 1.68431 1.33624
threshold=-0.0023191089639708613 -0.0094049669643169725 0.024727587984372471 0.004828264691475904 -0.0063108785399267333 0.075303566395644742 -0.016111224789670416
decision_type=2 2 2 2 2 2 2
left_child=1 2 -1 -4 -2 6 -6
right_child=4 -3 3 -5 5 -7 -8
leaf_value=-5.0024940528649314e-05 -0.00018556828785416566 -0.00013787065562950295 9.7558310972652021e-06 0.00042193121239677168 0.00010608136631226106 0.00025494019122803649 2.4056309979846863e-07
leaf_weight=197 33 46 97 27 50 31 267
leaf_count=197 33 46 97 27 50 31 267
internal_value=-0.000200535 -0.00211172 -0.000856698 0.00362903 0.00164042 0.00258621 0.00149842
internal_weight=748 367 321 124 381 348 317
internal_count=748 367 321 124 381 348 317
is_linear=0
shrinkage=0.05


Tree=47
num_leaves=8
num_cat=0
split_feature=6 6 12 1 7 13 10
split_gain=0.884323 1.41946 1.31807 1.48722 1.63509 1.58714 1.75926
threshold=2.2855269990146492 1.0913232607001451 -0.0031637025986434027 0.010128862311835409 -0.0083991146666130816 18.675000190734867 -0.0028966146153551193
decision_type=2 2 2 2 2 2 2
left_child=1 2 3 4 5 -1 -7
right_child=-2 -3 -4 -5 -6 6 -8
leaf_value=0.000122227680734125 0.00021598082960360283 -0.00017128595169835844 7.5104359223142007e-06 5.5819514708267492e-05 -0.00036402621101944707 6.7370617776475999e-06 -0.00015994377445551771
leaf_weight=29 37 61 479 49 27 27 30
leaf_count=29 37 61 479 49 27 27 30
internal_value=-0.000101488 -0.000498575 0.000195008 -0.0037037 -0.00685841 -0.00348837 -0.00833333
internal_weight=739 702 641 162 113 86 57
internal_count=739 702 641 162 113 86 57
is_linear=0
shrinkage=0.05


Tree=48
num_leaves=8
num_cat=0
split_feature=5 14 3 11 7 14 12
split_gain=1.0148 0.986885 1.13152 1.23327 1.27116 0.963545 1.79778
threshold=0.011051792223304107 0.049298283120689408 0.0014294078312246941 -0.014003492278460259 -0.0039572782654498364 0.013406221047230662 0.011595821830406862
decision_type=2 2 2 2 2 2 2
left_child=-1 5 3 -3 -5 -2 -7
right_child=1 2 -4 4 -6 6 -8
leaf_value=-9.646796184087112e-05 6.5368069025102803e-06 0.00028983737786564783 -8.8603122138558346e-05 6.5268891529719392e-05 -0.00024617396727434377 0.00017506996050462061 -0.00018942256053406943
leaf_weight=42 452 32 36 36 27 41 74
leaf_count=42 452 32 36 36 27 41 74
internal_value=0.000405405 0.000859599 0.00477099 0.00763158 0.00357143 -4.40917e-05 -0.00413043
internal_weight=740 698 131 95 63 567 115
internal_count=740 698 131 95 63 567 115
is_linear=0
shrinkage=0.05


Tree=49
num_leaves=8
num_cat=0
split_feature=12 6 10 1 11 11 0
split_gain=1.11311 1.35969 1.32881 1.2406 2.0415 1.50243 1.46439
threshold=0.037030604996718515 0.49890527802124701 -0.013932246020769588 -0.023665399990480004 -0.015853203269672541 0.00066759209085187632 0.020158754328270415
decision_type=2 2 2 2 2 2 2
left_child=1 2 -1 4 -4 -6 -5
right_child=-2 -3 3 6 5 -7 -8
leaf_value=0.0001787449159926845 7.6916496670589605e-05 6.7670952753168495e-05 -0.00022595274561177823 -3.5824419822801653e-05 0.00016805114247079651 -4.2695455649949394e-06 -0.00025311473140410132
leaf_weight=25 192 127 25 251 37 49 27
leaf_count=25 192 127 25 251 37 49 27
internal_value=0.000375171 -0.000785582 -0.00217391 -0.00289203 0.00157658 0.00523256 -0.00467626
internal_weight=733 541 414 389 111 86 278
internal_count=733 541 414 389 111 86 278
is_linear=0
shrinkage=0.05


Tree=50
num_leaves=8
num_cat=0
split_feature=8 4 8 0 15 6 10
split_gain=1.2584 1.17124 1.06881 1.04819 1.35716 1.17938 1.00565
threshold=-0.095506939861822224 0.030809056185107608 -0.11455361784621824 0.014723568546291423 0.0031121083646832308 -0.17576981911894593 0.011768378262121406
decision_type=8 2 10 2 2 2 2
left_child=2 6 -1 4 5 -3 -2
right_child=1 3 -4 -5 -6 -7 -8
leaf_value=-4.6369239566363374e-06 -1.4591198120006698e-05 -0.00019636961366334624 0.00017491071613498065 -1.9578446504573815e-05 0.00043931554893833328 0.00021030771034534436 -0.00012852533993529236
leaf_weight=35 502 29 40 28 32 37 37
leaf_count=35 502 29 40 28 32 37 37
internal_value=-0.000472973 -0.00116541 0.00566667 0.0031746 0.00561224 0.00151515 -0.00217996
internal_weight=740 665 75 126 98 66 539
internal_count=740 665 75 126 98 66 539
is_linear=0
shrinkage=0.05


Tree=51
num_leaves=8
num_cat=0
split_feature=0 12 16 13 11 9 3
split_gain=0.981965 0.93136 0.75454 1.26177 1.57631 1.71058 1.50016
threshold=-0.030725040668502453 0.066825608086901869 0.023644137421943715 15.694999694824221 0.0086495995411973742 -0.21166492867097544 0.0015393678317267014
decision_type=2 2 2 2 2 10 2
left_child=-1 2 3 4 5 -2 -5
right_child=1 -3 -4 6 -6 -7 -8
leaf_value=-0.00010753964214790211 -1.1989817332062861e-05 0.00025013330066810216 -6.3040743098579218e-05 5.4493034317999582e-06 -4.9566786766489215e-07 0.00025046352345407254 -7.8111742062235469e-05
leaf_weight=26 36 38 68 252 123 76 143
leaf_count=26 36 38 68 252 123 76 143
internal_value=-6.56168e-05 0.000271739 -0.000143266 0.000396825 0.00329787 0.00758929 -0.00132911
internal_weight=762 736 698 630 235 112 395
internal_count=762 736 698 630 235 112 395
is_linear=0
shrinkage=0.05


Tree=52
num_leaves=8
num_cat=0
split_feature=16 13 9 15 2 1 7
split_gain=1.01671 1.37219 1.04481 2.39801 1.21384 0.999737 2.17808
threshold=0.023644137421943715 14.904999732971193 -0.10256775269731648 0.0076436164352773348 -0.11328459846312143 0.0047858656722997725 -0.0022269178437909205
decision_type=2 2 8 2 2 2 2
left_child=2 -2 3 4 -1 -6 -7
right_child=1 -3 -4 -5 5 6 -8
leaf_value=0.00023169187427495496 -0.00036413557057643942 -4.2162188385469223e-07 1.1178202281582969e-05 0.00025170685020848806 -0.00011491125166971874 0.00020335042439551749 -0.00011347824359190114
leaf_weight=32 29 43 408 38 127 29 42
leaf_count=32 29 43 408 38 127 29 42
internal_value=-0.000601604 -0.00625 0 -0.00242537 -0.00434783 -0.00580808 -0.00105634
internal_weight=748 72 676 268 230 198 71
internal_count=748 72 676 268 230 198 71
is_linear=0
shrinkage=0.05


Tree=53
num_leaves=8
num_cat=0
split_feature=9 9 6 2 15 9 9
split_gain=1.79501 0.80328 1.48276 1.28611 2.43512 1.05683 1.54524
threshold=-0.25774792260551971 0.2187928750765599 -0.28811537679310278 0.1000815789749734 0.0019198495013555974 -0.053648175432605798 -0.081109981738026402
decision_type=8 10 2 2 2 8 10
left_child=-1 3 -3 5 -5 6 -2
right_child=1 2 -4 4 -6 -7 -8
leaf_value=0.00014918939060429038 -1.2601178304875268e-05 -0.00020213322064600416 3.2829605307397096e-06 0.00023074706324096271 -9.3857764572180164e-05 4.9336643327478179e-06 -0.00052334688012365858
leaf_weight=40 283 26 31 27 26 285 25
leaf_count=40 283 26 31 27 26 285 25
internal_value=-0.000302826 -0.000889047 -0.00657895 -0.000386997 0.00707547 -0.00105396 -0.00308442
internal_weight=743 703 57 646 53 593 308
internal_count=743 703 57 646 53 593 308
is_linear=0
shrinkage=0.05


Tree=54
num_leaves=8
num_cat=0
split_feature=4 6 6 3 7 1 1
split_gain=0.793187 1.03678 2.05214 2.61497 1.8201 1.78571 1.48111
threshold=0.016774461136860316 0.49890527802124701 0.014865452858974067 -9.6683837037314633e-05 -0.0024318724541175225 0.0074879512852684691 0.0029261317760255205
decision_type=2 2 2 2 2 2 2
left_child=-1 2 4 -4 -2 -5 -6
right_child=1 -3 3 5 6 -7 -8
leaf_value=-7.5303308684045129e-05 4.5390802814904565e-05 6.7729911775101222e-05 -0.00020805101061668841 -0.00016567530588495821 -0.00016344114868740376 0.00024039096077157942 -5.9705014812090533e-06
leaf_weight=30 260 171 49 28 52 28 129
leaf_count=30 260 171 49 28 52 28 129
internal_value=-0.000368139 -3.48675e-05 -0.0010989 -0.00738095 0.000396825 0 -0.00345304
internal_weight=747 717 546 105 441 56 181
internal_count=747 717 546 105 441 56 181
is_linear=0
shrinkage=0.05


Tree=55
num_leaves=8
num_cat=0
split_feature=4 6 0 16 7 9 1
split_gain=1.00821 1.1465 1.58681 1.18513 1.16207 1.09789 1.67106
threshold=0.016774461136860316 1.8190227518033757 -0.028452765018609213 0.020040538312360971 -0.01246786272288297 -0.10399822732751039 -0.041744759624933951
decision_type=2 2 2 2 2 10 2
left_child=-1 2 -2 5 -5 6 -4
right_child=1 -3 3 4 -6 -7 -8
leaf_value=-8.7815997712705786e-05 -0.00020207377080883461 0.00020644082722715473 3.8663600296521346e-05 5.6482579323547093e-05 -0.00015479513998426647 5.2659446712807063e-05 -3.6428294682442602e-05
leaf_weight=32 28 50 61 27 59 231 275
leaf_count=32 28 50 61 27 59 231 275
internal_value=-0.000688073 -0.000307798 -0.000844347 -0.000344564 -0.00581395 0.000485009 -0.00133929
internal_weight=763 731 681 653 86 567 336
internal_count=763 731 681 653 86 567 336
is_linear=0
shrinkage=0.05


Tree=56
num_leaves=8
num_cat=0
split_feature=8 6 8 1 4 4 8
split_gain=1.3798 2.02339 1.94765 2.02755 1.81959 2.04994 1.80836
threshold=-0.024544398962602351 1.1465015130757255 0.039812932842247746 0.030045704530834553 0.029317245380579046 0.027117309966026616 -0.049213248827953741
decision_type=10 2 10 2 2 2 10
left_child=1 4 -2 -4 5 6 -1
right_child=2 -3 3 -5 -6 -7 -8
leaf_value=2.4172749640338601e-06 0.00012141512354435377 -0.00022602720193395321 -0.00013266117104276389 3.0702101041328636e-05 0.00010668346157750484 -0.00017976455147458722 -0.000153102206786945
leaf_weight=166 211 39 102 78 70 25 48
leaf_count=166 211 39 102 78 70 25 48
internal_value=-0.000439783 -0.00272989 0.00159847 -0.00222222 -0.0013754 -0.00345188 -0.00186916
internal_weight=739 348 391 180 309 239 214
internal_count=739 348 391 180 309 239 214
is_linear=0
shrinkage=0.05


Tree=57
num_leaves=8
num_cat=0
split_feature=6 6 2 15 16 15 11
split_gain=1.72526 2.6189 1.42808 2.08758 1.41107 1.22634 1.01516
threshold=-0.63300842145440606 -0.98809669790880073 0.097503775212071556 0.0016761412430685854 0.014751547763205643 0.00030366088362010496 0.0084762123288910658
decision_type=2 2 2 2 2 2 2
left_child=1 5 6 -4 -3 -1 -2
right_child=2 4 3 -5 -6 -7 -8
leaf_value=-0.00024293523974144713 -2.4565646336732123e-06 0.00020126099620205063 0.00022583057034668573 -6.9532562234333632e-05 -5.6459380330524684e-06 5.3708274998319866e-05 -9.1999746200192888e-05
leaf_weight=41 292 101 25 31 26 31 188
leaf_count=41 292 101 25 31 26 31 188
internal_value=0.000170068 0.00414573 -0.00130597 0.00625 0.00846457 -0.00347222 -0.0021875
internal_weight=735 199 536 56 127 72 480
internal_count=735 199 536 56 127 72 480
is_linear=0
shrinkage=0.05


Tree=58
num_leaves=8
num_cat=0
split_feature=14 4 13 14 14 10 14
split_gain=0.746158 2.54164 2.44154 1.74929 1.76334 1.53062 2.13454
threshold=-0.060408912479391223 0.033805091717992529 16.260000228881839 -0.036136320679139293 -0.041031725575055404 0.00034887818574524948 -0.011513166785666882
decision_type=2 2 2 2 2 2 2
left_child=2 3 -1 4 -2 -5 -7
right_child=1 -3 -4 5 -6 6 -8
leaf_value=0.00012486555344774609 1.5347601503677386e-05 0.00029714853853305236 -0.00010081763874896058 2.9820537645767178e-06 0.00023839333715897689 -0.00014029949620123131 -3.973113645720512e-06
leaf_weight=37 68 37 72 298 25 89 124
leaf_count=37 68 37 72 298 25 89 124
internal_value=-0.000533333 0.000117005 -0.0043578 -0.000662252 0.00564516 -0.00181018 -0.00504695
internal_weight=750 641 109 604 93 511 213
internal_count=750 641 109 604 93 511 213
is_linear=0
shrinkage=0.05


Tree=59
num_leaves=8
num_cat=0
split_feature=8 6 6 14 7 13 10
split_gain=1.07514 1.94902 1.96425 1.64472 1.82817 1.99872 1.6094
threshold=-0.024544398962602351 -0.50583970997212691 -1.0180994276658837 0.10370151545599839 -0.024999665054662553 19.159999847412113 0.0041080553382388816
decision_type=10 2 2 2 2 2 2
left_child=1 2 -1 4 -2 -6 -3
right_child=3 6 -4 -5 5 -7 -8
leaf_value=-0.00022081081088871419 0.00024567786363352833 -0.00015212548774471758 0.00013458348956815091 0.00014024583241911643 3.4312226893393615e-06 -0.00021483469818667488 1.286741122825182e-06
leaf_weight=30 31 154 89 26 296 52 80
leaf_count=30 31 154 89 26 296 52 80
internal_value=-0.000461741 -0.00247875 0.00273109 0.0012963 0.000461741 -0.000574713 -0.00512821
internal_weight=758 353 119 405 379 348 234
internal_count=758 353 119 405 379 348 234
is_linear=0
shrinkage=0.05


Tree=60
num_leaves=8
num_cat=0
split_feature=1 12 7 14 13 2 8
split_gain=1.07584 1.44894 1.39322 1.43915 1.38778 1.17102 2.83613
threshold=-0.0023191089639708613 -0.01116014011506866 -0.010143801410000262 -0.040011250304013861 23.409999847412113 0.047786784410080892 0.037903358765484015
decision_type=2 2 2 2 2 2 10
left_child=1 4 3 -2 -1 -4 -7
right_child=2 -3 5 -5 -6 6 -8
leaf_value=-0.00015570813129826613 -2.9822771844722088e-05 -1.9054595836276597e-06 -1.9024011307767652e-05 0.00016931952390879479 0.00010027780492894651 0.00026063837933579915 1.9553980450005156e-07
leaf_weight=47 25 287 163 68 27 28 108
leaf_count=47 25 287 163 68 27 28 108
internal_value=9.96016e-05 -0.00186981 0.00191327 0.00725806 -0.00810811 0.000250836 0.00367647
internal_weight=753 361 392 93 74 299 136
internal_count=753 361 392 93 74 299 136
is_linear=0
shrinkage=0.05


Tree=61
num_leaves=8
num_cat=0
split_feature=9 9 15 11 8 8 6
split_gain=1.60612 0.769053 1.50966 2.16504 1.20365 1.33358 1.14681
threshold=-0.27138521275007876 -0.17819733577329991 -0.0071910786259392614 0.00053834779161687784 -0.065678594532492293 -0.07408274458897661 -0.98299438795745775
decision_type=8 8 2 2 8 10 2
left_child=-1 2 -2 -4 5 -3 -6
right_child=1 4 3 -5 6 -7 -8
leaf_value=0.00013381264128332952 -0.00018478388567787508 6.1391294696837092e-05 9.1332035801066673e-05 -0.00018909281425332411 -0.00019954822781120766 0.00032765755249194436 2.3764388877880811e-06
leaf_weight=27 25 51 44 46 47 26 470
leaf_count=27 25 51 44 46 47 26 470
internal_value=6.79348e-05 -0.00038787 -0.00413043 -0.00111111 0.0003367 0.00616883 -0.000531915
internal_weight=736 709 115 90 594 77 517
internal_count=736 709 115 90 594 77 517
is_linear=0
shrinkage=0.05


Tree=62
num_leaves=8
num_cat=0
split_feature=5 0 12 11 16 11 13
split_gain=1.1895 1.4034 1.50417 1.34711 1.68944 1.5357 2.68867
threshold=0.016594234398279045 0.015947052670225451 -0.036045900478668118 0.026483483019392965 0.022984018290595491 0.00909053299113405 13.050000190734865
decision_type=2 2 2 2 2 2 2
left_child=3 2 -2 4 5 -1 -7
right_child=1 -3 -4 -5 -6 6 -8
leaf_value=1.0977793912305724e-05 -0.00026484062130407526 -2.0109831997899646e-05 4.6479365571309132e-05 0.00017624508314098195 -0.00032487732663659418 0.00015970406318063411 -0.0001432289608693473
leaf_weight=254 30 61 240 28 25 26 87
leaf_count=254 30 61 240 28 25 26 87
internal_value=9.98668e-05 0.00234139 0.00388889 -0.00166667 -0.00242347 -0.00156676 -0.00641593
internal_weight=751 331 270 420 392 367 113
internal_count=751 331 270 420 392 367 113
is_linear=0
shrinkage=0.05


Tree=63
num_leaves=8
num_cat=0
split_feature=15 6 15 8 4 15 6
split_gain=1.13441 1.01317 1.68564 1.42596 1.50478 1.36466 1.26235
threshold=0.013910698331410789 -0.63300842145440606 -0.0071910786259392614 0.051418685242157987 0.030139891112605014 -0.0056386735119683942 0.21302717359208398
decision_type=2 2 2 10 2 2 2
left_child=1 3 -3 4 5 -1 -4
right_child=-2 2 6 -5 -6 -7 -8
leaf_value=-0.00011498138942177485 0.00030564421820662393 2.0653833852031037e-05 -7.9781453452346676e-05 -6.2565590332555308e-05 0.00012057870475770869 0.00010564505367574796 -5.8019049431604349e-06
leaf_weight=25 33 108 250 32 28 116 160
leaf_count=25 33 108 250 32 28 116 160
internal_value=-0.000731383 -0.00114743 -0.0023166 0.00186567 0.00369822 0.00159574 -0.00378049
internal_weight=752 719 518 201 169 141 410
internal_count=752 719 518 201 169 141 410
is_linear=0
shrinkage=0.05


Tree=64
num_leaves=8
num_cat=0
split_feature=14 5 15 6 0 12 12
split_gain=1.38507 1.11104 1.05587 1.05232 1.06675 1.04124 1.49762
threshold=-0.12096344977185801 0.011942596600291814 -0.00081952743490704128 -1.2047507277347718 -0.028452765018609213 -0.049048441539310476 -0.032606215925707109
decision_type=2 2 2 2 2 2 2
left_child=-1 2 -2 -3 -5 -6 -7
right_child=1 3 -4 4 5 6 -8
leaf_value=-0.00012543733977223292 -0.0001372008125390122 -0.00018726955458570752 8.7647776046513153e-05 -7.0334873218679529e-05 0.00019349075076310787 -0.00015204432415351029 8.9751891281319038e-06
leaf_weight=26 32 30 27 34 26 27 530
leaf_count=26 32 30 27 34 26 27 530
internal_value=-0.000204918 0.000212465 -0.00635593 0.000811437 0.00125608 0.00175815 0.00130162
internal_weight=732 706 59 647 617 583 557
internal_count=732 706 59 647 617 583 557
is_linear=0
shrinkage=0.05


Tree=65
num_leaves=8
num_cat=0
split_feature=0 4 9 9 14 14 8
split_gain=0.883384 1.94069 1.32483 2.04004 1.95845 1.72464 1.5784
threshold=0.020158754328270415 0.027850244542681986 -0.2426327882116657 -0.10256775269731648 -0.026106823606350468 0.090336443973437111 -0.059244054833543162
decision_type=2 2 8 8 2 2 8
left_child=2 -2 -1 4 -4 6 -5
right_child=1 -3 3 5 -6 -7 -8
leaf_value=3.5161031253747438e-05 4.3494397454770485e-05 -0.0002574110406968815 2.5411182464026301e-05 0.00010627193503665928 -0.00015450711341359659 0.00041186415325906214 -4.617836517091734e-06
leaf_weight=60 39 46 70 30 123 38 346
leaf_count=60 39 46 70 30 123 38 346
internal_value=-0.000199468 -0.005 0.000412294 -0.000288303 -0.00453368 0.00169082 0.000664894
internal_weight=752 85 667 607 193 414 376
internal_count=752 85 667 607 193 414 376
is_linear=0
shrinkage=0.05


Tree=66
num_leaves=8
num_cat=0
split_feature=5 10 10 10 12 12 10
split_gain=1.19547 1.1085 1.11052 0.84048 1.24853 1.85693 1.84269
threshold=0.011942596600291814 -0.01521359351313417 -0.010112214023305697 0.00048358737476139618 0.027083039342927776 0.031500787286736449 0.0054892389813711038
decision_type=2 2 2 2 2 2 2
left_child=-1 -2 -3 -4 6 -6 -5
right_child=1 2 3 4 5 -7 -8
leaf_value=-6.6654794913745223e-05 0.00014828196601039735 -0.00017657331909637635 1.9832661564579563e-05 -0.00020217859712567119 0.00026017103916620214 9.0517013969481639e-07 5.5852295655842917e-06
leaf_weight=63 31 35 245 85 34 154 98
leaf_count=63 31 35 245 85 34 154 98
internal_value=0.000637584 0.00124633 0.000806452 0.0012987 -0.000202156 0.00265957 -0.00314208
internal_weight=745 682 651 616 371 188 183
internal_count=745 682 651 616 371 188 183
is_linear=0
shrinkage=0.05


Tree=67
num_leaves=8
num_cat=0
split_feature=7 3 8 9 11 11 9
split_gain=0.903222 1.58578 0.998553 1.13048 1.80481 1.85986 1.47687
threshold=0.049765527424490481 0.0034107531196313494 0.072561696415552782 -0.050389315792160987 0.011124085891359938 -0.0025546673887277822 -0.079813535349061701
decision_type=2 2 10 10 2 2 10
left_child=2 -2 3 6 5 -5 -1
right_child=1 -3 -4 4 -6 -7 -8
leaf_value=-3.6612861883923383e-06 0.00012738700369761716 -4.713400021374623e-05 -0.00018770629172995047 6.7611640176661695e-05 0.00019187404448430179 -0.000151353844760301 -0.00050497105231480646
leaf_weight=472 54 29 29 53 54 46 25
leaf_count=472 54 29 29 53 54 46 25
internal_value=0.00019685 0.00512048 -0.000405007 0 0.00375817 -0.000252525 -0.00115694
internal_weight=762 83 679 650 153 99 497
internal_count=762 83 679 650 153 99 497
is_linear=0
shrinkage=0.05


Tree=68
num_leaves=8
num_cat=0
split_feature=6 16 4 14 7 9 0
split_gain=1.36761 1.20348 1.4785 1.77706 1.40904 1.48321 0.986267
threshold=2.2855269990146492 0.019875037087861206 0.020278888486289975 -0.017044659763988276 -0.01246786272288297 0.091684271325782177 -0.0034608210867803631
decision_type=2 2 2 2 2 8 2
left_child=1 2 3 -1 -3 -6 -4
right_child=-2 4 6 -5 5 -7 -8
leaf_value=2.3462517295435054e-05 0.00019437647357599126 5.8911289540811715e-05 -4.1044679560656913e-06 -0.00014363037026463496 -0.00024227961485124287 7.8002915519496561e-06 4.4124808464440854e-05
leaf_weight=43 39 25 236 41 46 25 298
leaf_count=43 39 25 236 41 46 25 298
internal_value=0.000498008 0 0.000809061 -0.00535714 -0.00520833 -0.00880282 0.00177903
internal_weight=753 714 618 84 96 71 534
internal_count=753 714 618 84 96 71 534
is_linear=0
shrinkage=0.05


Tree=69
num_leaves=8
num_cat=0
split_feature=6 6 6 15 8 3 15
split_gain=0.802234 1.36943 1.15794 1.65029 1.11741 1.24277 1.28568
threshold=-0.63300842145440606 -0.23762881891765242 -1.0101822412636066 0.0010131845497712846 0.050828155649695679 -0.0008933216188647396 -0.00054508916454831791
decision_type=2 2 2 2 10 2 2
left_child=2 -2 3 -1 5 -4 -7
right_child=1 -3 4 -5 -6 6 -8
leaf_value=-0.00023752042752813878 -7.3597037586037913e-05 4.962447020785452e-06 0.00026872121069642437 0.00020203872975997048 -5.0226031271569213e-05 0.00024829184618327648 -1.1518428487379942e-05
leaf_weight=36 176 380 36 25 26 25 46
leaf_count=36 176 380 36 25 26 25 46
internal_value=6.66667e-05 -0.000899281 0.00283505 -0.00286885 0.00545113 0.00771028 0.00387324
internal_weight=750 556 194 61 133 107 71
internal_count=750 556 194 61 133 107 71
is_linear=0
shrinkage=0.05


Tree=70
num_leaves=8
num_cat=0
split_feature=4 1 16 2 7 14 11
split_gain=1.57487 1.69178 0.967539 1.53368 1.52419 1.17157 2.09807
threshold=0.030506391111069436 0.010128862311835409 0.023397377542890511 0.10258700358679242 0.026075654591589895 0.01016731697942619 0.0033857375272920991
decision_type=2 2 2 2 2 2 2
left_child=2 -2 3 4 5 -1 -7
right_child=1 -3 -4 -5 -6 6 -8
leaf_value=1.8247123833507095e-05 8.0929405232953737e-06 0.00016524550294119328 -0.00020589873301141972 0.00018319464472226502 -0.00012504784463286952 8.4448810224410071e-06 -0.00015670021843960426
leaf_weight=252 99 62 51 41 72 105 59
leaf_count=252 99 62 51 41 72 105 59
internal_value=0.000438596 0.00481366 -0.000775862 -0.000141777 -0.000922131 0.000240385 -0.00304878
internal_weight=741 161 580 529 488 416 164
internal_count=741 161 580 529 488 416 164
is_linear=0
shrinkage=0.05


Tree=71
num_leaves=8
num_cat=0
split_feature=8 9 9 13 16 1 8
split_gain=0.866059 1.56775 1.20863 1.33849 1.33384 1.85953 1.20596
threshold=0.072561696415552782 0.15962007276794746 -0.10256775269731648 13.484999656677248 0.0027933615688318096 0.019762981153523377 0.022397070972320025
decision_type=10 8 10 2 2 2 10
left_child=2 -2 3 -1 5 6 -4
right_child=1 -3 4 -5 -6 -7 -8
leaf_value=-8.6473635775377315e-05 -0.00019560379636084872 4.6134796140755951e-06 0.00014602371426815919 3.1802701798279529e-06 9.0916635272114666e-05 -0.00043609668285104044 -0.00011034195911313451
leaf_weight=33 27 52 53 394 118 28 42
leaf_count=33 27 52 53 394 118 28 42
internal_value=0.00083668 -0.00411392 0.00142216 -0.000175644 0.00425311 0.000609756 0.00394737
internal_weight=747 79 668 427 241 123 95
internal_count=747 79 668 427 241 123 95
is_linear=0
shrinkage=0.05


Tree=72
num_leaves=8
num_cat=0
split_feature=1 16 1 14 1 9 1
split_gain=0.810332 2.21313 1.96294 1.892 1.61318 1.30011 1.2092
threshold=-0.022744554431511684 -0.0015811486344380341 -0.015264138449350982 -0.077913276979976895 -0.027351866122649612 -0.077866062752945983 0.021333373787792546
decision_type=2 2 2 2 2 8 2
left_child=4 2 -2 -3 -1 -4 -7
right_child=1 3 5 -5 -6 6 -8
leaf_value=5.1830642129268893e-06 -0.00030613100639506228 -0.00013031755195941114 -0.00029373630154291949 1.0787982217525403e-05 0.00032309170170204474 5.4053265629037299e-05 -0.0002607614242558585
leaf_weight=178 31 31 39 328 33 81 26
leaf_count=178 31 31 39 328 33 81 26
internal_value=0.000100402 -0.000932836 -0.00550847 0.00132312 0.00272512 -0.00308219 -0.000233645
internal_weight=747 536 177 359 211 146 107
internal_count=747 536 177 359 211 146 107
is_linear=0
shrinkage=0.05


Tree=73
num_leaves=8
num_cat=0
split_feature=8 8 16 6 0 4 4
split_gain=1.52127 1.44603 1.46761 1.17815 1.50543 1.85463 1.24954
threshold=-0.095506939861822224 -0.024544398962602351 0.02402198364691566 1.1465015130757255 0.014285461713376859 0.029317245380579046 0.026643209387931435
decision_type=8 10 2 2 2 2 2
left_child=-1 3 -3 4 5 6 -2
right_child=1 2 -4 -5 -6 -7 -8
leaf_value=8.6574481080745405e-05 -6.9496863994835935e-05 2.9129584385117688e-05 -0.00013334635150991837 -0.00018072552035775012 5.6985356176238288e-05 3.4684909311392793e-05 -0.00013945789142754683
leaf_weight=69 161 348 44 31 35 32 26
leaf_count=69 161 348 44 31 35 32 26
internal_value=0.000536193 -0.000184638 0.00178571 -0.00289474 -0.00177165 -0.0033105 -0.0052139
internal_weight=746 677 392 285 254 219 187
internal_count=746 677 392 285 254 219 187
is_linear=0
shrinkage=0.05


Tree=74
num_leaves=8
num_cat=0
split_feature=10 10 10 0 7 2 11
split_gain=1.05577 2.66071 1.22041 2.63689 2.36359 1.78499 1.43215
threshold=0.012396471332785432 0.0078861998307097076 0.0014013952122059472 -0.0012524209090467584 0.0010119776037937902 -0.02564757307211157 -0.011522991723745544
decision_type=2 2 2 2 2 2 2
left_child=1 2 6 4 -4 -5 -1
right_child=-2 -3 3 5 -6 -7 -8
leaf_value=-3.8095854787262904e-05 -0.00011411059701713022 9.2178820945283809e-05 -0.00011020180666986059 -0.00014461407867437422 -0.00048883329635665909 2.8535932264494376e-05 5.3729735999099746e-05
leaf_weight=105 49 88 60 44 29 85 294
leaf_count=105 49 88 60 44 29 85 294
internal_value=0.000464191 0.000957447 -0.000202593 -0.00321101 -0.00983146 0.00135659 0.0014411
internal_weight=754 705 617 218 89 129 399
internal_count=754 705 617 218 89 129 399
is_linear=0
shrinkage=0.05


Tree=75
num_leaves=8
num_cat=0
split_feature=3 11 3 4 13 4 1
split_gain=0.989788 3.33239 1.21313 0.912202 1.99541 1.71099 1.639
threshold=-0.0069750013079425957 -0.0034482783257907541 -0.0057724092059630019 0.030506391111069436 19.440000534057621 0.028330436771206672 0.0080061686831088847
decision_type=2 2 2 2 2 2 2
left_child=1 -1 -2 5 6 -4 -5
right_child=2 -3 3 4 -6 -7 -8
leaf_value=0.00013080720038789411 8.3396202282027458e-05 -0.00017324301065004284 1.1153282461905828e-07 8.9058639161468913e-06 -3.6542775356716328e-05 -0.00021305615929296756 0.00022685658125128636
leaf_weight=35 35 36 414 42 49 77 41
leaf_count=35 35 36 414 42 49 77 41
internal_value=-0.000377229 -0.00598592 0.000227964 -0.000280899 0.00340909 -0.00127291 0.00813253
internal_weight=729 71 658 623 132 491 83
internal_count=729 71 658 623 132 491 83
is_linear=0
shrinkage=0.05


Tree=76
num_leaves=8
num_cat=0
split_feature=12 7 5 10 11 13 4
split_gain=0.893178 1.32056 1.41643 1.90382 1.41669 2.2318 1.8719
threshold=-0.027198367137832798 -0.051561329666181537 0.016002845930803252 0.0046724002397113837 0.010798800902990015 15.234999656677248 0.02847014146066899
decision_type=2 2 2 2 2 2 2
left_child=-1 -2 -3 4 6 -6 -4
right_child=1 2 3 -5 5 -7 -8
leaf_value=-5.0634458898798833e-05 6.3244475276686814e-05 -1.7649629502989889e-05 0.00022081343148129372 -8.4040426905746419e-05 2.5776223058449446e-05 0.00034114303959352819 -1.0991058061973368e-05
leaf_weight=101 54 305 45 94 32 37 83
leaf_count=101 54 305 45 94 32 37 83
internal_value=0.000166445 0.000846154 0.000167785 0.00266323 0.00545685 0.0112319 0.00234375
internal_weight=751 650 596 291 197 69 128
internal_count=751 650 596 291 197 69 128
is_linear=0
shrinkage=0.05


Tree=77
num_leaves=8
num_cat=0
split_feature=8 7 1 1 6 8 4
split_gain=1.30686 1.36153 1.84252 2.09648 1.49084 2.21568 2.21538
threshold=-0.030351904001844506 0.0022282848084251854 0.0057466368735618065 0.019565404578758775 -0.59438038761791956 -0.06616074188215236 0.02688654749516135
decision_type=10 2 2 2 2 10 2
left_child=1 2 4 -4 -1 6 -6
right_child=-2 -3 3 -5 5 -7 -8
leaf_value=9.1192688565234985e-05 1.1569390933341374e-05 -0.00032007073764423041 0.00024445048298064572 -9.5119689065872404e-05 4.8669433627754571e-05 -0.00016586249464579277 -9.5130684981955033e-05
leaf_weight=64 413 37 34 32 65 55 52
leaf_count=64 413 37 34 32 65 55 52
internal_value=-0.000132979 -0.00243363 -0.0013245 0.00606061 -0.00338983 -0.00581395 -0.00192308
internal_weight=752 339 302 66 236 172 117
internal_count=752 339 302 66 236 172 117
is_linear=0
shrinkage=0.05


Tree=78
num_leaves=8
num_cat=0
split_feature=14 14 14 2 13 5 9
split_gain=0.914037 0.731085 1.38845 1.30167 1.08008 1.47698 1.00207
threshold=-0.10816573528732347 -0.036136320679139293 -0.014609583018452553 -0.10605633250443351 13.659999847412111 0.017163761433413412 -0.093454867191620869
decision_type=2 2 2 2 2 2 10
left_child=-1 6 4 -4 -3 -6 -2
right_child=1 2 3 -5 5 -7 -8
leaf_value=-7.4848985058031887e-05 3.9541853976272157e-05 5.3702843181277861e-06 0.00021974703687634248 -1.0693764954308326e-07 -0.0001554225831105335 -2.9175568773880303e-05 -0.0001359182907414713
leaf_weight=28 108 31 26 408 44 38 55
leaf_count=28 108 31 26 408 44 38 55
internal_value=-6.77507e-05 0.00028169 -0.00059415 0.000691244 -0.00553097 -0.00853659 0.00322086
internal_weight=738 710 547 434 113 82 163
internal_count=738 710 547 434 113 82 163
is_linear=0
shrinkage=0.05


Tree=79
num_leaves=8
num_cat=0
split_feature=8 2 8 10 13 8 14
split_gain=1.18942 1.48331 1.41613 1.11943 1.50376 1.6541 1.0685
threshold=0.053520807033608848 0.054149321906688426 0.11348658807869307 0.0080340487242571718 19.625000000000004 -0.04736965658623115 0.049298283120689408
decision_type=10 2 10 2 2 10 2
left_child=1 3 -2 6 5 -5 -1
right_child=2 -3 -4 4 -6 -7 -8
leaf_value=-1.0240073781372635e-05 -6.2736640475184895e-05 0.00019451821578174956 4.0091080828145825e-05 7.0058451194177302e-05 -5.8659689783188957e-05 5.1790442221182542e-05 2.890985047768095e-05
leaf_weight=355 114 54 25 33 25 37 109
leaf_count=355 114 54 25 33 25 37 109
internal_value=0.000398936 0.00134584 -0.00377698 0.000581395 0.00552632 0.00928571 -0.000431034
internal_weight=752 613 139 559 95 70 464
internal_count=752 613 139 559 95 70 464
is_linear=0
shrinkage=0.05


end of trees

feature_importances:
dvol_z_20=64
dist_ma50=56
vix_chg_1d=47
atr_pct=42
dist_ma200=39
ret_5d=35
ret_1d=34
spy_ret_20d=31
dist_ma20=29
spy_ret_1d=28
spy_ret_5d=27
overnight_gap=25
sector_ret_1d=24
ret_20d=23
sector_ret_5d=22
vix_level=18
parkinson_20=16

parameters:
[boosting: gbdt]
[objective: quantile]
[metric: quantile]
[tree_learner: serial]
[device_type: cpu]
[data_sample_strategy: bagging]
[data: ]
[valid: ]
[num_iterations: 80]
[learning_rate: 0.05]
[num_leaves: 8]
[num_threads: 1]
[seed: 0]
[deterministic: 0]
[force_col_wise: 1]
[force_row_wise: 0]
[histogram_pool_size: -1]
[max_depth: -1]
[min_data_in_leaf: 25]
[min_sum_hessian_in_leaf: 0.001]
[bagging_fraction: 0.9]
[pos_bagging_fraction: 1]
[neg_bagging_fraction: 1]
[bagging_freq: 1]
[bagging_seed: 3]
[bagging_by_query: 0]
[feature_fraction: 0.9]
[feature_fraction_bynode: 1]
[feature_fraction_seed: 2]
[extra_trees: 0]
[extra_seed: 6]
[early_stopping_round: 0]
[early_stopping_min_delta: 0]
[first_metric_only: 0]
[max_delta_step: 0]
[lambda_l1: 0]
[lambda_l2: 0]
[linear_lambda: 0]
[min_gain_to_split: 0]
[drop_rate: 0.1]
[max_drop: 50]
[skip_drop: 0.5]
[xgboost_dart_mode: 0]
[uniform_drop: 0]
[drop_seed: 4]
[top_rate: 0.2]
[other_rate: 0.1]
[min_data_per_group: 100]
[max_cat_threshold: 32]
[cat_l2: 10]
[cat_smooth: 10]
[max_cat_to_onehot: 4]
[top_k: 20]
[monotone_constraints: ]
[monotone_constraints_method: basic]
[monotone_penalty: 0]
[feature_contri: ]
[forcedsplits_filename: ]
[refit_decay_rate: 0.9]
[cegb_tradeoff: 1]
[cegb_penalty_split: 0]
[cegb_penalty_feature_lazy: ]
[cegb_penalty_feature_coupled: ]
[path_smooth: 0]
[interaction_constraints: ]
[verbosity: -1]
[saved_feature_importance_type: 0]
[use_quantized_grad: 0]
[num_grad_quant_bins: 4]
[quant_train_renew_leaf: 0]
[stochastic_rounding: 1]
[linear_tree: 0]
[max_bin: 255]
[max_bin_by_feature: ]
[min_data_in_bin: 3]
[bin_construct_sample_cnt: 200000]
[data_random_seed: 1]
[is_enable_sparse: 1]
[enable_bundle: 1]
[use_missing: 1]
[zero_as_missing: 0]
[feature_pre_filter: 1]
[pre_partition: 0]
[two_round: 0]
[header: 0]
[label_column: ]
[weight_column: ]
[group_column: ]
[ignore_column: ]
[categorical_feature: ]
[forcedbins_filename: ]
[precise_float_parser: 0]
[parser_config_file: ]
[objective_seed: 5]
[num_class: 1]
[is_unbalance: 0]
[scale_pos_weight: 1]
[sigmoid: 1]
[boost_from_average: 1]
[reg_sqrt: 0]
[alpha: 0.5]
[fair_c: 1]
[poisson_max_delta_step: 0.7]
[tweedie_variance_power: 1.5]
[lambdarank_truncation_level: 30]
[lambdarank_norm: 1]
[label_gain: ]
[lambdarank_position_bias_regularization: 0]
[eval_at: ]
[multi_error_top_k: 1]
[auc_mu_weights: ]
[num_machines: 1]
[local_listen_port: 12400]
[time_out: 120]
[machine_list_filename: ]
[machines: ]
[gpu_platform_id: -1]
[gpu_device_id: -1]
[gpu_device_id_list: ]
[gpu_use_dp: 0]
[num_gpu: 1]

end of parameters

pandas_categorical:[]
