tree
version=v4
num_class=1
num_tree_per_iteration=1
label_index=0
max_feature_idx=16
objective=quantile
feature_names=ret_1d ret_5d ret_20d overnight_gap atr_pct parkinson_20 dvol_z_20 dist_ma20 dist_ma50 dist_ma200 spy_ret_1d spy_ret_5d spy_ret_20d vix_level vix_chg_1d sector_ret_1d sector_ret_5d
feature_infos=[-0.073915175288060797:0.10094231867504266] [-0.13618117094599713:0.16386401688869467] [-0.20914338796363885:0.230488299743] [-0.070612029546254007:0.050221099178774375] [0.014741013195813727:0.050661555325958257] [0.0088461284414540643:0.02721128226936009] [-2.1610549415672904:4.2203015912790667] [-0.16107629387707068:0.13557724329846876] [-0.18314697194981844:0.19494963690500433] [-0.34586766739450003:0.36492327649432243] [-0.058542947643003718:0.10501933612632941] [-0.11496158439845272:0.082843216242346029] [-0.12265592443394913:0.15756596870864792] [11.859999656677246:52.330001831054688] [-0.35753873962348437:0.74039073966007019] [-0.054845245580940394:0.043465182734245822] [-0.079035682487500813:0.068782287822878097]
tree_sizes=843 870 874 865 858 860 854 859 871 863 862 871 852 859 875 872 864 877 868 873 866 873 868 868

Tree=0
num_leaves=8
num_cat=0
split_feature=6 7 7 10 9 14 13
split_gain=1.60878 0.916659 1.26619 0.642969 0.544518 0.630278 0.5673
threshold=0.46562415684785147 0.067170039452815092 -0.047870265609976641 0.0079281372903893272 -0.26014933238396004 -0.048564324883399894 22.270000457763675
decision_type=2 2 2 2 10 2 2
left_child=3 2 -2 4 -1 -6 -7
right_child=1 -3 -4 -5 5 6 -8
leaf_value=-0.020857222189376488 -0.02174193658851948 -0.021910383824822698 -0.021274976231352334 -0.020855760634787224 -0.021348692827964491 -0.021148805284664191 -0.021875283349016734
leaf_weight=121 29 25 139 94 39 278 25
leaf_count=121 29 25 139 94 39 278 25
internal_value=-0.0213499 -0.0252839 -0.0239546 -0.0199867 -0.0207522 -0.0217721 -0.021002
internal_weight=750 193 168 557 463 342 303
internal_count=750 193 168 557 463 342 303
is_linear=0
shrinkage=1


Tree=1
num_leaves=8
num_cat=0
split_feature=0 1 9 12 3 3 4
split_gain=1.24073 1.11647 0.598524 0.606385 0.963993 0.650743 0.835011
threshold=-0.030725040668502453 0.054127181756367999 -0.27138521275007876 0.019854414597249462 0.0058966399167117442 0.0010200645582283399 0.031346378839575202
decision_type=2 2 10 2 2 2 2
left_child=-1 2 -2 4 5 6 -4
right_child=1 -3 3 -5 -6 -7 -8
leaf_value=-0.00043650052187827994 0.00030829568387302672 -0.0004056252179268588 -0.00030292929928517538 6.2499182009299368e-05 -0.00058983549287307214 0.00041040628455517818 0.00022889569919018121
leaf_weight=29 179 49 91 257 33 50 46
leaf_count=29 179 49 91 257 33 50 46
internal_value=-0.000381471 3.54612e-05 0.000579268 -0.000345912 -0.00227273 -0.000882353 -0.00266423
internal_weight=734 705 656 477 220 187 137
internal_count=734 705 656 477 220 187 137
is_linear=0
shrinkage=0.05


Tree=2
num_leaves=8
num_cat=0
split_feature=1 0 16 6 16 12 11
split_gain=1.66048 1.09241 0.823112 0.579285 0.672075 0.930992 0.382178
threshold=0.054127181756367999 -0.030725040668502453 0.01494216430465767 -0.55150491381749189 -0.024044302829999861 -0.039191737143437648 0.0033857375272920991
decision_type=2 2 2 2 2 2 2
left_child=1 -1 -2 -3 -5 -6 -7
right_child=2 3 -4 4 5 6 -8
leaf_value=-0.00041683844593001215 -8.3427507580825636e-05 0.00021326287937430794 -0.00057855671210942897 -0.00026632648023376421 -0.00073760879036510317 0.00025492118851967114 -1.6082957068188786e-05
leaf_weight=28 27 230 28 39 25 160 212
leaf_count=28 27 230 28 39 25 160 212
internal_value=-0.000273698 0.000389049 -0.00863636 0.000795796 -0.000275229 0.000340051 0.000967742
internal_weight=749 694 55 666 436 397 372
internal_count=749 694 55 666 436 397 372
is_linear=0
shrinkage=0.05


Tree=3
num_leaves=8
num_cat=0
split_feature=0 7 6 10 10 13 16
split_gain=1.39729 1.00292 0.532562 0.561495 0.883353 0.528286 0.703596
threshold=-0.030725040668502453 0.07131746766681836 -0.56611182537579974 0.0079281372903893272 0.0060647119333787644 18.444999694824222 -0.012943388279621047
decision_type=2 2 2 2 2 2 2
left_child=-1 2 -2 4 5 -4 -7
right_child=1 -3 3 -5 -6 6 -8
leaf_value=-0.00039599652363351157 0.00020259973523126392 -0.0005312167034352528 6.6610613983375915e-05 0.00034898825902017418 -0.00046665326881977355 0.00024580051393249846 -0.00064320790459071356
leaf_weight=28 220 29 250 89 27 42 58
leaf_count=28 220 29 250 89 27 42 58
internal_value=-0.000114401 0.000314685 0.000699709 -0.000257511 -0.0011008 -0.000428571 -0.0035
internal_weight=743 715 686 466 377 350 100
internal_count=743 715 686 466 377 350 100
is_linear=0
shrinkage=0.05


Tree=4
num_leaves=8
num_cat=0
split_feature=7 15 7 14 16 3 6
split_gain=1.02943 0.973604 0.948301 0.566314 0.66 0.537974 0.369231
threshold=0.07131746766681836 -0.00087892144138085315 -0.064574606514916075 -0.026973540467474796 -0.014631406919019039 -0.0052592069906988162 -0.96774174868286711
decision_type=2 2 2 2 2 2 2
left_child=1 2 -1 4 -4 -3 -5
right_child=-2 5 3 6 -6 -7 -8
leaf_value=-0.00048659413474337517 -0.0005046558682634902 -0.00019272516440911678 0.00013579582162236395 -0.00056386575445826104 -0.00015870851739636333 0.00027037715012116092 0.00016497835585432786
leaf_weight=26 29 46 25 32 30 350 208
leaf_count=26 29 46 25 32 30 350 208
internal_value=0.000442359 0.0008159 -0.00123053 -0.000423729 -0.005 0.00247475 0.000625
internal_weight=746 717 321 295 55 396 240
internal_count=746 717 321 295 55 396 240
is_linear=0
shrinkage=0.05


Tree=5
num_leaves=8
num_cat=0
split_feature=6 7 7 16 0 10 9
split_gain=1.45095 0.992621 1.3856 0.527946 0.600522 0.796088 0.413762
threshold=0.46562415684785147 -0.047870265609976641 0.062685092159138103 -0.007739577750454473 0.0086691688842834864 -0.0016165810670417111 -0.26014933238396004
decision_type=2 2 2 2 2 2 10
left_child=6 -2 3 -3 5 -5 -1
right_child=1 2 -4 4 -6 -7 -8
leaf_value=0.00032530957641650629 -0.00040511035151978998 0.0002737519827527516 -0.00063179084545151849 0.00028578923747062628 0.00045934611648845085 -0.00076170378341336204 4.0776263283381896e-05
leaf_weight=146 29 36 25 26 41 32 402
leaf_count=146 29 36 25 26 41 32 402
internal_value=4.749e-05 -0.00373016 -0.0021875 -0.000185185 -0.00207071 -0.00534483 0.00135037
internal_weight=737 189 160 135 99 58 548
internal_count=737 189 160 135 99 58 548
is_linear=0
shrinkage=0.05


Tree=6
num_leaves=8
num_cat=0
split_feature=0 7 14 6 9 7 8
split_gain=1.1486 0.89907 0.494895 0.763531 1.18056 0.49601 0.442308
threshold=-0.030725040668502453 0.072021552418210746 0.018287022450050875 -0.040841735162917357 -0.014656103249512107 0.021305588684327862 -0.050853168167244549
decision_type=2 2 2 2 8 2 8
left_child=-1 2 -2 5 -5 6 -4
right_child=1 -3 3 4 -6 -7 -8
leaf_value=-0.00032512261975095814 0.00011893637503887427 -0.00052148222485255897 -8.9442393243986638e-05 -0.000588267031143543 0.00037912955755605408 -0.00072179509805091592 0.00025460195407841965
leaf_weight=31 457 25 48 45 40 31 69
leaf_count=31 457 25 48 45 40 31 69
internal_value=-9.38336e-05 0.000314685 0.000652174 -0.00122318 -0.005 0.000945946 0.0024359
internal_weight=746 715 690 233 85 148 117
internal_count=746 715 690 233 85 148 117
is_linear=0
shrinkage=0.05


Tree=7
num_leaves=8
num_cat=0
split_feature=15 3 0 8 12 8 2
split_gain=1.07608 1.31445 1.08176 0.76195 0.6 0.681051 0.780488
threshold=-0.001801335762557865 0.0050135834542632826 -0.030725040668502453 0.039812932842247746 0.0011335469917099774 0.084850771456131638 0.078346608821555433
decision_type=2 2 2 8 2 8 2
left_child=1 2 -1 -2 -5 6 -6
right_child=3 -3 -4 4 5 -7 -8
leaf_value=-0.00028678924657196426 0.00022328297149483119 -0.0005678975368328021 -7.0623336790947466e-07 0.0002223828347242622 -0.00030888456775855728 -0.00044141142448493798 0.00037791978570213269
leaf_weight=25 320 37 228 27 41 26 41
leaf_count=25 320 37 228 27 41 26 41
internal_value=-3.35569e-05 -0.00241379 -0.00112648 0.00148352 -0.00166667 -0.00333333 -0.00109756
internal_weight=745 290 253 455 135 108 82
internal_count=745 290 253 455 135 108 82
is_linear=0
shrinkage=0.05


Tree=8
num_leaves=8
num_cat=0
split_feature=6 7 1 6 10 10 12
split_gain=0.894848 0.942152 0.764445 0.601725 0.629346 0.46088 0.792278
threshold=-0.58201646066610424 -0.064574606514916075 0.054127181756367999 -0.4856779847762806 0.0090796320143422555 -0.0030276506534414045 0.040743458485600355
decision_type=2 2 2 2 2 2 2
left_child=-1 -2 3 -3 5 -5 -7
right_child=1 2 -4 4 -6 6 -8
leaf_value=0.00021389189978033064 -0.00041568673753705022 -0.00010475995259529291 -0.00035347451860593727 0.00019558748237704117 0.0004243967550081291 -1.1736609800306564e-05 -0.00039807344568670779
leaf_weight=229 35 35 52 120 63 176 54
leaf_count=229 35 35 52 120 63 176 54
internal_value=-0.000235602 -0.00135514 -0.0008 -0.000133928 0.000399516 -0.000428571 -0.00173913
internal_weight=764 535 500 448 413 350 230
internal_count=764 535 500 448 413 350 230
is_linear=0
shrinkage=0.05


Tree=9
num_leaves=8
num_cat=0
split_feature=6 14 12 10 11 3 11
split_gain=0.950139 0.896099 1.439 0.946047 0.55022 0.530484 0.773858
threshold=0.46562415684785147 -0.041810588725082691 -0.011548235899129232 -0.00018006943063253453 -0.0019312644635973706 -0.0047144730273958593 0.01314891866926249
decision_type=2 2 2 2 2 2 2
left_child=4 -2 -3 -4 -1 6 -6
right_child=1 2 3 -5 5 -7 -8
leaf_value=0.00027163342241856716 0.00012902362340792045 -0.00072724354345106987 0.0002005828055807501 -0.00063975351770435319 1.6039647683755295e-05 9.0560331414770885e-05 -0.00027451098279288136
leaf_weight=184 48 27 67 46 34 313 25
leaf_count=184 48 27 67 46 34 313 25
internal_value=9.40862e-05 -0.00297872 -0.005 -0.00252212 0.00113309 2.68819e-05 -0.00432203
internal_weight=744 188 140 113 556 372 59
internal_count=744 188 140 113 556 372 59
is_linear=0
shrinkage=0.05


Tree=10
num_leaves=8
num_cat=0
split_feature=0 7 7 7 1 1 16
split_gain=1.34025 1.03396 0.424397 1.28299 0.961593 0.536579 0.613032
threshold=-0.028452765018609213 0.07131746766681836 0.037184886450065242 0.01750302898406975 0.021938666244322062 0.0037659455975637139 0.017020398390840467
decision_type=2 2 2 2 2 2 2
left_child=-1 2 3 5 -5 6 -2
right_child=1 -3 -4 4 -6 -7 -8
leaf_value=-0.00026478404477120525 8.9727477419583633e-05 -0.00034496800353756506 0.00026061136568697409 -3.0761883119645316e-05 -0.00038663610008849775 0.00025639220848099352 -0.00021892832395697091
leaf_weight=34 333 29 95 38 36 154 30
leaf_count=34 333 29 95 38 36 154 30
internal_value=-6.67538e-06 0.000454546 0.000845481 0.00034687 -0.00581081 0.00122824 0.000179064
internal_weight=749 715 686 591 74 517 363
internal_count=749 715 686 591 74 517 363
is_linear=0
shrinkage=0.05


Tree=11
num_leaves=8
num_cat=0
split_feature=0 1 11 15 0 12 12
split_gain=0.957429 0.78358 0.400202 0.468099 0.760951 1.08667 1.24833
threshold=-0.030725040668502453 0.054127181756367999 -0.025492128925019227 -0.00019842252569834959 -0.01402761916277606 0.011595821830406862 0.019854414597249462
decision_type=2 2 2 2 2 2 2
left_child=-1 2 -2 4 -4 -6 -7
right_child=1 -3 3 -5 5 6 -8
leaf_value=-0.00024742053706584279 -0.00019093910711178694 -0.00029265074919504491 0.00031630866381269243 0.0002341875703048286 0.00021665395633885628 -0.00062997457275550659 -1.8225262272898412e-05
leaf_weight=29 39 53 70 340 77 26 113
leaf_count=29 39 53 70 340 77 26 113
internal_value=0.000113789 0.000473538 0.00093985 0.00124601 -0.000244755 -0.00171296 -0.00435252
internal_weight=747 718 665 626 286 216 139
internal_count=747 718 665 626 286 216 139
is_linear=0
shrinkage=0.05


Tree=12
num_leaves=8
num_cat=0
split_feature=0 4 5 9 4 4 6
split_gain=0.840538 0.498323 0.639922 0.557255 0.63787 0.419344 0.55637
threshold=-0.033125367945191157 0.019285026606213906 0.013890105762868548 0.17628832039703382 0.031169643907256586 0.021225337407658442 0.18181384974439793
decision_type=2 2 2 10 2 2 2
left_child=-1 -2 5 -4 -5 -3 -7
right_child=1 2 3 4 -6 6 -8
leaf_value=-0.00018886510905121901 0.00043480567829353925 -0.00021556673334709094 0.00010777699537549476 -0.0004181196361176444 0.0002835502246088294 0.00032157995629317069 -0.00015626116668425403
leaf_weight=26 81 41 435 48 27 44 32
leaf_count=26 81 41 435 48 27 44 32
internal_value=0.000367848 0.000692091 0.000215311 0.000980392 -0.003 -0.00311966 -0.000921052
internal_weight=734 708 627 510 75 117 76
internal_count=734 708 627 510 75 117 76
is_linear=0
shrinkage=0.05


Tree=13
num_leaves=8
num_cat=0
split_feature=1 4 14 7 7 4 4
split_gain=0.807416 0.98561 0.946278 0.781931 0.541515 0.369105 0.573285
threshold=0.036378943882576571 0.031030604617043465 -0.015974596701323503 0.049765527424490481 -0.064574606514916075 0.019285026606213906 0.020503791194568226
decision_type=2 2 2 2 2 2 2
left_child=4 2 -2 -4 -1 -6 -7
right_child=1 -3 3 -5 5 6 -8
leaf_value=-0.00026719734153782688 3.2415699621928276e-05 8.3257638891079993e-05 -0.00036857036363519767 -0.00035586135723824079 0.00040594184281740261 -0.0003614005628849291 7.3974298769378114e-05
leaf_weight=41 38 25 25 26 79 26 485
leaf_count=41 38 25 25 26 79 26 485
internal_value=0.000100671 -0.00377193 -0.00623595 -0.0106863 0.000800317 0.00118644 0.000694716
internal_weight=745 114 89 51 631 590 511
internal_count=745 114 89 51 631 590 511
is_linear=0
shrinkage=0.05


Tree=14
num_leaves=8
num_cat=0
split_feature=0 15 3 3 14 7 16
split_gain=0.722763 0.461702 1.19464 0.742038 0.543905 0.491191 0.475967
threshold=-0.030725040668502453 -0.001801335762557865 0.0050135834542632826 -0.0061610467509957125 0.035942894407802857 0.012475974561605209 -0.00024553288751355534
decision_type=2 2 2 2 2 2 2
left_child=-1 2 5 -3 -5 6 -2
right_child=1 3 -4 4 -6 -7 -8
leaf_value=-0.00017068964516697244 0.00021223735566635034 -0.00040884867816288404 -0.00038579600634331329 0.00013150870454896939 -0.00016987888692031723 -6.4244933514599406e-05 -2.3160448180432011e-05
leaf_weight=27 125 32 38 346 51 48 52
leaf_count=27 125 32 38 346 51 48 52
internal_value=6.25871e-05 0.000375723 -0.00127376 0.00138695 0.00197733 0.000111111 0.00132768
internal_weight=719 692 263 429 397 225 177
internal_count=719 692 263 429 397 225 177
is_linear=0
shrinkage=0.05


Tree=15
num_leaves=8
num_cat=0
split_feature=1 9 12 4 14 1 11
split_gain=0.981063 0.712192 0.575798 0.822569 0.752628 0.895676 1.30379
threshold=-0.066942394607912722 -0.23777921376018732 0.020704081019033652 0.031346378839575202 0.083812216488613714 -0.0043270335878071156 -0.0043480810751578827
decision_type=2 10 2 2 2 2 2
left_child=-1 -2 3 4 5 6 -3
right_child=1 2 -4 -5 -6 -7 -8
leaf_value=-0.00032809261199698509 0.00022434899314931366 -3.687463209913068e-05 7.8486158599495523e-05 0.00013312035707730465 0.00019102111682698405 -5.1300746832904398e-05 -0.00057993039247713834
leaf_weight=29 220 33 260 63 29 74 35
leaf_count=29 220 33 260 63 29 74 35
internal_value=0.000222073 0.000588235 -0.000465587 -0.00226496 -0.00406433 -0.00556338 -0.00970588
internal_weight=743 714 494 234 171 142 68
internal_count=743 714 494 234 171 142 68
is_linear=0
shrinkage=0.05


Tree=16
num_leaves=8
num_cat=0
split_feature=7 0 3 7 7 8 8
split_gain=0.633542 0.724051 0.864981 0.670968 1.54762 0.74314 0.861761
threshold=0.07131746766681836 -0.0023516958242347781 0.0048742578790326183 0.012475974561605209 0.032482813950887264 -0.027608382405098605 -0.049213248827953741
decision_type=2 2 2 2 2 10 10
left_child=1 2 3 5 -5 6 -1
right_child=-2 -3 -4 4 -6 -7 -8
leaf_value=0.00016947041461793435 -0.00027466990919930548 9.7630568268418201e-05 -0.00054771051650912396 -0.00057799322573932454 0.00038320992200147129 0.00025822655673342246 -0.00010747616622063324
leaf_weight=130 29 391 27 30 35 87 28
leaf_count=130 29 391 27 30 35 87 28
internal_value=0.000178336 0.000467033 -0.00123145 -0.000483871 -0.005 0.000714286 -0.00132911
internal_weight=757 728 337 310 65 245 158
internal_count=757 728 337 310 65 245 158
is_linear=0
shrinkage=0.05


Tree=17
num_leaves=8
num_cat=0
split_feature=7 7 7 8 7 7 14
split_gain=0.614119 0.509731 0.818329 0.648988 0.435136 0.753588 0.572109
threshold=-0.064574606514916075 -0.043815150797286977 -0.037631987457200637 0.12998131624286205 -0.0091647090307444539 0.0032212507577720211 -0.0022749768251851816
decision_type=2 2 2 8 2 2 2
left_child=-1 -2 -3 4 -4 6 -6
right_child=1 2 3 -5 5 -7 -8
leaf_value=-0.00024392634221008166 0.00040084692121851131 -0.00016745685873574095 0.00020847907468320886 -0.00022273103142205557 -0.00033308082938997258 2.3425926934263233e-05 0.00010878252424362078
leaf_weight=41 72 25 224 29 56 250 49
leaf_count=41 72 25 224 29 56 250 49
internal_value=-2.68095e-05 0.000319149 -0.000134281 0.000230263 0.000595855 -0.000492958 -0.00404762
internal_weight=746 705 633 608 579 355 105
internal_count=746 705 633 608 579 355 105
is_linear=0
shrinkage=0.05


Tree=18
num_leaves=8
num_cat=0
split_feature=6 10 12 11 13 12 14
split_gain=0.65741 0.560617 0.754318 0.832057 0.730519 1.108 1.14933
threshold=-0.58201646066610424 0.0090796320143422555 -0.037333173257957868 0.0023966928807116488 16.095000267028812 0.021751379698535137 -0.0066427814256201914
decision_type=2 2 2 2 2 2 2
left_child=-1 2 -2 -4 5 -5 -7
right_child=1 -3 3 4 -6 6 -8
leaf_value=0.00015659363232344074 -0.0007066572242215495 0.00017600010915646641 0.00010665312510925685 -0.00020988716148885941 1.1191933844115719e-05 0.00012445449736541301 -0.00028037336319711555
leaf_weight=221 38 80 183 37 99 42 53
leaf_count=221 38 80 183 37 99 42 53
internal_value=0.000219124 -0.000733083 -0.00141593 -0.000797101 -0.00279221 -0.00522727 -0.00236842
internal_weight=753 532 452 414 231 132 95
internal_count=753 532 452 414 231 132 95
is_linear=0
shrinkage=0.05


Tree=19
num_leaves=8
num_cat=0
split_feature=3 1 4 9 12 12 15
split_gain=0.726781 0.870827 0.426003 0.461214 0.739875 1.12007 0.794558
threshold=-0.0081029085983845266 -0.021177920368691702 0.031580927710264869 -0.25774792260551971 0.019854414597249462 0.011595821830406862 -0.00045293766750092995
decision_type=2 2 2 10 2 2 2
left_child=1 -1 3 -2 5 -5 -7
right_child=2 -3 -4 4 -6 6 -8
leaf_value=-0.00039866278041583302 0.00022422965888858182 7.1370976708705859e-05 0.00018999414372844901 -3.1524085392990313e-06 2.071232380245767e-05 -0.0006000969067593288 -9.0505427134580094e-05
leaf_weight=27 170 26 107 109 248 27 25
leaf_count=27 170 26 107 109 248 27 25
internal_value=0.00026387 -0.00537736 0.000699709 0.000164076 -0.000745721 -0.00338509 -0.00942308
internal_weight=739 53 686 579 409 161 52
internal_count=739 53 686 579 409 161 52
is_linear=0
shrinkage=0.05


Tree=20
num_leaves=8
num_cat=0
split_feature=13 7 7 1 3 10 7
split_gain=0.851584 0.477169 0.647682 0.645084 0.942308 0.552799 0.514232
threshold=26.85000038146973 -0.0091647090307444539 -0.02166092944073927 -0.005870689851234733 -0.0008933216188647396 0.0075491306904977859 0.072021552418210746
decision_type=2 2 2 2 2 2 2
left_child=1 2 5 4 -3 -1 -5
right_child=-2 3 -4 6 -6 -7 -8
leaf_value=-4.5911072111525865e-05 -0.00092844839374524248 -0.00027938166500842196 0.00027991019156085254 2.1309791904737554e-05 6.9859559668710718e-05 0.00038840001347882099 -0.00031122537109744795
leaf_weight=179 25 39 125 275 36 46 26
leaf_count=179 25 39 125 275 36 46 26
internal_value=7.32359e-05 0.000385675 0.00171429 -0.000851064 -0.005 0.000111111 0.000182724
internal_weight=751 726 350 376 75 225 301
internal_count=751 726 350 376 75 225 301
is_linear=0
shrinkage=0.05


Tree=21
num_leaves=8
num_cat=0
split_feature=3 8 10 10 4 4 6
split_gain=0.591961 0.79364 0.573736 0.595584 0.511998 0.728013 0.425175
threshold=0.0003691794967191076 -0.11455361784621824 0.0075491306904977859 0.0055837889125804905 0.031470498143670124 0.029544237208104403 -0.96774174868286711
decision_type=2 10 2 2 2 2 2
left_child=1 -1 3 4 5 6 -3
right_child=-2 2 -4 -5 -6 -7 -8
leaf_value=-0.00023637096544215674 8.4596733528132781e-05 -0.00024246926316346526 0.00029585165241692265 -0.00024093304702521069 0.00040597884872540374 -0.00019122705281056793 1.0722825536038177e-05
leaf_weight=35 351 28 50 33 43 25 183
leaf_count=35 351 28 50 33 43 25 183
internal_value=0.00065508 -0.000667506 2.76245e-05 -0.000769231 -1.7921e-05 -0.000932203 2.36969e-05
internal_weight=748 397 362 312 279 236 211
internal_count=748 397 362 312 279 236 211
is_linear=0
shrinkage=0.05


Tree=22
num_leaves=8
num_cat=0
split_feature=11 11 4 9 15 16 13
split_gain=0.809872 0.506577 0.48281 1.17897 0.483904 0.756 0.531863
threshold=-0.025492128925019227 -0.0043480810751578827 0.031580927710264869 0.15544314549459751 0.0096033897267845409 0.025851771004299921 13.744999885559084
decision_type=2 2 2 10 2 2 2
left_child=-1 -2 3 4 5 6 -3
right_child=1 2 -4 -5 -6 -7 -8
leaf_value=-0.00065217179675226876 0.00018276892967100916 0.00014931837692652239 0.00017208849535374141 -0.00046950746650165868 0.00010569557747445755 -0.00027663356392836454 -1.984182396085243e-05
leaf_weight=44 173 102 73 34 43 25 248
leaf_count=44 173 102 73 34 43 25 248
internal_value=0.000215634 0.000630373 -0.000142857 -0.000752212 -2.39233e-05 -0.0006 1.86265e-10
internal_weight=742 698 525 452 418 375 350
internal_count=742 698 525 452 418 375 350
is_linear=0
shrinkage=0.05


Tree=23
num_leaves=8
num_cat=0
split_feature=1 16 7 7 7 16 3
split_gain=0.711168 0.870827 0.539479 0.705595 0.836622 0.686726 0.950896
threshold=0.054127181756367999 0.01494216430465767 0.032482813950887264 -0.0039572782654498364 -0.0012485800610241291 0.0051778374353466114 1.0000000180025095e-35
decision_type=2 2 2 2 2 2 2
left_child=2 -2 3 -1 -5 6 -6
right_child=1 -3 -4 4 5 -7 -8
leaf_value=9.4547037781522188e-05 7.4171375855023434e-05 -0.00030812525366285273 0.00030851721094945773 -0.00091235110561043277 -0.00049618654223544223 6.2285607137447946e-05 0.00012324536860304448
leaf_weight=410 26 27 101 25 46 75 41
leaf_count=410 26 27 101 25 46 75 41
internal_value=0.000206392 -0.00537736 0.000630373 5.86267e-05 -0.00248663 -0.00117284 -0.0041954
internal_weight=751 53 698 597 187 162 87
internal_count=751 53 698 597 187 162 87
is_linear=0
shrinkage=0.05


end of trees

feature_importances:
dist_ma20=30
ret_1d=12
ret_5d=12
overnight_gap=12
atr_pct=12
dvol_z_20=12
spy_ret_20d=12
spy_ret_1d=11
sector_ret_5d=10
vix_chg_1d=9
dist_ma200=8
spy_ret_5d=8
dist_ma50=7
sector_ret_1d=6
vix_level=5
ret_20d=1
parkinson_20=1

parameters:
[boosting: gbdt]
[objective: quantile]
[metric: quantile]
[tree_learner: serial]
[device_type: cpu]
[data_sample_strategy: bagging]
[data: ]
[valid: ]
[num_iterations: 80]
[learning_rate: 0.05]
[num_leaves: 8]
[num_threads: 1]
[seed: 0]
[deterministic: 0]
[force_col_wise: 1]
[force_row_wise: 0]
[histogram_pool_size: -1]
[max_depth: -1]
[min_data_in_leaf: 25]
[min_sum_hessian_in_leaf: 0.001]
[bagging_fraction: 0.9]
[pos_bagging_fraction: 1]
[neg_bagging_fraction: 1]
[bagging_freq: 1]
[bagging_seed: 3]
[bagging_by_query: 0]
[feature_fraction: 0.9]
[feature_fraction_bynode: 1]
[feature_fraction_seed: 2]
[extra_trees: 0]
[extra_seed: 6]
[early_stopping_round: 0]
[early_stopping_min_delta: 0]
[first_metric_only: 0]
[max_delta_step: 0]
[lambda_l1: 0]
[lambda_l2: 0]
[linear_lambda: 0]
[min_gain_to_split: 0]
[drop_rate: 0.1]
[max_drop: 50]
[skip_drop: 0.5]
[xgboost_dart_mode: 0]
[uniform_drop: 0]
[drop_seed: 4]
[top_rate: 0.2]
[other_rate: 0.1]
[min_data_per_group: 100]
[max_cat_threshold: 32]
[cat_l2: 10]
[cat_smooth: 10]
[max_cat_to_onehot: 4]
[top_k: 20]
[monotone_constraints: ]
[monotone_constraints_method: basic]
[monotone_penalty: 0]
[feature_contri: ]
[forcedsplits_filename: ]
[refit_decay_rate: 0.9]
[cegb_tradeoff: 1]
[cegb_penalty_split: 0]
[cegb_penalty_feature_lazy: ]
[cegb_penalty_feature_coupled: ]
[path_smooth: 0]
[interaction_constraints: ]
[verbosity: -1]
[saved_feature_importance_type: 0]
[use_quantized_grad: 0]
[num_grad_quant_bins: 4]
[quant_train_renew_leaf: 0]
[stochastic_rounding: 1]
[linear_tree: 0]
[max_bin: 255]
[max_bin_by_feature: ]
[min_data_in_bin: 3]
[bin_construct_sample_cnt: 200000]
[data_random_seed: 1]
[is_enable_sparse: 1]
[enable_bundle: 1]
[use_missing: 1]
[zero_as_missing: 0]
[feature_pre_filter: 1]
[pre_partition: 0]
[two_round: 0]
[header: 0]
[label_column: ]
[weight_column: ]
[group_column: ]
[ignore_column: ]
[categorical_feature: ]
[forcedbins_filename: ]
[precise_float_parser: 0]
[parser_config_file: ]
[objective_seed: 5]
[num_class: 1]
[is_unbalance: 0]
[scale_pos_weight: 1]
[sigmoid: 1]
[boost_from_average: 1]
[reg_sqrt: 0]
[alpha: 0.1]
[fair_c: 1]
[poisson_max_delta_step: 0.7]
[tweedie_variance_power: 1.5]
[lambdarank_truncation_level: 30]
[lambdarank_norm: 1]
[label_gain: ]
[lambdarank_position_bias_regularization: 0]
[eval_at: ]
[multi_error_top_k: 1]
[auc_mu_weights: ]
[num_machines: 1]
[local_listen_port: 12400]
[time_out: 120]
[machine_list_filename: ]
[machines: ]
[gpu_platform_id: -1]
[gpu_device_id: -1]
[gpu_device_id_list: ]
[gpu_use_dp: 0]
[num_gpu: 1]

end of parameters

pandas_categorical:[]
