tree
version=v4
num_class=1
num_tree_per_iteration=1
label_index=0
max_feature_idx=16
objective=quantile
feature_names=ret_1d ret_5d ret_20d overnight_gap atr_pct parkinson_20 dvol_z_20 dist_ma20 dist_ma50 dist_ma200 spy_ret_1d spy_ret_5d spy_ret_20d vix_level vix_chg_1d sector_ret_1d sector_ret_5d
feature_infos=[-0.072438652433106765:0.11523239760699489] [-0.12767967444226436:0.18968481375358159] [-0.19783197831978327:0.27125079097236893] [-0.069390498954287394:0.083571099861941889] [0.016254242348061068:0.057614996461647326] [0.010851660221472055:0.032402511101250697] [-2.3060279191481015:4.1367181341770811] [-0.13716323296354993:0.16622645342930964] [-0.16891185382495943:0.27617012681393072] [-0.23905762885660187:0.41997510169515606] [-0.058542947643003718:0.10501933612632941] [-0.11496158439845272:0.082843216242346029] [-0.12265592443394913:0.15756596870864792] [11.859999656677246:52.330001831054688] [-0.35753873962348437:0.74039073966007019] [-0.060397403108400582:0.10888057162300102] [-0.11617882919005618:0.10060180541624875]
tree_sizes=831 861 857 869 861 862 852 857 862 859 861 846 862 860 853 861 858 863 860 854 856 855 859 859 870 857 855 863 863 868 861 864 853 858 862 857 859 856 858 858 855 857 852 858 857 872

Tree=0
num_leaves=8
num_cat=0
split_feature=16 2 16 10 6 8 12
split_gain=4.40642 2.25489 2.3797 2.17016 2.15771 2.0003 1.96875
threshold=-0.013849585696338094 0.057334965191195082 0.037969664380835384 -0.0060493286934151782 -0.75704983068838783 0.10368405890115974 -0.027198367137832798
decision_type=2 2 2 2 2 8 2
left_child=5 2 -2 -3 -5 6 -1
right_child=1 3 -4 4 -6 -7 -8
leaf_value=0.012121717492118479 0.011621187813580037 0.011833120509982109 0.011772261699661613 0.011358873662538826 0.011539256013929845 0.012043887842446565 0.011661784909665584
leaf_weight=51 283 26 36 38 183 30 103
leaf_count=51 283 26 36 38 183 30 103
internal_value=0.0114506 0.00926548 0.0120425 0.00567898 0.00407145 0.0181724 0.0158714
internal_weight=750 566 319 247 221 184 154
internal_count=750 566 319 247 221 184 154
is_linear=0
shrinkage=1


Tree=1
num_leaves=8
num_cat=0
split_feature=12 2 7 12 5 2 10
split_gain=4.21583 2.35258 1.68228 2.39971 1.9748 1.83266 3.14369
threshold=-0.024923453703148576 -0.015702492454649327 0.041422441833306463 0.011595821830406862 0.018565478731636179 -0.046895719747886248 0.0053455325599094392
decision_type=2 2 2 2 2 2 2
left_child=1 -1 5 -4 -5 6 -2
right_child=2 -3 3 4 -6 -7 -8
leaf_value=0.00034831119468435644 -0.00023408526554703714 -4.6008571516722481e-05 3.8155163638293762e-05 -8.9671639725565953e-05 -0.00032969141378998753 6.3562188297510138e-05 8.9886304922401916e-05
leaf_weight=82 76 26 51 129 33 311 26
leaf_count=82 76 26 51 129 33 311 26
internal_value=0.00013624 0.00925926 -0.0014377 -0.00504695 -0.00802469 0.000423729 -0.00539216
internal_weight=734 108 626 213 162 413 102
internal_count=734 108 626 213 162 413 102
is_linear=0
shrinkage=0.05


Tree=2
num_leaves=8
num_cat=0
split_feature=12 0 13 6 2 7 1
split_gain=3.63437 2.39017 2.12262 1.75821 1.76394 2.40175 1.30567
threshold=-0.026522918814270154 0.0063122830439872333 12.765000343322756 -0.93369570523581158 -0.036465357062733232 0.028751075042707911 0.068471498659146493
decision_type=2 2 2 2 2 2 2
left_child=1 -1 -2 4 -4 -6 -5
right_child=2 -3 3 6 5 -7 -8
leaf_value=0.00034039774572011087 -0.00029125892836600551 -1.1625017388723799e-05 -0.00036149249691516162 9.1165020130574113e-06 0.00034030458051711315 -0.00014277817402035006 -0.00011399435787461701
leaf_weight=67 44 37 25 465 30 27 54
leaf_count=67 44 37 25 465 30 27 54
internal_value=-0.000500668 0.00817308 -0.00189922 -0.00112313 -0.00792683 -0.00307018 -4.81696e-05
internal_weight=749 104 645 601 82 57 519
internal_count=749 104 645 601 82 57 519
is_linear=0
shrinkage=0.05


Tree=3
num_leaves=8
num_cat=0
split_feature=16 8 9 14 6 16 12
split_gain=3.26887 2.57239 2.50785 1.91031 1.79054 1.97889 1.58701
threshold=-0.013427883446642972 0.11379884154881049 -0.14996890272068289 -0.011938112467112181 -0.78377392761774989 -0.0069527279033146363 0.026646487764570907
decision_type=2 8 10 2 2 2 2
left_child=3 2 -2 -1 -4 -6 -7
right_child=1 -3 4 -5 5 6 -8
leaf_value=-6.5086337132379352e-05 0.0001190024857060052 -0.000244745395181235 -0.00021456641061231497 0.00027405567003879695 -0.00023257154293823993 9.6249080984853148e-05 -5.5271265073679471e-05
leaf_weight=61 86 116 74 126 37 118 125
leaf_count=61 86 116 74 126 37 118 125
internal_value=-0.000504711 -0.00242806 -0.000681818 0.0052139 -0.00254237 -0.000714286 0.000925926
internal_weight=743 556 440 187 354 280 243
internal_count=743 556 440 187 354 280 243
is_linear=0
shrinkage=0.05


Tree=4
num_leaves=8
num_cat=0
split_feature=4 13 5 16 15 15 8
split_gain=3.13028 2.03766 1.87041 2.38304 2.18088 1.70765 1.99565
threshold=0.034313161100792446 12.765000343322756 0.015952303349148506 -0.014283796114835488 -0.014102824581310234 -0.0018541520814138177 0.063777000225136563
decision_type=2 2 2 2 2 2 8
left_child=1 -1 3 -3 -4 6 -5
right_child=-2 2 4 5 -6 -7 -8
leaf_value=-0.00026875244650553223 0.00022759029093023851 0.00030621506591734936 0.00032652153778355567 3.4149999058863532e-05 -6.8236803841718966e-05 0.00010095663582847911 -0.00024208647722669422
leaf_weight=44 68 50 51 36 350 122 25
leaf_count=44 68 50 51 36 350 122 25
internal_value=6.70241e-05 -0.000958702 -0.000236593 0.00332618 -0.00230673 0.00068306 -0.00614754
internal_weight=746 678 634 233 401 183 61
internal_count=746 678 634 233 401 183 61
is_linear=0
shrinkage=0.05


Tree=5
num_leaves=8
num_cat=0
split_feature=10 12 11 11 8 16 14
split_gain=2.45903 3.07349 1.87781 2.35917 1.7845 1.77778 1.93208
threshold=-0.0060493286934151782 0.011595821830406862 -0.010198884987834665 -0.023324980459216712 0.084726035888442977 0.041194344976401183 0.035942894407802857
decision_type=2 2 2 2 10 2 2
left_child=2 4 3 -1 -2 6 -3
right_child=1 5 -4 -5 -6 -7 -8
leaf_value=0.00046866109583925563 2.8149212359625342e-05 -8.4728927953590859e-05 0.00026198619975223837 -0.00013140185636920801 0.00014527358029680908 0.00012440066224410828 -0.00032678650390259296
leaf_weight=31 188 318 57 36 29 33 45
leaf_count=31 188 318 57 36 29 33 45
internal_value=-0.000373134 -0.0016721 0.00604839 0.000373134 0.0031106 -0.00429293 -0.00530303
internal_weight=737 613 124 67 217 396 363
internal_count=737 613 124 67 217 396 363
is_linear=0
shrinkage=0.05


Tree=6
num_leaves=8
num_cat=0
split_feature=16 6 10 11 2 13 9
split_gain=3.06563 2.06273 1.70895 2.18401 2.46724 1.59098 2.81394
threshold=-0.013427883446642972 -0.93369570523581158 -0.0057060977224409606 0.003505922146060048 0.039120570119693505 16.550000190734867 0.18996823340633343
decision_type=2 2 2 2 2 2 8
left_child=-1 -2 -3 5 -5 6 -4
right_child=1 2 3 4 -6 -7 -8
leaf_value=0.00016209956594164616 -0.00020496722582724364 0.00014107737456730022 -0.0004071512722198438 9.7971779897862004e-05 -5.8741030876071542e-05 -6.6358606160606739e-05 -0.00015666620458606268
leaf_weight=181 82 55 31 135 160 63 39
leaf_count=181 82 55 31 135 160 63 39
internal_value=0 -0.00181416 -0.000569358 -0.00163551 0.000762712 -0.00695489 -0.0121429
internal_weight=746 565 483 428 295 133 70
internal_count=746 565 483 428 295 133 70
is_linear=0
shrinkage=0.05


Tree=7
num_leaves=8
num_cat=0
split_feature=12 10 15 8 7 14 1
split_gain=2.32076 1.82651 1.61818 1.57641 1.76049 1.48103 1.4159
threshold=-0.026522918814270154 -0.0036396197641281876 -0.0058259958976452078 -0.030172125308296379 0.039726897847616523 0.08570124221832566 -0.019618943699352239
decision_type=2 2 2 8 2 2 2
left_child=-1 3 -3 -2 5 -5 -4
right_child=1 2 6 4 -6 -7 -8
leaf_value=0.00020452009943886388 -3.7940322524947748e-05 -0.00036833155217575212 -0.00016524975209757879 0.00035684645592094988 -4.4498991352452841e-06 0.0001521571614002535 2.9057473982210123e-06
leaf_weight=109 37 52 109 39 43 25 331
leaf_count=109 37 52 109 39 43 25 331
internal_value=0.000369128 -0.000786164 -0.00223577 0.00416667 0.00724299 0.0125 -0.00125
internal_weight=745 636 492 144 107 64 440
internal_count=745 636 492 144 107 64 440
is_linear=0
shrinkage=0.05


Tree=8
num_leaves=8
num_cat=0
split_feature=11 13 12 11 11 8 9
split_gain=2.94251 2.28598 1.5255 1.26284 2.87409 2.02024 2.17167
threshold=-0.022024013564940267 12.765000343322756 0.062788606761277746 0.003505922146060048 0.0013310073142193126 0.084726035888442977 -0.1011942349251032
decision_type=2 2 2 2 2 8 8
left_child=-1 -2 3 4 -3 6 -5
right_child=1 2 -4 5 -6 -7 -8
leaf_value=0.000291741574250198 -0.00026354959723892023 -4.2274041784830071e-06 -0.00026948877499602869 -0.00012149547782658111 -0.00035871160882048605 -5.8808622991915736e-05 0.00017028768536528593
leaf_weight=69 43 239 42 33 39 104 195
leaf_count=69 43 239 42 33 39 104 195
internal_value=-6.5445e-05 -0.00104317 -0.000306748 0.000327869 -0.00215827 0.00240964 0.00504386
internal_weight=764 695 652 610 278 332 228
internal_count=764 695 652 610 278 332 228
is_linear=0
shrinkage=0.05


Tree=9
num_leaves=8
num_cat=0
split_feature=12 5 6 5 3 12 10
split_gain=2.74757 1.47298 1.47252 2.30755 1.86292 1.37421 2.09803
threshold=-0.049048441539310476 0.012558973251793259 -0.85490661054595751 0.019560698142546185 0.0041476586632597243 0.026209959433217581 -0.0057060977224409606
decision_type=2 2 2 2 2 2 2
left_child=-1 -2 3 4 -3 -4 -7
right_child=1 2 5 -5 -6 6 -8
leaf_value=0.00039805808226603179 0.00011494739376561527 -0.00026419061411458159 8.8973460725591372e-06 4.2022760142992589e-05 4.0320152679619322e-06 0.00020992566689359053 -8.1533072780187212e-05
leaf_weight=39 54 61 295 26 26 26 217
leaf_count=39 54 61 295 26 26 26 217
internal_value=-0.000739247 -0.0014539 -0.00211214 -0.00730088 -0.0112069 -0.0010223 -0.00380658
internal_weight=744 705 651 113 87 538 243
internal_count=744 705 651 113 87 538 243
is_linear=0
shrinkage=0.05


Tree=10
num_leaves=8
num_cat=0
split_feature=12 10 16 3 5 3 10
split_gain=2.98616 2.58074 1.77013 2.67782 2.05986 2.3853 1.43624
threshold=0.026209959433217581 -0.0060493286934151782 -0.012692472844431089 -0.01119083661309994 0.017393983135488449 -0.0034697963579661813 0.0092143368425633438
decision_type=2 2 2 2 2 2 2
left_child=2 -2 4 -4 -1 -6 -5
right_child=1 -3 3 6 5 -7 -8
leaf_value=0.00032273131737785965 0.00024456848161228512 -0.00012969684715620749 0.00020787690816553408 -5.642852274893051e-05 -0.00022416650742212581 0.00013263103715081731 0.0001230571040222082
leaf_weight=57 28 295 29 208 35 53 44
leaf_count=57 28 295 29 208 35 53 44
internal_value=-0.000166889 -0.00379257 0.00258216 0.000266904 0.00706897 0.00227273 -0.00138889
internal_weight=749 323 426 281 145 88 252
internal_count=749 323 426 281 145 88 252
is_linear=0
shrinkage=0.05


Tree=11
num_leaves=8
num_cat=0
split_feature=16 6 9 9 4 14 15
split_gain=1.8435 1.86437 1.74945 1.28926 1.12182 0.970828 1.39131
threshold=-0.030212717742334968 -0.94143531597256713 -0.12930039109448352 0.0093246271788801644 0.029477527124556775 -0.061929277885563232 0.009482957442801811
decision_type=2 2 10 10 2 2 2
left_child=3 2 -2 -1 -4 -3 -7
right_child=1 5 4 -5 -6 6 -8
leaf_value=9.646063387295759e-05 1.2395754023788055e-05 0.00010936601765568454 -0.00030208104347916357 0.00055285595530275898 -0.00014618089819377442 9.0924893365925555e-07 -0.000138898722206023
leaf_weight=48 25 86 29 27 32 419 81
leaf_count=48 25 86 29 27 32 419 81
internal_value=-0.000435074 -0.00126488 -0.00813953 0.007 -0.0127049 -0.000255973 -0.0011
internal_weight=747 672 86 75 61 586 500
internal_count=747 672 86 75 61 586 500
is_linear=0
shrinkage=0.05


Tree=12
num_leaves=8
num_cat=0
split_feature=13 5 11 3 3 1 11
split_gain=1.62906 1.7405 2.62875 2.10938 1.79868 1.6386 1.625
threshold=12.765000343322756 0.017339941779610835 -0.0070947588285928389 0.0084299839801131888 0.0050822814634547972 -0.019099081589287022 0.003505922146060048
decision_type=2 2 2 2 2 2 2
left_child=-1 2 -2 4 -3 -4 -7
right_child=1 3 5 -5 -6 6 -8
leaf_value=-0.00019077054126721371 0.00023348567477222238 -4.3605550352143578e-05 -0.00017766403157915575 0.00013330853020296517 -0.00018534420218935013 -0.00022360150736993169 7.6120837885530933e-05
leaf_weight=39 80 237 58 53 42 65 160
leaf_count=39 80 237 58 53 42 65 160
internal_value=-0.000953678 -0.000395683 0.00199725 -0.00301205 -0.0047491 -0.000265018 0.00166667
internal_weight=734 695 363 332 279 283 225
internal_count=734 695 363 332 279 283 225
is_linear=0
shrinkage=0.05


Tree=13
num_leaves=8
num_cat=0
split_feature=16 13 2 7 12 1 12
split_gain=2.35337 1.93516 2.02626 1.68726 1.65088 1.37038 1.31415
threshold=-0.026386580172202242 12.765000343322756 -0.10759219207812391 0.041422441833306463 0.011595821830406862 0.036912117125040396 -0.018676010215707358
decision_type=2 2 2 2 2 2 2
left_child=6 -2 -3 -4 -5 -6 -1
right_child=1 2 3 4 5 -7 -8
leaf_value=0.00035519179306440032 -0.00021796140271394566 -0.00028279676425636027 2.9872179481456147e-05 1.5757854465202249e-05 -0.00027152025440928002 -3.3219970200565376e-05 8.9678034954140132e-05
leaf_weight=45 40 28 380 55 61 86 50
leaf_count=45 40 28 380 55 61 86 50
internal_value=-0.000771812 -0.00184615 -0.00114754 -0.000515464 -0.00420792 -0.00697279 0.00657895
internal_weight=745 650 610 582 202 147 95
internal_count=745 650 610 582 202 147 95
is_linear=0
shrinkage=0.05


Tree=14
num_leaves=8
num_cat=0
split_feature=16 12 12 1 16 1 11
split_gain=2.34398 1.38138 2.04101 1.41313 1.39396 2.60701 1.87136
threshold=-0.043004901692548163 0.048519167358985434 0.044320359090521573 0.0058236985090927016 0.012253699770448658 0.034611402760368233 0.003505922146060048
decision_type=2 2 2 2 2 2 2
left_child=-1 2 4 -3 5 -2 -6
right_child=1 3 -4 -5 6 -7 -8
leaf_value=0.0003528176957813098 -5.2751196452211456e-06 1.1552733446287996e-05 0.00023921899790401238 -0.00024146854521328237 -0.00031358312987791711 0.00022447661688821072 -1.3185317770347469e-05
leaf_weight=38 305 41 29 56 31 52 167
leaf_count=38 305 41 29 56 31 52 167
internal_value=-0.000243394 -0.000917768 0 -0.0064433 -0.000675676 0.00119048 -0.0040404
internal_weight=719 681 584 97 555 357 198
internal_count=719 681 584 97 555 357 198
is_linear=0
shrinkage=0.05


Tree=15
num_leaves=8
num_cat=0
split_feature=7 4 12 3 3 2 12
split_gain=1.98953 1.61918 1.88692 2.18292 2.32614 1.43857 1.9289
threshold=0.041422441833306463 0.0221292022358223 0.052412040834153968 0.0084299839801131888 0.0051932724091366964 -0.027913860568774537 -0.029032360146205412
decision_type=2 2 2 2 2 2 2
left_child=1 -1 3 4 5 6 -3
right_child=-2 2 -4 -5 -6 -7 -8
leaf_value=0.00032058997412718417 -5.2907895949512931e-05 0.00021660425437616698 -0.00030990226160856584 0.00018935487025704793 -0.0001792632384802765 0.0001163834212866255 -6.3528077475105086e-05
leaf_weight=39 218 40 45 63 48 169 121
leaf_count=39 218 40 45 63 48 169 121
internal_value=-0.000572005 0.00109524 0.000308642 0.00130385 -0.000132275 0.00136364 -0.00201863
internal_weight=743 525 486 441 378 330 161
internal_count=743 525 486 441 378 330 161
is_linear=0
shrinkage=0.05


Tree=16
num_leaves=8
num_cat=0
split_feature=6 16 2 3 11 13 7
split_gain=1.83641 1.87108 1.78176 1.9934 1.70871 1.95843 2.07286
threshold=-1.1864954998960846 0.0072374841799233156 0.097686687522261853 0.0084299839801131888 0.016655619165508066 13.525000095367433 0.032168648326057044
decision_type=2 2 2 2 2 2 2
left_child=-1 2 3 -2 -3 -6 -7
right_child=1 4 -4 -5 5 6 -8
leaf_value=-0.00018986050154575949 3.6091277299449669e-05 -0.00013452141970800467 -3.1096024682243562e-05 0.00035956332547990916 -0.0002433056457468145 0.00015694973017142089 -3.912936830143925e-05
leaf_weight=35 276 183 71 49 26 58 59
leaf_count=35 276 183 71 49 26 58 59
internal_value=-0.000957728 -0.000415512 0.00189394 0.00346154 -0.00322086 0.000874126 0.00363248
internal_weight=757 722 396 325 326 143 117
internal_count=757 722 396 325 326 143 117
is_linear=0
shrinkage=0.05


Tree=17
num_leaves=8
num_cat=0
split_feature=11 3 12 12 2 9 4
split_gain=2.34022 1.32002 1.16726 2.53393 1.17282 1.64495 1.27386
threshold=-0.021243764887310997 0.00095964250238644866 0.048519167358985434 0.044456932771925313 0.058433310937649259 0.2288952111015127 0.034313161100792446
decision_type=2 2 2 2 2 10 2
left_child=1 -1 3 4 5 6 -2
right_child=2 -3 -4 -5 -6 -7 -8
leaf_value=9.4801687989578938e-05 -2.1926158508761129e-05 0.0003537908394687438 -0.00016498785595423705 0.00028118749251641536 -8.8745930988356738e-05 0.00025807939530055692 0.00015358904506476375
leaf_weight=39 283 32 102 25 192 35 38
leaf_count=39 283 32 102 25 192 35 38
internal_value=-0.000536193 0.00809859 -0.00144444 -0.00056719 -0.00127737 0.000421348 -0.000700935
internal_weight=746 71 675 573 548 356 321
internal_count=746 71 675 573 548 356 321
is_linear=0
shrinkage=0.05


Tree=18
num_leaves=8
num_cat=0
split_feature=13 16 4 15 3 10 11
split_gain=1.98798 1.60135 1.15588 1.57618 1.64113 1.35984 1.99541
threshold=12.765000343322756 -0.043004901692548163 0.022334576838039012 -0.0011281495505794934 0.0025678258602502839 -0.0042544588401209329 -0.011522991723745544
decision_type=2 2 2 2 2 2 2
left_child=-1 -2 3 -3 -5 6 -4
right_child=1 2 5 4 -6 -7 -8
leaf_value=-0.00020521591101139611 0.00030553643462701263 -6.6798437939189802e-05 -0.00013428026409010872 0.00040721967447160574 1.4669078020133768e-05 -2.4205397161430973e-05 0.0001147074963501249
leaf_weight=45 40 25 49 26 28 457 83
leaf_count=45 40 25 49 26 28 457 83
internal_value=-0.000365206 0.000282486 -0.000299401 0.00537975 0.0101852 -0.00106112 0.00340909
internal_weight=753 708 668 79 54 589 132
internal_count=753 708 668 79 54 589 132
is_linear=0
shrinkage=0.05


Tree=19
num_leaves=8
num_cat=0
split_feature=11 10 15 15 4 12 12
split_gain=2.1868 1.81709 2.46772 1.73768 1.62132 1.4336 1.24543
threshold=-0.022024013564940267 0.0092143368425633438 0.015380960154217862 0.009482957442801811 0.027699825146794328 0.012875876838212565 -0.018676010215707358
decision_type=2 2 2 2 2 2 2
left_child=6 3 -3 -2 -5 -4 -1
right_child=1 2 5 4 -6 -7 -8
leaf_value=0.00030618445601783843 -1.7239034036798566e-05 0.00038361700910357379 1.8554066416777472e-05 -7.8361562899414123e-05 -0.00023268376084076639 -0.00029271270225672417 -7.1925512600337638e-05
leaf_weight=42 502 41 26 37 41 25 25
leaf_count=42 502 41 26 37 41 25 25
internal_value=-0.000778078 -0.0016369 0.0048913 -0.00267241 -0.00961538 -0.00245098 0.00783582
internal_weight=739 672 92 580 78 51 67
internal_count=739 672 92 580 78 51 67
is_linear=0
shrinkage=0.05


Tree=20
num_leaves=8
num_cat=0
split_feature=10 11 11 4 5 2 5
split_gain=1.4642 1.80891 3.12907 1.55769 2.11076 1.7018 1.62314
threshold=-0.0060493286934151782 -0.010198884987834665 -0.023324980459216712 0.034634650375888178 0.017882025684045681 0.16452351420489178 0.019212924283261854
decision_type=2 2 2 2 2 2 2
left_child=1 2 -1 4 5 -2 -6
right_child=3 -3 -4 -5 6 -7 -8
leaf_value=0.00028053806575525019 1.3020137589466732e-05 0.00021539381706723785 -0.0001966623884465629 0.00012487152281140108 -0.0001463945820529237 -0.000210052430681593 -8.4223255315873938e-06
leaf_weight=33 356 60 34 48 117 27 76
leaf_count=33 356 60 34 48 117 27 76
internal_value=-0.000366178 0.00452756 -0.0011194 -0.00136218 -0.00208333 6.52742e-05 -0.00634715
internal_weight=751 127 67 624 576 383 193
internal_count=751 127 67 624 576 383 193
is_linear=0
shrinkage=0.05


Tree=21
num_leaves=8
num_cat=0
split_feature=11 8 6 10 13 0 4
split_gain=2.48589 1.83428 1.28633 1.23444 1.6892 1.65245 1.73528
threshold=-0.021243764887310997 -0.017947954033746768 -1.1864954998960846 0.0047561203387664905 20.335000038146976 -0.002654281774159883 0.02528634200764223
decision_type=2 8 2 2 2 2 2
left_child=1 -1 -2 5 -5 6 -4
right_child=2 -3 3 4 -6 -7 -8
leaf_value=0.00010033812671017903 -0.00019822927505766478 0.00041369025000574942 -4.64116086913251e-05 3.8872919202931954e-05 -0.00012968777855724883 -0.000153183936616773 3.8658186517196227e-05
leaf_weight=46 33 25 54 179 31 219 161
leaf_count=46 33 25 54 179 31 219 161
internal_value=-0.000802139 0.00809859 -0.0017356 -0.00124224 0.00190476 -0.00276498 0.000348837
internal_weight=748 71 677 644 210 434 215
internal_count=748 71 677 644 210 434 215
is_linear=0
shrinkage=0.05


Tree=22
num_leaves=8
num_cat=0
split_feature=16 5 4 15 10 12 10
split_gain=1.9071 1.51276 2.76548 1.66849 1.49009 1.48748 1.46853
threshold=-0.013427883446642972 0.017393983135488449 0.032627971066083283 -0.0049824335092060737 0.0092143368425633438 0.024150484969903577 -0.0060493286934151782
decision_type=2 2 2 2 2 2 2
left_child=1 5 3 -3 6 -1 -2
right_child=4 2 -4 -5 -6 -7 -8
leaf_value=0.00024503370706263882 5.2023971642070364e-05 -0.00029609812653557397 0.00024461292504001313 1.4429807224607389e-05 5.4390651441193089e-05 -9.2103159006487741e-06 -6.5798059480997028e-05
leaf_weight=49 59 25 47 27 83 26 426
leaf_count=49 59 25 47 27 83 26 426
internal_value=-0.000269542 0.00431034 0.000252525 -0.00769231 -0.00167254 0.00966667 -0.00273196
internal_weight=742 174 99 52 568 75 485
internal_count=742 174 99 52 568 75 485
is_linear=0
shrinkage=0.05


Tree=23
num_leaves=8
num_cat=0
split_feature=11 12 13 13 13 9 7
split_gain=2.07268 0.950786 0.939333 1.16268 2.32856 2.00374 1.77287
threshold=-0.023324980459216712 -0.02797294646846021 12.84500026702881 17.875000000000004 16.550000190734867 0.047110870874666928 0.070168580312274589
decision_type=2 2 2 2 2 8 2
left_child=1 -1 -2 4 5 -4 -7
right_child=2 -3 3 -5 -6 6 -8
leaf_value=0.00049379187503163053 -0.00017974455619768884 0.00010785749523272159 -0.00019267168102164576 -7.331822036712863e-05 8.3683175303951197e-05 2.7994445850079448e-05 -0.00010789328404518236
leaf_weight=26 48 31 50 213 116 225 42
leaf_count=26 48 31 50 213 116 225 42
internal_value=-0.000832224 0.00833333 -0.00158501 -0.00108359 0.000404157 -0.00181388 -9.3633e-05
internal_weight=751 57 694 646 433 317 267
internal_count=751 57 694 646 433 317 267
is_linear=0
shrinkage=0.05


Tree=24
num_leaves=8
num_cat=0
split_feature=4 10 7 8 15 16 1
split_gain=1.57846 1.41323 1.82652 2.275 1.86611 2.15812 1.77132
threshold=0.034313161100792446 -0.0042544588401209329 -0.033343205883997744 -0.074934105691377137 -0.0072225884893490347 0.0072374841799233156 -0.019618943699352239
decision_type=2 2 2 10 2 2 2
left_child=1 -1 3 -3 -4 6 -6
right_child=-2 2 4 -5 5 -7 -8
leaf_value=4.8039333705824765e-05 0.00011183647167018656 3.5399591993753258e-05 -0.00029017352905082698 -0.00022742294126487208 -0.00011541325523745701 -5.8750727626769118e-05 0.00011707305607217443
leaf_weight=150 67 30 40 49 42 235 136
leaf_count=150 67 30 40 49 42 235 136
internal_value=-0.000233645 -0.000953079 -0.00216165 -0.00917722 -0.00093819 6.05327e-05 0.00421348
internal_weight=749 682 532 79 453 413 178
internal_count=749 682 532 79 453 413 178
is_linear=0
shrinkage=0.05


Tree=25
num_leaves=8
num_cat=0
split_feature=6 8 2 16 13 13 2
split_gain=2.16651 1.44601 1.41518 1.85974 1.17272 1.99961 1.4202
threshold=-0.85490661054595751 0.13259986637060953 -0.054078238656647508 -0.0069527279033146363 15.425000190734865 16.32499980926514 0.10078802956323475
decision_type=2 8 2 2 2 2 2
left_child=2 4 -1 -4 6 -6 -2
right_child=1 -3 3 -5 5 -7 -8
leaf_value=-0.00022527934158178268 0.00014090712768583024 -0.00011763006207753018 0.00015936767982172343 -0.00011571126516673434 -0.00014245611997467883 3.8972553832976149e-05 -0.00011530618921313168
leaf_weight=25 157 88 32 69 55 305 26
leaf_count=25 157 88 32 69 55 305 26
internal_value=-0.000363276 0.000832013 -0.00634921 -0.00371287 0.00179558 0.000138889 0.00505464
internal_weight=757 631 126 101 543 360 183
internal_count=757 631 126 101 543 360 183
is_linear=0
shrinkage=0.05


Tree=26
num_leaves=8
num_cat=0
split_feature=6 3 9 16 7 14 7
split_gain=1.60645 1.71305 1.58988 1.17491 0.811026 1.36566 1.31004
threshold=-0.85490661054595751 0.00018731805958460693 0.10099444228959244 -0.045593756827531688 0.070168580312274589 -0.0026760061162229838 0.056895760972183969
decision_type=2 2 8 2 2 2 2
left_child=1 2 -1 -2 6 -6 -5
right_child=3 -3 -4 4 5 -7 -8
leaf_value=-0.00024897890755005145 0.00048060389429034763 1.0006069173407574e-05 -1.0515685253624074e-05 7.7529286011482526e-06 -0.0001655960216752647 0.00010314267124176196 0.00028094221092660144
leaf_weight=32 26 60 29 469 36 30 55
leaf_count=32 26 60 29 469 36 30 55
internal_value=0.000101764 -0.00516529 -0.0110656 0.00113636 0.000677966 -0.00454545 0.00133588
internal_weight=737 121 61 616 590 66 524
internal_count=737 121 61 616 590 66 524
is_linear=0
shrinkage=0.05


Tree=27
num_leaves=8
num_cat=0
split_feature=13 16 11 16 11 11 1
split_gain=1.72077 1.19558 1.97053 1.36986 1.20175 1.34499 1.56431
threshold=12.84500026702881 0.0076531022392564161 0.003505922146060048 0.004150111219082043 0.0077476291069551459 0.012589162192508276 0.029461564138827726
decision_type=2 2 2 2 2 2 2
left_child=-1 3 -3 -2 -4 -6 -7
right_child=1 2 4 -5 5 6 -8
leaf_value=-0.00018264130631080234 9.9434762599080923e-06 -0.00022168312704634805 0.00019114322452089532 0.00033027169102511997 -7.2258878213665118e-05 0.00010115308323854446 -4.6774254206512993e-05
leaf_weight=44 373 54 26 41 45 77 89
leaf_count=44 373 54 26 41 45 77 89
internal_value=-0.000634179 -3.5461e-05 -0.00249141 0.00169082 -0.000527426 -0.00177725 0.000301205
internal_weight=749 705 291 414 237 211 166
internal_count=749 705 291 414 237 211 166
is_linear=0
shrinkage=0.05


Tree=28
num_leaves=8
num_cat=0
split_feature=6 16 2 16 2 15 13
split_gain=1.67449 1.17386 1.09612 1.69748 0.973001 1.42738 1.413
threshold=-0.85490661054595751 -0.045593756827531688 -0.054078238656647508 -0.0069527279033146363 0.098356112970936063 -0.001522565424722788 15.400000095367433
decision_type=2 2 2 2 2 2 2
left_child=2 -2 -1 -4 6 -6 -3
right_child=1 4 3 -5 5 -7 -8
leaf_value=-0.00013870284355242202 0.00041370078554638215 0.00010276731141518232 0.00015040181855897146 -0.00010681306145638474 -0.00020024261951084667 7.1288536278576319e-06 -3.6121879880563446e-06
leaf_weight=25 28 161 28 71 48 89 314
leaf_count=25 28 161 28 71 48 89 314
internal_value=-0.000327225 0.000703125 -0.00564516 -0.00328283 0.000245098 -0.00346715 0.00131579
internal_weight=764 640 124 99 612 137 475
internal_count=764 640 124 99 612 137 475
is_linear=0
shrinkage=0.05


Tree=29
num_leaves=8
num_cat=0
split_feature=16 2 5 11 16 3 0
split_gain=1.10408 1.19521 1.63561 2.04227 1.23324 1.12213 2.61626
threshold=-0.045593756827531688 0.16231012045053397 0.017339941779610835 -0.004581313824033372 -0.011184269037458115 -0.0094438363491551863 -0.013810307960773703
decision_type=2 2 2 2 2 2 2
left_child=-1 2 -2 4 -4 -5 -7
right_child=1 -3 3 5 -6 6 -8
leaf_value=0.00026773979790693537 2.6965891179410713e-05 -0.00017052546865908597 -8.0468891161115214e-05 0.0002247079198401281 -0.00022616221475586437 -7.6266216735429657e-05 2.1564125907415527e-06
leaf_weight=36 349 43 56 26 35 30 157
leaf_count=36 349 43 56 26 35 30 157
internal_value=-0.000204918 -0.000646552 -0.000114855 -0.00279605 -0.00906593 -0.000117371 -0.00147059
internal_weight=732 696 653 304 91 213 187
internal_count=732 696 653 304 91 213 187
is_linear=0
shrinkage=0.05


Tree=30
num_leaves=8
num_cat=0
split_feature=12 5 11 16 11 9 8
split_gain=1.35893 1.18845 1.16735 2.57695 2.07474 1.70513 1.73613
threshold=0.055910575939094771 0.012558973251793259 0.003505922146060048 0.0068673466900366362 0.005791561968896298 -0.1011942349251032 -0.050918292038422623
decision_type=2 2 2 2 2 8 8
left_child=1 -1 3 -3 -4 -6 -7
right_child=-2 2 4 -5 5 6 -8
leaf_value=7.5551395875339639e-05 -0.00012667193987549635 -4.200799732006523e-06 0.00020200606355171024 -0.00021873429945923808 -9.2997492374672207e-05 0.00032417041239459843 2.8528927286387756e-06
leaf_weight=45 69 267 35 49 26 27 220
leaf_count=45 69 267 35 49 26 27 220
internal_value=-0.000203252 0.0004858 -8.01282e-05 -0.00221519 0.00211039 0.000641026 0.00192308
internal_weight=738 669 624 316 308 273 247
internal_count=738 669 624 316 308 273 247
is_linear=0
shrinkage=0.05


Tree=31
num_leaves=8
num_cat=0
split_feature=12 12 12 10 10 4 15
split_gain=1.49531 1.2144 1.36858 1.22381 1.92857 1.68549 1.94938
threshold=-0.05023266322533259 -0.038043890036369758 -0.029032360146205412 -0.0060493286934151782 -0.008698781123315567 0.034634650375888178 -0.0060231376465248445
decision_type=2 2 2 2 2 2 2
left_child=-1 -2 -3 4 -4 6 -5
right_child=1 2 3 5 -6 -7 -8
leaf_value=0.00032476761021669174 -7.5419134713450048e-05 0.00030796189177486856 5.1664071802960153e-07 -0.00026670238362641233 0.00011035065499477342 0.0001545869966388021 -8.98167269164276e-06
leaf_weight=37 25 31 56 71 28 33 457
leaf_count=37 25 31 56 71 28 33 457
internal_value=0.000338753 -0.000178317 0.000221893 -0.000271318 0.00535714 -0.00111408 -0.00179924
internal_weight=738 701 676 645 84 561 528
internal_count=738 701 676 645 84 561 528
is_linear=0
shrinkage=0.05


Tree=32
num_leaves=8
num_cat=0
split_feature=16 2 4 15 3 6 3
split_gain=1.47838 1.16138 1.45592 1.79483 1.5 1.18565 1.04726
threshold=-0.045593756827531688 0.16231012045053397 0.022019195424138049 -0.0011281495505794934 0.0026532816528839214 -1.1864954998960846 0.0086578262978169746
decision_type=2 2 2 2 2 2 2
left_child=-1 2 3 -2 -5 -4 -7
right_child=1 -3 5 4 -6 6 -8
leaf_value=0.00034565609935271785 -6.5729563458499091e-05 -0.00016169275622798137 -0.00014870296888821311 0.00033168186106428396 1.6829994055271234e-05 -1.6351521047114739e-05 5.9410274555404821e-05
leaf_weight=33 29 41 29 27 27 470 95
leaf_count=33 29 41 29 27 27 470 95
internal_value=-0.000499334 -0.00097493 -0.000480059 0.00572289 0.0111111 -0.0013468 -0.000840708
internal_weight=751 718 677 83 54 594 565
internal_count=751 718 677 83 54 594 565
is_linear=0
shrinkage=0.05


Tree=33
num_leaves=8
num_cat=0
split_feature=14 15 1 2 14 15 10
split_gain=1.41146 1.74532 1.73746 1.7153 2.2891 2.50338 1.49034
threshold=0.0037598780805861991 -0.0049824335092060737 -0.021722627594521367 0.11523693336898168 -0.008595690120394071 0.0026626125740830679 0.0020115894720359466
decision_type=2 2 2 2 2 2 2
left_child=1 -1 6 4 5 -4 -3
right_child=-2 2 3 -5 -6 -7 -8
leaf_value=-9.984493975951298e-05 2.2848496895483841e-05 8.7617012105473563e-05 0.00026764968971395897 -0.000186552603784141 -0.000139468243807632 2.3112813421199238e-05 -0.00019808814087662766
leaf_weight=41 328 31 47 59 36 142 64
leaf_count=41 328 31 47 59 36 142 64
internal_value=0.00013369 -0.00178571 -0.000725594 0.00123239 0.00322222 0.00542328 -0.00657895
internal_weight=748 420 379 284 225 189 95
internal_count=748 420 379 284 225 189 95
is_linear=0
shrinkage=0.05


Tree=34
num_leaves=8
num_cat=0
split_feature=13 2 8 10 16 9 1
split_gain=1.36091 1.11658 1.20949 1.08109 1.51622 1.95864 1.43586
threshold=25.505000114440922 -0.10759219207812391 0.12246227905423991 -0.0036396197641281876 -0.01643883853418315 0.012788383536512906 -0.019618943699352239
decision_type=2 2 10 2 2 10 2
left_child=1 -1 3 4 5 -3 -5
right_child=-2 2 -4 6 -6 -7 -8
leaf_value=-0.00017266767635062367 0.00035008643840265348 -0.00012885682026373552 -0.00010421228388480713 -7.5811531863861055e-05 0.00014146112712882147 0.0002027286317870763 6.397287326315345e-06
leaf_weight=38 30 29 91 129 87 26 319
leaf_count=38 30 29 91 129 87 26 319
internal_value=-0.000433912 -0.000869263 -0.000403818 0.000423729 0.00422535 -0.00227273 -0.00078125
internal_weight=749 719 681 590 142 55 448
internal_count=749 719 681 590 142 55 448
is_linear=0
shrinkage=0.05


Tree=35
num_leaves=8
num_cat=0
split_feature=11 13 8 12 12 13 13
split_gain=1.40369 1.99058 1.38928 1.37194 2.90481 1.89498 3.0536
threshold=-0.022310337551763478 22.330000877380375 -0.030172125308296379 0.048519167358985434 0.044320359090521573 16.550000190734867 17.204999923706058
decision_type=2 2 8 2 2 2 2
left_child=2 3 -1 4 5 -2 -7
right_child=1 -3 -4 -5 -6 6 -8
leaf_value=1.7691134405587243e-05 -3.2052289757637362e-05 -0.00013598504163404388 0.00032745593473336242 -0.00010272455418036554 0.00019352414405374694 0.00018543947561784898 -2.372698582335693e-07
leaf_weight=41 296 47 26 95 31 58 159
leaf_count=41 296 47 26 95 31 58 159
internal_value=-0.000564409 -0.00123907 0.00634328 -0.000508607 0.000459559 -0.000438596 0.0031106
internal_weight=753 686 67 639 544 513 217
internal_count=753 686 67 639 544 513 217
is_linear=0
shrinkage=0.05


Tree=36
num_leaves=8
num_cat=0
split_feature=8 13 12 4 3 0 8
split_gain=0.972489 2.63194 2.12569 1.66199 1.60048 2.95248 1.9263
threshold=0.11379884154881049 16.345000267028812 0.026873376718857592 0.022019195424138049 0.0086578262978169746 0.0079542092962624506 -0.0024973697784344546
decision_type=10 2 2 2 2 2 10
left_child=3 2 -2 -1 -5 -6 -7
right_child=1 -3 -4 4 5 6 -8
leaf_value=0.00027056570652009222 -0.00018922507149763106 4.1672239178901406e-05 -5.9853178850769648e-05 -1.2185135702814563e-05 0.00035296561514305466 -0.00028629093331794157 5.6566870278140697e-05
leaf_weight=41 25 28 61 494 40 26 35
leaf_count=41 25 28 61 494 40 26 35
internal_value=-0.000133333 -0.00438596 -0.00872093 0.000628931 -4.20168e-05 0.00569307 -0.00122951
internal_weight=750 114 86 636 595 101 61
internal_count=750 114 86 636 595 101 61
is_linear=0
shrinkage=0.05


Tree=37
num_leaves=8
num_cat=0
split_feature=16 14 1 15 4 14 14
split_gain=1.24692 1.25202 3.096 1.35894 1.59266 1.21117 1.55303
threshold=-0.013056398781422838 -0.010446241084373918 -0.019618943699352239 -0.0089451802536846241 0.032602496192079528 -0.058539441914538297 -0.098691693357393515
decision_type=2 2 2 2 2 2 2
left_child=1 2 -1 4 -3 6 -2
right_child=5 3 -4 -5 -6 -7 -8
leaf_value=-0.00018909437682450362 -7.6834983698935652e-05 -0.00011667516648573044 0.00014006183754915666 0.00025079867185094867 0.00021521606319976853 -2.2542456504962916e-05 0.0001166179091781852
leaf_weight=35 26 46 32 47 27 486 59
leaf_count=35 26 46 32 47 27 486 59
internal_value=6.59631e-05 0.00360963 -0.00186567 0.00666667 0.00239726 -0.00109457 0.00441176
internal_weight=758 187 67 120 73 571 85
internal_count=758 187 67 120 73 571 85
is_linear=0
shrinkage=0.05


Tree=38
num_leaves=8
num_cat=0
split_feature=7 2 7 10 10 3 4
split_gain=1.8509 1.67611 1.68811 1.48831 1.47535 1.95914 1.94602
threshold=0.041422441833306463 0.058433310937649259 0.057055624086456376 0.0021398765862171714 -0.0032012772633666082 0.00066809815327784083 0.034634650375888178
decision_type=2 2 2 2 2 2 2
left_child=4 -2 3 -3 5 -1 -6
right_child=1 2 -4 -5 6 -7 -8
leaf_value=7.2333735114794505e-06 0.00015821202045449055 -0.00013508599376572494 -1.7482635410482131e-05 -4.7130587650678733e-05 -1.647998695793098e-05 0.00019161033359198969 0.00026530865917766239
leaf_weight=99 35 41 113 38 333 53 36
leaf_count=99 35 41 113 38 333 53 36
internal_value=0.00013369 -0.00363436 -0.00546875 -0.0110759 0.00177543 0.00592105 6.77507e-05
internal_weight=748 227 192 79 521 152 369
internal_count=748 227 192 79 521 152 369
is_linear=0
shrinkage=0.05


Tree=39
num_leaves=8
num_cat=0
split_feature=0 11 14 9 2 4 13
split_gain=1.24966 1.22241 1.70137 1.40411 1.40921 1.74557 1.69065
threshold=-0.027672004695080573 -0.021243764887310997 0.10600204873107434 0.01958145238947873 0.090565679907826394 0.030646551496890755 16.125000000000004
decision_type=2 2 2 8 2 2 2
left_child=-1 -2 3 -3 5 -5 -6
right_child=1 2 -4 4 6 -7 -8
leaf_value=0.00013527565567609894 6.9200525453646131e-05 -6.5013793262758441e-05 -0.00026235689235496438 -1.9173423895352348e-06 -0.00011558308286864052 9.3889899013599806e-05 2.5866357749474748e-05
leaf_weight=48 62 132 30 240 96 74 55
leaf_count=48 62 132 30 240 96 74 55
internal_value=-0.00050882 -0.00105225 -0.00171451 -0.00113065 0.00016129 0.00207006 -0.00380795
internal_weight=737 689 627 597 465 314 151
internal_count=737 689 627 597 465 314 151
is_linear=0
shrinkage=0.05


Tree=40
num_leaves=8
num_cat=0
split_feature=11 13 13 13 13 13 9
split_gain=0.963981 1.77831 1.49635 1.18839 1.22831 2.10307 1.40773
threshold=-0.022310337551763478 22.330000877380375 21.724999427795414 20.500000000000004 17.875000000000004 16.550000190734867 0.21475126312652318
decision_type=2 2 2 2 2 2 8
left_child=2 3 -1 4 5 6 -2
right_child=1 -3 -4 -5 -6 -7 -8
leaf_value=-2.0991399684024486e-05 -7.7285025379678383e-05 -0.00011469323399977859 0.00019732980858040117 0.00015641968826313462 -9.250269200955673e-05 5.0369095668415923e-05 5.7125043643794192e-06
leaf_weight=31 180 45 33 34 115 119 193
leaf_count=31 180 45 33 34 115 119 193
internal_value=-0.0004 -0.000947522 0.00546875 -0.000273011 -0.000782537 0.000304878 -0.00154155
internal_weight=750 686 64 641 607 492 373
internal_count=750 686 64 641 607 492 373
is_linear=0
shrinkage=0.05


Tree=41
num_leaves=8
num_cat=0
split_feature=5 7 12 7 12 8 8
split_gain=1.23024 1.74689 1.37376 1.63687 1.51932 1.6437 1.30758
threshold=0.017339941779610835 -0.056887471792530002 0.048519167358985434 -0.039123725527378243 0.04279380650356613 0.12377024699808993 -0.014677247474483344
decision_type=2 2 2 2 2 10 10
left_child=1 -1 3 -3 5 -5 -2
right_child=6 2 -4 4 -6 -7 -8
leaf_value=0.000437386864689617 -7.5099451073816232e-05 -0.00017184412575521352 -0.00014214837140100919 5.1625279531712299e-05 0.00028860725236987968 -0.0001659185454989767 5.3607975187821781e-07
leaf_weight=27 143 31 61 229 25 33 203
leaf_count=27 143 31 61 229 25 33 203
internal_value=-0.000265957 0.00160099 0.000725594 0.00204403 0.003223 0.00209924 -0.00245665
internal_weight=752 406 379 318 287 262 346
internal_count=752 406 379 318 287 262 346
is_linear=0
shrinkage=0.05


Tree=42
num_leaves=8
num_cat=0
split_feature=9 16 11 1 8 13 13
split_gain=0.963853 3.1738 2.06936 2.77481 1.36947 2.54464 1.75958
threshold=0.012788383536512906 0.020326446340506402 0.021459813769517781 0.042784777416056803 0.0944695606739442 16.125000000000004 17.82499980926514
decision_type=8 2 2 2 8 2 2
left_child=1 -1 4 -4 -2 -6 -7
right_child=2 -3 3 -5 5 6 -8
leaf_value=-4.3981920177731986e-06 6.8386015088533866e-06 -0.00011389072165383539 0.00025387341841843076 -2.9502577877665601e-05 -0.00012679647701358197 0.00014925140242734106 -1.1854788767201933e-05
leaf_weight=146 337 34 36 38 91 30 41
leaf_count=146 337 34 36 38 91 30 41
internal_value=-0.000697211 -0.00388889 0.00030541 0.00810811 -0.000851703 -0.00462963 0.00246479
internal_weight=753 180 573 74 499 162 71
internal_count=753 180 573 74 499 162 71
is_linear=0
shrinkage=0.05


Tree=43
num_leaves=8
num_cat=0
split_feature=7 3 9 6 3 14 4
split_gain=1.39352 1.62827 1.75709 1.54531 1.20386 1.95685 1.42929
threshold=0.070168580312274589 0.0086578262978169746 -0.0301161511805304 -0.88640499199992362 0.0034662128792918305 0.004407866869301503 0.0221292022358223
decision_type=2 2 10 2 2 2 2
left_child=1 3 -3 -1 6 -6 -5
right_child=-2 2 -4 4 5 -7 -8
leaf_value=-0.00010821054443316757 -7.5210617262891618e-05 -4.3471845444838925e-06 0.00014680661227492618 0.00024858785253843512 -0.00015135715384622197 0.00012879202082786043 8.1030478094896306e-07
leaf_weight=84 75 50 57 51 68 37 324
leaf_count=84 75 50 57 51 68 37 324
internal_value=-0.000536193 0.000186289 0.00584112 -0.000886525 0.000208333 -0.00452381 0.00153333
internal_weight=746 671 107 564 480 105 375
internal_count=746 671 107 564 480 105 375
is_linear=0
shrinkage=0.05


Tree=44
num_leaves=8
num_cat=0
split_feature=8 4 6 3 3 0 16
split_gain=1.46316 1.38555 1.34515 1.0596 1.65412 1.58187 1.29925
threshold=0.11117271883831982 0.0221292022358223 -1.1864954998960846 0.0084836976883427857 0.0051932724091366964 0.0079542092962624506 0.0063868152228667716
decision_type=10 2 2 2 2 2 2
left_child=1 -1 -3 4 -4 -5 -6
right_child=-2 2 3 5 6 -7 -8
leaf_value=0.00024522169345730509 -6.6170226234150593e-05 -0.00012297131836177725 3.6666522608211353e-07 0.000333680261366088 -4.2629835369932795e-05 -3.9690450412788007e-06 -0.00028523495998376662
leaf_weight=38 119 34 401 37 28 57 26
leaf_count=38 119 34 401 37 28 57 26
internal_value=-0.00101351 -4.02576e-05 -0.000643225 -4.55373e-05 -0.00104396 0.00478723 -0.00925926
internal_weight=740 621 583 549 455 94 54
internal_count=740 621 583 549 455 94 54
is_linear=0
shrinkage=0.05


Tree=45
num_leaves=8
num_cat=0
split_feature=10 3 1 15 16 14 3
split_gain=1.28068 2.26067 1.52686 2.33865 1.86989 1.81157 1.63347
threshold=-0.0040208164286187889 0.00066809815327784083 -0.019099081589287022 -0.0063653138437366188 0.0068673466900366362 -0.013287751267225366 0.0045566567490080709
decision_type=2 2 2 2 2 2 2
left_child=1 -1 -2 -4 5 -5 -6
right_child=2 -3 3 4 6 -7 -8
leaf_value=-3.6650155116553334e-06 -8.115570333933338e-05 0.00016349223329417139 -0.00026073011535145357 0.00018227430395036535 1.0181356027091654e-05 -1.1484236312951126e-05 -0.0001116977709724909
leaf_weight=113 146 63 41 94 139 56 94
leaf_count=113 146 63 41 94 139 56 94
internal_value=-0.000603217 0.003125 -0.00175439 -0.000235849 0.000979112 0.00533333 -0.00182403
internal_weight=746 176 570 424 383 150 233
internal_count=746 176 570 424 383 150 233
is_linear=0
shrinkage=0.05


end of trees

feature_importances:
spy_ret_20d=32
sector_ret_5d=31
vix_level=29
spy_ret_5d=27
overnight_gap=22
spy_ret_1d=22
ret_20d=20
atr_pct=18
dist_ma50=18
sector_ret_1d=16
dist_ma20=15
dvol_z_20=14
dist_ma200=14
ret_5d=13
vix_chg_1d=13
parkinson_20=12
ret_1d=6

parameters:
[boosting: gbdt]
[objective: quantile]
[metric: quantile]
[tree_learner: serial]
[device_type: cpu]
[data_sample_strategy: bagging]
[data: ]
[valid: ]
[num_iterations: 80]
[learning_rate: 0.05]
[num_leaves: 8]
[num_threads: 1]
[seed: 0]
[deterministic: 0]
[force_col_wise: 1]
[force_row_wise: 0]
[histogram_pool_size: -1]
[max_depth: -1]
[min_data_in_leaf: 25]
[min_sum_hessian_in_leaf: 0.001]
[bagging_fraction: 0.9]
[pos_bagging_fraction: 1]
[neg_bagging_fraction: 1]
[bagging_freq: 1]
[bagging_seed: 3]
[bagging_by_query: 0]
[feature_fraction: 0.9]
[feature_fraction_bynode: 1]
[feature_fraction_seed: 2]
[extra_trees: 0]
[extra_seed: 6]
[early_stopping_round: 0]
[early_stopping_min_delta: 0]
[first_metric_only: 0]
[max_delta_step: 0]
[lambda_l1: 0]
[lambda_l2: 0]
[linear_lambda: 0]
[min_gain_to_split: 0]
[drop_rate: 0.1]
[max_drop: 50]
[skip_drop: 0.5]
[xgboost_dart_mode: 0]
[uniform_drop: 0]
[drop_seed: 4]
[top_rate: 0.2]
[other_rate: 0.1]
[min_data_per_group: 100]
[max_cat_threshold: 32]
[cat_l2: 10]
[cat_smooth: 10]
[max_cat_to_onehot: 4]
[top_k: 20]
[monotone_constraints: ]
[monotone_constraints_method: basic]
[monotone_penalty: 0]
[feature_contri: ]
[forcedsplits_filename: ]
[refit_decay_rate: 0.9]
[cegb_tradeoff: 1]
[cegb_penalty_split: 0]
[cegb_penalty_feature_lazy: ]
[cegb_penalty_feature_coupled: ]
[path_smooth: 0]
[interaction_constraints: ]
[verbosity: -1]
[saved_feature_importance_type: 0]
[use_quantized_grad: 0]
[num_grad_quant_bins: 4]
[quant_train_renew_leaf: 0]
[stochastic_rounding: 1]
[linear_tree: 0]
[max_bin: 255]
[max_bin_by_feature: ]
[min_data_in_bin: 3]
[bin_construct_sample_cnt: 200000]
[data_random_seed: 1]
[is_enable_sparse: 1]
[enable_bundle: 1]
[use_missing: 1]
[zero_as_missing: 0]
[feature_pre_filter: 1]
[pre_partition: 0]
[two_round: 0]
[header: 0]
[label_column: ]
[weight_column: ]
[group_column: ]
[ignore_column: ]
[categorical_feature: ]
[forcedbins_filename: ]
[precise_float_parser: 0]
[parser_config_file: ]
[objective_seed: 5]
[num_class: 1]
[is_unbalance: 0]
[scale_pos_weight: 1]
[sigmoid: 1]
[boost_from_average: 1]
[reg_sqrt: 0]
[alpha: 0.5]
[fair_c: 1]
[poisson_max_delta_step: 0.7]
[tweedie_variance_power: 1.5]
[lambdarank_truncation_level: 30]
[lambdarank_norm: 1]
[label_gain: ]
[lambdarank_position_bias_regularization: 0]
[eval_at: ]
[multi_error_top_k: 1]
[auc_mu_weights: ]
[num_machines: 1]
[local_listen_port: 12400]
[time_out: 120]
[machine_list_filename: ]
[machines: ]
[gpu_platform_id: -1]
[gpu_device_id: -1]
[gpu_device_id_list: ]
[gpu_use_dp: 0]
[num_gpu: 1]

end of parameters

pandas_categorical:[]
