tree
version=v4
num_class=1
num_tree_per_iteration=1
label_index=0
max_feature_idx=16
objective=quantile
feature_names=ret_1d ret_5d ret_20d overnight_gap atr_pct parkinson_20 dvol_z_20 dist_ma20 dist_ma50 dist_ma200 spy_ret_1d spy_ret_5d spy_ret_20d vix_level vix_chg_1d sector_ret_1d sector_ret_5d
feature_infos=[-0.28271675998116264:0.16325210265257706] [-0.20327245986027709:0.30584493913806332] [-0.34997004194128223:0.87801899592944355] [-0.19371042854900322:0.19478260869565212] [0.014604079517269422:0.11596638268174814] [0.010148457772609226:0.055294172765416885] [-2.0951036205456441:4.3476992857154855] [-0.2506794580911631:0.34772201252878943] [-0.30464667026446379:0.56173132038002382] [-0.23012408826912212:1.2092229859042423] [-0.058542947643003718:0.10501933612632941] [-0.11496158439845272:0.082843216242346029] [-0.12265592443394913:0.15756596870864792] [11.859999656677246:52.330001831054688] [-0.35753873962348437:0.74039073966007019] [-0.055499239736441885:0.039932885906040161] [-0.11075949367088611:0.072664359861591699]
tree_sizes=834 847 856 853 853 848 848 848 848 851 857 851 856

Tree=0
num_leaves=8
num_cat=0
split_feature=4 1 5 13 13 9 6
split_gain=17.465 1.90658 3.01701 2.28116 1.90347 2.03627 1.87891
threshold=0.032867020805436596 0.025027321979921194 0.037923238363508922 14.340000152587892 15.775000095367433 0.30674853454076551 -0.43616094985614545
decision_type=2 2 2 2 2 10 2
left_child=4 2 3 -2 5 -1 -6
right_child=1 -3 -4 -5 6 -7 -8
leaf_value=-0.011898343975190073 -0.012038996210321784 -0.012729786802083254 -0.013188391644507646 -0.012359476834535598 -0.011963445250876248 -0.01209921301342547 -0.012057302542962134
leaf_weight=92 33 195 51 233 42 38 66
leaf_count=92 33 195 51 233 42 38 66
internal_value=-0.0124702 -0.0176723 -0.0152793 -0.0131434 -0.00127918 0.00279645 -0.00618503
internal_weight=750 512 317 266 238 130 108
internal_count=750 512 317 266 238 130 108
is_linear=0
shrinkage=1


Tree=1
num_leaves=8
num_cat=0
split_feature=4 13 3 2 0 0 9
split_gain=13.9096 2.73009 3.05963 2.62985 2.02125 1.77282 1.43858
threshold=0.032867020805436596 15.144999980926515 0.00096990192996149205 0.027031908527123009 0.0089517630319324599 0.0096004367813983266 -0.08049180951092115
decision_type=2 2 2 2 2 2 8
left_child=3 2 -2 -1 -4 -5 -3
right_child=1 6 4 5 -6 -7 -8
leaf_value=5.4268425446935002e-05 0.00015702176373451945 1.5754983760416474e-05 0.00015632252907380462 0.00030871133989421654 -0.0006008965661749244 0.00019491717976052316 -0.00036944452673196796
leaf_weight=65 47 72 29 112 43 57 309
leaf_count=65 47 72 29 112 43 57 309
internal_value=0.000408719 -0.0043 0.00231092 0.0104701 -0.00416667 0.0137574 -0.00636483
internal_weight=734 500 119 234 72 169 381
internal_count=734 500 119 234 72 169 381
is_linear=0
shrinkage=0.05


Tree=2
num_leaves=8
num_cat=0
split_feature=4 9 5 4 0 7 4
split_gain=11.4135 2.39024 1.86769 3.0732 1.61238 2.00923 1.66911
threshold=0.033393805812089658 0.30674853454076551 0.013476765044134116 0.026166870121299396 -0.051023726716071853 -0.043878071201674911 0.046058914336107912
decision_type=2 8 2 2 2 2 2
left_child=1 -1 -3 -4 -2 -6 -7
right_child=4 2 3 -5 5 6 -8
leaf_value=0.00034999224754574246 -0.00086512292432598778 0.00020115232492389623 -7.7375478722387873e-05 0.00036650685346103281 6.4812774769961758e-05 -5.3003205568529729e-05 -0.00049723940424155452
leaf_weight=51 30 69 75 41 101 176 206
leaf_count=51 30 69 75 41 101 176 206
internal_value=0.000433912 0.0095339 0.00689189 0.00301724 -0.00375244 -0.00305383 -0.00471204
internal_weight=749 236 185 116 513 483 382
internal_count=749 236 185 116 513 483 382
is_linear=0
shrinkage=0.05


Tree=3
num_leaves=8
num_cat=0
split_feature=4 13 4 11 4 7 0
split_gain=13.9032 1.8422 2.22028 2.40565 1.54048 3.0166 2.02772
threshold=0.032867020805436596 15.775000095367433 0.026166870121299396 -0.0070947588285928389 0.047220129605704438 0.0062330290921333029 -0.051023726716071853
decision_type=2 2 2 2 2 2 2
left_child=1 -1 3 -3 5 -2 -6
right_child=4 2 -4 -5 6 -7 -8
leaf_value=0.00025679382826419893 0.00021099345324328167 0.00030214448848601028 0.0003195886038956815 -0.00019029132977448171 -0.0010892344134976158 -0.00022314711014623755 -0.00035113330279127692
leaf_weight=133 63 36 27 34 27 139 284
leaf_count=133 63 36 27 34 27 139 284
internal_value=0.000437416 0.0106522 0.00541237 0.000714286 -0.0041423 -0.000742574 -0.00635048
internal_weight=743 230 97 70 513 202 311
internal_count=743 230 97 70 513 202 311
is_linear=0
shrinkage=0.05


Tree=4
num_leaves=8
num_cat=0
split_feature=4 2 6 2 8 1 14
split_gain=9.9426 2.22317 2.21238 3.35367 1.46747 2.24272 1.53507
threshold=0.032867020805436596 0.027658315578108387 -0.87988926827912295 0.05354211375220886 0.13665992391455498 0.022310039225382775 -0.042837654521053752
decision_type=2 2 2 2 10 2 2
left_child=1 -1 3 -2 6 -6 -4
right_child=2 -3 4 -5 5 -7 -8
leaf_value=4.6873758270157916e-05 0.00033537503322033442 0.000257210279698229 -0.00061537157207392748 -0.00042523627644957748 0.00034044074750010621 -0.00021690550270112003 -0.00028399489658666432
leaf_weight=69 57 157 68 25 37 99 234
leaf_count=69 57 157 68 25 37 99 234
internal_value=0.000536193 0.00929204 -0.00326923 0.00426829 -0.00468037 -0.000367647 -0.00662252
internal_weight=746 226 520 82 438 136 302
internal_count=746 226 520 82 438 136 302
is_linear=0
shrinkage=0.05


Tree=5
num_leaves=8
num_cat=0
split_feature=4 6 11 6 3 0 1
split_gain=8.60927 1.95071 1.62842 1.8586 1.66855 1.41893 1.45588
threshold=0.033393805812089658 -0.35579187580444765 0.020333032872676963 1.0809366649814354 0.0016093800287729778 0.010927490649006557 0.0045213331913614993
decision_type=2 2 2 2 2 2 2
left_child=1 -1 3 -2 -4 6 -3
right_child=2 5 4 -5 -6 -7 -8
leaf_value=0.00019218418485150322 -0.00023318944136006028 0.00017687469197529392 0.00019728303376991241 -0.00087551082167372095 -5.1751312092997983e-05 -1.3047877620798316e-05 0.00023422787732173129
leaf_weight=81 361 48 36 64 46 50 51
leaf_count=81 361 48 36 64 46 50 51
internal_value=0.000237449 0.00826087 -0.00340237 -0.00464706 0.00304878 0.00486577 0.00833333
internal_weight=737 230 507 425 82 149 99
internal_count=737 230 507 425 82 149 99
is_linear=0
shrinkage=0.05


Tree=6
num_leaves=8
num_cat=0
split_feature=4 9 13 8 3 4 2
split_gain=7.80499 2.07901 1.57304 1.91131 1.48454 1.4037 1.34275
threshold=0.032867020805436596 0.30674853454076551 15.144999980926515 0.0073500957525929342 0.001186709603522518 0.027035298478117618 0.027658315578108387
decision_type=2 8 2 10 2 2 2
left_child=1 -1 3 -2 -5 6 -3
right_child=2 5 -4 4 -6 -7 -8
leaf_value=0.00029096027121607764 0.00015453501360169209 -8.6197014380019583e-05 -0.00027721000603159819 0.00017725204532456951 -0.00050930721019123407 0.000378334026186054 0.00015636820750479153
leaf_weight=45 26 45 396 35 62 27 110
leaf_count=45 26 45 396 35 62 27 110
internal_value=-0.000134048 0.00759912 -0.00351638 0.00142276 -0.00180412 0.00521978 0.0033871
internal_weight=746 227 519 123 97 182 155
internal_count=746 227 519 123 97 182 155
is_linear=0
shrinkage=0.05


Tree=7
num_leaves=8
num_cat=0
split_feature=4 6 11 6 9 2 1
split_gain=6.48505 2.1567 1.5798 1.82901 1.56229 2.43523 1.38615
threshold=0.033393805812089658 -0.43616094985614545 0.021151799211171721 1.0809366649814354 0.30674853454076551 0.11327361975566942 0.0053650533067187709
decision_type=2 2 2 2 8 2 2
left_child=1 -1 3 6 -3 -6 -2
right_child=2 4 -4 -5 5 -7 -8
leaf_value=0.00022485080888058585 2.3562143576855458e-05 0.00021809035828642713 0.00010263081628786239 -0.00082866840577928709 -1.5875671056522246e-05 0.00032371037377408981 -0.00031131271145257177
leaf_weight=75 216 27 74 56 103 33 161
leaf_count=75 216 27 74 56 103 33 161
internal_value=0.0011745 0.00798319 -0.0020217 -0.00317552 0.0047546 0.00257353 -0.00192308
internal_weight=745 238 507 433 163 136 377
internal_count=745 238 507 433 163 136 377
is_linear=0
shrinkage=0.05


Tree=8
num_leaves=8
num_cat=0
split_feature=4 9 13 13 13 4 6
split_gain=7.03599 2.35843 1.51925 1.91702 1.85242 1.38634 1.19875
threshold=0.032867020805436596 0.3055302186531938 15.144999980926515 12.994999885559084 16.085000038146976 0.02696282805002162 -0.62198500651952582
decision_type=2 8 2 2 2 2 2
left_child=1 -1 3 -2 -4 -3 -6
right_child=2 5 4 -5 6 -7 -8
leaf_value=0.00029978048238934367 -0.00049028903611808409 0.00011259238648563524 -0.000493541699631231 0.00010705387940974782 5.8462327921659977e-05 0.00030289174032444786 -0.00029167794426961525
leaf_weight=48 35 158 59 94 111 27 232
leaf_count=48 35 158 59 94 111 27 232
internal_value=0.000589005 0.00783262 -0.00258945 0.00213178 -0.00410448 0.00527027 -0.00269679
internal_weight=764 233 531 129 402 185 343
internal_count=764 233 531 129 402 185 343
is_linear=0
shrinkage=0.05


Tree=9
num_leaves=8
num_cat=0
split_feature=5 9 11 16 4 5 3
split_gain=5.43217 2.65138 2.25189 1.90524 1.47204 1.26644 2.10931
threshold=0.022454161257329412 0.3055302186531938 0.020333032872676963 0.020926577582639497 0.027035298478117618 0.013476765044134116 -0.00044833473089667114
decision_type=2 8 2 2 2 2 2
left_child=1 -1 3 -2 5 6 -3
right_child=2 4 -4 -5 -6 -7 -8
leaf_value=0.0002678035153542655 -0.00015431014750039095 -3.1971330398746207e-05 9.336137029018403e-05 -0.00070443446938954837 0.00029036294268168023 -4.2359897869739948e-05 0.00023183296590897963
leaf_weight=49 358 25 80 71 31 84 46
leaf_count=49 358 25 80 71 31 84 46
internal_value=0.000201613 0.00648936 -0.00270138 -0.00413753 0.00376344 0.00177419 0.00669014
internal_weight=744 235 509 429 186 155 71
internal_count=744 235 509 429 186 155 71
is_linear=0
shrinkage=0.05


Tree=10
num_leaves=8
num_cat=0
split_feature=5 11 6 10 14 6 9
split_gain=5.43618 1.89132 1.58393 1.84457 2.87848 1.5217 1.65665
threshold=0.022454161257329412 0.021151799211171721 -0.38687450610734947 -0.0038582878398281113 -0.021447279396770266 1.5579000298518619 -0.052427449796274221
decision_type=2 2 2 2 2 2 8
left_child=2 5 -1 -4 -5 6 -2
right_child=1 -3 3 4 -6 -7 -8
leaf_value=0.00018564110893945038 0.00010594497508944844 8.9969112790959114e-05 0.00024428485083049693 0.00018819631974889068 -4.3468098534630174e-05 -0.00056666521623000574 -0.00026075603928746722
leaf_weight=89 66 75 41 53 61 38 326
leaf_count=89 66 75 41 53 61 38 326
internal_value=0.000634179 -0.00232673 0.0067623 0.00370968 0.000438596 -0.00360465 -0.00267857
internal_weight=749 505 244 155 114 430 392
internal_count=749 505 244 155 114 430 392
is_linear=0
shrinkage=0.05


Tree=11
num_leaves=8
num_cat=0
split_feature=4 6 7 5 9 10 6
split_gain=4.06436 1.57672 2.90134 1.7182 1.34837 1.78282 1.70264
threshold=0.032867020805436596 -0.87988926827912295 -0.025750743562781283 0.042539297148344209 0.3055302186531938 -0.0038582878398281113 -0.43616094985614545
decision_type=2 2 2 2 8 2 2
left_child=4 2 -2 -3 -1 -6 -7
right_child=1 3 -4 -5 5 6 -8
leaf_value=0.00024744701775892088 0.00026422812613720412 -0.00010238866429216889 -0.00023803984086417948 -0.00077762303154385809 0.00023948209299238003 0.00012574413529967238 -2.6296829147927922e-05
leaf_weight=46 39 388 45 43 49 43 94
leaf_count=46 39 388 45 43 49 43 94
internal_value=0.000970549 -0.00150485 0.0047619 -0.00272622 0.00646552 0.00456989 0.00164234
internal_weight=747 515 84 431 232 186 137
internal_count=747 515 84 431 232 186 137
is_linear=0
shrinkage=0.05


Tree=12
num_leaves=8
num_cat=0
split_feature=13 9 0 9 5 0 1
split_gain=4.57111 4.28217 2.04302 1.62504 2.52258 1.52567 1.66488
threshold=15.144999980926515 0.30355354865036138 0.010725120416124391 -0.086963253173254526 0.022454161257329412 0.021318596103816593 0.013073672578013952
decision_type=2 10 2 10 2 2 2
left_child=1 2 -1 5 -5 6 -2
right_child=3 -3 -4 4 -6 -7 -8
leaf_value=0.00019704159557431446 0.00012140895582439674 7.1300325564082913e-06 6.7340757852806839e-05 0.00010675081538199594 -0.00036596758356637104 0.00036526575400717455 -0.00015457122651778475
leaf_weight=74 116 138 29 27 289 25 36
leaf_count=74 116 138 29 27 289 25 36
internal_value=0.000476839 0.00612033 0.013835 -0.00228195 -0.00443038 0.00155367 -0.000328947
internal_weight=734 241 103 493 316 177 152
internal_count=734 241 103 493 316 177 152
is_linear=0
shrinkage=0.05


end of trees

feature_importances:
atr_pct=17
dvol_z_20=11
dist_ma200=11
vix_level=9
ret_1d=7
parkinson_20=7
ret_5d=5
ret_20d=5
spy_ret_5d=5
overnight_gap=4
dist_ma20=3
dist_ma50=2
spy_ret_1d=2
vix_chg_1d=2
sector_ret_5d=1

parameters:
[boosting: gbdt]
[objective: quantile]
[metric: quantile]
[tree_learner: serial]
[device_type: cpu]
[data_sample_strategy: bagging]
[data: ]
[valid: ]
[num_iterations: 80]
[learning_rate: 0.05]
[num_leaves: 8]
[num_threads: 1]
[seed: 0]
[deterministic: 0]
[force_col_wise: 1]
[force_row_wise: 0]
[histogram_pool_size: -1]
[max_depth: -1]
[min_data_in_leaf: 25]
[min_sum_hessian_in_leaf: 0.001]
[bagging_fraction: 0.9]
[pos_bagging_fraction: 1]
[neg_bagging_fraction: 1]
[bagging_freq: 1]
[bagging_seed: 3]
[bagging_by_query: 0]
[feature_fraction: 0.9]
[feature_fraction_bynode: 1]
[feature_fraction_seed: 2]
[extra_trees: 0]
[extra_seed: 6]
[early_stopping_round: 0]
[early_stopping_min_delta: 0]
[first_metric_only: 0]
[max_delta_step: 0]
[lambda_l1: 0]
[lambda_l2: 0]
[linear_lambda: 0]
[min_gain_to_split: 0]
[drop_rate: 0.1]
[max_drop: 50]
[skip_drop: 0.5]
[xgboost_dart_mode: 0]
[uniform_drop: 0]
[drop_seed: 4]
[top_rate: 0.2]
[other_rate: 0.1]
[min_data_per_group: 100]
[max_cat_threshold: 32]
[cat_l2: 10]
[cat_smooth: 10]
[max_cat_to_onehot: 4]
[top_k: 20]
[monotone_constraints: ]
[monotone_constraints_method: basic]
[monotone_penalty: 0]
[feature_contri: ]
[forcedsplits_filename: ]
[refit_decay_rate: 0.9]
[cegb_tradeoff: 1]
[cegb_penalty_split: 0]
[cegb_penalty_feature_lazy: ]
[cegb_penalty_feature_coupled: ]
[path_smooth: 0]
[interaction_constraints: ]
[verbosity: -1]
[saved_feature_importance_type: 0]
[use_quantized_grad: 0]
[num_grad_quant_bins: 4]
[quant_train_renew_leaf: 0]
[stochastic_rounding: 1]
[linear_tree: 0]
[max_bin: 255]
[max_bin_by_feature: ]
[min_data_in_bin: 3]
[bin_construct_sample_cnt: 200000]
[data_random_seed: 1]
[is_enable_sparse: 1]
[enable_bundle: 1]
[use_missing: 1]
[zero_as_missing: 0]
[feature_pre_filter: 1]
[pre_partition: 0]
[two_round: 0]
[header: 0]
[label_column: ]
[weight_column: ]
[group_column: ]
[ignore_column: ]
[categorical_feature: ]
[forcedbins_filename: ]
[precise_float_parser: 0]
[parser_config_file: ]
[objective_seed: 5]
[num_class: 1]
[is_unbalance: 0]
[scale_pos_weight: 1]
[sigmoid: 1]
[boost_from_average: 1]
[reg_sqrt: 0]
[alpha: 0.5]
[fair_c: 1]
[poisson_max_delta_step: 0.7]
[tweedie_variance_power: 1.5]
[lambdarank_truncation_level: 30]
[lambdarank_norm: 1]
[label_gain: ]
[lambdarank_position_bias_regularization: 0]
[eval_at: ]
[multi_error_top_k: 1]
[auc_mu_weights: ]
[num_machines: 1]
[local_listen_port: 12400]
[time_out: 120]
[machine_list_filename: ]
[machines: ]
[gpu_platform_id: -1]
[gpu_device_id: -1]
[gpu_device_id_list: ]
[gpu_use_dp: 0]
[num_gpu: 1]

end of parameters

pandas_categorical:[]
