tree
version=v4
num_class=1
num_tree_per_iteration=1
label_index=0
max_feature_idx=16
objective=quantile
feature_names=ret_1d ret_5d ret_20d overnight_gap atr_pct parkinson_20 dvol_z_20 dist_ma20 dist_ma50 dist_ma200 spy_ret_1d spy_ret_5d spy_ret_20d vix_level vix_chg_1d sector_ret_1d sector_ret_5d
feature_infos=[-0.10946789171129567:0.098122670999417183] [-0.12600084281500201:0.12032215635754295] [-0.15178843724131919:0.22196569291533885] [-0.091067655873826925:0.072726630521166236] [0.0111761387674517:0.045910948388987273] [0.0076394544563175579:0.025704493187044788] [-2.4510931088294026:4.1961259123690988] [-0.11430527730580986:0.14812171615382264] [-0.13356900256463589:0.19460547606120437] [-0.11877599079054058:0.25953997405522156] [-0.058542947643003718:0.10501933612632941] [-0.11496158439845272:0.082843216242346029] [-0.12265592443394913:0.15756596870864792] [11.859999656677246:52.330001831054688] [-0.35753873962348437:0.74039073966007019] [-0.068244726543857936:0.13419383554022479] [-0.13586538461538455:0.11772560364971629]
tree_sizes=850 851 854 860 859 863 862 847 850 859 861 862 859 865 863 850 865 857 857 852 858 851 861

Tree=0
num_leaves=8
num_cat=0
split_feature=9 4 5 5 4 9 13
split_gain=3.94202 2.29313 2.22882 3.30148 2.15539 3.20445 2.00377
threshold=0.097853999684542683 0.019151496515273331 0.011362879738293277 0.010149781273669511 0.020619391838370953 -0.0011562919612190246 14.444999694824221
decision_type=8 2 2 2 2 8 2
left_child=1 -1 3 6 -3 -6 -2
right_child=2 4 -4 -5 5 -7 -8
leaf_value=-0.0073174858465790745 -0.0074071153067052364 -0.0075894824462011453 -0.0075746882939711213 -0.0073341734707355498 -0.0072404634556733072 -0.0075567406369373199 -0.0075822261162102221
leaf_weight=245 25 36 183 114 50 63 34
leaf_count=245 25 36 183 114 50 63 34
internal_value=-0.00781362 -0.00436794 -0.0116271 -0.00755813 -0.00925926 -0.00586495 -0.0171594
internal_weight=750 394 356 173 149 113 59
internal_count=750 394 356 173 149 113 59
is_linear=0
shrinkage=1


Tree=1
num_leaves=8
num_cat=0
split_feature=4 9 9 3 5 4 4
split_gain=3.0824 1.90955 1.89223 1.89563 1.93867 1.66549 2.57655
threshold=0.019151496515273331 0.11579550098845916 0.04370437674512951 0.0039624058849272456 0.010149781273669511 0.014353247646892832 0.016623619461883208
decision_type=2 10 8 2 2 2 2
left_child=2 -2 3 4 -1 -4 -7
right_child=1 -3 5 -5 -6 6 -8
leaf_value=-3.115601837635042e-05 -2.8292255592532456e-05 -0.00025620771921239797 -0.00014417462283745409 0.00014494650997221468 0.0002090725745074451 0.0001175158889964223 -5.4409857839345945e-05
leaf_weight=61 205 88 42 39 38 117 144
leaf_count=61 205 88 42 39 38 117 144
internal_value=0.000476839 -0.00349829 0.00311791 0.00797101 0.00429293 0.000907591 0.00239464
internal_weight=734 293 441 138 99 303 261
internal_count=734 293 441 138 99 303 261
is_linear=0
shrinkage=0.05


Tree=2
num_leaves=8
num_cat=0
split_feature=9 14 5 4 4 4 0
split_gain=3.0972 2.75118 2.14766 2.25405 1.57359 2.28822 1.53815
threshold=0.045158447901557659 -0.035621573523768706 0.011692814476746896 0.014472239958853706 0.016668018501709739 0.018375692516634436 0.0176429251983562
decision_type=8 2 2 2 2 2 2
left_child=1 -1 3 -2 -5 -6 -4
right_child=2 -3 6 4 5 -7 -8
leaf_value=-9.4671823651879124e-05 -0.00018578642408829187 0.00012434983951970934 -0.00011625163242570125 0.00010799867450259626 -0.00011379585182294252 0.00015165700763463972 -0.00027033236040733757
leaf_weight=68 44 179 191 115 78 47 27
leaf_count=68 44 179 191 115 78 47 27
internal_value=-0.000433912 0.0041498 -0.00268924 0.000176056 0.00208333 -0.0018 -0.00642202
internal_weight=749 247 502 284 240 125 218
internal_count=749 247 502 284 240 125 218
is_linear=0
shrinkage=0.05


Tree=3
num_leaves=8
num_cat=0
split_feature=4 7 12 14 1 3 13
split_gain=3.15215 1.62338 1.62971 1.52138 1.77358 1.98989 1.60623
threshold=0.02399758896747781 0.045755559361353788 -0.040334955259991249 0.027028120883943799 -0.025915182011928713 0.0024648360281839259 15.295000076293947
decision_type=2 2 2 2 2 2 2
left_child=1 2 -1 4 -4 -6 -7
right_child=-2 -3 3 -5 5 6 -8
leaf_value=-0.00013105185270906078 -0.00017864216079033213 -6.0140004605636947e-05 -0.00011693217822466976 0.00010642144741723316 -2.3568496981170005e-05 4.4710862683132286e-06 0.00017329644628334793
leaf_weight=34 127 56 36 141 215 73 61
leaf_count=34 127 56 36 141 215 73 61
internal_value=-0.000504711 0.000974026 0.00178571 0.00247148 0.000844156 0.0019341 0.00671642
internal_weight=743 616 560 526 385 349 134
internal_count=743 616 560 526 385 349 134
is_linear=0
shrinkage=0.05


Tree=4
num_leaves=8
num_cat=0
split_feature=9 4 14 4 4 1 4
split_gain=2.92262 2.28957 1.56555 1.47143 1.90274 2.36195 1.39394
threshold=0.045158447901557659 0.02439890433904698 -0.041613677684134036 0.014516114567984193 0.016668018501709739 0.022281791050565606 0.018077025976355202
decision_type=8 2 2 2 2 2 2
left_child=2 3 -1 -2 5 -5 -6
right_child=1 -3 -4 4 6 -7 -8
leaf_value=-5.666773312041191e-05 -0.00019435030141321484 -0.00031105129196475902 0.00010375049145368392 0.00011722896537685302 -0.00013878073507512454 -3.0167045032649157e-05 6.6088862193283528e-07
leaf_weight=59 45 78 198 87 69 26 184
leaf_count=59 45 78 198 87 69 26 184
internal_value=-0.000134048 -0.00240286 0.00418288 -0.000912409 0.000136612 0.00553097 -0.00227273
internal_weight=746 489 257 411 366 113 253
internal_count=746 489 257 411 366 113 253
is_linear=0
shrinkage=0.05


Tree=5
num_leaves=8
num_cat=0
split_feature=9 12 16 10 10 5 4
split_gain=2.87742 2.09741 1.3906 1.38941 1.53434 1.29066 1.29945
threshold=0.15405479229050492 -0.039191737143437648 0.0024378973533676356 -0.0042544588401209329 -0.0028568001746795964 0.016764584076890326 0.014353247646892832
decision_type=10 2 2 2 2 2 2
left_child=1 -1 -2 -3 -5 6 -6
right_child=2 3 -4 4 5 -7 -8
leaf_value=-0.00015037459566248071 -0.00012806206571484838 8.498348530731164e-05 -0.00025775739540540959 -0.00012766004608277584 -0.00011158465262575196 -0.00019125211113470866 4.1960096875118345e-05
leaf_weight=56 32 130 34 34 61 29 361
leaf_count=56 32 130 34 34 61 29 361
internal_value=-0.000644505 0.00033532 -0.0106061 0.00117886 -5.15464e-05 0.000720621 0.0014218
internal_weight=737 671 66 615 485 451 422
internal_count=737 671 66 615 485 451 422
is_linear=0
shrinkage=0.05


Tree=6
num_leaves=8
num_cat=0
split_feature=9 9 10 12 7 2 9
split_gain=2.08647 1.57179 1.67833 2.4851 2.07755 2.4527 1.85435
threshold=0.15405479229050492 -0.044995140077583866 -0.0063062560979271201 0.02953543879256915 0.009925652842067147 0.030777750288441545 0.010934311557056599
decision_type=10 8 2 2 2 2 10
left_child=1 -1 3 -3 6 -6 -4
right_child=-2 2 4 -5 5 -7 -8
leaf_value=0.00013977708219355063 -0.00022653477002550077 4.3983857343991959e-05 -0.00011133911989596455 0.00025962870151174136 0.00012620009137880698 -2.2971075759478654e-05 -2.9979830716389763e-05
leaf_weight=47 66 88 130 25 74 148 168
leaf_count=47 66 88 130 25 74 148 168
internal_value=-0.000603217 0.000220588 -0.000434439 0.0050885 -0.00163462 0.00202703 -0.00436242
internal_weight=746 680 633 113 520 222 298
internal_count=746 680 633 113 520 222 298
is_linear=0
shrinkage=0.05


Tree=7
num_leaves=8
num_cat=0
split_feature=4 3 5 9 11 9 1
split_gain=2.70694 2.6655 2.35313 2.28286 2.23531 1.88559 1.4018
threshold=0.016734445561268883 0.0039114641616953003 0.010079118585696486 0.12331098343476933 0.0040071134155756924 0.12777214345732349 0.01136462984282849
decision_type=2 2 2 8 2 10 2
left_child=1 2 3 -1 -4 -2 -3
right_child=5 6 4 -5 -6 -7 -8
leaf_value=-2.536750864025198e-06 -1.5425903586280809e-05 0.00020846509287756376 0.00026706345143463842 -0.00012562361698608763 -8.2752335393129251e-06 -0.00022546570632975532 7.2704628665372825e-05
leaf_weight=94 400 31 33 25 35 97 30
leaf_count=94 400 31 33 25 35 97 30
internal_value=-0.000637584 0.00362903 0.000668449 -0.00357143 0.00808824 -0.0027666 0.0127049
internal_weight=745 248 187 119 68 497 61
internal_count=745 248 187 119 68 497 61
is_linear=0
shrinkage=0.05


Tree=8
num_leaves=8
num_cat=0
split_feature=9 2 10 3 8 3 0
split_gain=2.53921 1.30429 2.24696 1.89688 1.81275 1.58834 1.62733
threshold=0.12036608331672162 -0.023023028030550338 -0.0063062560979271201 -0.0021297820447990774 -0.062200875918603397 0.0014902449345075566 0.013438366284753924
decision_type=10 2 2 2 8 2 2
left_child=1 4 3 -3 -1 -4 -7
right_child=-2 2 5 -5 -6 6 -8
leaf_value=0.00013355952326318715 -0.00010382349707188411 0.00023397973083992074 -1.6143122293683096e-05 0.00010521226801336449 -8.7146501130519916e-05 7.3421584004710857e-05 -1.3163266272093349e-05
leaf_weight=49 129 28 213 30 169 118 28
leaf_count=49 129 28 213 30 169 118 28
internal_value=0 0.00129921 0.00293765 0.012069 -0.00183486 0.0014624 0.00547945
internal_weight=764 635 417 58 218 359 146
internal_count=764 635 417 58 218 359 146
is_linear=0
shrinkage=0.05


Tree=9
num_leaves=8
num_cat=0
split_feature=4 9 3 5 5 12 5
split_gain=2.67794 1.83889 1.77605 2.11561 1.67538 1.67305 1.51749
threshold=0.016734445561268883 0.096755335609579288 0.0039114641616953003 0.010047871888006136 0.010105570511605782 -0.036853049265853803 0.010314787079845015
decision_type=2 10 2 2 2 2 2
left_child=2 5 3 -1 -4 -2 -7
right_child=1 -3 4 -5 -6 6 -8
leaf_value=-2.8891347001908834e-05 -0.00014497931157554178 -0.00010530533425980585 0.00014426402666059603 0.00013189289989732182 8.6449437755532939e-06 -3.2815761160789884e-05 3.9258134212091272e-05
leaf_weight=118 49 161 40 72 25 29 250
leaf_count=118 49 161 40 72 25 29 250
internal_value=-0.000134409 -0.00230061 0.00401961 0.00157895 0.0111538 -0.000152439 0.00134409
internal_weight=744 489 255 190 65 328 279
internal_count=744 489 255 190 65 328 279
is_linear=0
shrinkage=0.05


Tree=10
num_leaves=8
num_cat=0
split_feature=9 4 1 3 10 4 1
split_gain=1.98608 1.31565 1.94554 2.35697 2.54199 1.70508 1.56475
threshold=0.15405479229050492 0.016886283807686364 0.020269516127432555 0.0039624058849272456 -0.0042544588401209329 0.015376538335526374 0.0059777837846161095
decision_type=10 2 2 2 2 2 2
left_child=1 2 3 4 -1 -4 -3
right_child=-2 6 5 -5 -6 -7 -8
leaf_value=0.00017704150530233558 -0.00012713176326853694 -6.0699202069237342e-05 -0.00015909404156226348 0.00018344976603603205 -1.3554465536894296e-05 7.3465005061978806e-05 4.0051366453366587e-05
leaf_weight=37 62 258 27 44 116 34 171
leaf_count=37 62 258 27 44 116 34 171
internal_value=-0.000300401 0.000473071 0.00329457 0.00571066 0.00277778 -0.0045082 -0.00122378
internal_weight=749 687 258 197 153 61 429
internal_count=749 687 258 197 153 61 429
is_linear=0
shrinkage=0.05


Tree=11
num_leaves=8
num_cat=0
split_feature=9 8 9 0 5 1 5
split_gain=1.81704 2.12341 1.6388 1.46269 1.30256 2.39065 1.73159
threshold=0.045158447901557659 -0.020119613139000344 -0.023828645380749965 -0.0037022558969367898 0.011362879738293277 0.020983159722958725 0.010283657421841464
decision_type=8 10 10 2 2 2 2
left_child=1 2 -1 -3 5 6 -2
right_child=4 3 -4 -5 -6 -7 -8
leaf_value=6.170382766652817e-05 -2.7756294114023768e-05 0.00027761393764361901 -0.00014521967113866873 6.1709957024502779e-05 -7.7799079965739425e-05 -9.0712318757349517e-05 0.00010007213566022504
leaf_weight=67 100 38 49 104 235 55 99
leaf_count=67 100 38 49 104 235 55 99
internal_value=-0.000100402 0.00329457 -0.00172414 0.00739437 -0.00189162 0.000590551 0.0031407
internal_weight=747 258 116 142 489 254 199
internal_count=747 258 116 142 489 254 199
is_linear=0
shrinkage=0.05


Tree=12
num_leaves=8
num_cat=0
split_feature=9 4 10 3 8 0 4
split_gain=3.05316 1.7196 2.45508 1.46394 2.04715 1.31237 1.03855
threshold=0.14731119092614156 0.017285427114852262 -0.0042544588401209329 0.0024648360281839259 -0.010171859850031993 0.0043290866656983127 0.018369622229170962
decision_type=10 2 2 2 10 2 2
left_child=1 2 -1 4 -4 -5 -3
right_child=-2 6 3 5 -6 -7 -8
leaf_value=0.00015716706604810562 -0.00018323176247943959 -5.5288978864832632e-05 0.0002003083886816668 -2.3129317833602093e-06 -4.0290264459057249e-05 0.00010071087541152669 4.7318948826082995e-06
leaf_weight=53 70 89 26 29 121 45 301
leaf_count=53 70 89 26 29 121 45 301
internal_value=-6.81199e-05 0.000978916 0.0040146 0.00169683 -0.00119048 0.00743243 -0.00115385
internal_weight=734 664 274 221 147 74 390
internal_count=734 664 274 221 147 74 390
is_linear=0
shrinkage=0.05


Tree=13
num_leaves=8
num_cat=0
split_feature=10 12 3 10 8 5 8
split_gain=1.75775 2.46792 1.3457 1.78571 1.66026 1.4122 1.88606
threshold=-0.0063062560979271201 0.02953543879256915 -0.0057268747487166918 0.00040263484850655567 -0.062200875918603397 0.016764584076890326 -0.041191209097764019
decision_type=2 2 2 2 8 2 8
left_child=1 -1 3 -2 -4 6 -6
right_child=2 -3 4 -5 5 -7 -8
leaf_value=3.962415872823177e-05 -0.00024695614323341682 0.00027069918137402041 0.00026126097164559181 -3.3953085320653149e-05 -0.00010267489709226531 -8.8805022712274038e-05 2.0597991420012081e-06
leaf_weight=102 28 25 26 28 29 51 456
leaf_count=102 28 25 26 28 29 51 456
internal_value=-0.000436242 0.00492126 -0.00153722 -0.00892857 -0.000800712 -0.00139925 -0.00056701
internal_weight=745 127 618 56 562 536 485
internal_count=745 127 618 56 562 536 485
is_linear=0
shrinkage=0.05


Tree=14
num_leaves=8
num_cat=0
split_feature=2 12 1 8 7 0 11
split_gain=1.61711 1.77927 1.66736 1.63787 2.08904 2.95317 1.81367
threshold=0.077735470836885159 -0.040334955259991249 0.017648758548993729 -0.062200875918603397 -0.01083977531579766 -0.00066120661234664302 -0.0084964938619227475
decision_type=2 2 2 8 2 2 2
left_child=1 -1 -2 -3 5 -5 -6
right_child=2 3 -4 4 6 -7 -8
leaf_value=-0.00013316887035627956 -0.00019778138014764471 0.00017568798046942456 -3.6552112019443246e-05 3.4264171149283591e-05 0.00010132553953431712 -0.00015837578716997112 4.6034830501969201e-06
leaf_weight=52 36 39 60 84 58 60 330
leaf_count=52 36 39 60 84 58 60 330
internal_value=-0.000730181 0.000200642 -0.00677083 0.00100701 0.000281955 -0.00486111 0.00219072
internal_weight=719 623 96 571 532 144 388
internal_count=719 623 96 571 532 144 388
is_linear=0
shrinkage=0.05


Tree=15
num_leaves=8
num_cat=0
split_feature=9 9 2 11 9 8 8
split_gain=1.96117 1.42659 1.90662 1.62366 1.61352 1.40997 2.51715
threshold=0.13686219791604684 -0.044995140077583866 -0.062044301984857879 0.018680357320368105 0.023935553332966378 0.0053134259137913595 0.014497191576286485
decision_type=10 8 2 2 10 10 10
left_child=1 -1 -3 5 -5 -4 -7
right_child=-2 2 3 4 -6 6 -8
leaf_value=0.00012590490959589964 -0.0001834412388407516 -0.00011434380937130102 -6.9688328881039631e-06 4.342476088485233e-06 -0.00011944871856640664 0.00018363611666909831 1.998275319187717e-05
leaf_weight=47 90 58 200 50 43 52 203
leaf_count=47 90 58 200 50 43 52 203
internal_value=-0.000302826 0.000650842 0 0.000912409 -0.00510753 0.00214286 0.00460784
internal_weight=743 653 606 548 93 455 255
internal_count=743 653 606 548 93 455 255
is_linear=0
shrinkage=0.05


Tree=16
num_leaves=8
num_cat=0
split_feature=0 2 15 11 6 11 15
split_gain=1.60634 1.69494 1.90388 2.24927 2.47981 1.79865 2.53955
threshold=0.01513062600002424 0.074452800714177605 -0.00048086053203427731 0.003505922146060048 -0.21942981410750914 -0.023324980459216712 -0.014388402632961593
decision_type=2 2 2 2 2 2 2
left_child=1 2 5 4 -4 -1 -7
right_child=-2 -3 3 -5 -6 6 -8
leaf_value=0.00017021564125555661 -6.3443731145018805e-05 -7.3365104033650604e-05 1.1429734239750138e-05 5.2133962422325751e-05 -0.00014611294388275264 -9.4879977553281308e-05 9.1843284666686743e-05
leaf_weight=33 82 97 54 208 68 51 164
leaf_count=33 82 97 54 208 68 51 164
internal_value=-9.90753e-05 0.000703704 0.0017301 -0.000757576 -0.00614754 0.00504032 0.00337209
internal_weight=757 675 578 330 122 248 215
internal_count=757 675 578 330 122 248 215
is_linear=0
shrinkage=0.05


Tree=17
num_leaves=8
num_cat=0
split_feature=9 15 4 11 6 11 1
split_gain=2.85784 1.65375 1.47439 1.56535 1.99032 1.57441 1.7145
threshold=0.12893749367219168 0.0030727915793857812 0.014353247646892832 0.0036681658206255689 -0.38989114172827627 0.013609054079026685 0.020983159722958725
decision_type=10 2 2 2 2 2 2
left_child=1 -1 -3 4 -4 -5 -7
right_child=-2 2 3 5 -6 6 -8
leaf_value=4.6226132344214791e-05 -0.00016537572445860893 -0.00012177454302440747 2.4145714149489528e-05 0.0001310555514104951 -0.00022534838861875602 9.6150394785675199e-05 -7.796453214912384e-05
leaf_weight=355 102 36 35 62 53 62 41
leaf_count=355 102 36 35 62 53 62 41
internal_value=-6.70241e-05 0.0011646 -0.0016436 -0.000296443 -0.00568182 0.00257576 -0.00121359
internal_weight=746 644 289 253 88 165 103
internal_count=746 644 289 253 88 165 103
is_linear=0
shrinkage=0.05


Tree=18
num_leaves=8
num_cat=0
split_feature=9 12 13 6 15 14 1
split_gain=2.0271 2.51292 1.62491 1.78395 1.10583 1.74006 2.0193
threshold=0.045158447901557659 0.024727587984372471 12.765000343322756 -0.20580946734468239 -0.0083929440809019634 0.027028120883943799 -0.017600597032550288
decision_type=8 2 2 2 2 2 2
left_child=1 -1 -3 -4 -2 6 -6
right_child=4 2 3 -5 5 -7 -8
leaf_value=-5.5316369313415058e-06 -0.00012358365715288552 -6.6801624284838249e-06 0.0002465104396369478 0.00010802346595253326 -0.00016131704250160048 0.00011051048804068386 -6.7459594418327249e-06
leaf_weight=146 97 31 27 54 52 67 279
leaf_count=146 97 31 27 54 52 67 279
internal_value=-0.000298805 0.00329457 0.00892857 0.0126543 -0.00217172 -0.00100503 -0.00249245
internal_weight=753 258 112 81 495 398 331
internal_count=753 258 112 81 495 398 331
is_linear=0
shrinkage=0.05


Tree=19
num_leaves=8
num_cat=0
split_feature=5 11 12 7 9 4 8
split_gain=2.24998 1.41642 1.48303 1.4492 1.16719 1.05811 1.61368
threshold=0.013017793484274778 -0.028866681392767265 -0.025750779649927887 -0.023095609164063776 0.18457744212164054 0.018697464788802281 0.066449775171609896
decision_type=2 2 2 2 8 2 10
left_child=1 -1 -3 -4 5 6 -5
right_child=-2 2 3 4 -6 -7 -8
leaf_value=9.5566683693481359e-05 -5.9380711090810303e-05 -0.00012102498709872158 0.0001282312543233471 4.7142750002284606e-05 -7.1336591802480864e-05 0.00020913937889364045 -4.2411547410897723e-05
leaf_weight=25 239 44 31 230 93 45 32
leaf_count=25 239 44 31 230 93 45 32
internal_value=-0.000507442 0.0014 0.000789474 0.00168213 0.000875 0.00236156 0.00114504
internal_weight=739 500 475 431 400 307 262
internal_count=739 500 475 431 400 307 262
is_linear=0
shrinkage=0.05


Tree=20
num_leaves=8
num_cat=0
split_feature=9 2 0 16 11 7 11
split_gain=1.5193 1.14607 0.977208 0.96706 2.1174 1.17908 2.31171
threshold=0.18271577881021275 -0.075315365094042838 -0.0037022558969367898 -0.032598786515004856 -0.020171836765592806 -0.015896793069374023 -0.0080581536357283139
decision_type=10 2 2 2 2 2 2
left_child=1 2 -1 -3 -5 6 -6
right_child=-2 3 -4 4 5 -7 -8
leaf_value=7.3357466553633427e-06 -0.00016303421091753124 8.3188398461586917e-05 -0.000143502180519039 -9.1767060829540045e-05 -0.00019996386770780212 1.4411089805476623e-06 0.00011808440706597081
leaf_weight=28 34 59 26 26 25 480 73
leaf_count=28 34 59 26 26 25 480 73
internal_value=3.32889e-05 0.000523013 -0.00648148 0.00109351 0.000496689 0.00112457 0.00612245
internal_weight=751 717 54 663 604 578 98
internal_count=751 717 54 663 604 578 98
is_linear=0
shrinkage=0.05


Tree=21
num_leaves=8
num_cat=0
split_feature=4 1 3 15 1 4 4
split_gain=1.32403 2.0015 2.39374 1.89838 1.94797 1.44369 1.20993
threshold=0.016734445561268883 0.020269516127432555 0.0039114641616953003 -1.0000000180025095e-35 -0.0038054086970682461 0.015016746416518957 0.01572275051909567
decision_type=2 2 2 2 2 2 2
left_child=1 2 3 5 -5 -1 -3
right_child=-2 6 -4 4 -6 -7 -8
leaf_value=5.6341595221206689e-05 -2.171041650160053e-05 -0.00014153583427606396 0.00013509620748981482 -0.00013500718980042131 1.4667010090576639e-05 0.00022009838186806677 2.6169734776409245e-05
leaf_weight=36 499 29 48 25 56 29 26
leaf_count=36 499 29 48 25 56 29 26
internal_value=-0.000467914 0.00251004 0.00489691 0.00171233 -0.00339506 0.00807692 -0.00590909
internal_weight=748 249 194 146 81 65 55
internal_count=748 249 194 146 81 65 55
is_linear=0
shrinkage=0.05


Tree=22
num_leaves=8
num_cat=0
split_feature=9 10 7 12 1 1 7
split_gain=1.59984 1.59422 2.13582 2.09567 1.98649 1.61819 1.45003
threshold=-0.044995140077583866 -0.0063062560979271201 0.0093784931813457612 0.021636027658746174 0.0058177310992844075 0.021125488601755341 0.013203292773377841
decision_type=8 2 2 2 2 2 2
left_child=-1 3 4 -2 -3 -6 -4
right_child=1 2 6 -5 5 -7 -8
leaf_value=6.4624998823748994e-05 -6.2831552629506564e-06 -9.8342936364288245e-05 7.4986168704245211e-05 0.00017800320727097641 6.643360224126141e-05 -0.00015106269603646077 -4.6706757556514575e-06
leaf_weight=49 89 222 36 30 49 25 242
leaf_count=49 89 222 36 30 49 25 242
internal_value=-0.00107817 -0.00169553 -0.00278746 0.00357143 -0.00574324 0.00135135 0.000359712
internal_weight=742 693 574 119 296 74 278
internal_count=742 693 574 119 296 74 278
is_linear=0
shrinkage=0.05


end of trees

feature_importances:
dist_ma200=26
atr_pct=25
ret_5d=13
parkinson_20=13
overnight_gap=10
spy_ret_5d=10
dist_ma50=9
spy_ret_1d=9
spy_ret_20d=9
ret_1d=7
dist_ma20=7
ret_20d=6
sector_ret_1d=5
vix_chg_1d=4
dvol_z_20=3
vix_level=3
sector_ret_5d=2

parameters:
[boosting: gbdt]
[objective: quantile]
[metric: quantile]
[tree_learner: serial]
[device_type: cpu]
[data_sample_strategy: bagging]
[data: ]
[valid: ]
[num_iterations: 80]
[learning_rate: 0.05]
[num_leaves: 8]
[num_threads: 1]
[seed: 0]
[deterministic: 0]
[force_col_wise: 1]
[force_row_wise: 0]
[histogram_pool_size: -1]
[max_depth: -1]
[min_data_in_leaf: 25]
[min_sum_hessian_in_leaf: 0.001]
[bagging_fraction: 0.9]
[pos_bagging_fraction: 1]
[neg_bagging_fraction: 1]
[bagging_freq: 1]
[bagging_seed: 3]
[bagging_by_query: 0]
[feature_fraction: 0.9]
[feature_fraction_bynode: 1]
[feature_fraction_seed: 2]
[extra_trees: 0]
[extra_seed: 6]
[early_stopping_round: 0]
[early_stopping_min_delta: 0]
[first_metric_only: 0]
[max_delta_step: 0]
[lambda_l1: 0]
[lambda_l2: 0]
[linear_lambda: 0]
[min_gain_to_split: 0]
[drop_rate: 0.1]
[max_drop: 50]
[skip_drop: 0.5]
[xgboost_dart_mode: 0]
[uniform_drop: 0]
[drop_seed: 4]
[top_rate: 0.2]
[other_rate: 0.1]
[min_data_per_group: 100]
[max_cat_threshold: 32]
[cat_l2: 10]
[cat_smooth: 10]
[max_cat_to_onehot: 4]
[top_k: 20]
[monotone_constraints: ]
[monotone_constraints_method: basic]
[monotone_penalty: 0]
[feature_contri: ]
[forcedsplits_filename: ]
[refit_decay_rate: 0.9]
[cegb_tradeoff: 1]
[cegb_penalty_split: 0]
[cegb_penalty_feature_lazy: ]
[cegb_penalty_feature_coupled: ]
[path_smooth: 0]
[interaction_constraints: ]
[verbosity: -1]
[saved_feature_importance_type: 0]
[use_quantized_grad: 0]
[num_grad_quant_bins: 4]
[quant_train_renew_leaf: 0]
[stochastic_rounding: 1]
[linear_tree: 0]
[max_bin: 255]
[max_bin_by_feature: ]
[min_data_in_bin: 3]
[bin_construct_sample_cnt: 200000]
[data_random_seed: 1]
[is_enable_sparse: 1]
[enable_bundle: 1]
[use_missing: 1]
[zero_as_missing: 0]
[feature_pre_filter: 1]
[pre_partition: 0]
[two_round: 0]
[header: 0]
[label_column: ]
[weight_column: ]
[group_column: ]
[ignore_column: ]
[categorical_feature: ]
[forcedbins_filename: ]
[precise_float_parser: 0]
[parser_config_file: ]
[objective_seed: 5]
[num_class: 1]
[is_unbalance: 0]
[scale_pos_weight: 1]
[sigmoid: 1]
[boost_from_average: 1]
[reg_sqrt: 0]
[alpha: 0.5]
[fair_c: 1]
[poisson_max_delta_step: 0.7]
[tweedie_variance_power: 1.5]
[lambdarank_truncation_level: 30]
[lambdarank_norm: 1]
[label_gain: ]
[lambdarank_position_bias_regularization: 0]
[eval_at: ]
[multi_error_top_k: 1]
[auc_mu_weights: ]
[num_machines: 1]
[local_listen_port: 12400]
[time_out: 120]
[machine_list_filename: ]
[machines: ]
[gpu_platform_id: -1]
[gpu_device_id: -1]
[gpu_device_id_list: ]
[gpu_use_dp: 0]
[num_gpu: 1]

end of parameters

pandas_categorical:[]
