tree
version=v4
num_class=1
num_tree_per_iteration=1
label_index=0
max_feature_idx=16
objective=quantile
feature_names=ret_1d ret_5d ret_20d overnight_gap atr_pct parkinson_20 dvol_z_20 dist_ma20 dist_ma50 dist_ma200 spy_ret_1d spy_ret_5d spy_ret_20d vix_level vix_chg_1d sector_ret_1d sector_ret_5d
feature_infos=[-0.091339410939691446:0.085563751317175862] [-0.14994625582228582:0.11624203821656054] [-0.24802000833680704:0.19958246346555319] [-0.04747637241101943:0.089541547277937061] [0.011265927690873314:0.053537386147002756] [0.0074899642904775986:0.028477015957685581] [-1.8649730979963564:4.2005570527411198] [-0.18199608610567497:0.11115581124029461] [-0.21371723458598124:0.14789599015518373] [-0.12047694461621217:0.37752987517916803] [-0.058542947643003718:0.10501933612632941] [-0.11496158439845272:0.082843216242346029] [-0.12265592443394913:0.15756596870864792] [11.859999656677246:52.330001831054688] [-0.35753873962348437:0.74039073966007019] [-0.057278720415000484:0.088354812492743573] [-0.10755362138638491:0.081588053177927611]
tree_sizes=838 849 850 865 854 848 857 864 857 860 861 854 845 864 857 862 848 854 862 861 857 854 870 861 855 855 863 860 846 859 867 860 855 868 856 855 852 855 864

Tree=0
num_leaves=8
num_cat=0
split_feature=16 3 14 6 9 4 5
split_gain=2.2227 1.72183 2.59679 2.03874 1.86911 1.66169 1.27604
threshold=0.014202499347618082 0.0015251624387552234 0.052213768787031663 -0.36330277782782455 0.087129223077082277 0.027398620702946748 0.012266782669218108
decision_type=2 2 2 2 8 2 2
left_child=1 6 3 -3 -5 -2 -1
right_child=5 2 -4 4 -6 -7 -8
leaf_value=0.0011115839239209889 0.0013241482025478034 0.0013787607196718455 0.0015609047666657716 0.0013022281404118986 0.00094771559233777216 0.0015462643757928162 0.0011883170169312506
leaf_weight=96 218 58 28 41 54 36 219
leaf_count=96 218 58 28 41 54 36 219
internal_value=0.00139405 -0.0005538 0.00333254 0.00077052 -0.00373928 0.00519772 -0.0027869
internal_weight=750 496 181 153 95 254 315
internal_count=750 496 181 153 95 254 315
is_linear=0
shrinkage=1


Tree=1
num_leaves=8
num_cat=0
split_feature=11 1 13 13 4 7 9
split_gain=2.82051 1.788 1.65828 1.80772 1.76306 1.57367 1.4881
threshold=0.020793273633493151 0.042593460683888591 15.944999694824221 15.375000000000002 0.019335808930191007 -0.0013695929985595987 0.22146734919540936
decision_type=2 2 2 2 2 2 8
left_child=1 2 3 -1 6 -2 -4
right_child=5 -3 4 -5 -6 -7 -8
leaf_value=5.1678108866326538e-06 0.00031958265200955795 -0.000255750919750426 -7.0914174357312733e-05 0.00029943633227958344 -4.4705641339533028e-05 5.1608946814667438e-05 -0.00026180783796007749
leaf_weight=191 35 59 42 30 265 84 28
leaf_count=191 35 59 42 30 265 84 28
internal_value=-0.000953678 -0.00231707 -0.00143885 0.00192308 -0.00365672 0.00609244 -0.0107143
internal_weight=734 615 556 221 335 119 70
internal_count=734 615 556 221 335 119 70
is_linear=0
shrinkage=0.05


Tree=2
num_leaves=8
num_cat=0
split_feature=11 12 16 0 9 7 3
split_gain=2.36675 2.0065 1.67538 1.43082 1.8715 1.77129 2.43064
threshold=0.020793273633493151 0.048152428754814187 0.02600406963130342 0.01216166028983068 0.14985096634705355 -0.018281066638942186 0.0030605621125552322
decision_type=2 2 2 2 8 2 2
left_child=3 2 -2 4 -1 -6 -7
right_child=1 -3 -4 -5 5 6 -8
leaf_value=6.2548335947212755e-05 0.00035546966870606418 -0.00029527655527635942 7.1268168234382774e-05 -0.00026273122514976422 0.00021713785619067495 -0.00016152790532578365 6.0685783013468611e-05
leaf_weight=247 25 26 65 106 59 168 53
leaf_count=247 25 26 65 106 59 168 53
internal_value=-0.000100134 0.00646552 0.01 -0.00130332 -0.000237192 -0.00303571 -0.0050905
internal_weight=749 116 90 633 527 280 221
internal_count=749 116 90 633 527 280 221
is_linear=0
shrinkage=0.05


Tree=3
num_leaves=8
num_cat=0
split_feature=16 1 3 12 3 16 0
split_gain=1.86187 1.88815 1.63365 4.68262 1.67103 1.44172 1.43062
threshold=0.015649337870060512 0.039032144118685837 0.0015251624387552234 0.043286843097797296 0.004145321846093176 0.026662090038135803 0.0016526248631688614
decision_type=2 2 2 2 2 2 2
left_child=1 2 6 4 -4 -2 -1
right_child=5 -3 3 -5 -6 -7 -8
leaf_value=-3.4172556860539736e-06 0.00016391747962261435 -0.00026529263038373754 0.00015500607363792371 -0.00045049355811188434 5.5795138341272835e-05 -6.1661622503379429e-06 -0.00016160824859734929
leaf_weight=200 120 55 51 27 88 108 94
leaf_count=200 120 55 51 27 88 108 94
internal_value=-3.36474e-05 -0.00169903 -0.000652174 0.00331325 0.00701439 0.00372807 -0.00289116
internal_weight=743 515 460 166 139 228 294
internal_count=743 515 460 166 139 228 294
is_linear=0
shrinkage=0.05


Tree=4
num_leaves=8
num_cat=0
split_feature=15 13 9 12 1 1 15
split_gain=1.78336 2.57016 1.92333 1.82595 2.07825 2.72709 1.92063
threshold=-0.0045841696258556155 18.394999504089359 -0.07565488700285726 0.048152428754814187 -0.0083973337444142575 0.0090871654456154988 0.0024157834444348274
decision_type=2 2 8 2 2 2 2
left_child=1 -1 -2 4 -4 -6 -5
right_child=2 -3 3 6 5 -7 -8
leaf_value=-0.00024387752033071367 0.00039774629893032394 3.4518437826218365e-05 -5.7439831162064362e-05 0.00010361945623535803 0.00015883230546979803 1.1473324197941113e-05 -0.00026477060631561474
leaf_weight=108 25 86 115 36 100 228 48
leaf_count=108 25 86 115 36 100 228 48
internal_value=0 -0.00412371 0.00144928 0.000806452 0.00208804 0.00411585 -0.00595238
internal_weight=746 194 552 527 443 328 84
internal_count=746 194 552 527 443 328 84
is_linear=0
shrinkage=0.05


Tree=5
num_leaves=8
num_cat=0
split_feature=11 6 0 1 14 9 6
split_gain=3.43355 1.51455 1.3053 1.79124 1.65089 1.54423 1.81043
threshold=0.021151799211171721 -0.59797329636780006 -0.01335284040495399 -0.012138889545593222 0.039162482689633411 0.31026188285635953 0.42101655354073569
decision_type=2 2 2 2 2 8 2
left_child=2 -2 3 4 -1 6 -4
right_child=1 -3 5 -5 -6 -7 -8
leaf_value=-0.00036016755258887862 0.00023947618316670378 0.00012451316576262434 -7.8530343516610172e-05 0.00022118763025194609 0.00042128976579655034 -0.00019534404310012616 0.00011137749469814572
leaf_weight=27 25 85 306 34 28 138 94
leaf_count=27 25 85 306 34 28 138 94
internal_value=3.39213e-05 0.00818182 -0.00139553 0.00421348 -0.00136364 -0.00232342 -0.00075
internal_weight=737 110 627 89 55 538 400
internal_count=737 110 627 89 55 538 400
is_linear=0
shrinkage=0.05


Tree=6
num_leaves=8
num_cat=0
split_feature=11 6 6 6 13 15 11
split_gain=2.72942 1.46925 3.00986 1.96389 1.83672 1.67006 1.56735
threshold=0.020793273633493151 0.88318777909191681 -0.36656543356054289 2.0134718958779101 17.369999885559086 0.0012991450795589723 -0.0043480810751578827
decision_type=2 2 2 2 2 2 2
left_child=1 2 -1 -3 6 -6 -4
right_child=-2 3 4 -5 5 -7 -8
leaf_value=3.5570636354004376e-05 0.00014126368047651331 0.0001905539409764118 8.7722294251344764e-05 -5.7027132052678601e-05 -0.00020366864694712711 -0.00053984015139038383 -0.00014549135320584267
leaf_weight=286 114 49 25 43 64 37 128
leaf_count=286 114 49 25 43 64 37 128
internal_value=0.000335121 -0.000949367 -0.00194444 0.0048913 -0.00590551 -0.0111386 -0.00245098
internal_weight=746 632 540 92 254 101 153
internal_count=746 632 540 92 254 101 153
is_linear=0
shrinkage=0.05


Tree=7
num_leaves=8
num_cat=0
split_feature=11 7 0 5 3 12 6
split_gain=2.58246 1.62928 1.56036 1.75189 1.74578 1.55769 1.53803
threshold=0.020793273633493151 -0.0013695929985595987 0.012343502479309156 0.012266782669218108 0.0015251624387552234 0.028749021538237555 0.064451896846271242
decision_type=2 2 2 2 2 2 2
left_child=2 -2 3 4 -1 -6 -5
right_child=1 -3 -4 6 5 -7 -8
leaf_value=-0.00013324770441698925 0.00033326094582747444 6.8213286810698908e-05 -0.00024540524741928506 6.9664237924196515e-05 0.00030789232885671913 -0.00011147655956723901 -0.00011976786970934811
leaf_weight=113 30 82 106 249 26 26 113
leaf_count=113 30 82 106 249 26 26 113
internal_value=-0.000302013 0.00669643 -0.00154028 -0.000426945 -0.00469697 0.00288462 0.00151934
internal_weight=745 112 633 527 165 52 362
internal_count=745 112 633 527 165 52 362
is_linear=0
shrinkage=0.05


Tree=8
num_leaves=8
num_cat=0
split_feature=11 10 15 4 4 13 11
split_gain=2.61883 1.86735 1.46001 1.77408 2.13011 1.59706 2.04944
threshold=0.020793273633493151 0.0093708689462960199 -0.0045841696258556155 0.023329448911453946 0.026220065206954791 17.164999961853031 -0.0075284506861215674
decision_type=2 2 2 2 2 2 2
left_child=2 -2 3 -1 -5 6 -4
right_child=1 -3 5 4 -6 -7 -8
leaf_value=-0.00023257899361983376 5.0739895072791638e-05 0.00041719979808370387 0.00022782943460759013 0.0003374724875533111 -0.00027562184297909704 -6.0362827264803104e-05 3.0187010070684904e-05
leaf_weight=104 85 30 37 39 41 176 252
leaf_count=104 85 30 37 39 41 176 252
internal_value=0.00065445 0.0076087 -0.000577812 -0.00434783 0.00125 0.000913978 0.00320069
internal_weight=764 115 649 184 80 465 289
internal_count=764 115 649 184 80 465 289
is_linear=0
shrinkage=0.05


Tree=9
num_leaves=8
num_cat=0
split_feature=6 16 6 5 8 9 12
split_gain=1.9645 2.60558 1.94561 1.73167 2.6759 3.1787 1.97446
threshold=-0.65556738731952258 0.023071226059628861 -1.1752451387247342 0.015336134857943625 -0.021547347143414438 -0.063476721306965897 0.020704081019033652
decision_type=2 2 2 2 8 10 2
left_child=1 2 -1 4 -2 -6 -7
right_child=3 -3 -4 -5 5 6 -8
leaf_value=-0.00018773226846753366 0.00026180917299391401 0.00034703981615840599 7.1861111588823165e-05 -0.00025358203919568795 -0.00028542077911505577 -6.0963045867487209e-05 0.0001069612858570572
leaf_weight=25 50 29 130 165 78 142 125
leaf_count=25 50 29 130 165 78 142 125
internal_value=-0.000134409 0.00434783 0.00177419 -0.00160714 0.000189873 -0.00137681 0.00121723
internal_weight=744 184 155 560 395 345 267
internal_count=744 184 155 560 395 345 267
is_linear=0
shrinkage=0.05


Tree=10
num_leaves=8
num_cat=0
split_feature=9 11 12 10 11 9 11
split_gain=1.50656 1.37418 1.596 1.1995 1.19939 1.806 1.94222
threshold=-0.078838252178636756 0.020793273633493151 0.041026522292009988 0.0054292570056242448 -0.0075284506861215674 0.18026265491266238 -0.0027153549187989841
decision_type=8 2 2 2 2 8 2
left_child=-1 4 3 -3 -2 -6 -7
right_child=1 2 -4 -5 5 6 -8
leaf_value=0.00037268923453818466 3.3987749686467092e-05 0.00010319240260591582 -0.00011791641969030424 0.00018123982845180033 3.4287489243919932e-06 -0.00020914331027069365 -7.1883191263479273e-05
leaf_weight=29 169 43 34 36 229 36 173
leaf_count=29 169 43 34 36 229 36 173
internal_value=3.33778e-05 -0.000416667 0.00464602 0.0085443 -0.00135914 -0.00273973 -0.00610048
internal_weight=749 720 113 79 607 438 209
internal_count=749 720 113 79 607 438 209
is_linear=0
shrinkage=0.05


Tree=11
num_leaves=8
num_cat=0
split_feature=9 8 12 5 15 2 12
split_gain=2.03176 1.72364 3.1278 2.04114 1.54034 1.45833 1.43296
threshold=0.29134314324765526 -0.019838547985636609 0.018681832940772639 0.015134919730946708 -0.0045841696258556155 0.014403973347536405 0.048152428754814187
decision_type=8 8 2 2 2 2 2
left_child=4 3 -3 -2 5 -1 -6
right_child=1 2 -4 -5 6 -7 -8
leaf_value=-0.00027508103907489614 0.0004002994249556931 -0.00038651373837255109 -5.9648196719791209e-06 -0.00013571839686947622 9.6737364343489805e-05 3.6337435041675808e-05 -0.00012144398842193765
leaf_weight=63 37 54 65 31 358 72 67
leaf_count=63 37 54 65 31 358 72 67
internal_value=0.000368139 -0.00414439 -0.00777311 0.00220588 0.001875 -0.00277778 0.00335294
internal_weight=747 187 119 68 560 135 425
internal_count=747 187 119 68 560 135 425
is_linear=0
shrinkage=0.05


Tree=12
num_leaves=8
num_cat=0
split_feature=11 16 8 6 5 5 6
split_gain=1.97189 1.96883 1.77922 1.62062 1.82773 1.45971 1.3719
threshold=0.020793273633493151 0.036887810956601881 0.035455448038387301 0.88318777909191681 0.012266782669218108 0.011995782014521068 0.064451896846271242
decision_type=2 2 10 2 2 2 2
left_child=3 2 -2 4 5 -1 -6
right_child=1 -3 -4 -5 6 -7 -8
leaf_value=-6.9944284315216938e-05 0.00035729025572022051 -8.9309285675014015e-06 6.6737392586891891e-05 0.00010329639535433355 3.272293432482253e-05 -0.00035250852866119459 -0.00018532763697258023
leaf_weight=123 39 40 34 96 291 26 85
leaf_count=123 39 40 34 96 291 26 85
internal_value=0.000340599 0.00641593 0.0113014 -0.000764895 -0.00185714 -0.00654362 0
internal_weight=734 113 73 621 525 149 376
internal_count=734 113 73 621 525 149 376
is_linear=0
shrinkage=0.05


Tree=13
num_leaves=8
num_cat=0
split_feature=1 6 0 15 8 8 2
split_gain=2.06133 1.87084 1.71416 2.67455 2.33295 1.62064 2.21188
threshold=0.065116391937120058 0.88318777909191681 -0.01335284040495399 -0.0045841696258556155 0.029526157024407976 0.032683517224684995 0.044206021107462752
decision_type=2 2 2 2 10 8 2
left_child=1 2 -1 4 -4 -5 -7
right_child=-2 -3 3 5 -6 6 -8
leaf_value=0.0001673447355333905 -0.00048921697135871774 0.00013911619512366497 -0.00029185801432332278 6.4614613898507158e-05 -1.3350447539634364e-05 -0.00013537912137863317 3.7962676975529156e-05
leaf_weight=77 26 101 62 220 50 74 135
leaf_count=77 26 101 62 220 50 74 135
internal_value=0.000369128 0.000869263 -0.000161812 -0.00115527 -0.00803571 0.000641026 -0.00251196
internal_weight=745 719 618 541 112 429 209
internal_count=745 719 618 541 112 429 209
is_linear=0
shrinkage=0.05


Tree=14
num_leaves=8
num_cat=0
split_feature=3 0 15 6 13 12 3
split_gain=1.67087 2.19272 2.19984 1.79387 2.76229 1.68298 1.52633
threshold=0.0030605621125552322 -0.01335284040495399 -0.0027945855985403996 -0.22754804549173255 15.944999694824221 0.01773640557143186 -0.0021736267409536154
decision_type=2 2 2 2 2 2 2
left_child=1 -1 -3 -2 -5 -6 -4
right_child=3 2 6 4 5 -7 -8
leaf_value=0.0002396956101515317 0.00016713945161765445 -0.00017041481468591316 0.0001221234809781154 0.0001673224490383244 -0.00035972648778333308 8.4162837231988177e-05 -4.6249483182120512e-05
leaf_weight=82 89 136 88 47 39 27 211
leaf_count=82 89 136 88 47 39 27 211
internal_value=0.000104312 -0.00140232 -0.00281609 0.0039604 -0.000221239 -0.00681818 -0.00041806
internal_weight=719 517 435 202 113 66 299
internal_count=719 517 435 202 113 66 299
is_linear=0
shrinkage=0.05


Tree=15
num_leaves=8
num_cat=0
split_feature=12 9 11 2 11 2 2
split_gain=1.31249 1.35731 1.62076 1.40688 2.45233 2.42308 2.35781
threshold=0.076145599776237818 0.17450447199468946 0.020527349767636042 -0.0097165430580226624 -0.010607926324274484 -0.023335760349490361 -0.039634068085735712
decision_type=2 8 2 2 2 2 2
left_child=1 3 -3 5 -5 6 -1
right_child=-2 2 -4 4 -6 -7 -8
leaf_value=-8.6772261898133404e-05 -0.00024857423847293947 -5.1691379930266003e-05 0.00013660313800709521 0.00019118174684220869 4.8810799628140207e-05 -0.00033768035992524215 0.00033074915866597508
leaf_weight=66 33 309 49 33 202 26 25
leaf_count=66 33 309 49 33 202 26 25
internal_value=-0.000100942 0.000352113 -0.00181564 0.00255682 0.00478723 -0.00192308 0.00192308
internal_weight=743 710 358 352 235 117 91
internal_count=743 710 358 352 235 117 91
is_linear=0
shrinkage=0.05


Tree=16
num_leaves=8
num_cat=0
split_feature=11 11 11 6 10 1 2
split_gain=1.37465 1.38161 1.9116 2.1039 1.37706 1.50476 1.5
threshold=0.020793273633493151 -0.0087471822006088256 -0.018660879963565243 0.088618296337008629 0.0094657139240660344 0.0079228362337291375 0.030862831710819164
decision_type=2 2 2 2 2 2 2
left_child=1 2 3 -1 5 -2 -7
right_child=4 -3 -4 -5 -6 6 -8
leaf_value=3.9721018365432338e-05 0.00015320062421111214 -5.2501564177577205e-05 0.00022074853864089547 -0.0003154328889402396 0.00036944371359545064 -0.00027534785895949734 3.6802283092665389e-05
leaf_weight=56 33 475 76 32 31 27 27
leaf_count=56 33 475 76 32 31 27 27
internal_value=-0.000297226 -0.00121283 0.0027439 -0.00227273 0.00466102 0.00143678 -0.0037037
internal_weight=757 639 164 88 118 87 54
internal_count=757 639 164 88 118 87 54
is_linear=0
shrinkage=0.05


Tree=17
num_leaves=8
num_cat=0
split_feature=6 6 6 15 5 5 6
split_gain=1.52432 1.85358 1.50258 1.87435 2.2506 1.59481 2.98549
threshold=-0.62825102154284052 -1.2522944039207908 0.47629814047271829 0.010582677207346404 0.013629275622524356 0.012266782669218108 0.064451896846271242
decision_type=2 2 2 2 2 2 2
left_child=1 -1 3 5 -5 -2 -7
right_child=2 -3 -4 4 -6 6 -8
leaf_value=-0.00015181023675027569 -0.00027799813636392423 8.5103027746510806e-05 4.4341151386308547e-05 -8.3236656517450471e-05 0.00030415869898908413 1.555119727918585e-05 -0.00038330523256339738
leaf_weight=27 86 174 180 30 32 164 53
leaf_count=27 86 174 180 30 32 164 53
internal_value=0.000134048 0.00385572 -0.00123853 -0.00308219 0.00483871 -0.00470297 -0.00241935
internal_weight=746 201 545 365 62 303 217
internal_count=746 201 545 365 62 303 217
is_linear=0
shrinkage=0.05


Tree=18
num_leaves=8
num_cat=0
split_feature=9 0 8 12 3 12 1
split_gain=1.81019 2.89205 1.90494 1.85542 1.77848 1.63441 1.27443
threshold=0.31026188285635953 -0.011812100809555968 -0.032637171959065452 0.016494758368500898 0.0021221640862890694 0.048519167358985434 -0.040687846232535622
decision_type=8 2 8 2 2 2 2
left_child=4 -2 -3 -4 6 -6 -1
right_child=1 2 3 -5 5 -7 -8
leaf_value=-0.00070760565944753026 0.00019493094679603356 7.9444753866411835e-05 -0.00051326266413634922 -4.5610409113527254e-05 8.0718093036245993e-05 -0.00023066015079236331 -2.9909199979575276e-06
leaf_weight=26 25 34 49 62 173 29 355
leaf_count=26 25 34 49 62 173 29 355
internal_value=-0.000166003 -0.00470588 -0.00741379 -0.0105856 0.0011578 0.0049505 -0.000853018
internal_weight=753 170 145 111 583 202 381
internal_count=753 170 145 111 583 202 381
is_linear=0
shrinkage=0.05


Tree=19
num_leaves=8
num_cat=0
split_feature=14 12 9 2 1 5 3
split_gain=1.76284 1.30651 1.35557 1.6547 1.38742 1.36572 1.34344
threshold=-0.033937801347731548 0.076145599776237818 0.14657022081421381 0.053284382515124913 -0.0035324347344891645 0.014595324376082302 0.0028082662171441401
decision_type=2 2 8 2 2 2 2
left_child=-1 2 3 4 5 -2 -4
right_child=1 -3 6 -5 -6 -7 -8
leaf_value=4.0567262697159036e-05 0.00032333741020707727 -0.00038000809030033029 -7.8788179022966175e-05 0.00012579923022770851 -0.00010970302651454249 -0.00011269853149084599 5.8268883757528264e-05
leaf_weight=210 37 25 211 39 102 56 59
leaf_count=210 37 25 211 39 102 56 59
internal_value=-0.000304465 -0.0018431 -0.00128968 0.00149573 -0.000384615 0.00403226 -0.0037037
internal_weight=739 529 504 234 195 93 270
internal_count=739 529 504 234 195 93 270
is_linear=0
shrinkage=0.05


Tree=20
num_leaves=8
num_cat=0
split_feature=1 11 13 13 0 14 2
split_gain=1.52637 1.03622 1.23348 2.3595 1.75186 2.22075 2.90182
threshold=0.058929382703865614 0.021459813769517781 17.394999504089359 20.060000419616703 -0.012946496736761235 0.013406221047230662 0.03991327969693826
decision_type=2 2 2 2 2 2 2
left_child=1 2 4 -4 -1 -6 -7
right_child=-2 -3 3 -5 5 6 -8
leaf_value=0.0003408684205847069 -0.00033633877388151274 0.00010793496514892981 -0.00012717274846919891 3.0468431695570493e-05 6.1742833249102508e-05 -0.00018662921306610594 8.3924806994067441e-05
leaf_weight=40 37 100 131 121 224 54 44
leaf_count=40 37 100 131 121 224 54 44
internal_value=-0.000233023 0.000280112 -0.000488599 -0.0031746 0.00138122 0.00015528 -0.00612245
internal_weight=751 714 614 252 362 322 98
internal_count=751 714 614 252 362 322 98
is_linear=0
shrinkage=0.05


Tree=21
num_leaves=8
num_cat=0
split_feature=0 14 14 7 1 8 1
split_gain=1.13156 1.25188 1.93627 1.58147 1.57244 1.87702 1.47637
threshold=0.026981972721440321 -0.033937801347731548 -0.018674174310541299 0.013054631858674838 -0.0050365628072367432 -0.022640482780305001 0.010170590215693777
decision_type=2 2 2 2 2 8 2
left_child=1 4 3 -3 5 -1 -6
right_child=-2 2 -4 -5 6 -7 -8
leaf_value=0.00028504972802171632 -0.00033690069858059322 -0.00029474467139500697 5.3348740762661665e-06 -6.9097050148735051e-06 0.00030005244326714058 -0.00011666329337632323 4.2151902808727059e-05
leaf_weight=28 29 37 441 35 44 53 81
leaf_count=28 29 37 441 35 44 53 81
internal_value=0.000200535 0.000591099 -0.000730994 -0.00833333 0.0038835 -0.00154321 0.0074
internal_weight=748 719 513 72 206 81 125
internal_count=748 719 513 72 206 81 125
is_linear=0
shrinkage=0.05


Tree=22
num_leaves=8
num_cat=0
split_feature=10 8 12 12 11 8 8
split_gain=1.75118 2.94856 1.92126 2.30097 1.53446 1.67986 2.34851
threshold=0.0053455325599094392 0.02605361284157726 0.020704081019033652 0.024727587984372471 -0.0014608684005930626 -0.0039008298523687253 -0.052437052071153782
decision_type=2 10 2 2 2 10 8
left_child=2 -2 4 -4 5 6 -1
right_child=1 -3 3 -5 -6 -7 -8
leaf_value=1.2349974048560861e-05 0.00021641833199397573 -1.4784659350265554e-05 0.00011256479948194534 1.5268638413777864e-05 -0.00022033170677994998 6.1778540987504038e-05 -0.00057255416354628705
leaf_weight=37 102 103 27 233 115 91 34
leaf_count=37 102 103 27 233 115 91 34
internal_value=0.000336927 0.00426829 -0.00116387 0.00192308 -0.00406137 -0.000925926 -0.00669014
internal_weight=742 205 537 260 277 162 71
internal_count=742 205 537 260 277 162 71
is_linear=0
shrinkage=0.05


Tree=23
num_leaves=8
num_cat=0
split_feature=9 9 3 3 6 1 11
split_gain=1.61421 1.538 1.87146 1.5521 1.40733 1.24289 1.09457
threshold=-0.077540186475406322 -0.061965077637543046 -0.0058487978883424155 -0.0062110126356019193 -0.64727177970473204 0.065116391937120058 0.018972552338111019
decision_type=8 10 2 2 2 2 2
left_child=-1 2 -2 -3 -4 6 -5
right_child=1 3 4 5 -6 -7 -8
leaf_value=0.00032112674795414255 0.00041319574735339227 -0.00024365309793078716 4.8636458165254447e-06 2.0604440472016562e-05 -0.00021479227270706391 -0.00049643349712718003 0.00010418214292111003
leaf_weight=27 27 37 49 367 138 25 81
leaf_count=27 27 37 49 367 138 25 81
internal_value=3.32889e-05 -0.000414365 -0.00397196 0.00107843 -0.00574866 0.00184989 0.00245536
internal_weight=751 724 214 510 187 473 448
internal_count=751 724 214 510 187 473 448
is_linear=0
shrinkage=0.05


Tree=24
num_leaves=8
num_cat=0
split_feature=8 5 4 8 7 3 16
split_gain=1.50572 2.57082 1.52727 1.50861 2.39846 1.43579 1.27724
threshold=-0.019838547985636609 0.015167264337231267 0.026529019969428896 -0.006654890002961821 0.011655861752963072 -0.0062110126356019193 0.013874355295210196
decision_type=8 2 2 10 2 2 2
left_child=1 -1 -3 4 -2 -5 -4
right_child=3 2 6 5 -6 -7 -8
leaf_value=0.00023994438051241703 -0.00031070695760206189 -0.00032503056590272038 -2.7787018040749955e-05 -0.00021812247380364981 5.4811924554719406e-05 8.0456447400806653e-06 0.00025931745274477159
leaf_weight=68 53 28 48 26 27 470 29
leaf_count=68 53 28 48 26 27 470 29
internal_value=0.000100134 0.00419075 -0.000714286 -0.00112847 -0.0075 -0.000100806 0.00292208
internal_weight=749 173 105 576 80 496 77
internal_count=749 173 105 576 80 496 77
is_linear=0
shrinkage=0.05


Tree=25
num_leaves=8
num_cat=0
split_feature=9 14 15 8 13 1 15
split_gain=1.21689 1.31873 1.94711 1.7965 1.9152 1.52551 1.43683
threshold=-0.078838252178636756 -0.033937801347731548 0.0042805577608562304 0.014588137547917214 18.564999580383304 -0.0019678617010805972 0.0054113344673238925
decision_type=8 2 2 8 2 2 2
left_child=-1 3 -3 4 -2 -5 -7
right_child=1 2 -4 5 -6 6 -8
leaf_value=0.00030733106105978661 0.00033478353986260488 -8.4955212218969071e-06 -9.7529500773754584e-05 -0.00021755500434014267 -2.7564976875366903e-05 0.00015262695885849705 -8.9208408224656353e-05
leaf_weight=29 56 392 120 44 36 34 46
leaf_count=29 56 392 120 44 36 34 46
internal_value=-0.000561427 -0.000961538 -0.00234375 0.00231481 0.0076087 -0.0016129 0.0025
internal_weight=757 728 512 216 92 124 80
internal_count=757 728 512 216 92 124 80
is_linear=0
shrinkage=0.05


Tree=26
num_leaves=8
num_cat=0
split_feature=9 1 9 14 11 3 6
split_gain=1.74022 1.43335 1.42069 2.02397 1.41976 1.40759 1.28766
threshold=-0.082450752177805661 -0.040687846232535622 -0.044906901904181444 -0.033937801347731548 -0.022672230022230119 -0.00089605806713211045 0.38063219816174071
decision_type=8 2 10 2 2 2 2
left_child=-1 -2 3 -3 -4 -5 -6
right_child=1 2 4 5 6 -7 -8
leaf_value=0.00048588497614280294 -0.00043540758540274946 0.00016274555342836482 0.00021604672944559647 -1.5806123694082681e-05 -1.206969896221674e-05 -0.00023834115392337848 0.00012444223127032784
leaf_weight=25 49 59 31 66 310 86 111
leaf_count=25 49 59 31 66 310 86 111
internal_value=3.39213e-05 -0.000421348 0.000188537 -0.00319905 0.00176991 -0.00625 0.0010095
internal_weight=737 712 663 211 452 152 421
internal_count=737 712 663 211 452 152 421
is_linear=0
shrinkage=0.05


Tree=27
num_leaves=8
num_cat=0
split_feature=9 14 14 6 6 3 0
split_gain=1.2442 1.15603 1.57469 1.65458 1.84454 1.84191 1.67897
threshold=-0.082450752177805661 -0.067583665573298909 -0.05546753287916955 -0.69708920403142172 0.44067021227024211 0.0008171794700477798 0.01216166028983068
decision_type=8 2 2 2 2 2 2
left_child=-1 -2 -3 5 6 -4 -5
right_child=1 2 3 4 -6 -7 -8
leaf_value=0.00046159072733566284 0.00012489672793939509 -0.00021397179792674874 -1.6786913909107434e-06 -6.7046313864534048e-05 4.7013674340213788e-05 0.0002027043510419669 -0.00029130625283597424
leaf_weight=25 92 31 77 263 154 50 57
leaf_count=25 92 31 77 263 154 50 57
internal_value=3.33778e-05 -0.000345304 -0.00110759 -0.000540765 -0.00189873 0.00452756 -0.0040625
internal_weight=749 724 632 601 474 127 320
internal_count=749 724 632 601 474 127 320
is_linear=0
shrinkage=0.05


Tree=28
num_leaves=8
num_cat=0
split_feature=0 16 11 12 7 5 15
split_gain=1.01708 1.03504 1.35325 1.5747 1.39916 1.23945 1.1491
threshold=0.026981972721440321 0.03608843541209706 0.01613839302739695 0.048152428754814187 0.0018351359956262361 0.012736074673612754 -0.014073944803108139
decision_type=2 2 2 2 2 2 2
left_child=1 2 3 6 -4 -6 -1
right_child=-2 -3 4 -5 5 -7 -8
leaf_value=-0.00015985293686491045 -0.00034782231485064384 -8.2261377760021862e-05 0.00012531534002137561 -0.0001438823870453375 -0.00025894689580947279 0.00013331727727254399 1.4316789960634697e-05
leaf_weight=44 31 58 53 70 30 41 437
leaf_count=44 31 58 53 70 30 41 437
internal_value=0 0.000375171 0.000925926 -0.000136116 0.00564516 0.00105634 0.000883576
internal_weight=764 733 675 551 124 71 481
internal_count=764 733 675 551 124 71 481
is_linear=0
shrinkage=0.05


Tree=29
num_leaves=8
num_cat=0
split_feature=6 6 5 4 6 8 8
split_gain=0.94427 1.36347 1.4035 2.65033 1.51213 2.47702 2.01287
threshold=-1.1574997005881282 -0.62825102154284052 0.015118215067551373 0.023130369751284578 0.25020796624063346 0.057623870319334143 0.012039520240638481
decision_type=2 2 2 2 2 8 8
left_child=-1 -2 3 4 6 -6 -3
right_child=1 2 -4 -5 5 -7 -8
leaf_value=-7.9564867987577496e-05 7.3657935740905147e-05 5.2958306234447533e-05 -0.00017332027039071343 0.00017723448472455018 -3.3042624071140427e-05 0.00014362862857051416 -9.3955450158139949e-05
leaf_weight=33 160 43 176 59 87 47 127
leaf_count=33 160 43 176 59 87 47 127
internal_value=-6.8306e-05 0.000321888 -0.000881262 0.000895317 -0.000986842 0.00298507 -0.00411765
internal_weight=732 699 539 363 304 134 170
internal_count=732 699 539 363 304 134 170
is_linear=0
shrinkage=0.05


Tree=30
num_leaves=8
num_cat=0
split_feature=12 11 9 12 0 11 11
split_gain=1.10438 2.62427 1.44892 1.47746 1.22727 1.02005 1.32769
threshold=-0.0041728615781457248 -0.012843904813593874 0.063820599031503625 -0.027486536479514653 0.00099240919131915483 0.023061662230793093 0.00053834779161687784
decision_type=2 2 8 2 2 2 2
left_child=2 -2 4 -4 -1 6 -3
right_child=1 5 3 -5 -6 -7 -8
leaf_value=-3.354231555729744e-05 0.00023726475678116513 8.4687751832025372e-05 -2.3126568130668607e-05 -0.00027669425925722589 0.00013121383726358391 0.00010080824515238838 -4.0026375890444678e-05
leaf_weight=33 40 125 72 55 33 80 300
leaf_count=33 40 125 72 55 33 80 300
internal_value=0.000271003 0.00142202 -0.00297927 -0.00610236 0.0030303 0.000445545 -0.000529412
internal_weight=738 545 193 127 66 505 425
internal_count=738 545 193 127 66 505 425
is_linear=0
shrinkage=0.05


Tree=31
num_leaves=8
num_cat=0
split_feature=3 13 3 12 8 0 15
split_gain=1.25092 1.23334 2.32161 1.66429 2.03503 1.48307 2.47962
threshold=0.0068912749754339595 17.394999504089359 -0.001142022997666192 -0.010634803244441824 0.03465525388186453 -0.01335284040495399 -0.0063732152185130833
decision_type=2 2 2 2 10 2 2
left_child=1 5 3 -3 -5 -1 -7
right_child=-2 2 -4 4 -6 6 -8
leaf_value=0.00025255190311123082 8.0453364240424115e-05 -6.9584954522809849e-05 -0.00011783295427619972 0.00035790395395196746 -4.5414284424387629e-05 -0.00020110943005855858 5.1813579834289198e-05
leaf_weight=49 69 58 134 39 31 45 313
leaf_count=49 69 58 134 39 31 45 313
internal_value=0.000474255 -0.000186846 -0.0028626 0.00195312 0.00714286 0.00153563 0.000418994
internal_weight=738 669 262 128 70 407 358
internal_count=738 669 262 128 70 407 358
is_linear=0
shrinkage=0.05


Tree=32
num_leaves=8
num_cat=0
split_feature=7 8 10 9 0 13 15
split_gain=1.33647 2.21655 1.9762 1.90368 1.74502 1.96262 1.8153
threshold=0.031266937099740939 0.06210423432633095 0.0080340487242571718 0.23056026261165166 -0.01335284040495399 16.875000000000004 -0.0045841696258556155
decision_type=2 8 2 10 2 2 2
left_child=1 2 4 -3 5 -1 -6
right_child=-2 3 -4 -5 6 -7 -8
leaf_value=0.00028485001679643285 2.6940159793875458e-05 -0.00028123491250799581 0.00016359673070536282 -4.1051102184641435e-05 -0.00018434261658732302 -2.1041082004224514e-05 -6.009320613076567e-06
leaf_weight=30 196 29 84 25 95 41 251
leaf_count=30 196 29 84 25 95 41 251
internal_value=-0.000233023 -0.00148649 -0.000449102 -0.0111111 -0.00185851 0.00528169 -0.0033237
internal_weight=751 555 501 54 417 71 346
internal_count=751 555 501 54 417 71 346
is_linear=0
shrinkage=0.05


Tree=33
num_leaves=8
num_cat=0
split_feature=11 11 6 16 6 16 11
split_gain=1.32564 1.51028 2.96232 1.88498 1.66889 2.09642 1.78735
threshold=0.020793273633493151 0.00066759209085187632 -0.69207477246277882 -0.0049538785939509658 0.83948876902798186 0.026662090038135803 0.0038135025222709733
decision_type=2 2 2 2 2 2 2
left_child=1 2 -1 -3 5 6 -5
right_child=-2 3 -4 4 -6 -7 -8
leaf_value=0.0002403364988811739 7.8305453831744567e-05 -0.00025894694290349158 -1.3883022143118301e-05 -0.00018534913676751321 0.00010835579019758354 -0.00023999585249505985 4.7514382675577017e-06
leaf_weight=66 117 46 237 38 44 29 171
leaf_count=66 117 46 237 38 44 29 171
internal_value=-0.00040107 -0.00130745 0.00123762 -0.00365854 -0.00212766 -0.00378151 -0.00203349
internal_weight=748 631 303 328 282 238 209
internal_count=748 631 303 328 282 238 209
is_linear=0
shrinkage=0.05


Tree=34
num_leaves=8
num_cat=0
split_feature=16 16 16 11 11 5 12
split_gain=0.848117 1.10676 1.60324 1.33235 1.72048 1.61622 1.3344
threshold=0.044609897103047975 0.013718940175006635 0.011688709004727406 0.013034559844421813 0.00066759209085187632 0.016568703427812012 0.024521717099064925
decision_type=2 2 2 2 2 2 2
left_child=1 2 3 4 -1 6 -6
right_child=-2 -3 -4 -5 5 -7 -8
leaf_value=1.6077707995796188e-05 -0.0001157878054775315 7.932437128564821e-05 -0.00013733494162403016 0.00011276019583884576 -0.00025443188104685679 -0.0004182492923083219 2.6506944009661981e-06
leaf_weight=279 27 235 25 47 38 25 73
leaf_count=279 27 235 25 47 38 25 73
internal_value=0.000367156 0.000692521 -0.000667351 0 -0.000903614 -0.00551471 -0.00292793
internal_weight=749 722 487 462 415 136 111
internal_count=749 722 487 462 415 136 111
is_linear=0
shrinkage=0.05


Tree=35
num_leaves=8
num_cat=0
split_feature=9 9 13 9 14 14 4
split_gain=1.49249 0.984718 1.29893 1.60951 1.23529 3.1226 2.03573
threshold=-0.082450752177805661 -0.059901866716633605 15.775000095367433 0.0096694988382749498 0.012431899030548645 0.037142264963949019 0.019933503596947049
decision_type=8 8 2 8 2 2 2
left_child=-1 -2 4 -4 6 -6 -3
right_child=1 2 3 -5 5 -7 -8
leaf_value=0.00035956268932591813 -8.0538105409718437e-05 7.1489359312554646e-07 0.00013010808660963774 -3.2920888761710708e-05 -0.00023148861222926332 9.7170995269831278e-05 0.00028496200990696293
leaf_weight=26 51 107 36 397 30 38 68
leaf_count=26 51 107 36 397 30 38 68
internal_value=-0.000232404 -0.00065337 -0.000147929 -0.00178984 0.00277778 -0.00294118 0.005
internal_weight=753 727 676 433 243 68 175
internal_count=753 727 676 433 243 68 175
is_linear=0
shrinkage=0.05


Tree=36
num_leaves=8
num_cat=0
split_feature=0 9 7 11 3 14 15
split_gain=1.08356 1.89461 1.35244 1.29522 1.17145 2.5629 1.5584
threshold=-0.01335284040495399 -0.091392007230258851 -0.0089477325121887757 0.037714615631601174 0.00062812979933235546 0.049298283120689408 -0.0045841696258556155
decision_type=2 10 2 2 2 2 2
left_child=1 -1 -3 4 6 -6 -2
right_child=3 2 -4 -5 5 -7 -8
leaf_value=0.00043880935403820031 -0.00015208545912121058 -0.00012139566107293863 9.2665661597094513e-05 0.00030197333537100492 -1.7434832999190659e-06 0.00026649581560441728 -5.8778316425817737e-06
leaf_weight=31 94 29 38 27 268 33 230
leaf_count=31 94 29 38 27 268 33 230
internal_value=0.0002 0.00510204 0.000373134 -0.00053681 -0.001 0.00124585 -0.00308642
internal_weight=750 98 67 652 625 301 324
internal_count=750 98 67 652 625 301 324
is_linear=0
shrinkage=0.05


Tree=37
num_leaves=8
num_cat=0
split_feature=8 2 12 12 9 4 2
split_gain=1.05357 2.41846 1.89378 3.14443 1.40789 1.72165 1.32641
threshold=0.032683517224684995 0.044206021107462752 0.056550546731705904 0.020704081019033652 0.26427666494357799 0.019335808930191007 0.018045763996357159
decision_type=8 2 2 2 8 2 2
left_child=6 -2 3 4 5 -3 -1
right_child=1 2 -4 -5 -6 -7 -8
leaf_value=-5.221685110255205e-06 -9.3574352041774498e-05 -2.9226168756646106e-05 -0.00020120535426481809 0.00010455533099753867 -0.0002589707705928929 0.00018996901496862382 0.00012943389019849516
leaf_weight=313 126 25 41 95 39 38 81
leaf_count=313 126 25 41 95 39 38 81
internal_value=-0.000395778 -0.00233516 0.000630252 0.00266497 -0.00343137 0.00119048 0.00139594
internal_weight=758 364 238 197 102 63 394
internal_count=758 364 238 197 102 63 394
is_linear=0
shrinkage=0.05


Tree=38
num_leaves=8
num_cat=0
split_feature=12 12 12 2 11 10 6
split_gain=1.46151 2.00807 1.50684 2.28169 1.54838 3.1002 2.46302
threshold=0.048152428754814187 0.060736863464118891 0.020704081019033652 0.090088508383359259 0.00053834779161687784 0.0063179142328150259 -0.47569814052708698
decision_type=2 2 2 2 2 2 2
left_child=2 -2 4 -4 6 -6 -1
right_child=1 -3 3 -5 5 -7 -8
leaf_value=0.00021651151825289553 -0.00026786089896468695 2.7696720922698323e-05 3.9097359290339161e-05 0.0001679363630268925 -0.00012809832309766759 0.00018794820354769442 -3.1398568701046257e-05
leaf_weight=82 53 56 212 41 123 53 128
leaf_count=82 53 56 212 41 123 53 128
internal_value=0.000534759 -0.00481651 0.00144757 0.00444664 -0.000518135 -0.00397727 0.00238095
internal_weight=748 109 639 253 386 176 210
internal_count=748 109 639 253 386 176 210
is_linear=0
shrinkage=0.05


end of trees

feature_importances:
spy_ret_5d=32
dvol_z_20=28
dist_ma200=25
spy_ret_20d=25
dist_ma50=18
overnight_gap=17
ret_1d=15
ret_5d=15
sector_ret_1d=14
parkinson_20=13
vix_chg_1d=13
sector_ret_5d=13
vix_level=12
ret_20d=11
atr_pct=8
dist_ma20=8
spy_ret_1d=6

parameters:
[boosting: gbdt]
[objective: quantile]
[metric: quantile]
[tree_learner: serial]
[device_type: cpu]
[data_sample_strategy: bagging]
[data: ]
[valid: ]
[num_iterations: 80]
[learning_rate: 0.05]
[num_leaves: 8]
[num_threads: 1]
[seed: 0]
[deterministic: 0]
[force_col_wise: 1]
[force_row_wise: 0]
[histogram_pool_size: -1]
[max_depth: -1]
[min_data_in_leaf: 25]
[min_sum_hessian_in_leaf: 0.001]
[bagging_fraction: 0.9]
[pos_bagging_fraction: 1]
[neg_bagging_fraction: 1]
[bagging_freq: 1]
[bagging_seed: 3]
[bagging_by_query: 0]
[feature_fraction: 0.9]
[feature_fraction_bynode: 1]
[feature_fraction_seed: 2]
[extra_trees: 0]
[extra_seed: 6]
[early_stopping_round: 0]
[early_stopping_min_delta: 0]
[first_metric_only: 0]
[max_delta_step: 0]
[lambda_l1: 0]
[lambda_l2: 0]
[linear_lambda: 0]
[min_gain_to_split: 0]
[drop_rate: 0.1]
[max_drop: 50]
[skip_drop: 0.5]
[xgboost_dart_mode: 0]
[uniform_drop: 0]
[drop_seed: 4]
[top_rate: 0.2]
[other_rate: 0.1]
[min_data_per_group: 100]
[max_cat_threshold: 32]
[cat_l2: 10]
[cat_smooth: 10]
[max_cat_to_onehot: 4]
[top_k: 20]
[monotone_constraints: ]
[monotone_constraints_method: basic]
[monotone_penalty: 0]
[feature_contri: ]
[forcedsplits_filename: ]
[refit_decay_rate: 0.9]
[cegb_tradeoff: 1]
[cegb_penalty_split: 0]
[cegb_penalty_feature_lazy: ]
[cegb_penalty_feature_coupled: ]
[path_smooth: 0]
[interaction_constraints: ]
[verbosity: -1]
[saved_feature_importance_type: 0]
[use_quantized_grad: 0]
[num_grad_quant_bins: 4]
[quant_train_renew_leaf: 0]
[stochastic_rounding: 1]
[linear_tree: 0]
[max_bin: 255]
[max_bin_by_feature: ]
[min_data_in_bin: 3]
[bin_construct_sample_cnt: 200000]
[data_random_seed: 1]
[is_enable_sparse: 1]
[enable_bundle: 1]
[use_missing: 1]
[zero_as_missing: 0]
[feature_pre_filter: 1]
[pre_partition: 0]
[two_round: 0]
[header: 0]
[label_column: ]
[weight_column: ]
[group_column: ]
[ignore_column: ]
[categorical_feature: ]
[forcedbins_filename: ]
[precise_float_parser: 0]
[parser_config_file: ]
[objective_seed: 5]
[num_class: 1]
[is_unbalance: 0]
[scale_pos_weight: 1]
[sigmoid: 1]
[boost_from_average: 1]
[reg_sqrt: 0]
[alpha: 0.5]
[fair_c: 1]
[poisson_max_delta_step: 0.7]
[tweedie_variance_power: 1.5]
[lambdarank_truncation_level: 30]
[lambdarank_norm: 1]
[label_gain: ]
[lambdarank_position_bias_regularization: 0]
[eval_at: ]
[multi_error_top_k: 1]
[auc_mu_weights: ]
[num_machines: 1]
[local_listen_port: 12400]
[time_out: 120]
[machine_list_filename: ]
[machines: ]
[gpu_platform_id: -1]
[gpu_device_id: -1]
[gpu_device_id_list: ]
[gpu_use_dp: 0]
[num_gpu: 1]

end of parameters

pandas_categorical:[]
