tree
version=v4
num_class=1
num_tree_per_iteration=1
label_index=0
max_feature_idx=16
objective=quantile
feature_names=ret_1d ret_5d ret_20d overnight_gap atr_pct parkinson_20 dvol_z_20 dist_ma20 dist_ma50 dist_ma200 spy_ret_1d spy_ret_5d spy_ret_20d vix_level vix_chg_1d sector_ret_1d sector_ret_5d
feature_infos=[-0.08427060600973646:0.048157606712878609] [-0.10302129767211499:0.098981399468556441] [-0.11810532876285451:0.19887211809586991] [-0.040746753246753253:0.036192271442035739] [0.012486839716827057:0.051205578616988975] [0.0082137339698514968:0.043460967712891929] [-2.2178562095889127:3.7966552657304482] [-0.083319378991938531:0.085337565620803524] [-0.09333811760333699:0.17013816797182568] [-0.038506528916690597:0.38744379621716019] [-0.058542947643003718:0.10501933612632941] [-0.11496158439845272:0.082843216242346029] [-0.12265592443394913:0.15756596870864792] [11.859999656677246:52.330001831054688] [-0.35753873962348437:0.74039073966007019] [-0.091999077703481591:0.07744636316064879] [-0.18680851063829784:0.088235294117646967]
tree_sizes=844 848 866 852 864 857 857 862 853 859 861 860 858 855 859 860 862 863 862 851 856 869 862 863 866 852 865 847 858 867 858 869 858 859 853 855 855

Tree=0
num_leaves=8
num_cat=0
split_feature=8 14 8 14 10 6 5
split_gain=2.48648 2.04222 2.17373 2.00173 1.69156 1.65313 2.12814
threshold=-0.01653147483163003 -0.067583665573298909 -0.0021489722788366468 -0.091137781806863202 0.0032638072645684306 -1.00114148726748 0.014458475545928154
decision_type=8 2 8 2 2 2 2
left_child=-1 3 4 -2 -3 -4 -7
right_child=1 2 5 -5 -6 6 -8
leaf_value=0.0018690720258746295 0.0015967694431310519 0.0014784255588892847 0.0017931787122506648 0.0019682677986565976 0.0013617569871712475 0.0016867815022123978 0.0014882668387144805
leaf_weight=130 42 49 53 35 29 326 86
leaf_count=130 42 49 53 35 29 326 86
internal_value=0.00157315 0.000254872 -0.000825744 0.00787532 -0.00854993 0.000469925 -0.000599341
internal_weight=750 620 543 77 78 465 412
internal_count=750 620 543 77 78 465 412
is_linear=0
shrinkage=1


Tree=1
num_leaves=8
num_cat=0
split_feature=8 8 11 1 1 5 9
split_gain=2.51666 2.08362 2.10084 1.91297 1.4331 1.43344 1.33484
threshold=-0.01653147483163003 -0.0055467502627043466 -0.0026525623299795682 -0.0042860389757082831 0.063057733214914938 0.009702421050698103 0.043024931007804919
decision_type=8 10 2 2 2 2 8
left_child=3 2 -2 6 5 -3 -1
right_child=1 4 -4 -5 -6 -7 -8
leaf_value=-0.00010808653139974922 9.9833776403102092e-05 -0.00022700446876115166 -0.00024663936244905931 0.00033919709705514833 -0.00017980092256038915 4.0826662589097397e-05 0.00035559647687477991
leaf_weight=46 34 42 56 35 26 454 41
leaf_count=46 34 42 56 35 26 454 41
internal_value=0 -0.00130719 -0.00833333 0.00655738 -9.57854e-05 0.000504032 0.00258621
internal_weight=734 612 90 122 522 496 87
internal_count=734 612 90 122 522 496 87
is_linear=0
shrinkage=0.05


Tree=2
num_leaves=8
num_cat=0
split_feature=8 4 0 2 14 14 0
split_gain=3.31784 2.09271 1.8963 2.86606 1.86911 2.31326 2.12411
threshold=-0.01653147483163003 0.021035361133644858 0.00097598260183195961 0.01673742356599495 -0.067583665573298909 -0.040011250304013861 0.015323093298641456
decision_type=8 2 2 2 2 2 2
left_child=-1 4 3 -3 -2 -6 -7
right_child=1 2 -4 -5 5 6 -8
leaf_value=0.00015353165027045179 0.0001854151370280306 -0.00023427288082530142 -0.00026388204894465167 0.00018089730788051385 -0.00023551619377394674 -1.6480431870149917e-05 0.00028258924948386269
leaf_weight=131 39 63 119 44 44 276 33
leaf_count=131 39 63 119 44 44 276 33
internal_value=-0.000166889 -0.00169903 -0.00553097 -0.000700935 0.000510204 -0.000637394 0.000889968
internal_weight=749 618 226 107 392 353 309
internal_count=749 618 226 107 392 353 309
is_linear=0
shrinkage=0.05


Tree=3
num_leaves=8
num_cat=0
split_feature=11 6 6 3 4 7 8
split_gain=2.19343 2.16713 2.20648 2.10557 1.85811 2.3571 2.355
threshold=-0.03145344780031472 -1.0765320162653607 2.1472730906126469 0.00049118368944911517 0.021146656038443491 -0.022512881160342776 0.090483720290394434
decision_type=2 2 2 2 2 2 8
left_child=-1 3 4 -2 6 -6 -3
right_child=1 2 -4 -5 5 -7 -8
leaf_value=0.0002081625436872855 0.00028408965806338532 6.4048605646894433e-05 0.00015951777223708631 -2.4659908634930547e-06 0.00016528874956638903 -0.00019712950052326052 -0.00020046865919393894
leaf_weight=27 29 313 35 36 58 200 45
leaf_count=27 29 313 35 36 58 200 45
internal_value=-0.000100942 -0.000628492 -0.0014977 0.00807692 -0.00219156 -0.00542636 0.000139665
internal_weight=743 716 651 65 616 258 358
internal_count=743 716 651 65 616 258 358
is_linear=0
shrinkage=0.05


Tree=4
num_leaves=8
num_cat=0
split_feature=8 14 14 16 7 15 13
split_gain=2.39041 2.14003 2.22899 1.71093 1.88528 2.21049 1.96125
threshold=-0.01653147483163003 -0.06426442822534599 -0.091137781806863202 0.020641500606574995 0.047147523593331971 -0.0090840747834047813 18.675000190734867
decision_type=8 2 2 2 2 2 2
left_child=-1 2 -2 4 5 -3 -7
right_child=1 3 -4 -5 -6 6 -8
leaf_value=0.00018873514203389277 -0.00018566577072831933 -0.00024177199600761015 0.00027176325225962959 -0.00014787444750343639 0.0002233337950110763 -2.8054128852982096e-05 0.00021856508611783283
leaf_weight=132 37 101 40 159 40 192 45
leaf_count=132 37 101 40 159 40 192 45
internal_value=0.000335121 -0.000977199 0.00681818 -0.00209497 -0.00026455 -0.00147929 0.00116034
internal_weight=746 614 77 537 378 338 237
internal_count=746 614 77 537 378 338 237
is_linear=0
shrinkage=0.05


Tree=5
num_leaves=8
num_cat=0
split_feature=8 11 14 4 5 5 0
split_gain=2.16256 1.91198 2.53302 2.26675 1.83497 2.11127 1.79843
threshold=-0.02957001136233994 -0.024572906939621272 -0.067583665573298909 0.019651376974865468 0.014258646040097951 0.010113843316900307 0.0024115155142508953
decision_type=8 2 2 2 2 2 2
left_child=-1 -2 3 -3 5 -4 -6
right_child=1 2 4 -5 6 -7 -8
leaf_value=0.00019321106561851506 0.00013620043629677549 0.00033860020452806185 -0.00026609161943718485 2.8719034489224567e-05 -0.00015748648922174745 1.1675574899590184e-05 -0.00025350034057673476
leaf_weight=54 39 25 89 56 85 331 58
leaf_count=54 39 25 89 56 85 331 58
internal_value=-0.000373134 -0.0011347 -0.00178571 0.00648148 -0.00297513 -0.00130952 -0.00786713
internal_weight=737 683 644 81 563 420 143
internal_count=737 683 644 81 563 420 143
is_linear=0
shrinkage=0.05


Tree=6
num_leaves=8
num_cat=0
split_feature=11 6 6 3 10 16 3
split_gain=2.52825 2.25898 2.19294 2.04844 1.63792 1.59607 1.87545
threshold=-0.03145344780031472 2.1472730906126469 -1.0765320162653607 0.00023432223983466119 -0.009254911904007011 0.022050459427325978 0.0050416754900297631
decision_type=2 2 2 2 2 2 2
left_child=-1 2 3 -2 -4 -6 -7
right_child=1 -3 4 -5 5 6 -8
leaf_value=0.00016510861223951957 0.00025837314210934491 0.00036351847080881176 -0.00026696800222962742 -1.9051457830614314e-06 1.6440173653133819e-05 -0.0001618108871525869 7.8598509259303505e-05
leaf_weight=26 31 32 57 35 402 110 53
leaf_count=26 31 32 57 35 402 110 53
internal_value=6.70241e-05 -0.000486111 -0.00109012 0.00757576 -0.00200965 -0.00119469 -0.0053681
internal_weight=746 720 688 66 622 565 163
internal_count=746 720 688 66 622 565 163
is_linear=0
shrinkage=0.05


Tree=7
num_leaves=8
num_cat=0
split_feature=11 9 14 14 10 14 6
split_gain=2.3866 2.10491 1.76133 2.14432 2.07471 1.48194 1.83073
threshold=-0.03145344780031472 -0.003567521050930444 -0.067583665573298909 -0.0067330833557224237 0.012396471332785432 -0.022227674526148929 -0.11267054165048158
decision_type=2 8 2 2 2 2 2
left_child=-1 -2 4 5 -3 -4 -7
right_child=1 2 3 -5 -6 6 -8
leaf_value=0.00012113498386996072 0.00024417803183924457 0.00018701231418717581 -4.3532174720461802e-05 -2.9818366439378874e-06 -0.00014804365755075651 -0.0002404578162928995 -0.00014254008577004089
leaf_weight=27 25 58 166 346 29 49 45
leaf_count=27 25 58 166 346 29 49 45
internal_value=-0.000704698 -0.00125348 -0.00176768 -0.00272277 0.00488506 -0.00615385 -0.0111702
internal_weight=745 718 693 606 87 260 94
internal_count=745 718 693 606 87 260 94
is_linear=0
shrinkage=0.05


Tree=8
num_leaves=8
num_cat=0
split_feature=8 6 8 8 8 2 4
split_gain=1.98318 1.43968 1.78972 2.12107 1.77509 1.82159 1.79884
threshold=-0.02743064162280406 -0.97556123997878619 0.007264311113906464 0.038154919652865001 -0.025427474583819051 -0.041528521702270831 0.021146656038443491
decision_type=8 2 8 10 10 2 2
left_child=-1 2 -2 -4 -3 -6 -7
right_child=1 4 3 -5 5 6 -8
leaf_value=0.00019115276917403362 -0.00011976432257852386 -0.00041152270621295221 0.00021028148524319829 4.7846666625107267e-06 0.00029561595451792292 1.0418879304150873e-05 -0.0001296587326163366
leaf_weight=60 30 28 25 32 26 349 214
leaf_count=60 30 28 25 32 26 349 214
internal_value=-0.00039267 -0.00113636 0.00488506 0.0100877 -0.00198541 -0.00140068 -0.00199822
internal_weight=764 704 87 57 617 589 563
internal_count=764 704 87 57 617 589 563
is_linear=0
shrinkage=0.05


Tree=9
num_leaves=8
num_cat=0
split_feature=13 12 15 13 16 6 8
split_gain=2.82155 2.24813 2.1442 2.63989 1.87095 2.04504 2.11178
threshold=13.13000011444092 -0.051373886546093366 0.0022381433629006246 13.84500026702881 -0.039884961976255066 -0.90453192388093628 0.074416170192490486
decision_type=2 2 2 2 2 2 10
left_child=-1 -2 3 -3 -5 -6 -7
right_child=1 2 -4 4 5 6 -8
leaf_value=-0.00013131829474479918 0.00025078496312143383 0.00018400433888483511 7.4250957921168402e-05 0.00011607474613209472 0.00010360827415949188 -0.00029031390807478637 5.8535453483732927e-05
leaf_weight=75 31 34 310 35 43 176 40
leaf_count=75 31 34 310 35 43 176 40
internal_value=-0.00047043 0.000560538 -7.83699e-05 -0.00289634 -0.00442177 -0.00588803 -0.00787037
internal_weight=744 669 638 328 294 259 216
internal_count=744 669 638 328 294 259 216
is_linear=0
shrinkage=0.05


Tree=10
num_leaves=8
num_cat=0
split_feature=11 6 3 8 8 4 5
split_gain=2.10032 2.18255 2.00153 1.62976 1.68566 1.6456 2.94638
threshold=-0.03145344780031472 -1.1080582155776308 0.00049118368944911517 -0.052885823766526112 -0.026148094083100922 0.021146656038443491 0.010191140227003709
decision_type=2 2 2 10 10 2 2
left_child=-1 2 -2 -3 -5 6 -6
right_child=1 3 -4 4 5 -7 -8
leaf_value=0.00013686615829944338 0.00024165179560689054 -0.00047387907107760481 -4.6262147320511583e-05 0.00014975531879026126 -0.00021100676131379778 -0.00010971139520786649 7.453709188002729e-05
leaf_weight=26 31 27 33 42 101 229 260
leaf_count=26 31 27 33 42 101 229 260
internal_value=-0.000500668 -0.00100277 0.0078125 -0.00185888 -0.00134494 -0.0020339 6.92521e-05
internal_weight=749 723 64 659 632 590 361
internal_count=749 723 64 659 632 590 361
is_linear=0
shrinkage=0.05


Tree=11
num_leaves=8
num_cat=0
split_feature=11 14 14 6 4 4 14
split_gain=1.98181 1.91731 2.2925 2.02417 1.7094 2.48763 2.4983
threshold=-0.03145344780031472 -0.049735428455543622 -0.0054293361358405115 -0.60757676801394533 0.017534890536387539 0.019933092271556815 -0.026106823606350468
decision_type=2 2 2 2 2 2 2
left_child=-1 3 4 -2 -3 -6 -7
right_child=1 2 -4 -5 5 6 -8
leaf_value=0.00013002285038447121 0.00018250440749271925 -0.00020564069919130971 2.7669683712756748e-05 3.6555803043741496e-06 8.5062093259226465e-05 1.5526637066565276e-05 -0.00022227015639364914
leaf_weight=26 41 76 350 97 45 51 61
leaf_count=26 41 76 350 97 45 51 61
internal_value=-0.000100402 -0.000589459 -0.00184391 0.00471014 -0.0056867 -0.00270701 -0.00669643
internal_weight=747 721 583 138 233 157 112
internal_count=747 721 583 138 233 157 112
is_linear=0
shrinkage=0.05


Tree=12
num_leaves=8
num_cat=0
split_feature=11 6 15 9 2 8 2
split_gain=2.9204 1.35211 1.42464 2.55582 1.78893 2.74486 1.61612
threshold=-0.03145344780031472 2.3196716023709576 -0.0078638204918766146 0.18610618584668817 0.029053365413093672 -0.015579680312215958 -0.043044054266507585
decision_type=2 2 2 10 2 10 2
left_child=-1 2 4 6 5 -2 -4
right_child=1 -3 3 -5 -6 -7 -8
leaf_value=0.00015011685733920109 -7.8129386259070596e-06 0.00038642353856260044 0.00021092721401028957 -0.00014679389381067564 7.7490178457817024e-05 -0.0003345415662521741 1.2490469142166603e-05
leaf_weight=25 48 30 27 90 57 57 400
leaf_count=25 48 30 27 90 57 57 400
internal_value=0.00020436 -0.00038787 -0.000846834 0.000435203 -0.00493827 -0.00880952 0.00204918
internal_weight=734 709 679 517 162 105 427
internal_count=734 709 679 517 162 105 427
is_linear=0
shrinkage=0.05


Tree=13
num_leaves=8
num_cat=0
split_feature=13 1 4 2 4 10 14
split_gain=2.16414 1.41025 1.66819 1.76261 1.53219 1.71954 2.91291
threshold=13.194999694824221 0.063057733214914938 0.027661172016999788 -0.016384564377558693 0.021000401724415196 0.0097369654771942721 -0.026973540467474796
decision_type=2 2 2 2 2 2 2
left_child=-1 2 4 -4 -2 6 -6
right_child=1 -3 3 -5 5 -7 -8
leaf_value=-0.00012233884475290981 6.5880884711497163e-05 -0.000144967620902422 0.00058459030560231566 7.3615669534926164e-05 0.00023329575949774183 -0.00025492337815042102 -0.00013128122429584534
leaf_weight=76 342 27 29 49 53 28 141
leaf_count=76 342 27 29 49 53 28 141
internal_value=0.000100671 0.00100897 0.00147975 0.00833333 0.000531915 -0.0027027 -0.00103093
internal_weight=745 669 642 78 564 222 194
internal_count=745 669 642 78 564 222 194
is_linear=0
shrinkage=0.05


Tree=14
num_leaves=8
num_cat=0
split_feature=11 5 6 8 2 16 16
split_gain=1.93335 1.8387 1.70399 1.59385 1.65762 1.55786 2.81259
threshold=-0.03145344780031472 0.010113843316900307 -0.20483131257704792 0.1475456733740407 0.036505123544818725 -0.019928946551007017 -0.035780623637352564
decision_type=2 2 2 8 2 2 2
left_child=-1 2 -2 4 5 6 -3
right_child=1 3 -4 -5 -6 -7 -8
leaf_value=8.700322036404264e-05 -1.0947870447354292e-05 7.1326071702418052e-05 -0.00032977819466873228 -0.00022898262773666814 6.9569582960234919e-05 2.7432068869797863e-06 -0.00032110853217514023
leaf_weight=25 58 52 44 32 210 253 45
leaf_count=25 58 52 44 32 210 253 45
internal_value=-0.00066064 -0.00115274 -0.00735294 -8.44595e-05 0.000535714 -0.00157143 -0.00695876
internal_weight=719 694 102 592 560 350 97
internal_count=719 694 102 592 560 350 97
is_linear=0
shrinkage=0.05


Tree=15
num_leaves=8
num_cat=0
split_feature=11 8 1 4 4 12 14
split_gain=2.67647 1.5153 1.39636 1.29192 3.00357 2.29721 1.59896
threshold=-0.030384462612199011 -0.026148094083100922 -0.023015755182915317 0.024595158983994239 0.026084928315904109 0.062788606761277746 -0.067583665573298909
decision_type=2 8 2 2 2 2 2
left_child=-1 2 -2 5 -5 6 -3
right_child=1 3 -4 4 -6 -7 -8
leaf_value=9.540392422224017e-05 -1.7437283920314697e-05 0.000126624629498144 0.00018918739924404587 -0.00031547524061153261 -8.6378542417367453e-06 0.00016955310003082316 -5.0127417461650307e-05
leaf_weight=30 25 54 30 32 80 33 459
leaf_count=30 25 54 30 32 80 33 459
internal_value=0.000370121 -0.000245442 0.00772727 -0.000911854 -0.00580357 9.15751e-05 -0.000730994
internal_weight=743 713 55 658 112 546 513
internal_count=743 713 55 658 112 546 513
is_linear=0
shrinkage=0.05


Tree=16
num_leaves=8
num_cat=0
split_feature=11 6 6 12 15 12 2
split_gain=2.18848 1.45113 1.61669 2.22355 1.40315 1.88353 1.82857
threshold=-0.030384462612199011 2.3196716023709576 -1.0765320162653607 0.0098181049461038023 -0.0091412332129111578 0.060339670934961183 0.044902398715950483
decision_type=2 2 2 2 2 2 2
left_child=-1 2 3 -2 6 -6 -4
right_child=1 -3 4 -5 5 -7 -8
leaf_value=9.0633728011128159e-05 0.00023460058262460065 0.00033346605855695061 -0.00017350456952739266 -2.1395169767853645e-06 -1.793736522759882e-05 0.00014050841301126258 0.00011981440520219195
leaf_weight=30 27 28 112 36 456 40 28
leaf_count=30 27 28 112 36 456 40 28
internal_value=9.90753e-05 -0.000447043 -0.000894134 0.00674603 -0.00165094 -0.000403226 -0.00607143
internal_weight=757 727 699 63 636 496 140
internal_count=757 727 699 63 636 496 140
is_linear=0
shrinkage=0.05


Tree=17
num_leaves=8
num_cat=0
split_feature=11 14 11 5 5 4 8
split_gain=2.41963 1.63324 1.97012 2.00709 1.54803 2.49149 2.35787
threshold=-0.030384462612199011 -0.05212825080923577 0.017370539138914069 0.011403579372254304 0.010113843316900307 0.021035361133644858 -0.027964562484134977
decision_type=2 2 2 2 2 2 8
left_child=-1 2 3 -2 -3 -6 -7
right_child=1 4 -4 -5 5 6 -8
leaf_value=0.0001089754644893738 0.00029052303438493505 -0.00018494115752537059 0.00019129784550157456 -8.5684936495467615e-05 7.3277723651162332e-05 0.00019577476549257743 -0.0001703533015171147
leaf_weight=28 35 88 31 69 265 26 204
leaf_count=28 35 88 31 69 265 26 204
internal_value=-0.000134048 -0.000696379 0.00425926 0.000961538 -0.00184391 -0.000757576 -0.00456522
internal_weight=746 718 135 104 583 495 230
internal_count=746 718 135 104 583 495 230
is_linear=0
shrinkage=0.05


Tree=18
num_leaves=8
num_cat=0
split_feature=11 6 3 8 4 3 10
split_gain=1.94527 1.59349 2.02831 1.2601 1.4044 1.63302 2.06618
threshold=-0.030384462612199011 -1.1080582155776308 0.00023432223983466119 -0.030389886136261864 0.021035361133644858 0.0089473257238406063 0.010151750455751786
decision_type=2 2 2 8 2 2 2
left_child=-1 2 -2 -3 -5 6 -6
right_child=1 3 -4 4 5 -7 -8
leaf_value=6.5423538559798971e-05 0.00021920666731081251 0.00013783573050543267 -1.8915691850157955e-05 -2.6905487867089476e-06 -0.00011500789737607952 6.9415244438001089e-05 -0.00033330548770882064
leaf_weight=28 29 39 36 372 197 25 27
leaf_count=28 29 39 36 372 197 25 27
internal_value=-0.000431607 -0.000931034 0.00653846 -0.00166667 -0.00221417 -0.00512048 -0.00647321
internal_weight=753 725 65 660 621 249 224
internal_count=753 725 65 660 621 249 224
is_linear=0
shrinkage=0.05


Tree=19
num_leaves=8
num_cat=0
split_feature=11 8 1 9 14 15 8
split_gain=2.12321 1.47542 2.66723 1.48163 1.40555 2.19524 1.8356
threshold=-0.030384462612199011 -0.01653147483163003 -0.0042860389757082831 0.043024931007804919 -0.067583665573298909 0.0091375225202660077 -0.0052620081423696554
decision_type=2 8 2 8 2 2 10
left_child=-1 2 3 -2 5 -3 -6
right_child=1 4 -4 -5 6 -7 -8
leaf_value=7.7820365995754737e-05 -8.9153309427652573e-05 0.00029497199575787047 0.00029459837436660551 0.00026927869813706326 -0.00016406432678445627 -7.145819718951185e-05 -3.4210791586500247e-06
leaf_weight=30 49 41 35 35 84 28 437
leaf_count=30 49 41 35 35 84 28 437
internal_value=0.000304465 -0.000246827 0.00483193 0 -0.00127119 0.00543478 -0.00215931
internal_weight=739 709 119 84 590 69 521
internal_count=739 709 119 84 590 69 521
is_linear=0
shrinkage=0.05


Tree=20
num_leaves=8
num_cat=0
split_feature=11 4 4 0 2 4 14
split_gain=2.86753 1.27689 1.77778 1.8619 1.43091 1.3402 1.83048
threshold=-0.030384462612199011 0.027661172016999788 0.021146656038443491 0.015323093298641456 -0.014216749477155287 0.01997034784624933 0.020125848996620292
decision_type=2 2 2 2 2 2 2
left_child=-1 2 3 5 -3 -2 -7
right_child=1 4 -4 -5 -6 6 -8
leaf_value=6.0740208281925708e-05 -4.3093851511320048e-05 0.00049982122433739589 -9.7750816076357767e-05 0.00020314788275112901 1.4829847840416597e-06 -3.2500252007175196e-06 0.00043495712349246547
leaf_weight=31 323 29 216 45 47 35 25
leaf_count=31 323 29 216 45 47 35 25
internal_value=0.000432756 -0.000208333 -0.000931677 0.000934579 0.00592105 -0.000195822 0.00666667
internal_weight=751 720 644 428 76 383 60
internal_count=751 720 644 428 76 383 60
is_linear=0
shrinkage=0.05


Tree=21
num_leaves=8
num_cat=0
split_feature=10 11 14 14 12 15 11
split_gain=1.95397 1.71647 1.85537 1.79685 2.30315 1.829 1.77044
threshold=0.012396471332785432 -0.03145344780031472 -0.06426442822534599 -0.0056306847578752031 0.0065049647434682898 0.013033695136410063 -0.00075478711004894883
decision_type=2 2 2 2 2 2 2
left_child=1 -1 -3 5 -5 -4 -6
right_child=-2 2 3 4 6 -7 -8
leaf_value=7.0892337281870711e-05 -0.00011038871487941624 0.00019932501335045267 -0.00010953199853076008 -0.0001006295995608851 0.00018742215742712464 6.0702454265922732e-05 7.1059975426237014e-05
leaf_weight=26 46 66 224 112 67 40 167
leaf_count=26 46 66 224 112 67 40 167
internal_value=0.000200535 0.000854701 0.000369822 -0.000491803 0.00187861 -0.00359848 0.00470085
internal_weight=748 702 676 610 346 264 234
internal_count=748 702 676 610 346 264 234
is_linear=0
shrinkage=0.05


Tree=22
num_leaves=8
num_cat=0
split_feature=7 13 10 14 1 5 16
split_gain=1.97921 2.06977 1.12897 1.94306 1.47116 0.989366 0.951964
threshold=-0.023908859652692013 16.425000190734867 0.012396471332785432 -0.067583665573298909 0.0096812735114903976 0.0097704536937693251 0.047043236468287904
decision_type=2 2 2 2 2 2 2
left_child=1 -1 3 4 -2 -5 -7
right_child=2 -3 -4 5 -6 6 -8
leaf_value=-4.1878175601839515e-05 0.0002535712522251736 0.00023055744022841852 -0.00010486927913544542 -0.00018092553247677759 -2.5624621311877622e-06 8.8194617405929979e-07 -0.00011985673260424642
leaf_weight=34 29 60 38 57 26 462 36
leaf_count=34 29 60 38 57 26 462 36
internal_value=0.000134771 0.00691489 -0.000848765 -0.000327869 0.00863636 -0.00121622 -0.000502008
internal_weight=742 94 648 610 55 555 498
internal_count=742 94 648 610 55 555 498
is_linear=0
shrinkage=0.05


Tree=23
num_leaves=8
num_cat=0
split_feature=11 2 6 6 10 12 4
split_gain=3.22249 1.52315 1.57055 1.69688 1.77352 1.95348 1.71563
threshold=-0.029337465505850421 -0.040858883671893158 2.3927929966369605 -0.97556123997878619 -0.008698781123315567 0.050860113583604989 0.021035361133644858
decision_type=2 2 2 2 2 2 2
left_child=-1 -2 3 -3 -5 6 -6
right_child=1 2 -4 4 5 -7 -8
leaf_value=5.9269591152718456e-05 0.00012808340527454214 9.0502794266742419e-05 0.00033807248427454036 -0.00026111698448743443 -1.4628672009901605e-05 7.9075002593151155e-05 -0.00011166119125069657
leaf_weight=32 61 78 25 52 261 79 163
leaf_count=32 61 78 25 52 261 79 163
internal_value=9.98668e-05 -0.000591099 -0.00129179 -0.00177725 -0.00274775 -0.00183897 -0.00318396
internal_weight=751 719 658 633 555 503 424
internal_count=751 719 658 633 555 503 424
is_linear=0
shrinkage=0.05


Tree=24
num_leaves=8
num_cat=0
split_feature=13 3 16 16 10 16 16
split_gain=1.59061 1.55335 2.1618 2.00721 2.0895 1.48503 1.92075
threshold=13.13000011444092 0.0032146954172962432 0.025153546282142728 0.017696905549087764 0.0095076274836749537 -0.042017951450846074 -0.019777822524709051
decision_type=2 2 2 2 2 2 2
left_child=-1 2 3 4 5 -2 -7
right_child=1 -3 -4 -5 -6 6 -8
leaf_value=-8.9803781022437961e-05 0.00016609585567312077 5.7698832384158015e-05 -0.00016136656277710576 0.00017270395013893096 -0.00023753289688779544 -0.00015315750124357603 4.9017792154899864e-05
leaf_weight=70 30 217 104 38 37 70 183
leaf_count=70 30 217 104 38 37 70 183
internal_value=3.33778e-05 0.000773196 -0.000865801 0.000977654 -0.0003125 0.00114841 -9.88142e-05
internal_weight=749 679 462 358 320 283 253
internal_count=749 679 462 358 320 283 253
is_linear=0
shrinkage=0.05


Tree=25
num_leaves=8
num_cat=0
split_feature=13 6 6 8 12 16 15
split_gain=1.41622 1.46954 1.17801 1.23857 1.19574 1.54122 1.48523
threshold=12.84500026702881 2.3927929966369605 -1.0765320162653607 0.0099465201383265329 0.029126747512220778 -0.04128571225145599 -0.0094824604081374924
decision_type=2 2 2 10 2 2 2
left_child=-1 2 3 -2 5 -4 -7
right_child=1 -3 4 -5 -6 6 -8
leaf_value=-9.880113306607219e-05 -5.5405290969409891e-05 0.00032912398057800623 4.0870897795735955e-05 0.00013899458496603636 5.4813890764950115e-05 -0.00023776976504537867 -1.5396344262866525e-05
leaf_weight=51 25 28 43 35 207 69 299
leaf_count=51 25 28 43 35 207 69 299
internal_value=0.000693527 0.00127479 0.000811209 0.0075 0.000161812 -0.00139903 -0.00244565
internal_weight=757 706 678 60 618 411 368
internal_count=757 706 678 60 618 411 368
is_linear=0
shrinkage=0.05


Tree=26
num_leaves=8
num_cat=0
split_feature=11 2 6 8 16 10 10
split_gain=1.97122 1.6307 2.14347 2.31152 2.13271 1.75044 2.39633
threshold=-0.030384462612199011 0.065993236901526489 0.074285622554970884 -0.016611015615183685 0.027635556520407948 0.0018732675411667901 -0.0014989927374994825
decision_type=2 2 2 8 2 2 2
left_child=-1 2 3 -2 -5 6 -4
right_child=1 -3 5 4 -6 -7 -8
leaf_value=4.3944037421570133e-05 0.00025317426201384156 8.4418434592803344e-05 -0.00015566579987879868 9.5561465231389534e-06 -0.00028956184366795562 -0.00015315915352111719 0.00021146030500181689
leaf_weight=30 68 160 88 229 55 76 31
leaf_count=30 68 160 88 229 55 76 31
internal_value=0.00078019 0.000247525 -0.00105119 0.00127841 -0.000704225 -0.00525641 -0.00147059
internal_weight=737 707 547 352 284 195 119
internal_count=737 707 547 352 284 195 119
is_linear=0
shrinkage=0.05


Tree=27
num_leaves=8
num_cat=0
split_feature=11 6 12 13 4 13 15
split_gain=1.78895 2.10951 1.08935 1.90673 1.8222 1.84924 3.19485
threshold=-0.030384462612199011 -1.2021071142719417 0.051846047128185087 13.13000011444092 0.021035361133644858 13.824999809265138 0.016659541560779204
decision_type=2 2 2 2 2 2 2
left_child=-1 -2 3 -3 5 -5 -7
right_child=1 2 -4 4 -6 6 -8
leaf_value=3.5773887566812992e-05 0.00018832100620616631 -0.00015412482278611117 7.6707758269575936e-05 0.00014360923270686322 -3.7948098800319864e-05 -4.7474430310610183e-05 0.00036506900333111336
leaf_weight=28 44 53 78 46 238 237 25
leaf_count=28 44 53 78 46 238 237 25
internal_value=0.000100134 -0.000381415 -0.0010709 -0.00179466 -0.000915751 0.00162338 0
internal_weight=749 721 677 599 546 308 262
internal_count=749 721 677 599 546 308 262
is_linear=0
shrinkage=0.05


Tree=28
num_leaves=8
num_cat=0
split_feature=11 13 16 14 6 15 13
split_gain=2.02867 1.76943 1.53144 1.31203 1.01806 1.02643 1.58302
threshold=-0.030384462612199011 13.194999694824221 -0.0018589246955197922 0.13092898697672287 2.1472730906126469 0.0024439187265106192 13.744999885559084
decision_type=2 2 2 2 2 2 2
left_child=-1 2 -2 4 5 6 -3
right_child=1 3 -4 -5 -6 -7 -8
leaf_value=5.5765212004555884e-05 1.1290332333519499e-05 0.00019056924325816887 -9.6482452695525816e-05 -0.00033433403985480071 0.00012630368313361858 5.4052769492940521e-05 -8.4522638510094828e-05
leaf_weight=30 35 25 43 29 28 292 282
leaf_count=30 35 25 43 29 28 292 282
internal_value=0.000589005 6.81199e-05 -0.00705128 0.000914634 0.00139553 0.000959933 -0.00105863
internal_weight=764 734 78 656 627 599 307
internal_count=764 734 78 656 627 599 307
is_linear=0
shrinkage=0.05


Tree=29
num_leaves=8
num_cat=0
split_feature=3 16 3 16 14 14 8
split_gain=1.39933 2.06144 1.99805 1.74265 1.6194 3.39446 2.03946
threshold=0.0032146954172962432 0.025706175252454781 0.00028885155641522614 0.017696905549087764 -0.0049345356588886271 -0.021447279396770266 0.032877576673857274
decision_type=2 2 2 2 2 2 10
left_child=1 3 -3 4 5 -1 -6
right_child=-2 2 -4 -5 6 -7 -8
leaf_value=-1.8742772315638938e-08 5.0922820011313963e-05 -2.096362708549105e-05 -0.00029373059575976094 0.00011771118277919796 -3.4895864249067423e-06 -0.00024970880331518338 0.00024736271854848476
leaf_weight=123 233 58 40 48 128 42 60
leaf_count=123 233 58 40 48 128 42 60
internal_value=0.00034153 -0.0011523 -0.00765306 0.000436409 -0.000779037 -0.00439394 0.00239362
internal_weight=732 499 98 401 353 165 188
internal_count=732 499 98 401 353 165 188
is_linear=0
shrinkage=0.05


Tree=30
num_leaves=8
num_cat=0
split_feature=6 11 13 6 12 8 5
split_gain=1.53808 1.75575 1.06811 1.34122 1.60182 2.04466 1.91637
threshold=2.3927929966369605 -0.030384462612199011 13.305000305175783 -1.1080582155776308 0.029126747512220778 0.014752260315828438 0.013104547793813875
decision_type=2 2 2 2 2 8 2
left_child=1 -1 -3 -4 5 6 -5
right_child=-2 2 3 4 -6 -7 -8
leaf_value=3.7302989264334163e-05 0.00041140097868284421 -8.0976985351083921e-05 0.00013009523381996683 0.00019884233388343006 3.6010306445128133e-05 -0.0001371041949277719 -4.5383136646766326e-05
leaf_weight=29 26 82 55 68 174 206 98
leaf_count=29 26 82 55 68 174 206 98
internal_value=-0.000406504 -0.000842697 -0.00135432 -0.00062396 -0.00137363 -0.00322581 0.000903614
internal_weight=738 712 683 601 546 372 166
internal_count=738 712 683 601 546 372 166
is_linear=0
shrinkage=0.05


Tree=31
num_leaves=8
num_cat=0
split_feature=9 2 7 15 10 14 12
split_gain=1.43312 1.39664 1.28105 1.74328 1.69984 1.58657 1.70362
threshold=0.17147200744883331 0.037221526639435017 -0.018974278232743277 -0.00955474395220751 -0.0054343681151217118 -0.067583665573298909 0.062788606761277746
decision_type=10 2 2 2 2 2 2
left_child=2 -2 -1 -4 -5 -6 -7
right_child=1 -3 3 4 5 6 -8
leaf_value=3.5437839801117461e-05 -0.00024656724551684904 -2.3132031593583528e-06 -0.00013770299319123427 0.00018108916540120822 0.00012747346636389235 -6.6209638094394681e-05 0.00010725323189187167
leaf_weight=109 46 86 94 52 55 264 32
leaf_count=109 46 86 94 52 55 264 32
internal_value=-0.000203252 -0.00492424 0.000825083 -0.000251509 0.00117866 -7.12251e-05 -0.00152027
internal_weight=738 132 606 497 403 351 296
internal_count=738 132 606 497 403 351 296
is_linear=0
shrinkage=0.05


Tree=32
num_leaves=8
num_cat=0
split_feature=10 8 9 8 6 10 11
split_gain=1.18491 1.4308 1.80684 1.41747 1.37669 1.4932 1.92048
threshold=0.012396471332785432 -0.01653147483163003 0.1021977580124477 -0.0021489722788366468 -1.00114148726748 -0.0089994523450817026 -0.018044507294420583
decision_type=2 8 8 8 2 2 2
left_child=1 2 -1 -3 -5 -6 -7
right_child=-2 3 -4 4 5 6 -8
leaf_value=1.3916966079072892e-05 -9.0247601788448926e-05 -0.00011838310590592107 0.0003170969965706686 7.7960112715418832e-05 -0.00022202666510671732 0.00021876528355565061 -3.4789378747843036e-06
leaf_weight=72 46 81 47 56 51 32 366
leaf_count=72 46 81 47 56 51 32 366
internal_value=0.000166445 0.000673759 0.00567227 -0.000341297 0.000643564 -0.000278396 0.000753769
internal_weight=751 705 119 586 505 449 398
internal_count=751 705 119 586 505 449 398
is_linear=0
shrinkage=0.05


Tree=33
num_leaves=8
num_cat=0
split_feature=3 3 16 13 10 11 8
split_gain=1.31052 1.85614 2.53353 1.90622 1.84503 2.76064 1.88334
threshold=0.001618264085405219 0.00023432223983466119 0.010502285294778148 12.88000011444092 0.00044089291237869871 0.019179064165315788 0.022424479485966934
decision_type=2 2 2 2 2 2 10
left_child=1 3 -3 -1 6 -6 -2
right_child=4 2 -4 -5 5 -7 -8
leaf_value=-0.00013899898189587487 0.00026355827296940088 4.7645977767411171e-06 -0.00031463026509352047 3.0183506034897872e-05 -3.7076929226695951e-05 9.5535010429264033e-05 3.2363587712227833e-06
leaf_weight=25 65 42 48 317 145 45 61
leaf_count=25 65 42 48 317 145 45 61
internal_value=0.00040107 -0.00138889 -0.00777778 0.000292398 0.0028481 -0.000263158 0.00753968
internal_weight=748 432 90 342 316 190 126
internal_count=748 432 90 342 316 190 126
is_linear=0
shrinkage=0.05


Tree=34
num_leaves=8
num_cat=0
split_feature=13 15 3 13 13 6 8
split_gain=1.36205 1.85594 1.715 1.37259 1.83499 1.28265 2.72061
threshold=24.385000228881839 0.0066807541571735083 0.0084741550695826024 13.869999885559084 13.085000038146974 -0.90453192388093628 0.007264311113906464
decision_type=2 2 2 2 2 2 10
left_child=1 3 -3 4 -1 6 -5
right_child=-2 2 -4 5 -6 -7 -8
leaf_value=-3.3903438086076391e-05 0.00020541531818055411 6.5588860844444566e-05 -9.8131434027885382e-05 -0.00010651129246683994 0.00014425869042449107 -0.000100245379468472 0.00025181488880385365
leaf_weight=58 45 192 36 25 49 314 30
leaf_count=58 45 192 36 25 49 314 30
internal_value=-0.000100134 -0.000639205 0.00307018 -0.00241597 0.00257009 -0.00386179 0.00318182
internal_weight=749 704 228 476 107 369 55
internal_count=749 704 228 476 107 369 55
is_linear=0
shrinkage=0.05


Tree=35
num_leaves=8
num_cat=0
split_feature=4 6 0 12 4 10 14
split_gain=1.94857 1.28325 1.56385 1.21015 1.17602 1.81256 1.39524
threshold=0.027661172016999788 0.085818991788505827 0.0028231364275669306 0.066100470646601531 0.023980908621880216 -0.00025977690608347531 -0.067583665573298909
decision_type=2 2 2 2 2 2 2
left_child=3 2 -2 4 6 -6 -1
right_child=1 -3 -4 -5 5 -7 -8
leaf_value=0.00011853542990738794 0.0005310115579548624 -2.4265022412244721e-05 1.360024730605446e-05 0.00012994233417377445 1.8877161799514639e-05 -0.00010586019723669402 -1.4427199363949802e-05
leaf_weight=57 28 28 27 35 33 56 489
leaf_count=57 28 28 27 35 33 56 489
internal_value=-0.000298805 0.00692771 0.0113636 -0.00119403 -0.00169291 -0.00702247 -0.000824176
internal_weight=753 83 55 670 635 89 546
internal_count=753 83 55 670 635 89 546
is_linear=0
shrinkage=0.05


Tree=36
num_leaves=8
num_cat=0
split_feature=14 7 1 8 14 13 9
split_gain=1.28266 1.59692 2.12698 2.30828 1.59607 1.97128 1.26218
threshold=-0.0054293361358405115 0.022345149850555582 0.0048083276658840166 0.0066456016831827345 0.047142331582309634 17.875000000000004 0.28219124919834199
decision_type=2 2 2 10 2 2 8
left_child=-1 2 4 -4 6 -6 -2
right_child=1 -3 3 -5 5 -7 -8
leaf_value=-1.727324057530209e-05 0.00031417199591259233 0.00011547260589628495 1.7933303709538912e-05 -0.00034181596484682123 -0.00029635128295164479 7.6883090490386982e-05 -6.7214805572592313e-05
leaf_weight=380 68 119 47 35 26 49 26
leaf_count=380 68 119 47 35 26 49 26
internal_value=6.66667e-05 0.00216216 -9.96016e-05 -0.00670732 0.00310651 -0.00233333 0.00744681
internal_weight=750 370 251 82 169 75 94
internal_count=750 370 251 82 169 75 94
is_linear=0
shrinkage=0.05


end of trees

feature_importances:
dist_ma50=31
vix_chg_1d=28
dvol_z_20=27
spy_ret_5d=25
atr_pct=20
vix_level=17
spy_ret_1d=16
sector_ret_5d=16
overnight_gap=12
ret_20d=11
spy_ret_20d=11
sector_ret_1d=11
parkinson_20=10
ret_5d=7
dist_ma200=7
ret_1d=5
dist_ma20=5

parameters:
[boosting: gbdt]
[objective: quantile]
[metric: quantile]
[tree_learner: serial]
[device_type: cpu]
[data_sample_strategy: bagging]
[data: ]
[valid: ]
[num_iterations: 80]
[learning_rate: 0.05]
[num_leaves: 8]
[num_threads: 1]
[seed: 0]
[deterministic: 0]
[force_col_wise: 1]
[force_row_wise: 0]
[histogram_pool_size: -1]
[max_depth: -1]
[min_data_in_leaf: 25]
[min_sum_hessian_in_leaf: 0.001]
[bagging_fraction: 0.9]
[pos_bagging_fraction: 1]
[neg_bagging_fraction: 1]
[bagging_freq: 1]
[bagging_seed: 3]
[bagging_by_query: 0]
[feature_fraction: 0.9]
[feature_fraction_bynode: 1]
[feature_fraction_seed: 2]
[extra_trees: 0]
[extra_seed: 6]
[early_stopping_round: 0]
[early_stopping_min_delta: 0]
[first_metric_only: 0]
[max_delta_step: 0]
[lambda_l1: 0]
[lambda_l2: 0]
[linear_lambda: 0]
[min_gain_to_split: 0]
[drop_rate: 0.1]
[max_drop: 50]
[skip_drop: 0.5]
[xgboost_dart_mode: 0]
[uniform_drop: 0]
[drop_seed: 4]
[top_rate: 0.2]
[other_rate: 0.1]
[min_data_per_group: 100]
[max_cat_threshold: 32]
[cat_l2: 10]
[cat_smooth: 10]
[max_cat_to_onehot: 4]
[top_k: 20]
[monotone_constraints: ]
[monotone_constraints_method: basic]
[monotone_penalty: 0]
[feature_contri: ]
[forcedsplits_filename: ]
[refit_decay_rate: 0.9]
[cegb_tradeoff: 1]
[cegb_penalty_split: 0]
[cegb_penalty_feature_lazy: ]
[cegb_penalty_feature_coupled: ]
[path_smooth: 0]
[interaction_constraints: ]
[verbosity: -1]
[saved_feature_importance_type: 0]
[use_quantized_grad: 0]
[num_grad_quant_bins: 4]
[quant_train_renew_leaf: 0]
[stochastic_rounding: 1]
[linear_tree: 0]
[max_bin: 255]
[max_bin_by_feature: ]
[min_data_in_bin: 3]
[bin_construct_sample_cnt: 200000]
[data_random_seed: 1]
[is_enable_sparse: 1]
[enable_bundle: 1]
[use_missing: 1]
[zero_as_missing: 0]
[feature_pre_filter: 1]
[pre_partition: 0]
[two_round: 0]
[header: 0]
[label_column: ]
[weight_column: ]
[group_column: ]
[ignore_column: ]
[categorical_feature: ]
[forcedbins_filename: ]
[precise_float_parser: 0]
[parser_config_file: ]
[objective_seed: 5]
[num_class: 1]
[is_unbalance: 0]
[scale_pos_weight: 1]
[sigmoid: 1]
[boost_from_average: 1]
[reg_sqrt: 0]
[alpha: 0.5]
[fair_c: 1]
[poisson_max_delta_step: 0.7]
[tweedie_variance_power: 1.5]
[lambdarank_truncation_level: 30]
[lambdarank_norm: 1]
[label_gain: ]
[lambdarank_position_bias_regularization: 0]
[eval_at: ]
[multi_error_top_k: 1]
[auc_mu_weights: ]
[num_machines: 1]
[local_listen_port: 12400]
[time_out: 120]
[machine_list_filename: ]
[machines: ]
[gpu_platform_id: -1]
[gpu_device_id: -1]
[gpu_device_id_list: ]
[gpu_use_dp: 0]
[num_gpu: 1]

end of parameters

pandas_categorical:[]
