tree
version=v4
num_class=1
num_tree_per_iteration=1
label_index=0
max_feature_idx=16
objective=quantile
feature_names=ret_1d ret_5d ret_20d overnight_gap atr_pct parkinson_20 dvol_z_20 dist_ma20 dist_ma50 dist_ma200 spy_ret_1d spy_ret_5d spy_ret_20d vix_level vix_chg_1d sector_ret_1d sector_ret_5d
feature_infos=[-0.15422343324250676:0.18813797958465339] [-0.17860151642796962:0.19889895222873388] [-0.22507038079715513:0.30847604595707767] [-0.10155186496052271:0.13657162970784942] [0.015682170031950979:0.085184726394351359] [0.011907505183078678:0.046890075891524927] [-2.5666339407567422:3.9631235524199515] [-0.17114424095656133:0.20891419771325226] [-0.26178432172116639:0.3026933778949279] [-0.22345000194979447:0.47247747443176236] [-0.058542947643003718:0.10501933612632941] [-0.11496158439845272:0.082843216242346029] [-0.12265592443394913:0.15756596870864792] [11.859999656677246:52.330001831054688] [-0.35753873962348437:0.74039073966007019] [-0.073180960369049974:0.075364298724954315] [-0.12187673514714059:0.078003457216940353]
tree_sizes=823 853 845 857 855 871 856 861 856 868 856

Tree=0
num_leaves=8
num_cat=0
split_feature=13 9 5 15 16 16 16
split_gain=3.10777 1.3081 2.19706 0.735467 0.689925 0.591509 1.37713
threshold=25.19999980926514 0.14766593397423636 0.014515427930009863 -0.003664416062244324 0.029426106893100438 0.020613012569667969 0.0097040477320496938
decision_type=2 8 2 2 2 2 2
left_child=1 2 -1 -4 -3 6 -5
right_child=-2 4 3 5 -6 -7 -8
leaf_value=0.033723032653532138 0.034726965827985623 0.033076943983676554 0.033067131575816519 0.033565983255867592 0.033631046932624108 0.033153502538688095 0.033953784623686187
leaf_weight=26 32 446 68 77 37 39 25
leaf_count=26 32 446 68 77 37 39 25
internal_value=0.033443 0.0327635 0.0358231 0.0341179 0.0312749 0.0361777 0.0381802
internal_weight=750 718 235 209 483 141 102
internal_count=750 718 235 209 483 141 102
is_linear=0
shrinkage=1


Tree=1
num_leaves=8
num_cat=0
split_feature=13 9 7 13 0 14 3
split_gain=4.18648 0.727389 0.675 0.573513 0.62575 0.420875 0.335672
threshold=25.505000114440922 -0.0064027442902852552 -0.030216049312451251 20.060000419616703 0.030629665653158725 0.003286853869637119 0.0033650516395272727
decision_type=2 8 2 2 2 2 2
left_child=1 2 -1 4 6 -5 -3
right_child=-2 3 -4 5 -6 -7 -8
leaf_value=-4.6275146534953063e-05 0.0017540507089594205 -0.00018776693954968839 0.00036126791139617264 -0.00015819999204978453 0.00037989075468122005 0.00013000370047380847 -0.00032897944270819348
leaf_weight=32 30 350 48 27 29 33 185
leaf_count=32 30 350 48 27 29 33 185
internal_value=4.08707e-05 -0.000738638 0.00375 -0.0013141 -0.00180851 0.00333333 -0.00219626
internal_weight=734 704 80 624 564 60 535
internal_count=734 704 80 624 564 60 535
is_linear=0
shrinkage=0.05


Tree=2
num_leaves=8
num_cat=0
split_feature=13 3 9 13 13 9 16
split_gain=2.78581 1.55314 0.950731 1.71194 0.565828 0.519532 0.38109
threshold=21.724999427795414 0.003118426388939 0.14766593397423636 14.765000343322756 19.98499965667725 -0.064640582584400461 0.029426106893100438
decision_type=2 2 8 2 2 8 2
left_child=2 5 3 -1 6 -2 -4
right_child=1 -3 4 -5 -6 -7 -8
leaf_value=0.00036541034228714441 -6.2936207207238071e-05 0.0022701252737441879 -0.00031868745119759579 -1.8300411152705434e-06 0.00028032992634706574 0.00037055333752753151 0.00013789965391978846
leaf_weight=27 26 25 407 171 25 34 34
leaf_count=27 26 25 407 171 25 34 34
internal_value=6.67438e-06 0.00852941 -0.00108434 0.00181818 -0.0023176 0.00416667 -0.00273243
internal_weight=749 85 664 198 466 60 441
internal_count=749 85 664 198 466 60 441
is_linear=0
shrinkage=0.05


Tree=3
num_leaves=8
num_cat=0
split_feature=13 1 9 12 10 6 9
split_gain=2.46798 0.93426 0.5944 0.889155 0.552922 0.434014 0.595534
threshold=25.19999980926514 -0.0065660180269527238 0.030239999731596526 0.0094949171636059555 0.0085213267487913597 0.79314491091082895 -0.0045248283395835634
decision_type=2 2 8 2 2 2 8
left_child=1 4 3 -3 5 6 -1
right_child=-2 2 -4 -5 -6 -7 -8
leaf_value=0.00030672982358852181 0.0013236486126898585 -0.00064756771268603881 -0.00027275064289688144 0.00055343320964271246 0.00062438212728236492 -0.00024335932523863492 1.5107294105556765e-05
leaf_weight=25 37 31 374 29 31 42 174
leaf_count=25 37 31 374 29 31 42 174
internal_value=-2.01896e-05 -0.000679888 -0.00211982 0.0025 0.00161765 0.000809127 0.00178392
internal_weight=743 706 434 60 272 241 199
internal_count=743 706 434 60 272 241 199
is_linear=0
shrinkage=0.05


Tree=4
num_leaves=8
num_cat=0
split_feature=13 3 9 5 16 9 9
split_gain=2.16514 0.975128 0.66899 0.987872 0.628626 0.596314 0.472028
threshold=21.555000305175785 0.0040937408623189517 0.1446263778670909 0.014536819068774433 0.029426106893100438 0.12448737562419744 -0.064640582584400461
decision_type=2 2 8 2 2 10 8
left_child=2 6 3 -1 -4 -5 -2
right_child=1 -3 4 5 -6 -7 -8
leaf_value=0.00027326165118348827 -0.00011415471324311528 0.0018332100582316387 -0.00028502869563581685 -0.00012111672008369579 0.00026236734392324503 0.00037950662895554367 0.00031119790595143392
leaf_weight=25 26 27 431 130 37 30 40
leaf_count=25 26 27 431 130 37 30 40
internal_value=0.000227881 0.00736559 -0.000788669 0.00175676 -0.00179487 0.000312499 0.00409091
internal_weight=746 93 653 185 468 160 66
internal_count=746 93 653 185 468 160 66
is_linear=0
shrinkage=0.05


Tree=5
num_leaves=8
num_cat=0
split_feature=4 0 8 7 15 15 16
split_gain=1.18228 0.871002 0.646409 1.13952 0.568235 1.6652 0.386627
threshold=0.050375331950479919 -0.033011150492068257 0.10489950762804413 0.06502956245706594 -0.0041190253935542423 -0.0029824253050558798 0.030786328235414832
decision_type=2 2 8 2 2 2 2
left_child=1 -1 3 4 -3 -6 -7
right_child=-2 2 -4 -5 5 6 -8
leaf_value=0.00080986580349101602 0.0012016083228092445 -0.00040813625343880702 -0.00046962700737085498 0.00077548025456693984 0.00033052974688430053 -4.2317576207028619e-05 0.00083945179664086543
leaf_weight=27 27 128 155 33 31 311 25
leaf_count=27 27 128 155 33 31 311 25
internal_value=-0.000454547 -0.000845072 -0.00119327 -0.00035985 -0.000959597 4.08707e-05 -0.000982144
internal_weight=737 710 683 528 495 367 336
internal_count=737 710 683 528 495 367 336
is_linear=0
shrinkage=0.05


Tree=6
num_leaves=8
num_cat=0
split_feature=13 15 15 6 8 13 4
split_gain=1.24723 0.62374 1.34302 0.398939 0.364323 0.4212 0.664802
threshold=21.724999427795414 1.0000000180025095e-35 -0.012249833361804184 2.395822093834258 0.10489950762804413 17.914999961853031 0.024789903435595468
decision_type=2 2 2 2 8 2 2
left_child=3 2 -2 4 5 -1 -7
right_child=1 -3 -4 -5 -6 6 -8
leaf_value=-0.00010104143180986222 -2.4300035697548048e-05 -3.5065627583608966e-05 0.00081136147084720153 0.00042509310538786139 -0.00042336942009819082 0.00047355909249642439 -4.0927892525060941e-06
leaf_weight=359 26 38 25 25 146 25 102
leaf_count=359 26 38 25 25 146 25 102
internal_value=-0.00044236 0.00511236 0.00872549 -0.00119483 -0.00143987 -0.000781894 0.00169291
internal_weight=746 89 51 657 632 486 127
internal_count=746 89 51 657 632 486 127
is_linear=0
shrinkage=0.05


Tree=7
num_leaves=8
num_cat=0
split_feature=1 8 5 9 5 9 0
split_gain=0.953793 0.807042 0.870067 1.41153 0.666667 0.638522 0.549322
threshold=-0.015595927326600255 -0.16918115887626303 0.015569324689709127 -0.067177581619791468 0.014340910176895547 -0.0064027442902852552 0.030629665653158725
decision_type=2 10 2 10 2 8 2
left_child=1 -1 3 -3 -5 -2 -7
right_child=5 2 -4 4 -6 6 -8
leaf_value=0.0015659007757929341 0.00019369150429261099 -0.00029474969487456394 -5.8569469025068961e-05 0.00034853816178235305 0.00013852980336079542 -0.00020442817879742965 0.00045423370219920114
leaf_weight=26 63 32 121 27 27 423 26
leaf_count=26 63 32 121 27 27 423 26
internal_value=-0.000570471 0.00208154 0.00103865 0.00488372 0.00981481 -0.00177734 -0.00243875
internal_weight=745 233 207 86 54 512 449
internal_count=745 233 207 86 54 512 449
is_linear=0
shrinkage=0.05


Tree=8
num_leaves=8
num_cat=0
split_feature=13 6 9 15 0 9 15
split_gain=1.54182 0.660627 0.604818 0.880112 1.46766 0.888889 0.846079
threshold=25.19999980926514 2.3389290710222848 0.14316838562192494 -0.003664416062244324 0.0070263442079733238 0.10330635209916229 0.00057559898709591561
decision_type=2 2 8 2 2 10 2
left_child=1 2 3 -1 5 6 -5
right_child=-2 -3 -4 4 -6 -7 -8
leaf_value=-0.00023836074285547702 0.0011538886222096784 0.00065254334363764764 -0.00022511957372316302 0.00047811617611450796 -0.00013517154338943478 0.00053035995085375521 -6.0915636424831687e-05
leaf_weight=68 37 30 472 25 76 27 29
leaf_count=68 37 30 472 25 76 27 29
internal_value=-9.16242e-05 -0.000598351 -0.000911049 0.00122222 0.00328025 0.00796296 0.00425926
internal_weight=764 727 697 225 157 81 54
internal_count=764 727 697 225 157 81 54
is_linear=0
shrinkage=0.05


Tree=9
num_leaves=8
num_cat=0
split_feature=13 9 7 15 15 15 16
split_gain=1.63467 0.613574 1.09017 0.409783 0.462398 0.482655 0.452125
threshold=25.19999980926514 -0.0064027442902852552 -0.030216049312451251 -0.0054061645034700892 -0.0030299304705272419 -0.0038006899396101908 0.031402520545209318
decision_type=2 8 2 2 2 2 2
left_child=1 2 -1 -3 5 -5 -6
right_child=-2 3 -4 4 6 -7 -8
leaf_value=-4.1936259206168966e-05 0.0012669337309941561 -0.00026942903807557434 0.00026786400014116939 -0.00010104151814001976 -9.4683600610506887e-05 0.00020169288572617473 0.0003924119893380279
leaf_weight=34 32 135 45 34 406 26 32
leaf_count=34 32 135 45 34 406 26 32
internal_value=-0.000430109 -0.000926967 0.00322785 -0.0014455 -0.000783134 0.00333333 -0.00134703
internal_weight=744 712 79 633 498 60 438
internal_count=744 712 79 633 498 60 438
is_linear=0
shrinkage=0.05


Tree=10
num_leaves=8
num_cat=0
split_feature=9 2 6 2 0 16 9
split_gain=0.843981 0.488223 0.437618 0.419242 0.31348 0.242425 0.906874
threshold=-0.0064027442902852552 -0.05203808460764419 2.395822093834258 -0.10506584734497525 0.030629665653158725 -0.018960070510408319 0.11810864521810251
decision_type=8 2 2 2 2 2 10
left_child=1 3 4 -1 5 6 -2
right_child=2 -3 -4 -5 -6 -7 -8
leaf_value=0.00035688166560183344 -0.00014473731004525551 0.00029056779761467611 0.0007273418649937478 -9.6395587408100759e-05 0.00024501736656668964 -0.0002655247517476935 0.00016905009569120405
leaf_weight=25 46 46 26 34 32 512 28
leaf_count=25 46 46 26 34 32 512 28
internal_value=-0.00106142 0.00309524 -0.00173913 8.47446e-05 -0.00200647 -0.00226963 0.000405404
internal_weight=749 105 644 59 618 586 74
internal_count=749 105 644 59 618 586 74
is_linear=0
shrinkage=0.05


end of trees

feature_importances:
dist_ma200=16
vix_level=12
sector_ret_1d=10
sector_ret_5d=8
ret_1d=5
parkinson_20=4
dvol_z_20=4
overnight_gap=3
dist_ma20=3
dist_ma50=3
ret_5d=2
ret_20d=2
atr_pct=2
spy_ret_1d=1
spy_ret_20d=1
vix_chg_1d=1

parameters:
[boosting: gbdt]
[objective: quantile]
[metric: quantile]
[tree_learner: serial]
[device_type: cpu]
[data_sample_strategy: bagging]
[data: ]
[valid: ]
[num_iterations: 80]
[learning_rate: 0.05]
[num_leaves: 8]
[num_threads: 1]
[seed: 0]
[deterministic: 0]
[force_col_wise: 1]
[force_row_wise: 0]
[histogram_pool_size: -1]
[max_depth: -1]
[min_data_in_leaf: 25]
[min_sum_hessian_in_leaf: 0.001]
[bagging_fraction: 0.9]
[pos_bagging_fraction: 1]
[neg_bagging_fraction: 1]
[bagging_freq: 1]
[bagging_seed: 3]
[bagging_by_query: 0]
[feature_fraction: 0.9]
[feature_fraction_bynode: 1]
[feature_fraction_seed: 2]
[extra_trees: 0]
[extra_seed: 6]
[early_stopping_round: 0]
[early_stopping_min_delta: 0]
[first_metric_only: 0]
[max_delta_step: 0]
[lambda_l1: 0]
[lambda_l2: 0]
[linear_lambda: 0]
[min_gain_to_split: 0]
[drop_rate: 0.1]
[max_drop: 50]
[skip_drop: 0.5]
[xgboost_dart_mode: 0]
[uniform_drop: 0]
[drop_seed: 4]
[top_rate: 0.2]
[other_rate: 0.1]
[min_data_per_group: 100]
[max_cat_threshold: 32]
[cat_l2: 10]
[cat_smooth: 10]
[max_cat_to_onehot: 4]
[top_k: 20]
[monotone_constraints: ]
[monotone_constraints_method: basic]
[monotone_penalty: 0]
[feature_contri: ]
[forcedsplits_filename: ]
[refit_decay_rate: 0.9]
[cegb_tradeoff: 1]
[cegb_penalty_split: 0]
[cegb_penalty_feature_lazy: ]
[cegb_penalty_feature_coupled: ]
[path_smooth: 0]
[interaction_constraints: ]
[verbosity: -1]
[saved_feature_importance_type: 0]
[use_quantized_grad: 0]
[num_grad_quant_bins: 4]
[quant_train_renew_leaf: 0]
[stochastic_rounding: 1]
[linear_tree: 0]
[max_bin: 255]
[max_bin_by_feature: ]
[min_data_in_bin: 3]
[bin_construct_sample_cnt: 200000]
[data_random_seed: 1]
[is_enable_sparse: 1]
[enable_bundle: 1]
[use_missing: 1]
[zero_as_missing: 0]
[feature_pre_filter: 1]
[pre_partition: 0]
[two_round: 0]
[header: 0]
[label_column: ]
[weight_column: ]
[group_column: ]
[ignore_column: ]
[categorical_feature: ]
[forcedbins_filename: ]
[precise_float_parser: 0]
[parser_config_file: ]
[objective_seed: 5]
[num_class: 1]
[is_unbalance: 0]
[scale_pos_weight: 1]
[sigmoid: 1]
[boost_from_average: 1]
[reg_sqrt: 0]
[alpha: 0.9]
[fair_c: 1]
[poisson_max_delta_step: 0.7]
[tweedie_variance_power: 1.5]
[lambdarank_truncation_level: 30]
[lambdarank_norm: 1]
[label_gain: ]
[lambdarank_position_bias_regularization: 0]
[eval_at: ]
[multi_error_top_k: 1]
[auc_mu_weights: ]
[num_machines: 1]
[local_listen_port: 12400]
[time_out: 120]
[machine_list_filename: ]
[machines: ]
[gpu_platform_id: -1]
[gpu_device_id: -1]
[gpu_device_id_list: ]
[gpu_use_dp: 0]
[num_gpu: 1]

end of parameters

pandas_categorical:[]
