tree
version=v4
num_class=1
num_tree_per_iteration=1
label_index=0
max_feature_idx=16
objective=quantile
feature_names=ret_1d ret_5d ret_20d overnight_gap atr_pct parkinson_20 dvol_z_20 dist_ma20 dist_ma50 dist_ma200 spy_ret_1d spy_ret_5d spy_ret_20d vix_level vix_chg_1d sector_ret_1d sector_ret_5d
feature_infos=[-0.1040163774614935:0.052490339201374026] [-0.12825166364186336:0.079293462609196563] [-0.1997905759162304:0.14646464646464641] [-0.066817382567194272:0.060223048327137541] [0.011246186246186249:0.041955183709236593] [0.0073424152522222445:0.022907761566380629] [-1.9102294254146048:4.296368030759945] [-0.12518785008424782:0.088203657224811716] [-0.16511603628168037:0.14115436353298461] [-0.31450037186905155:0.23963190593698402] [-0.058542947643003718:0.10501933612632941] [-0.11496158439845272:0.082843216242346029] [-0.12265592443394913:0.15756596870864792] [11.859999656677246:52.330001831054688] [-0.35753873962348437:0.74039073966007019] [-0.073180960369049974:0.075364298724954315] [-0.12187673514714059:0.078003457216940353]
tree_sizes=821 858 863 855 862 867 865 863 871 867 864 849 872

Tree=0
num_leaves=8
num_cat=0
split_feature=5 3 10 10 13 1 4
split_gain=1.24858 1.05033 0.603142 0.796476 1.3946 1.02188 0.632967
threshold=0.016054741063564578 -0.0031222859625138484 -0.0024374516674448006 -0.0072745157566194698 18.82499980926514 0.00069652034187084333 0.016300980842381282
decision_type=2 2 2 2 2 2 2
left_child=2 -2 3 6 5 -5 -1
right_child=1 -3 -4 4 -6 -7 -8
leaf_value=0.015433508231235838 0.016222321197822243 0.015450923979584285 0.015246242923538812 0.01563294894053463 0.015601725474908701 0.015154382624461799 0.015107666338711412
leaf_weight=35 26 62 462 34 25 50 56
leaf_count=35 26 62 462 34 25 50 56
internal_value=0.0155586 0.021154 0.0148148 0.0171086 0.0199916 0.0169062 0.0136553
internal_weight=750 88 662 200 109 84 91
internal_count=750 88 662 200 109 84 91
is_linear=0
shrinkage=1


Tree=1
num_leaves=8
num_cat=0
split_feature=5 0 9 11 9 14 12
split_gain=1.39616 1.12018 0.928256 0.839927 0.754572 0.823362 0.634238
threshold=0.016054741063564578 0.003796808963732246 0.15699057904368877 -0.0098148245313025555 0.1061811117498387 0.035942894407802857 -0.00052819005217041848
decision_type=2 2 10 2 8 2 2
left_child=2 6 3 4 -1 -6 -2
right_child=1 -3 -4 -5 5 -7 -8
leaf_value=-1.384270470287663e-05 0.00084197360895530912 -0.00023608789592470981 -0.00018275001344356025 -8.4154045382305899e-05 0.00013587106942989581 0.00034987677623001039 0.00035098579727867174
leaf_weight=51 26 36 147 397 27 25 25
leaf_count=51 26 36 147 397 27 25 25
internal_value=-2.72491e-05 0.00591954 -0.000826895 0.000199999 0.0042233 0.00846154 0.0106863
internal_weight=734 87 647 500 103 52 51
internal_count=734 87 647 500 103 52 51
is_linear=0
shrinkage=0.05


Tree=2
num_leaves=8
num_cat=0
split_feature=5 9 0 9 14 6 16
split_gain=1.3796 0.639165 0.541659 0.48298 0.854547 0.749703 0.567865
threshold=0.019448583962911273 0.16636814966491045 -0.00097898366613363686 0.12590606301512089 0.059971774713864064 -0.6034943537605445 0.015854741038544232
decision_type=2 10 2 8 2 2 2
left_child=1 3 -2 5 6 -1 -5
right_child=2 -3 -4 4 -6 -7 -8
leaf_value=-0.00024996150999735157 0.00083427193223731006 -0.00016561498340023406 4.6731896095034015e-05 -0.00016781264976293439 0.00013619812707642038 3.3280912787869886e-05 0.00010736539407982627
leaf_weight=98 25 117 26 149 42 241 51
leaf_count=98 25 117 26 149 42 241 51
internal_value=-0.000193593 -0.00077364 0.0077451 -9.46656e-05 0.00161157 -0.00131269 0.000249999
internal_weight=749 698 51 581 242 339 200
internal_count=749 698 51 581 242 339 200
is_linear=0
shrinkage=0.05


Tree=3
num_leaves=8
num_cat=0
split_feature=9 0 2 9 1 11 16
split_gain=1.30633 0.663264 0.673653 0.916861 0.766761 0.463055 1.83365
threshold=-0.24732651100553646 -0.001124337105994133 0.051100223184892386 0.17938472925321916 -0.039440930793258881 0.021590263312926242 0.020947928184240631
decision_type=8 2 2 8 2 2 2
left_child=-1 2 4 -4 -2 -3 -7
right_child=1 5 3 -5 -6 6 -8
leaf_value=0.0005543190919855824 0.00073313311739816049 -0.0001542964333560111 -0.0001397752814227595 0.00021084563109279744 -1.8362606740875039e-05 0.00022508626924067077 -0.00023927763507079958
leaf_weight=29 38 353 29 28 196 25 45
leaf_count=29 38 353 29 28 196 25 45
internal_value=0.0001144 -0.000308124 0.00152921 0.00640351 0.000341879 -0.00157211 0.00214286
internal_weight=743 714 291 57 234 423 70
internal_count=743 714 291 57 234 423 70
is_linear=0
shrinkage=0.05


Tree=4
num_leaves=8
num_cat=0
split_feature=9 9 9 13 2 3 6
split_gain=1.37961 0.830808 0.618384 0.531366 0.606175 0.936563 0.820232
threshold=-0.24732651100553646 0.15699057904368877 0.14231546801860998 25.505000114440922 0.051100223184892386 0.0027215507844547964 -0.092815102609985808
decision_type=8 10 10 2 2 2 2
left_child=-1 2 3 4 -2 6 -6
right_child=1 -3 -4 -5 5 -7 -8
leaf_value=0.00052660313738630323 -6.5250846209154845e-05 -0.00016329142309125653 0.00027702511032285634 0.00051534980849040105 3.4865171745770931e-05 -0.00025364453566381726 0.00042189512291055525
leaf_weight=29 427 146 28 25 38 25 28
leaf_count=29 427 146 28 25 38 25 28
internal_value=-0.000174264 -0.000606696 0.000253939 -0.000119707 -0.000463322 0.00324176 0.00636364
internal_weight=746 717 571 543 518 91 66
internal_count=746 717 571 543 518 91 66
is_linear=0
shrinkage=0.05


Tree=5
num_leaves=8
num_cat=0
split_feature=9 12 3 11 10 11 9
split_gain=1.38713 1.14302 0.591361 0.742382 1.15914 0.79896 0.759798
threshold=-0.24732651100553646 -0.052281388412141021 0.0040492082408905014 0.019179064165315788 0.0022328849049373383 -0.0075284506861215674 0.11253526472018195
decision_type=8 2 2 2 2 2 10
left_child=-1 -2 3 5 -5 6 -3
right_child=1 2 -4 4 -6 -7 -8
leaf_value=0.00050425516155439226 0.00042760230752880176 6.0900713025904355e-05 -0.00020584324169132338 0.0003086218609635919 -3.2823666846997795e-05 -0.00013584472322691174 0.00025258896631659411
leaf_weight=28 27 84 140 33 60 334 31
leaf_count=28 27 84 140 33 60 334 31
internal_value=0.000156037 -0.000275036 -0.000674488 7.37995e-05 0.00413978 -0.000768375 0.00282609
internal_weight=737 709 682 542 93 449 115
internal_count=737 709 682 542 93 449 115
is_linear=0
shrinkage=0.05


Tree=6
num_leaves=8
num_cat=0
split_feature=9 0 7 7 16 9 9
split_gain=1.24358 0.845744 0.422288 0.571956 0.483021 0.431056 0.574542
threshold=-0.24732651100553646 -0.024773324162421281 0.035848130224262705 0.044695283689133565 0.0086657027679308846 0.15699057904368877 0.11657158766520694
decision_type=8 2 2 2 2 10 10
left_child=-1 -2 5 -4 -5 6 -3
right_child=1 2 3 4 -6 -7 -8
leaf_value=0.00047107804140186413 0.00069493977775954372 -9.4963811338882341e-05 0.00012684634189779622 8.3846170620276544e-05 -0.000314555313125264 -0.00015786467684412848 0.00015793646648499735
leaf_weight=30 26 423 43 28 33 109 54
leaf_count=30 26 423 43 28 33 109 54
internal_value=2.68085e-05 -0.000391063 -0.000724639 0.00221154 -0.000901641 -0.00124573 -0.000597485
internal_weight=746 716 690 104 61 586 477
internal_count=746 716 690 104 61 586 477
is_linear=0
shrinkage=0.05


Tree=7
num_leaves=8
num_cat=0
split_feature=5 0 11 6 1 1 0
split_gain=1.30686 0.848806 0.621807 0.663417 0.680047 0.561129 0.274804
threshold=0.018304110797532681 0.003796808963732246 -0.0084964938619227475 0.69531177960174806 -0.00093047741524632233 -0.027559507398217106 0.013448558644130528
decision_type=2 2 2 2 2 2 2
left_child=2 -2 3 4 5 -1 -4
right_child=1 -3 6 -5 -6 -7 -8
leaf_value=0.00064884503220581364 0.00045298831839962961 -6.2743808807450856e-05 -3.9353906809096238e-05 -0.00016503712831591173 0.00020854324509048954 -3.1668235106090394e-05 -0.00039218253662407908
leaf_weight=25 36 29 462 40 44 52 57
leaf_count=25 36 29 462 40 44 52 57
internal_value=-0.000234901 0.00653846 -0.000882354 0.0018323 0.00367768 0.000844155 -0.00172447
internal_weight=745 65 680 161 121 77 519
internal_count=745 65 680 161 121 77 519
is_linear=0
shrinkage=0.05


Tree=8
num_leaves=8
num_cat=0
split_feature=0 9 8 11 11 3 3
split_gain=1.22303 0.444712 0.442331 0.958092 0.711204 0.616621 0.536608
threshold=-0.024773324162421281 0.17152669697010761 0.029275736155475188 -0.011940064700992346 0.025734816417073651 -0.0062632824444699411 0.0034156331634075392
decision_type=2 10 8 2 2 2 2
left_child=-1 2 4 -4 5 -2 -5
right_child=1 -3 3 6 -6 -7 -8
leaf_value=0.00065899098681553611 0.00025486561795801712 -0.00016176561114925416 0.00013673576069083205 3.1614925303458887e-05 9.5008084069278986e-05 -0.00012598134432590039 -0.00024592978178437713
leaf_weight=30 36 97 34 153 44 335 35
leaf_count=30 36 97 34 153 44 335 35
internal_value=0.000104711 -0.000299729 0.000180533 0.00198198 -0.000783134 -0.00149596 0.000585105
internal_weight=764 734 637 222 415 371 188
internal_count=764 734 637 222 415 371 188
is_linear=0
shrinkage=0.05


Tree=9
num_leaves=8
num_cat=0
split_feature=0 10 14 11 9 9 8
split_gain=1.19065 0.660826 0.727162 1.03366 0.684148 0.707685 0.720615
threshold=-0.024773324162421281 -0.00020807375643927537 0.11927434384443127 -0.011522991723745544 0.153339999732551 0.035964748741063153 -0.075982044310293914
decision_type=2 2 2 2 10 10 10
left_child=-1 2 3 -2 5 6 -5
right_child=1 -3 -4 4 -6 -7 -8
leaf_value=0.00062604143747475925 0.00015744538836666747 -0.00011736562777229843 -7.0923214047664032e-05 0.00036359377738562105 -0.00023849101551012237 0.00015953678578440589 -0.00016792831989320716
leaf_weight=30 60 421 36 29 40 43 85
leaf_count=30 60 421 36 29 40 43 85
internal_value=0.000241934 -0.000168068 0.00165529 0.00258755 0.000837562 0.00232484 0.000263157
internal_weight=744 714 293 257 197 157 114
internal_count=744 714 293 257 197 157 114
is_linear=0
shrinkage=0.05


Tree=10
num_leaves=8
num_cat=0
split_feature=5 9 7 7 10 5 5
split_gain=1.34915 0.483965 0.437631 0.623377 0.425492 0.461378 0.910661
threshold=0.019553568822497754 0.17152669697010761 0.035848130224262705 0.044695283689133565 -0.00020807375643927537 0.013235065766465161 0.011610078337583549
decision_type=2 10 2 2 2 2 2
left_child=1 2 4 -4 5 6 -1
right_child=-2 -3 3 -5 -6 -7 -8
leaf_value=2.2726337833043867e-05 0.00024625217551328134 -0.00016883438714203737 0.00010605316545998408 -7.9002356558811488e-05 -0.00014223768140588164 -0.00012353587411149264 0.00032482831800209307
leaf_weight=131 45 94 33 44 311 62 29
leaf_count=131 45 94 33 44 311 62 29
internal_value=-6.00813e-05 -0.000596592 -8.19684e-05 0.00344156 -0.000590996 0.00108108 0.0025
internal_weight=749 704 610 77 533 222 160
internal_count=749 704 610 77 533 222 160
is_linear=0
shrinkage=0.05


Tree=11
num_leaves=8
num_cat=0
split_feature=5 1 6 11 10 15 6
split_gain=0.876268 0.824242 1.06909 0.598314 0.735553 1.38043 1.24151
threshold=0.016054741063564578 0.010044864511093101 0.26811183610317879 -0.010198884987834665 -0.011742889521192066 -0.0040520791376654755 -0.045351018223860118
decision_type=2 2 2 2 2 2 2
left_child=3 2 -2 4 -1 -6 -7
right_child=1 -3 -4 -5 5 6 -8
leaf_value=-0.00021593408631966125 0.00063196477693636122 -8.6096669145091608e-06 5.7472231238605041e-05 -8.5679357562128524e-05 0.0005126212920189985 -0.00020587170897885907 0.00022841984341042938
leaf_weight=35 30 30 25 531 25 37 34
leaf_count=35 30 30 25 531 25 37 34
internal_value=0.000220882 0.005 0.00863636 -0.00039275 0.00263359 0.00489583 0.00133803
internal_weight=747 85 55 662 131 96 71
internal_count=747 85 55 662 131 96 71
is_linear=0
shrinkage=0.05


Tree=12
num_leaves=8
num_cat=0
split_feature=0 9 10 2 4 16 16
split_gain=1.03968 0.491024 0.656401 0.870902 0.551475 0.47318 0.84061
threshold=-0.024773324162421281 0.15699057904368877 -0.00020807375643927537 0.030850543785865939 0.01561533464816026 -0.0022607525091419829 0.0021864472516240911
decision_type=2 10 2 2 2 2 2
left_child=-1 2 3 -2 -5 -4 -7
right_child=1 -3 5 4 -6 6 -8
leaf_value=0.00056045812513703637 9.6590067052459274e-07 -0.0001361199306395813 -0.00019441910760188623 0.00012278348430872234 6.4908457410275722e-05 0.00037615370015477514 -8.5810994794911546e-05
leaf_weight=28 169 139 106 25 36 32 199
leaf_count=28 169 139 106 25 36 32 199
internal_value=-0.000163489 -0.000538245 0.000114637 0.00217391 0.00729508 -0.0012908 -2.16462e-05
internal_weight=734 706 567 230 61 337 231
internal_count=734 706 567 230 61 337 231
is_linear=0
shrinkage=0.05


end of trees

feature_importances:
dist_ma200=19
ret_1d=9
spy_ret_5d=9
parkinson_20=8
spy_ret_1d=7
ret_5d=5
overnight_gap=5
dvol_z_20=5
sector_ret_5d=5
dist_ma20=4
ret_20d=3
vix_chg_1d=3
atr_pct=2
dist_ma50=2
spy_ret_20d=2
vix_level=2
sector_ret_1d=1

parameters:
[boosting: gbdt]
[objective: quantile]
[metric: quantile]
[tree_learner: serial]
[device_type: cpu]
[data_sample_strategy: bagging]
[data: ]
[valid: ]
[num_iterations: 80]
[learning_rate: 0.05]
[num_leaves: 8]
[num_threads: 1]
[seed: 0]
[deterministic: 0]
[force_col_wise: 1]
[force_row_wise: 0]
[histogram_pool_size: -1]
[max_depth: -1]
[min_data_in_leaf: 25]
[min_sum_hessian_in_leaf: 0.001]
[bagging_fraction: 0.9]
[pos_bagging_fraction: 1]
[neg_bagging_fraction: 1]
[bagging_freq: 1]
[bagging_seed: 3]
[bagging_by_query: 0]
[feature_fraction: 0.9]
[feature_fraction_bynode: 1]
[feature_fraction_seed: 2]
[extra_trees: 0]
[extra_seed: 6]
[early_stopping_round: 0]
[early_stopping_min_delta: 0]
[first_metric_only: 0]
[max_delta_step: 0]
[lambda_l1: 0]
[lambda_l2: 0]
[linear_lambda: 0]
[min_gain_to_split: 0]
[drop_rate: 0.1]
[max_drop: 50]
[skip_drop: 0.5]
[xgboost_dart_mode: 0]
[uniform_drop: 0]
[drop_seed: 4]
[top_rate: 0.2]
[other_rate: 0.1]
[min_data_per_group: 100]
[max_cat_threshold: 32]
[cat_l2: 10]
[cat_smooth: 10]
[max_cat_to_onehot: 4]
[top_k: 20]
[monotone_constraints: ]
[monotone_constraints_method: basic]
[monotone_penalty: 0]
[feature_contri: ]
[forcedsplits_filename: ]
[refit_decay_rate: 0.9]
[cegb_tradeoff: 1]
[cegb_penalty_split: 0]
[cegb_penalty_feature_lazy: ]
[cegb_penalty_feature_coupled: ]
[path_smooth: 0]
[interaction_constraints: ]
[verbosity: -1]
[saved_feature_importance_type: 0]
[use_quantized_grad: 0]
[num_grad_quant_bins: 4]
[quant_train_renew_leaf: 0]
[stochastic_rounding: 1]
[linear_tree: 0]
[max_bin: 255]
[max_bin_by_feature: ]
[min_data_in_bin: 3]
[bin_construct_sample_cnt: 200000]
[data_random_seed: 1]
[is_enable_sparse: 1]
[enable_bundle: 1]
[use_missing: 1]
[zero_as_missing: 0]
[feature_pre_filter: 1]
[pre_partition: 0]
[two_round: 0]
[header: 0]
[label_column: ]
[weight_column: ]
[group_column: ]
[ignore_column: ]
[categorical_feature: ]
[forcedbins_filename: ]
[precise_float_parser: 0]
[parser_config_file: ]
[objective_seed: 5]
[num_class: 1]
[is_unbalance: 0]
[scale_pos_weight: 1]
[sigmoid: 1]
[boost_from_average: 1]
[reg_sqrt: 0]
[alpha: 0.9]
[fair_c: 1]
[poisson_max_delta_step: 0.7]
[tweedie_variance_power: 1.5]
[lambdarank_truncation_level: 30]
[lambdarank_norm: 1]
[label_gain: ]
[lambdarank_position_bias_regularization: 0]
[eval_at: ]
[multi_error_top_k: 1]
[auc_mu_weights: ]
[num_machines: 1]
[local_listen_port: 12400]
[time_out: 120]
[machine_list_filename: ]
[machines: ]
[gpu_platform_id: -1]
[gpu_device_id: -1]
[gpu_device_id_list: ]
[gpu_use_dp: 0]
[num_gpu: 1]

end of parameters

pandas_categorical:[]
