tree
version=v4
num_class=1
num_tree_per_iteration=1
label_index=0
max_feature_idx=16
objective=quantile
feature_names=ret_1d ret_5d ret_20d overnight_gap atr_pct parkinson_20 dvol_z_20 dist_ma20 dist_ma50 dist_ma200 spy_ret_1d spy_ret_5d spy_ret_20d vix_level vix_chg_1d sector_ret_1d sector_ret_5d
feature_infos=[-0.1040163774614935:0.052490339201374026] [-0.12825166364186336:0.079293462609196563] [-0.1997905759162304:0.14646464646464641] [-0.066817382567194272:0.060223048327137541] [0.011246186246186249:0.041955183709236593] [0.0073424152522222445:0.022907761566380629] [-1.9102294254146048:4.296368030759945] [-0.12518785008424782:0.088203657224811716] [-0.16511603628168037:0.14115436353298461] [-0.31450037186905155:0.23963190593698402] [-0.058542947643003718:0.10501933612632941] [-0.11496158439845272:0.082843216242346029] [-0.12265592443394913:0.15756596870864792] [11.859999656677246:52.330001831054688] [-0.35753873962348437:0.74039073966007019] [-0.073180960369049974:0.075364298724954315] [-0.12187673514714059:0.078003457216940353]
tree_sizes=835 854 862 850 863 866 863 857 850 858 861 861 865 869 857 880 861 855 870 865 861 874 858 856 867 859 862

Tree=0
num_leaves=8
num_cat=0
split_feature=5 14 6 3 4 15 9
split_gain=3.76789 0.831133 1.45347 0.646536 0.462963 0.443104 0.345654
threshold=0.014093389097453344 0.003286853869637119 -0.21645108500172136 -0.0057555688808915142 0.017630393343272238 0.014749286997851276 -0.20027702738374151
decision_type=2 2 2 2 2 2 10
left_child=3 6 -3 4 -1 -5 -2
right_child=1 2 -4 5 -6 -7 -8
leaf_value=-0.02139631056954925 -0.021386230996969263 -0.021211730236751467 -0.022462013549573452 -0.02092181091932124 -0.020778534168965173 -0.021600544358527238 -0.020928767844345865
leaf_weight=27 54 29 31 528 27 29 25
leaf_count=27 54 29 31 528 27 29 25
internal_value=-0.0208912 -0.0283214 -0.0327579 -0.0192009 -0.0244245 -0.0186944 -0.024952
internal_weight=750 139 60 611 54 557 79
internal_count=750 139 60 611 54 557 79
is_linear=0
shrinkage=1


Tree=1
num_leaves=8
num_cat=0
split_feature=9 0 13 5 5 11 5
split_gain=2.00463 0.848663 0.709892 0.518263 1.04762 0.390106 0.682033
threshold=-0.16246881525544596 0.0087143917755013751 22.930000305175785 0.013272748783895639 0.015682006804768632 -0.0060505847997984188 0.0087328002765062838
decision_type=8 2 2 2 2 2 2
left_child=1 3 5 -1 -5 -2 -7
right_child=2 -3 -4 4 -6 6 -8
leaf_value=4.402213473628635e-05 0.00027978518739367545 3.5522339095147018e-05 -0.00090438863879854054 -0.0017062591273206585 -0.00039368235256810103 -5.2224307534570923e-05 0.00017705603731109199
leaf_weight=25 130 33 42 27 50 50 377
leaf_count=25 130 33 42 27 50 50 377
internal_value=0.000504087 -0.005 0.00174457 -0.0072549 -0.00928571 0.00221724 0.00148712
internal_weight=734 135 599 102 77 557 427
internal_count=734 135 599 102 77 557 427
is_linear=0
shrinkage=0.05


Tree=2
num_leaves=8
num_cat=0
split_feature=5 8 0 5 3 5 0
split_gain=2.36815 1.04569 1.14258 0.700606 0.584181 0.896765 0.927022
threshold=0.014093389097453344 -0.13466799202511073 -0.00020213705061794537 0.019448583962911273 -0.0038848387101882982 0.0087328002765062838 0.00012968101642119037
decision_type=2 10 2 2 2 2 2
left_child=4 -2 3 -3 -1 6 -6
right_child=1 2 -4 -5 5 -7 -8
leaf_value=-0.00022434169551517545 2.5946333170253354e-05 -0.0011528847147521046 -0.00044193990449792439 -0.00030227794597899912 0.00020099357656324073 0.00016109340089563278 -4.9613094391472334e-05
leaf_weight=87 26 30 56 25 34 461 30
leaf_count=87 26 30 56 25 34 461 30
internal_value=-6.67538e-06 -0.0059489 -0.00806306 -0.0131818 0.00132353 0.00195238 -0.00359375
internal_weight=749 137 111 55 612 525 64
internal_count=749 137 111 55 612 525 64
is_linear=0
shrinkage=0.05


Tree=3
num_leaves=8
num_cat=0
split_feature=9 6 8 0 6 13 4
split_gain=1.66537 0.861518 0.862795 0.673669 0.577216 0.406722 0.354919
threshold=-0.17864673444573162 0.42305960274588478 -0.068828323484902573 -0.020691036959825545 -1.2598412693700642 23.265000343322757 0.01399308962179853
decision_type=8 2 10 2 2 2 2
left_child=1 2 -1 -2 -5 6 -6
right_child=3 -3 -4 4 5 -7 -8
leaf_value=3.4312949180987321e-05 -0.0006630803734969426 -0.0010048253826673108 -0.00052824859312785037 -7.420470057176886e-05 2.5860844892511554e-05 -0.00092319414142001113 0.0002096738773092105
leaf_weight=51 27 33 39 31 99 30 433
leaf_count=51 27 33 39 31 99 30 433
internal_value=0.000558547 -0.0047561 -0.00222222 0.0016129 0.00196459 0.00233096 0.00265038
internal_weight=743 123 90 620 593 562 532
internal_count=743 123 90 620 593 562 532
is_linear=0
shrinkage=0.05


Tree=4
num_leaves=8
num_cat=0
split_feature=9 5 3 0 16 16 13
split_gain=1.55541 0.799349 0.888889 0.794026 0.725167 0.720195 0.63866
threshold=-0.16246881525544596 0.0087328002765062838 0.0007829914995917121 -0.016867186552174281 -0.018960070510408319 0.0019110219009020881 22.930000305175785
decision_type=8 2 2 2 2 2 2
left_child=4 2 -2 -3 -1 -6 -5
right_child=1 3 -4 6 5 -7 -8
leaf_value=0.00019284539352218625 0.00021873487517621253 -0.00058765872667236705 -0.00012810222561443745 0.00020092881473394899 -0.00068936464018186676 -9.9253642222756739e-05 -0.00075755565260691093
leaf_weight=27 36 35 36 464 48 66 34
leaf_count=27 36 35 36 464 48 66 34
internal_value=0.000509384 0.00161157 -0.00333333 0.00227955 -0.00421986 -0.00596491 0.00279116
internal_weight=746 605 72 533 141 114 498
internal_count=746 605 72 533 141 114 498
is_linear=0
shrinkage=0.05


Tree=5
num_leaves=8
num_cat=0
split_feature=5 8 6 10 6 15 12
split_gain=1.97749 1.40393 0.793513 0.796361 0.731052 0.508284 0.940585
threshold=0.014093389097453344 -0.029384433710808452 -0.11214188422418808 0.010363669081824291 0.42305960274588478 -0.0054566192714822206 0.019647548518162531
decision_type=2 10 2 2 2 2 2
left_child=2 4 -1 5 -2 6 -4
right_child=1 -3 3 -5 -6 -7 -8
leaf_value=0.00028407646764969048 1.8052677397377433e-08 -0.0018831872846775512 8.7046977578374499e-05 -0.00075662469735007819 -0.00046810723998273951 6.8217553096361694e-05 -0.00044389879948519097
leaf_weight=326 84 27 49 25 27 174 25
leaf_count=326 84 27 49 25 27 174 25
internal_value=0.000251018 -0.00514493 0.00149416 -0.000494505 -0.00265766 0.000362903 -0.00310811
internal_weight=737 138 599 273 111 248 74
internal_count=737 138 599 273 111 248 74
is_linear=0
shrinkage=0.05


Tree=6
num_leaves=8
num_cat=0
split_feature=9 6 6 8 4 13 3
split_gain=1.78709 1.21907 0.934444 1.10364 0.613209 0.722785 0.380231
threshold=0.017183506596250567 1.0018549148102787 -0.93594553068340114 -0.013061226216156406 0.01399308962179853 22.930000305175785 -0.00043422307138635258
decision_type=8 2 2 10 2 2 2
left_child=1 2 -1 -4 6 -6 -2
right_child=4 -3 3 -5 5 -7 -8
leaf_value=-0.00048419362991951884 0.00019920393497575341 -0.00083474267051354299 9.7523698700162771e-05 -0.00051326894343194389 0.00020465294166451136 -0.00097140340564035466 -2.1337617810058126e-05
leaf_weight=30 29 35 122 28 385 40 77
leaf_count=30 29 35 122 28 385 40 77
internal_value=0.000241287 -0.00360465 -0.00194444 -0.000333333 0.00179849 0.00264706 -0.00160377
internal_weight=746 215 180 150 531 425 106
internal_count=746 215 180 150 531 425 106
is_linear=0
shrinkage=0.05


Tree=7
num_leaves=8
num_cat=0
split_feature=5 5 12 1 6 4 8
split_gain=1.81074 1.03516 0.704649 0.806996 0.574486 0.656463 1.12502
threshold=0.014093389097453344 0.015611943050581159 0.04572357186415122 0.020836869733583344 -0.11214188422418808 0.018906468017940384 -0.017387320737587971
decision_type=2 2 2 2 2 2 8
left_child=2 -2 4 -4 -1 -6 -7
right_child=1 -3 3 -5 5 6 -8
leaf_value=0.00029194021470034542 -0.0004363810408459718 -0.00020529532822665325 0.000254398306651301 -0.00024136949980253189 8.6540434883747999e-05 0.00011415611692300876 -0.00039244927379864246
leaf_weight=279 30 114 48 31 170 42 31
leaf_count=279 30 114 48 31 170 42 31
internal_value=-3.35569e-05 -0.00506944 0.00117305 -0.00322785 0.00183908 6.17286e-05 -0.00390411
internal_weight=745 144 601 79 522 243 73
internal_count=745 144 601 79 522 243 73
is_linear=0
shrinkage=0.05


Tree=8
num_leaves=8
num_cat=0
split_feature=9 6 8 13 6 6 11
split_gain=1.44243 1.17668 1.2263 0.754809 0.714567 0.757203 0.762624
threshold=0.017183506596250567 1.096016382700669 -0.068828323484902573 22.930000305175785 -0.86518260476353126 -0.19327598323944184 0.0049014258376020034
decision_type=8 2 10 2 2 2 2
left_child=1 2 -1 -2 -4 -6 -7
right_child=3 -3 4 -5 5 6 -8
leaf_value=7.8772786279185259e-05 0.000158348323146742 -0.00096453209752142576 -0.00087734659300664226 -0.00088458735314394642 0.00015198961722461519 3.4679459212583654e-05 -0.00056276883716370137
leaf_weight=74 492 29 27 42 49 26 25
leaf_count=74 492 29 27 42 49 26 25
internal_value=0.000484293 -0.00282609 -0.00146766 0.00191011 -0.00444882 -0.0025 -0.00676471
internal_weight=764 230 201 534 127 100 51
internal_count=764 230 201 534 127 100 51
is_linear=0
shrinkage=0.05


Tree=9
num_leaves=8
num_cat=0
split_feature=5 0 6 7 5 0 6
split_gain=1.70179 1.01362 0.818241 1.27863 0.799127 0.740746 0.523176
threshold=0.014093389097453344 0.0079664083423541827 0.42305960274588478 -0.02779659092871611 0.0087328002765062838 -0.00025921715981713772 -0.24159586350481052
decision_type=2 2 2 2 2 2 2
left_child=4 2 3 -2 5 -1 -6
right_child=1 -3 -4 -5 6 -7 -8
leaf_value=0.00019064650879412705 0.00018997427313409499 9.0463971249529158e-05 -0.00096237302874819803 -0.00065657001127750539 0.00029071589918985185 -6.340590265371594e-05 2.7127844479539102e-05
leaf_weight=32 30 37 28 43 258 37 279
leaf_count=32 30 37 28 43 258 37 279
internal_value=0.000228495 -0.00478261 -0.00737624 -0.00458904 0.00136964 -0.00369565 0.00202048
internal_weight=744 138 101 73 606 69 537
internal_count=744 138 101 73 606 69 537
is_linear=0
shrinkage=0.05


Tree=10
num_leaves=8
num_cat=0
split_feature=9 6 5 0 0 1 1
split_gain=1.26169 1.48399 0.714501 1.29884 0.790113 0.592593 0.907407
threshold=-0.16246881525544596 0.93056039386893252 0.0087328002765062838 -0.00025921715981713772 -0.020691036959825545 -0.0030630431805440668 -0.019600773929195955
decision_type=8 2 2 2 2 2 2
left_child=1 5 3 -2 -4 6 -1
right_child=2 -3 4 -5 -6 -7 -8
leaf_value=3.9482494552627839e-05 0.00034971842075528847 -0.00087960038281729731 -0.00059611896440177337 -6.8901140610131106e-05 0.00014214134165637407 7.8336320233751927e-05 -0.00048830696339773245
leaf_weight=27 35 25 26 37 518 54 27
leaf_count=27 35 25 26 37 518 54 27
internal_value=0.000393859 -0.00402256 0.0013474 -0.00333333 0.00196691 -0.00148148 -0.00518518
internal_weight=749 133 616 72 544 108 54
internal_count=749 133 616 72 544 108 54
is_linear=0
shrinkage=0.05


Tree=11
num_leaves=8
num_cat=0
split_feature=6 4 12 6 9 1 15
split_gain=1.26784 1.11957 1.70484 0.437558 0.567864 0.401524 0.369485
threshold=-0.11214188422418808 0.019557211502236476 0.018878595009899749 -1.1357543109011237 0.098029740279215752 -0.027040729410193417 -0.0055724079314788391
decision_type=2 2 2 2 8 2 2
left_child=3 6 5 4 -1 -3 -2
right_child=1 2 -4 -5 -6 -7 -8
leaf_value=-0.00033736254759756312 -0.00015947216018184548 0.0002411609328006689 -0.00058122990392841134 0.00025993623148447693 0.0001428972618878122 -0.00017254975274147682 9.5314802504602324e-05
leaf_weight=25 49 32 44 341 41 45 170
leaf_count=25 49 32 44 341 41 45 170
internal_value=0.000783133 -0.00147059 -0.00533058 0.00266585 -0.00106061 -0.000844156 0.000662101
internal_weight=747 340 121 407 66 77 219
internal_count=747 340 121 407 66 77 219
is_linear=0
shrinkage=0.05


Tree=12
num_leaves=8
num_cat=0
split_feature=3 5 0 5 3 8 6
split_gain=0.916789 0.77336 0.832889 0.65698 0.396624 1.33166 0.547168
threshold=-0.0091407749324183812 0.0087328002765062838 -0.00025921715981713772 0.013235065766465161 -0.00092909468298402176 -0.031651276884414041 -0.11214188422418808
decision_type=2 2 2 2 2 10 2
left_child=-1 2 -2 -3 5 -5 -6
right_child=1 3 -4 4 6 -7 -8
leaf_value=-0.00077122260796182846 0.00016013645759333471 0.0001359414393664905 -4.3703679468728276e-05 8.8484169172305398e-05 6.9302245901974681e-05 -0.00096154756205749222 -0.00043718310045139542
leaf_weight=32 32 444 35 43 74 25 49
leaf_count=32 32 444 35 43 74 25 49
internal_value=0.000776567 0.00115385 -0.00395522 0.00169291 -0.000759162 -0.00382353 0.00093496
internal_weight=734 702 67 635 191 68 123
internal_count=734 702 67 635 191 68 123
is_linear=0
shrinkage=0.05


Tree=13
num_leaves=8
num_cat=0
split_feature=6 12 5 14 8 7 12
split_gain=0.640348 0.956969 0.660946 0.620606 0.529756 0.40499 0.762617
threshold=-0.11214188422418808 0.047608041860818802 0.016054741063564578 -0.027760594315615391 0.09408769878328184 0.00040549293848124451 0.017951110302837473
decision_type=2 2 2 2 8 2 2
left_child=2 4 -1 -4 5 6 -2
right_child=1 -3 3 -5 -6 -7 -8
leaf_value=0.00020973049172529426 3.7153294860130115e-05 -0.00074153241659295939 -0.00080098277317197121 4.0491020411835609e-05 -0.00026259174014836323 0.00013477361318543578 -0.00028090606545338223
leaf_weight=350 108 42 25 30 25 116 49
leaf_count=350 108 42 25 30 25 116 49
internal_value=0.00057047 -0.00102941 0.00191358 -0.00318182 -3.35569e-05 0.000604396 -0.00105096
internal_weight=745 340 405 55 298 273 157
internal_count=745 340 405 55 298 273 157
is_linear=0
shrinkage=0.05


Tree=14
num_leaves=8
num_cat=0
split_feature=5 3 3 5 6 8 11
split_gain=0.715932 1.09003 0.895283 0.54491 0.767052 0.435556 0.327127
threshold=0.0087328002765062838 0.0007829914995917121 -0.0057990364838800259 0.012289248411878636 0.35056471235939896 -0.020250999464788529 0.015296140057879161
decision_type=2 2 2 2 2 10 2
left_child=1 -1 5 -4 6 -2 -5
right_child=2 -3 3 4 -6 -7 -8
leaf_value=0.00011827164755421092 1.267492373086859e-05 -0.000143826044528629 0.00013181880672844139 1.094197758752033e-05 -0.00045412741115381154 -0.00089711913468583338 0.00024987330007213501
leaf_weight=35 45 32 360 116 48 30 53
leaf_count=35 45 32 360 116 48 30 53
internal_value=0.00096662 -0.00395522 0.00147239 0.00214038 0.000161291 -0.00366667 0.00174556
internal_weight=719 67 652 577 217 75 169
internal_count=719 67 652 577 217 75 169
is_linear=0
shrinkage=0.05


Tree=15
num_leaves=8
num_cat=0
split_feature=8 8 4 3 10 10 10
split_gain=0.598343 0.921722 0.602215 0.560706 0.475809 0.660092 0.513229
threshold=0.0029505429462395321 -0.0069749714783721153 0.013897404767834036 -0.008330351855776073 0.0017576081132453238 -0.00038722571471944128 0.010263940972428777
decision_type=10 10 2 2 2 2 2
left_child=1 3 -2 -1 5 -5 -6
right_child=2 -3 -4 4 6 -7 -8
leaf_value=-0.00049908699768921579 -3.0828035851929888e-05 -0.0007803291866852821 0.00020485925256259735 2.1356225771983208e-05 0.00014140957181083195 -0.00064247379285571377 -0.00054512561473474676
leaf_weight=31 84 33 288 127 109 38 33
leaf_count=31 84 33 288 127 109 38 33
internal_value=0.000760431 -0.000660377 0.00217742 0.000118343 0.000765472 -0.00106061 0.00288732
internal_weight=743 371 372 338 307 165 142
internal_count=743 371 372 338 307 165 142
is_linear=0
shrinkage=0.05


Tree=16
num_leaves=8
num_cat=0
split_feature=12 15 13 1 1 15 12
split_gain=0.529269 1.13591 0.413926 0.387171 0.417778 0.318111 0.733265
threshold=0.044995713413884093 0.0075263784750352345 25.319999694824222 0.018845691565964721 -0.016632238041403621 -0.0068420800183306976 1.0000000180025095e-35
decision_type=2 2 2 2 2 2 2
left_child=2 3 5 4 -2 6 -1
right_child=1 -3 -4 -5 -6 -7 -8
leaf_value=0.00021743498359935254 -0.00048276569432836115 -0.00099785921718055287 -0.00073441922009043594 -4.3491698998990682e-05 0.00036444376480173978 7.3405745531308786e-05 -0.0001499183702578174
leaf_weight=45 25 28 33 25 47 497 57
leaf_count=45 25 28 33 25 47 497 57
internal_value=0.000772787 -0.0022 0.00136076 0.000360825 0.00222222 0.0016611 -0.000882353
internal_weight=757 125 632 97 72 599 102
internal_count=757 125 632 97 72 599 102
is_linear=0
shrinkage=0.05


Tree=17
num_leaves=8
num_cat=0
split_feature=4 2 5 3 3 16 8
split_gain=0.463332 0.529791 0.5192 0.964543 0.577883 0.762463 0.990476
threshold=0.030843820692747218 -0.086370398950879376 0.0087328002765062838 0.0007829914995917121 -0.0012028405641159032 -0.011546932244346607 -0.008201186866561681
decision_type=2 2 2 2 2 2 8
left_child=2 -2 3 -1 5 6 -4
right_child=1 -3 4 -5 -6 -7 -8
leaf_value=0.00033482115849242108 5.319062488154123e-05 -0.0010619304941749429 -0.0004934078775077356 -0.00014889353889576464 0.00010118711107203569 8.4965698695630551e-05 4.0620199366005761e-05
leaf_weight=38 34 25 30 31 398 155 35
leaf_count=38 34 25 30 31 398 155 35
internal_value=0.00077748 -0.00347458 0.00114265 -0.00297101 0.00160194 -0.000454545 -0.005
internal_weight=746 59 687 69 618 220 65
internal_count=746 59 687 69 618 220 65
is_linear=0
shrinkage=0.05


Tree=18
num_leaves=8
num_cat=0
split_feature=3 6 6 2 2 0 9
split_gain=0.653219 0.632471 0.834754 0.627141 2.05547 0.666712 0.916005
threshold=-0.0091407749324183812 -0.12805276557682835 -0.90268181085191168 -0.045339221485529872 -0.065551673101242255 0.0044040386710891841 -0.22090685967768278
decision_type=2 2 2 2 2 2 10
left_child=-1 2 -2 4 -3 6 -5
right_child=1 3 -4 5 -6 -7 -8
leaf_value=-0.00061224538595782178 -2.956052722117893e-05 0.00012241857974883109 0.00025222888118059156 0.0001296030915113937 -0.00076510476078758317 0.00019556964233745632 -0.00017127831002836777
leaf_weight=31 114 42 281 39 31 109 106
leaf_count=31 114 42 281 39 31 109 106
internal_value=0.000816733 0.00112188 0.00246835 -0.000504587 -0.00458904 0.000669292 -0.00155172
internal_weight=753 722 395 327 73 254 145
internal_count=753 722 395 327 73 254 145
is_linear=0
shrinkage=0.05


Tree=19
num_leaves=8
num_cat=0
split_feature=14 5 3 4 1 15 1
split_gain=0.641512 0.584293 1.22727 0.759261 0.728532 0.81986 0.697314
threshold=0.15436855290822041 0.0087328002765062838 0.0007829914995917121 0.019290715278975561 0.035199573234213528 1.0000000180025095e-35 0.013155935400201215
decision_type=2 2 2 2 2 2 2
left_child=1 2 -1 -3 5 -5 -7
right_child=-2 3 -4 4 -6 6 -8
leaf_value=0.00029251268617001461 -0.00062240998282172145 0.00012991197971290837 -0.00012079334046981066 0.00015418149354029263 -4.1711167439237403e-05 -0.00035549690930918422 0.00037090952726569524
leaf_weight=33 25 395 33 106 26 96 25
leaf_count=33 25 395 33 106 26 96 25
internal_value=0.000872801 0.00114846 -0.00333333 0.00160494 -0.000533597 0.00037445 -0.00243802
internal_weight=739 714 66 648 253 227 121
internal_count=739 714 66 648 253 227 121
is_linear=0
shrinkage=0.05


Tree=20
num_leaves=8
num_cat=0
split_feature=13 5 2 9 12 11 15
split_gain=0.697024 0.724889 0.749226 0.594342 0.726703 0.465517 0.625475
threshold=25.010000228881839 0.0087328002765062838 0.029412633575663153 -0.16246881525544596 1.0000000180025095e-35 0.0025776305361616685 0.0022413875481644978
decision_type=2 2 2 8 2 2 2
left_child=1 2 -1 4 -3 -6 -7
right_child=-2 3 -4 -5 5 6 -8
leaf_value=9.5546273287852861e-05 -0.00067023565581370622 0.00012568627938346842 -9.9431958567545954e-05 0.00011974745805377926 -0.00046697187542302167 2.5808574057105068e-05 -0.00050720464580468342
leaf_weight=34 38 34 38 520 29 33 25
leaf_count=34 38 34 38 520 29 33 25
internal_value=0.0010719 0.00142356 -0.00333333 0.00195788 -0.00119835 -0.00362069 -0.00103448
internal_weight=751 713 72 641 121 87 58
internal_count=751 713 72 641 121 87 58
is_linear=0
shrinkage=0.05


Tree=21
num_leaves=8
num_cat=0
split_feature=13 6 11 16 6 14 12
split_gain=0.637565 0.684587 1.07572 0.963125 0.705014 0.598777 0.409168
threshold=25.010000228881839 0.069774637808621615 -0.00023800871931395348 0.00029037081647276258 -0.75730698020787768 0.003286853869637119 0.040854121966551922
decision_type=2 2 2 2 2 2 2
left_child=1 4 -3 -4 6 -5 -1
right_child=-2 2 3 5 -6 -7 -8
leaf_value=4.4707118664690112e-05 -0.00064227230469453874 0.00013003876584371594 -0.00043577258468387799 0.0001219433877435253 0.00020321060383350211 -0.00061461250217661589 -8.8974338665168343e-05
leaf_weight=125 37 111 48 73 272 41 41
leaf_count=125 37 111 48 73 272 41 41
internal_value=0.000588235 0.000921238 -0.00104396 -0.00364198 0.00214612 -0.00114035 -0.000421687
internal_weight=748 711 273 162 438 114 166
internal_count=748 711 273 162 438 114 166
is_linear=0
shrinkage=0.05


Tree=22
num_leaves=8
num_cat=0
split_feature=13 9 12 0 1 5 1
split_gain=0.749154 0.698608 1.1946 0.547201 0.517321 0.570242 0.729788
threshold=25.010000228881839 0.18474855024347905 0.025521140781716415 -0.020691036959825545 0.041534688225435386 0.0087328002765062838 0.0062105345428926659
decision_type=2 10 2 2 2 2 2
left_child=1 3 -3 -1 5 -5 -7
right_child=-2 2 -4 4 -6 6 -8
leaf_value=-0.0004120552246779004 -0.0006268039844743652 0.00019565374406185234 -0.00037769835798529325 -2.7417868594617935e-05 -3.5873007854621888e-05 2.0655355546870782e-05 0.000213228058286373
leaf_weight=36 34 25 26 58 31 279 253
leaf_count=36 34 25 26 58 31 279 253
internal_value=0.000485175 0.000833334 -0.00480392 0.00127093 0.00161836 0.00194915 0.00246241
internal_weight=742 708 51 657 621 590 532
internal_count=742 708 51 657 621 590 532
is_linear=0
shrinkage=0.05


Tree=23
num_leaves=8
num_cat=0
split_feature=5 9 11 12 5 9 6
split_gain=0.95175 0.620118 0.742749 0.445145 0.356796 0.813846 0.500832
threshold=0.014521578770222214 -0.21208914612271609 0.015980526956462796 0.018878595009899749 0.0087328002765062838 0.17300332960016665 -0.30590240890205739
decision_type=2 10 2 2 2 8 2
left_child=4 3 -3 -2 5 -1 -6
right_child=1 2 -4 -5 6 -7 -8
leaf_value=-6.8240579467888899e-05 0.00015083888006422926 -0.00088056623257963822 -0.000196421560921769 -0.00022584398713828519 0.0002278672619666186 0.00011972440885100688 1.7642863344127622e-05
leaf_weight=25 47 28 25 37 254 40 295
leaf_count=25 47 28 25 37 254 40 295
internal_value=0.000739015 -0.0030292 -0.00726415 -0.000357143 0.0015798 -0.00192308 0.00199454
internal_weight=751 137 53 84 614 65 549
internal_count=751 137 53 84 614 65 549
is_linear=0
shrinkage=0.05


Tree=24
num_leaves=8
num_cat=0
split_feature=4 15 6 4 8 15 5
split_gain=0.576509 0.527095 0.5232 0.915096 0.882667 0.775357 0.332824
threshold=0.030843820692747218 0.0012945369088965821 -0.11214188422418808 0.018592692746434495 -0.0089898966931062901 1.0000000180025095e-35 0.0086827888286138289
decision_type=2 2 2 2 10 2 2
left_child=2 -2 -1 6 5 -5 -4
right_child=1 -3 3 4 -6 -7 -8
leaf_value=0.00013742380651971366 0.00011519181811215139 -0.00062281227168609608 -1.3868955590591136e-05 0.00010612342747115074 -0.0004056817936105537 -0.00029853417452284928 6.0763496301010692e-05
leaf_weight=374 27 30 33 43 32 42 168
leaf_count=374 27 30 33 43 32 42 168
internal_value=0.00106142 -0.00377193 0.00145954 -3.14464e-05 -0.00354701 -0.000882353 0.00201493
internal_weight=749 57 692 318 117 85 201
internal_count=749 57 692 318 117 85 201
is_linear=0
shrinkage=0.05


Tree=25
num_leaves=8
num_cat=0
split_feature=14 6 10 6 2 2 5
split_gain=0.646214 0.531099 0.637121 0.580285 0.639856 1.45636 0.524999
threshold=0.14228104891203866 -1.0234133640725405 0.0056232321882017109 -0.12805276557682835 -0.046808086873100389 -0.066789437596727438 0.0086827888286138289
decision_type=2 2 2 2 2 2 2
left_child=1 2 -1 -3 5 -5 -6
right_child=-2 3 -4 4 6 -7 -8
leaf_value=4.9620409032772601e-05 -0.00044783926661293882 0.00016969857477841337 -0.00092954324205197472 0.00011526827255211371 -2.3322038022000483e-05 -0.001068959057827074 4.5497656431213058e-05
leaf_weight=66 25 312 30 45 31 28 220
leaf_count=66 25 312 30 45 31 28 220
internal_value=0.000904888 0.00117486 -0.00229167 0.00169811 0.00021605 -0.00390411 0.00141434
internal_weight=757 732 96 636 324 73 251
internal_count=757 732 96 636 324 73 251
is_linear=0
shrinkage=0.05


Tree=26
num_leaves=8
num_cat=0
split_feature=13 9 1 1 9 8 11
split_gain=0.574842 0.642422 0.612037 0.517513 0.485516 0.61464 0.476074
threshold=24.630000114440922 0.18474855024347905 0.041534688225435386 0.0033626373626373112 0.012324975745421242 -0.039512568591677226 0.011742981145945632
decision_type=2 10 2 2 8 10 2
left_child=1 2 3 4 5 6 -1
right_child=-2 -3 -4 -5 -6 -7 -8
leaf_value=3.7776397360302898e-05 -0.00052795257062479355 -0.00019039012986350742 -3.2842479938676564e-05 0.00019993907527623403 8.3931569281711269e-05 -0.000664121576261793 -0.00044081037210671445
leaf_weight=57 41 49 29 308 184 37 32
leaf_count=57 41 49 29 308 184 37 32
internal_value=0.000997286 0.00133621 0.00175425 0.00208738 0.000645161 -0.00174603 0.000505618
internal_weight=737 696 647 618 310 126 89
internal_count=737 696 647 618 310 126 89
is_linear=0
shrinkage=0.05


end of trees

feature_importances:
parkinson_20=27
dvol_z_20=27
dist_ma200=15
dist_ma50=14
overnight_gap=13
ret_1d=12
ret_5d=12
spy_ret_20d=11
atr_pct=10
vix_level=10
sector_ret_1d=9
spy_ret_5d=7
ret_20d=6
spy_ret_1d=5
vix_chg_1d=5
sector_ret_5d=4
dist_ma20=2

parameters:
[boosting: gbdt]
[objective: quantile]
[metric: quantile]
[tree_learner: serial]
[device_type: cpu]
[data_sample_strategy: bagging]
[data: ]
[valid: ]
[num_iterations: 80]
[learning_rate: 0.05]
[num_leaves: 8]
[num_threads: 1]
[seed: 0]
[deterministic: 0]
[force_col_wise: 1]
[force_row_wise: 0]
[histogram_pool_size: -1]
[max_depth: -1]
[min_data_in_leaf: 25]
[min_sum_hessian_in_leaf: 0.001]
[bagging_fraction: 0.9]
[pos_bagging_fraction: 1]
[neg_bagging_fraction: 1]
[bagging_freq: 1]
[bagging_seed: 3]
[bagging_by_query: 0]
[feature_fraction: 0.9]
[feature_fraction_bynode: 1]
[feature_fraction_seed: 2]
[extra_trees: 0]
[extra_seed: 6]
[early_stopping_round: 0]
[early_stopping_min_delta: 0]
[first_metric_only: 0]
[max_delta_step: 0]
[lambda_l1: 0]
[lambda_l2: 0]
[linear_lambda: 0]
[min_gain_to_split: 0]
[drop_rate: 0.1]
[max_drop: 50]
[skip_drop: 0.5]
[xgboost_dart_mode: 0]
[uniform_drop: 0]
[drop_seed: 4]
[top_rate: 0.2]
[other_rate: 0.1]
[min_data_per_group: 100]
[max_cat_threshold: 32]
[cat_l2: 10]
[cat_smooth: 10]
[max_cat_to_onehot: 4]
[top_k: 20]
[monotone_constraints: ]
[monotone_constraints_method: basic]
[monotone_penalty: 0]
[feature_contri: ]
[forcedsplits_filename: ]
[refit_decay_rate: 0.9]
[cegb_tradeoff: 1]
[cegb_penalty_split: 0]
[cegb_penalty_feature_lazy: ]
[cegb_penalty_feature_coupled: ]
[path_smooth: 0]
[interaction_constraints: ]
[verbosity: -1]
[saved_feature_importance_type: 0]
[use_quantized_grad: 0]
[num_grad_quant_bins: 4]
[quant_train_renew_leaf: 0]
[stochastic_rounding: 1]
[linear_tree: 0]
[max_bin: 255]
[max_bin_by_feature: ]
[min_data_in_bin: 3]
[bin_construct_sample_cnt: 200000]
[data_random_seed: 1]
[is_enable_sparse: 1]
[enable_bundle: 1]
[use_missing: 1]
[zero_as_missing: 0]
[feature_pre_filter: 1]
[pre_partition: 0]
[two_round: 0]
[header: 0]
[label_column: ]
[weight_column: ]
[group_column: ]
[ignore_column: ]
[categorical_feature: ]
[forcedbins_filename: ]
[precise_float_parser: 0]
[parser_config_file: ]
[objective_seed: 5]
[num_class: 1]
[is_unbalance: 0]
[scale_pos_weight: 1]
[sigmoid: 1]
[boost_from_average: 1]
[reg_sqrt: 0]
[alpha: 0.1]
[fair_c: 1]
[poisson_max_delta_step: 0.7]
[tweedie_variance_power: 1.5]
[lambdarank_truncation_level: 30]
[lambdarank_norm: 1]
[label_gain: ]
[lambdarank_position_bias_regularization: 0]
[eval_at: ]
[multi_error_top_k: 1]
[auc_mu_weights: ]
[num_machines: 1]
[local_listen_port: 12400]
[time_out: 120]
[machine_list_filename: ]
[machines: ]
[gpu_platform_id: -1]
[gpu_device_id: -1]
[gpu_device_id_list: ]
[gpu_use_dp: 0]
[num_gpu: 1]

end of parameters

pandas_categorical:[]
