tree
version=v4
num_class=1
num_tree_per_iteration=1
label_index=0
max_feature_idx=16
objective=quantile
feature_names=ret_1d ret_5d ret_20d overnight_gap atr_pct parkinson_20 dvol_z_20 dist_ma20 dist_ma50 dist_ma200 spy_ret_1d spy_ret_5d spy_ret_20d vix_level vix_chg_1d sector_ret_1d sector_ret_5d
feature_infos=[-0.20849643660022377:0.25159943825828535] [-0.19287701294250215:0.32104791983603609] [-0.35242628331990378:0.64935583159254207] [-0.15824318040522745:0.15850555477751427] [0.015748865801588931:0.095703905098349043] [0.010437026474192767:0.045683436301023436] [-1.8868243811386687:4.3110226192213759] [-0.2640482371651609:0.31839719861535531] [-0.33207789168834623:0.40152459033033616] [-0.27643326354464415:0.65786329532246501] [-0.058542971330535654:0.10501930183911301] [-0.11496151859245618:0.082843162776128354] [-0.1226559005192206:0.15756591020035837] [11.859999656677246:52.330001831054688] [-0.35753873962348437:0.74039073966007019] [-0.055625943886246643:0.039932904849798945] [-0.11091775398112247:0.072664397618361631]
tree_sizes=830 863 861 858 857 854 856 861 858 861 853 870 868 857 858 862 871 867 863 868 856 872

Tree=0
num_leaves=8
num_cat=0
split_feature=5 6 8 16 12 16 6
split_gain=3.16193 1.9556 1.48996 1.7008 1.29183 1.201 0.943486
threshold=0.025246618838679971 0.21547791272195024 0.10116419478842688 0.0067823443980350459 0.0011335726897910849 -0.01927597053640517 1.9951461025660284
decision_type=2 2 10 2 2 2 2
left_child=6 5 3 4 -3 -2 -1
right_child=1 2 -4 -5 -6 -7 -8
leaf_value=-0.042932991153572665 -0.044840254128422498 -0.04517370841383276 -0.043452457738511877 -0.045776152228863776 -0.043602958343741977 -0.043506440070735383 -0.043852490149090928
leaf_weight=382 30 27 37 27 29 179 27
leaf_count=382 30 27 37 27 29 179 27
internal_value=-0.0435705 -0.0472195 -0.0523069 -0.0560268 -0.0510569 -0.0442985 -0.0406352
internal_weight=738 329 120 83 56 209 409
internal_count=738 329 120 83 56 209 409
is_linear=0
shrinkage=1


Tree=1
num_leaves=8
num_cat=0
split_feature=5 0 14 11 9 10 8
split_gain=3.37461 1.95382 1.05921 1.17701 1.09667 0.928319 0.547868
threshold=0.025475866663630411 -0.040693057873121212 -0.0092975524944055015 0.010681945196443056 0.31571300715746703 0.0062107996650884187 1.0000000180025095e-35
decision_type=2 2 2 2 10 2 10
left_child=-1 -2 3 4 5 -3 -4
right_child=1 2 6 -5 -6 -7 -8
leaf_value=0.00057067946985664864 -0.0012895583488469198 -0.0021854571965827445 0.00038822641202869608 -3.7650846691870966e-05 -0.00029560721110065045 -0.0016559764120488579 -0.00036511299337431798
leaf_weight=416 31 34 58 58 26 27 75
leaf_count=416 31 34 58 58 26 27 75
internal_value=-0.000103448 -0.00406149 -0.00273381 -0.00568965 -0.00936782 -0.0130328 0.000488722
internal_weight=725 309 278 145 87 61 133
internal_count=725 309 278 145 87 61 133
is_linear=0
shrinkage=0.05


Tree=2
num_leaves=8
num_cat=0
split_feature=0 5 6 16 6 5 0
split_gain=2.50815 1.7085 0.839444 0.503063 0.60842 0.691732 0.804103
threshold=-0.048306012280789394 0.017836682556894603 1.5267903115144763 -0.021595765399604835 -0.57470697407720561 0.03002876600568705 0.0035288650876385001
decision_type=2 2 2 2 2 2 2
left_child=-1 -2 3 -3 -5 -6 -7
right_child=1 2 -4 4 5 6 -8
leaf_value=-0.0013006711126645866 0.0009341812083263429 -0.00068586279807510706 -0.00076310036108277485 0.00015688410370849222 -2.2555085176682592e-05 -0.0021782417645562131 1.4909872025213253e-05
leaf_weight=28 217 49 38 162 189 25 27
leaf_count=28 217 49 38 162 189 25 27
internal_value=3.40138e-05 0.000615276 -0.00102041 -0.000420354 0.000161291 -0.00143154 -0.00653846
internal_weight=735 707 490 452 403 241 52
internal_count=735 707 490 452 403 241 52
is_linear=0
shrinkage=0.05


Tree=3
num_leaves=8
num_cat=0
split_feature=2 0 14 11 4 12 8
split_gain=1.81196 2.0372 1.13874 1.08036 1.04257 0.73541 0.886427
threshold=-0.043561094177608721 -0.036160725586579949 -0.011027468798592786 0.0045205880839305221 0.034456689040269994 0.044995709916922373 0.02351884637953228
decision_type=2 2 2 2 2 2 10
left_child=1 -1 3 -3 -2 6 -6
right_child=4 2 -4 -5 5 -7 -8
leaf_value=-0.0022502197307972178 0.00079654173897369506 -0.0022430004927513673 0.00057180032287596405 0.00015630763183519352 0.00037744755150456738 0.00043333174035047642 -0.00048352716774310877
leaf_weight=28 259 48 71 36 84 53 154
leaf_count=28 259 48 71 36 84 53 154
internal_value=0.000293315 -0.00401639 -0.00177419 -0.00571429 0.00172727 -0.00032646 -0.0015126
internal_weight=733 183 155 84 550 291 238
internal_count=733 183 155 84 550 291 238
is_linear=0
shrinkage=0.05


Tree=4
num_leaves=8
num_cat=0
split_feature=5 12 6 12 5 6 13
split_gain=2.78661 1.76004 2.04202 0.880096 0.811191 0.77853 0.378908
threshold=0.028031687684765983 0.0090147692043446321 -0.35936041651592882 -0.018675976456826889 0.017836682556894603 1.5267903115144763 15.025000095367433
decision_type=2 2 2 2 2 2 2
left_child=4 2 -2 -4 -1 6 -6
right_child=1 -3 3 -5 5 -7 -8
leaf_value=0.00089945495079637452 -0.00041173879346315914 0.00010349016504885322 -0.00090464863434350576 -0.001438836991605073 -0.00026093702616158899 -0.00044633446703209838 0.00041419941713582243
leaf_weight=213 51 108 31 37 79 29 183
leaf_count=213 51 108 31 37 79 29 183
internal_value=0.000348837 -0.0042511 -0.00844538 -0.0141176 0.00242064 0.000704468 0.00156489
internal_weight=731 227 119 68 504 291 262
internal_count=731 227 119 68 504 291 262
is_linear=0
shrinkage=0.05


Tree=5
num_leaves=8
num_cat=0
split_feature=5 6 12 5 9 9 1
split_gain=2.4976 1.76851 1.44676 0.890958 0.52524 1.40449 0.604688
threshold=0.030115083973717292 -0.43130158213857533 0.0090147692043446321 0.018413356226239578 0.24394935750740057 0.33271110849097313 -0.025154065452579474
decision_type=2 2 2 2 8 8 2
left_child=3 -2 -3 -1 -5 -6 -7
right_child=1 2 -4 4 5 6 -8
leaf_value=0.00081136440654306675 5.3930163261084685e-05 -0.0017139679346830521 -4.7725864238844926e-05 0.00011280091336252853 -0.0011739329697634986 -0.00033840161745234896 0.00016888748951349229
leaf_weight=223 60 48 25 223 26 27 95
leaf_count=223 60 48 25 223 26 27 95
internal_value=0.000667125 -0.00552632 -0.0107534 0.00205387 0.000552561 -0.00175676 0.000491803
internal_weight=727 133 73 594 371 148 122
internal_count=727 133 73 594 371 148 122
is_linear=0
shrinkage=0.05


Tree=6
num_leaves=8
num_cat=0
split_feature=7 4 6 12 13 14 13
split_gain=2.03852 1.11382 1.27112 0.571709 0.458208 1.0906 0.557908
threshold=-0.10368459995596206 0.030214133989633775 1.5267903115144763 0.045723592601736203 20.865000724792484 0.0045608735277805632 18.595000267028812
decision_type=2 2 2 2 2 2 2
left_child=-1 -2 3 4 6 -6 -3
right_child=1 2 -4 -5 5 -7 -8
leaf_value=-0.0014376980510350506 0.00067147407757336963 -0.00017103626130904304 -0.00062518696725530072 0.00045581961350292261 -0.0020472758285178232 0.0003843099156978029 0.00081313127925350186
leaf_weight=42 231 240 44 56 37 28 54
leaf_count=42 231 240 44 56 37 28 54
internal_value=0.000218579 0.000869565 -0.000555555 0.000301205 -0.000431755 -0.00423077 0.000408163
internal_weight=732 690 459 415 359 65 294
internal_count=732 690 459 415 359 65 294
is_linear=0
shrinkage=0.05


Tree=7
num_leaves=8
num_cat=0
split_feature=5 6 2 8 8 0 9
split_gain=1.5714 1.18754 0.692619 1.47137 0.686411 0.66847 0.666667
threshold=0.017836682556894603 1.6706019678108122 -0.056948817559117286 -0.041563570039184032 -0.097868564712073822 0.041276047777411125 -0.10254760444767584
decision_type=2 2 2 10 8 2 10
left_child=-1 2 3 4 6 -4 -2
right_child=1 -3 5 -5 -6 -7 -8
leaf_value=0.00073505720388512765 0.00057692779801647828 -0.00030602635099899998 0.00013630393515985266 -0.0021548168952921234 0.00070402266776849035 -0.00032153920715270864 -0.0016921524302690256
leaf_weight=222 27 39 313 27 48 26 27
leaf_count=222 27 39 313 27 48 26 27
internal_value=0.000816187 -0.000719921 -2.13673e-05 -0.00313953 -0.000392157 0.00116519 -0.00425926
internal_weight=729 507 468 129 102 339 54
internal_count=729 507 468 129 102 339 54
is_linear=0
shrinkage=0.05


Tree=8
num_leaves=8
num_cat=0
split_feature=0 14 13 10 6 9 1
split_gain=1.1749 0.716827 1.12754 0.762624 0.702498 0.516877 0.501212
threshold=-0.032512438153426353 0.014406301774378962 20.714999198913578 0.0062898398934669872 0.46745620420891021 -0.044363600969669563 0.073533341043715353
decision_type=2 2 2 2 2 10 2
left_child=4 2 5 -4 -1 -2 -3
right_child=1 6 3 -5 -6 -7 -8
leaf_value=7.2000529756348166e-05 0.00069825787889265178 0.00052751802184567169 -0.0019403049193501458 -0.00052960473061997916 -0.0006172253080807019 1.7813752092381954e-05 -0.00043496310983896888
leaf_weight=25 125 202 25 26 41 287 25
leaf_count=25 125 202 25 26 41 287 25
internal_value=0.000767196 0.00137681 0.00024838 -0.00676471 -0.00560606 0.00111651 0.00367841
internal_weight=756 690 463 51 66 412 227
internal_count=756 690 463 51 66 412 227
is_linear=0
shrinkage=0.05


Tree=9
num_leaves=8
num_cat=0
split_feature=6 5 15 15 15 11 10
split_gain=1.4746 1.24451 0.73219 0.446444 0.938211 1.03243 0.364138
threshold=1.9951461025660284 0.023438414836531102 0.013133458696082069 -0.0040478126610009593 -0.0081016909369232542 0.0019507060207528684 0.00038112321022931722
decision_type=2 2 2 2 2 2 2
left_child=1 -1 3 4 6 -6 -3
right_child=-2 2 -4 -5 5 -7 -8
leaf_value=0.0006080731313528394 -0.00055865519935349446 0.00043494747165475375 -0.0015281751276633787 9.2252852192811771e-05 -0.0024245765059535823 9.3028858340396542e-06 -0.0002906286024227642
leaf_weight=310 46 33 25 241 25 26 25
leaf_count=310 46 33 25 241 25 26 25
internal_value=0.000622435 0.00120438 -0.000733333 -0.000142857 -0.00279816 -0.0077451 0.00155172
internal_weight=731 685 375 350 109 51 58
internal_count=731 685 375 350 109 51 58
is_linear=0
shrinkage=0.05


Tree=10
num_leaves=8
num_cat=0
split_feature=5 1 16 5 9 8 8
split_gain=1.36035 0.946587 1.20517 0.98 0.76752 0.481428 0.732322
threshold=0.025475866663630411 -0.069998366942556997 0.023759101761293703 0.030207499260675699 0.25017660289489113 0.0016859003081115544 0.077798438160664021
decision_type=2 2 2 2 10 10 10
left_child=4 3 5 -2 -1 -3 -7
right_child=1 2 -4 -5 -6 6 -8
leaf_value=0.00057625764709992751 -3.790225470491067e-05 0.00038798285050234936 -0.0016535351485750479 -0.0013514797647329691 -0.00016015086906122903 -0.001038842441882656 0.00012711717017618976
leaf_weight=341 25 100 41 25 82 44 87
leaf_count=341 25 100 41 25 82 44 87
internal_value=0.000771812 -0.00167702 -0.000514706 -0.008 0.00263593 0.000887446 -0.00110687
internal_weight=745 322 272 50 423 231 131
internal_count=745 322 272 50 423 231 131
is_linear=0
shrinkage=0.05


Tree=11
num_leaves=8
num_cat=0
split_feature=0 16 8 9 14 14 12
split_gain=1.29335 1.83048 0.651263 0.645609 0.635992 0.422532 0.613017
threshold=-0.032512438153426353 0.0035603203907652596 -0.096145024797782183 -0.096369229232763962 -0.0052209332646739317 0.002332059017398858 0.034244074060112324
decision_type=2 2 10 10 2 2 2
left_child=1 -1 4 -4 -2 6 -5
right_child=2 -3 3 5 -6 -7 -8
leaf_value=0.0001534476546261352 -0.0012621943987654392 -0.0024074981036076009 0.00072117307409410756 -0.00026233140945839886 0.00028070798794755297 0.00027340834784446509 0.00023925304325062894
leaf_weight=35 39 25 152 185 31 178 89
leaf_count=35 39 25 152 185 31 178 89
internal_value=0.000367848 -0.00666667 0.000994065 0.00152318 -0.00357143 0.000575221 -0.000656934
internal_weight=734 60 674 604 70 452 274
internal_count=734 60 674 604 70 452 274
is_linear=0
shrinkage=0.05


Tree=12
num_leaves=8
num_cat=0
split_feature=2 8 4 2 1 8 10
split_gain=1.04875 1.40557 0.590947 0.518296 0.596477 0.540901 0.603601
threshold=-0.035298395720995239 -0.0010089184782434699 0.057686955935773249 0.043321567945291191 -0.03291007366102227 0.06436523320116129 -0.00075291424678586283
decision_type=2 8 2 2 2 10 2
left_child=1 2 -1 -2 -5 6 -6
right_child=3 -3 -4 4 5 -7 -8
leaf_value=0.00021909049011505826 0.00053223288431158663 -0.0010545028574917748 -0.0013378296184831462 -0.00014212262037246331 -0.00091816356613448179 0.00022923614635532316 0.00020094644626021202
leaf_weight=123 214 32 35 25 25 220 46
leaf_count=123 214 32 35 25 25 220 46
internal_value=0.000555556 -0.00263158 -0.000696202 0.00169811 0.000411393 0.00104811 -0.00274648
internal_weight=720 190 158 530 316 291 71
internal_count=720 190 158 530 316 291 71
is_linear=0
shrinkage=0.05


Tree=13
num_leaves=8
num_cat=0
split_feature=5 15 6 4 13 4 1
split_gain=1.25645 0.811361 0.748011 1.15775 0.817415 0.694403 1.31365
threshold=0.025087835484200939 -0.002482920037902014 -0.43130158213857533 0.053620011214003296 15.684999942779543 0.042746697789459401 -0.051497795164209374
decision_type=2 2 2 2 2 2 2
left_child=-1 5 -3 4 -4 -2 -7
right_child=1 2 3 -5 -6 6 -8
leaf_value=0.00040526849273658013 -0.0014486436608928425 0.00023574959538233474 -0.00052574672218892455 -0.0011939873249391473 0.00017426074535126864 -0.00055051562170518116 0.00037178329865116748
leaf_weight=401 26 94 30 27 62 35 58
leaf_count=401 26 94 30 27 62 35 58
internal_value=0.000497954 -0.00177711 7.04227e-05 -0.00256302 0.000108696 -0.00508403 -0.00306452
internal_weight=733 332 213 119 92 119 93
internal_count=733 332 213 119 92 119 93
is_linear=0
shrinkage=0.05


Tree=14
num_leaves=8
num_cat=0
split_feature=4 6 5 3 13 14 4
split_gain=1.09782 0.909792 0.687549 0.645882 0.76589 0.911681 0.641026
threshold=0.057388764172515282 -0.3806796291153996 0.017836682556894603 0.012442068066254254 15.355000019073488 -0.024970108459849868 0.037104076631732159
decision_type=2 2 2 2 2 2 2
left_child=2 -2 -1 4 5 -4 -7
right_child=1 -3 3 -5 -6 6 -8
leaf_value=0.00066402302248996846 0.00016200549397740816 -0.0010882729449378336 -0.00095721260997006668 0.00055587242764546603 1.1881317231882048e-05 0.00097667232330822225 -0.00046019417934154891
leaf_weight=214 28 39 30 76 259 26 52
leaf_count=214 28 39 30 76 259 26 52
internal_value=0.000649171 -0.00544776 0.00127093 0.000146727 -0.000722071 -0.00425926 -0.00141026
internal_weight=724 67 657 443 367 108 78
internal_count=724 67 657 443 367 108 78
is_linear=0
shrinkage=0.05


Tree=15
num_leaves=8
num_cat=0
split_feature=5 15 12 7 9 7 2
split_gain=0.973831 0.768261 0.402412 0.819244 0.474493 1.17247 0.469444
threshold=0.023085970964641541 0.013328073335791115 -0.013091202195066818 0.0037719495236513416 0.16337752792228669 -0.027741394911404146 0.049600848240551783
decision_type=2 2 2 2 10 2 2
left_child=-1 2 3 -2 -4 -6 -7
right_child=1 -3 4 -5 5 6 -8
leaf_value=0.00039382554390241832 1.6935284403812824e-06 -0.0010441712350795806 0.00013916276660678285 -0.002488334038110948 -0.00074328035939661698 0.00067184076200125316 -7.4783263875379845e-05
leaf_weight=312 58 29 95 25 25 60 120
leaf_count=312 58 29 95 25 25 60 120
internal_value=0.000649171 -0.000946602 -0.00035248 -0.00343373 0.0005 -0.000853658 0.000555556
internal_weight=724 412 383 83 300 205 180
internal_count=724 412 383 83 300 205 180
is_linear=0
shrinkage=0.05


Tree=16
num_leaves=8
num_cat=0
split_feature=4 11 4 15 12 8 2
split_gain=0.978484 0.684739 0.952901 0.582653 0.473595 0.45157 0.975034
threshold=0.026817602713073822 0.029850216703313229 0.057388764172515282 0.0014972501504338933 0.057983808616644879 -0.0096368668625217962 -0.030647163486745174
decision_type=2 2 2 2 2 8 2
left_child=-1 2 4 -4 5 -2 -7
right_child=1 -3 3 -5 -6 6 -8
leaf_value=0.00054690061690950385 7.7507120468910674e-05 0.00068002120520071563 -6.0839557396221008e-05 -0.0012177106026283488 0.00038479520893633791 -0.0007723674145379163 -2.7456750533566546e-05
leaf_weight=179 130 49 32 25 37 38 247
leaf_count=179 130 49 32 25 37 38 247
internal_value=0.000386703 -0.000645161 -0.0011886 -0.0072807 -0.000420354 -0.000903614 -0.00201754
internal_weight=737 558 509 57 452 415 285
internal_count=737 558 509 57 452 415 285
is_linear=0
shrinkage=0.05


Tree=17
num_leaves=8
num_cat=0
split_feature=5 6 4 1 11 5 2
split_gain=1.29549 0.6344 0.923263 0.853333 0.515191 0.636497 0.577831
threshold=0.023085970964641541 -0.57470697407720561 0.057388764172515282 -0.0095529925393940656 -0.0086028412340181642 0.02434082404544103 -0.067193471198614116
decision_type=2 2 2 2 2 2 2
left_child=-1 3 4 -2 -3 -6 -7
right_child=1 2 -4 -5 5 6 -8
leaf_value=0.00040913590039823262 -0.0001604854333656544 6.1627466538189887e-05 -0.0008747502063030611 0.00035065332851586884 -0.00083968230765812046 0.00056237225503840771 -0.00028773452994646382
leaf_weight=320 50 50 41 100 27 28 119
leaf_count=320 50 50 41 100 27 28 119
internal_value=0.000578231 -0.00126506 -0.00273585 0.00133333 -0.00147321 -0.00275862 -0.00146258
internal_weight=735 415 265 150 224 174 147
internal_count=735 415 265 150 224 174 147
is_linear=0
shrinkage=0.05


Tree=18
num_leaves=8
num_cat=0
split_feature=12 6 14 10 6 9 14
split_gain=0.829122 1.16715 0.749235 1.36364 0.630642 0.527061 0.509049
threshold=-0.014960350168733092 0.46745620420891021 -0.011729089558044635 0.0063312196970309884 1.9951461025660284 -0.012824344849039713 0.031034450620846536
decision_type=2 2 2 2 2 10 2
left_child=1 2 3 -1 5 -2 -7
right_child=4 -3 -4 -5 -6 6 -8
leaf_value=-0.0015503813653753524 0.00051044365583946148 -0.0011581811906041072 0.00065712259114930627 0.00031598365598995164 -0.00032155460816913375 4.3767699946420569e-05 0.00018573338085108214
leaf_weight=27 148 37 49 33 38 297 104
leaf_count=27 148 37 49 33 38 297 104
internal_value=0.00118008 -0.00219178 0.000412844 -0.00333333 0.00201874 0.00244991 0.00150873
internal_weight=733 146 109 60 587 549 401
internal_count=733 146 109 60 587 549 401
is_linear=0
shrinkage=0.05


Tree=19
num_leaves=8
num_cat=0
split_feature=5 2 16 7 14 14 9
split_gain=1.30267 0.644181 0.672587 0.517016 0.47422 0.443897 0.424466
threshold=0.022543360545222848 -0.056948817559117286 0.0096938712801958333 -0.035630325633355435 -0.0087527259018278496 0.078404529959544514 0.51408026057922895
decision_type=2 2 2 2 2 2 10
left_child=-1 2 4 -3 -2 6 -5
right_child=1 3 -4 5 -6 -7 -8
leaf_value=0.00034351878149489648 -0.00091356935094192855 -0.00038269506794321654 -0.0014785221054970502 5.3718707053512191e-05 0.00037643723018424593 -0.00038970478034205816 -0.0012095801524711148
leaf_weight=310 28 25 46 238 30 36 25
leaf_count=310 28 25 46 238 30 36 25
internal_value=0.000596206 -0.00119159 -0.00461538 -9.25924e-05 -0.00103448 0.00048495 0.00119772
internal_weight=738 428 104 324 58 299 263
internal_count=738 428 104 324 58 299 263
is_linear=0
shrinkage=0.05


Tree=20
num_leaves=8
num_cat=0
split_feature=5 2 12 9 12 14 13
split_gain=0.863432 1.0558 1.56567 0.58621 0.743714 1.00346 0.635224
threshold=0.030207499260675699 0.0024092021107730015 -0.032606247407298776 0.16947828217987485 0.044995709916922373 -0.026973540467474796 14.920000076293947
decision_type=2 2 2 10 2 2 2
left_child=3 2 -2 -1 5 6 -5
right_child=1 -3 -4 4 -6 -7 -8
leaf_value=0.00036027024031097635 -0.00010432415021990795 5.5088177121772278e-05 -0.0012519031472471673 -0.00073940428608088873 0.0003736348943522642 2.9834177055180182e-05 -4.4671972901210413e-05
leaf_weight=316 38 66 29 26 65 155 41
leaf_count=316 38 66 29 26 65 155 41
internal_value=0.00112772 -0.0025188 -0.0069403 0.00193201 0.000296167 -0.00108108 -0.00619403
internal_weight=736 133 67 603 287 222 67
internal_count=736 133 67 603 287 222 67
is_linear=0
shrinkage=0.05


Tree=21
num_leaves=8
num_cat=0
split_feature=2 8 6 4 16 10 3
split_gain=0.726737 1.17344 0.652084 0.636091 0.874465 0.505363 0.854649
threshold=-0.030647163486745174 -0.0010089184782434699 -0.58587806628524375 0.04071418326832317 0.016188258221958244 -0.0043669984596727543 -0.0028855186545894136
decision_type=2 8 2 2 2 2 2
left_child=1 3 -2 -1 -5 -4 -7
right_child=2 -3 5 4 -6 6 -8
leaf_value=0.00040595021992639472 0.00036295901797114556 -0.00087245915276958237 0.00044244372169167348 3.0464514664872929e-05 -0.0021557820034028238 -0.00024900613704846738 3.5445087028760131e-05
leaf_weight=57 177 32 84 85 31 53 213
leaf_count=57 177 32 84 85 31 53 213
internal_value=0.000696721 -0.00182927 0.00167932 -0.000202312 -0.00232759 0.000428572 -0.000639098
internal_weight=732 205 527 173 116 350 266
internal_count=732 205 527 173 116 350 266
is_linear=0
shrinkage=0.05


end of trees

feature_importances:
parkinson_20=19
dvol_z_20=17
dist_ma50=12
spy_ret_20d=12
vix_chg_1d=12
atr_pct=11
dist_ma200=11
ret_20d=10
ret_1d=7
vix_level=7
sector_ret_5d=7
ret_5d=6
spy_ret_1d=6
sector_ret_1d=6
spy_ret_5d=5
dist_ma20=4
overnight_gap=2

parameters:
[boosting: gbdt]
[objective: quantile]
[metric: quantile]
[tree_learner: serial]
[device_type: cpu]
[data_sample_strategy: bagging]
[data: ]
[valid: ]
[num_iterations: 80]
[learning_rate: 0.05]
[num_leaves: 8]
[num_threads: 1]
[seed: 0]
[deterministic: 0]
[force_col_wise: 1]
[force_row_wise: 0]
[histogram_pool_size: -1]
[max_depth: -1]
[min_data_in_leaf: 25]
[min_sum_hessian_in_leaf: 0.001]
[bagging_fraction: 0.9]
[pos_bagging_fraction: 1]
[neg_bagging_fraction: 1]
[bagging_freq: 1]
[bagging_seed: 3]
[bagging_by_query: 0]
[feature_fraction: 0.9]
[feature_fraction_bynode: 1]
[feature_fraction_seed: 2]
[extra_trees: 0]
[extra_seed: 6]
[early_stopping_round: 0]
[early_stopping_min_delta: 0]
[first_metric_only: 0]
[max_delta_step: 0]
[lambda_l1: 0]
[lambda_l2: 0]
[linear_lambda: 0]
[min_gain_to_split: 0]
[drop_rate: 0.1]
[max_drop: 50]
[skip_drop: 0.5]
[xgboost_dart_mode: 0]
[uniform_drop: 0]
[drop_seed: 4]
[top_rate: 0.2]
[other_rate: 0.1]
[min_data_per_group: 100]
[max_cat_threshold: 32]
[cat_l2: 10]
[cat_smooth: 10]
[max_cat_to_onehot: 4]
[top_k: 20]
[monotone_constraints: ]
[monotone_constraints_method: basic]
[monotone_penalty: 0]
[feature_contri: ]
[forcedsplits_filename: ]
[refit_decay_rate: 0.9]
[cegb_tradeoff: 1]
[cegb_penalty_split: 0]
[cegb_penalty_feature_lazy: ]
[cegb_penalty_feature_coupled: ]
[path_smooth: 0]
[interaction_constraints: ]
[verbosity: -1]
[saved_feature_importance_type: 0]
[use_quantized_grad: 0]
[num_grad_quant_bins: 4]
[quant_train_renew_leaf: 0]
[stochastic_rounding: 1]
[linear_tree: 0]
[max_bin: 255]
[max_bin_by_feature: ]
[min_data_in_bin: 3]
[bin_construct_sample_cnt: 200000]
[data_random_seed: 1]
[is_enable_sparse: 1]
[enable_bundle: 1]
[use_missing: 1]
[zero_as_missing: 0]
[feature_pre_filter: 1]
[pre_partition: 0]
[two_round: 0]
[header: 0]
[label_column: ]
[weight_column: ]
[group_column: ]
[ignore_column: ]
[categorical_feature: ]
[forcedbins_filename: ]
[precise_float_parser: 0]
[parser_config_file: ]
[objective_seed: 5]
[num_class: 1]
[is_unbalance: 0]
[scale_pos_weight: 1]
[sigmoid: 1]
[boost_from_average: 1]
[reg_sqrt: 0]
[alpha: 0.1]
[fair_c: 1]
[poisson_max_delta_step: 0.7]
[tweedie_variance_power: 1.5]
[lambdarank_truncation_level: 30]
[lambdarank_norm: 1]
[label_gain: ]
[lambdarank_position_bias_regularization: 0]
[eval_at: ]
[multi_error_top_k: 1]
[auc_mu_weights: ]
[num_machines: 1]
[local_listen_port: 12400]
[time_out: 120]
[machine_list_filename: ]
[machines: ]
[gpu_platform_id: -1]
[gpu_device_id: -1]
[gpu_device_id_list: ]
[gpu_use_dp: 0]
[num_gpu: 1]

end of parameters

pandas_categorical:[]
