tree
version=v4
num_class=1
num_tree_per_iteration=1
label_index=0
max_feature_idx=16
objective=quantile
feature_names=ret_1d ret_5d ret_20d overnight_gap atr_pct parkinson_20 dvol_z_20 dist_ma20 dist_ma50 dist_ma200 spy_ret_1d spy_ret_5d spy_ret_20d vix_level vix_chg_1d sector_ret_1d sector_ret_5d
feature_infos=[-0.13227179072468631:0.094483178685301095] [-0.1411298020520968:0.16317941313464113] [-0.19822184639921614:0.26895163610003814] [-0.13978659826178574:0.11824023155025287] [0.011833419031286053:0.054830072525535588] [0.0072331879700606502:0.02972428292274094] [-2.3919665320604557:4.3122549011563107] [-0.13484919185923405:0.16685209980272053] [-0.19201416938628413:0.16984174412088282] [-0.27737365097727551:0.22102776706171445] [-0.058542971330535654:0.10501930183911301] [-0.11496151859245618:0.082843162776128354] [-0.1226559005192206:0.15756591020035837] [11.859999656677246:52.330001831054688] [-0.35753873962348437:0.74039073966007019] [-0.068247998544687438:0.13425697132599002] [-0.13587196028298487:0.11773217696052685]
tree_sizes=854 847 858 863 858 857 856 860 857 860 847 853 861 861 858 848 856 856 861 867

Tree=0
num_leaves=8
num_cat=0
split_feature=12 16 1 12 14 5 12
split_gain=2.51659 1.67541 2.17812 1.61042 1.54551 1.6994 1.81502
threshold=-0.022997185287748575 0.042768954086001683 0.04223252850398241 -0.029032351633034689 0.032140513417479928 0.013174804278374039 0.01159583409138454
decision_type=2 2 2 2 2 2 2
left_child=3 4 -3 -1 5 -2 -7
right_child=1 2 -4 -5 -6 6 -8
leaf_value=0.00076969647780060772 0.00061673709133174275 0.00097227698424831035 0.00046240560477599501 0.00096539957448840143 0.00070605222717858853 0.00058969563397113232 0.00032044881954789161
leaf_weight=89 205 40 27 27 144 76 130
leaf_count=89 205 40 27 27 144 76 130
internal_value=0.000755562 -0.000505341 0.00696334 0.00751661 -0.00140697 -0.00296875 -0.00617606
internal_weight=738 622 67 116 555 411 206
internal_count=738 622 67 116 555 411 206
is_linear=0
shrinkage=1


Tree=1
num_leaves=8
num_cat=0
split_feature=13 5 16 2 1 11 3
split_gain=3.29299 1.86941 1.78477 2.16039 1.71429 1.5 1.27332
threshold=21.755000114440922 0.019514066604954836 0.042435731261348593 -0.095444803810927001 0.039755439172960323 0.0034471383411551764 -0.010744685990882739
decision_type=2 2 2 2 2 2 2
left_child=2 -2 3 5 -4 -1 -5
right_child=1 -3 4 6 -6 -7 -8
leaf_value=0.00045973968648468141 0.00041141836874885484 8.3337137475609786e-05 0.00031186855805572124 0.00021627960712066854 -0.00014977224578615277 -3.9374514017254335e-07 -0.00010935811602394096
leaf_weight=27 39 44 36 26 27 27 499
leaf_count=27 39 44 36 26 27 27 499
internal_value=-3.44828e-05 0.00933735 -0.00124611 -0.00211572 0.00674603 0.00740741 -0.00309524
internal_weight=725 83 642 579 63 54 525
internal_count=725 83 642 579 63 54 525
is_linear=0
shrinkage=0.05


Tree=2
num_leaves=8
num_cat=0
split_feature=13 5 8 1 11 8 8
split_gain=2.4346 1.51604 2.69298 1.67422 2.08389 3.31692 2.05839
threshold=23.770000457763675 0.017064685734216965 -0.07532017962060715 0.0040056319926810033 -0.0043088808342565113 -0.035490918628685079 -0.020137524668307202
decision_type=2 2 10 2 2 8 10
left_child=1 3 -3 4 5 -1 -7
right_child=-2 2 -4 -5 -6 6 -8
leaf_value=0.00044857309203143815 0.00035073983270558534 0.00028791270823421658 -0.00027749631615006366 7.7665304932452277e-05 -0.00013566700151568513 -0.00032889051485835807 0.00011399763973895463
leaf_weight=46 54 26 81 287 167 26 48
leaf_count=46 54 26 81 287 167 26 48
internal_value=-3.40136e-05 -0.000844347 -0.00630841 0.000174216 -0.00252613 0.0025 -0.00405405
internal_weight=735 681 107 574 287 120 74
internal_count=735 681 107 574 287 120 74
is_linear=0
shrinkage=0.05


Tree=3
num_leaves=8
num_cat=0
split_feature=12 16 4 8 11 0 14
split_gain=1.87077 2.09279 2.1493 2.43306 3.51683 1.80006 1.9822
threshold=-0.024923410474003812 0.054748975145843322 0.031928760710845612 -0.055259854514703603 -0.0038922440129086073 -0.0080054516452617835 0.05244160831962786
decision_type=2 2 2 8 2 2 2
left_child=-1 2 3 4 -2 -5 -7
right_child=1 -3 -4 5 -6 6 -8
leaf_value=0.00013125298659015243 0.00044599739694740491 0.00023960146293720754 -0.00030850286893237353 -0.0002256528903712024 -3.3294325265524099e-05 -6.7679866577600477e-05 0.00045602123457374555
leaf_weight=110 34 35 44 95 64 319 32
leaf_count=110 34 35 44 95 64 319 32
internal_value=-0.000102319 -0.00116372 -0.00187075 -0.00101103 0.00612245 -0.00257848 -0.000925926
internal_weight=733 623 588 544 98 446 351
internal_count=733 623 588 544 98 446 351
is_linear=0
shrinkage=0.05


Tree=4
num_leaves=8
num_cat=0
split_feature=7 16 1 9 4 9 8
split_gain=2.134 1.84214 2.15766 2.10875 1.75239 1.55394 1.66031
threshold=-0.07079952995922921 0.042435731261348593 0.04223252850398241 -0.20474084824332009 0.025515514541268474 -0.046584260336488041 -0.091976483260285666
decision_type=2 2 2 8 2 10 10
left_child=-1 3 -3 -2 5 6 -5
right_child=1 2 -4 4 -6 -7 -8
leaf_value=0.00037782112196601251 0.00022633246932230122 0.00030871341154945186 -0.00014278290541458772 -0.00025367280348789794 -0.00019175139533102084 -0.00010451453293260786 0.00012332159213546218
leaf_weight=46 35 53 27 30 147 202 191
leaf_count=46 35 53 27 30 147 202 191
internal_value=0.000444596 -0.000255474 0.006875 -0.00119835 -0.00192982 -0.000295508 0.00260181
internal_weight=731 685 80 605 570 423 221
internal_count=731 685 80 605 570 423 221
is_linear=0
shrinkage=0.05


Tree=5
num_leaves=8
num_cat=0
split_feature=9 16 7 4 12 16 9
split_gain=2.01617 2.04748 1.61024 1.79057 1.57793 1.56991 1.49948
threshold=-0.20474084824332009 0.054748975145843322 -0.07079952995922921 0.025515514541268474 0.04854639636196257 0.018157040870920075 -0.033966267564738466
decision_type=8 2 2 2 2 2 8
left_child=-1 2 -2 4 6 -6 -4
right_child=1 -3 3 -5 5 -7 -8
leaf_value=0.00025947873015099392 0.00028814717902036113 0.00021218571921287457 0.00014625183388278446 -0.00018877785607245961 -0.00028041572099339737 1.6187523646562116e-05 -1.6524175143848426e-05
leaf_weight=53 33 39 109 147 31 29 286
leaf_count=53 33 39 109 147 31 29 286
internal_value=0.000515818 -0.000222552 -0.000905512 -0.00149502 5.49451e-05 -0.0075 0.00120253
internal_weight=727 674 635 602 455 60 395
internal_count=727 674 635 602 455 60 395
is_linear=0
shrinkage=0.05


Tree=6
num_leaves=8
num_cat=0
split_feature=12 16 6 8 6 3 9
split_gain=2.12807 1.52708 1.61617 2.11177 1.64783 1.21984 1.78489
threshold=-0.023938025174318197 0.045644993431717136 0.042839010154238279 -0.10047416570121724 0.17832609280862002 -0.0014431656010748803 0.10070555573533514
decision_type=2 2 2 8 2 2 8
left_child=-1 2 3 -2 -4 6 -5
right_child=1 -3 4 5 -6 -7 -8
leaf_value=0.00012028533149089729 0.00024937765463779358 0.00020157643325223085 0.00043046171700497908 -0.00019611041869314032 -3.993379580872677e-05 -0.00016144924895232016 0.00030525574998689305
leaf_weight=114 26 59 31 77 169 216 40
leaf_count=114 26 59 31 77 169 216 40
internal_value=-0.000136612 -0.0012945 -0.00210197 -0.00410864 0.0015 -0.00518018 -0.00106838
internal_weight=732 618 559 359 200 333 117
internal_count=732 618 559 359 200 333 117
is_linear=0
shrinkage=0.05


Tree=7
num_leaves=8
num_cat=0
split_feature=12 12 7 6 11 4 9
split_gain=2.12299 2.05342 1.33597 1.62833 3.00357 1.82257 1.69318
threshold=-0.022997185287748575 -0.029032351633034689 -0.051150741902045042 0.042839010154238279 0.023488244118780924 0.02228471548480369 -0.017537483212536949
decision_type=2 2 2 2 2 2 10
left_child=1 -1 -2 4 5 6 -4
right_child=2 -3 3 -5 -6 -7 -8
leaf_value=8.4055517995651778e-05 0.00028668700578342066 0.00031173987924157457 2.4358003623893513e-05 7.0999111474832365e-05 0.00017905954249192158 -0.00025857590364772288 -0.00013800134998563288
leaf_weight=95 54 25 100 195 45 114 101
leaf_count=95 54 25 100 195 45 114 101
internal_value=0.000171468 0.00625 -0.00102627 -0.00175676 -0.00375 -0.00547619 -0.00261194
internal_weight=729 120 609 555 360 315 201
internal_count=729 120 609 555 360 315 201
is_linear=0
shrinkage=0.05


Tree=8
num_leaves=8
num_cat=0
split_feature=7 3 1 8 0 8 15
split_gain=2.08597 1.67542 1.73146 2.76493 1.58129 1.38039 1.4058
threshold=-0.07079952995922921 -0.011657064430383999 -0.026189336243687574 -0.055259854514703603 -0.0082990243712908734 0.078963800039592372 0.018642701672469734
decision_type=2 2 2 8 2 10 2
left_child=-1 -2 3 -3 -5 6 -4
right_child=1 2 5 4 -6 -7 -8
leaf_value=0.00030396708318471474 0.00022932106914672247 8.5894616023133913e-05 1.275954794977919e-05 -0.00033179397366926754 -8.9161799539726807e-05 -0.00027640195054782325 0.0001158241154486969
leaf_weight=51 27 41 472 36 40 51 38
leaf_count=51 27 41 472 36 40 51 38
internal_value=0.000529101 -0.000177305 -0.000663717 -0.00619658 -0.0118421 0.000490196 0.00127451
internal_weight=756 705 678 117 76 561 510
internal_count=756 705 678 117 76 561 510
is_linear=0
shrinkage=0.05


Tree=9
num_leaves=8
num_cat=0
split_feature=13 7 5 12 11 9 11
split_gain=1.77433 1.64329 2.05704 2.5789 1.77697 1.33516 1.43997
threshold=23.770000457763675 0.030488001844594773 0.013174804278374039 0.015760986994464269 0.014617702220924735 -0.076131048726444758 0.011724126443990792
decision_type=2 2 2 2 2 8 2
left_child=1 2 4 -4 -1 -3 -7
right_child=-2 5 3 -5 -6 6 -8
leaf_value=1.2672301343942458e-05 0.00021630984904192778 0.00015234100384194777 7.6187814004827296e-05 -0.00019084820153177082 0.00021342486185801213 -8.9821451480554297e-05 -0.00029092030076484176
leaf_weight=208 56 25 151 121 65 58 47
leaf_count=208 56 25 151 121 65 58 47
internal_value=0.000376197 -0.000333333 0.00087156 -0.00220588 0.00393773 -0.00538462 -0.00785714
internal_weight=731 675 545 272 273 130 105
internal_count=731 675 545 272 273 130 105
is_linear=0
shrinkage=0.05


Tree=10
num_leaves=8
num_cat=0
split_feature=9 16 1 4 2 8 0
split_gain=1.1766 1.70166 2.78983 1.42821 1.40214 1.94266 1.28707
threshold=-0.20474084824332009 0.042435731261348593 0.04223252850398241 0.031928760710845612 -0.095444803810927001 -0.068086282716610366 -0.021871538898601214
decision_type=8 2 2 2 2 8 2
left_child=-1 3 -3 4 -2 -6 -7
right_child=1 2 -4 -5 5 6 -8
leaf_value=0.00016367563631268934 0.00022853551479639947 0.00030209184758839779 -0.00016300118902353995 -0.00018170113021309116 -0.00025075764520173476 -0.0003709484889549506 6.2299614339570479e-06
leaf_weight=53 50 51 30 37 35 25 464
leaf_count=53 50 51 30 37 35 25 464
internal_value=0.000838926 0.000289017 0.00709877 -0.000613748 0 -0.000763359 5.11247e-05
internal_weight=745 692 81 611 574 524 489
internal_count=745 692 81 611 574 524 489
is_linear=0
shrinkage=0.05


Tree=11
num_leaves=8
num_cat=0
split_feature=16 9 16 4 2 2 6
split_gain=1.50276 1.66794 1.27116 1.26849 1.48416 1.74613 1.55725
threshold=0.054748975145843322 -0.20031157537923203 -0.012258631674857854 0.032257957127651268 -0.095444803810927001 -0.11480256299833307 0.015928889859622267
decision_type=2 8 2 2 2 2 2
left_child=1 2 -1 4 5 -3 -6
right_child=-2 3 -4 -5 6 -7 -8
leaf_value=0.0006152814300673169 0.00018174645431383047 -0.00012308572480678967 2.2531487814756568e-05 -0.00030641305037188191 -5.8339576975779638e-05 0.00041186630237238911 6.0618685474465656e-05
leaf_weight=27 42 26 36 29 354 28 192
leaf_count=27 42 26 36 29 354 28 192
internal_value=0.000340599 -0.000216763 0.00753968 -0.000993641 -0.0005 0.00740741 -0.00128205
internal_weight=734 692 63 629 600 54 546
internal_count=734 692 63 629 600 54 546
is_linear=0
shrinkage=0.05


Tree=12
num_leaves=8
num_cat=0
split_feature=12 2 4 9 5 8 12
split_gain=1.26911 1.59319 1.52538 2.17733 1.78487 2.29406 2.28149
threshold=-0.024923410474003812 -0.026722480354793517 0.031928760710845612 -0.19900649767742304 0.013232372896869628 0.069853293513564632 0.025122863139992905
decision_type=2 2 2 8 2 10 2
left_child=1 -1 3 -2 5 6 -5
right_child=2 -3 -4 4 -6 -7 -8
leaf_value=0.00013407645798188105 0.00019290662952168723 0.00018979119247461201 -0.0001601897655555042 -0.00014510298582096675 -5.0259254093014866e-05 -0.00022204486664409591 0.00011661400165903183
leaf_weight=78 25 31 44 96 256 26 164
leaf_count=78 25 31 44 96 256 26 164
internal_value=0.000763889 0.00573394 -0.00012275 0.000573192 -9.22509e-05 0.00262238 0.00403846
internal_weight=720 109 611 567 542 286 260
internal_count=720 109 611 567 542 286 260
is_linear=0
shrinkage=0.05


Tree=13
num_leaves=8
num_cat=0
split_feature=13 3 4 2 5 16 14
split_gain=1.76004 1.41251 1.68917 1.95908 1.29435 2.10905 1.7149
threshold=23.770000457763675 -0.012244741600943463 0.031928760710845612 -0.095444803810927001 0.015810022070733263 0.047487800892439432 0.032140513417479928
decision_type=2 2 2 2 2 2 2
left_child=1 -1 3 -3 5 -5 -6
right_child=-2 2 -4 4 6 -7 -8
leaf_value=0.00023001359538683689 0.00023936523318548219 0.00020779379452021785 -0.00031348670591160573 -2.3171950076700603e-05 -0.00027184332850405108 0.00027524949923171725 0.00010343184423455446
leaf_weight=25 55 50 37 421 85 29 31
leaf_count=25 55 50 37 421 85 29 31
internal_value=3.41064e-05 -0.000663717 -0.00111026 -0.000487013 -0.00132509 -0.000111111 -0.00603448
internal_weight=733 678 653 616 566 450 116
internal_count=733 678 653 616 566 450 116
is_linear=0
shrinkage=0.05


Tree=14
num_leaves=8
num_cat=0
split_feature=16 1 7 0 16 0 6
split_gain=1.67123 1.9415 1.54197 1.22383 1.39017 1.49471 1.54185
threshold=0.042435731261348593 0.03011656033585464 -0.07079952995922921 -0.021871538898601214 -0.045426613673476827 0.024496107490233458 0.015928889859622267
decision_type=2 2 2 2 2 2 2
left_child=2 -2 -1 -4 -5 6 -6
right_child=1 -3 3 4 5 -7 -8
leaf_value=0.00026878810000137784 0.0003001501188587436 2.8966717902976602e-05 -0.0003454717707619815 0.00024803748674866432 -7.2134888146338616e-05 -0.00030463294886567288 8.9300085424133372e-05
leaf_weight=43 28 51 34 25 359 25 159
leaf_count=43 28 51 34 25 359 25 159
internal_value=0.000414365 0.00727848 -0.000426357 -0.00107973 -0.000528169 -0.00105893 -0.000482625
internal_weight=724 79 645 602 568 543 518
internal_count=724 79 645 602 568 543 518
is_linear=0
shrinkage=0.05


Tree=15
num_leaves=8
num_cat=0
split_feature=7 9 16 4 9 9 9
split_gain=2.21402 3.43375 1.77908 1.32133 2.34733 1.38147 2.31881
threshold=0.030488001844594773 -0.012660534035727365 0.04669855087474007 0.030857538385453947 -0.20031157537923203 -0.11568602383993819 -0.06781601333162722
decision_type=2 8 2 2 8 8 8
left_child=2 -2 3 4 -1 -6 -7
right_child=1 -3 -4 -5 5 6 -8
leaf_value=0.0003439552381268042 9.0440028679641732e-05 -0.00023431630801200006 0.00024647951832719423 -0.00010866661632715452 -0.00011534585388130772 0.00035276247380287894 1.537988074490115e-05
leaf_weight=25 57 75 39 73 79 46 330
leaf_count=25 57 75 39 73 79 46 330
internal_value=0.000552486 -0.00530303 0.00185811 0.0011302 0.00208333 0.00126374 0.0025266
internal_weight=724 132 592 553 480 455 376
internal_count=724 132 592 553 480 455 376
is_linear=0
shrinkage=0.05


Tree=16
num_leaves=8
num_cat=0
split_feature=7 16 12 10 4 8 13
split_gain=1.72931 1.34914 1.09461 1.66331 1.08137 1.48228 2.74979
threshold=-0.07079952995922921 0.054748975145843322 -0.024923410474003812 -0.0027244353612394519 0.032257957127651268 -0.055259854514703603 16.775000572204593
decision_type=2 2 2 2 2 8 2
left_child=-1 2 3 -2 5 6 -4
right_child=1 -3 4 -5 -6 -7 -8
leaf_value=0.00028597649457857727 -0.0002389265659385011 0.00013428654875459231 -2.066667606664064e-05 0.00039315973718548293 -0.00015767511002336048 -6.7715599752796876e-05 0.00032675747622046394
leaf_weight=47 34 41 58 47 35 448 27
leaf_count=47 34 41 58 47 35 448 27
internal_value=-0.000237449 -0.000869565 -0.00142527 0.00401235 -0.0022007 -0.00164165 0.00441176
internal_weight=737 690 649 81 568 533 85
internal_count=737 690 649 81 568 533 85
is_linear=0
shrinkage=0.05


Tree=17
num_leaves=8
num_cat=0
split_feature=16 1 9 16 4 9 8
split_gain=1.25099 2.05259 1.30483 1.6005 1.46075 1.06551 1.3394
threshold=0.04669855087474007 0.043862165276092886 -0.20031157537923203 -0.012258631674857854 0.031928760710845612 -0.13546590256908517 -0.050245507478626598
decision_type=2 2 8 2 2 8 8
left_child=2 -2 3 -1 5 -4 -7
right_child=1 -3 4 -5 -6 6 -8
leaf_value=0.00055046355352449908 0.0002526714944773782 -0.00022856667922357976 -0.00029053752286873144 -3.5425949567305957e-05 -0.00014979135452219245 0.00025237708250676441 -1.4991800432625575e-05
leaf_weight=29 42 25 71 32 31 56 449
leaf_count=29 42 25 71 32 31 56 449
internal_value=-0.000170068 0.00634328 -0.000823353 0.00614754 -0.00152389 -0.000954861 -0.000148515
internal_weight=735 67 668 61 607 576 505
internal_count=735 67 668 61 607 576 505
is_linear=0
shrinkage=0.05


Tree=18
num_leaves=8
num_cat=0
split_feature=9 12 10 0 13 4 10
split_gain=1.48934 1.19948 1.5502 1.74728 1.71173 1.79912 2.88443
threshold=-0.21606220606796053 0.04854639636196257 -0.0025714907564299279 0.024496107490233458 21.755000114440922 0.023591869192718138 0.0078106804361979263
decision_type=8 2 2 2 2 2 2
left_child=-1 2 -2 4 5 -4 -7
right_child=1 -3 3 -5 -6 6 -8
leaf_value=0.00067907885072367993 -8.3231514573868246e-05 -0.00013725996687004901 8.7220426703612475e-05 -0.00024876657292359483 0.00015815963516655515 -0.00015698122627615932 0.00029269772600879905
leaf_weight=29 187 93 238 27 29 101 29
leaf_count=29 187 93 238 27 29 101 29
internal_value=0.000102319 -0.000355114 0.000450082 0.00212264 0.0029597 0.00203804 -0.00269231
internal_weight=733 704 611 424 397 368 130
internal_count=733 704 611 424 397 368 130
is_linear=0
shrinkage=0.05


Tree=19
num_leaves=8
num_cat=0
split_feature=16 7 15 4 10 12 14
split_gain=1.24212 1.16165 1.15233 1.76321 2.94826 2.35966 2.06568
threshold=0.053598884894789041 -0.07079952995922921 0.011389500782777008 0.02228471548480369 0.0017576086312266483 0.04760809957201418 0.02559063550932739
decision_type=2 2 2 2 2 2 2
left_child=1 -1 3 4 5 -3 -5
right_child=-2 2 -4 6 -6 -7 -8
leaf_value=0.00021691050681687106 0.00020476203626587625 2.3412589964095245e-05 -7.5930846795595666e-05 -0.00020198249152948678 0.00018189657255898861 -0.00022240481260930793 6.6192485241315369e-05
leaf_weight=46 38 178 118 144 102 25 87
leaf_count=46 38 178 118 144 102 25 87
internal_value=0.000406504 -7.14286e-05 -0.000611621 0.000373134 0.00286885 -0.000615764 -0.00292208
internal_weight=738 700 654 536 305 203 231
internal_count=738 700 654 536 305 203 231
is_linear=0
shrinkage=0.05


end of trees

feature_importances:
sector_ret_5d=18
dist_ma200=17
spy_ret_20d=14
atr_pct=13
dist_ma50=12
dist_ma20=9
ret_5d=8
ret_1d=6
ret_20d=6
parkinson_20=6
spy_ret_5d=6
vix_level=6
dvol_z_20=5
overnight_gap=4
spy_ret_1d=4
vix_chg_1d=4
sector_ret_1d=2

parameters:
[boosting: gbdt]
[objective: quantile]
[metric: quantile]
[tree_learner: serial]
[device_type: cpu]
[data_sample_strategy: bagging]
[data: ]
[valid: ]
[num_iterations: 80]
[learning_rate: 0.05]
[num_leaves: 8]
[num_threads: 1]
[seed: 0]
[deterministic: 0]
[force_col_wise: 1]
[force_row_wise: 0]
[histogram_pool_size: -1]
[max_depth: -1]
[min_data_in_leaf: 25]
[min_sum_hessian_in_leaf: 0.001]
[bagging_fraction: 0.9]
[pos_bagging_fraction: 1]
[neg_bagging_fraction: 1]
[bagging_freq: 1]
[bagging_seed: 3]
[bagging_by_query: 0]
[feature_fraction: 0.9]
[feature_fraction_bynode: 1]
[feature_fraction_seed: 2]
[extra_trees: 0]
[extra_seed: 6]
[early_stopping_round: 0]
[early_stopping_min_delta: 0]
[first_metric_only: 0]
[max_delta_step: 0]
[lambda_l1: 0]
[lambda_l2: 0]
[linear_lambda: 0]
[min_gain_to_split: 0]
[drop_rate: 0.1]
[max_drop: 50]
[skip_drop: 0.5]
[xgboost_dart_mode: 0]
[uniform_drop: 0]
[drop_seed: 4]
[top_rate: 0.2]
[other_rate: 0.1]
[min_data_per_group: 100]
[max_cat_threshold: 32]
[cat_l2: 10]
[cat_smooth: 10]
[max_cat_to_onehot: 4]
[top_k: 20]
[monotone_constraints: ]
[monotone_constraints_method: basic]
[monotone_penalty: 0]
[feature_contri: ]
[forcedsplits_filename: ]
[refit_decay_rate: 0.9]
[cegb_tradeoff: 1]
[cegb_penalty_split: 0]
[cegb_penalty_feature_lazy: ]
[cegb_penalty_feature_coupled: ]
[path_smooth: 0]
[interaction_constraints: ]
[verbosity: -1]
[saved_feature_importance_type: 0]
[use_quantized_grad: 0]
[num_grad_quant_bins: 4]
[quant_train_renew_leaf: 0]
[stochastic_rounding: 1]
[linear_tree: 0]
[max_bin: 255]
[max_bin_by_feature: ]
[min_data_in_bin: 3]
[bin_construct_sample_cnt: 200000]
[data_random_seed: 1]
[is_enable_sparse: 1]
[enable_bundle: 1]
[use_missing: 1]
[zero_as_missing: 0]
[feature_pre_filter: 1]
[pre_partition: 0]
[two_round: 0]
[header: 0]
[label_column: ]
[weight_column: ]
[group_column: ]
[ignore_column: ]
[categorical_feature: ]
[forcedbins_filename: ]
[precise_float_parser: 0]
[parser_config_file: ]
[objective_seed: 5]
[num_class: 1]
[is_unbalance: 0]
[scale_pos_weight: 1]
[sigmoid: 1]
[boost_from_average: 1]
[reg_sqrt: 0]
[alpha: 0.5]
[fair_c: 1]
[poisson_max_delta_step: 0.7]
[tweedie_variance_power: 1.5]
[lambdarank_truncation_level: 30]
[lambdarank_norm: 1]
[label_gain: ]
[lambdarank_position_bias_regularization: 0]
[eval_at: ]
[multi_error_top_k: 1]
[auc_mu_weights: ]
[num_machines: 1]
[local_listen_port: 12400]
[time_out: 120]
[machine_list_filename: ]
[machines: ]
[gpu_platform_id: -1]
[gpu_device_id: -1]
[gpu_device_id_list: ]
[gpu_use_dp: 0]
[num_gpu: 1]

end of parameters

pandas_categorical:[]
