tree
version=v4
num_class=1
num_tree_per_iteration=1
label_index=0
max_feature_idx=16
objective=quantile
feature_names=ret_1d ret_5d ret_20d overnight_gap atr_pct parkinson_20 dvol_z_20 dist_ma20 dist_ma50 dist_ma200 spy_ret_1d spy_ret_5d spy_ret_20d vix_level vix_chg_1d sector_ret_1d sector_ret_5d
feature_infos=[-0.20321637426900596:0.094483195941661435] [-0.27412280701754399:0.16317940584395774] [-0.26207481790538156:0.26895161290322567] [-0.13978664144200958:0.11824019263569774] [0.011835573226998233:0.06380736584664079] [0.00723548620908565:0.033907404494118658] [-2.3920961597724322:4.3122513160684299] [-0.2247577856021985:0.16685205784204671] [-0.20106203234371234:0.16984178791678839] [-0.3027385592598496:0.22102778842754667] [-0.058542947643003718:0.10501933612632941] [-0.11496158439845272:0.082843216242346029] [-0.12265592443394913:0.15756596870864792] [11.859999656677246:52.330001831054688] [-0.35753873962348437:0.74039073966007019] [-0.068244726543857936:0.13419383554022479] [-0.13586538461538455:0.11772560364971629]
tree_sizes=856 875 870 863 874 867 863 869 870 871 869 864 870 871 873 873 864 876 875 874 873 864 869 874 875 873 872 875 859 865 855 862 860 861 866 876 858 865 857 871 853 857 869 858 868

Tree=0
num_leaves=8
num_cat=0
split_feature=15 16 10 3 13 1 8
split_gain=0.6 1.73422 0.945698 0.641685 0.533605 0.528551 0.371007
threshold=-0.0028899691282519009 -0.0080551660039557809 -0.0060493286934151782 -0.0023915768420392221 15.855000019073488 -0.0034274653624510871 0.11449886812337752
decision_type=2 2 2 2 2 2 8
left_child=1 5 -3 -4 -5 -1 -2
right_child=6 2 3 4 -6 -7 -8
leaf_value=-0.0011354938788109064 -0.0012848558137365555 -0.0013272668271593977 -0.0016383116654115069 -0.0015052833954329547 -0.0013198994130858266 -0.0015147698767917922 -0.0013726852773604976
leaf_weight=88 474 41 30 25 26 40 26
leaf_count=88 474 41 30 25 26 40 26
internal_value=-0.00112872 -0.00312872 -0.0073943 -0.0105263 -0.00711304 0.000936903 -0.000128722
internal_weight=750 250 122 81 51 128 500
internal_count=750 250 122 81 51 128 500
is_linear=0
shrinkage=1


Tree=1
num_leaves=8
num_cat=0
split_feature=1 1 14 14 16 11 16
split_gain=0.725627 0.951488 0.64153 0.973247 0.543236 2.56348 0.60029
threshold=-0.017911805556719004 -0.012915463801708769 -0.017376391061688031 -0.0066427814256201914 0.027642500576490429 0.013973401641150464 -0.0042328259545448823
decision_type=2 2 2 2 2 2 2
left_child=-1 -2 -3 -4 5 6 -5
right_child=1 2 3 4 -6 -7 -8
leaf_value=8.3059486624565735e-05 -0.00026705838169911088 0.00013828112711494972 -0.0001191353984536987 -8.626972136338638e-05 8.8000582909499584e-05 -0.00026912378767712493 0.00011985101843751427
leaf_weight=213 36 208 43 67 60 25 82
leaf_count=213 36 208 43 67 60 25 82
internal_value=-4.08717e-05 -0.00104607 -0.000463917 -0.00203971 -0.000769231 -0.00218391 0.000302014
internal_weight=734 521 485 277 234 174 149
internal_count=734 521 485 277 234 174 149
is_linear=0
shrinkage=0.05


Tree=2
num_leaves=8
num_cat=0
split_feature=8 1 14 14 1 16 16
split_gain=0.889785 0.445931 0.810633 1.17616 0.789314 0.80653 0.730178
threshold=0.11449886812337752 -0.017911805556719004 -0.01759756320211869 -0.011298954547856009 0.01465194226569866 0.021704385924314677 -0.010672319785499316
decision_type=8 2 2 2 2 2 2
left_child=1 -1 -3 -4 5 6 -5
right_child=-2 2 3 4 -6 -7 -8
leaf_value=9.1373152613906112e-05 -0.00011744260504792836 0.00012418302051293273 -0.00042184446536416967 9.4333212093819747e-06 6.3838433662736181e-05 0.00018327247343956083 -0.00013823222161010618
leaf_weight=203 35 210 26 40 124 32 79
leaf_count=203 35 210 26 40 124 32 79
internal_value=-7.34311e-05 0.000308123 -0.000479452 -0.00214286 -0.00118182 -0.00360927 -0.0055042
internal_weight=749 714 511 301 275 151 119
internal_count=749 714 511 301 275 151 119
is_linear=0
shrinkage=0.05


Tree=3
num_leaves=8
num_cat=0
split_feature=7 2 11 6 11 7 14
split_gain=0.740377 1.07303 1.0372 0.582424 0.545677 0.440225 0.453193
threshold=-0.033997335724937287 -0.042562845198643 0.0038135025222709733 -0.38247521935330914 0.022371671990612522 0.055837224181367391 0.035115678917499234
decision_type=2 2 2 2 2 2 2
left_child=-1 2 -2 -4 5 6 -3
right_child=1 4 3 -5 -6 -7 -8
leaf_value=0.00019916087543631096 -0.00072192782894226187 2.1838729346757275e-05 0.00026633218413367753 -0.00017974090210657635 0.00021946873503085531 -8.6174181072018753e-05 -4.880728809172247e-05
leaf_weight=169 38 297 30 25 68 25 91
leaf_count=169 38 297 30 25 68 25 91
internal_value=2.01886e-05 -0.000836237 -0.00575269 -0.00136364 0.000114345 -0.000569007 -0.000154639
internal_weight=743 574 93 55 481 413 388
internal_count=743 574 93 55 481 413 388
is_linear=0
shrinkage=0.05


Tree=4
num_leaves=8
num_cat=0
split_feature=5 6 8 1 1 4 5
split_gain=0.719291 0.717589 0.498307 0.613733 1.02328 0.713033 0.602456
threshold=0.017476052187669015 -1.203804125627983 -0.15693588666849953 -0.017911805556719004 -0.012915463801708769 0.027593108194172541 0.012231611878538004
decision_type=2 2 10 2 2 2 2
left_child=1 -1 -3 -4 -5 6 -6
right_child=-2 2 3 4 5 -7 -8
leaf_value=-6.9579634254385048e-05 0.00016065046769314097 -0.00015815693241958784 0.00012652015904553542 -0.00024079548364032882 -4.4746202548151105e-05 -0.00018406719409783324 0.00012630992125239814
leaf_weight=31 136 25 148 26 152 27 201
leaf_count=31 136 25 148 26 152 27 201
internal_value=0.000241287 -0.000491803 -9.49912e-05 0.000216607 -0.000788177 -0.000131579 0.000467422
internal_weight=746 610 579 554 406 380 353
internal_count=746 610 579 554 406 380 353
is_linear=0
shrinkage=0.05


Tree=5
num_leaves=8
num_cat=0
split_feature=7 8 11 11 9 11 1
split_gain=0.667631 0.888656 0.788556 0.675082 1.13952 0.625359 0.377091
threshold=-0.020660284879382814 -0.020788363054932753 0.01562981784988882 0.0069117113136190076 -0.19856096845332408 0.018027323901660845 0.013263745360969971
decision_type=2 10 2 2 10 2 2
left_child=5 2 3 4 -2 -1 -3
right_child=1 6 -4 -5 -6 -7 -8
leaf_value=0.00013743875533315893 0.00021469333673610554 -2.190046852421603e-05 0.00017846719424432022 -0.00020680743763576469 -0.00023001991818640723 -0.00018607549352978495 9.3069926374507445e-05
leaf_weight=216 36 167 34 27 44 31 182
leaf_count=216 36 167 34 27 44 31 182
internal_value=-0.000156038 -0.00122449 -0.00457447 -0.00668224 -0.004375 0.00196356 0.00012894
internal_weight=737 490 141 107 80 247 349
internal_count=737 490 141 107 80 247 349
is_linear=0
shrinkage=0.05


Tree=6
num_leaves=8
num_cat=0
split_feature=7 2 4 16 6 9 14
split_gain=0.828146 1.14758 1.00588 0.748831 0.677172 0.602098 0.500027
threshold=-0.037752887562220221 -0.041138019696230703 0.027593108194172541 0.010190976570884637 -1.0527493663836067 -0.082168166181369559 -0.035621573523768706
decision_type=2 2 2 2 2 8 2
left_child=-1 2 3 -2 -3 -6 -7
right_child=1 4 -4 -5 5 6 -8
leaf_value=0.00011935380516980592 -0.00023401048606109436 -0.0001310460115634684 -0.00033880372782405915 5.5859117501209156e-05 0.00022834405185324379 0.00013320114929321326 -1.7504494845722589e-05
leaf_weight=158 33 27 29 42 89 96 272
leaf_count=158 33 27 29 42 89 96 272
internal_value=-0.000428954 -0.00129252 -0.00605769 -0.003 -0.000268595 0.000185996 -0.000706522
internal_weight=746 588 104 75 484 457 368
internal_count=746 588 104 75 484 457 368
is_linear=0
shrinkage=0.05


Tree=7
num_leaves=8
num_cat=0
split_feature=1 8 15 11 1 8 7
split_gain=0.555744 0.620504 0.492737 0.889999 0.540095 0.814677 0.558726
threshold=-0.041014259095597243 0.11449886812337752 -0.0028899691282519009 0.012360960719592808 0.014118468848578926 -0.069386743263544867 0.007485719241204781
decision_type=2 8 2 2 2 10 2
left_child=-1 2 3 4 5 -2 -7
right_child=1 -3 -4 -5 -6 6 -8
leaf_value=0.00017404761457734532 0.00017537858075457273 -0.00010736954164891339 1.4280050003433599e-05 -0.00021785385379057633 0.00021140977562968219 -0.0001885453292149988 3.0868468199280029e-05
leaf_weight=102 27 33 423 25 44 53 38
leaf_count=102 27 33 423 25 44 53 38
internal_value=0.000100671 -0.000443235 -8.1967e-05 -0.00221925 -0.000864197 -0.00262712 -0.00489011
internal_weight=745 643 610 187 162 118 91
internal_count=745 643 610 187 162 118 91
is_linear=0
shrinkage=0.05


Tree=8
num_leaves=8
num_cat=0
split_feature=8 7 2 1 11 2 12
split_gain=0.707972 0.515795 1.04748 0.409902 0.562137 0.676285 0.470542
threshold=0.11449886812337752 -0.037752887562220221 -0.071425498883092228 0.015173890283221693 0.013973401641150464 0.034079085849656028 0.05549660890243658
decision_type=8 2 2 2 2 2 2
left_child=1 -1 -3 6 -5 -6 -4
right_child=-2 2 3 4 5 -7 -8
leaf_value=0.00014238730973453357 -7.2585261180587869e-05 -0.00025423978408545435 -7.2795554666244545e-06 0.00020204455907103154 0.00021047558576676539 -0.00013403658914442072 0.00015917431376151039
leaf_weight=160 34 50 281 100 59 46 34
leaf_count=160 34 50 281 100 59 46 34
internal_value=0.000287958 0.000616439 -8.77191e-05 0.000576923 0.00231707 -0.000238095 -0.000555555
internal_weight=764 730 570 520 205 105 315
internal_count=764 730 570 520 205 105 315
is_linear=0
shrinkage=0.05


Tree=9
num_leaves=8
num_cat=0
split_feature=16 15 10 11 9 8 9
split_gain=0.819282 1.33723 0.826737 0.785716 1.43949 0.564798 0.49124
threshold=-0.0078278399278477444 -0.0028899691282519009 -0.0034865446870830925 0.0019507680783907857 -0.19365017096791262 -0.020788363054932753 -0.076567624059782055
decision_type=2 2 2 2 10 8 10
left_child=-1 2 5 4 -3 -2 -4
right_child=1 3 6 -5 -6 -7 -8
leaf_value=7.5976230293052497e-05 -0.00022616564955132089 0.00013505291120152903 -0.00019625389863708208 6.0901761086000604e-05 -0.00029540481729993946 0.00013352980879067781 -0.00010662649572803605
leaf_weight=231 31 33 28 328 38 30 25
leaf_count=231 31 33 28 328 38 30 25
internal_value=0.000362903 -0.000750487 -0.00552632 0.000614035 -0.00415493 -0.00155738 -0.0100943
internal_weight=744 513 114 399 71 61 53
internal_count=744 513 114 399 71 61 53
is_linear=0
shrinkage=0.05


Tree=10
num_leaves=8
num_cat=0
split_feature=8 7 7 4 5 5 5
split_gain=0.733606 0.705074 0.557041 0.636123 0.479038 0.869525 0.378612
threshold=0.11449886812337752 -0.037752887562220221 0.0055062800107434926 0.017891363054280615 0.015196884000676715 0.017070709185729446 0.0098122144983563159
decision_type=8 2 2 2 2 2 2
left_child=1 -1 3 6 -5 -6 -3
right_child=-2 2 -4 4 5 -7 -8
leaf_value=0.00011542492030049813 -8.0343994995121857e-05 -2.0463667120622321e-05 3.1021895144626114e-05 6.3707626496521346e-05 -0.00048062021546395323 2.8230489886455934e-05 -0.00070721125669438896
leaf_weight=150 38 26 297 133 38 39 28
leaf_count=150 38 26 297 133 38 39 28
internal_value=-7.34311e-05 0.000288326 -0.000525847 -0.00219697 -0.000952381 -0.00409091 -0.00703704
internal_weight=749 711 561 264 210 77 54
internal_count=749 711 561 264 210 77 54
is_linear=0
shrinkage=0.05


Tree=11
num_leaves=8
num_cat=0
split_feature=5 5 6 6 0 15 11
split_gain=0.529058 0.995238 1.1254 0.652142 0.428956 0.321543 1.01421
threshold=0.012231611878538004 0.011365390820477529 -0.010968988385380719 -1.1280629742482049 0.026198821031267697 0.00048515842204799325 0.015296140057879161
decision_type=2 2 2 2 2 2 2
left_child=1 -1 -3 -2 5 6 -5
right_child=3 2 -4 4 -6 -7 -8
leaf_value=1.8280129165344318e-05 -9.8827494858467132e-05 -2.3825228640871857e-05 -0.00023892906801481744 0.0001524101618037092 -9.2370522639631088e-05 0.00012953134687501179 -9.9324593122616369e-05
leaf_weight=161 27 39 25 188 27 254 26
leaf_count=161 27 39 25 188 27 254 26
internal_value=0.000582329 -0.00144444 -0.00671875 0.00145594 0.00186869 0.00222222 0.000794393
internal_weight=747 225 64 522 495 468 214
internal_count=747 225 64 522 495 468 214
is_linear=0
shrinkage=0.05


Tree=12
num_leaves=8
num_cat=0
split_feature=1 6 15 10 16 15 15
split_gain=0.72971 0.431474 0.365115 0.988975 1.26871 0.750834 0.475565
threshold=-0.041014259095597243 -1.203804125627983 -0.0028899691282519009 -0.0038582878398281113 0.0045404196142767592 -0.013858827418585349 0.000226657355490989
decision_type=2 2 2 2 2 2 2
left_child=-1 -2 3 5 -5 -3 -4
right_child=1 2 6 4 -6 -7 -8
leaf_value=0.00017805898308479785 -1.815653866006881e-05 -0.00018014573590104989 0.00015341016300170809 -1.6450558597885805e-05 -0.00023228774465389602 9.3957261391072682e-05 2.764738623807209e-07
leaf_weight=102 31 62 53 36 31 54 365
leaf_count=102 31 62 53 36 31 54 365
internal_value=9.5368e-05 -0.000537974 -0.000241264 -0.00210382 -0.0069403 0.000689655 0.000574163
internal_weight=734 632 601 183 67 116 418
internal_count=734 632 601 183 67 116 418
is_linear=0
shrinkage=0.05


Tree=13
num_leaves=8
num_cat=0
split_feature=1 13 4 14 15 6 13
split_gain=0.41914 0.386756 0.848776 0.442687 1.41344 0.510176 0.503807
threshold=-0.041014259095597243 14.465000152587892 0.017891363054280615 0.013406221047230662 -0.0022916661771061882 -0.91799796210814788 19.159999847412113
decision_type=2 2 2 2 2 2 2
left_child=-1 -2 -3 4 -4 -5 -6
right_child=1 2 3 5 6 -7 -8
leaf_value=0.00015016795557982774 1.7352297898088104e-05 -0.00042708419663176848 -0.0001686547252407074 -0.00019284818870164805 5.3721679877404832e-05 6.7175631881220992e-05 -1.9834795234749155e-05
leaf_weight=107 171 38 39 26 174 129 61
leaf_count=107 171 38 39 26 174 129 61
internal_value=0.0002349 -0.000250784 -0.000995717 -0.000361305 -0.00156934 0.00177419 -0.000106383
internal_weight=745 638 467 429 274 155 235
internal_count=745 638 467 429 274 155 235
is_linear=0
shrinkage=0.05


Tree=14
num_leaves=8
num_cat=0
split_feature=1 8 15 16 3 2 7
split_gain=0.53711 0.486593 0.765249 1.12876 0.870132 0.543461 0.604298
threshold=-0.041014259095597243 -0.020788363054932753 -0.0052324651426766114 -0.010672319785499316 0.0050805660129058525 0.059616563509635408 0.023935125331310928
decision_type=2 10 2 2 2 2 2
left_child=-1 2 3 -2 -4 -3 -7
right_child=1 5 4 -5 -6 6 -8
leaf_value=0.00012846204292492534 0.00013546483763692934 4.7973596795403931e-05 7.302825199806141e-06 -0.00026775934291905953 -0.00019465316042970699 -0.00048903205931004497 -3.2389408504713732e-06
leaf_weight=97 28 237 155 46 36 25 95
leaf_count=97 28 237 155 46 36 25 95
internal_value=-6.95392e-06 -0.000546624 -0.00216981 -0.00648649 -0.000497382 0.000658263 -0.00208333
internal_weight=719 622 265 74 191 357 120
internal_count=719 622 265 74 191 357 120
is_linear=0
shrinkage=0.05


Tree=15
num_leaves=8
num_cat=0
split_feature=7 2 4 16 10 3 3
split_gain=0.40994 0.69296 0.784848 0.338723 0.322934 0.539857 0.542258
threshold=-0.037752887562220221 -0.041138019696230703 0.027593108194172541 0.010190976570884637 0.00090086264031330476 -0.0052123243299231894 -0.0023915768420392221
decision_type=2 2 2 2 2 2 2
left_child=-1 2 3 -2 5 -3 -7
right_child=1 4 -4 -5 -6 6 -8
leaf_value=0.00011551479139284503 -0.00012911436697188682 0.00014857060053391177 -0.00017008760952956189 7.3529331121666267e-05 5.8763248826737331e-05 -0.00014621968270995642 -7.680556773454758e-06
leaf_weight=151 35 48 28 44 251 36 150
leaf_count=151 35 48 28 44 251 36 150
internal_value=0.000356662 -0.000236486 -0.0038785 -0.00132911 0.00056701 -0.000769231 -0.00198925
internal_weight=743 592 107 79 485 234 186
internal_count=743 592 107 79 485 234 186
is_linear=0
shrinkage=0.05


Tree=16
num_leaves=8
num_cat=0
split_feature=13 16 15 4 6 4 8
split_gain=0.490764 0.56536 0.885499 0.427677 0.960342 0.520431 0.957858
threshold=26.284999847412113 -0.0077873913523771035 -0.010135727366817114 0.028474430012147299 -0.05046740190529856 0.019695897052338176 -0.0045274123944271097
decision_type=2 2 2 2 2 2 10
left_child=1 -1 -3 5 -5 6 -4
right_child=-2 2 3 4 -6 -7 -8
leaf_value=5.5592140707940531e-05 -0.00036876462212435187 -0.00012697978292122326 -0.00013628079856296997 0.00012892523825033542 -0.0001384254375154259 0.0001067157917909618 6.4093552019628709e-05
leaf_weight=215 27 41 58 39 36 233 108
leaf_count=215 27 41 58 39 36 233 108
internal_value=0.000508587 0.000753425 -0.000145631 0.000464135 -0.003 0.00111529 -0.0010241
internal_weight=757 730 515 474 75 399 166
internal_count=757 730 515 474 75 399 166
is_linear=0
shrinkage=0.05


Tree=17
num_leaves=8
num_cat=0
split_feature=14 14 10 10 1 11 9
split_gain=0.302793 0.628696 0.680959 1.08503 0.457306 0.628208 1.18664
threshold=0.083812216488613714 0.063421642021299643 -0.0034865446870830925 -0.0026466516143627823 -0.039469151673638396 0.003505922146060048 -0.044009374894676261
decision_type=2 2 2 2 2 2 10
left_child=1 2 -1 -4 -5 6 -6
right_child=-2 -3 3 4 5 -7 -8
leaf_value=6.3157652660877022e-05 0.00016650016644136268 -0.00021346448525547701 -0.0001206307951577022 0.00010575939820941022 -8.8800677008499754e-07 2.7213244007963346e-05 -9.1140043224706785e-05
leaf_weight=84 79 40 31 61 94 319 38
leaf_count=84 79 40 31 61 94 319 38
internal_value=0.000174263 -0.000172414 0.000215311 -0.000432781 0.000117188 -0.000432372 -0.00333333
internal_weight=746 667 627 543 512 451 132
internal_count=746 667 627 543 512 451 132
is_linear=0
shrinkage=0.05


Tree=18
num_leaves=8
num_cat=0
split_feature=8 13 16 15 10 0 12
split_gain=0.707965 0.429908 0.580324 0.609376 0.730559 0.798441 0.456996
threshold=0.11449886812337752 26.284999847412113 -0.0077873913523771035 -0.0028899691282519009 -0.0038582878398281113 -0.0051882830316142816 0.011040708270440904
decision_type=8 2 2 2 2 2 2
left_child=1 2 -1 4 -4 -6 -5
right_child=-2 -3 3 6 5 -7 -8
leaf_value=5.1204980065897205e-05 -5.7328347471127267e-05 -0.00025595965864662167 9.0186328971259484e-06 0.00010423738897876059 -0.00023386389324749716 -3.9330702770273322e-06 -4.60143334002314e-06
leaf_weight=208 34 29 50 108 27 30 267
leaf_count=208 34 29 50 108 27 30 267
internal_value=0.000285525 0.000618915 0.000869565 -8.29874e-05 -0.00341121 -0.0072807 0.000866667
internal_weight=753 719 690 482 107 57 375
internal_count=753 719 690 482 107 57 375
is_linear=0
shrinkage=0.05


Tree=19
num_leaves=8
num_cat=0
split_feature=16 12 11 5 2 16 8
split_gain=0.519377 1.06039 0.497895 0.946138 0.801335 0.733497 0.468969
threshold=-0.0078278399278477444 -0.038043890036369758 0.003505922146060048 0.012183621068035441 0.058573017333946938 0.025097495047379018 -0.064292746327016356
decision_type=2 2 2 2 2 2 8
left_child=-1 -2 3 -3 6 -6 -4
right_child=1 2 4 -5 5 -7 -8
leaf_value=3.6708477125759435e-05 -0.00014717328003674261 -0.00020834732703446337 -2.9234518175627276e-05 -3.0506262337768489e-06 -0.00020338067828753841 1.5776951592443186e-05 6.3508957977800632e-05
leaf_weight=227 25 32 53 82 40 45 235
leaf_count=227 25 32 53 82 40 45 235
internal_value=-7.44247e-05 -0.000957031 -0.000441478 -0.00333333 0.000442359 -0.00382353 0.00170139
internal_weight=739 512 487 114 373 85 288
internal_count=739 512 487 114 373 85 288
is_linear=0
shrinkage=0.05


Tree=20
num_leaves=8
num_cat=0
split_feature=15 16 10 15 0 1 3
split_gain=0.453741 1.21399 0.926956 0.619048 0.556262 0.73276 0.592636
threshold=-0.0028899691282519009 -0.0078278399278477444 -0.0042544588401209329 -0.012774894526448697 -0.004179234130828712 -0.012915463801708769 -1.0000000180025095e-35
decision_type=2 2 2 2 2 2 2
left_child=1 -1 3 -3 -2 6 -6
right_child=4 2 -4 -5 5 -7 -8
leaf_value=3.9520765396447869e-05 0.0001461841629655734 -0.00020337882247822094 -0.00015544376714837478 4.1870231147081216e-05 -0.00023717789915084542 4.3350383150622337e-05 -1.5999030021557736e-05
leaf_weight=134 129 28 62 26 26 290 56
leaf_count=134 129 28 62 26 26 290 56
internal_value=0.000139814 -0.0016 -0.00534483 -0.000555555 0.00100798 2.68819e-05 -0.00414634
internal_weight=751 250 116 54 501 372 82
internal_count=751 250 116 54 501 372 82
is_linear=0
shrinkage=0.05


Tree=21
num_leaves=8
num_cat=0
split_feature=13 14 14 10 10 0 11
split_gain=0.433241 0.415632 0.820927 0.620661 1.48267 0.35897 0.305781
threshold=26.284999847412113 0.083142255535003332 0.059971774713864064 -0.0034865446870830925 -0.002481321509367584 -0.012418814604460314 0.022371671990612522
decision_type=2 2 2 2 2 2 2
left_child=1 2 3 -1 -5 -6 -7
right_child=-2 -3 -4 4 5 6 -8
leaf_value=0.0001195228235482658 -0.00029261953804371433 0.00015895778517482275 -0.00015582639749111782 -9.3667095563802229e-05 0.000140827953184416 -1.8449831289290523e-06 0.00014713234673119718
leaf_weight=74 28 70 44 33 46 372 81
leaf_count=74 28 70 44 33 46 372 81
internal_value=0.000387701 0.000625 0.000230769 0.000709571 0.000112782 0.000791583 0.000364239
internal_weight=748 720 650 606 532 499 453
internal_count=748 720 650 606 532 499 453
is_linear=0
shrinkage=0.05


Tree=22
num_leaves=8
num_cat=0
split_feature=0 8 4 5 8 1 1
split_gain=0.35966 0.390606 0.394607 0.453239 0.402013 0.395787 0.833969
threshold=-0.0075639215957963848 0.11449886812337752 0.040861153671057623 0.017476052187669015 0.078036431868061543 -0.021630737645452865 -0.012915463801708769
decision_type=2 8 2 2 10 2 2
left_child=-1 2 3 4 5 -2 -7
right_child=1 -3 -4 -5 -6 6 -8
leaf_value=6.4605981581136545e-05 0.00010575258765590573 -3.2816662428422458e-05 -0.0001140464233273618 0.00017890672681539823 0.00013567541033197836 -0.00029314489568593597 -3.1387838751745595e-06
leaf_weight=199 68 27 28 66 34 27 293
leaf_count=199 68 27 28 66 34 27 293
internal_value=0.00041779 -0.000248619 5.81397e-05 0.000389344 -0.00021327 -0.000670103 -0.00140625
internal_weight=742 543 516 488 422 388 320
internal_count=742 543 516 488 422 388 320
is_linear=0
shrinkage=0.05


Tree=23
num_leaves=8
num_cat=0
split_feature=16 15 10 16 11 9 4
split_gain=0.45366 0.767804 1.09137 0.727417 0.52415 1.33914 0.402225
threshold=-0.0078278399278477444 -0.0028899691282519009 -0.0060493286934151782 0.0069278923586365568 0.0019507680783907857 -0.19365017096791262 0.028474430012147299
decision_type=2 2 2 2 2 10 2
left_child=-1 2 -2 -4 5 -3 -6
right_child=1 4 3 -5 6 -7 -8
leaf_value=2.1996658697010213e-05 0.00016594725478376039 0.00012206671949251253 -9.2532438874045586e-05 -0.00014233501308986052 9.3713794018491896e-05 -0.00029206010779205818 -4.3635953387436941e-05
leaf_weight=240 38 32 32 45 281 35 48
leaf_count=240 38 32 32 45 281 35 48
internal_value=-0.000126498 -0.000968689 -0.00456522 -0.00798701 7.57578e-05 -0.00395522 0.000896657
internal_weight=751 511 115 77 396 67 329
internal_count=751 511 115 77 396 67 329
is_linear=0
shrinkage=0.05


Tree=24
num_leaves=8
num_cat=0
split_feature=16 15 15 15 8 0 7
split_gain=0.393978 0.513589 0.567349 0.719223 0.582593 0.386142 0.599459
threshold=-0.0078278399278477444 -0.0028899691282519009 -0.0076463336741307555 -0.012774894526448697 -0.026312878271105507 -0.0010050036773728841 -0.006208160285720187
decision_type=2 2 2 2 10 2 2
left_child=5 2 3 -2 -4 -1 -7
right_child=1 -3 4 -5 -6 6 -8
leaf_value=0.00011903440347353948 -0.00015070438368917926 4.1930390479906993e-06 -7.5743056513668877e-05 3.2782236721408364e-05 -0.00016690336006806381 4.7608711298054903e-05 -5.9441710708262216e-05
leaf_weight=120 33 412 27 31 25 54 47
leaf_count=120 33 412 27 31 25 54 47
internal_value=6.00803e-05 -0.000681818 -0.00362069 -0.00046875 -0.0075 0.00183258 -0.000445544
internal_weight=749 528 116 64 52 221 101
internal_count=749 528 116 64 52 221 101
is_linear=0
shrinkage=0.05


Tree=25
num_leaves=8
num_cat=0
split_feature=6 15 16 1 10 12 0
split_gain=0.498297 0.39296 0.502362 0.562303 1.13649 0.696889 0.5615
threshold=-1.203804125627983 -0.020190384795808144 -0.0083746240424909506 -0.0055246841694760454 -0.00083771679108757258 0.019260536210570115 -0.0059751873020077997
decision_type=2 2 2 2 2 2 2
left_child=-1 -2 -3 4 5 -4 -6
right_child=1 2 3 -5 6 -7 -8
leaf_value=-2.0683577771396507e-05 -0.00030731324130711858 0.00012451129747379926 -0.00010330976081731106 1.0915353355099412e-05 0.00012036642478140442 -0.00011849478046030052 -2.3763469651097475e-05
leaf_weight=37 49 177 26 342 39 29 58
leaf_count=37 49 177 26 342 39 29 58
internal_value=-0.000151915 0.000138889 0.000454546 -0.000364372 -0.00289474 -0.00863636 0.000360825
internal_weight=757 720 671 494 152 55 97
internal_count=757 720 671 494 152 55 97
is_linear=0
shrinkage=0.05


Tree=26
num_leaves=8
num_cat=0
split_feature=6 16 1 10 1 1 8
split_gain=0.586935 0.36975 0.750026 1.19062 0.488403 0.720564 0.481267
threshold=-1.2453215440057301 -0.0077873913523771035 -0.0059915640444365694 -0.00083771679108757258 0.0088120721327052971 0.013263745360969971 -0.017990053110524425
decision_type=2 2 2 2 2 2 8
left_child=-1 -2 3 -3 -4 -6 -5
right_child=1 2 4 6 5 -7 -8
leaf_value=-1.4557693177620375e-05 5.055110099967352e-05 -0.00018486980301128328 0.00010406463610960584 7.0676718545437179e-05 -0.00048162030818469623 1.0378727681889669e-05 -5.5303780103569865e-05
leaf_weight=30 227 47 96 60 33 215 29
leaf_count=30 227 47 96 60 33 215 29
internal_value=0.000183175 0.000473833 -0.0003125 -0.00345588 0.000930233 -0.000241935 -5.61796e-05
internal_weight=737 707 480 136 344 248 89
internal_count=737 707 480 136 344 248 89
is_linear=0
shrinkage=0.05


Tree=27
num_leaves=8
num_cat=0
split_feature=1 1 6 15 3 4 5
split_gain=0.457612 0.509017 0.569744 0.438492 0.428977 0.433974 0.532819
threshold=-0.042426132749998229 -0.032739490300069223 -1.203804125627983 -0.020190384795808144 -0.0062601749015298571 0.020264964801687855 0.015917763988183661
decision_type=2 2 2 2 2 2 2
left_child=-1 -2 -3 -4 -5 -6 -7
right_child=1 2 3 4 5 6 -8
leaf_value=0.0001220008979138201 -1.5621712069784489e-05 -1.5527043838110712e-05 -0.0005612020913586534 9.6439505131884349e-05 -2.021108731558155e-05 6.1398928591946389e-05 -3.9030005042944859e-05
leaf_weight=102 35 29 27 65 195 170 126
leaf_count=102 35 29 27 65 195 170 126
internal_value=-7.34311e-05 -0.000564142 -0.000228758 0.000111492 0.000413669 -9.16495e-05 0.00111487
internal_weight=749 647 612 583 556 491 296
internal_count=749 647 612 583 556 491 296
is_linear=0
shrinkage=0.05


Tree=28
num_leaves=8
num_cat=0
split_feature=6 13 4 4 2 7 12
split_gain=0.460504 0.328054 0.537022 0.764545 0.455464 0.783171 0.505732
threshold=-1.203804125627983 13.554999828338625 0.017891363054280615 0.016953029227593661 -0.071425498883092228 -0.038540576791579344 0.019260536210570115
decision_type=2 2 2 2 2 2 2
left_child=-1 -2 3 -3 5 6 -4
right_child=1 2 4 -5 -6 -7 -8
leaf_value=-1.3053456073926053e-05 5.1543836367735896e-05 1.1715902255554412e-05 0.00020775027879803263 -0.0012242086757616676 2.8262608234932829e-05 -0.00022630693496709077 -3.3946072398349505e-05
leaf_weight=40 105 55 73 25 390 45 31
leaf_count=40 105 55 73 25 390 45 31
internal_value=0.000222513 0.00051105 7.26981e-05 -0.00375 0.000640074 -0.00171141 0.000673077
internal_weight=764 724 619 80 539 149 104
internal_count=764 724 619 80 539 149 104
is_linear=0
shrinkage=0.05


Tree=29
num_leaves=8
num_cat=0
split_feature=3 1 6 15 16 2 4
split_gain=0.36653 0.455833 0.341558 0.383947 1.00392 0.887754 0.418419
threshold=0.010966510986094915 0.055578766943687359 -1.203804125627983 -0.004696765896290033 -0.010672319785499316 -0.018817073489917232 0.014835672216446112
decision_type=2 2 2 2 2 2 2
left_child=1 2 -1 4 -4 -6 -5
right_child=-2 -3 3 6 5 -7 -8
leaf_value=-7.2876620409879522e-06 0.00011194573147191274 -2.2423847174494332e-05 0.00012149835939803832 -5.6529640656016627e-05 -0.00023348444663346277 -7.6736767788539307e-07 4.3064143283033902e-05
leaf_weight=37 38 26 100 25 37 50 419
leaf_count=37 38 26 100 25 37 50 419
internal_value=0.000218579 -4.32275e-05 0.000209581 0.00048336 -0.00141711 -0.00534483 0.00128378
internal_weight=732 694 668 631 187 87 444
internal_count=732 694 668 631 187 87 444
is_linear=0
shrinkage=0.05


Tree=30
num_leaves=8
num_cat=0
split_feature=6 1 0 3 9 12 6
split_gain=0.377402 0.352818 0.333838 0.36542 0.70135 0.7108 0.377255
threshold=-1.203804125627983 0.053527550865716263 0.018349015174718878 0.0022237247057169678 -0.15021030034579194 0.01493884956091618 -0.48673660443301897
decision_type=2 2 2 2 10 2 2
left_child=-1 2 3 -2 5 -5 -6
right_child=1 -3 -4 4 6 -7 -8
leaf_value=-2.221981208440851e-05 1.2441608561598531e-05 -2.1302654522964128e-05 8.9702258810242012e-05 -0.00015335481927682804 -1.0523195713030215e-05 4.9766827403119995e-05 6.3027082284476709e-05
leaf_weight=34 403 36 55 50 43 33 84
leaf_count=34 403 36 55 50 43 33 84
internal_value=-0.000149051 9.9432e-05 0.000359282 2.447e-05 -0.00166667 -0.00524096 0.000669292
internal_weight=738 704 668 613 210 83 127
internal_count=738 704 668 613 210 83 127
is_linear=0
shrinkage=0.05


Tree=31
num_leaves=8
num_cat=0
split_feature=6 0 1 15 8 1 3
split_gain=0.280405 0.857469 0.469229 0.537356 0.600781 0.914286 0.602083
threshold=1.2599038444520536 0.0046147261047848618 -0.042426132749998229 0.017485060154424418 -0.062197678419273643 0.014368941978599172 0.00014529248376282669
decision_type=2 2 2 2 10 2 2
left_child=2 -2 -1 4 5 6 -4
right_child=1 -3 3 -5 -6 -7 -8
leaf_value=0.00017472373528936683 0.00012057670416085066 -0.0010160783049967675 0.00011200481868987797 0.00010677516637965108 6.9574443312789877e-06 -0.00010643581944269901 -0.00024353085137805258
leaf_weight=79 57 33 48 54 403 32 32
leaf_count=79 57 33 48 54 403 32 32
internal_value=0.000392954 -0.00222222 0.000756173 0.000254833 -0.000242718 -0.00348214 -0.000625
internal_weight=738 90 648 569 515 112 80
internal_count=738 90 648 569 515 112 80
is_linear=0
shrinkage=0.05


Tree=32
num_leaves=8
num_cat=0
split_feature=2 13 6 2 8 8 2
split_gain=0.377857 0.481708 0.348251 0.435035 0.634166 0.870759 0.41225
threshold=-0.13575050426620847 26.284999847412113 -1.203804125627983 -0.071425498883092228 -0.089145861086153397 -0.062197678419273643 -0.0469899028078175
decision_type=2 2 2 2 8 10 2
left_child=-1 2 -2 4 -4 -6 -5
right_child=1 -3 3 6 5 -7 -8
leaf_value=0.00011462762323523504 -1.0676681249806918e-05 -0.00036783975467349434 1.6139487674111518e-05 0.00010280023502944108 -0.00011996260723470169 4.1359242873377688e-05 3.9810190065445848e-06
leaf_weight=37 36 25 39 55 39 27 493
leaf_count=37 36 25 39 55 39 27 493
internal_value=7.32359e-05 -0.000182073 6.53122e-05 0.00032925 -0.00261905 -0.00560606 0.000894161
internal_weight=751 714 689 653 105 66 548
internal_count=751 714 689 653 105 66 548
is_linear=0
shrinkage=0.05


Tree=33
num_leaves=8
num_cat=0
split_feature=6 16 8 15 5 5 4
split_gain=0.435532 0.283613 0.324564 0.264144 0.29479 0.573221 0.381963
threshold=-1.1587894229171025 0.059699500075510066 0.10180410753667847 0.013544504625533473 0.016925154807685257 0.015917763988183661 0.03118893781098591
decision_type=2 2 8 2 2 2 2
left_child=-1 2 3 4 5 -2 -6
right_child=1 -3 -4 -5 6 -7 -8
leaf_value=-1.4033098875894005e-05 2.1215233631648128e-06 0.00015403971327594923 -2.2933271040704849e-05 9.192618572822673e-05 0.00012624746077069258 -0.00011042190563453789 -2.1054842469014589e-06
leaf_weight=41 396 34 31 83 64 47 52
leaf_count=41 396 34 31 83 64 47 52
internal_value=0.000254011 0.000544555 0.000319465 0.000560748 0.000169947 -0.000417607 0.00241379
internal_weight=748 707 673 642 559 443 116
internal_count=748 707 673 642 559 443 116
is_linear=0
shrinkage=0.05


Tree=34
num_leaves=8
num_cat=0
split_feature=5 5 14 6 5 5 11
split_gain=0.355866 0.699927 1.06667 0.371906 0.426037 0.595972 0.3146
threshold=0.017227674280841553 0.015917763988183661 0.009860755526874045 -1.1587894229171025 0.012231611878538004 0.011847804889539243 -0.0095143176561332515
decision_type=2 2 2 2 2 2 2
left_child=1 3 -3 -1 5 6 -5
right_child=-2 2 -4 4 -6 -7 -8
leaf_value=-7.5271369434758946e-06 8.0848269566846759e-05 -0.00010489672004848985 1.8268982304744038e-05 -0.0001669581493748077 8.0566041876017926e-05 -0.00010650718058722317 9.2906612399462844e-06
leaf_weight=30 154 49 35 25 271 33 152
leaf_count=30 154 49 35 25 271 33 152
internal_value=0.000260347 -0.000294117 -0.00452381 0.000401174 0.000738046 -0.000952381 0.00019774
internal_weight=749 595 84 511 481 210 177
internal_count=749 595 84 511 481 210 177
is_linear=0
shrinkage=0.05


Tree=35
num_leaves=8
num_cat=0
split_feature=1 1 8 6 3 15 6
split_gain=0.317919 0.635446 0.383444 0.297339 0.357342 0.605835 0.639503
threshold=-0.042426132749998229 -0.034645762238196202 -0.11497628452305074 -1.0527493663836067 -0.0011595352906870746 -0.013126200677648024 0.043407597130956592
decision_type=2 2 8 2 2 2 2
left_child=2 -2 -1 -3 -5 -6 -7
right_child=1 3 -4 4 5 6 -8
leaf_value=-3.9761704762394678e-05 -0.00015645272956894222 -2.1342113740902005e-05 0.00015353145894464359 2.417365972303805e-05 -0.00029326886602655105 -1.4850001259961878e-05 6.4113933909731722e-05
leaf_weight=26 27 44 76 206 27 220 127
leaf_count=26 27 44 76 206 27 220 127
internal_value=-4.64806e-05 -0.000453149 0.00254902 -0.000128205 0.000172414 -0.000748663 -0.00018732
internal_weight=753 651 102 624 580 374 347
internal_count=753 651 102 624 580 374 347
is_linear=0
shrinkage=0.05


Tree=36
num_leaves=8
num_cat=0
split_feature=13 9 13 13 11 6 13
split_gain=0.538785 0.369675 0.733482 1.63418 0.711872 0.566999 0.450774
threshold=12.494999885559084 -0.011118905440185343 16.035000801086429 15.574999809265138 0.013609054079026685 1.2599038444520536 18.015000343322757
decision_type=2 8 2 2 2 2 2
left_child=-1 2 3 4 -2 6 -4
right_child=1 -3 5 -5 -6 -7 -8
leaf_value=-3.0484020677164128e-05 7.838328124346146e-05 3.6303943249598926e-05 0.00019382667089732941 -0.00025968854170119871 -2.5777613425670022e-05 -0.00022614609020061655 4.634351396959742e-06
leaf_weight=26 44 322 101 25 32 43 157
leaf_count=26 44 322 101 25 32 43 157
internal_value=0.000533334 0.000787293 -0.00022388 -0.00391089 -0.000263158 0.00101329 0.00189922
internal_weight=750 724 402 101 76 301 258
internal_count=750 724 402 101 76 301 258
is_linear=0
shrinkage=0.05


Tree=37
num_leaves=8
num_cat=0
split_feature=13 8 13 3 4 7 8
split_gain=0.404686 0.434087 0.354093 0.378327 0.364302 0.464015 0.753187
threshold=12.494999885559084 0.10180410753667847 13.085000038146974 0.0099956865383310518 0.03118893781098591 -0.035715826124163012 -0.062197678419273643
decision_type=2 8 2 2 2 2 10
left_child=-1 2 -2 4 5 -4 -7
right_child=1 -3 3 -5 -6 6 -8
leaf_value=-2.6313990685118918e-05 0.00011805871454395249 -2.4957129959934163e-05 0.00010281652827810427 0.00010418381754248736 -7.8204779470788708e-05 -0.00017727101819249135 6.1084863218781969e-06
leaf_weight=28 45 42 88 42 73 38 402
leaf_count=28 45 42 88 42 73 38 402
internal_value=0.000184697 0.000410959 0.000712209 0.000412131 9.15143e-05 0.000549243 -0.000113636
internal_weight=758 730 688 643 601 528 440
internal_count=758 730 688 643 601 528 440
is_linear=0
shrinkage=0.05


Tree=38
num_leaves=8
num_cat=0
split_feature=13 4 2 0 13 13 15
split_gain=0.332773 1.73019 0.610219 0.481341 0.815797 0.421729 0.4018
threshold=15.875000000000002 0.02731838924923282 0.072208954840481523 0.0016689102768810973 14.960000038146974 13.869999885559084 0.0024412422748563149
decision_type=2 2 2 2 2 2 2
left_child=1 2 3 4 5 6 -1
right_child=-2 -3 -4 -5 -6 -7 -8
leaf_value=6.7313806720667275e-05 3.82654877096012e-05 -9.5988509444240431e-05 -3.8464027494434683e-05 4.5867671688661078e-05 -0.00040731633375502781 0.00014947341406612043 -1.4722427753144075e-05
leaf_weight=34 440 28 44 109 25 41 27
leaf_count=34 440 28 44 109 25 41 27
internal_value=0.000254011 -0.00100649 0.000178572 0.00118644 -0.000905512 0.00107843 -0.00155738
internal_weight=748 308 280 236 127 102 61
internal_count=748 308 280 236 127 102 61
is_linear=0
shrinkage=0.05


Tree=39
num_leaves=8
num_cat=0
split_feature=6 3 3 3 14 14 9
split_gain=0.466087 0.824467 0.441202 0.40911 0.373741 0.684983 0.846353
threshold=-0.91799796210814788 -0.0027573305164040325 0.0076809350426040321 0.0021644987225201144 -0.035621573523768706 0.0053913947730825926 -0.014567783974861413
decision_type=2 2 2 2 2 2 10
left_child=1 -1 4 -3 -2 6 -6
right_child=2 3 -4 -5 5 -7 -8
leaf_value=-0.0001626763878051343 8.2207407632547746e-05 0.00016312437571273691 0.00012471469781235984 -2.9614952196486228e-05 -4.7971974697983151e-05 1.2443560896252942e-05 5.3615923805506031e-05
leaf_weight=25 146 34 70 39 120 250 53
leaf_count=25 146 34 70 39 120 250 53
internal_value=4.749e-05 -0.00316327 0.000539906 -0.000479452 7.90863e-05 -0.000673759 -0.00309249
internal_weight=737 98 639 73 569 423 173
internal_count=737 98 639 73 569 423 173
is_linear=0
shrinkage=0.05


Tree=40
num_leaves=8
num_cat=0
split_feature=13 4 13 2 5 6 13
split_gain=0.470022 0.377908 1.95079 0.419851 0.548797 1.06123 0.415299
threshold=12.494999885559084 0.028207071287480751 16.164999961853031 0.058573017333946938 0.013993205441166626 -0.11268572437332143 14.960000038146974
decision_type=2 2 2 2 2 2 2
left_child=-1 3 -3 6 5 -5 -2
right_child=1 2 -4 4 -6 -7 -8
leaf_value=-2.2507950941832501e-05 6.510390303869794e-05 -0.0001099471224707869 4.3592723364945599e-05 6.8861763062832491e-06 2.6835545114370804e-05 -0.00013788768890888 1.5060105531035428e-05
leaf_weight=26 155 30 131 27 67 25 289
leaf_count=26 155 30 131 27 67 25 289
internal_value=6.66669e-05 0.000303868 -0.0018323 0.000914743 -0.00172269 -0.00557692 0.00162162
internal_weight=750 724 161 563 119 52 444
internal_count=750 724 161 563 119 52 444
is_linear=0
shrinkage=0.05


Tree=41
num_leaves=8
num_cat=0
split_feature=12 11 9 5 9 9 12
split_gain=0.333787 0.738796 0.804103 0.408631 0.492901 0.41564 0.31432
threshold=-0.030100070000726505 -0.019621602504463761 -0.19931916125141799 0.010314169611853831 0.11365277098185424 0.15949694949038287 -0.0093119060190361962
decision_type=2 2 10 2 10 10 2
left_child=1 -1 -3 4 -2 -6 -5
right_child=3 2 -4 6 5 -7 -8
leaf_value=0.00025671864474541333 -9.6009734846973387e-05 1.5858104805066064e-06 -0.00032349827737209721 0.000156161495704612 6.3048733791988134e-05 -6.0283107695876236e-05 4.8783575169935478e-06
leaf_weight=40 38 27 25 69 27 29 497
leaf_count=40 38 27 25 69 27 29 497
internal_value=0.000212766 -0.0026087 -0.00653846 0.000606061 -0.00244681 0.000535714 0.00111307
internal_weight=752 92 52 660 94 56 566
internal_count=752 92 52 660 94 56 566
is_linear=0
shrinkage=0.05


Tree=42
num_leaves=8
num_cat=0
split_feature=16 6 1 16 15 8 11
split_gain=0.365134 0.294701 0.525611 0.308466 0.545831 0.68855 0.675433
threshold=0.059699500075510066 -1.0527493663836067 -0.0018114495826130337 -0.0075044493148536109 -0.0028899691282519009 0.043133531771646701 0.0070762605113673391
decision_type=2 2 2 2 2 8 2
left_child=1 2 -1 -3 5 6 -5
right_child=-2 3 -4 4 -6 -7 -8
leaf_value=0.00020781712591957477 0.00014292624200780286 1.5066733764636375e-05 -7.1363329323579801e-05 -8.5440034456996252e-05 3.6482603087818104e-06 -0.00014325818795433886 3.4171336726911289e-05
leaf_weight=26 36 223 25 40 334 25 44
leaf_count=26 36 223 25 40 334 25 44
internal_value=8.63216e-05 -0.00016039 -0.00382353 0.00012012 -0.000643341 -0.0037156 -0.00154762
internal_weight=753 717 51 666 443 109 84
internal_count=753 717 51 666 443 109 84
is_linear=0
shrinkage=0.05


Tree=43
num_leaves=8
num_cat=0
split_feature=2 13 2 6 1 3 5
split_gain=0.305109 0.345076 0.58134 0.437655 0.480994 0.539576 0.931677
threshold=0.11181920244971268 14.465000152587892 0.074568767512948844 0.845246426584366 -0.042426132749998229 0.0049260433535508472 0.013920532752693011
decision_type=2 2 2 2 2 2 2
left_child=1 2 -1 4 -3 -6 -7
right_child=-2 3 -4 -5 5 6 -8
leaf_value=2.5868350545186706e-05 0.00014215214396660368 0.00017730858770506866 -4.7095052804234572e-05 -0.00011020801374725788 2.5250211912346382e-06 -0.00021678329539455817 3.619213759450877e-06
leaf_weight=165 36 65 25 87 299 27 42
leaf_count=165 36 65 25 87 299 27 42
internal_value=0.000509384 0.00028169 0.00210526 -0.000384615 0.000265589 -0.000434782 -0.00442029
internal_weight=746 710 190 520 433 368 69
internal_count=746 710 190 520 433 368 69
is_linear=0
shrinkage=0.05


Tree=44
num_leaves=8
num_cat=0
split_feature=4 13 6 11 3 14 11
split_gain=0.4625 1.90046 0.537602 0.524341 0.521406 0.550971 0.595202
threshold=0.028474430012147299 16.095000267028812 0.51807141928056866 0.018473539539137333 0.0076175453136151381 -0.03286597934359297 0.013973401641150464
decision_type=2 2 2 2 2 2 2
left_child=3 -2 -3 4 5 -1 -7
right_child=1 2 -4 -5 -6 6 -8
leaf_value=8.6593636990626562e-05 -0.00014785692044412053 7.0162936084186141e-05 -0.00029208772010740172 6.2656815156379914e-05 -4.5590021756246966e-05 8.819830228399379e-07 -5.8802472283690573e-05
leaf_weight=107 25 96 27 116 44 285 40
leaf_count=107 25 96 27 116 44 285 40
internal_value=6.75678e-05 -0.00243243 0.000121951 0.000692568 -4.20166e-05 0.000486111 -0.000538461
internal_weight=740 148 123 592 476 432 325
internal_count=740 148 123 592 476 432 325
is_linear=0
shrinkage=0.05


end of trees

feature_importances:
ret_5d=32
dvol_z_20=27
dist_ma50=25
sector_ret_1d=25
sector_ret_5d=24
vix_level=22
spy_ret_5d=20
parkinson_20=19
atr_pct=18
ret_20d=16
overnight_gap=16
vix_chg_1d=15
dist_ma20=13
spy_ret_1d=13
dist_ma200=12
ret_1d=10
spy_ret_20d=8

parameters:
[boosting: gbdt]
[objective: quantile]
[metric: quantile]
[tree_learner: serial]
[device_type: cpu]
[data_sample_strategy: bagging]
[data: ]
[valid: ]
[num_iterations: 80]
[learning_rate: 0.05]
[num_leaves: 8]
[num_threads: 1]
[seed: 0]
[deterministic: 0]
[force_col_wise: 1]
[force_row_wise: 0]
[histogram_pool_size: -1]
[max_depth: -1]
[min_data_in_leaf: 25]
[min_sum_hessian_in_leaf: 0.001]
[bagging_fraction: 0.9]
[pos_bagging_fraction: 1]
[neg_bagging_fraction: 1]
[bagging_freq: 1]
[bagging_seed: 3]
[bagging_by_query: 0]
[feature_fraction: 0.9]
[feature_fraction_bynode: 1]
[feature_fraction_seed: 2]
[extra_trees: 0]
[extra_seed: 6]
[early_stopping_round: 0]
[early_stopping_min_delta: 0]
[first_metric_only: 0]
[max_delta_step: 0]
[lambda_l1: 0]
[lambda_l2: 0]
[linear_lambda: 0]
[min_gain_to_split: 0]
[drop_rate: 0.1]
[max_drop: 50]
[skip_drop: 0.5]
[xgboost_dart_mode: 0]
[uniform_drop: 0]
[drop_seed: 4]
[top_rate: 0.2]
[other_rate: 0.1]
[min_data_per_group: 100]
[max_cat_threshold: 32]
[cat_l2: 10]
[cat_smooth: 10]
[max_cat_to_onehot: 4]
[top_k: 20]
[monotone_constraints: ]
[monotone_constraints_method: basic]
[monotone_penalty: 0]
[feature_contri: ]
[forcedsplits_filename: ]
[refit_decay_rate: 0.9]
[cegb_tradeoff: 1]
[cegb_penalty_split: 0]
[cegb_penalty_feature_lazy: ]
[cegb_penalty_feature_coupled: ]
[path_smooth: 0]
[interaction_constraints: ]
[verbosity: -1]
[saved_feature_importance_type: 0]
[use_quantized_grad: 0]
[num_grad_quant_bins: 4]
[quant_train_renew_leaf: 0]
[stochastic_rounding: 1]
[linear_tree: 0]
[max_bin: 255]
[max_bin_by_feature: ]
[min_data_in_bin: 3]
[bin_construct_sample_cnt: 200000]
[data_random_seed: 1]
[is_enable_sparse: 1]
[enable_bundle: 1]
[use_missing: 1]
[zero_as_missing: 0]
[feature_pre_filter: 1]
[pre_partition: 0]
[two_round: 0]
[header: 0]
[label_column: ]
[weight_column: ]
[group_column: ]
[ignore_column: ]
[categorical_feature: ]
[forcedbins_filename: ]
[precise_float_parser: 0]
[parser_config_file: ]
[objective_seed: 5]
[num_class: 1]
[is_unbalance: 0]
[scale_pos_weight: 1]
[sigmoid: 1]
[boost_from_average: 1]
[reg_sqrt: 0]
[alpha: 0.1]
[fair_c: 1]
[poisson_max_delta_step: 0.7]
[tweedie_variance_power: 1.5]
[lambdarank_truncation_level: 30]
[lambdarank_norm: 1]
[label_gain: ]
[lambdarank_position_bias_regularization: 0]
[eval_at: ]
[multi_error_top_k: 1]
[auc_mu_weights: ]
[num_machines: 1]
[local_listen_port: 12400]
[time_out: 120]
[machine_list_filename: ]
[machines: ]
[gpu_platform_id: -1]
[gpu_device_id: -1]
[gpu_device_id_list: ]
[gpu_use_dp: 0]
[num_gpu: 1]

end of parameters

pandas_categorical:[]
