tree
version=v4
num_class=1
num_tree_per_iteration=1
label_index=0
max_feature_idx=16
objective=quantile
feature_names=ret_1d ret_5d ret_20d overnight_gap atr_pct parkinson_20 dvol_z_20 dist_ma20 dist_ma50 dist_ma200 spy_ret_1d spy_ret_5d spy_ret_20d vix_level vix_chg_1d sector_ret_1d sector_ret_5d
feature_infos=[-0.10030802196330513:0.10569029850746259] [-0.14360119047619047:0.20848880597014929] [-0.16781741465285771:0.28680778680778674] [-0.07034779490856935:0.072761194029850706] [0.014318912496505454:0.043190728945505998] [0.0095628950116597583:0.026955664748836424] [-1.9755715236795364:4.3215576351318568] [-0.1361507509715727:0.1753445288188491] [-0.15988857790853994:0.26987384163308215] [-0.2864235998018767:0.20733110523771847] [-0.058542947643003718:0.10501933612632941] [-0.11496158439845272:0.082843216242346029] [-0.12265592443394913:0.15756596870864792] [11.859999656677246:52.330001831054688] [-0.35753873962348437:0.74039073966007019] [-0.045565899069083815:0.057443365695792892] [-0.11461318051575942:0.085316846986089656]
tree_sizes=815 858 861 857 863 865 862 862 866 873 857 877 867 860 860 870 867 872 854 866 865 875 865 869 854 865 869 866 866 863 870 874 864 871 864 870 861 869 865 861 859 866 865 872 878 867 862 875 868 860 864 856 871 869 873 870 876 866 871 863 868 876 874 870 862 864 867 858 872 872 866 871 871 871 864 862 869 860

Tree=0
num_leaves=8
num_cat=0
split_feature=3 9 10 13 1 1 3
split_gain=1.92277 1.05861 0.783404 0.523707 1 1.28 0.50166
threshold=-0.0097726050260608082 -0.035356982286408649 -0.013788046856732237 13.444999694824221 0.014752743342605347 0.047250061040210796 0.0030447987083249699
decision_type=2 10 2 2 2 2 2
left_child=1 -1 -2 4 -4 -6 -5
right_child=2 -3 3 6 5 -7 -8
leaf_value=0.020603992227168088 0.019839759915887777 0.019888759661081435 0.019434838687529737 0.01952624961842616 0.020311763185692035 0.019611902848530916 0.019771708124007813
leaf_weight=26 42 28 50 358 25 25 196
leaf_count=26 42 28 50 358 25 25 196
internal_value=0.0195569 0.0286458 0.0188517 0.0184266 0.0217569 0.0267569 0.0178255
internal_weight=750 54 696 654 100 50 554
internal_count=750 54 696 654 100 50 554
is_linear=0
shrinkage=1


Tree=1
num_leaves=8
num_cat=0
split_feature=9 0 9 14 14 12 4
split_gain=1.99421 1.02231 0.80449 0.72799 0.734492 0.63173 0.660498
threshold=-0.10612977642007641 -0.026103105403041001 0.13226076524414368 0.0037598780805861991 0.015727597801877272 0.0061046403867389696 0.02508220220732112
decision_type=8 2 8 2 2 2 2
left_child=-1 -2 3 -3 -5 6 -6
right_child=1 2 -4 4 5 -7 -8
leaf_value=0.00081415273497306663 0.0004527333448233046 -0.0001619507898059335 -0.00020646772928291872 0.00039490814918754401 0.00030999873406827613 -0.00011264929168076995 -0.00026220391888929308
leaf_weight=37 30 264 216 31 34 97 25
leaf_count=37 30 264 216 31 34 97 25
internal_value=-9.5369e-05 -0.000695841 -0.00110195 9.97771e-05 0.00248663 0.00108974 0.00516949
internal_weight=734 697 667 451 187 156 59
internal_count=734 697 667 451 187 156 59
is_linear=0
shrinkage=0.05


Tree=2
num_leaves=8
num_cat=0
split_feature=0 9 3 13 14 9 4
split_gain=1.04895 0.843895 0.433574 0.501652 0.45435 0.396002 0.364001
threshold=-0.026103105403041001 -0.11260329983542204 0.0021897191458423175 13.305000305175783 0.076607678117126224 0.1335243211210079 0.019334160365960088
decision_type=2 8 2 2 2 8 2
left_child=-1 -2 3 -3 5 -4 -5
right_child=1 2 4 6 -6 -7 -8
leaf_value=0.00071420199315715138 0.00051632380208138965 0.00031957750240711497 3.27168296477587e-05 -8.4241416793024666e-06 0.00030917049947394061 -0.00018834718613001974 -0.00027041376462284063
leaf_weight=35 28 46 160 94 26 70 290
leaf_count=35 28 46 160 94 26 70 290
internal_value=-0.000594127 -0.0010084 -0.00135569 -0.00232558 0.000273436 -0.000434784 -0.00291667
internal_weight=749 714 686 430 256 230 384
internal_count=749 714 686 430 256 230 384
is_linear=0
shrinkage=0.05


Tree=3
num_leaves=8
num_cat=0
split_feature=0 9 7 1 14 0 0
split_gain=1.17034 0.827473 0.629477 1.37003 0.577778 0.858174 0.642604
threshold=-0.026103105403041001 -0.10612977642007641 0.046874914619774007 0.045334471054146348 0.014555585659076444 0.016677154127299091 0.02143540483101836
decision_type=2 8 2 2 2 2 2
left_child=-1 -2 4 -4 5 -3 -7
right_child=1 2 3 -5 -6 6 -8
leaf_value=0.00065187420768498823 0.00036329615597972234 -0.0003035070778338352 0.0004832538249187203 -0.00036966613453505675 3.7767246937717662e-05 0.00024568483472951476 -0.00022867369636075528
leaf_weight=37 33 334 41 47 195 25 31
leaf_count=37 33 334 41 47 195 25 31
internal_value=-0.000154779 -0.000609066 -0.000988114 0.00295454 -0.0015812 -0.00269231 0.00303571
internal_weight=743 706 673 88 585 390 56
internal_count=743 706 673 88 585 390 56
is_linear=0
shrinkage=0.05


Tree=4
num_leaves=8
num_cat=0
split_feature=0 9 14 12 15 16 7
split_gain=1.29599 0.518678 0.559219 0.731588 1.02259 0.670389 1.37238
threshold=-0.026103105403041001 0.1335243211210079 -0.022450840204273455 0.0061046403867389696 0.0069775654710495525 -0.012764642585337103 -0.009948542368586109
decision_type=2 8 2 2 2 2 2
left_child=-1 2 -2 5 -5 -4 -7
right_child=1 -3 3 4 -6 6 -8
leaf_value=0.0006458981831150444 -0.00018795189402533684 -0.00015257846548661516 -0.00038464967562643353 -0.00018839360775858483 0.00040118815102081323 0.00061989107504415851 0.00017945335284115556
leaf_weight=35 179 212 27 187 41 28 37
leaf_count=35 179 212 27 187 41 28 37
internal_value=-0.00010724 -0.000569621 0.00031062 0.0015625 4.38585e-05 0.00532609 0.00807692
internal_weight=746 711 499 320 228 92 65
internal_count=746 711 499 320 228 92 65
is_linear=0
shrinkage=0.05


Tree=5
num_leaves=8
num_cat=0
split_feature=11 8 3 1 11 3 10
split_gain=1.11703 1.08563 0.933236 1.06653 0.885595 0.480287 0.631653
threshold=0.026101750474282651 0.011217982174581366 -0.0073423008682156335 0.014888509941804575 -0.025492128925019227 -0.0013141133734513308 -0.0052693175336530054
decision_type=2 10 2 2 2 2 2
left_child=2 -2 3 -1 -4 -6 -7
right_child=1 -3 4 -5 5 6 -8
leaf_value=2.8335899130652054e-06 0.00072695967359796766 -0.00028131622940763296 0.0002175121793594238 0.00041780842256733744 -0.00029226417983037203 0.00021246146638463989 -0.00011115914530275698
leaf_weight=61 44 29 35 25 180 54 309
leaf_count=61 44 29 35 25 180 54 309
internal_value=8.81942e-05 0.0059589 -0.00055723 0.00430232 -0.00128028 -0.00177717 -0.000730029
internal_weight=737 73 664 86 578 543 363
internal_count=737 73 664 86 578 543 363
is_linear=0
shrinkage=0.05


Tree=6
num_leaves=8
num_cat=0
split_feature=3 11 11 15 11 0 15
split_gain=0.977497 0.652737 0.766233 0.63787 0.625557 0.51759 0.578981
threshold=-0.0081390812439528486 -0.023775986944761848 0.025734816417073651 0.0072866739383515853 -0.0034482783257907541 0.015584180174019304 0.0110818155758472
decision_type=2 2 2 2 2 2 2
left_child=4 -2 5 -4 -1 -3 -7
right_child=1 2 3 -5 -6 6 -8
leaf_value=0.00063164548470748987 0.00017657839340613253 -0.00017905374650343828 -2.2262754217716833e-05 0.00045311395469219021 0.00025617852678456137 0.00028327589793937855 -0.00017628120740336044
leaf_weight=32 44 471 48 27 46 40 38
leaf_count=32 44 471 48 27 46 40 38
internal_value=-4.02157e-05 -0.000658684 -0.00107372 0.00366667 0.00525641 -0.00172131 0.00205128
internal_weight=746 668 624 75 78 549 78
internal_count=746 668 624 75 78 549 78
is_linear=0
shrinkage=0.05


Tree=7
num_leaves=8
num_cat=0
split_feature=0 5 12 9 6 5 6
split_gain=1.33154 0.730748 0.620234 0.428867 0.626685 0.553976 0.513426
threshold=-0.026103105403041001 0.018327446287899913 0.078665433833488688 0.1335243211210079 1.0773266597189257 0.012117913939207406 0.03499292188545907
decision_type=2 2 2 8 2 2 2
left_child=-1 2 3 4 5 -2 -7
right_child=1 -3 -4 -5 -6 6 -8
leaf_value=0.00058302111838513164 -0.00031616176261653353 0.00032838411730523695 0.00047721588067445059 -0.00018178082274414604 0.00026151576636331274 6.001571959315961e-05 -0.0002352911530001052
leaf_weight=35 97 29 26 201 59 209 89
leaf_count=35 97 29 26 201 59 209 89
internal_value=-0.000234901 -0.000704227 -0.00103524 -0.00133588 -0.000484583 -0.00120253 -0.000134229
internal_weight=745 710 681 655 454 395 298
internal_count=745 710 681 655 454 395 298
is_linear=0
shrinkage=0.05


Tree=8
num_leaves=8
num_cat=0
split_feature=3 0 11 8 3 0 9
split_gain=1.07809 0.798149 0.602309 1.08029 0.58872 0.897025 0.429476
threshold=-0.0081390812439528486 -0.0095955102454013935 0.025734816417073651 0.0075500019439850305 0.0058751592098955649 0.0055535620569115993 0.0057363873679753272
decision_type=2 2 2 10 2 2 8
left_child=1 -1 4 -4 6 -6 -2
right_child=2 -3 3 -5 5 -7 -8
leaf_value=0.00057260445763379695 -2.3746555830662898e-05 -1.4870789949812206e-05 0.0005992859947011259 -0.00029706878043745999 0.00036381512446640178 -1.7028441490012768e-05 -0.00024758144027926934
leaf_weight=43 218 32 44 32 37 66 292
leaf_count=43 218 32 44 32 37 66 292
internal_value=-2.61792e-05 0.00566667 -0.000645865 0.00355263 -0.0011664 0.00228155 -0.00186275
internal_weight=764 75 689 76 613 103 510
internal_count=764 75 689 76 613 103 510
is_linear=0
shrinkage=0.05


Tree=9
num_leaves=8
num_cat=0
split_feature=9 11 7 13 7 11 14
split_gain=1.00167 0.469659 0.405935 0.736648 0.514323 0.616222 0.657087
threshold=-0.1028155104670062 -0.023775986944761848 0.023478919765410392 12.925000190734865 -0.0060120667029357469 0.020793273633493151 0.0037598780805861991
decision_type=8 2 2 2 2 2 2
left_child=-1 -2 4 -4 5 6 -3
right_child=1 2 3 -5 -6 -7 -8
leaf_value=0.00052258255522552642 0.000121113247044416 -0.00022366328545222905 0.00026903554482588096 -3.9083726032965795e-05 -0.00021153338683033474 0.00050217634849127253 9.4444844267662704e-05
leaf_weight=47 36 138 31 147 206 25 114
leaf_count=47 36 138 31 147 206 25 114
internal_value=-0.000362904 -0.000839313 -0.00114221 0.000898875 -0.00189441 -0.000487366 -0.00123016
internal_weight=744 697 661 178 483 277 252
internal_count=744 697 661 178 483 277 252
is_linear=0
shrinkage=0.05


Tree=10
num_leaves=8
num_cat=0
split_feature=4 7 12 6 0 3 2
split_gain=0.890492 0.664877 1.14133 0.625199 0.330901 0.406836 0.360572
threshold=0.032265341215512923 0.046874914619774007 0.032816284988903439 2.2832751157864277 0.016677154127299091 0.0025018213654290915 -0.071347516545967424
decision_type=2 2 2 2 2 2 2
left_child=1 3 -3 4 6 -6 -1
right_child=-2 2 -4 -5 5 -7 -8
leaf_value=1.9521229417293961e-05 0.00044616083539746336 -0.00036034019153169844 0.00027650388852741196 0.00029523660408281924 -0.00012031662701883299 0.00011975934251959755 -0.00016786979401715881
leaf_weight=97 31 43 48 27 27 41 435
leaf_count=97 31 43 48 27 27 41 435
internal_value=-0.00039386 -0.00075209 0.00324176 -0.00133174 -0.00166667 0.00161765 -0.00208647
internal_weight=749 718 91 627 600 68 532
internal_count=749 718 91 627 600 68 532
is_linear=0
shrinkage=0.05


Tree=11
num_leaves=8
num_cat=0
split_feature=0 14 10 15 0 7 9
split_gain=0.708246 0.388156 0.635251 0.481101 0.816807 0.651855 0.466999
threshold=-0.026103105403041001 -0.022450840204273455 0.0057884302310804445 -0.0031344202489196333 -0.0051646713898112475 -0.0012064931132299559 -0.094633063322777142
decision_type=2 2 2 2 2 2 8
left_child=-1 6 3 4 -3 -6 -2
right_child=1 2 -4 -5 5 -7 -8
leaf_value=0.00042787741533190782 0.00023506104278069319 -2.2277886628732161e-05 0.00040754900080406823 -0.00010955231514946567 0.00027900781920764487 1.7142257953429521e-05 -0.0001852084378480391
leaf_weight=35 29 119 41 235 26 25 237
leaf_count=35 29 119 41 235 26 25 237
internal_value=-0.000515396 -0.000856743 4.48419e-05 -0.000555557 0.00147059 0.0067647 -0.00236842
internal_weight=747 712 446 405 170 51 266
internal_count=747 712 446 405 170 51 266
is_linear=0
shrinkage=0.05


Tree=12
num_leaves=8
num_cat=0
split_feature=0 9 5 3 13 1 5
split_gain=0.665514 0.665154 0.606302 0.451879 0.408313 0.694795 1.05376
threshold=-0.026103105403041001 0.13226076524414368 0.010560160070576417 -0.0073423008682156335 15.194999694824221 -1.0000000180025095e-35 0.015528016460761953
decision_type=2 8 2 2 2 2 2
left_child=-1 2 -2 -4 5 -5 -7
right_child=1 -3 3 4 -6 6 -8
leaf_value=0.0004064835445653124 3.482356987150225e-05 -0.00012352213502985783 0.00016073831288090619 -0.00023843940690950719 -0.00015545367287636525 0.00038366872413838666 -0.00049642073532333165
leaf_weight=35 28 204 47 52 275 62 31
leaf_count=35 28 204 47 52 275 62 31
internal_value=-0.000299729 -0.000636625 0.000353534 -7.49477e-05 -0.000595239 0.00155172 0.00413978
internal_weight=734 699 495 467 420 145 93
internal_count=734 699 495 467 420 145 93
is_linear=0
shrinkage=0.05


Tree=13
num_leaves=8
num_cat=0
split_feature=5 7 12 6 16 0 2
split_gain=0.707036 0.56433 1.13833 0.499697 0.875081 0.338884 0.428307
threshold=0.018327446287899913 0.046874914619774007 0.032816284988903439 1.3795493489044444 -0.0061118166948597721 0.016677154127299091 -0.071347516545967424
decision_type=2 2 2 2 2 2 2
left_child=1 3 -3 5 -5 6 -1
right_child=-2 2 -4 4 -6 -7 -8
leaf_value=1.2464948979176172e-05 0.00031009941553772054 -0.00049360261275769365 0.00028247812758111821 0.00034722917191839565 -0.00011231811025686403 7.8752835994216731e-05 -0.00016214845794205782
leaf_weight=96 33 40 42 26 41 54 413
leaf_count=96 33 40 42 26 41 54 413
internal_value=-3.35582e-05 -0.00036517 0.00353658 -0.000873017 0.00320895 -0.00135879 -0.00175835
internal_weight=745 712 82 630 67 563 509
internal_count=745 712 82 630 67 563 509
is_linear=0
shrinkage=0.05


Tree=14
num_leaves=8
num_cat=0
split_feature=2 15 2 7 5 2 6
split_gain=0.849242 1.33355 1.09116 0.663463 0.669667 0.869268 0.836966
threshold=-0.071347516545967424 0.0018050666479880741 -0.092081656837873935 0.023478919765410392 0.016285101540170079 0.044773650260507843 -0.22594426453682995
decision_type=2 2 2 2 2 2 2
left_child=1 2 -1 -2 5 -5 -7
right_child=3 -3 -4 4 -6 6 -8
leaf_value=0.00036187963929978163 -0.00010522937820303411 -0.00020256281819859296 0.00043385347027544103 0.00028582580312252608 -0.00046493465071922245 0.00017941667242027292 -0.00028122534246809925
leaf_weight=43 419 45 29 47 30 47 59
leaf_count=43 419 45 29 47 30 47 59
internal_value=7.64939e-05 0.00397436 0.00819444 -0.000681064 0.0018306 0.00316993 0.000660376
internal_weight=719 117 72 602 183 153 106
internal_count=719 117 72 602 183 153 106
is_linear=0
shrinkage=0.05


Tree=15
num_leaves=8
num_cat=0
split_feature=3 5 11 12 3 10 13
split_gain=1.41147 1.5996 0.462846 0.363589 0.398517 0.684365 0.427186
threshold=-0.0081390812439528486 0.014300544654000521 -0.025492128925019227 0.078665433833488688 -0.00032617753962238533 -0.0069332481569183138 16.035000801086429
decision_type=2 2 2 2 2 2 2
left_child=1 -1 -2 4 -4 -6 -7
right_child=2 -3 3 -5 5 6 -8
leaf_value=-8.9357822918539767e-05 0.00016154535769224862 0.00045380355709230124 -0.00025074692446914884 0.00018933228634575923 0.00026420875378391489 1.6275588055422539e-05 -0.00014502129799149783
leaf_weight=30 39 49 252 28 31 160 154
leaf_count=30 39 49 252 28 31 160 154
internal_value=-0.000558548 0.00575949 -0.00131024 -0.00164 -0.00190117 -0.000797103 -0.00149682
internal_weight=743 79 664 625 597 345 314
internal_count=743 79 664 625 597 345 314
is_linear=0
shrinkage=0.05


Tree=16
num_leaves=8
num_cat=0
split_feature=3 2 11 3 15 11 3
split_gain=1.02735 0.840469 0.483674 0.558849 0.475364 0.557842 0.91726
threshold=-0.0073423008682156335 -0.060654881634723816 0.025734816417073651 0.011716261812690367 -0.0036038200622534595 0.00909053299113405 -0.0013141133734513308
decision_type=2 2 2 2 2 2 2
left_child=1 -1 3 4 5 6 -2
right_child=2 -3 -4 -5 -6 -7 -8
leaf_value=0.00043316294429011394 -0.00017358846610738947 6.6658365914616394e-05 0.00023540281030876931 8.4437793749637285e-05 -0.00013325498414307814 -0.00040733857913306397 0.00018604339289575054
leaf_weight=26 55 67 77 29 394 49 60
leaf_count=26 55 67 77 29 394 49 60
internal_value=-0.000244387 0.00467742 -0.000933736 -0.00142249 -0.00177419 0.000487804 0.0023913
internal_weight=757 93 664 587 558 164 115
internal_count=757 93 664 587 558 164 115
is_linear=0
shrinkage=0.05


Tree=17
num_leaves=8
num_cat=0
split_feature=5 15 11 1 14 10 3
split_gain=0.67291 0.547847 1.13077 1.40184 0.394517 0.805035 0.432464
threshold=0.018327446287899913 -0.0090082096616903012 -0.020756034341227022 0.0030742008004348569 -0.022450840204273455 0.0066242939925211805 0.0058751592098955649
decision_type=2 2 2 2 2 2 2
left_child=1 2 -1 -4 -3 6 -6
right_child=-2 4 3 -5 5 -7 -8
leaf_value=0.00028912381597137284 0.00034542247467737012 -0.0001396644844021546 -0.00024701557535619292 0.0003123406933233275 -9.9900268690722424e-05 0.00052160685988211005 6.5607857594185076e-05
leaf_weight=27 34 234 62 28 290 26 45
leaf_count=27 34 234 62 28 290 26 45
internal_value=-0.00010724 -0.000435394 0.00269231 -1.19209e-09 -0.00105042 -1.38516e-05 -0.000671643
internal_weight=746 712 117 90 595 361 335
internal_count=746 712 117 90 595 361 335
is_linear=0
shrinkage=0.05


Tree=18
num_leaves=8
num_cat=0
split_feature=2 15 8 0 3 3 2
split_gain=0.62127 0.988222 1.08392 0.537071 0.705676 0.909865 0.424467
threshold=-0.071347516545967424 0.0018050666479880741 -0.067645533232669683 0.015584180174019304 0.00092671765326879385 0.0052005538502135637 -0.035183394791384708
decision_type=2 2 8 2 2 2 2
left_child=1 2 -1 6 -5 -6 -2
right_child=3 -3 -4 4 5 -7 -8
leaf_value=0.00011348792513128827 -0.00026954891273107181 -0.00034214925564367721 0.00031307528498301115 -6.6497336306281459e-05 0.00030268342420813042 7.2488151233823073e-06 -7.5367873501747549e-05
leaf_weight=54 97 46 25 33 25 42 431
leaf_count=54 97 46 25 33 25 42 431
internal_value=-0.000219125 0.003 0.0063924 -0.000859874 0.0025 0.00544776 -0.00149621
internal_weight=753 125 79 628 100 67 528
internal_count=753 125 79 628 100 67 528
is_linear=0
shrinkage=0.05


Tree=19
num_leaves=8
num_cat=0
split_feature=11 3 12 3 5 11 11
split_gain=0.657208 0.822158 0.745643 0.618131 1.48654 0.468393 0.541859
threshold=-0.011693730673341061 0.0047404404210998905 -0.016111224789670416 -0.0081390812439528486 0.014396806162901463 0.022371671990612522 0.028003241711031971
decision_type=2 2 2 2 2 2 2
left_child=1 2 -1 4 -2 -5 -7
right_child=3 -3 -4 5 -6 6 -8
leaf_value=-0.00025683406121051268 -7.4469544043403828e-05 0.00017233438690840476 0.00015024840098857488 -0.00012417592889885009 0.00040302383599403156 0.00026544028808738276 -1.1242008062320458e-05
leaf_weight=54 31 25 48 467 25 28 61
leaf_count=54 31 25 48 467 25 28 61
internal_value=-0.000399189 0.00287401 0.000882352 -0.00107843 0.00392857 -0.00158274 0.00174157
internal_weight=739 127 102 612 56 556 89
internal_count=739 127 102 612 56 556 89
is_linear=0
shrinkage=0.05


Tree=20
num_leaves=8
num_cat=0
split_feature=3 5 16 11 4 5 4
split_gain=0.995177 1.40684 0.506499 0.524476 0.681067 0.397659 0.597931
threshold=-0.0081390812439528486 0.014300544654000521 -0.039485249925057191 0.025734816417073651 0.025667777238630691 0.015042574628531005 0.024276654315973204
decision_type=2 2 2 2 2 2 2
left_child=1 -1 -2 4 5 -4 -7
right_child=2 -3 3 -5 -6 6 -8
leaf_value=-6.2445162603510127e-05 0.00032979093182772056 0.0003875159373117896 -6.3389257305008747e-05 0.00019376714073932651 -0.00014168481065758248 -0.00022125424412142213 0.0002980951013730204
leaf_weight=29 28 44 374 78 144 29 25
leaf_count=29 28 44 374 78 144 29 25
internal_value=-0.000272971 0.00527397 -0.000870208 -0.00115385 -0.00167832 -0.000677571 0.00333333
internal_weight=751 73 678 650 572 428 54
internal_count=751 73 678 650 572 428 54
is_linear=0
shrinkage=0.05


Tree=21
num_leaves=8
num_cat=0
split_feature=0 3 15 7 16 11 11
split_gain=0.978864 0.659709 0.561536 0.862889 0.574201 0.636763 0.52201
threshold=-0.026103105403041001 -0.0073423008682156335 0.0059883276966056229 0.046874914619774007 -0.0099219236202709431 0.018680357320368105 -0.023324980459216712
decision_type=2 2 2 2 2 2 2
left_child=-1 -2 6 4 -4 -6 -3
right_child=1 2 3 -5 5 -7 -8
leaf_value=0.00033748220204998965 9.948343434701591e-05 7.1038170782763426e-05 0.00014774077780587699 0.00024442586730784955 -0.00012527711125709753 0.00014683179345740616 -0.00012362090132999842
leaf_weight=34 79 33 26 33 101 31 411
leaf_count=34 79 33 26 33 101 31 411
internal_value=-5.34771e-05 -0.00044818 -0.000984253 0.00128272 -0.000253166 -0.00159091 -0.00195946
internal_weight=748 714 635 191 158 132 444
internal_count=748 714 635 191 158 132 444
is_linear=0
shrinkage=0.05


Tree=22
num_leaves=8
num_cat=0
split_feature=0 2 15 2 2 0 7
split_gain=0.813317 0.485141 0.687604 0.683418 0.870606 0.541093 0.973221
threshold=-0.026103105403041001 -0.0017939824640124666 -0.010443132943696308 -0.073236460887356566 -0.11675534090190313 -0.003556039680302769 -0.0039075375744552767
decision_type=2 2 2 2 2 2 2
left_child=-1 3 -3 4 -2 -4 -7
right_child=1 2 5 -5 -6 6 -8
leaf_value=0.0003195536830477041 -0.00036474959628642468 0.0002156934665270778 -0.00035638452703938908 -0.00012161576016635453 9.7137686893142533e-05 0.00056724833392125481 -1.4643020998685029e-06
leaf_weight=38 34 26 89 249 66 26 214
leaf_count=38 34 26 89 249 66 26 214
internal_value=-0.00028302 -0.000667615 0.000633802 -0.00199141 0.0015 1.51964e-05 0.00125
internal_weight=742 704 355 349 100 329 240
internal_count=742 704 355 349 100 329 240
is_linear=0
shrinkage=0.05


Tree=23
num_leaves=8
num_cat=0
split_feature=5 4 11 5 7 12 3
split_gain=0.952083 0.451976 0.606344 0.663089 0.988424 0.602466 0.580755
threshold=0.018327446287899913 0.027405728268956774 -0.0027153549187989841 0.014347460704016764 -0.015541988743755229 0.076145599776237818 0.0025018213654290915
decision_type=2 2 2 2 2 2 2
left_child=1 2 3 6 -5 -4 -1
right_child=-2 -3 5 4 -6 -7 -8
leaf_value=-0.00011701689803984334 0.00029458775956774357 -0.00016958076072381425 -5.2186485006087319e-05 0.00032731975019703477 1.7795682555044208e-05 0.00037059345179842317 4.7536615315888953e-05
leaf_weight=82 34 113 394 26 38 26 38
leaf_count=82 34 113 394 26 38 26 38
internal_value=5.99189e-05 -0.000327756 0.000215231 0.00260869 0.00671875 -0.000833335 0.000416665
internal_weight=751 717 604 184 64 420 120
internal_count=751 717 604 184 64 420 120
is_linear=0
shrinkage=0.05


Tree=24
num_leaves=8
num_cat=0
split_feature=2 0 2 13 1 8 4
split_gain=0.786099 1.07518 0.733333 0.464219 1.08696 0.495149 0.667244
threshold=-0.071347516545967424 -0.016910500439090533 -0.092081656837873935 13.444999694824221 0.014752743342605347 -0.057442624286956893 0.024205384470598595
decision_type=2 2 2 2 2 10 2
left_child=1 -1 -3 4 -2 6 -5
right_child=3 2 -4 5 -6 -7 -8
leaf_value=0.00035207508042686426 -0.00012172188199620763 -0.00023478611971232229 0.00013289986993824778 0.00026648372434800131 0.00041500878063295695 -9.0543271785867768e-05 -6.4786729975996628e-05
leaf_weight=25 46 48 40 30 46 481 33
leaf_count=25 46 48 40 30 46 481 33
internal_value=6.67438e-06 0.00384956 0.00125 -0.000676102 0.00260869 -0.00123162 0.00293651
internal_weight=749 113 88 636 92 544 63
internal_count=749 113 88 636 92 544 63
is_linear=0
shrinkage=0.05


Tree=25
num_leaves=8
num_cat=0
split_feature=0 7 1 12 12 14 9
split_gain=0.583049 0.542321 1.23752 0.608379 0.974526 0.517048 1.04802
threshold=-0.026103105403041001 0.046874914619774007 0.048265140656444834 0.0072856362379064574 0.0017110127161689139 0.014555585659076444 -0.069609291531193648
decision_type=2 2 2 2 2 2 10
left_child=-1 3 -3 4 5 -2 -7
right_child=1 2 -4 -5 -6 6 -8
leaf_value=0.00019594147571020483 -0.00010947587907820013 0.00025354685760962898 -0.0003509583388842153 -8.0813835428188624e-05 0.00037424154539672863 -8.4549015102425325e-05 0.00028360610808236266
leaf_weight=37 124 48 47 384 38 43 36
leaf_count=37 124 48 47 384 38 43 36
internal_value=-0.000310437 -0.000625001 0.00289474 -0.00116 0.000809127 -0.000566504 0.00259494
internal_weight=757 720 95 625 241 203 79
internal_count=757 720 95 625 241 203 79
is_linear=0
shrinkage=0.05


Tree=26
num_leaves=8
num_cat=0
split_feature=6 15 2 7 8 15 8
split_gain=0.696636 0.723911 0.75022 0.52093 0.473716 1.23576 0.642529
threshold=1.0773266597189257 -0.0050164854095204317 0.027563354135407784 -0.06611656552592475 -0.0092897786599643855 -0.010811409110259627 0.00046505852768508055
decision_type=2 2 2 2 8 2 8
left_child=3 -2 -3 -1 -5 -6 -7
right_child=1 2 -4 4 5 6 -8
leaf_value=0.00018195569437881581 0.00026603408274608809 -0.00022929028925644382 0.00016918546289111281 -8.2564313479815867e-05 0.00018228663403610179 0.00032370548959756641 -5.6443186591332427e-05
leaf_weight=28 30 41 36 273 31 33 265
leaf_count=28 30 41 36 273 31 33 265
internal_value=-0.000318861 0.00341121 0.000844155 -0.000952382 -0.00126246 1.51964e-05 -0.000973156
internal_weight=737 107 77 630 602 329 298
internal_count=737 107 77 630 602 329 298
is_linear=0
shrinkage=0.05


Tree=27
num_leaves=8
num_cat=0
split_feature=3 9 16 3 14 15 11
split_gain=0.930367 0.636743 0.811298 0.501083 0.59607 0.55251 0.507889
threshold=-0.0073423008682156335 -0.10612977642007641 -0.0085055191244078881 -0.0013485361650569792 -0.068623004427642229 0.007308700076902209 -0.011522991723745544
decision_type=2 10 2 2 2 2 2
left_child=1 -1 -3 5 -5 -2 -6
right_child=3 2 -4 4 6 -7 -8
leaf_value=0.00027222660417888084 -0.0001671653572032962 -0.00038543179263587538 6.6903174361898705e-05 -0.0001179731867620687 7.4919322171455426e-05 0.00043399834537099087 3.4259250883375753e-06
leaf_weight=28 181 25 39 62 64 28 322
leaf_count=28 181 25 39 62 64 28 322
internal_value=7.343e-05 0.00478261 0.00203125 -0.000585998 0.000357142 -0.00260766 0.00108808
internal_weight=749 92 64 657 448 209 386
internal_count=749 92 64 657 448 209 386
is_linear=0
shrinkage=0.05


Tree=28
num_leaves=8
num_cat=0
split_feature=2 0 2 12 14 14 5
split_gain=0.943268 1.03599 1.01171 0.589526 0.299888 0.679491 0.368726
threshold=-0.071347516545967424 -0.017231290277059049 -0.092081656837873935 0.078665433833488688 0.0066946732173895915 0.016378333086022993 0.017403053842675122
decision_type=2 2 2 2 2 2 2
left_child=1 -1 -3 4 6 -6 -2
right_child=3 2 -4 -5 5 -7 -8
leaf_value=0.00030129097883086186 -0.0001069194202223348 -0.00024831602499086891 0.00012358954675876498 0.00017788206480699186 0.00012328304930232743 -3.6465073024068967e-05 7.8563727059481315e-07
leaf_weight=25 338 52 40 33 41 204 31
leaf_count=25 338 52 40 33 41 204 31
internal_value=-0.000157069 0.00397436 0.00152174 -0.000904174 -0.00125407 0.00010204 -0.00215447
internal_weight=764 117 92 647 614 245 369
internal_count=764 117 92 647 614 245 369
is_linear=0
shrinkage=0.05


Tree=29
num_leaves=8
num_cat=0
split_feature=5 14 9 6 7 4 11
split_gain=0.713484 0.521841 0.639024 0.854216 0.679175 0.868433 0.749351
threshold=0.018327446287899913 -0.022227674526148929 0.1335243211210079 1.2214642172786505 0.014143744898294843 0.02398343133825941 -0.013447724126553815
decision_type=2 2 8 2 2 2 2
left_child=1 -1 3 4 6 -6 -3
right_child=-2 2 -4 -5 5 -7 -8
leaf_value=-9.8162510087745425e-05 0.00026320446866477421 6.3060601622252826e-05 -4.5568528101987631e-05 0.00028024337464065423 7.3219406465382399e-06 0.00056153104762986337 -0.00016004873370067775
leaf_weight=259 27 45 128 40 56 26 151
leaf_count=259 27 45 128 40 56 26 151
internal_value=-1.36624e-05 -0.00031915 0.000717488 0.00191824 0.000935251 0.0047561 -0.000663266
internal_weight=732 705 446 318 278 82 196
internal_count=732 705 446 318 278 82 196
is_linear=0
shrinkage=0.05


Tree=30
num_leaves=8
num_cat=0
split_feature=2 2 3 2 1 0 9
split_gain=0.55409 0.598158 0.912272 0.385264 0.500922 0.543321 0.658891
threshold=-0.073236460887356566 -0.11533100095011804 0.00025845652562417337 -0.035183394791384708 0.045334471054146348 0.00075394000887685231 0.13226076524414368
decision_type=2 2 2 2 2 2 8
left_child=1 -1 -3 -2 5 -5 -7
right_child=3 2 -4 4 -6 6 -8
leaf_value=-0.00012461878144069517 -0.00010544776131401017 0.00021560511356243637 -5.3431801858565845e-05 -5.7353488183525253e-05 -0.0001626639043875761 0.00023052120500830663 -5.4621812455462069e-05
leaf_weight=44 122 37 32 229 67 142 65
leaf_count=44 122 37 32 229 67 142 65
internal_value=-0.000257454 0.0029646 0.00586956 -0.000840001 -0.000228629 0.000389907 0.00224638
internal_weight=738 113 69 625 503 436 207
internal_count=738 113 69 625 503 436 207
is_linear=0
shrinkage=0.05


Tree=31
num_leaves=8
num_cat=0
split_feature=15 8 6 9 3 0 0
split_gain=0.621379 0.894222 1.04215 0.428736 0.412715 0.403843 0.454974
threshold=-0.0081447820084284955 -0.0059161305679288336 0.025791775518681812 0.1335243211210079 -0.0073423008682156335 -0.0083749860107736867 0.0052702321189602728
decision_type=2 10 2 10 2 2 2
left_child=1 2 -1 4 -2 -6 -7
right_child=3 -3 -4 -5 5 6 -8
leaf_value=-6.1380272708268319e-05 3.1933063510464792e-05 0.0001345456058388597 0.00029706920921459813 -0.00012786999519818478 -0.00037261715483181631 0.00011002628175022027 -2.406468914931157e-05
leaf_weight=56 50 43 39 54 70 198 228
leaf_count=56 50 43 39 54 70 198 228
internal_value=-5.42017e-05 0.00297101 0.000263157 -0.000750001 -0.000329672 -0.00076613 -0.000187795
internal_weight=738 138 95 600 546 496 426
internal_count=738 138 95 600 546 496 426
is_linear=0
shrinkage=0.05


Tree=32
num_leaves=8
num_cat=0
split_feature=3 2 11 11 7 0 0
split_gain=0.907251 0.824176 0.544448 0.521073 0.47451 0.433081 0.307539
threshold=-0.0073423008682156335 -0.060654881634723816 -0.023775986944761848 0.025734816417073651 0.0051585568070491314 0.0041260305459855937 -0.0025770047371115874
decision_type=2 2 2 2 2 2 2
left_child=1 -1 -2 6 -3 -5 -4
right_child=2 4 3 5 -6 -7 -8
leaf_value=0.00022054732021573823 0.00011948569535744794 -9.7864084589728963e-05 -0.00025081002638039246 0.00056249750001052031 6.4512770672814406e-05 -7.7850412367070973e-06 -6.0491382215825561e-06
leaf_weight=27 42 30 214 28 34 44 332
leaf_count=27 42 30 214 28 34 44 332
internal_value=-0.000339548 0.00434066 -0.00098485 -0.00135922 0.00125 0.00263889 -0.00188645
internal_weight=751 91 660 618 64 72 546
internal_count=751 91 660 618 64 72 546
is_linear=0
shrinkage=0.05


Tree=33
num_leaves=8
num_cat=0
split_feature=9 12 14 10 13 3 15
split_gain=0.784377 0.452211 0.463522 0.761098 0.45416 1.63888 0.571128
threshold=-0.10612977642007641 0.078665433833488688 -0.022227674526148929 0.0057884302310804445 17.914999961853031 0.0030447987083249699 -0.0093483917235057095
decision_type=8 2 2 2 2 2 2
left_child=-1 2 -2 4 6 -6 -4
right_child=1 -3 3 -5 5 -7 -8
leaf_value=0.00041563057012592277 -8.3647403339758952e-05 0.00020982568945566052 0.00012613039144274539 0.00029472599705111872 -2.0356908837594588e-05 0.00024540073299747619 -0.00012146801382659286
leaf_weight=34 234 30 53 40 97 35 225
leaf_count=34 234 30 53 40 97 35 225
internal_value=-0.000655081 -0.0010084 -0.00127193 -0.000333335 -0.000975611 0.00143939 -0.0021223
internal_weight=748 714 684 450 410 132 278
internal_count=748 714 684 450 410 132 278
is_linear=0
shrinkage=0.05


Tree=34
num_leaves=8
num_cat=0
split_feature=6 3 13 3 7 2 8
split_gain=0.810948 0.494051 0.646217 0.406993 0.297673 0.680005 0.287584
threshold=2.0903098421808264 0.0058751592098955649 18.444999694824222 0.0076613891894078421 0.014143744898294843 0.028610675958619328 0.0075500019439850305
decision_type=2 2 2 2 2 2 10
left_child=1 4 3 -3 -1 -6 -7
right_child=-2 2 -4 -5 5 6 -8
leaf_value=-6.4179047948542892e-05 0.00019201913713713599 0.00036809602512100797 0.00013725351565221791 -6.2939518570073779e-05 0.00022573252250814328 0.00014808215874478333 -0.00021148635518898861
leaf_weight=400 41 27 37 56 44 25 119
leaf_count=400 41 27 37 56 44 25 119
internal_value=-0.000861149 -0.00125706 0.00166667 -0.000783134 -0.00185374 -0.000212767 -0.001875
internal_weight=749 708 120 83 588 188 144
internal_count=749 708 120 83 588 188 144
is_linear=0
shrinkage=0.05


Tree=35
num_leaves=8
num_cat=0
split_feature=2 2 0 12 8 8 7
split_gain=0.769535 1.03789 0.963339 0.853535 0.693751 0.619184 0.618829
threshold=-0.074991236719127538 -0.092081656837873935 0.015584180174019304 0.033074838531269919 -0.0073712303460147779 -0.0023521420003593803 -0.069182164773571683
decision_type=2 2 2 2 8 10 2
left_child=1 6 4 -4 -2 -6 -1
right_child=2 -3 3 -5 5 -7 -8
leaf_value=0.00019949742165128339 -0.00017551853028135246 0.00020623850611771637 1.4161718480907158e-06 0.00022415409533864839 0.00022420646847317447 -3.1236311721340435e-05 -0.00020707230974160559
leaf_weight=28 226 40 66 33 37 280 43
leaf_count=28 226 40 66 33 37 280 43
internal_value=-0.000285526 0.00355856 -0.000950157 0.00358586 -0.00177717 -0.00026814 -7.04237e-05
internal_weight=753 111 642 99 543 317 71
internal_count=753 111 642 99 543 317 71
is_linear=0
shrinkage=0.05


Tree=36
num_leaves=8
num_cat=0
split_feature=15 5 4 11 8 14 14
split_gain=0.58826 0.866108 0.598934 0.38321 0.747201 0.435088 0.605989
threshold=-0.0090082096616903012 0.014300544654000521 0.027075519187180225 0.025734816417073651 -0.031000334137251336 0.014555585659076444 0.031770832380203846
decision_type=2 2 2 2 10 2 2
left_child=1 -1 -3 5 -5 -2 -7
right_child=3 2 -4 4 -6 6 -8
leaf_value=-0.00013297690171278914 -7.2349090511312483e-05 0.00022742536468046997 1.2113875954458971e-05 0.00037715018764476011 -2.5426573292277593e-05 0.0002370073589766186 -5.2465648684849e-05
leaf_weight=55 385 35 32 25 46 51 121
leaf_count=55 385 35 32 25 46 51 121
internal_value=-0.000800001 0.00237705 0.00619403 -0.0014172 0.00204225 -0.00185817 0.000232557
internal_weight=750 122 67 628 71 557 172
internal_count=750 122 67 628 71 557 172
is_linear=0
shrinkage=0.05


Tree=37
num_leaves=8
num_cat=0
split_feature=3 9 9 2 9 11 15
split_gain=1.02423 0.414447 0.41051 0.415346 0.358826 0.39084 0.335548
threshold=-0.0097726050260608082 -0.034022392979654308 0.1335243211210079 -0.048227116954655806 0.09978944926400192 0.031976499172701407 -0.010811409110259627
decision_type=2 10 8 2 10 2 2
left_child=1 -1 4 -4 5 6 -2
right_child=2 -3 3 -5 -6 -7 -8
leaf_value=0.00015791029058762149 6.8007677287524148e-05 5.3329066455706339e-06 1.1648357807173357e-06 -0.00010725975436945506 0.00012512872922501011 0.00050971059177979511 -1.7575524606623449e-05
leaf_weight=25 42 28 46 171 36 37 373
leaf_count=25 42 28 46 171 36 37 373
internal_value=-0.000382587 0.00632075 -0.000886526 -0.00269585 -8.19684e-05 -0.000464603 -0.000903616
internal_weight=758 53 705 217 488 452 415
internal_count=758 53 705 217 488 452 415
is_linear=0
shrinkage=0.05


Tree=38
num_leaves=8
num_cat=0
split_feature=3 11 3 12 13 2 11
split_gain=1.11416 0.804103 0.289108 0.389716 0.447375 0.330906 0.788167
threshold=-0.0097726050260608082 -0.0019312644635973706 0.01427949990138311 -0.036045900478668118 21.555000305175785 -0.080153257554427246 0.0023966928807116488
decision_type=2 2 2 2 2 2 2
left_child=1 -1 3 -2 5 6 -5
right_child=2 -3 -4 4 -6 -7 -8
leaf_value=0.00020777218636420836 -0.00016998265003870716 -4.5246977175272455e-05 9.5148850163174754e-05 -4.3863933450528323e-05 0.00018402143829292537 -3.905027248348902e-05 0.00010765089620206307
leaf_weight=25 63 27 28 28 37 515 25
leaf_count=25 63 27 28 28 37 515 25
internal_value=-0.000521392 0.00653846 -0.00104885 -0.00125749 -0.00086777 -0.00121479 0.00254717
internal_weight=748 52 696 668 605 568 53
internal_count=748 52 696 668 605 568 53
is_linear=0
shrinkage=0.05


Tree=39
num_leaves=8
num_cat=0
split_feature=3 5 10 11 6 0 8
split_gain=0.988978 0.67939 0.787879 0.509101 0.456699 0.602083 0.3364
threshold=-0.0066035459409894961 0.014300544654000521 -0.0051935654073162465 -0.023324980459216712 1.0773266597189257 -0.00061920318811031761 -0.061141309009814453
decision_type=2 2 2 2 2 2 10
left_child=1 -1 -3 -2 6 -6 -5
right_child=3 2 -4 4 5 -7 -8
leaf_value=-7.5645301520753735e-06 5.2975197232723047e-05 -4.2473391051796344e-05 0.00026925954487855535 -3.3310230603687389e-05 -0.0003925452781117591 0.000204791483423856 -4.6573613318632673e-05
leaf_weight=47 45 27 39 88 32 48 411
leaf_count=47 45 27 39 88 32 48 411
internal_value=-0.000454547 0.00384956 0.00712121 -0.00123398 -0.00163213 0.001875 -0.00219439
internal_weight=737 113 66 624 579 80 499
internal_count=737 113 66 624 579 80 499
is_linear=0
shrinkage=0.05


Tree=40
num_leaves=8
num_cat=0
split_feature=6 9 7 15 11 12 0
split_gain=0.734657 0.535338 0.45391 1.03143 0.387433 0.591521 0.330118
threshold=1.3200699074019753 -0.03462539167015332 0.051506521570692916 0.0059883276966056229 -0.020756034341227022 -0.036045900478668118 0.016677154127299091
decision_type=2 10 2 2 2 2 2
left_child=2 -2 4 -4 5 -1 -6
right_child=1 -3 3 -5 6 -7 -8
leaf_value=-6.0061118899435775e-05 0.00019500326550199936 -3.0321087220474187e-05 -0.00022181096528367498 0.00019647490355066325 -3.1769172593997715e-05 9.792097261846298e-05 2.9856279066433614e-06
leaf_weight=27 37 46 45 25 476 34 60
leaf_count=27 37 46 45 25 476 34 60
internal_value=-0.000400001 0.00403614 -0.000952025 0.00285714 -0.00139866 0.00237705 -0.00182836
internal_weight=750 83 667 70 597 61 536
internal_count=750 83 667 70 597 61 536
is_linear=0
shrinkage=0.05


Tree=41
num_leaves=8
num_cat=0
split_feature=3 3 14 12 13 14 16
split_gain=0.693023 0.379396 0.852001 1.24636 0.389352 0.567075 0.358135
threshold=-0.010199047475587917 0.0030447987083249699 -0.0082882010072965456 0.010183685907573794 15.375000000000002 -0.042370343814534299 0.012286091719992067
decision_type=2 2 2 2 2 2 2
left_child=-1 -2 4 -4 5 -3 -5
right_child=1 2 3 6 -6 -7 -8
leaf_value=0.00012855693600518606 -1.7780209664311184e-05 8.9824471247953907e-05 0.00031360592701723349 -0.00024111654456976324 -0.00029059581431881083 -0.00025509383845270485 0.00026543334422519807
leaf_weight=49 454 25 41 36 90 29 28
leaf_count=49 454 25 41 36 90 29 28
internal_value=-0.000545214 -0.000945947 0.000622489 0.00404762 -0.001875 0.00148148 -0.000312501
internal_weight=752 703 249 105 144 54 64
internal_count=752 703 249 105 144 54 64
is_linear=0
shrinkage=0.05


Tree=42
num_leaves=8
num_cat=0
split_feature=6 15 13 3 9 9 8
split_gain=0.595739 0.845691 0.580012 0.353542 0.486728 0.43715 0.614235
threshold=1.3200699074019753 -0.0050164854095204317 15.825000286102297 0.010235683510402384 -0.057000139487946681 0.10629492958953481 0.056623336200936299
decision_type=2 2 2 2 10 10 10
left_child=3 -2 -3 4 -1 6 -6
right_child=1 2 -4 -5 5 -7 -8
leaf_value=-2.5186423437869335e-05 0.00016196736695000378 0.00018192459131765936 -0.00030359100034611352 1.4121910879363509e-05 -3.9983526428338451e-06 -8.7506139798538413e-05 0.00014769748001319588
leaf_weight=274 25 28 39 34 247 73 33
leaf_count=274 25 28 39 34 247 73 33
internal_value=-0.000617531 0.00315217 0.000223879 -0.00114221 -0.00141148 -0.000184137 0.000714285
internal_weight=753 92 67 661 627 353 280
internal_count=753 92 67 661 627 353 280
is_linear=0
shrinkage=0.05


Tree=43
num_leaves=8
num_cat=0
split_feature=6 8 0 14 3 12 12
split_gain=0.413914 0.394865 0.394157 0.400232 0.537557 1.16735 0.855917
threshold=2.2832751157864277 -0.12236394315709602 -0.016910500439090533 -0.022450840204273455 0.0030447987083249699 0.0061046403867389696 0.033074838531269919
decision_type=2 10 2 2 2 2 2
left_child=1 -1 -3 -4 -5 -6 -7
right_child=-2 2 3 4 5 6 -8
leaf_value=0.00013074112780439126 0.00015024548593551082 -0.00011091693837395496 -7.9734391709211853e-05 -5.5360910327805602e-06 0.00028358343728004601 -0.00034365971772482419 0.00015938356166254184
leaf_weight=37 35 73 224 257 34 50 36
leaf_count=37 35 73 224 257 34 50 36
internal_value=-0.000308312 -0.000569621 -0.000845699 -0.000424294 0.000570291 0.00333333 0.000232557
internal_weight=746 711 674 601 377 120 86
internal_count=746 711 674 601 377 120 86
is_linear=0
shrinkage=0.05


Tree=44
num_leaves=8
num_cat=0
split_feature=8 12 10 10 3 3 14
split_gain=0.499283 0.399812 0.906228 0.982651 0.721616 0.652508 1.13152
threshold=-0.12236394315709602 0.023812281741097733 0.0079281372903893272 0.0099554586299021048 -0.0097726050260608082 -0.0013485361650569792 -0.022227674526148929
decision_type=10 2 2 2 2 2 2
left_child=-1 4 -3 -4 -2 -6 -7
right_child=1 2 3 -5 5 6 -8
leaf_value=0.00014076341391742192 0.00018404145923936718 -9.3920290827974139e-05 0.00024732324034028888 -5.0046389330877597e-05 -0.00012247237290256675 -0.00019868124036982943 5.0452570475373318e-05
leaf_weight=33 26 272 30 27 115 95 142
leaf_count=33 26 272 30 27 115 95 142
internal_value=-0.000405407 -0.000685998 -0.00196049 0.00377193 0.000423279 -0.000170456 0.00132911
internal_weight=740 707 329 57 378 352 237
internal_count=740 707 329 57 378 352 237
is_linear=0
shrinkage=0.05


Tree=45
num_leaves=8
num_cat=0
split_feature=5 3 16 6 15 2 1
split_gain=0.544343 0.42289 0.784717 1.58554 1.1305 0.490813 0.545146
threshold=0.018327446287899913 -0.0013485361650569792 -0.0087264190086977483 0.16193272730816169 0.0015126813148677034 0.025512444991430908 0.048265140656444834
decision_type=2 2 2 2 2 2 2
left_child=1 -1 3 4 -3 -4 -7
right_child=-2 2 5 -5 -6 6 -8
leaf_value=-6.4278003781746804e-05 0.00016676015331892405 -0.00023290598271018676 -5.5493307503050047e-05 0.00013636932829687711 1.149901632279772e-05 6.8997250409437953e-05 -0.00028422996551905831
leaf_weight=287 32 66 156 38 25 112 30
leaf_count=287 32 66 156 38 25 112 30
internal_value=-0.00044236 -0.000728293 0.00026932 0.00352713 -5.49462e-05 -0.00114094 0.000985914
internal_weight=746 714 427 129 91 298 142
internal_count=746 714 427 129 91 298 142
is_linear=0
shrinkage=0.05


Tree=46
num_leaves=8
num_cat=0
split_feature=15 9 5 6 0 6 2
split_gain=0.725768 1.02436 0.64758 0.550456 0.534131 0.703318 0.521926
threshold=-0.0081447820084284955 -0.0079309620904740013 0.014300544654000521 -0.013639534128835654 0.015584180174019304 -0.35450895278916678 -0.07873112064894526
decision_type=2 8 2 2 2 2 2
left_child=1 -1 -3 -4 6 -6 -2
right_child=4 2 3 -5 5 -7 -8
leaf_value=0.00018552848638161238 3.4693430822706221e-06 -0.00023451340163685823 -0.00015452869912078933 0.00015050518264978429 0.00010135385097288918 -6.7996387232663072e-06 -5.2738721481515626e-05
leaf_weight=50 55 37 27 25 28 79 447
leaf_count=50 55 37 27 25 28 79 447
internal_value=1.33678e-05 0.00327338 5.61786e-05 0.00365384 -0.000730707 0.00247663 -0.00141434
internal_weight=748 139 89 52 609 107 502
internal_count=748 139 89 52 609 107 502
is_linear=0
shrinkage=0.05


Tree=47
num_leaves=8
num_cat=0
split_feature=3 8 3 16 11 9 7
split_gain=0.562196 0.397964 0.383645 0.715747 1.09547 0.568965 0.417169
threshold=-0.011440478822315135 0.12817875651352931 -1.0000000180025095e-35 -0.0094113637587226445 -0.0068475574788619533 0.030907215180382756 -0.0057503472269426195
decision_type=2 8 2 2 2 8 2
left_child=-1 2 -2 4 -4 -6 -5
right_child=1 -3 3 6 5 -7 -8
leaf_value=0.00015014102681184797 -4.6756436005591024e-05 7.9260568284752125e-05 0.00011099069699608968 1.4008712844325072e-05 5.2578075997446858e-05 -0.00046427084786128782 -4.8619674704376485e-05
leaf_weight=37 298 44 44 80 25 33 178
leaf_count=37 298 44 44 80 25 33 178
internal_value=-0.000196212 -0.000512822 -0.00082067 0.000277777 0.00382353 -0.000689656 -0.00112403
internal_weight=739 702 658 360 102 58 258
internal_count=739 702 658 360 102 58 258
is_linear=0
shrinkage=0.05


Tree=48
num_leaves=8
num_cat=0
split_feature=2 2 0 7 1 12 12
split_gain=0.632458 0.604111 0.522834 0.417011 0.891124 0.322477 0.527779
threshold=-0.076278927090788026 -0.092081656837873935 -0.0083749860107736867 0.050457786706969994 0.045334471054146348 0.025891227529327935 -0.036045900478668118
decision_type=2 2 2 2 2 2 2
left_child=1 2 -1 5 -5 6 -2
right_child=3 -3 -4 4 -6 -7 -8
leaf_value=0.00011225603869024388 -0.00013413436544757674 0.00010699095127775617 -0.0001764615502582856 0.00017565221175770102 -0.00031651233564574912 -4.7307662608820906e-05 9.200393405556768e-06
leaf_weight=27 49 37 44 38 50 239 256
leaf_count=27 49 37 44 38 50 239 256
internal_value=-0.000202704 0.00333333 0.000633802 -0.000806963 0.00238636 -0.00132353 -0.000245903
internal_weight=740 108 71 632 88 544 305
internal_count=740 108 71 632 88 544 305
is_linear=0
shrinkage=0.05


Tree=49
num_leaves=8
num_cat=0
split_feature=0 7 4 1 7 7 11
split_gain=0.677843 0.434231 0.710689 0.770147 0.306146 0.623392 0.44047
threshold=-0.026103105403041001 0.051506521570692916 0.025046319665149318 0.048265140656444834 0.03479936543574403 0.027878281599884706 0.022371671990612522
decision_type=2 2 2 2 2 2 2
left_child=-1 4 3 -3 5 6 -2
right_child=1 2 -4 -5 -6 -7 -8
leaf_value=8.7842871678061631e-05 -1.5975613395605432e-05 0.00030002365223310158 -0.00050925525754760164 -9.7633438368323471e-05 -0.00021167902245502031 0.00013132180887803367 4.7706892811260395e-05
leaf_weight=35 467 26 31 28 48 32 66
leaf_count=35 467 26 31 28 48 32 66
internal_value=-0.000361529 -0.000702007 0.00264706 0.00611111 -0.0011664 -0.000840709 -0.00124766
internal_weight=733 698 85 54 613 565 533
internal_count=733 698 85 54 613 565 533
is_linear=0
shrinkage=0.05


Tree=50
num_leaves=8
num_cat=0
split_feature=6 2 5 0 0 6 8
split_gain=0.605895 1.22774 0.606179 0.601128 0.810252 0.534539 0.692308
threshold=0.52171305215854491 -0.071347516545967424 0.012571960599126819 -0.00061920318811031761 0.010736003780598692 -1.0665659388948825 0.013059018821747316
decision_type=2 2 2 2 2 2 10
left_child=2 -2 -1 -3 -5 6 -4
right_child=1 3 5 4 -6 -7 -8
leaf_value=-0.00027241969629638284 0.00034343956285871587 -0.00017056575131850791 0.00043338123624108902 0.00014971967163499426 -1.0978379536226154e-06 -7.6559196473115155e-06 -0.00021851027692413157
leaf_weight=140 26 70 26 30 53 369 26
leaf_count=140 26 70 26 30 53 369 26
internal_value=-0.000270271 0.00226257 -0.00107843 0.000555554 0.00343373 -0.000130643 0.00461538
internal_weight=740 179 561 153 83 421 52
internal_count=740 179 561 153 83 421 52
is_linear=0
shrinkage=0.05


Tree=51
num_leaves=8
num_cat=0
split_feature=3 9 6 9 2 3 4
split_gain=0.556272 0.773858 0.422511 0.736842 0.781395 0.403099 0.375859
threshold=-0.0097726050260608082 -0.044805408913545001 1.0773266597189257 0.13226076524414368 0.019383940628084687 0.011716261812690367 0.025243086002812918
decision_type=2 10 2 8 2 2 2
left_child=1 -1 5 4 -4 6 -2
right_child=2 -3 3 -5 -6 -7 -8
leaf_value=0.00012816050066247452 -3.1893645367920076e-06 -1.6827408542286796e-05 -5.3149693978122857e-06 -0.00029142765846038699 0.00014846000942089172 5.3879477431789561e-05 -3.8172997800148732e-05
leaf_weight=25 400 34 43 25 27 25 183
leaf_count=25 400 34 43 25 27 25 183
internal_value=-0.000341209 0.00432203 -0.000732576 0.00236842 0.005 -0.00121711 -0.00148371
internal_weight=762 59 703 95 70 608 583
internal_count=762 59 703 95 70 608 583
is_linear=0
shrinkage=0.05


Tree=52
num_leaves=8
num_cat=0
split_feature=6 9 5 9 8 12 10
split_gain=0.4643 0.601178 0.436949 0.43414 0.420705 0.347817 0.374251
threshold=1.3200699074019753 0.0057363873679753272 0.011650685394636335 -0.057000139487946681 -0.057442624286956893 -0.013091193360924845 -0.0051366916161676426
decision_type=2 8 2 8 8 2 2
left_child=2 -2 -1 -4 -5 -6 -7
right_child=1 -3 3 4 5 6 -8
leaf_value=-0.00012262938896457924 0.00013811725364166252 -2.7072627781672937e-05 -1.2912940999362776e-05 9.4739997552448742e-05 -0.00012990386889639448 5.3652930866009112e-05 -5.4685994949925419e-06
leaf_weight=96 34 53 122 45 50 61 287
leaf_count=96 34 53 122 45 50 61 287
internal_value=-0.000387702 0.00304598 -0.000839638 -0.000309736 0.000417606 -0.000100504 0.000459769
internal_weight=748 87 661 565 443 398 348
internal_count=748 87 661 565 443 398 348
is_linear=0
shrinkage=0.05


Tree=53
num_leaves=8
num_cat=0
split_feature=7 15 4 5 0 16 0
split_gain=0.387505 1.17771 0.588931 0.365083 0.364138 0.317966 0.934711
threshold=0.046874914619774007 0.0059883276966056229 0.032265341215512923 0.010488862150394443 -0.0029558451772452861 -0.0057428218311892923 0.0081883148071107987
decision_type=2 2 2 2 2 2 2
left_child=2 4 3 -1 -2 6 -5
right_child=1 -3 -4 5 -6 -7 -8
leaf_value=1.8750693617665842e-05 6.0585276235562585e-05 0.00027303445249812443 0.00034120296977784172 -9.8170867826185103e-06 -0.0003228749030865758 -5.2647660828162603e-05 6.1193607683849999e-05
leaf_weight=32 25 37 25 200 33 356 35
leaf_count=32 25 37 25 200 33 356 35
internal_value=-8.74844e-05 0.00289474 -0.000524693 -0.000826646 -0.00155173 -0.00110829 0.000319148
internal_weight=743 95 648 623 58 591 235
internal_count=743 95 648 623 58 591 235
is_linear=0
shrinkage=0.05


Tree=54
num_leaves=8
num_cat=0
split_feature=4 3 4 8 10 4 14
split_gain=0.443574 0.465521 0.420061 0.671306 1.07786 0.68827 0.659391
threshold=0.016410975709839931 -0.011440478822315135 0.025243086002812918 -0.052164519214882292 -0.00090813194402433728 0.024313064690665406 0.005094684764536229
decision_type=2 2 2 10 2 2 2
left_child=-1 -2 3 4 -3 6 -5
right_child=1 2 -4 5 -6 -7 -8
leaf_value=3.2874658350302548e-05 0.00010477484646996751 -9.3224619204999897e-05 -3.1415071372859808e-05 -0.00022773160541585585 0.00014398112423864715 0.00023222390875968094 4.8691151997610035e-06
leaf_weight=27 34 26 233 206 40 30 151
leaf_count=27 34 26 233 206 40 30 151
internal_value=-0.000180724 -0.000416668 -0.00069971 0.000187637 0.00484848 -0.000607236 -0.00121849
internal_weight=747 720 686 453 66 387 357
internal_count=747 720 686 453 66 387 357
is_linear=0
shrinkage=0.05


Tree=55
num_leaves=8
num_cat=0
split_feature=14 10 11 3 6 15 0
split_gain=0.511393 0.82474 0.684524 0.771703 0.558612 0.864524 0.949067
threshold=-0.022227674526148929 0.0066242939925211805 0.027231937128701426 0.0058751592098955649 -0.58211037114120556 -0.0081447820084284955 -0.012975954532220056
decision_type=2 2 2 2 2 2 2
left_child=-1 2 3 4 -2 6 -6
right_child=1 -3 -4 -5 5 -7 -8
leaf_value=-1.4582281994661939e-05 -0.00020554471221623715 0.00035489792039614527 0.00014931418480540893 7.1462964183163392e-05 -2.659241377252848e-05 -2.1135903882749759e-05 7.8026935293024494e-05
leaf_weight=276 116 28 32 45 41 191 34
leaf_count=276 116 28 32 45 41 191 34
internal_value=-1.96604e-05 0.000954824 0.000446622 -8.19684e-05 -0.00081152 0.000451127 0.005
internal_weight=763 487 459 427 382 266 75
internal_count=763 487 459 427 382 266 75
is_linear=0
shrinkage=0.05


Tree=56
num_leaves=8
num_cat=0
split_feature=3 9 11 2 14 8 3
split_gain=0.986888 0.703247 0.654595 0.511271 0.732683 0.748578 0.606758
threshold=-0.0097726050260608082 -0.035356982286408649 0.025734816417073651 -0.0017939824640124666 -0.0052209332646739317 0.0092043932243959254 0.0044287231975155281
decision_type=2 10 2 2 2 8 2
left_child=1 -1 3 -2 -5 -6 -7
right_child=2 -3 -4 4 5 6 -8
leaf_value=0.00010805924865887973 -4.0519866946541916e-05 -1.6202622296660676e-05 8.8894416487659796e-05 -8.9323329236111151e-05 0.00024516224378182995 -8.0060964236430029e-05 0.00014385675584242965
leaf_weight=27 292 28 79 152 43 93 25
leaf_count=27 292 28 79 152 43 93 25
internal_value=-0.000534507 0.00590909 -0.00105263 -0.00161157 -0.000207669 0.00214286 8.47446e-05
internal_weight=739 55 684 605 313 161 118
internal_count=739 55 684 605 313 161 118
is_linear=0
shrinkage=0.05


Tree=57
num_leaves=8
num_cat=0
split_feature=2 0 7 1 1 5 12
split_gain=0.479772 0.70098 0.545269 0.778378 1.43454 0.612445 0.612529
threshold=-0.08559826518321316 -0.0025770047371115874 0.024752949586539622 0.010595329693566581 0.027840629908065465 0.017403053842675122 0.0072856362379064574
decision_type=2 2 2 2 2 2 2
left_child=1 -1 5 -4 -5 6 -2
right_child=2 -3 3 4 -6 -7 -8
leaf_value=0.00012854849428908357 1.8484610407354354e-06 -0.00024539343029971025 -0.00031888148878399741 0.00021140167751434446 -1.2692494795353513e-05 9.1261214297502045e-05 -5.7887112555452192e-05
leaf_weight=44 135 34 37 45 103 37 300
leaf_count=44 135 34 37 45 103 37 300
internal_value=-0.000374151 0.00333333 -0.000814309 0.00148649 0.00310811 -0.0017161 -0.00224138
internal_weight=735 78 657 185 148 472 435
internal_count=735 78 657 185 148 472 435
is_linear=0
shrinkage=0.05


Tree=58
num_leaves=8
num_cat=0
split_feature=3 9 12 9 11 7 11
split_gain=0.550063 0.382322 0.388229 0.544385 0.717076 1.07166 0.493454
threshold=-0.011440478822315135 0.1335243211210079 -0.028469952569234454 -0.091487653904581565 -0.0036909172011733156 0.004094110583258149 0.025734816417073651
decision_type=2 10 2 8 2 2 2
left_child=-1 2 -2 -4 5 -5 -6
right_child=1 -3 3 4 6 -7 -8
leaf_value=0.00010078122497157727 -3.215748632352151e-05 -9.1321809531468717e-05 7.9462275682709373e-05 -2.1082454616442077e-07 -5.594028032155393e-05 7.7731581076919253e-05 6.5641182264183771e-05
leaf_weight=37 85 62 35 92 342 35 62
leaf_count=37 85 62 35 92 342 35 62
internal_value=-0.000133335 -0.000441796 -8.44866e-05 0.000388691 -9.41739e-06 0.00326772 -0.00103961
internal_weight=750 713 651 566 531 127 404
internal_count=750 713 651 566 531 127 404
is_linear=0
shrinkage=0.05


Tree=59
num_leaves=8
num_cat=0
split_feature=2 5 4 14 14 13 8
split_gain=0.802296 0.993408 0.486496 0.436215 0.554321 0.574486 0.415366
threshold=-0.074991236719127538 0.015169771165084051 0.023464180574375434 0.0037598780805861991 0.016378333086022993 15.025000095367433 0.12817875651352931
decision_type=2 2 2 2 2 2 8
left_child=1 2 -1 6 5 -5 -2
right_child=3 -3 -4 4 -6 -7 -8
leaf_value=1.0301057480212008e-06 -6.6459175041615976e-05 0.00012457699141339528 -0.0001728212301329793 -2.8522217064502628e-07 -8.4114651574129112e-06 0.00021098130243698816 7.0929221778011904e-06
leaf_weight=25 346 42 42 31 214 27 31
leaf_count=25 346 42 42 31 214 27 31
internal_value=-0.000712402 0.00325688 -0.000522389 -0.00137905 0.000147058 0.00448276 -0.00248011
internal_weight=758 109 67 649 272 58 377
internal_count=758 109 67 649 272 58 377
is_linear=0
shrinkage=0.05


Tree=60
num_leaves=8
num_cat=0
split_feature=9 4 3 8 8 4 0
split_gain=0.577291 0.508421 0.478453 0.462762 0.384334 1.01285 0.408186
threshold=0.1335243211210079 0.016410975709839931 -0.011440478822315135 0.090055236499933758 -0.057442624286956893 0.022661554696902959 0.0028099132029493217
decision_type=10 2 2 10 10 2 2
left_child=1 -1 -3 4 5 -4 -7
right_child=-2 2 3 -5 -6 6 -8
leaf_value=3.3320056840013334e-05 -9.100702853946672e-05 0.00011071225762619927 0.00012585316610628844 0.00016470818842551126 -3.5710850939064202e-05 1.8000446709777358e-06 -0.00015714371354347875
leaf_weight=25 63 33 37 28 454 72 41
leaf_count=25 63 33 37 28 454 72 41
internal_value=-0.000418328 -1.19209e-09 -0.000263159 -0.000569621 -0.000860928 0.00133333 -0.0010177
internal_weight=753 690 665 632 604 150 113
internal_count=753 690 665 632 604 150 113
is_linear=0
shrinkage=0.05


Tree=61
num_leaves=8
num_cat=0
split_feature=8 12 9 14 0 9 16
split_gain=0.667953 0.524157 0.542459 0.442819 0.648955 0.844909 0.547049
threshold=-0.12236394315709602 -0.036045900478668118 -0.10118309588295442 0.0037598780805861991 -0.00030255381692834144 0.021622194088920747 0.011157437852825082
decision_type=10 2 8 2 2 10 2
left_child=-1 -2 -3 -4 -5 6 -6
right_child=1 2 3 4 5 -7 -8
leaf_value=9.1055121098421399e-05 -0.00014312194019933035 0.00027281504377238658 -1.4228775232066714e-05 -3.7830328260905659e-06 9.0014006966313467e-05 0.00046176582982454696 -0.00050311289933986972
leaf_weight=35 63 25 358 143 38 46 28
leaf_count=35 63 25 358 143 38 46 28
internal_value=-0.000312501 -0.000649074 -0.000219437 -0.000513867 0.00107843 0.00392857 0.000303029
internal_weight=736 701 638 613 255 112 66
internal_count=736 701 638 613 255 112 66
is_linear=0
shrinkage=0.05


Tree=62
num_leaves=8
num_cat=0
split_feature=15 15 3 0 12 9 16
split_gain=0.549338 0.802147 0.519298 0.462664 0.42914 0.900426 0.480056
threshold=-0.0081447820084284955 -0.011354036381190589 -0.0013141133734513308 -0.003556039680302769 0.047608041860818802 1.0000000180025095e-35 0.017273707469700698
decision_type=2 2 2 2 2 10 2
left_child=1 -1 -3 -2 6 -6 -5
right_child=3 2 -4 4 5 -7 -8
leaf_value=-9.3952103576362789e-06 -0.00019680508733501483 0.00017852969424332545 0.00016544581148077186 5.3354944214902682e-07 -7.7720163416840055e-06 0.00050051996136136817 -6.1255898978195794e-05
leaf_weight=89 172 27 26 270 47 25 95
leaf_count=89 172 27 26 270 47 25 95
internal_value=-0.000406126 0.00239437 0.00726415 -0.00105911 -0.000194509 0.00333333 -0.000890412
internal_weight=751 142 53 609 437 72 365
internal_count=751 142 53 609 437 72 365
is_linear=0
shrinkage=0.05


Tree=63
num_leaves=8
num_cat=0
split_feature=9 5 4 6 5 1 14
split_gain=0.638966 0.774419 0.490836 0.804686 0.512232 0.386775 0.628713
threshold=-0.11260329983542204 0.010560160070576417 0.029408893847400631 -0.39789396424601214 0.015176952048686606 -0.005215577201936882 -0.022227674526148929
decision_type=10 2 2 2 2 2 2
left_child=2 -2 3 -1 -5 -3 -7
right_child=1 5 -4 4 -6 6 -8
leaf_value=-0.00030069612382594086 2.4645941594166222e-05 -6.1942740339466162e-05 0.00019940054884786366 4.6434185900803841e-05 -9.6699405516113544e-05 -0.00015412402213026393 3.2061540436229154e-06
leaf_weight=60 25 218 50 46 37 105 211
leaf_count=60 25 218 50 46 37 105 211
internal_value=-0.000744682 -0.00160107 0.00173575 0.000244754 0.00343373 -0.00200375 -0.000886077
internal_weight=752 559 193 143 83 534 316
internal_count=752 559 193 143 83 534 316
is_linear=0
shrinkage=0.05


Tree=64
num_leaves=8
num_cat=0
split_feature=8 13 10 14 15 1 3
split_gain=0.448018 0.507651 0.475921 0.78642 0.572534 0.5 0.280026
threshold=-0.12236394315709602 16.095000267028812 0.0063179142328150259 -0.028276541619188519 -0.0083166456242601532 -0.0015017428565410882 0.0010445895275031927
decision_type=10 2 2 2 2 2 2
left_child=-1 2 4 -4 5 -2 -6
right_child=1 -3 3 -5 6 -7 -8
leaf_value=7.6940502130582562e-05 -2.0050771752555053e-05 -2.1217903511147626e-05 -3.2597581122185394e-06 0.00037450330726681387 -2.2486302038211608e-05 0.00045703431013594063 -0.00010672509237905593
leaf_weight=37 25 372 49 25 104 25 95
leaf_count=37 25 372 49 25 104 25 95
internal_value=-0.000901641 -0.00118705 0.000263157 0.00378378 -0.000783134 0.004 -0.00198493
internal_weight=732 695 323 74 249 50 199
internal_count=732 695 323 74 249 50 199
is_linear=0
shrinkage=0.05


Tree=65
num_leaves=8
num_cat=0
split_feature=2 0 8 16 4 4 9
split_gain=0.678932 0.660356 0.754385 0.300899 0.402299 0.503596 0.896412
threshold=-0.074991236719127538 -0.0025770047371115874 -0.074796149657851183 -0.033185503636676709 0.025814384966211145 0.024313064690665406 0.073510448658021935
decision_type=2 2 10 2 2 2 8
left_child=1 2 -1 -2 5 -5 -7
right_child=3 -3 -4 4 -6 6 -8
leaf_value=3.9847017992917513e-05 4.7532187354743405e-05 -1.865889005946972e-05 0.00010191994364415783 -1.5597848487822503e-05 -6.44542326771621e-05 0.00027375380070529981 -0.0001575169092034821
leaf_weight=37 29 45 25 407 141 26 42
leaf_count=37 29 45 25 407 141 26 42
internal_value=-0.000744682 0.00294392 0.00629032 -0.00135659 -0.00159091 -0.000894738 0.00308823
internal_weight=752 107 62 645 616 475 68
internal_count=752 107 62 645 616 475 68
is_linear=0
shrinkage=0.05


Tree=66
num_leaves=8
num_cat=0
split_feature=2 2 4 12 14 12 3
split_gain=0.491532 0.505147 0.730154 0.417791 0.373874 0.490554 0.620589
threshold=0.044864677404017235 0.022002786044222792 0.022474010876298293 0.078665433833488688 0.068214198873392098 0.01773640557143186 -0.0067527539853525212
decision_type=2 2 2 2 2 2 2
left_child=1 4 -3 -2 5 6 -1
right_child=3 2 -4 -5 -6 -7 -8
leaf_value=0.0001084773394912035 -0.0001229667374019238 -8.0579905493981325e-05 8.7414640792366028e-05 3.29134093369229e-05 -9.4305567692370379e-05 -1.8673291744700476e-05 1.0909157987379621e-06
leaf_weight=26 152 48 37 27 71 184 200
leaf_count=26 152 48 37 27 71 184 200
internal_value=-0.00104027 -0.000318022 0.00323529 -0.00332402 -0.000945947 -0.000365855 0.00119469
internal_weight=745 566 85 179 481 410 226
internal_count=745 566 85 179 481 410 226
is_linear=0
shrinkage=0.05


Tree=67
num_leaves=8
num_cat=0
split_feature=9 13 10 2 4 14 10
split_gain=0.34241 0.411862 1.14762 0.349091 0.336153 0.851897 0.507018
threshold=0.1335243211210079 13.444999694824221 0.0038763906562415689 0.036851591995855533 0.02887429620916929 -0.03897851358283843 -0.0033501025601940788
decision_type=10 2 2 2 2 2 2
left_child=1 2 3 -1 -3 -6 -7
right_child=-2 4 -4 -5 5 6 -8
leaf_value=0.00024147382612975306 -3.8275339004205555e-05 -1.2707834309549305e-05 0.00033924926043181047 -0.00040168793458589383 -2.7348217380660726e-05 -1.3360876302996112e-05 0.00018862029716560985
leaf_weight=25 66 527 28 30 29 27 30
leaf_count=25 66 527 28 30 29 27 30
internal_value=-0.000800526 -0.000474139 0.00283132 -0.00136364 -0.000921698 0.00197674 0.00552631
internal_weight=762 696 83 55 613 86 57
internal_count=762 696 83 55 613 86 57
is_linear=0
shrinkage=0.05


Tree=68
num_leaves=8
num_cat=0
split_feature=5 9 11 14 9 11 2
split_gain=0.449042 0.42135 0.328645 0.295667 0.299501 0.441636 0.245392
threshold=0.010488862150394443 -0.094633063322777142 0.031976499172701407 -0.067583665573298909 -0.10924675342092953 -0.007196249019797262 -0.035183394791384708
decision_type=2 10 2 2 8 2 2
left_child=-1 3 6 -2 -5 -6 -3
right_child=1 2 -4 4 5 -7 -8
leaf_value=8.5012155905083841e-06 4.2418719558544645e-05 -0.00019908540658985171 1.270529324961658e-05 0.0011434052116271497 1.2768499448459853e-05 -0.00025696657781207913 -1.8044633087366766e-05
leaf_weight=31 30 117 33 26 43 114 359
leaf_count=31 30 117 33 26 43 114 359
internal_value=-0.00121514 -0.00146815 -0.00224951 0.00039906 -0.000355192 -0.00117835 -0.00258403
internal_weight=753 722 509 213 183 157 476
internal_count=753 722 509 213 183 157 476
is_linear=0
shrinkage=0.05


Tree=69
num_leaves=8
num_cat=0
split_feature=8 12 8 2 8 0 8
split_gain=0.534663 0.454991 1.87512 0.488983 1.1261 0.488207 0.338843
threshold=0.0092043932243959254 0.025891227529327935 -0.0044573567465934208 -0.074991236719127538 -0.067869665967577472 0.014039620848271041 -0.033116960205866179
decision_type=8 2 10 2 10 2 10
left_child=1 2 3 4 -1 6 -5
right_child=-2 -3 -4 5 -6 -7 -8
leaf_value=-2.2536759600412845e-05 -2.1597832352797953e-05 -1.7007967695588244e-05 0.00016828233338197913 -0.00020583513284996133 8.6038873501639786e-05 0.00014079980361001256 3.3227734682333801e-05
leaf_weight=66 313 149 26 105 27 25 39
leaf_count=66 313 149 26 105 27 25 39
internal_value=-0.000866668 0.000263157 0.00142361 0.000152671 0.00306451 -0.00144971 -0.00256945
internal_weight=750 437 288 262 93 169 144
internal_count=750 437 288 262 93 169 144
is_linear=0
shrinkage=0.05


Tree=70
num_leaves=8
num_cat=0
split_feature=8 4 11 0 5 5 4
split_gain=0.609295 0.853402 0.700606 0.535714 0.470989 0.37539 0.827765
threshold=-0.057442624286956893 0.024098685902021404 0.0021655828678432969 -0.0014642211376977852 0.010488862150394443 0.012409552124797078 0.020359602713272442
decision_type=10 2 2 2 2 2 2
left_child=1 2 -1 -3 -2 -6 -7
right_child=4 3 -4 -5 5 6 -8
leaf_value=3.4317147619008401e-06 2.3004822715570812e-05 6.614290302686977e-05 0.00015409388051146808 -0.00013854556605204013 -0.00027813691019341381 0.00024828442517777974 -2.1778606678865484e-05
leaf_weight=30 25 63 25 45 138 60 355
leaf_count=30 25 63 25 45 138 60 355
internal_value=-0.000951418 0.00174847 0.00681818 -0.000833335 -0.0017128 -0.00201628 -0.00126506
internal_weight=741 163 55 108 578 553 415
internal_count=741 163 55 108 578 553 415
is_linear=0
shrinkage=0.05


Tree=71
num_leaves=8
num_cat=0
split_feature=4 6 5 15 0 4 6
split_gain=0.36511 0.31852 0.385056 0.312125 0.548947 0.499796 0.362169
threshold=0.032265341215512923 -0.6764501470810097 0.016285101540170079 -0.0081447820084284955 -0.0083749860107736867 0.024030548033927998 -0.07758320038523861
decision_type=2 2 2 2 2 2 2
left_child=1 -1 3 5 -5 -3 -6
right_child=-2 2 -4 4 6 -7 -8
leaf_value=-2.9560699965951193e-05 0.00014693413633110129 -1.4348303747662963e-05 -4.9744886092751477e-05 -0.00016965680933604308 7.8883623835694755e-05 8.8574731480074641e-05 -1.1137379266492673e-05
leaf_weight=183 33 48 66 64 135 38 180
leaf_count=183 33 48 66 64 135 38 180
internal_value=-0.00105087 -0.00128852 -0.000668551 -0.000161292 -0.000778365 0.00255814 7.93639e-05
internal_weight=747 714 531 465 379 86 315
internal_count=747 714 531 465 379 86 315
is_linear=0
shrinkage=0.05


Tree=72
num_leaves=8
num_cat=0
split_feature=2 0 15 12 12 7 2
split_gain=0.664842 0.735904 0.687619 0.315073 0.871113 0.712363 0.537514
threshold=-0.076278927090788026 -0.0025770047371115874 -0.006625548142450143 -0.019977139710358579 -0.0033130275344189215 0.0085244738299801188 -0.031298590460989976
decision_type=2 2 2 2 2 2 2
left_child=1 2 -1 -2 5 -5 -6
right_child=3 -3 -4 4 6 -7 -8
leaf_value=5.2491144332033314e-05 -0.00022110854281897222 -8.1325895139591219e-06 7.8136354841950066e-05 0.00012433078415877735 -0.00017269345798483923 -7.8744539368630763e-05 -7.3169139731307048e-06
leaf_weight=35 74 46 25 29 90 25 423
leaf_count=35 74 46 25 29 90 25 423
internal_value=-0.000649265 0.00301887 0.00666667 -0.00125585 -0.00085538 0.00518518 -0.00149123
internal_weight=747 106 60 641 567 54 513
internal_count=747 106 60 641 567 54 513
is_linear=0
shrinkage=0.05


Tree=73
num_leaves=8
num_cat=0
split_feature=8 5 1 13 12 15 2
split_gain=0.488382 0.978436 0.745529 0.674066 0.753169 0.496756 0.541448
threshold=0.0092043932243959254 0.017403053842675122 -0.035586556881491087 21.409999847412113 0.044320359090521573 0.0093757815952082452 -0.074991236719127538
decision_type=10 2 2 2 2 2 2
left_child=1 2 -1 4 5 6 -4
right_child=-2 -3 3 -5 -6 -7 -8
leaf_value=-0.00018331136072440029 -1.4195377155511861e-05 0.00014169908321388412 2.630037531768721e-05 8.72931951280866e-05 0.00021568007956763915 -0.00024373634393333473 -7.5967349220994221e-06
leaf_weight=94 284 32 49 25 37 49 176
leaf_count=94 284 32 49 25 37 49 176
internal_value=-0.000375336 0.000627704 -1.19209e-09 0.00110119 0.000466237 -0.000437957 0.000555554
internal_weight=746 462 430 336 311 274 225
internal_count=746 462 430 336 311 274 225
is_linear=0
shrinkage=0.05


Tree=74
num_leaves=8
num_cat=0
split_feature=11 12 7 14 14 13 10
split_gain=0.518378 0.664805 1.33002 0.434528 0.497124 0.393924 0.419057
threshold=-0.0061809109481818494 -0.0077541062485576564 -0.018493903830434696 0.014555585659076444 0.10157519013318318 19.055000305175785 0.0044649128256998303
decision_type=2 2 2 2 2 2 2
left_child=1 3 -3 -1 -5 6 -2
right_child=5 2 -4 4 -6 -7 -8
leaf_value=-0.0002763176114763685 -2.4177953439887638e-05 0.00019329329788515023 -1.4876081542977298e-06 4.9676770703533534e-05 -4.5381005722638641e-06 -0.00020086927292860496 9.1114195006166693e-06
leaf_weight=47 312 35 68 26 27 72 167
leaf_count=47 312 35 68 26 27 72 167
internal_value=-0.000755969 0.00140394 0.0042233 -0.0015 0.00160377 -0.00155173 -0.0010334
internal_weight=754 203 103 100 53 551 479
internal_count=754 203 103 100 53 551 479
is_linear=0
shrinkage=0.05


Tree=75
num_leaves=8
num_cat=0
split_feature=12 3 13 3 4 1 0
split_gain=0.413938 0.5387 1.33775 0.68866 0.546315 0.575619 0.757025
threshold=0.025891227529327935 0.0058751592098955649 18.444999694824222 -0.0097726050260608082 0.020879079564774552 0.012948726928289413 1.0000000180025095e-35
decision_type=2 2 2 2 2 2 2
left_child=1 3 -3 -1 5 6 -5
right_child=-2 2 -4 4 -6 -7 -8
leaf_value=0.0001179963975148513 -2.4384877997898766e-05 -9.2642866365302834e-05 0.00016707089833737602 -4.4932276437103718e-06 -5.0863449441077343e-05 -0.00011456503500304317 0.00020422434495776982
leaf_weight=31 309 44 29 43 205 38 30
leaf_count=31 309 44 29 43 205 38 30
internal_value=-0.00102195 -1.19209e-09 0.00390411 -0.000821327 -0.00151899 0.00130631 0.00390411
internal_weight=729 420 73 347 316 111 73
internal_count=729 420 73 347 316 111 73
is_linear=0
shrinkage=0.05


Tree=76
num_leaves=8
num_cat=0
split_feature=8 5 6 7 8 7 1
split_gain=0.624404 0.605822 0.618868 0.545187 1.11347 0.721504 0.698141
threshold=0.0092043932243959254 0.017403053842675122 -0.6602243776576503 -0.055518872024681025 -0.048549029908902912 -0.012669394945052091 -0.018653563929323155
decision_type=10 2 2 2 10 2 2
left_child=1 2 -1 -4 6 -6 -5
right_child=-2 -3 3 4 5 -7 -8
leaf_value=-2.676151908373022e-05 -1.4315512872538697e-05 0.00012368244047673293 -4.3657061334358659e-05 0.00019090493726758536 -0.00024246864948248445 1.9309518930177147e-05 1.7201287980744789e-06
leaf_weight=109 286 33 57 31 67 109 59
leaf_count=109 286 33 57 31 67 109 59
internal_value=-0.000539282 0.000591397 9.25914e-05 0.00119195 0.00214286 -0.000170456 0.00666667
internal_weight=751 465 432 323 266 176 90
internal_count=751 465 432 323 266 176 90
is_linear=0
shrinkage=0.05


Tree=77
num_leaves=8
num_cat=0
split_feature=2 2 8 11 15 11 3
split_gain=1.321 0.651923 0.406836 0.286298 0.876996 0.347521 0.821732
threshold=-0.076278927090788026 -0.092081656837873935 -0.083632306991607161 0.026101750474282651 0.0072866739383515853 -0.011693730673341061 -0.00091339128887618626
decision_type=2 2 10 2 2 2 2
left_child=1 2 -1 5 -5 6 -2
right_child=3 -3 -4 4 -6 -7 -8
leaf_value=9.5882427382002944e-05 -6.084374983118335e-05 7.027007706919547e-05 -0.000236592891461054 -0.00016779799308899864 0.00021724182895273801 -1.546763408039949e-05 1.8389860259285898e-05
leaf_weight=41 36 37 27 44 25 485 57
leaf_count=41 36 37 27 44 25 485 57
internal_value=-0.000678193 0.00452381 0.00161765 -0.00152241 0.00152174 -0.00188581 0.000913977
internal_weight=752 105 68 647 69 578 93
internal_count=752 105 68 647 69 578 93
is_linear=0
shrinkage=0.05


end of trees

feature_importances:
overnight_gap=58
ret_1d=49
ret_20d=45
dist_ma200=42
spy_ret_5d=41
dist_ma50=35
spy_ret_20d=34
vix_chg_1d=33
parkinson_20=32
dist_ma20=30
sector_ret_1d=30
atr_pct=28
dvol_z_20=25
ret_5d=19
vix_level=17
spy_ret_1d=16
sector_ret_5d=12

parameters:
[boosting: gbdt]
[objective: quantile]
[metric: quantile]
[tree_learner: serial]
[device_type: cpu]
[data_sample_strategy: bagging]
[data: ]
[valid: ]
[num_iterations: 80]
[learning_rate: 0.05]
[num_leaves: 8]
[num_threads: 1]
[seed: 0]
[deterministic: 0]
[force_col_wise: 1]
[force_row_wise: 0]
[histogram_pool_size: -1]
[max_depth: -1]
[min_data_in_leaf: 25]
[min_sum_hessian_in_leaf: 0.001]
[bagging_fraction: 0.9]
[pos_bagging_fraction: 1]
[neg_bagging_fraction: 1]
[bagging_freq: 1]
[bagging_seed: 3]
[bagging_by_query: 0]
[feature_fraction: 0.9]
[feature_fraction_bynode: 1]
[feature_fraction_seed: 2]
[extra_trees: 0]
[extra_seed: 6]
[early_stopping_round: 0]
[early_stopping_min_delta: 0]
[first_metric_only: 0]
[max_delta_step: 0]
[lambda_l1: 0]
[lambda_l2: 0]
[linear_lambda: 0]
[min_gain_to_split: 0]
[drop_rate: 0.1]
[max_drop: 50]
[skip_drop: 0.5]
[xgboost_dart_mode: 0]
[uniform_drop: 0]
[drop_seed: 4]
[top_rate: 0.2]
[other_rate: 0.1]
[min_data_per_group: 100]
[max_cat_threshold: 32]
[cat_l2: 10]
[cat_smooth: 10]
[max_cat_to_onehot: 4]
[top_k: 20]
[monotone_constraints: ]
[monotone_constraints_method: basic]
[monotone_penalty: 0]
[feature_contri: ]
[forcedsplits_filename: ]
[refit_decay_rate: 0.9]
[cegb_tradeoff: 1]
[cegb_penalty_split: 0]
[cegb_penalty_feature_lazy: ]
[cegb_penalty_feature_coupled: ]
[path_smooth: 0]
[interaction_constraints: ]
[verbosity: -1]
[saved_feature_importance_type: 0]
[use_quantized_grad: 0]
[num_grad_quant_bins: 4]
[quant_train_renew_leaf: 0]
[stochastic_rounding: 1]
[linear_tree: 0]
[max_bin: 255]
[max_bin_by_feature: ]
[min_data_in_bin: 3]
[bin_construct_sample_cnt: 200000]
[data_random_seed: 1]
[is_enable_sparse: 1]
[enable_bundle: 1]
[use_missing: 1]
[zero_as_missing: 0]
[feature_pre_filter: 1]
[pre_partition: 0]
[two_round: 0]
[header: 0]
[label_column: ]
[weight_column: ]
[group_column: ]
[ignore_column: ]
[categorical_feature: ]
[forcedbins_filename: ]
[precise_float_parser: 0]
[parser_config_file: ]
[objective_seed: 5]
[num_class: 1]
[is_unbalance: 0]
[scale_pos_weight: 1]
[sigmoid: 1]
[boost_from_average: 1]
[reg_sqrt: 0]
[alpha: 0.9]
[fair_c: 1]
[poisson_max_delta_step: 0.7]
[tweedie_variance_power: 1.5]
[lambdarank_truncation_level: 30]
[lambdarank_norm: 1]
[label_gain: ]
[lambdarank_position_bias_regularization: 0]
[eval_at: ]
[multi_error_top_k: 1]
[auc_mu_weights: ]
[num_machines: 1]
[local_listen_port: 12400]
[time_out: 120]
[machine_list_filename: ]
[machines: ]
[gpu_platform_id: -1]
[gpu_device_id: -1]
[gpu_device_id_list: ]
[gpu_use_dp: 0]
[num_gpu: 1]

end of parameters

pandas_categorical:[]
