tree
version=v4
num_class=1
num_tree_per_iteration=1
label_index=0
max_feature_idx=16
objective=quantile
feature_names=ret_1d ret_5d ret_20d overnight_gap atr_pct parkinson_20 dvol_z_20 dist_ma20 dist_ma50 dist_ma200 spy_ret_1d spy_ret_5d spy_ret_20d vix_level vix_chg_1d sector_ret_1d sector_ret_5d
feature_infos=[-0.088618701428929469:0.070832804098395208] [-0.13187749537442794:0.1024955436720143] [-0.18786430261200393:0.21812915210478256] [-0.092884416598105535:0.069054574706803873] [0.012391092753883439:0.042567002404767726] [0.0085320414685089684:0.025769960514652166] [-1.9951366639607389:4.1877272683861264] [-0.10124735544850361:0.10930463433233095] [-0.15578639864705601:0.16085427895771764] [-0.16770417532507986:0.35149137603881897] [-0.058542947643003718:0.10501933612632941] [-0.11496158439845272:0.082843216242346029] [-0.12265592443394913:0.15756596870864792] [11.859999656677246:52.330001831054688] [-0.35753873962348437:0.74039073966007019] [-0.054845245580940394:0.043465182734245822] [-0.079035682487500813:0.068782287822878097]
tree_sizes=844 862 854 858 861 848 878 869 869 867 860 859 855 863 867

Tree=0
num_leaves=8
num_cat=0
split_feature=6 2 1 8 16 10 10
split_gain=1.07765 0.98351 0.928004 1.2624 0.578544 0.786457 0.582138
threshold=0.70473094984747242 -0.038980468337927392 0.014552392917126735 0.085777269460974984 -0.028016976163731552 0.00040263484850655567 0.0020115894720359466
decision_type=2 2 2 10 2 2 2
left_child=4 -2 -3 -4 -1 -6 -7
right_child=1 2 3 -5 5 6 -8
leaf_value=-0.01878475039970957 -0.018467507375389099 -0.017915120254714086 -0.018879550239052755 -0.018162938264361651 -0.018105133832289878 -0.018762537319108732 -0.018251908610716065
leaf_weight=33 29 51 30 28 258 68 253
leaf_count=33 29 51 30 28 258 68 253
internal_value=-0.0183743 -0.0223656 -0.0201884 -0.0245146 -0.0174743 -0.0171073 -0.0187594
internal_weight=750 138 109 58 612 579 321
internal_count=750 138 109 58 612 579 321
is_linear=0
shrinkage=1


Tree=1
num_leaves=8
num_cat=0
split_feature=0 0 12 9 10 10 8
split_gain=1.22075 1.18817 1.03606 1.01274 0.983796 0.73063 1.1458
threshold=0.0039938652537536709 -0.029080835270488655 0.043286843097797296 0.014594376196896632 0.0087442348777118113 0.00063381300570131149 0.029607761883988063
decision_type=2 2 2 10 2 2 10
left_child=1 -1 4 -4 5 -2 -7
right_child=2 -3 3 -5 -6 6 -8
leaf_value=-0.00012500225251759636 0.0001642104072771867 0.00022909559496332114 -6.556468304909329e-05 -0.00055258632394493933 0.00022115481737610418 -0.00054106806382532048 -3.6214819102719932e-05
leaf_weight=31 89 401 29 30 51 45 58
leaf_count=31 89 401 29 30 51 45 58
internal_value=-0.000177112 0.00152778 -0.00261589 -0.00855932 -0.00117284 -0.0028125 -0.00567961
internal_weight=734 432 302 59 243 192 103
internal_count=734 432 302 59 243 192 103
is_linear=0
shrinkage=0.05


Tree=2
num_leaves=8
num_cat=0
split_feature=6 9 14 0 12 8 6
split_gain=1.81165 1.32549 1.05487 0.733998 0.7529 0.605042 0.603467
threshold=0.70473094984747242 0.069049382296806031 -0.0091057157714133346 0.0039938652537536709 0.041026522292009988 0.064793731325606299 -0.067452155379129422
decision_type=2 8 2 2 2 10 2
left_child=3 2 -2 6 -5 -3 -1
right_child=1 5 -4 4 -6 -7 -8
leaf_value=0.0002829079561416821 -0.00011077452431707007 -0.00017161094121660879 -0.00099980745443495724 6.754970547615093e-06 -0.00053373059709464841 0.00024887786487391304 -0.00010160518012662687
leaf_weight=271 26 50 25 209 41 35 92
leaf_count=271 26 50 25 209 41 35 92
internal_value=-7.34311e-05 -0.00529412 -0.0116667 0.00108483 -0.001 -0.00147059 0.00252066
internal_weight=749 136 51 613 250 85 363
internal_count=749 136 51 613 250 85 363
is_linear=0
shrinkage=0.05


Tree=3
num_leaves=8
num_cat=0
split_feature=6 9 14 0 0 10 7
split_gain=1.20793 1.22553 0.625891 0.608893 0.743005 1.24477 1.57696
threshold=0.70473094984747242 0.12721728120355016 -0.010446241084373918 0.0039938652537536709 0.012786867063935838 0.00063381300570131149 0.020005819145755391
decision_type=2 8 2 2 2 2 2
left_child=3 2 -2 -1 5 -5 -7
right_child=1 -3 -4 4 -6 6 -8
leaf_value=0.00019453361790652663 -0.00011016137705904138 5.5571045338883134e-05 -0.00095981365474461736 0.00021338111846523275 0.00016690401800439057 -0.00063102981258533221 -2.6432225163071328e-05
leaf_weight=355 32 71 34 59 94 46 52
leaf_count=355 32 71 34 59 94 46 52
internal_value=-0.00024899 -0.00448905 -0.00939394 0.000709571 -0.0011753 -0.00328025 -0.00673469
internal_weight=743 137 66 606 251 157 98
internal_count=743 137 66 606 251 157 98
is_linear=0
shrinkage=0.05


Tree=4
num_leaves=8
num_cat=0
split_feature=13 0 15 13 1 3 5
split_gain=0.880954 0.887978 1.63804 0.83164 0.551205 0.527934 0.480769
threshold=16.579999923706058 0.002483260165760504 1.0000000180025095e-35 17.494999885559086 0.055112921468825966 0.0042275327744508715 0.017805055512859738
decision_type=2 2 2 2 2 2 2
left_child=4 5 6 -4 -1 -2 -3
right_child=1 2 3 -5 -6 -7 -8
leaf_value=0.0001984056024864732 0.00016348028556100865 -0.00065432190255486616 -0.00038662567011464664 8.5307216412342191e-05 -0.00039818929217972688 -0.00047671589706154826 -0.0011167458280896794
leaf_weight=346 179 26 32 83 25 29 26
leaf_count=346 179 26 32 83 25 29 26
internal_value=0.000442359 -0.00126667 -0.00398204 -0.000652174 0.00216981 0.000913462 -0.0113462
internal_weight=746 375 167 115 371 208 52
internal_count=746 375 167 115 371 208 52
is_linear=0
shrinkage=0.05


Tree=5
num_leaves=8
num_cat=0
split_feature=0 8 6 12 6 6 1
split_gain=1.401 1.08185 1.30381 0.940454 0.983307 1.2 0.449463
threshold=0.0039938652537536709 0.068092812266650329 0.70473094984747242 0.0020578799164406862 -0.07570328121068827 -0.73321245308036564 0.028544058889853011
decision_type=2 8 2 2 2 2 2
left_child=-1 2 3 -2 5 -5 -3
right_child=1 6 -4 4 -6 -7 -8
leaf_value=0.00018195511802667006 0.00012265554883008028 -8.3049991868702579e-05 -0.00093144581502428876 -1.6549978162993217e-05 0.00024668305143442848 -0.00073970280096665472 0.00022578414802666092
leaf_weight=430 58 54 32 27 38 45 53
leaf_count=430 58 54 32 27 38 45 53
internal_value=0.000251018 -0.00232899 -0.0045 -0.00273809 -0.00545455 -0.00888889 0.00172897
internal_weight=737 307 200 168 110 72 107
internal_count=737 307 200 168 110 72 107
is_linear=0
shrinkage=0.05


Tree=6
num_leaves=8
num_cat=0
split_feature=11 0 3 15 8 6 8
split_gain=0.733844 0.634697 0.846178 0.8936 0.906226 0.632579 0.434692
threshold=-0.025492128925019227 0.0039938652537536709 -0.0019716943301090746 -0.0041005017739778596 -0.038087342843137743 -0.067452155379129422 -0.084946833497363247
decision_type=2 2 2 2 10 2 10
left_child=-1 5 -3 -4 -5 -2 -7
right_child=1 2 3 4 -6 6 -8
leaf_value=-0.00078858265967651298 0.00027277701401370587 0.00021285693547667636 -0.00057265706068005339 -0.00056627280590199264 1.7065877268631352e-05 -0.00016056514956114517 3.8896590762020291e-05
leaf_weight=49 247 54 30 34 174 28 130
leaf_count=49 247 54 30 34 174 28 130
internal_value=0.000710456 0.00112626 -0.000650685 -0.00193277 -0.000769231 0.00240741 -6.3291e-05
internal_weight=746 697 292 238 208 405 158
internal_count=746 697 292 238 208 405 158
is_linear=0
shrinkage=0.05


Tree=7
num_leaves=8
num_cat=0
split_feature=0 15 6 12 0 14 12
split_gain=0.70402 0.750364 0.677459 0.754551 0.52675 0.701594 0.789087
threshold=0.0039938652537536709 -0.0041005017739778596 0.040930789579309512 -0.019977139710358579 0.018602422488378071 0.021982133330242685 0.041026522292009988
decision_type=2 2 2 2 2 2 2
left_child=2 -2 -1 -4 5 6 -3
right_child=1 4 3 -5 -6 -7 -8
leaf_value=0.0002507345954713869 -0.00051106660895909551 -0.000184392277071741 -0.0011280434404714829 1.0159217540348852e-05 0.00017622250427744757 9.8005445860561939e-05 -0.00049377539130796694
leaf_weight=287 44 124 25 123 65 44 33
leaf_count=287 44 124 25 123 65 44 33
internal_value=0.000369128 -0.00145161 0.00166667 -0.00108108 -0.000451128 -0.00171642 -0.00328025
internal_weight=745 310 435 148 266 201 157
internal_count=745 310 435 148 266 201 157
is_linear=0
shrinkage=0.05


Tree=8
num_leaves=8
num_cat=0
split_feature=0 15 10 3 6 8 2
split_gain=0.723747 1.60477 1.30645 0.928469 0.620645 0.627812 0.557706
threshold=0.006889970515808864 -0.00019842252569834959 0.00063381300570131149 0.0042275327744508715 -0.067452155379129422 -0.068068077333125684 0.016602608097668673
decision_type=2 2 2 2 2 8 2
left_child=3 2 -2 4 -1 -6 -5
right_child=1 -3 -4 6 5 -7 -8
leaf_value=0.00024536299015864599 -9.9629401298089462e-05 3.0318404901791064e-05 -0.00071357798588012522 -0.00044588885314259923 -0.00032415412898333177 0.0001067916894830758 0.00047697023898093309
leaf_weight=285 31 182 31 39 37 131 28
leaf_count=285 31 182 31 39 37 131 28
internal_value=0.000484293 -0.00176229 -0.00870968 0.00153846 0.00235099 -5.95236e-05 -0.00395522
internal_weight=764 244 62 520 453 168 67
internal_count=764 244 62 520 453 168 67
is_linear=0
shrinkage=0.05


Tree=9
num_leaves=8
num_cat=0
split_feature=0 6 15 11 14 9 0
split_gain=0.964281 0.73842 0.727191 1.01461 1.31363 0.571749 0.440826
threshold=0.0038818559210654917 -0.067452155379129422 -0.00019842252569834959 0.010167867285780898 0.023268635347166725 -0.005211712402236556 0.010172568716058207
decision_type=2 2 2 2 2 8 2
left_child=1 -1 3 4 -2 -3 -4
right_child=2 5 6 -5 -6 -7 -8
leaf_value=0.00023619094984089696 -0.0011691809057494584 -0.00039103779402585841 -0.0001259069515840656 3.9638542566603369e-05 -5.1562432534274705e-05 5.4665189182477158e-05 4.5968703836039395e-05
leaf_weight=270 27 44 85 32 29 125 132
leaf_count=270 27 44 85 32 29 125 132
internal_value=0.000766129 0.00226651 -0.00139344 -0.00522727 -0.00928571 -0.000325444 0.000161291
internal_weight=744 439 305 88 56 169 217
internal_count=744 439 305 88 56 169 217
is_linear=0
shrinkage=0.05


Tree=10
num_leaves=8
num_cat=0
split_feature=6 0 0 14 6 4 5
split_gain=0.434148 0.497708 0.502034 0.496641 0.595819 0.642189 0.963291
threshold=2.2088601904345557 0.0039938652537536709 0.017250308563791398 -0.048915299030690522 -0.69336879623095071 0.024483465480300046 0.013811702908455814
decision_type=2 2 2 2 2 2 2
left_child=1 -1 3 -3 -5 6 -6
right_child=-2 2 -4 4 5 -7 -8
leaf_value=0.0001244722176005497 -0.00011001638849558981 -0.00040680227618182605 0.0001317768413368394 0.00052736306703657018 7.836371845788433e-06 5.3558442899218824e-05 -0.00051039144936320801
leaf_weight=418 44 49 74 38 45 52 29
leaf_count=418 44 49 74 38 45 52 29
internal_value=0.000727637 0.00102837 -0.000574913 -0.00180751 -0.000487805 -0.00214286 -0.00513513
internal_weight=749 705 287 213 164 126 74
internal_count=749 705 287 213 164 126 74
is_linear=0
shrinkage=0.05


Tree=11
num_leaves=8
num_cat=0
split_feature=6 9 11 4 15 4 0
split_gain=0.894053 1.19658 0.854595 0.544162 0.779754 0.759568 0.352474
threshold=0.015073714493083805 0.017282876865038935 0.010167867285780898 0.02020062387621684 -0.0042736632101708629 0.017926041452536578 0.0041274340220544001
decision_type=2 8 2 2 2 2 2
left_child=6 2 -2 5 -5 -3 -1
right_child=1 3 -4 4 -6 -7 -8
leaf_value=0.00019253136424358334 -0.00082845785877817325 0.00020782336265221733 0.00011104228281908602 -0.00015423483634416699 0.00013193773883003122 -0.00029692403746437416 1.7286348297216037e-05
leaf_weight=285 43 45 29 34 95 34 182
leaf_count=285 43 45 29 34 95 34 182
internal_value=0.000983936 -0.00125 -0.00680556 0.000673077 0.00267442 -0.00259494 0.00232334
internal_weight=747 280 72 208 129 79 467
internal_count=747 280 72 208 129 79 467
is_linear=0
shrinkage=0.05


Tree=12
num_leaves=8
num_cat=0
split_feature=6 12 10 9 0 8 13
split_gain=0.644155 1.19464 0.662842 0.885719 1.28 0.610534 0.301758
threshold=0.040930789579309512 -0.021564609958813593 0.0065983934065093628 0.069049382296806031 -0.0073910648896278177 0.027307917887755998 15.025000095367433
decision_type=2 2 2 8 2 8 2
left_child=6 -2 3 4 -3 -5 -1
right_child=1 2 -4 5 -6 -7 -8
leaf_value=0.00025550305141739435 -0.0010199438645951484 5.4150702599735209e-05 0.00019840248548051213 -0.00028806354904824824 -0.00079494012429294405 0.00015903731369026333 3.4513973686515408e-05
leaf_weight=150 38 25 53 37 25 85 321
leaf_count=150 38 25 53 37 25 85 321
internal_value=0.000708447 -0.00127376 0.000111111 -0.00139535 -0.007 0.00090164 0.00181529
internal_weight=734 263 225 172 50 122 471
internal_count=734 263 225 172 50 122 471
is_linear=0
shrinkage=0.05


Tree=13
num_leaves=8
num_cat=0
split_feature=13 0 15 1 7 15 0
split_gain=0.771543 0.54916 1.08218 0.630011 0.982732 0.586602 0.993857
threshold=14.960000038146974 0.002483260165760504 0.0013784540024875949 0.0044532537717300045 0.039235738110067538 0.0046956159647948423 0.0099750782307911363
decision_type=2 2 2 2 2 2 2
left_child=-1 -2 3 -3 -5 -4 -7
right_child=1 2 5 4 -6 6 -8
leaf_value=0.00016142745026107851 7.2368433592761612e-05 -0.00086788747241150046 0.00052109761054239744 0.00019979738478289336 -0.00048874204442589505 -0.00038654264489116036 4.0061295045066803e-05
leaf_weight=226 277 32 47 34 25 32 72
leaf_count=226 277 32 47 34 25 32 72
internal_value=0.00057047 -0.000491329 -0.0022314 -0.00653846 -0.00347458 0.000364239 -0.00173077
internal_weight=745 519 242 91 59 151 104
internal_count=745 519 242 91 59 151 104
is_linear=0
shrinkage=0.05


Tree=14
num_leaves=8
num_cat=0
split_feature=6 0 1 3 5 1 0
split_gain=0.763344 0.543302 0.523278 0.481316 1.21835 0.933333 0.559459
threshold=-0.24120831917908755 0.0039938652537536709 -0.018510819651811113 0.002565783021019064 0.015783018074207646 0.023246973805655217 0.010386545801801208
decision_type=2 2 2 2 2 2 2
left_child=1 -1 -3 6 5 -5 -2
right_child=3 2 -4 4 -6 -7 -8
leaf_value=0.00019015282694460342 -8.9094299164163722e-05 -0.00054166899286856322 2.8591415926852378e-05 0.00037302693536334802 -0.00051865092651857383 -0.00013307032483336929 7.1976964571296971e-05
leaf_weight=230 185 25 123 40 41 30 45
leaf_count=230 185 25 123 40 41 30 45
internal_value=0.000410292 0.00195767 -0.000405405 -0.00130499 -0.00400901 1.86265e-10 1.86265e-10
internal_weight=719 378 148 341 111 70 230
internal_count=719 378 148 341 111 70 230
is_linear=0
shrinkage=0.05


end of trees

feature_importances:
ret_1d=21
dvol_z_20=16
dist_ma50=8
sector_ret_1d=8
spy_ret_1d=7
ret_5d=6
dist_ma200=6
spy_ret_20d=6
vix_chg_1d=5
overnight_gap=4
vix_level=4
atr_pct=3
parkinson_20=3
spy_ret_5d=3
ret_20d=2
dist_ma20=2
sector_ret_5d=1

parameters:
[boosting: gbdt]
[objective: quantile]
[metric: quantile]
[tree_learner: serial]
[device_type: cpu]
[data_sample_strategy: bagging]
[data: ]
[valid: ]
[num_iterations: 80]
[learning_rate: 0.05]
[num_leaves: 8]
[num_threads: 1]
[seed: 0]
[deterministic: 0]
[force_col_wise: 1]
[force_row_wise: 0]
[histogram_pool_size: -1]
[max_depth: -1]
[min_data_in_leaf: 25]
[min_sum_hessian_in_leaf: 0.001]
[bagging_fraction: 0.9]
[pos_bagging_fraction: 1]
[neg_bagging_fraction: 1]
[bagging_freq: 1]
[bagging_seed: 3]
[bagging_by_query: 0]
[feature_fraction: 0.9]
[feature_fraction_bynode: 1]
[feature_fraction_seed: 2]
[extra_trees: 0]
[extra_seed: 6]
[early_stopping_round: 0]
[early_stopping_min_delta: 0]
[first_metric_only: 0]
[max_delta_step: 0]
[lambda_l1: 0]
[lambda_l2: 0]
[linear_lambda: 0]
[min_gain_to_split: 0]
[drop_rate: 0.1]
[max_drop: 50]
[skip_drop: 0.5]
[xgboost_dart_mode: 0]
[uniform_drop: 0]
[drop_seed: 4]
[top_rate: 0.2]
[other_rate: 0.1]
[min_data_per_group: 100]
[max_cat_threshold: 32]
[cat_l2: 10]
[cat_smooth: 10]
[max_cat_to_onehot: 4]
[top_k: 20]
[monotone_constraints: ]
[monotone_constraints_method: basic]
[monotone_penalty: 0]
[feature_contri: ]
[forcedsplits_filename: ]
[refit_decay_rate: 0.9]
[cegb_tradeoff: 1]
[cegb_penalty_split: 0]
[cegb_penalty_feature_lazy: ]
[cegb_penalty_feature_coupled: ]
[path_smooth: 0]
[interaction_constraints: ]
[verbosity: -1]
[saved_feature_importance_type: 0]
[use_quantized_grad: 0]
[num_grad_quant_bins: 4]
[quant_train_renew_leaf: 0]
[stochastic_rounding: 1]
[linear_tree: 0]
[max_bin: 255]
[max_bin_by_feature: ]
[min_data_in_bin: 3]
[bin_construct_sample_cnt: 200000]
[data_random_seed: 1]
[is_enable_sparse: 1]
[enable_bundle: 1]
[use_missing: 1]
[zero_as_missing: 0]
[feature_pre_filter: 1]
[pre_partition: 0]
[two_round: 0]
[header: 0]
[label_column: ]
[weight_column: ]
[group_column: ]
[ignore_column: ]
[categorical_feature: ]
[forcedbins_filename: ]
[precise_float_parser: 0]
[parser_config_file: ]
[objective_seed: 5]
[num_class: 1]
[is_unbalance: 0]
[scale_pos_weight: 1]
[sigmoid: 1]
[boost_from_average: 1]
[reg_sqrt: 0]
[alpha: 0.1]
[fair_c: 1]
[poisson_max_delta_step: 0.7]
[tweedie_variance_power: 1.5]
[lambdarank_truncation_level: 30]
[lambdarank_norm: 1]
[label_gain: ]
[lambdarank_position_bias_regularization: 0]
[eval_at: ]
[multi_error_top_k: 1]
[auc_mu_weights: ]
[num_machines: 1]
[local_listen_port: 12400]
[time_out: 120]
[machine_list_filename: ]
[machines: ]
[gpu_platform_id: -1]
[gpu_device_id: -1]
[gpu_device_id_list: ]
[gpu_use_dp: 0]
[num_gpu: 1]

end of parameters

pandas_categorical:[]
