tree
version=v4
num_class=1
num_tree_per_iteration=1
label_index=0
max_feature_idx=16
objective=quantile
feature_names=ret_1d ret_5d ret_20d overnight_gap atr_pct parkinson_20 dvol_z_20 dist_ma20 dist_ma50 dist_ma200 spy_ret_1d spy_ret_5d spy_ret_20d vix_level vix_chg_1d sector_ret_1d sector_ret_5d
feature_infos=[-0.09399014778325121:0.066710459090577379] [-0.11372016301183785:0.084124134393434247] [-0.18043702522742189:0.15723040336595617] [-0.053839570528281366:0.050767023507339193] [0.010596579307694153:0.0392464857796666] [0.0075936322466439105:0.023928008376573481] [-2.2822517077835713:4.3131337105561922] [-0.10620244572920734:0.078150054856949813] [-0.17818499160223356:0.12648758086020462] [-0.31861256293954865:0.17773036244198126] [-0.058542947643003718:0.10501933612632941] [-0.11496158439845272:0.082843216242346029] [-0.12265592443394913:0.15756596870864792] [11.859999656677246:52.330001831054688] [-0.35753873962348437:0.74039073966007019] [-0.06285260230433054:0.088816354578251211] [-0.11675897124649115:0.08529462291702461]
tree_sizes=841 871 853 853 871 870 864 860 864 874 864 868 867 867 865 863 865 863 858 870 876 863

Tree=0
num_leaves=8
num_cat=0
split_feature=13 9 8 2 8 16 4
split_gain=2.15606 0.771629 0.471814 0.947715 1.0834 0.914173 1.13928
threshold=25.319999694824222 -0.23671996925067787 0.0028482507428141406 -0.033907067014501351 0.00088569088238543714 -0.00052318952961344356 0.019647471141966147
decision_type=2 8 10 2 8 2 2
left_child=1 -1 3 -3 5 6 -5
right_child=-2 2 -4 4 -6 -7 -8
leaf_value=-0.015796286481881805 -0.01611120677288428 -0.01516267111456867 -0.015156699753820738 -0.015834161084824678 -0.015915358622306235 -0.01517094721537865 -0.01515026740618639
leaf_weight=33 30 179 302 50 26 97 33
leaf_count=33 30 179 302 50 26 97 33
internal_value=-0.0155146 -0.0149673 -0.0146086 -0.0157691 -0.0180816 -0.0167035 -0.0205555
internal_weight=750 720 687 385 206 180 83
internal_count=750 720 687 385 206 180 83
is_linear=0
shrinkage=1


Tree=1
num_leaves=8
num_cat=0
split_feature=8 3 8 14 3 14 14
split_gain=1.23063 0.608726 0.649738 0.706065 0.690106 0.666162 0.912519
threshold=-0.0082320420589003223 -0.0075856399112868003 -0.010672530470479778 -0.047825209867674183 0.00093605166880561541 0.039671535485110161 0.080638292039736062
decision_type=10 2 8 2 2 2 2
left_child=1 -1 3 4 -3 -5 -7
right_child=-2 2 -4 5 -6 6 -8
leaf_value=-0.00047040583915885923 0.00016259642693252364 8.9432080064517916e-05 -0.00031748866193831524 0.0001743222785920985 -0.00056830968882736312 -0.00066394387913732127 0.00041307780967461704
leaf_weight=39 388 27 36 145 39 26 34
leaf_count=39 388 27 36 145 39 26 34
internal_value=0.000231608 -0.00193642 -0.00118892 -0.000350553 -0.00484848 0.00109756 -0.00333333
internal_weight=734 346 307 271 66 205 60
internal_count=734 346 307 271 66 205 60
is_linear=0
shrinkage=0.05


Tree=2
num_leaves=8
num_cat=0
split_feature=5 6 14 8 2 13 4
split_gain=1.21338 1.44643 0.963906 0.556387 0.90926 1.26318 1.16713
threshold=0.015662075640552893 0.16152330356284075 -0.027760594315615391 0.0028482507428141406 -0.033907067014501351 14.614999771118166 0.016943178395272446
decision_type=2 2 2 10 2 2 2
left_child=3 2 -2 4 -1 -6 -7
right_child=1 -3 -4 -5 5 6 -8
leaf_value=0.00012122767811513805 -0.00045826349037024001 -0.00070745530119050565 0.00019236819001599594 0.00018607998906523026 0.00015795464722403863 -0.00067186312618514239 -0.00011362013744843324
leaf_weight=177 31 28 41 287 58 28 99
leaf_count=177 31 28 41 287 58 28 99
internal_value=0.000126836 -0.005 -0.00125 0.000916795 -0.00038674 -0.00283784 -0.00562992
internal_weight=749 100 72 649 362 185 127
internal_count=749 100 72 649 362 185 127
is_linear=0
shrinkage=0.05


Tree=3
num_leaves=8
num_cat=0
split_feature=13 9 10 0 14 6 9
split_gain=1.71425 1.13167 0.971514 0.735113 0.508165 0.630114 0.4662
threshold=25.319999694824222 -0.16337986562960957 0.012396471332785432 -0.0060261274385017818 0.064380578257103652 0.51303928540581967 -0.19537345555446614
decision_type=2 8 2 2 2 2 10
left_child=1 3 4 -1 -3 -6 -5
right_child=-2 2 -4 6 5 -7 -8
leaf_value=-0.00051549615649901996 -0.0007076852247169048 0.00016301762833117794 -0.0003872454244711726 0.00019319492160909833 0.00017091320677033734 -0.00059699252051867392 -0.00066546651869795977
leaf_weight=37 35 489 34 39 55 27 27
leaf_count=37 35 489 34 39 55 27 27
internal_value=8.74834e-05 0.000621469 0.00144628 -0.0042233 0.0019352 -0.00170732 -0.00106061
internal_weight=743 708 605 103 571 82 66
internal_count=743 708 605 103 571 82 66
is_linear=0
shrinkage=0.05


Tree=4
num_leaves=8
num_cat=0
split_feature=9 15 9 12 9 6 12
split_gain=1.12406 0.929534 0.657437 0.429324 0.983863 0.771676 0.920646
threshold=-0.22121349490646561 -0.014693696698105272 0.016515277613451954 0.026461493971658315 -0.042852042489531166 -0.083320400747372389 -0.0026166681708668089
decision_type=8 2 10 2 10 2 2
left_child=-1 -2 3 4 5 -3 -7
right_child=1 2 -4 -5 -6 6 -8
leaf_value=-0.00041273666538527832 -0.00046315947044259649 0.0001388869027654938 0.00020618579477779773 8.3545853587833148e-05 -0.00014075598919065222 3.6581197556181708e-05 -0.00042068226966369271
leaf_weight=50 38 96 294 155 40 28 45
leaf_count=50 38 96 294 155 40 28 45
internal_value=0.000241287 0.000761494 0.00120061 -0.00021978 -0.00169856 -2.95856e-05 -0.00390411
internal_weight=746 696 658 364 209 169 73
internal_count=746 696 658 364 209 169 73
is_linear=0
shrinkage=0.05


Tree=5
num_leaves=8
num_cat=0
split_feature=12 9 16 7 8 0 3
split_gain=1.2172 0.905026 0.46635 1.21676 1.61723 0.793259 0.659856
threshold=-0.057938720016513449 -0.22983201491360281 0.00021034983400758381 -0.00031255955096665117 0.0089480219201624207 0.0015988775000475022 0.0072105820657982775
decision_type=2 8 2 2 10 2 2
left_child=-1 -2 3 -3 -5 -6 -4
right_child=1 2 6 4 5 -7 -8
leaf_value=-0.00053722776812692289 -0.00040474444509640457 7.8856090438045377e-05 0.00018830054496711657 -0.00057663197298977542 -0.00053005319338306136 0.00013623859640247188 -0.00012652613684653575
leaf_weight=25 36 183 362 26 33 36 36
leaf_count=25 36 183 362 26 33 36 36
internal_value=-0.000156038 0.000224719 0.000636095 -0.000935252 -0.00552632 -0.00152174 0.00173367
internal_weight=737 712 676 278 95 69 398
internal_count=737 712 676 278 95 69 398
is_linear=0
shrinkage=0.05


Tree=6
num_leaves=8
num_cat=0
split_feature=13 8 4 4 9 15 15
split_gain=1.2428 0.7666 0.580843 2.02292 0.680501 0.426492 0.964678
threshold=25.319999694824222 0.0028482507428141406 0.016943178395272446 0.015206676601269216 -0.23671996925067787 0.0023548446952610384 0.0077707769691323101
decision_type=2 10 2 2 8 2 2
left_child=1 2 3 -1 -4 -6 -7
right_child=-2 -3 4 -5 5 6 -8
leaf_value=0.00020450429863717813 -0.00064219979991498861 0.00016376424262958759 -0.00034103353233991984 -0.00057356964277771247 0.00014296085035512719 -0.00036614883802724737 9.4829027028685669e-05
leaf_weight=47 36 316 29 44 142 69 63
leaf_count=47 36 316 29 44 142 69 63
internal_value=0.000174263 0.000633803 -0.000837563 -0.00434066 0.000214522 0.000985402 -0.00106061
internal_weight=746 710 394 91 303 274 132
internal_count=746 710 394 91 303 274 132
is_linear=0
shrinkage=0.05


Tree=7
num_leaves=8
num_cat=0
split_feature=9 15 15 8 2 1 3
split_gain=1.28597 1.36761 1.16969 0.616162 1.03143 0.601136 0.4091
threshold=-0.16337986562960957 -0.014693696698105272 -0.0039977946602147143 -0.051231898195446761 -0.040364242301743729 -0.025333987138037802 0.00032330393433799293
decision_type=8 2 2 10 2 2 2
left_child=2 -2 -1 4 -3 -4 -5
right_child=1 3 5 6 -6 -7 -8
leaf_value=0.00025732401468570108 -0.00054379272394508766 6.3984314061992019e-05 -0.00011261168614544399 0.00018681412396912546 -0.00044864226901950629 -0.00073175275841912493 3.7965924547776357e-05
leaf_weight=39 32 45 36 250 25 44 274
leaf_count=39 32 45 36 250 25 44 274
internal_value=0.000100671 0.00100639 -0.00466387 0.00154882 -0.00285714 -0.008125 0.0021374
internal_weight=745 626 119 594 70 80 524
internal_count=745 626 119 594 70 80 524
is_linear=0
shrinkage=0.05


Tree=8
num_leaves=8
num_cat=0
split_feature=13 8 7 12 0 0 14
split_gain=0.947993 0.864886 0.664835 0.618049 0.596407 0.655787 0.831251
threshold=14.465000152587892 0.013452616025128263 0.021839517264805711 0.019854414597249462 0.012970280992728346 0.0095488152038066838 -0.077913276979976895
decision_type=2 10 2 2 2 2 2
left_child=-1 4 -3 -4 5 6 -2
right_child=1 2 3 -5 -6 -7 -8
leaf_value=0.00019649686259641606 -0.00061256106621168519 0.00023937373111208965 -0.00033845934439069553 0.0001186545776947108 0.00023878753279236526 -0.00050626096427211086 -6.7737474034422452e-05
leaf_weight=193 25 91 29 62 49 30 285
leaf_count=193 25 91 29 62 49 30 285
internal_value=0.000157068 -0.0008669 0.00197802 -0.00104396 -0.00219794 -0.00294118 -0.00225806
internal_weight=764 571 182 91 389 340 310
internal_count=764 571 182 91 389 340 310
is_linear=0
shrinkage=0.05


Tree=9
num_leaves=8
num_cat=0
split_feature=12 12 7 16 4 16 3
split_gain=0.638516 1.06684 0.884593 0.625291 0.532227 1.04769 0.480877
threshold=0.019647548518162531 0.016494758368500898 -0.041081021238670072 -0.026656327299261647 0.016923306884382202 -0.00052318952961344356 0.0025759722322810101
decision_type=2 2 2 2 2 2 2
left_child=1 2 -1 -4 5 -2 -5
right_child=4 -3 3 6 -6 -7 -8
leaf_value=-0.00032694793463677575 -0.00073460570284047217 -0.000355494661290578 -0.00020490393118042716 0.00010284191035384832 0.00017623684390061402 0.00018386980722172029 -3.8687817326373774e-05
leaf_weight=39 38 33 30 188 231 102 83
leaf_count=39 38 33 30 188 231 102 83
internal_value=-0.000107527 -0.00156836 -0.000735294 0.000182724 0.00136119 -0.00107143 0.00094096
internal_weight=744 373 340 301 371 140 271
internal_count=744 373 340 301 371 140 271
is_linear=0
shrinkage=0.05


Tree=10
num_leaves=8
num_cat=0
split_feature=9 16 9 10 4 2 14
split_gain=0.935432 0.52905 0.632848 0.68335 0.425333 0.818526 0.60985
threshold=-0.22121349490646561 -0.026656327299261647 -0.010126577788551637 0.011768378262121406 0.018824362571807113 -0.039734488980936948 0.039671535485110161
decision_type=8 2 10 2 2 2 2
left_child=-1 -2 3 4 5 -3 -7
right_child=1 2 -4 -5 -6 6 -8
leaf_value=-0.00032401662411716794 -0.00018828637664630894 5.2301212465956212e-05 0.0001820652163683832 -0.00029169455122373869 9.7735580575450452e-05 -8.3634704010225936e-05 -0.00058055146085806547
leaf_weight=47 40 30 346 26 165 66 29
leaf_count=47 40 30 346 26 165 66 29
internal_value=0.000126836 0.000584046 0.00092145 -0.000696202 1.86265e-10 -0.0022 -0.00447368
internal_weight=749 702 662 316 290 125 95
internal_count=749 702 662 316 290 125 95
is_linear=0
shrinkage=0.05


Tree=11
num_leaves=8
num_cat=0
split_feature=12 7 7 2 8 4 7
split_gain=0.805209 1.37908 0.839185 0.633517 0.737025 0.559743 0.495642
threshold=0.019647548518162531 0.02861720086866704 -0.041081021238670072 -0.039734488980936948 0.00088569088238543714 0.019431157006819532 0.023430892487669389
decision_type=2 2 2 2 10 2 2
left_child=1 2 -1 -4 5 -5 -2
right_child=6 -3 3 4 -6 -7 -8
leaf_value=-0.00028676484838952189 6.3919541381646675e-05 -0.00056774305453588341 5.0709473031697015e-05 -0.00035622903515972318 0.0001165282904421707 7.2581438496734245e-05 0.00020502404773850878
leaf_weight=47 253 30 78 65 87 69 118
leaf_count=47 253 30 78 65 87 69 118
internal_value=0.000247657 -0.00138298 -0.000491329 0.00048495 -0.000882353 -0.00320895 0.00190027
internal_weight=747 376 346 299 221 134 371
internal_count=747 376 346 299 221 134 371
is_linear=0
shrinkage=0.05


Tree=12
num_leaves=8
num_cat=0
split_feature=9 16 2 1 8 2 6
split_gain=0.739406 0.599969 0.647664 0.691388 0.916741 1.28654 0.384482
threshold=-0.23671996925067787 -0.00052318952961344356 -0.039734488980936948 -0.030766802566938919 -0.0062748774858044079 -0.011232750259741629 0.11982330681826213
decision_type=8 2 2 2 10 2 2
left_child=-1 2 -2 -4 5 -5 -6
right_child=1 -3 3 4 6 -7 -8
leaf_value=-0.00027978358464904551 9.875983592113691e-05 0.00011224218306950117 0.00024002083578439373 -0.00022157760463142052 6.6775267649224178e-05 -0.00067545019993673098 -9.038643234373053e-05
leaf_weight=34 75 416 38 45 62 28 36
leaf_count=34 75 416 38 45 62 28 36
internal_value=0.000435967 0.000785714 -0.000985915 -0.00241627 -0.00377193 -0.0080137 -0.000612245
internal_weight=734 700 284 209 171 73 98
internal_count=734 700 284 209 171 73 98
is_linear=0
shrinkage=0.05


Tree=13
num_leaves=8
num_cat=0
split_feature=8 2 4 1 8 4 15
split_gain=0.913024 0.866531 0.989834 1.21994 0.849487 0.985668 0.732601
threshold=-0.00769466524075224 -0.033907067014501351 0.017096425974729362 0.0032495845643389924 -0.047778580358384497 0.026931778598029678 -0.011791152670513281
decision_type=10 2 2 2 8 2 2
left_child=1 4 -3 -4 5 -1 -2
right_child=6 2 3 -5 -6 -7 -8
leaf_value=2.3723022503574697e-05 -0.00078539827855208524 -0.00046735815843058025 7.3094936548387266e-05 -0.00042785792162843163 0.00021506357842419402 -0.00029753113699100347 0.00012716006298205655
leaf_weight=85 27 32 95 46 84 25 351
leaf_count=85 27 32 95 46 84 25 351
internal_value=0.000100671 -0.00167575 -0.00424855 -0.00244681 0.000618557 -0.00227273 0.0018254
internal_weight=745 367 173 141 194 110 378
internal_count=745 367 173 141 194 110 378
is_linear=0
shrinkage=0.05


Tree=14
num_leaves=8
num_cat=0
split_feature=5 6 1 3 15 14 14
split_gain=0.672957 1.22237 0.642705 0.638005 0.52996 0.75625 0.715084
threshold=0.014129186144650611 0.16152330356284075 0.019382101160528412 0.0011821126701878628 0.003562789636174513 -0.0022749768251851816 -0.048319541899194234
decision_type=2 2 2 2 2 2 2
left_child=2 3 4 -2 -1 6 -6
right_child=1 -3 -4 -5 5 -7 -8
leaf_value=6.9276388468124237e-05 0.00014312185379324903 -0.00050067344214186596 0.00018389901207439266 -0.00021114216728058228 -0.00028884842240853471 -0.00033208032463472037 9.7367910489724174e-05
leaf_weight=303 59 39 124 34 66 32 62
leaf_count=303 59 39 124 34 66 32 62
internal_value=0.00027121 -0.00295455 0.000996593 0.000161291 0.000140389 -0.0021875 -0.00046875
internal_weight=719 132 587 93 463 160 128
internal_count=719 132 587 93 463 160 128
is_linear=0
shrinkage=0.05


Tree=15
num_leaves=8
num_cat=0
split_feature=12 7 8 15 7 3 7
split_gain=0.863047 1.24465 0.917314 0.82705 0.878097 0.896654 0.98
threshold=0.019647548518162531 0.02861720086866704 0.00046487753155988193 -0.0050585100251839257 -0.041081021238670072 0.0025759722322810101 -0.0079729879686729604
decision_type=2 2 8 2 2 2 2
left_child=1 2 3 -1 -5 -6 -7
right_child=-2 -3 -4 4 5 6 -8
leaf_value=0.00013761134219122546 9.6766952341476175e-05 -0.00046308575712124131 0.00014455500119122438 -0.00037793992844582281 6.1891427681725668e-05 -2.5817019816858221e-05 -0.00045563829922960991
leaf_weight=70 368 31 108 29 87 25 25
leaf_count=70 368 31 108 29 87 25 25
internal_value=0.000154778 -0.00153333 -0.000668604 -0.00241525 -0.00433735 -0.00266423 -0.008
internal_weight=743 375 344 236 166 137 50
internal_count=743 375 344 236 166 137 50
is_linear=0
shrinkage=0.05


Tree=16
num_leaves=8
num_cat=0
split_feature=13 15 8 0 15 15 4
split_gain=0.715654 0.588807 0.57152 0.685485 1.13784 1.60911 1.38691
threshold=14.920000076293947 -0.0074655914587445351 0.015348457780569038 0.012544104976514705 0.004822880014358045 0.008557723817652298 0.01727568141102909
decision_type=2 2 10 2 2 2 2
left_child=1 -1 3 4 6 -6 -2
right_child=2 -3 -4 -5 5 -7 -8
leaf_value=-0.00026843410913133555 -0.00045424580464055144 0.00017051517954501169 8.8059952781533281e-05 7.3693105431289012e-05 -0.00057676705122656298 -0.00017004853981844288 1.9875085196497903e-05
leaf_weight=25 42 212 156 53 43 47 179
leaf_count=25 42 212 156 53 43 47 179
internal_value=-1.98149e-05 0.00225738 -0.00105769 -0.00214286 -0.00303858 -0.00777778 -0.0011086
internal_weight=757 237 520 364 311 90 221
internal_count=757 237 520 364 311 90 221
is_linear=0
shrinkage=0.05


Tree=17
num_leaves=8
num_cat=0
split_feature=16 6 7 8 3 3 16
split_gain=0.591114 0.879487 0.883068 0.678399 1.44688 0.592869 0.407725
threshold=-0.0025906176639742813 0.11982330681826213 -0.0052524252514810623 -0.04454039539997983 -0.0035190355556892201 0.0072105820657982775 -0.012558138379043403
decision_type=2 2 2 10 2 2 2
left_child=1 -1 6 4 -2 -5 -3
right_child=3 2 -4 5 -6 -7 -8
leaf_value=4.1243645361794866e-05 -0.00044930598306796676 3.7460688156604736e-05 -0.00087552065364345823 0.00015188686205391529 3.0005369300728353e-05 -5.8402642872682315e-05 -0.00019420619155930571
leaf_weight=168 26 42 37 342 71 34 26
leaf_count=168 26 42 37 342 71 34 26
internal_value=0.000442359 -0.00141026 -0.005 0.00151163 -0.00221649 0.0024734 -0.00161765
internal_weight=746 273 105 473 97 376 68
internal_count=746 273 105 473 97 376 68
is_linear=0
shrinkage=0.05


Tree=18
num_leaves=8
num_cat=0
split_feature=9 13 13 11 11 4 14
split_gain=0.890774 0.789914 0.525419 0.534672 1.52277 0.389452 0.760417
threshold=-0.23204687884845213 25.319999694824222 14.465000152587892 0.018027323901660845 0.026483483019392965 0.016579339861454153 0.06028471113356227
decision_type=8 2 2 2 2 2 2
left_child=-1 2 -2 5 -5 6 -4
right_child=1 -3 3 4 -6 -7 -8
leaf_value=-0.00023676602988652242 0.00015817979307493834 -0.0004035548259594621 2.4328747256255291e-05 -0.00025661336974334628 0.00027381181736061886 5.9840629586780933e-05 -0.00035138238416057029
leaf_weight=38 184 29 76 39 48 314 25
leaf_count=38 184 29 76 39 48 314 25
internal_value=0.00061753 0.00101399 0.00135569 0.000517928 -0.00304598 0.00126506 -0.00143564
internal_weight=753 715 686 502 87 415 101
internal_count=753 715 686 502 87 415 101
is_linear=0
shrinkage=0.05


Tree=19
num_leaves=8
num_cat=0
split_feature=7 10 15 4 12 8 10
split_gain=0.657024 0.809401 0.530837 0.825243 0.424747 0.369501 0.473118
threshold=-0.041081021238670072 -0.0026466516143627823 -0.0070793185107530512 0.020459357300577092 0.018878595009899749 0.013452616025128263 0.0099554586299021048
decision_type=2 2 2 2 2 10 2
left_child=1 -1 3 4 -2 6 -4
right_child=2 -3 5 -5 -6 -7 -8
leaf_value=0.00029901365448976489 -2.1725347825933667e-05 -0.00024394471640445944 1.8758227128519167e-05 0.00026182694548423528 -0.00072488668865149531 0.00015313234575770846 -0.00026074209671249793
leaf_weight=25 36 41 297 49 30 217 44
leaf_count=25 36 41 297 49 30 217 44
internal_value=0.000669824 -0.00409091 0.0011367 -0.00195652 -0.00560606 0.00177419 0.000747801
internal_weight=739 66 673 115 66 558 341
internal_count=739 66 673 115 66 558 341
is_linear=0
shrinkage=0.05


Tree=20
num_leaves=8
num_cat=0
split_feature=9 3 15 15 5 14 0
split_gain=0.544625 1.03862 0.750705 0.509134 0.552308 0.406714 0.380966
threshold=-0.010126577788551637 -0.0075856399112868003 -0.014693696698105272 0.0023548446952610384 0.014129186144650611 -0.051474636784154308 0.0088413778238019009
decision_type=8 2 2 2 2 2 2
left_child=1 -1 -2 -4 6 -3 -5
right_child=2 5 3 4 -6 -7 -8
leaf_value=-0.00037563158227411122 -0.00042280323277478753 -5.8982592532866853e-05 0.0001193723924626486 -7.4676956336866104e-05 -0.0004755522046843635 1.4330657774092952e-05 0.00017048891092452599
leaf_weight=29 31 34 289 109 31 153 75
leaf_count=29 31 34 289 109 31 153 75
internal_value=0.000406125 -0.00171296 0.00126168 0.00172619 -0.000116279 -0.000347593 0.000923913
internal_weight=751 216 535 504 215 187 184
internal_count=751 216 535 504 215 187 184
is_linear=0
shrinkage=0.05


Tree=21
num_leaves=8
num_cat=0
split_feature=6 4 6 16 2 16 0
split_gain=0.768867 0.618448 0.806667 0.660254 0.813718 0.623218 1.07218
threshold=2.4609330096694717 0.02708151782919432 -0.058412950307846857 0.00021034983400758381 -0.039734488980936948 -0.00956845540318285 0.0054774559441590496
decision_type=2 2 2 2 2 2 2
left_child=1 3 -3 4 -1 -6 -7
right_child=-2 2 -4 -5 5 6 -8
leaf_value=8.7406108991093057e-05 -0.00034225853657200104 5.9602114283392601e-06 -0.00072657267899708976 0.00010848902132794977 2.4494798964980362e-06 -0.00052987873399204554 0.00013035897017319971
leaf_weight=73 27 50 25 389 107 48 29
leaf_count=73 27 50 25 389 107 48 29
internal_value=0.000320856 0.000631068 -0.00366667 0.00113003 -0.000836576 -0.0026087 -0.00603896
internal_weight=748 721 75 646 257 184 77
internal_count=748 721 75 646 257 184 77
is_linear=0
shrinkage=0.05


end of trees

feature_importances:
dist_ma50=17
dist_ma200=14
sector_ret_1d=14
atr_pct=13
dist_ma20=11
vix_chg_1d=11
overnight_gap=10
sector_ret_5d=10
ret_20d=9
spy_ret_20d=9
dvol_z_20=8
vix_level=8
ret_1d=7
ret_5d=4
spy_ret_1d=4
parkinson_20=3
spy_ret_5d=2

parameters:
[boosting: gbdt]
[objective: quantile]
[metric: quantile]
[tree_learner: serial]
[device_type: cpu]
[data_sample_strategy: bagging]
[data: ]
[valid: ]
[num_iterations: 80]
[learning_rate: 0.05]
[num_leaves: 8]
[num_threads: 1]
[seed: 0]
[deterministic: 0]
[force_col_wise: 1]
[force_row_wise: 0]
[histogram_pool_size: -1]
[max_depth: -1]
[min_data_in_leaf: 25]
[min_sum_hessian_in_leaf: 0.001]
[bagging_fraction: 0.9]
[pos_bagging_fraction: 1]
[neg_bagging_fraction: 1]
[bagging_freq: 1]
[bagging_seed: 3]
[bagging_by_query: 0]
[feature_fraction: 0.9]
[feature_fraction_bynode: 1]
[feature_fraction_seed: 2]
[extra_trees: 0]
[extra_seed: 6]
[early_stopping_round: 0]
[early_stopping_min_delta: 0]
[first_metric_only: 0]
[max_delta_step: 0]
[lambda_l1: 0]
[lambda_l2: 0]
[linear_lambda: 0]
[min_gain_to_split: 0]
[drop_rate: 0.1]
[max_drop: 50]
[skip_drop: 0.5]
[xgboost_dart_mode: 0]
[uniform_drop: 0]
[drop_seed: 4]
[top_rate: 0.2]
[other_rate: 0.1]
[min_data_per_group: 100]
[max_cat_threshold: 32]
[cat_l2: 10]
[cat_smooth: 10]
[max_cat_to_onehot: 4]
[top_k: 20]
[monotone_constraints: ]
[monotone_constraints_method: basic]
[monotone_penalty: 0]
[feature_contri: ]
[forcedsplits_filename: ]
[refit_decay_rate: 0.9]
[cegb_tradeoff: 1]
[cegb_penalty_split: 0]
[cegb_penalty_feature_lazy: ]
[cegb_penalty_feature_coupled: ]
[path_smooth: 0]
[interaction_constraints: ]
[verbosity: -1]
[saved_feature_importance_type: 0]
[use_quantized_grad: 0]
[num_grad_quant_bins: 4]
[quant_train_renew_leaf: 0]
[stochastic_rounding: 1]
[linear_tree: 0]
[max_bin: 255]
[max_bin_by_feature: ]
[min_data_in_bin: 3]
[bin_construct_sample_cnt: 200000]
[data_random_seed: 1]
[is_enable_sparse: 1]
[enable_bundle: 1]
[use_missing: 1]
[zero_as_missing: 0]
[feature_pre_filter: 1]
[pre_partition: 0]
[two_round: 0]
[header: 0]
[label_column: ]
[weight_column: ]
[group_column: ]
[ignore_column: ]
[categorical_feature: ]
[forcedbins_filename: ]
[precise_float_parser: 0]
[parser_config_file: ]
[objective_seed: 5]
[num_class: 1]
[is_unbalance: 0]
[scale_pos_weight: 1]
[sigmoid: 1]
[boost_from_average: 1]
[reg_sqrt: 0]
[alpha: 0.1]
[fair_c: 1]
[poisson_max_delta_step: 0.7]
[tweedie_variance_power: 1.5]
[lambdarank_truncation_level: 30]
[lambdarank_norm: 1]
[label_gain: ]
[lambdarank_position_bias_regularization: 0]
[eval_at: ]
[multi_error_top_k: 1]
[auc_mu_weights: ]
[num_machines: 1]
[local_listen_port: 12400]
[time_out: 120]
[machine_list_filename: ]
[machines: ]
[gpu_platform_id: -1]
[gpu_device_id: -1]
[gpu_device_id_list: ]
[gpu_use_dp: 0]
[num_gpu: 1]

end of parameters

pandas_categorical:[]
