tree
version=v4
num_class=1
num_tree_per_iteration=1
label_index=0
max_feature_idx=16
objective=quantile
feature_names=ret_1d ret_5d ret_20d overnight_gap atr_pct parkinson_20 dvol_z_20 dist_ma20 dist_ma50 dist_ma200 spy_ret_1d spy_ret_5d spy_ret_20d vix_level vix_chg_1d sector_ret_1d sector_ret_5d
feature_infos=[-0.09399014778325121:0.066710459090577379] [-0.11372016301183785:0.084124134393434247] [-0.18043702522742189:0.15723040336595617] [-0.053839570528281366:0.050767023507339193] [0.010596579307694153:0.0392464857796666] [0.0075936322466439105:0.023928008376573481] [-2.2822517077835713:4.3131337105561922] [-0.10620244572920734:0.078150054856949813] [-0.17818499160223356:0.12648758086020462] [-0.31861256293954865:0.17773036244198126] [-0.058542947643003718:0.10501933612632941] [-0.11496158439845272:0.082843216242346029] [-0.12265592443394913:0.15756596870864792] [11.859999656677246:52.330001831054688] [-0.35753873962348437:0.74039073966007019] [-0.06285260230433054:0.088816354578251211] [-0.11675897124649115:0.08529462291702461]
tree_sizes=817 851 851 860 855 856 872 857 852 858 857 862 862 852 871 874 863 858 859 857 873 874 853 860 853 861 868 860 877 868 871 866 857

Tree=0
num_leaves=8
num_cat=0
split_feature=4 1 6 5 5 5 8
split_gain=4.34689 1.40434 1.82336 0.672486 0.59513 0.807669 0.779545
threshold=0.031191103704820252 -0.026492833306374083 1.3070834812233632 0.012523099190248096 0.01243334135515956 0.013467444290124501 0.016595530253348815
decision_type=2 2 2 2 2 2 10
left_child=1 2 3 -1 -3 6 -6
right_child=-2 4 -4 -5 5 -7 -8
leaf_value=0.020473085482087983 0.021356617710548687 0.020453419181179912 0.021416614822632109 0.020895183746609713 0.02094260753933419 0.02042579760143708 0.020419727035237711
leaf_weight=44 45 340 27 46 45 171 32
leaf_count=44 45 340 27 46 45 171 32
internal_value=0.0205658 0.0196041 0.0246069 0.0211881 0.0186087 0.0204712 0.0247234
internal_weight=750 705 117 90 588 248 77
internal_count=750 705 117 90 588 248 77
is_linear=0
shrinkage=1


Tree=1
num_leaves=8
num_cat=0
split_feature=4 10 9 4 2 1 16
split_gain=4.5789 2.32528 1.35783 1.14708 1.08587 1.08389 1.00762
threshold=0.026244078840036166 -0.01425655493307104 -0.18851883711216974 0.020459357300577092 -0.038859877584737461 -0.011484674313916974 -0.0065187610014357236
decision_type=2 2 8 2 2 2 2
left_child=1 -1 4 -3 -2 6 -5
right_child=2 3 -4 5 -6 -7 -8
leaf_value=0.00055993321070538335 0.00035361921385885565 -0.00018315445357071984 0.00021945055961849255 -0.00017252156233308195 0.00067889065089890295 -0.00018392676782311938 0.00056542331951417045
leaf_weight=34 26 452 28 25 27 107 35
leaf_count=34 26 452 28 25 27 107 35
internal_value=-0.000163489 -0.00155437 0.0110494 -0.00225364 0.0157547 0.00128742 0.00666667
internal_weight=734 653 81 619 53 167 60
internal_count=734 653 81 619 53 167 60
is_linear=0
shrinkage=0.05


Tree=2
num_leaves=8
num_cat=0
split_feature=1 5 6 13 8 4 0
split_gain=3.16313 2.13846 1.96098 1.1341 0.829897 0.489833 0.675769
threshold=-0.026492833306374083 0.014268602800334667 0.76659189039900177 20.375000000000004 -0.041263473426158208 0.01961420993047425 0.011896743814361567
decision_type=2 2 2 2 8 2 2
left_child=1 2 -1 5 -5 -2 -7
right_child=3 -3 -4 4 -6 6 -8
leaf_value=-0.00014148111741994881 -0.0002147426577012064 0.00068255979914008712 0.00035324650506694214 0.00024432517116409016 4.2121668243479728e-05 -0.00017648425507977357 0.00021097580784430427
leaf_weight=63 371 40 31 25 66 114 39
leaf_count=63 371 40 31 25 66 114 39
internal_value=-0.00039386 0.00656716 0.00244681 -0.00191057 0.00324176 -0.00280534 -0.000424838
internal_weight=749 134 94 615 91 524 153
internal_count=749 134 94 615 91 524 153
is_linear=0
shrinkage=0.05


Tree=3
num_leaves=8
num_cat=0
split_feature=4 10 4 6 1 0 13
split_gain=3.10534 2.14422 0.777935 0.843882 1.2327 0.997533 0.368346
threshold=0.031191103704820252 -0.01425655493307104 0.020036961845254581 0.10680086655532298 -0.0040163483052537688 0.010565466046955742 16.469999313354496
decision_type=2 2 2 2 2 2 2
left_child=1 -1 6 5 -5 -4 -3
right_child=-2 2 3 4 -6 -7 -8
leaf_value=0.00053447196409464116 0.0006022116905983326 -0.00026442102340141002 -0.00016146343920579135 0.00046387154189898942 -0.00012129680962084493 0.00022461842322196165 -6.9733453331738147e-05
leaf_weight=33 45 278 122 45 34 36 150
leaf_count=33 45 278 122 45 34 36 150
internal_value=4.71051e-05 -0.00077364 -0.00139098 0.000907172 0.00512658 -0.00120253 -0.00266355
internal_weight=743 698 665 237 79 158 428
internal_count=743 698 665 237 79 158 428
is_linear=0
shrinkage=0.05


Tree=4
num_leaves=8
num_cat=0
split_feature=15 4 5 6 0 6 3
split_gain=3.38336 2.1377 1.39655 0.837832 1.30811 0.869923 0.409844
threshold=-0.015757736986787282 0.027736235926694362 0.019090103932794457 0.70970521502476813 -0.010684689601011708 0.97383753424333541 -0.005252836061950982
decision_type=2 2 2 2 2 2 2
left_child=-1 3 -3 6 -5 -6 -2
right_child=1 2 -4 4 5 -7 -8
leaf_value=0.00043813687070029409 2.4561525115752131e-05 0.00063805017887065768 7.7126347756938676e-05 0.00040787163850506628 0.00021208924402105696 -9.8740004028325016e-05 -0.00019725112308355589
leaf_weight=36 46 29 29 28 25 78 475
leaf_count=36 46 29 29 28 25 78 475
internal_value=-0.000509385 -0.00126761 0.00793103 -0.00208589 0.00148855 -0.00111651 -0.00298465
internal_weight=746 710 58 652 131 103 521
internal_count=746 710 58 652 131 103 521
is_linear=0
shrinkage=0.05


Tree=5
num_leaves=8
num_cat=0
split_feature=15 1 11 12 0 0 11
split_gain=2.87725 1.46506 1.57092 1.70669 0.782193 0.403333 0.376993
threshold=-0.017588249087878035 -0.01880383127894741 0.00909053299113405 -0.02797294646846021 0.0211261065050008 -0.013894160805907494 -0.0060505847997984188
decision_type=2 2 2 2 2 2 2
left_child=-1 2 3 -2 6 -5 -3
right_child=1 4 -4 5 -6 -7 -8
leaf_value=0.00041569779241924912 0.0006190653129376089 9.2385758804267806e-06 0.0005944428072391395 9.3160449712907629e-05 0.00019152868200650249 -0.00019878500276090591 -0.00018634970623949751
leaf_weight=26 27 94 42 25 34 75 414
leaf_count=26 27 94 42 25 34 75 414
internal_value=-0.000183176 -0.000780592 0.00328402 0.00051181 -0.00204797 -0.0025 -0.00253937
internal_weight=737 711 169 127 542 100 508
internal_count=737 711 169 127 542 100 508
is_linear=0
shrinkage=0.05


Tree=6
num_leaves=8
num_cat=0
split_feature=0 0 10 12 10 3 11
split_gain=2.70214 1.30969 0.957118 0.813002 0.420127 0.592131 0.412652
threshold=-0.023813899082410824 0.0231944051749472 -0.013932246020769588 0.078665433833488688 -0.004502832663512756 -0.0069774633108281572 0.0072949699106841246
decision_type=2 2 2 2 2 2 2
left_child=-1 2 -2 4 -4 -6 -7
right_child=1 -3 3 -5 5 6 -8
leaf_value=0.00078163184821054734 0.00034084024594392806 0.00045521993063168953 -0.00021827610100346473 0.0002669522702568431 0.00013272369148942251 -6.2212781560646503e-05 -0.00023482217588676409
leaf_weight=36 34 27 110 25 29 233 252
leaf_count=36 34 27 110 25 29 233 252
internal_value=-0.000308312 -0.000985917 -0.00141289 -0.0018413 -0.00219551 -0.00159533 -0.00201031
internal_weight=746 710 683 649 624 514 485
internal_count=746 710 683 649 624 514 485
is_linear=0
shrinkage=0.05


Tree=7
num_leaves=8
num_cat=0
split_feature=4 5 10 5 6 2 2
split_gain=2.57695 2.44723 1.46395 0.537374 0.824706 0.753393 1.8067
threshold=0.027736235926694362 0.019090103932794457 -0.01425655493307104 0.010748449927733784 -0.3696246665872957 0.043506658142852157 -0.012907906236405696
decision_type=2 2 2 2 2 2 2
left_child=2 -2 -1 -4 -5 6 -6
right_child=1 -3 3 4 5 -7 -8
leaf_value=0.00026848211997999746 0.00071149577439725458 2.2752632130272324e-06 -0.000259531721038497 -0.00022326362237688396 -2.1212351031243972e-05 -9.209862544678117e-05 0.00032828358329676561
leaf_weight=32 31 38 223 196 106 40 79
leaf_count=32 31 38 223 196 106 40 79
internal_value=-0.000436243 0.00876811 -0.00137574 -0.00189441 -0.000843232 0.00122222 0.00256757
internal_weight=745 69 676 644 421 225 185
internal_count=745 69 676 644 421 225 185
is_linear=0
shrinkage=0.05


Tree=8
num_leaves=8
num_cat=0
split_feature=15 4 13 8 0 3 9
split_gain=1.62396 1.17164 1.36706 0.797143 0.583985 0.576432 0.329604
threshold=-0.015091247469635081 0.026244078840036166 18.94999980926514 -0.064971258314385424 0.0211261065050008 -0.005252836061950982 -0.050648842114569152
decision_type=2 2 2 10 2 2 10
left_child=-1 4 -3 -4 5 6 -2
right_child=1 2 3 -5 -6 -7 -8
leaf_value=0.00035143400094043748 -6.3848128046064057e-05 0.000539377013708509 0.00077271829617493737 -0.00014435758472215607 4.6269985726485266e-05 -0.00012502377947536447 0.0001450801436009276
leaf_weight=37 29 26 25 31 29 549 38
leaf_count=37 29 26 25 31 29 549 38
internal_value=-0.000353404 -0.000873454 0.0047561 0.000357142 -0.00158915 -0.00191559 0.00246269
internal_weight=764 727 82 56 645 616 67
internal_count=764 727 82 56 645 616 67
is_linear=0
shrinkage=0.05


Tree=9
num_leaves=8
num_cat=0
split_feature=0 5 12 12 12 0 12
split_gain=1.97529 1.39304 1.12527 1.10827 0.583835 0.434896 0.239585
threshold=-0.013894160805907494 0.015809832354573641 -0.0041728615781457248 -0.01116014011506866 0.019854414597249462 0.0211261065050008 0.019854414597249462
decision_type=2 2 2 2 2 2 2
left_child=2 5 -1 -3 -4 6 -2
right_child=1 3 4 -5 -6 -7 -8
leaf_value=0.00087275280073658638 -7.4172546690452843e-05 -4.5382168090765631e-05 -0.00014512577365631091 0.00040015879460355246 0.00020483634691583426 5.2621717274773427e-05 -0.00020761558136904828
leaf_weight=35 261 32 27 42 29 28 290
leaf_count=35 261 32 27 42 29 28 290
internal_value=-0.000362904 -0.00132466 0.00653846 0.00513513 0.00214286 -0.00215026 -0.00245917
internal_weight=744 653 91 74 56 579 551
internal_count=744 653 91 74 56 579 551
is_linear=0
shrinkage=0.05


Tree=10
num_leaves=8
num_cat=0
split_feature=4 5 10 8 12 7 0
split_gain=1.57122 1.85606 1.14628 0.521591 0.588462 0.607197 0.393906
threshold=0.027894635996893052 0.019090103932794457 -0.01425655493307104 0.0036503409077160991 0.032816284988903439 -0.01803900273302533 0.0084222185172635484
decision_type=2 2 2 8 2 2 2
left_child=2 -2 -1 4 6 -6 -4
right_child=1 -3 3 -5 5 -7 -8
leaf_value=0.00054976650680745075 0.00075493714327169151 -1.974464992074076e-05 -1.9871869043596322e-05 -0.00018166062063298892 -6.7970496509042557e-06 0.00016210814032346324 -0.00011509882832404881
leaf_weight=29 27 33 207 320 37 43 53
leaf_count=29 27 33 207 320 37 43 53
internal_value=-0.000260348 0.0075 -0.000936141 -0.00136364 -1.19209e-09 0.00375 -0.00115385
internal_weight=749 60 689 660 340 80 260
internal_count=749 60 689 660 340 80 260
is_linear=0
shrinkage=0.05


Tree=11
num_leaves=8
num_cat=0
split_feature=4 5 15 8 12 15 14
split_gain=1.74094 1.91211 0.961164 0.728075 1.09665 0.600714 0.602954
threshold=0.027736235926694362 0.019090103932794457 -0.015091247469635081 0.0036503409077160991 0.047608041860818802 0.0070853510662165506 -0.04578454363779693
decision_type=2 2 2 8 2 2 2
left_child=2 -2 -1 4 5 -4 -7
right_child=1 -3 3 -5 -6 6 -8
leaf_value=0.00043964681173064936 0.00065419375453262905 -1.6967548530467442e-05 -0.00013748609480426592 -0.00016828386982316876 0.0003392633205929443 -1.26313910626335e-05 0.00010618074986926277
leaf_weight=31 29 32 233 320 26 43 33
leaf_count=31 29 32 233 320 26 43 33
internal_value=2.00791e-05 0.00811475 -0.00069971 -0.00110687 0.000522387 -0.000307445 0.00355263
internal_weight=747 61 686 655 335 309 76
internal_count=747 61 686 655 335 309 76
is_linear=0
shrinkage=0.05


Tree=12
num_leaves=8
num_cat=0
split_feature=4 5 1 12 13 15 12
split_gain=1.60464 2.24353 0.9612 0.811214 0.680257 0.594086 0.338628
threshold=0.027736235926694362 0.019090103932794457 -0.010427590710231137 0.032816284988903439 21.555000305175785 -0.010286893464813983 -0.0014831774620820968
decision_type=2 2 2 2 2 2 2
left_child=2 -2 3 5 -4 -1 -7
right_child=1 -3 4 -5 -6 6 -8
leaf_value=0.00030184327739176992 0.00062148406680599764 -2.6858384469361722e-05 -0.00017950597714733762 0.00029854893463994729 4.1114851782625715e-05 0.00022362423682484829 -0.00010728183381973618
leaf_weight=25 29 38 424 49 31 40 98
leaf_count=25 29 38 424 49 31 40 98
internal_value=-0.000435968 0.0069403 -0.00117691 0.00160377 -0.00247253 -9.20257e-05 -0.00137681
internal_weight=734 67 667 212 455 163 138
internal_count=734 67 667 212 455 163 138
is_linear=0
shrinkage=0.05


Tree=13
num_leaves=8
num_cat=0
split_feature=0 0 1 2 14 10 16
split_gain=1.33392 1.19449 0.992981 0.72 0.491011 0.218588 0.234529
threshold=0.022189794946332112 -0.013894160805907494 -0.018629251525498099 -0.044542720840630705 0.11365091649526195 -0.0049441493240062187 0.025035519130378495
decision_type=2 2 2 2 2 2 2
left_child=1 2 3 -1 5 -3 -7
right_child=-2 4 -4 -5 -6 6 -8
leaf_value=0.00035641535986971124 0.00037467203570893016 -0.00015559500736738555 -4.385887179512385e-05 0.000554521536801211 2.0839049131859142e-05 -8.9722852526377014e-05 -0.00013503408584343533
leaf_weight=25 31 89 42 25 25 433 75
leaf_count=25 31 89 42 25 25 433 75
internal_value=-0.000637585 -0.00107843 0.00423913 0.009 -0.00186495 -0.00215243 -0.00175197
internal_weight=745 714 92 50 622 597 508
internal_count=745 714 92 50 622 597 508
is_linear=0
shrinkage=0.05


Tree=14
num_leaves=8
num_cat=0
split_feature=8 0 12 2 14 15 4
split_gain=1.01949 0.858481 0.732783 0.375094 0.354416 0.440716 0.403266
threshold=-0.06887366168490637 0.0211261065050008 -0.0026166681708668089 0.042380315037079515 -0.035621573523768706 0.0072581709670196401 0.014900226096993039
decision_type=8 2 2 2 2 2 2
left_child=2 3 -1 4 -2 6 -6
right_child=1 -3 -4 -5 5 -7 -8
leaf_value=0.0004153397620063799 -0.00016080705839196594 0.00035756558075483507 -2.7249090495931759e-05 -0.00015264858251537786 -0.00036562246929663369 0.00030235869978176722 -5.9363942732524322e-06
leaf_weight=32 142 29 31 124 51 42 268
leaf_count=32 142 29 31 124 51 42 268
internal_value=-0.000757998 -0.00134146 0.00531746 -0.00173046 -0.00112326 -0.00029086 -0.000924766
internal_weight=719 656 63 627 503 361 319
internal_count=719 656 63 627 503 361 319
is_linear=0
shrinkage=0.05


Tree=15
num_leaves=8
num_cat=0
split_feature=8 12 2 3 11 11 11
split_gain=1.40802 1.06408 0.447566 0.59645 0.467132 0.759123 0.415596
threshold=-0.06887366168490637 -0.0014831774620820968 0.043506658142852157 0.0082443792609501205 -0.0060505847997984188 -0.0093898392090148147 -0.020756034341227022
decision_type=8 2 2 2 2 2 2
left_child=1 -1 3 4 5 6 -2
right_child=2 -3 -4 -5 -6 -7 -8
leaf_value=0.0007021183901253056 2.5156459791041095e-05 -9.9252951052223216e-06 -0.00014224666262492019 0.00034294120086356296 -6.2206272907507038e-05 0.00021305662154946561 -9.2523321469236669e-05
leaf_weight=34 50 31 128 25 389 29 57
leaf_count=34 50 31 128 25 389 29 57
internal_value=-0.000491253 0.00653846 -0.00116519 -0.000545456 -0.000904763 0.00161765 -0.000327104
internal_weight=743 65 678 550 525 136 107
internal_count=743 65 678 550 525 136 107
is_linear=0
shrinkage=0.05


Tree=16
num_leaves=8
num_cat=0
split_feature=11 4 4 7 7 10 0
split_gain=1.05605 0.877715 0.79915 0.560036 0.827166 0.772821 0.278782
threshold=-0.020756034341227022 0.021822543805604198 0.019375367862212004 0.021411345151012843 -0.0014720179601754311 0.0054892389813711038 -1.0000000180025095e-35
decision_type=2 2 2 2 2 2 2
left_child=2 -2 -1 4 5 6 -3
right_child=1 3 -4 -5 -6 -7 -8
leaf_value=0.0004473746339301678 -8.7088161140212478e-05 0.00014634128919280325 1.4911497126042309e-06 -6.6200624318363212e-05 0.00034060613325587663 0.00032199116158815333 -0.00011061227213582917
leaf_weight=26 504 42 47 25 38 38 37
leaf_count=26 504 42 47 25 38 38 37
internal_value=-0.000442538 -0.00105263 0.00527397 0.00194444 0.00306451 0.000982905 -0.00183544
internal_weight=757 684 73 180 155 117 79
internal_count=757 684 73 180 155 117 79
is_linear=0
shrinkage=0.05


Tree=17
num_leaves=8
num_cat=0
split_feature=4 11 4 4 5 5 16
split_gain=1.47975 0.626634 0.923462 0.604122 0.464006 0.82501 0.522179
threshold=0.031191103704820252 -0.020756034341227022 0.019375367862212004 0.01961420993047425 0.013467444290124501 0.012301700611060036 0.0097723543433233546
decision_type=2 2 2 2 2 2 2
left_child=1 2 -1 -3 5 -5 -7
right_child=-2 3 -4 4 -6 6 -8
leaf_value=0.00039880588911956764 0.00034549948311836517 -0.00015971520861161331 -0.0001242501523117152 -0.00015557493263029221 -1.7334876511438697e-05 8.8992388470566713e-05 0.00033936315986992445
leaf_weight=25 46 400 40 32 142 34 27
leaf_count=25 46 400 40 32 142 34 27
internal_value=-0.000643433 -0.00121429 0.00346154 -0.00169291 0.000319148 0.00306451 0.00647541
internal_weight=746 700 65 635 235 93 61
internal_count=746 700 65 635 235 93 61
is_linear=0
shrinkage=0.05


Tree=18
num_leaves=8
num_cat=0
split_feature=8 0 3 15 11 6 15
split_gain=1.00813 1.10156 0.34128 0.498462 0.313463 0.347721 0.478058
threshold=-0.06887366168490637 -0.01237108811286741 0.0090552084459414334 0.016193132226402177 -0.0060505847997984188 0.36596691242460527 -0.0035766417043024963
decision_type=8 2 2 2 2 2 2
left_child=1 -1 3 4 5 6 -2
right_child=2 -3 -4 -5 -6 -7 -8
leaf_value=0.00086586894487620083 -5.0813165541638079e-05 -4.5419248774366929e-06 0.00029349172933613191 0.00027765856459330095 -0.00014470596320826173 0.00014434664487031579 1.7905251724978212e-05
leaf_weight=25 56 49 29 25 466 40 63
leaf_count=25 56 49 29 25 466 40 63
internal_value=-0.00108234 0.00445946 -0.0016863 -0.00192308 -0.0022 -0.00028302 -0.00163866
internal_weight=753 74 679 650 625 159 119
internal_count=753 74 679 650 625 159 119
is_linear=0
shrinkage=0.05


Tree=19
num_leaves=8
num_cat=0
split_feature=4 5 1 1 1 16 1
split_gain=1.07822 1.58605 0.41119 0.92143 1.01731 1.01964 0.369425
threshold=0.027736235926694362 0.019090103932794457 -0.010427590710231137 -0.03011630772212542 -0.025679644259890552 0.0033791205056932232 0.0063653933347741507
decision_type=2 2 2 2 2 2 2
left_child=2 -2 3 -1 -5 -6 -4
right_child=1 -3 6 4 5 -7 -8
leaf_value=-3.5169144971020013e-05 0.00052132609172388068 -4.0040897322405192e-05 -0.00014237211430675445 0.00052865862297147594 -8.626632972320988e-05 0.0002771674934541471 -1.8804021549480297e-05
leaf_weight=98 28 31 165 26 57 47 287
leaf_count=98 28 31 165 26 57 47 287
internal_value=-0.000466848 0.00601695 -0.00102941 0.000701753 0.00346154 0.00125 -0.00190266
internal_weight=739 59 680 228 130 104 452
internal_count=739 59 680 228 130 104 452
is_linear=0
shrinkage=0.05


Tree=20
num_leaves=8
num_cat=0
split_feature=4 5 0 0 11 11 9
split_gain=0.994437 0.435941 0.545061 0.864829 1.5956 0.597506 0.475887
threshold=0.031191103704820252 0.0098954550146249983 -0.00054680675839940951 -0.0041401962123870919 0.0038135025222709733 0.012210524759260101 -0.19279974501471034
decision_type=2 2 2 2 2 2 8
left_child=1 -1 3 5 -5 -3 -4
right_child=-2 2 6 4 -6 -7 -8
leaf_value=-0.00022790028178592674 0.00029406337739058515 -5.6571716092714474e-05 0.00018378520456041855 0.00064119522941756947 -9.0603478660383597e-06 0.00012271057348534268 -3.4837436933937984e-05
leaf_weight=159 47 140 25 30 35 46 269
leaf_count=159 47 140 25 30 35 46 269
internal_value=-0.000339548 -0.00080966 -0.000137616 0.0015737 0.00653846 -0.000161292 -0.00159864
internal_weight=751 704 545 251 65 186 294
internal_count=751 704 545 251 65 186 294
is_linear=0
shrinkage=0.05


Tree=21
num_leaves=8
num_cat=0
split_feature=8 12 3 0 4 0 11
split_gain=1.18128 0.760008 0.587372 0.463544 0.512595 0.790926 0.404507
threshold=-0.06887366168490637 -0.0026166681708668089 0.0090552084459414334 -0.00078367630673742406 0.015078710970633775 -0.0041401962123870919 0.016276968490692715
decision_type=8 2 2 2 2 2 2
left_child=1 -1 3 4 -2 6 -6
right_child=2 -3 -4 -5 5 -7 -8
leaf_value=0.00056023268635496724 -0.00024759510765360281 -2.0579498019736962e-05 0.00028035948821633692 -0.00011873456086386327 -9.6618478132478043e-05 0.00029815244156635915 0.00025585397438664174
leaf_weight=36 50 32 29 368 151 49 33
leaf_count=36 50 32 29 368 151 49 33
internal_value=-0.000989306 0.00529412 -0.00161765 -0.0019278 -0.000406362 0.000579398 -0.000923914
internal_weight=748 68 680 651 283 233 184
internal_count=748 68 680 651 283 233 184
is_linear=0
shrinkage=0.05


Tree=22
num_leaves=8
num_cat=0
split_feature=0 1 1 0 4 13 15
split_gain=1.05078 0.794962 1.07225 0.776199 0.442144 0.39834 0.41082
threshold=-0.014171366392156657 -0.018629251525498099 -0.040570132114220607 0.015758002800645769 0.019097724241934854 12.694999694824221 0.011806666140188217
decision_type=2 2 2 2 2 2 2
left_child=1 2 -1 5 -5 -2 -7
right_child=3 -3 -4 4 -6 6 -8
leaf_value=4.1751509628611152e-07 7.2466172992172095e-05 -5.0993229223326272e-05 0.00067479097678292395 -0.0001105487292134151 0.00022988288180524806 -0.00011170496139993109 2.2384537674077896e-05
leaf_weight=25 37 38 27 27 42 507 39
leaf_count=25 37 38 27 27 42 507 39
internal_value=-0.000619947 0.00444444 0.00846154 -0.00131902 0.00369565 -0.00191252 -0.00225275
internal_weight=742 90 52 652 69 583 546
internal_count=742 90 52 652 69 583 546
is_linear=0
shrinkage=0.05


Tree=23
num_leaves=8
num_cat=0
split_feature=10 5 5 15 9 12 11
split_gain=0.796739 0.682668 0.768182 0.533299 0.440176 0.425315 0.777637
threshold=-0.013932246020769588 0.01663041836780893 0.018933360512087775 0.011806666140188217 0.030927859661734839 0.051085091732355654 0.0081473625045073179
decision_type=2 2 2 2 10 2 2
left_child=-1 3 -3 5 -5 -2 -7
right_child=1 2 -4 4 -6 6 -8
leaf_value=0.00022901622574545769 -8.5079368709250472e-05 0.00030250178765474562 -9.9588083937540033e-05 -3.2600506266628554e-05 0.00017117400380270431 5.4861960881917994e-05 -0.00014522752836022555
leaf_weight=45 506 30 36 34 27 25 48
leaf_count=45 506 30 36 34 27 25 48
internal_value=-0.000339548 -0.000750709 0.00409091 -0.00125 0.00319672 -0.00171848 0.00184931
internal_weight=751 706 66 640 61 579 73
internal_count=751 706 66 640 61 579 73
is_linear=0
shrinkage=0.05


Tree=24
num_leaves=8
num_cat=0
split_feature=7 3 8 6 8 8 6
split_gain=0.963349 0.627618 0.518847 1.35643 0.703132 0.475152 0.377143
threshold=-0.043597765348200916 -0.003016159450893285 -0.0064597537627847359 0.3513524697212716 0.01570886995776 -0.09449484929176398 -0.77466286484445701
decision_type=2 2 8 2 10 10 2
left_child=5 2 3 -2 -4 -1 -3
right_child=1 6 4 -5 -6 -7 -8
leaf_value=1.7184969568092825e-05 0.00029112457283280308 -0.0001870179314525045 -0.00020583373952721024 -0.00018648337545570785 6.9857038109722171e-05 0.00074767698433840458 -2.3914469009589421e-05
leaf_weight=30 41 125 47 29 46 25 406
leaf_count=30 41 125 47 29 46 25 406
internal_value=-0.000460615 -0.000965419 0.00174847 0.005 -0.000698926 0.00590909 -0.00179849
internal_weight=749 694 163 70 93 55 531
internal_count=749 694 163 70 93 55 531
is_linear=0
shrinkage=0.05


Tree=25
num_leaves=8
num_cat=0
split_feature=5 5 0 10 12 5 5
split_gain=0.921013 0.916017 0.584164 0.481445 0.469622 0.474792 1.23332
threshold=0.01663041836780893 0.019090103932794457 0.017673412303800488 -0.01425655493307104 0.078665433833488688 0.013359820332594597 0.01280766171968198
decision_type=2 2 2 2 2 2 2
left_child=2 -2 3 -1 5 6 -5
right_child=1 -3 -4 4 -6 -7 -8
leaf_value=0.00013275510083073639 0.00030782973753836097 -2.3800508925176574e-05 1.0850867777931612e-06 -0.00010397116102431304 0.00023049733700217668 -0.00012850380956928246 0.0004881052353651369
leaf_weight=31 35 42 41 392 25 156 35
leaf_count=31 35 42 41 392 25 156 35
internal_value=-0.000442538 0.00474026 -0.00102941 -0.00140063 -0.00171053 -0.00199829 -0.00113583
internal_weight=757 77 680 639 608 583 427
internal_count=757 77 680 639 608 583 427
is_linear=0
shrinkage=0.05


Tree=26
num_leaves=8
num_cat=0
split_feature=1 10 1 10 1 13 7
split_gain=0.769386 0.673554 1.19048 0.911161 1.27648 0.61107 0.62271
threshold=-0.010427590710231137 0.0054892389813711038 -0.026271936002629389 -0.012001982718326086 -0.019924573076638415 12.765000343322756 0.0023486557982694838
decision_type=2 2 2 2 2 2 2
left_child=1 3 -3 -1 -5 -2 -7
right_child=5 2 -4 4 -6 6 -8
leaf_value=0.0007067610246852948 7.3034466593745295e-05 0.00026231501363723517 -5.9954337569815344e-06 -5.5052778854684049e-05 0.00022768255721840482 -0.00016622798641040715 -1.1926154917933657e-05
leaf_weight=29 35 25 35 116 51 159 287
leaf_count=29 35 25 35 116 51 159 287
internal_value=-0.000183176 0.00203125 0.00666667 0.000612244 -0.000808384 -0.00136175 -0.00186099
internal_weight=737 256 60 196 167 481 446
internal_count=737 256 60 196 167 481 446
is_linear=0
shrinkage=0.05


Tree=27
num_leaves=8
num_cat=0
split_feature=5 5 1 1 4 16 12
split_gain=0.556421 0.778159 0.428186 1.18314 0.9179 0.513649 0.573413
threshold=0.01663041836780893 0.019090103932794457 -0.010427590710231137 -0.033938889864486337 0.021822543805604198 0.0033791205056932232 -0.0021779989337359913
decision_type=2 2 2 2 2 2 2
left_child=2 -2 3 -1 5 6 -5
right_child=1 -3 -4 4 -6 -7 -8
leaf_value=-0.00010589846886866774 0.00024753923464664837 -2.5543567997063143e-05 -0.00011378316912376036 0.00011311538313218122 0.00062135490022354172 0.00013392111354365032 -5.6986863031339467e-05
leaf_weight=69 32 41 455 25 28 43 56
leaf_count=69 32 41 455 25 28 43 56
internal_value=-0.000927905 0.00321918 -0.00137574 0.000429863 0.00289474 0.00104839 -0.0012963
internal_weight=749 73 676 221 152 124 81
internal_count=749 73 676 221 152 124 81
is_linear=0
shrinkage=0.05


Tree=28
num_leaves=8
num_cat=0
split_feature=11 14 10 5 6 2 0
split_gain=0.494529 0.666667 0.61894 0.431055 0.633334 0.45175 0.699984
threshold=-0.024572906939621272 0.03011365738187333 -0.0049441493240062187 0.017463382330930245 -0.96300482300859291 -0.059110943256244823 -0.00078367630673742406
decision_type=2 2 2 2 2 2 2
left_child=1 -1 -2 4 -4 -6 -7
right_child=2 -3 3 -5 5 6 -8
leaf_value=-0.00013922936309849671 -7.9201188489842593e-05 0.00077994045824758464 -0.00018962067344903172 0.00014665696235791103 -0.00010522494980225253 7.7627681163918558e-05 -1.1752373372995314e-05
leaf_weight=27 129 27 83 40 52 151 255
leaf_count=27 129 27 83 40 52 151 255
internal_value=-0.000353404 0.00425926 -0.000704227 -8.60704e-06 -0.000378929 0.000349344 0.000911329
internal_weight=764 54 710 581 541 458 406
internal_count=764 54 710 581 541 458 406
is_linear=0
shrinkage=0.05


Tree=29
num_leaves=8
num_cat=0
split_feature=16 8 2 3 6 9 8
split_gain=0.402694 0.75319 0.929202 1.16614 1.05395 0.918544 0.722069
threshold=-0.0065187610014357236 0.0024506220491958834 -0.059110943256244823 -0.0028626499587407479 -0.77466286484445701 -0.076229839866523694 -0.0064597537627847359
decision_type=2 8 2 2 2 8 10
left_child=-1 2 -2 -4 -5 -6 -7
right_child=1 -3 3 4 5 6 -8
leaf_value=-3.8950327436802354e-05 -0.00010141782575935116 -7.6417929041897189e-05 0.00024763701729458199 -0.00020454666545480739 0.00021023598527961405 -7.571204433016196e-05 9.8012185902620225e-05
leaf_weight=229 58 249 39 40 38 52 27
leaf_count=229 58 249 39 40 38 52 27
internal_value=-0.000423498 0.000367792 0.00228346 0.00392857 0.00200637 0.00440171 0.00132911
internal_weight=732 503 254 196 157 117 79
internal_count=732 503 254 196 157 117 79
is_linear=0
shrinkage=0.05


Tree=30
num_leaves=8
num_cat=0
split_feature=0 0 12 14 16 11 9
split_gain=0.746523 0.521264 0.591053 0.545455 0.394787 0.641808 0.696278
threshold=0.0211261065050008 -0.013641273191550172 -0.0041728615781457248 0.009860755526874045 -0.0059098769023787625 -0.0060505847997984188 -0.20043559505148881
decision_type=2 2 2 2 2 2 8
left_child=1 2 -1 -4 -3 -6 -7
right_child=-2 4 3 -5 5 6 -8
leaf_value=0.00048420452169469776 0.00017207323168725843 -0.00010358547021781597 8.4550145240466486e-05 -0.00016122872124489554 0.00016801520345035081 0.00013324291994755595 -3.597036961821142e-05
leaf_weight=35 40 176 25 30 37 25 370
leaf_count=35 40 176 25 30 37 25 370
internal_value=-0.000392955 -0.00077364 0.00277778 -0.000454547 -0.00129934 -0.000486112 -0.00107595
internal_weight=738 698 90 55 608 432 395
internal_count=738 698 90 55 608 432 395
is_linear=0
shrinkage=0.05


Tree=31
num_leaves=8
num_cat=0
split_feature=4 15 12 12 6 13 14
split_gain=0.471451 0.520593 0.486864 0.315171 0.743018 0.373569 0.355774
threshold=0.02879902334150166 0.016193132226402177 -0.014960346116785426 -0.0014831774620820968 0.70970521502476813 12.694999694824221 -0.030906714022271572
decision_type=2 2 2 2 2 2 2
left_child=1 3 -2 4 6 -5 -1
right_child=2 -3 -4 5 -6 -7 -8
leaf_value=-0.00028834618100034105 -3.4524151255523513e-06 0.00013083987302051382 0.0002423491253588213 7.5922717677756764e-05 0.00018526220156487832 -4.4062795136688255e-05 1.7144327643781335e-05
leaf_weight=39 32 28 25 38 32 457 87
leaf_count=39 32 28 25 38 32 457 87
internal_value=-0.000596207 -0.000961822 0.00377193 -0.00124809 0.000696201 -0.00186869 -0.00103175
internal_weight=738 681 57 653 158 495 126
internal_count=738 681 57 653 158 495 126
is_linear=0
shrinkage=0.05


Tree=32
num_leaves=8
num_cat=0
split_feature=0 6 10 16 11 16 12
split_gain=0.468923 0.779024 0.6375 0.479015 0.690641 0.385813 1.15137
threshold=-0.013641273191550172 1.1846284249678727 -0.0036672927234202564 0.025035519130378495 0.021459813769517781 0.012819432475414729 0.019854414597249462
decision_type=2 2 2 2 2 2 2
left_child=1 2 -1 4 5 -2 -7
right_child=3 -3 -4 -5 -6 6 -8
leaf_value=-3.2126768428259172e-05 -4.0155877382859126e-05 0.00053118371292664064 0.00012625175193909798 -0.00012959055421988728 0.00024818441230607912 0.00014504297033571039 -7.98223499510595e-05
leaf_weight=34 436 27 30 93 36 36 59
leaf_count=34 436 27 30 93 36 36 59
internal_value=-0.000672438 0.00269231 -0.000312501 -0.00113636 -0.00059083 -0.0010452 0.0018421
internal_weight=751 91 64 660 567 531 95
internal_count=751 91 64 660 567 531 95
is_linear=0
shrinkage=0.05


end of trees

feature_importances:
ret_1d=27
atr_pct=24
parkinson_20=24
spy_ret_20d=20
ret_5d=18
spy_ret_5d=16
dist_ma50=14
spy_ret_1d=14
dvol_z_20=13
sector_ret_1d=12
sector_ret_5d=9
ret_20d=8
overnight_gap=8
vix_level=7
dist_ma200=6
vix_chg_1d=6
dist_ma20=5

parameters:
[boosting: gbdt]
[objective: quantile]
[metric: quantile]
[tree_learner: serial]
[device_type: cpu]
[data_sample_strategy: bagging]
[data: ]
[valid: ]
[num_iterations: 80]
[learning_rate: 0.05]
[num_leaves: 8]
[num_threads: 1]
[seed: 0]
[deterministic: 0]
[force_col_wise: 1]
[force_row_wise: 0]
[histogram_pool_size: -1]
[max_depth: -1]
[min_data_in_leaf: 25]
[min_sum_hessian_in_leaf: 0.001]
[bagging_fraction: 0.9]
[pos_bagging_fraction: 1]
[neg_bagging_fraction: 1]
[bagging_freq: 1]
[bagging_seed: 3]
[bagging_by_query: 0]
[feature_fraction: 0.9]
[feature_fraction_bynode: 1]
[feature_fraction_seed: 2]
[extra_trees: 0]
[extra_seed: 6]
[early_stopping_round: 0]
[early_stopping_min_delta: 0]
[first_metric_only: 0]
[max_delta_step: 0]
[lambda_l1: 0]
[lambda_l2: 0]
[linear_lambda: 0]
[min_gain_to_split: 0]
[drop_rate: 0.1]
[max_drop: 50]
[skip_drop: 0.5]
[xgboost_dart_mode: 0]
[uniform_drop: 0]
[drop_seed: 4]
[top_rate: 0.2]
[other_rate: 0.1]
[min_data_per_group: 100]
[max_cat_threshold: 32]
[cat_l2: 10]
[cat_smooth: 10]
[max_cat_to_onehot: 4]
[top_k: 20]
[monotone_constraints: ]
[monotone_constraints_method: basic]
[monotone_penalty: 0]
[feature_contri: ]
[forcedsplits_filename: ]
[refit_decay_rate: 0.9]
[cegb_tradeoff: 1]
[cegb_penalty_split: 0]
[cegb_penalty_feature_lazy: ]
[cegb_penalty_feature_coupled: ]
[path_smooth: 0]
[interaction_constraints: ]
[verbosity: -1]
[saved_feature_importance_type: 0]
[use_quantized_grad: 0]
[num_grad_quant_bins: 4]
[quant_train_renew_leaf: 0]
[stochastic_rounding: 1]
[linear_tree: 0]
[max_bin: 255]
[max_bin_by_feature: ]
[min_data_in_bin: 3]
[bin_construct_sample_cnt: 200000]
[data_random_seed: 1]
[is_enable_sparse: 1]
[enable_bundle: 1]
[use_missing: 1]
[zero_as_missing: 0]
[feature_pre_filter: 1]
[pre_partition: 0]
[two_round: 0]
[header: 0]
[label_column: ]
[weight_column: ]
[group_column: ]
[ignore_column: ]
[categorical_feature: ]
[forcedbins_filename: ]
[precise_float_parser: 0]
[parser_config_file: ]
[objective_seed: 5]
[num_class: 1]
[is_unbalance: 0]
[scale_pos_weight: 1]
[sigmoid: 1]
[boost_from_average: 1]
[reg_sqrt: 0]
[alpha: 0.9]
[fair_c: 1]
[poisson_max_delta_step: 0.7]
[tweedie_variance_power: 1.5]
[lambdarank_truncation_level: 30]
[lambdarank_norm: 1]
[label_gain: ]
[lambdarank_position_bias_regularization: 0]
[eval_at: ]
[multi_error_top_k: 1]
[auc_mu_weights: ]
[num_machines: 1]
[local_listen_port: 12400]
[time_out: 120]
[machine_list_filename: ]
[machines: ]
[gpu_platform_id: -1]
[gpu_device_id: -1]
[gpu_device_id_list: ]
[gpu_use_dp: 0]
[num_gpu: 1]

end of parameters

pandas_categorical:[]
