tree
version=v4
num_class=1
num_tree_per_iteration=1
label_index=0
max_feature_idx=16
objective=quantile
feature_names=ret_1d ret_5d ret_20d overnight_gap atr_pct parkinson_20 dvol_z_20 dist_ma20 dist_ma50 dist_ma200 spy_ret_1d spy_ret_5d spy_ret_20d vix_level vix_chg_1d sector_ret_1d sector_ret_5d
feature_infos=[-0.10805194805194795:0.065155807365439022] [-0.20490196078431377:0.1073170731707318] [-0.25588235294117645:0.26456798392498326] [-0.066493506493506604:0.024590163934426368] [0.010495318634853496:0.05130914683796256] [0.0081642906691983749:0.024724779259720119] [-2.0607348126835148:4.259709415736884] [-0.17071424919474421:0.14501891551071888] [-0.20419112011674667:0.16568458807597963] [-0.26158390252907515:0.22696235325087222] [-0.058542947643003718:0.10501933612632941] [-0.11496158439845272:0.082843216242346029] [-0.12265592443394913:0.15756596870864792] [11.859999656677246:52.330001831054688] [-0.35753873962348437:0.74039073966007019] [-0.055499239736441885:0.039932885906040161] [-0.11075949367088611:0.072664359861591699]
tree_sizes=838 868 861 863 862 867 870 860 860 871 849 855 865 866 862 876 873 866 864 878 860 865 878 869 854 865 867 873 865

Tree=0
num_leaves=8
num_cat=0
split_feature=7 13 7 16 6 1 9
split_gain=1.17132 1.04442 0.986616 0.726578 0.613093 0.697761 0.562455
threshold=-0.064656496009776451 21.134999275207523 0.016065165624214232 0.0045713302557610644 1.9603032452423681 0.0028705705547352749 0.0072845730490266334
decision_type=2 2 2 2 2 2 8
left_child=-1 4 3 -3 5 -2 -7
right_child=1 2 -4 -5 -6 6 -8
leaf_value=-0.02459670146658862 -0.023852482594180428 -0.024525228908810551 -0.024978586989073459 -0.023513477347279991 -0.024407721030618824 -0.024410858208245491 -0.023941829706558768
leaf_weight=31 278 43 25 27 41 89 216
leaf_count=31 278 43 25 27 41 89 216
internal_value=-0.0240457 -0.0236354 -0.0285193 -0.0254742 -0.0228918 -0.0224762 -0.0241276
internal_weight=750 719 95 70 624 583 305
internal_count=750 719 95 70 624 583 305
is_linear=0
shrinkage=1


Tree=1
num_leaves=8
num_cat=0
split_feature=7 13 9 7 1 0 5
split_gain=1.93056 0.769127 0.841012 0.630741 0.512227 0.737063 0.94846
threshold=-0.064656496009776451 21.134999275207523 -0.090156361038775487 0.0018268828579079968 0.0047052489437598996 -0.0087264116734113144 0.013180961119684932
decision_type=2 2 10 2 2 2 2
left_child=-1 4 -3 -4 -2 -6 -7
right_child=1 2 3 -5 5 6 -8
leaf_value=-0.0014529316896733247 0.00015974267268287733 -0.00042482199508399321 0.00052337473803181758 -0.00047111552513444887 -0.0005781021170091754 -0.00023747023696212949 0.00020585334949697507
leaf_weight=32 300 28 37 32 26 149 130
leaf_count=32 300 28 37 32 26 149 130
internal_value=-0.000177112 0.000370371 -0.00376289 -0.000797101 0.00103306 -0.000409836 0.000340502
internal_weight=734 702 97 69 605 305 279
internal_count=734 702 97 69 605 305 279
is_linear=0
shrinkage=0.05


Tree=2
num_leaves=8
num_cat=0
split_feature=7 13 7 9 6 1 9
split_gain=1.49692 0.670941 0.752392 0.646621 0.501419 0.460498 0.467066
threshold=-0.064656496009776451 21.134999275207523 0.016632224282603362 -0.077760724643224241 1.9603032452423681 0.0047052489437598996 0.048073984876255034
decision_type=2 2 2 10 2 2 8
left_child=-1 4 3 -3 5 -2 -7
right_child=1 2 -4 -5 -6 6 -8
leaf_value=-0.0011577167397116628 0.00018739103648437381 -0.00020062122416413948 -0.00079655477184664616 0.0004122058398882654 -0.00033981141856782512 -0.00028243450648428043 0.00017947056164948369
leaf_weight=33 292 25 26 48 38 120 167
leaf_count=33 292 25 26 48 38 120 167
internal_value=0.000260347 0.000740224 -0.00308081 -0.000479452 0.00135332 0.00171848 0.000296167
internal_weight=749 716 99 73 617 579 287
internal_count=749 716 99 73 617 579 287
is_linear=0
shrinkage=0.05


Tree=3
num_leaves=8
num_cat=0
split_feature=7 6 2 0 9 3 9
split_gain=1.16022 0.681645 0.88055 1.14206 0.945566 0.715922 0.907164
threshold=-0.064656496009776451 -0.52808681856754036 0.065273304600669171 0.0018204312477908549 -0.080943523618844923 -0.0029700619170140437 0.016719891905530585
decision_type=2 2 2 2 8 2 8
left_child=-1 5 4 -4 -3 6 -2
right_child=1 2 3 -5 -6 -7 -8
leaf_value=-0.0012765492148810627 -0.00033251291715935018 -0.00074058930913086505 -0.0010066487299978052 -3.6578230206800286e-05 6.3207080786767744e-05 0.00026547979238602355 0.00038257400023564847
leaf_weight=31 36 42 30 44 330 193 37
leaf_count=31 36 42 30 44 330 193 37
internal_value=-4.71061e-05 0.000365169 -0.000829596 -0.00581081 0.000161291 0.00236842 -0.00184931
internal_weight=743 712 446 74 372 266 73
internal_count=743 712 446 74 372 266 73
is_linear=0
shrinkage=0.05


Tree=4
num_leaves=8
num_cat=0
split_feature=7 6 5 13 4 15 15
split_gain=1.44966 0.410109 0.878844 0.656337 1.21097 0.67055 1.45476
threshold=-0.064656496009776451 -0.51983346114955797 0.017649020193024636 16.894999504089359 0.024368621975969128 -0.0063037824284076218 0.0062571402403210916
decision_type=2 2 2 2 2 2 2
left_child=-1 -2 3 -3 5 -5 -7
right_child=1 2 -4 4 -6 6 -8
leaf_value=-0.0012750450783922242 0.00019441614025578067 0.00018566156710416042 -0.00033524915375021691 0.00016501686847821776 0.00017916816550919758 -0.00086732603793920567 0.00031345139468119378
leaf_weight=29 258 223 42 42 53 59 40
leaf_count=29 258 223 42 42 53 59 40
internal_value=0.000442359 0.000885635 -1.08931e-05 0.000683453 -0.0014433 -0.00386525 -0.00611111
internal_weight=746 717 459 417 194 141 99
internal_count=746 717 459 417 194 141 99
is_linear=0
shrinkage=0.05


Tree=5
num_leaves=8
num_cat=0
split_feature=7 9 6 16 9 14 14
split_gain=1.17108 0.606276 0.979879 0.687109 0.436364 0.430681 0.419438
threshold=-0.064656496009776451 0.072042770187970465 1.4602307837144843 0.031178984902583199 0.16220564120637718 -0.067583665573298909 -0.06426442822534599
decision_type=2 8 2 2 10 2 2
left_child=-1 2 3 5 6 -2 -3
right_child=1 4 -4 -5 -6 -7 -8
leaf_value=-0.0011795362145871047 0.00040179636675204491 -0.0001377559491229596 -0.00049323805611267875 -0.00026091238960241031 -0.00065221066363820913 -6.3127944485211897e-06 0.00016284402577910247
leaf_weight=35 43 31 46 27 27 289 239
leaf_count=35 43 31 46 27 27 289 239
internal_value=-0.000359566 8.54703e-05 -0.00117284 -0.000292479 0.00180135 0.000331325 0.00240741
internal_weight=737 702 405 359 297 332 270
internal_count=737 702 405 359 297 332 270
is_linear=0
shrinkage=0.05


Tree=6
num_leaves=8
num_cat=0
split_feature=7 4 16 10 10 9 8
split_gain=1.34523 0.49506 0.631341 0.819403 0.755885 0.949049 0.557664
threshold=-0.077561143639325633 0.028429941591706285 -0.0034811282830375929 0.0020115894720359466 -0.0018123893917819098 0.045522864936946135 0.052625530800490379
decision_type=2 2 2 2 2 8 8
left_child=-1 2 -2 4 6 -6 -4
right_child=1 -3 3 -5 5 -7 -8
leaf_value=-0.0011523160137432576 0.0001498478798780568 -0.00018448762055137092 0.00021337059419409795 0.00018230388387716412 -0.00041033126719767414 -5.8843731658829055e-05 -0.00025487385225971828
leaf_weight=29 265 55 90 175 43 55 34
leaf_count=29 265 55 90 175 43 55 34
internal_value=4.02147e-05 0.000467225 0.000845922 -0.000415617 -0.00243243 -0.00571429 0.000161291
internal_weight=746 717 662 397 222 98 124
internal_count=746 717 662 397 222 98 124
is_linear=0
shrinkage=0.05


Tree=7
num_leaves=8
num_cat=0
split_feature=6 11 6 1 11 4 6
split_gain=0.673496 0.545052 0.952747 0.460926 0.467308 0.534729 0.364512
threshold=2.2031228878154825 -0.023775986944761848 -0.25593470995917506 0.0028705705547352749 0.018027323901660845 0.024184572468070206 0.79262309861802305
decision_type=2 2 2 2 2 2 2
left_child=1 2 -1 4 -3 -6 -5
right_child=-2 3 -4 6 5 -7 -8
leaf_value=0.00052568568102593087 -0.00034644709499775397 0.00025383655006486211 -0.00072491015441866204 -7.1273451324147861e-05 0.0003523277022454547 -0.00013792873572268362 0.00011247396569187416
leaf_weight=26 42 260 30 287 27 25 48
leaf_count=26 42 260 30 287 27 25 48
internal_value=0.000436242 0.000803699 -0.00392857 0.00121329 0.00259615 -0.00173077 -7.46267e-05
internal_weight=745 703 56 647 312 52 335
internal_count=745 703 56 647 312 52 335
is_linear=0
shrinkage=0.05


Tree=8
num_leaves=8
num_cat=0
split_feature=7 13 15 6 8 15 6
split_gain=0.652614 0.438709 0.784805 0.593665 0.5227 0.456774 0.310482
threshold=-0.077561143639325633 21.134999275207523 -0.0037267514744582782 1.9603032452423681 0.024250233943767466 -0.0078272753055728655 -0.3925806312130537
decision_type=2 2 2 2 10 2 2
left_child=-1 3 -3 5 -4 -2 -7
right_child=1 2 4 -5 -6 6 -8
leaf_value=-0.0010520065468262285 0.0003071788478396428 -0.00028643129268113488 0.00043049873875791641 -0.00028504191490601589 -0.00050573892438362123 0.00014080094869061297 -2.3533236493648214e-06
leaf_weight=29 102 38 35 41 27 230 262
leaf_count=29 102 38 35 41 27 230 262
internal_value=0.000287958 0.000578231 -0.0025 0.00106299 0.000967742 0.00146465 0.000833334
internal_weight=764 735 100 635 62 594 492
internal_count=764 735 100 635 62 594 492
is_linear=0
shrinkage=0.05


Tree=9
num_leaves=8
num_cat=0
split_feature=7 9 9 13 12 3 3
split_gain=0.692553 0.550555 0.42398 0.442976 0.370158 0.900921 0.975363
threshold=-0.064656496009776451 0.16220564120637718 0.083999597222701686 12.765000343322756 1.0000000180025095e-35 -0.0044195041040467333 0.0061256208171295299
decision_type=2 10 10 2 2 2 2
left_child=-1 2 3 -2 5 -5 -7
right_child=1 -3 -4 4 -6 6 -8
leaf_value=-0.0010202195966876179 -0.00015479814653285011 -0.0010911898951433789 0.00024584438383269924 -0.00054238683952419718 9.0188211095222951e-05 0.00015905859912923142 -0.00013191268148348684
leaf_weight=33 40 25 86 32 391 111 26
leaf_count=33 40 25 86 32 391 111 26
internal_value=-4.03224e-05 0.000288326 0.000553936 8.33335e-05 0.000446429 -0.00150888 0.000255475
internal_weight=744 711 686 600 560 169 137
internal_count=744 711 686 600 560 169 137
is_linear=0
shrinkage=0.05


Tree=10
num_leaves=8
num_cat=0
split_feature=6 9 0 3 6 6 9
split_gain=0.868532 1.28627 0.98 0.442115 0.709875 1.25351 0.509176
threshold=1.4419769833163671 0.071347852693232752 -0.0011571005877548666 0.0018365488397193987 -0.57721626290486283 -0.21927729175919713 -0.12251040049902488
decision_type=2 8 2 2 2 2 8
left_child=3 2 -2 6 -5 -6 -1
right_child=1 -3 -4 4 5 -7 -8
leaf_value=-0.00018442276532370789 -0.0013083538937166891 0.00020929040409801798 -0.00014827446273518545 0.00010881321287442661 -0.0002960658420352192 -4.6673518161543747e-05 0.00015538890574065385
leaf_weight=40 25 37 25 96 42 127 357
leaf_count=40 25 37 25 96 42 127 357
internal_value=-7.34311e-05 -0.00477011 -0.01 0.000543807 -0.00103774 -0.00298817 0.0015995
internal_weight=749 87 50 662 265 169 397
internal_count=749 87 50 662 265 169 397
is_linear=0
shrinkage=0.05


Tree=11
num_leaves=8
num_cat=0
split_feature=6 9 0 5 0 0 15
split_gain=0.565033 1.14106 0.823362 0.378876 0.908567 0.739741 0.591947
threshold=1.4419769833163671 0.071347852693232752 -0.002224541586494599 0.015381497986202841 0.0052570111394183447 -0.011371525252557911 0.0022300967854378411
decision_type=2 8 2 2 2 2 2
left_child=3 2 -2 -1 5 -5 -7
right_child=1 -3 -4 4 -6 6 -8
leaf_value=6.8300988128868801e-05 -0.0012429361990308548 0.00022429386108005402 -9.4864066290217542e-05 1.8816215252217364e-05 0.00021077591747302858 -4.1907565760263959e-05 -0.00081254063951182636
leaf_weight=450 25 42 27 43 78 57 25
leaf_count=450 25 42 27 43 78 57 25
internal_value=0.000113789 -0.00351064 -0.00846154 0.000635529 -0.00115764 -0.0038 -0.00658537
internal_weight=747 94 52 653 203 125 82
internal_count=747 94 52 653 203 125 82
is_linear=0
shrinkage=0.05


Tree=12
num_leaves=8
num_cat=0
split_feature=5 6 11 0 0 3 0
split_gain=0.586679 0.608446 0.428336 0.444938 0.733745 0.698017 1.08021
threshold=0.010493289503326746 2.4796684209399289 -0.028866681392767265 -0.011371525252557911 -0.0090979924471429868 -0.0027021542782649783 0.0019369666776707375
decision_type=2 2 2 2 2 2 2
left_child=-1 2 -2 -4 -5 6 -6
right_child=1 -3 3 4 5 -7 -8
leaf_value=0.00020998170773119337 -0.00039281944175695793 -0.00054989258936055858 0.00015427550513467839 -0.0003094886847210879 0.00013129261002519795 0.00010098172469497909 -0.00021507424391933687
leaf_weight=111 27 28 96 26 54 346 46
leaf_count=111 27 28 96 26 54 346 46
internal_value=0.000299728 -0.00029695 4.2017e-05 0.000334507 -0.00029661 0.000179372 -0.0035
internal_weight=734 623 595 568 472 446 100
internal_count=734 623 595 568 472 446 100
is_linear=0
shrinkage=0.05


Tree=13
num_leaves=8
num_cat=0
split_feature=6 1 1 8 3 3 5
split_gain=0.53812 0.827188 0.317825 0.664446 0.889531 0.524815 0.65689
threshold=1.4419769833163671 0.0059422130957808026 -0.018382099968872297 -0.0020849979678910775 -0.0044704630628881739 1.0000000180025095e-35 0.012858522769556511
decision_type=2 2 2 10 2 2 2
left_child=2 -2 -1 4 -4 -6 -7
right_child=1 -3 3 -5 5 6 -8
leaf_value=0.00016208026464759536 -0.00069968023964158072 0.00023668869846931595 -0.00056644210735671944 9.7341427882096198e-05 0.00026299130488317894 -0.00051796086499271985 5.2688360615839877e-05
leaf_weight=162 41 43 25 335 63 27 49
leaf_count=162 41 43 25 335 63 27 49
internal_value=0.000436242 -0.00333333 0.00091528 0.000290581 -0.00231707 -0.000755395 -0.00355263
internal_weight=745 84 661 499 164 139 76
internal_count=745 84 661 499 164 139 76
is_linear=0
shrinkage=0.05


Tree=14
num_leaves=8
num_cat=0
split_feature=4 11 3 3 4 14 2
split_gain=0.905386 0.552775 0.40813 0.794118 1.15334 0.452184 1.33229
threshold=0.028429941591706285 0.0053660199298344322 -0.0043183236668645755 -0.0089316172107613539 0.021377854775260465 -1.0000000180025095e-35 0.0681031142852251
decision_type=2 2 2 2 2 2 2
left_child=2 -2 3 -1 -5 -4 -7
right_child=1 -3 5 4 -6 6 -8
leaf_value=0.00032257407668131381 3.0485330801735685e-05 -0.00064375826468076464 0.00016329921542902553 4.9845023978821331e-05 -0.00044158651957448315 0.00010046131375610409 -0.00021449727494969324
leaf_weight=27 36 43 304 43 32 200 34
leaf_count=27 36 43 304 43 32 200 34
internal_value=-7.64949e-05 -0.00512658 0.000546875 -0.00235294 -0.005 0.00109665 -0.000555555
internal_weight=719 79 640 102 75 538 234
internal_count=719 79 640 102 75 538 234
is_linear=0
shrinkage=0.05


Tree=15
num_leaves=8
num_cat=0
split_feature=7 5 11 11 14 11 15
split_gain=0.515034 0.431546 0.523125 0.47405 1.24593 0.614916 0.542857
threshold=-0.077561143639325633 0.010470767888683789 -0.029337465505850421 0.0053660199298344322 0.027028120883943799 0.0099206005901721923 0.0044990288781676666
decision_type=2 2 2 2 2 2 2
left_child=-1 -2 -3 -4 5 -5 -7
right_child=1 2 3 4 -6 6 -8
leaf_value=-0.00096009644272599878 0.0001387092246932629 -0.00045822233995089588 6.1477336479245258e-05 -0.00017560662207210498 -0.00020484557046047415 0.0002112086975518777 -3.9392503350496698e-05
leaf_weight=30 115 29 272 49 46 127 75
leaf_count=30 115 29 272 49 46 127 75
internal_value=-0.00024899 2.10381e-05 -0.000518394 -0.000184534 -0.00156566 -0.000179283 0.0010396
internal_weight=743 713 598 569 297 251 202
internal_count=743 713 598 569 297 251 202
is_linear=0
shrinkage=0.05


Tree=16
num_leaves=8
num_cat=0
split_feature=15 11 11 6 1 10 4
split_gain=0.533765 0.818841 0.709398 0.500831 0.543758 0.691125 0.688195
threshold=-0.0078921159811177737 0.018027323901660845 -0.025492128925019227 2.2031228878154825 0.0093322057031507439 -0.0014989927374994825 0.022745760644378669
decision_type=2 2 2 2 2 2 2
left_child=1 -1 -2 4 -4 -6 -7
right_child=2 -3 3 -5 5 6 -8
leaf_value=0.00023806248602514774 -0.0003845471883688238 -5.571657629537498e-05 6.4563999835642364e-05 -0.00031351119113748891 0.00014212478030459856 -0.00028126540417749545 9.8711541998671757e-05
leaf_weight=113 32 25 296 32 73 112 74
leaf_count=113 32 25 296 32 73 112 74
internal_value=0.000376486 0.00318841 -0.000250404 0.000144804 0.000495496 -0.00117761 -0.0027957
internal_weight=757 138 619 587 555 259 186
internal_count=757 138 619 587 555 259 186
is_linear=0
shrinkage=0.05


Tree=17
num_leaves=8
num_cat=0
split_feature=5 6 3 1 8 9 9
split_gain=0.40008 0.432311 0.658816 0.509817 0.597548 1.14185 0.536613
threshold=0.010493289503326746 1.4419769833163671 0.0024110989030154966 -0.02199746218596715 0.00072063199928251731 -0.014743396574470434 0.12224879233952358
decision_type=2 2 2 2 8 10 10
left_child=-1 3 -3 -2 5 -5 -6
right_child=1 2 -4 4 6 -7 -8
leaf_value=9.0192167610772815e-05 0.00014890644773924916 -0.00026403010503809682 0.00018807762863675941 9.1375034059423273e-06 6.041874031529756e-05 -0.00046217503706666598 -0.0001301837787933862
leaf_weight=119 138 37 29 97 236 48 42
leaf_count=119 138 37 29 97 236 48 42
internal_value=0.000241287 -0.000263158 -0.00409091 0.000187166 -0.000673759 -0.00327586 0.000683453
internal_weight=746 627 66 561 423 145 278
internal_count=746 627 66 561 423 145 278
is_linear=0
shrinkage=0.05


Tree=18
num_leaves=8
num_cat=0
split_feature=9 6 0 16 1 16 4
split_gain=0.517769 0.740681 1.42588 0.729311 0.499812 0.765828 1.44041
threshold=0.072042770187970465 1.4602307837144843 -0.0066245593419506079 0.029139844929926609 -0.0019861616169584147 0.017073837322087119 0.020497874067754655
decision_type=8 2 2 2 2 2 2
left_child=1 3 -3 -1 -2 6 -6
right_child=4 2 -4 -5 5 -7 -8
leaf_value=5.4866492371796966e-05 0.00014829890742872862 -0.0010788509265325077 7.3254091688800897e-06 -0.0001658466203704039 0.00014736565333110774 0.00022346295652281333 -0.00073738868619326341
leaf_weight=368 112 25 28 39 79 72 30
leaf_count=368 112 25 28 39 79 72 30
internal_value=0.000285525 -0.000760869 -0.00632075 -3.68548e-05 0.00192833 0.000303868 -0.00233945
internal_weight=753 460 53 407 293 181 109
internal_count=753 460 53 407 293 181 109
is_linear=0
shrinkage=0.05


Tree=19
num_leaves=8
num_cat=0
split_feature=15 11 3 3 8 15 4
split_gain=0.663907 0.806759 0.422712 0.823905 0.463442 0.39936 0.39634
threshold=-0.0078921159811177737 -0.025492128925019227 0.0092532229911687098 0.0061256208171295299 0.075325821008513053 -0.019899482180932068 0.015683090704339337
decision_type=2 2 2 2 10 2 2
left_child=5 -2 3 4 6 -1 -3
right_child=1 2 -4 -5 -6 -7 -8
leaf_value=-0.00012927097311361832 -0.00042073119954156354 -0.00011031403900800226 0.00032087152092155911 -0.00025784993554949816 -0.00014156791324586716 0.00018734035643153829 3.4985527476908179e-05
leaf_weight=28 29 36 36 40 26 110 434
leaf_count=28 29 36 36 40 26 110 434
internal_value=6.08933e-05 -0.000657238 -0.000244755 -0.000597015 -4.03224e-05 0.00318841 0.000319149
internal_weight=739 601 572 536 496 138 470
internal_count=739 601 572 536 496 138 470
is_linear=0
shrinkage=0.05


Tree=20
num_leaves=8
num_cat=0
split_feature=3 13 9 1 1 4 14
split_gain=0.479096 0.75022 1.26452 0.364085 0.633859 0.620766 0.621274
threshold=-0.0043183236668645755 15.944999694824221 0.048073984876255034 0.0047052489437598996 0.011262285311520405 0.019608715858715851 0.078404529959544514
decision_type=2 2 8 2 2 2 2
left_child=1 -1 -3 5 -5 -2 -7
right_child=3 2 -4 4 -6 6 -8
leaf_value=0.00022949758425436771 0.00022778806881813826 -0.00079513325106398487 3.4796517968831201e-05 -0.00031967977601418988 8.7146979889028936e-06 4.7250394447113085e-05 -0.00014448737576911672
leaf_weight=44 113 43 39 60 246 181 25
leaf_count=44 113 43 39 60 246 181 25
internal_value=0.00027297 -0.00253968 -0.00536585 0.00084 -0.000392157 0.00202194 0.00038835
internal_weight=751 126 82 625 306 319 206
internal_count=751 126 82 625 306 319 206
is_linear=0
shrinkage=0.05


Tree=21
num_leaves=8
num_cat=0
split_feature=11 6 1 1 8 0 13
split_gain=0.501444 1.04606 0.476364 0.657401 0.492196 0.734119 0.857249
threshold=-0.023775986944761848 -0.25593470995917506 -0.012537672703491596 -0.057596066132651495 -0.0022495586825147513 0.0048793227657131242 16.404999732971195
decision_type=2 2 2 2 8 2 2
left_child=1 -1 3 -2 5 -4 -7
right_child=2 -3 4 -5 -6 6 -8
leaf_value=0.00044307977048792317 -0.00086931100500264977 -0.00055957347549227484 4.9992502019279336e-05 0.00020087967618047199 9.8559689368814209e-06 -0.0006250766467910308 2.5129910652943315e-05
leaf_weight=25 25 28 68 184 360 31 27
leaf_count=25 25 28 68 184 360 31 27
internal_value=0.000254011 -0.00443396 0.000611511 0.00260766 -0.000246913 -0.00293651 -0.00706897
internal_weight=748 53 695 209 486 126 58
internal_count=748 53 695 209 486 126 58
is_linear=0
shrinkage=0.05


Tree=22
num_leaves=8
num_cat=0
split_feature=9 9 16 1 14 1 12
split_gain=0.518868 0.437276 0.791043 0.496524 0.977082 0.913692 0.853525
threshold=0.16220564120637718 0.072042770187970465 0.030768837832469757 0.011262285311520405 -0.016284077904727075 0.0036389845060770258 -0.0072815226745224218
decision_type=10 8 2 2 2 2 2
left_child=1 2 3 4 -1 6 -6
right_child=-2 -3 -4 -5 5 -7 -8
leaf_value=0.00020151572887669097 -0.00099044901884331343 4.4594360837834297e-05 -0.00017936058319934577 0.00011479861418131008 -0.00083081820395816512 -0.00096467886052447206 -1.2245454876425899e-06
leaf_weight=96 25 274 35 125 27 31 129
leaf_count=96 25 274 35 125 27 31 129
internal_value=8.08627e-05 0.000327755 -0.000643341 -2.45096e-05 -0.00118375 -0.00328877 -0.00173077
internal_weight=742 717 443 408 283 187 156
internal_count=742 717 443 408 283 187 156
is_linear=0
shrinkage=0.05


Tree=23
num_leaves=8
num_cat=0
split_feature=3 3 6 9 1 3 12
split_gain=0.503192 0.963026 0.458753 0.867525 0.430775 0.572546 0.764132
threshold=0.007716776471635379 0.0061256208171295299 1.4419769833163671 0.071347852693232752 -0.02199746218596715 -0.0035445217670052038 -0.00052819005217041848
decision_type=2 2 2 8 2 2 2
left_child=1 2 4 -4 -1 6 -6
right_child=-2 -3 3 -5 5 -7 -8
leaf_value=0.00018259339451927133 6.0718252331540886e-05 -0.00053172166561087943 -0.00071510461691594697 0.00020025526176099752 -0.00026442535956320944 3.2060774815606736e-05 -1.7824544931865003e-05
leaf_weight=120 69 28 41 36 25 363 69
leaf_count=120 69 28 41 36 25 363 69
internal_value=0.000206392 -0.000205278 0.000183486 -0.00344156 0.000667245 -3.28226e-05 -0.00351064
internal_weight=751 682 654 77 577 457 94
internal_count=751 682 654 77 577 457 94
is_linear=0
shrinkage=0.05


Tree=24
num_leaves=8
num_cat=0
split_feature=4 4 6 3 4 4 11
split_gain=0.466955 1.05373 0.715168 1.22383 0.469602 0.583333 0.452644
threshold=0.017518470109859255 0.018312710859071522 1.4419769833163671 0.0020166404610162396 0.015683090704339337 0.0148874083255862 0.031976499172701407
decision_type=2 2 2 2 2 2 2
left_child=4 -2 6 -4 5 -1 -3
right_child=1 2 3 -5 -6 -7 -8
leaf_value=0.00023241322637734368 -0.00034455099503500822 4.4635460075802612e-05 -0.00063237872109824064 0.00016080893886833894 0.00027774157558747083 -6.353193659359169e-05 -0.00038289380305984934
leaf_weight=36 43 440 34 35 96 27 38
leaf_count=36 43 440 34 35 96 27 38
internal_value=0.000393859 -0.000254237 0.000338209 -0.00442029 0.00279874 -0.000555555 0.0010251
internal_weight=749 590 547 69 159 63 478
internal_count=749 590 547 69 159 63 478
is_linear=0
shrinkage=0.05


Tree=25
num_leaves=8
num_cat=0
split_feature=13 15 15 7 5 3 13
split_gain=0.468371 0.912787 0.414566 0.450568 0.417122 0.366206 0.442735
threshold=21.134999275207523 -0.0037267514744582782 -0.0069456220594547582 -0.043118047580246836 0.017382773670598074 -0.0029700619170140437 17.945000648498539
decision_type=2 2 2 2 2 2 2
left_child=2 -2 -1 4 -4 -5 -7
right_child=1 -3 3 5 -6 6 -8
leaf_value=0.00016891728234491403 -7.8419700889325577e-05 9.2476640808404305e-05 -0.0006956056863914778 -6.7747834385861199e-05 2.3811053081366549e-06 2.4611402937393302e-05 0.0002206681375597513
leaf_weight=134 43 61 27 91 25 286 90
leaf_count=134 43 61 27 91 25 286 90
internal_value=0.000904888 -0.00221154 0.00140123 0.000761079 -0.00365385 0.00125268 0.00194149
internal_weight=757 104 653 519 52 467 376
internal_count=757 104 653 519 52 467 376
is_linear=0
shrinkage=0.05


Tree=26
num_leaves=8
num_cat=0
split_feature=3 13 9 2 14 3 9
split_gain=0.49725 0.957324 1.24055 0.630671 0.648936 0.468469 0.462753
threshold=-0.0044704630628881739 16.894999504089359 0.021076215976011285 0.067122264590872796 -1.0000000180025095e-35 0.00056024940985488503 -0.083511719111121915
decision_type=2 2 8 2 2 2 8
left_child=1 -1 -3 5 -5 -2 -7
right_child=3 2 -4 4 -6 6 -8
leaf_value=7.5765143891227984e-05 0.00020049937073106586 -0.00095459841845800671 1.7732358273498426e-05 3.4537007241475443e-05 -7.6612399629597444e-05 -0.00071155779658249715 4.4793808103962276e-05
leaf_weight=59 204 29 32 64 42 46 261
leaf_count=59 204 29 32 64 42 46 261
internal_value=0.000861601 -0.00208333 -0.00647541 0.00143436 -0.00207547 0.00216243 0.000928339
internal_weight=737 120 61 617 106 511 307
internal_count=737 120 61 617 106 511 307
is_linear=0
shrinkage=0.05


Tree=27
num_leaves=8
num_cat=0
split_feature=3 3 11 5 1 1 15
split_gain=0.542466 1.38476 0.870817 0.473796 0.624291 0.874122 0.640311
threshold=0.007716776471635379 0.0061256208171295299 -0.025492128925019227 0.015381497986202841 0.0078478178265865024 0.011262285311520405 0.00031333582380055352
decision_type=2 2 2 2 2 2 2
left_child=1 2 -1 4 -4 -6 -7
right_child=-2 -3 3 -5 5 6 -8
leaf_value=-0.00029357244595783552 9.860878614503045e-05 -0.00047876543606809648 0.00019633631789836692 -2.927108008540889e-05 -0.00020501997297212168 0.00028005067494642807 -3.576007563543781e-05
leaf_weight=37 74 28 240 179 30 61 100
leaf_count=37 74 28 240 179 30 61 100
internal_value=0.000260347 -0.000185185 0.000285935 0.000737705 0.00163573 -0.000497382 0.000962733
internal_weight=749 675 647 610 431 191 161
internal_count=749 675 647 610 431 191 161
is_linear=0
shrinkage=0.05


Tree=28
num_leaves=8
num_cat=0
split_feature=7 12 12 14 1 12 0
split_gain=0.42742 0.353307 0.82988 0.494025 0.300281 0.301228 0.315224
threshold=-0.077561143639325633 -0.017558025574422261 -0.026522918814270154 0.083142255535003332 -0.02199746218596715 0.048152428754814187 -0.0063936971458773409
decision_type=2 2 2 2 2 2 2
left_child=-1 2 3 -2 -3 6 -6
right_child=1 4 -4 -5 5 -7 -8
leaf_value=-0.0006955967677239501 0.00014500890624460832 0.0002141574205566722 -0.00018177089488948851 -0.00059182481666331999 -1.4823365985729322e-05 -3.9460823434628554e-06 5.2120714413193679e-05
leaf_weight=31 78 115 30 25 86 86 313
leaf_count=31 78 115 30 25 86 86 313
internal_value=0.0010733 0.00131651 -0.00101504 0.00111651 0.00183333 0.00128866 0.00186717
internal_weight=764 733 133 103 600 485 399
internal_count=764 733 133 103 600 485 399
is_linear=0
shrinkage=0.05


end of trees

feature_importances:
dist_ma200=23
overnight_gap=22
dvol_z_20=22
ret_5d=19
dist_ma20=15
atr_pct=13
spy_ret_5d=13
ret_1d=12
sector_ret_1d=12
vix_level=11
parkinson_20=9
vix_chg_1d=8
dist_ma50=6
spy_ret_20d=6
sector_ret_5d=6
ret_20d=3
spy_ret_1d=3

parameters:
[boosting: gbdt]
[objective: quantile]
[metric: quantile]
[tree_learner: serial]
[device_type: cpu]
[data_sample_strategy: bagging]
[data: ]
[valid: ]
[num_iterations: 80]
[learning_rate: 0.05]
[num_leaves: 8]
[num_threads: 1]
[seed: 0]
[deterministic: 0]
[force_col_wise: 1]
[force_row_wise: 0]
[histogram_pool_size: -1]
[max_depth: -1]
[min_data_in_leaf: 25]
[min_sum_hessian_in_leaf: 0.001]
[bagging_fraction: 0.9]
[pos_bagging_fraction: 1]
[neg_bagging_fraction: 1]
[bagging_freq: 1]
[bagging_seed: 3]
[bagging_by_query: 0]
[feature_fraction: 0.9]
[feature_fraction_bynode: 1]
[feature_fraction_seed: 2]
[extra_trees: 0]
[extra_seed: 6]
[early_stopping_round: 0]
[early_stopping_min_delta: 0]
[first_metric_only: 0]
[max_delta_step: 0]
[lambda_l1: 0]
[lambda_l2: 0]
[linear_lambda: 0]
[min_gain_to_split: 0]
[drop_rate: 0.1]
[max_drop: 50]
[skip_drop: 0.5]
[xgboost_dart_mode: 0]
[uniform_drop: 0]
[drop_seed: 4]
[top_rate: 0.2]
[other_rate: 0.1]
[min_data_per_group: 100]
[max_cat_threshold: 32]
[cat_l2: 10]
[cat_smooth: 10]
[max_cat_to_onehot: 4]
[top_k: 20]
[monotone_constraints: ]
[monotone_constraints_method: basic]
[monotone_penalty: 0]
[feature_contri: ]
[forcedsplits_filename: ]
[refit_decay_rate: 0.9]
[cegb_tradeoff: 1]
[cegb_penalty_split: 0]
[cegb_penalty_feature_lazy: ]
[cegb_penalty_feature_coupled: ]
[path_smooth: 0]
[interaction_constraints: ]
[verbosity: -1]
[saved_feature_importance_type: 0]
[use_quantized_grad: 0]
[num_grad_quant_bins: 4]
[quant_train_renew_leaf: 0]
[stochastic_rounding: 1]
[linear_tree: 0]
[max_bin: 255]
[max_bin_by_feature: ]
[min_data_in_bin: 3]
[bin_construct_sample_cnt: 200000]
[data_random_seed: 1]
[is_enable_sparse: 1]
[enable_bundle: 1]
[use_missing: 1]
[zero_as_missing: 0]
[feature_pre_filter: 1]
[pre_partition: 0]
[two_round: 0]
[header: 0]
[label_column: ]
[weight_column: ]
[group_column: ]
[ignore_column: ]
[categorical_feature: ]
[forcedbins_filename: ]
[precise_float_parser: 0]
[parser_config_file: ]
[objective_seed: 5]
[num_class: 1]
[is_unbalance: 0]
[scale_pos_weight: 1]
[sigmoid: 1]
[boost_from_average: 1]
[reg_sqrt: 0]
[alpha: 0.1]
[fair_c: 1]
[poisson_max_delta_step: 0.7]
[tweedie_variance_power: 1.5]
[lambdarank_truncation_level: 30]
[lambdarank_norm: 1]
[label_gain: ]
[lambdarank_position_bias_regularization: 0]
[eval_at: ]
[multi_error_top_k: 1]
[auc_mu_weights: ]
[num_machines: 1]
[local_listen_port: 12400]
[time_out: 120]
[machine_list_filename: ]
[machines: ]
[gpu_platform_id: -1]
[gpu_device_id: -1]
[gpu_device_id_list: ]
[gpu_use_dp: 0]
[num_gpu: 1]

end of parameters

pandas_categorical:[]
