tree
version=v4
num_class=1
num_tree_per_iteration=1
label_index=0
max_feature_idx=16
objective=quantile
feature_names=ret_1d ret_5d ret_20d overnight_gap atr_pct parkinson_20 dvol_z_20 dist_ma20 dist_ma50 dist_ma200 spy_ret_1d spy_ret_5d spy_ret_20d vix_level vix_chg_1d sector_ret_1d sector_ret_5d
feature_infos=[-0.10805194805194795:0.065155807365439022] [-0.20490196078431377:0.1073170731707318] [-0.25588235294117645:0.26456798392498326] [-0.066493506493506604:0.024590163934426368] [0.010495318634853496:0.05130914683796256] [0.0081642906691983749:0.024724779259720119] [-2.0607348126835148:4.259709415736884] [-0.17071424919474421:0.14501891551071888] [-0.20419112011674667:0.16568458807597963] [-0.26158390252907515:0.22696235325087222] [-0.058542947643003718:0.10501933612632941] [-0.11496158439845272:0.082843216242346029] [-0.12265592443394913:0.15756596870864792] [11.859999656677246:52.330001831054688] [-0.35753873962348437:0.74039073966007019] [-0.055499239736441885:0.039932885906040161] [-0.11075949367088611:0.072664359861591699]
tree_sizes=858 855 856 854 857 870 858 866 864 866 856 868 865 868 868 872 866 862 864 858

Tree=0
num_leaves=8
num_cat=0
split_feature=15 6 13 2 4 9 4
split_gain=1.3485 3.48707 0.749403 0.712008 0.666667 0.531781 0.625496
threshold=-0.0082332335083019608 -0.57295548194130308 24.630000114440922 0.091941950942535447 0.019880500571066828 -0.051151795080988487 0.016013998016741599
decision_type=2 2 2 2 2 8 2
left_child=1 -1 3 5 -3 -2 -7
right_child=2 4 -4 -5 -6 6 -8
leaf_value=0.0010573506934478337 0.00062448092288369954 0.00056187066045751172 0.00079123857304849721 0.00071451550394844297 0.00075315971955343256 0.00066053320931175265 0.00054321183283138961
leaf_weight=31 105 40 30 56 60 68 360
leaf_count=31 105 40 30 56 60 68 360
internal_value=0.000553835 0.00516249 -0.000421501 -0.000814133 0.000620502 -0.00137762 -0.00215987
internal_weight=750 131 619 589 100 533 428
internal_count=750 131 619 589 100 533 428
is_linear=0
shrinkage=1


Tree=1
num_leaves=8
num_cat=0
split_feature=11 7 4 11 14 2 9
split_gain=2.04251 1.25681 1.1387 0.683006 0.690667 0.590769 0.479798
threshold=-0.022024013564940267 -0.0013160394403581297 0.014752093213125577 0.01613839302739695 0.0012326341754252958 -0.010935434368128437 0.11254859678736141
decision_type=2 2 2 2 2 2 8
left_child=1 -1 -2 -4 6 -6 -5
right_child=2 -3 3 4 5 -7 -8
leaf_value=0.0004700478323878819 7.6453305522738166e-05 3.6350992125907825e-05 -3.5727877198032465e-05 6.8028217830578831e-05 0.00015424962420725126 3.513188658858724e-05 -9.7707443012099869e-05
leaf_weight=31 28 35 478 72 27 25 38
leaf_count=31 28 35 478 72 27 25 38
internal_value=0.00024523 0.00863636 -0.000583834 -0.00101563 0.00179012 0.00653846 -0.000454547
internal_weight=734 66 668 640 162 52 110
internal_count=734 66 668 640 162 52 110
is_linear=0
shrinkage=0.05


Tree=2
num_leaves=8
num_cat=0
split_feature=11 4 4 13 12 4 14
split_gain=1.17795 2.28838 0.694521 0.580636 1.1977 0.748093 0.585193
threshold=-0.022024013564940267 0.024011643558990488 0.014752093213125577 16.73499965667725 0.044456932771925313 0.019584487319832151 0.025331387226238514
decision_type=2 2 2 2 2 2 2
left_child=1 -1 -2 4 6 -6 -4
right_child=2 -3 3 -5 5 -7 -8
leaf_value=-1.8063931296685226e-05 6.6699718275865997e-05 0.00043207628305160498 -4.142463518321557e-05 -6.4468847871819432e-05 -5.014944210422152e-06 0.00015110920727747174 0.0001098876270052332
leaf_weight=45 29 26 233 284 26 32 74
leaf_count=45 29 26 233 284 26 32 74
internal_value=0.000140186 0.0062676 -0.000501476 -0.000839755 0.000479451 0.00706896 -0.000765474
internal_weight=749 71 678 649 365 58 307
internal_count=749 71 678 649 365 58 307
is_linear=0
shrinkage=0.05


Tree=3
num_leaves=8
num_cat=0
split_feature=11 4 6 12 12 0 10
split_gain=1.6767 1.63333 1.14551 1.13317 1.32877 0.733924 0.769954
threshold=-0.022024013564940267 0.024011643558990488 -0.58572493250204349 -0.0016966632192755291 0.01493884956091618 -0.0035304651059729348 0.0047561203387664905
decision_type=2 2 2 2 2 2 2
left_child=1 -1 3 -2 -5 -6 -7
right_child=2 -3 -4 4 5 6 -8
leaf_value=4.4584982157503593e-05 -0.00016617475827213928 0.00040757863347465134 -3.2394169983686376e-05 0.00012282317686516765 9.8988538310523444e-05 -0.00011315561680241193 9.2980103472297564e-05
leaf_weight=45 42 27 448 37 51 59 34
leaf_count=45 42 27 448 37 51 59 34
internal_value=0.000248989 0.0075 -0.000529062 0.0023991 0.00411602 0.00194444 -0.000698926
internal_weight=743 72 671 223 181 144 93
internal_count=743 72 671 223 181 144 93
is_linear=0
shrinkage=0.05


Tree=4
num_leaves=8
num_cat=0
split_feature=13 4 4 4 6 0 5
split_gain=1.48343 0.993133 0.678301 0.771283 0.889549 0.497157 0.828571
threshold=26.494999885559086 0.014752093213125577 0.019867690045450491 0.020395088259036288 -1.1524989376085182 0.0075916908137171344 0.011255995567879101
decision_type=2 2 2 2 2 2 2
left_child=1 -1 5 -4 -5 -3 -7
right_child=-2 2 3 4 -6 6 -8
leaf_value=6.2135597349589918e-05 0.00021338236038991699 -6.880063395952926e-05 0.00021785264854934564 0.00021507136492792558 -1.9761118916519091e-05 0.00011744425606089897 -9.3064673978697154e-05
leaf_weight=29 27 207 30 36 353 35 29
leaf_count=29 27 207 30 36 353 35 29
internal_value=0.000160857 -0.000271211 -0.000652175 0.000608591 1.28523e-05 -0.00260148 0.00125
internal_weight=746 719 690 419 389 271 64
internal_count=746 719 690 419 389 271 64
is_linear=0
shrinkage=0.05


Tree=5
num_leaves=8
num_cat=0
split_feature=4 11 15 11 4 12 16
split_gain=0.683492 0.703711 1.18722 0.732246 0.736075 0.544211 0.372401
threshold=0.014752093213125577 0.01613839302739695 -0.0033197747957014463 -0.01930721697732057 0.024011643558990488 0.034736812074913422 -0.0014897246194461309
decision_type=2 2 2 2 2 2 2
left_child=-1 3 -3 4 -2 -4 -5
right_child=1 2 5 6 -6 -7 -8
leaf_value=5.9028817482110425e-05 -3.8967827537268442e-05 0.00011601548785381558 -3.8155325078224379e-05 -1.8045884548319683e-05 0.00037357763314385607 8.6759900777706386e-05 -7.0658186756168039e-05
leaf_weight=29 57 47 67 202 28 47 260
leaf_count=29 57 47 67 202 28 47 260
internal_value=-0.000454547 -0.000762713 0.00214286 -0.00161792 0.00264706 -0.000614036 -0.0024026
internal_weight=737 708 161 547 85 114 462
internal_count=737 708 161 547 85 114 462
is_linear=0
shrinkage=0.05


Tree=6
num_leaves=8
num_cat=0
split_feature=13 15 6 11 6 16 4
split_gain=1.10316 0.844899 1.60843 0.621319 0.944586 0.646329 0.464351
threshold=26.85000038146973 -0.0082332335083019608 -0.57295548194130308 0.016276968490692715 0.20165827874791176 0.010985863793037455 0.028210402298631702
decision_type=2 2 2 2 2 2 2
left_child=1 2 -1 6 5 -5 -3
right_child=-2 3 -4 4 -6 -7 -8
leaf_value=0.00034969596752496262 0.00014097198315995873 -5.3417635460049564e-05 -6.0774201409258132e-06 -7.7569048006622239e-05 8.7963380819428466e-05 0.00013140423718594187 7.3031998390378562e-05
leaf_weight=30 27 411 98 48 37 49 46
leaf_count=30 27 411 98 48 37 49 46
internal_value=-0.00010724 -0.000479834 0.00320312 -0.0012775 0.00171642 -0.00087629 -0.00215536
internal_weight=746 719 128 591 134 97 457
internal_count=746 719 128 591 134 97 457
is_linear=0
shrinkage=0.05


Tree=7
num_leaves=8
num_cat=0
split_feature=11 7 4 9 4 11 4
split_gain=0.935124 1.85164 0.793284 0.806732 0.447794 0.656928 1.1499
threshold=-0.022024013564940267 -0.0016108228867584005 0.016013998016741599 0.10307338272516021 0.019584487319832151 0.0032511788494672404 0.020538754143025178
decision_type=2 2 2 8 2 2 2
left_child=1 -1 3 -2 -4 -6 -7
right_child=2 -3 4 -5 5 6 -8
leaf_value=0.00037781566146168408 5.7364814797022525e-05 -1.8975742261414995e-05 -5.3590483375439197e-05 -0.00011976415097837082 -5.9058305972237573e-05 0.00010545756476917434 -1.4322123926253469e-06
leaf_weight=35 51 38 183 26 151 29 232
leaf_count=35 51 38 183 26 151 29 232
internal_value=-0.000100672 0.00527397 -0.000684525 0.00409091 -0.00130252 -0.000388351 0.00113027
internal_weight=745 73 672 77 595 412 261
internal_count=745 73 672 77 595 412 261
is_linear=0
shrinkage=0.05


Tree=8
num_leaves=8
num_cat=0
split_feature=11 7 4 11 15 6 13
split_gain=1.10196 2.47503 1.10367 0.549701 1.40231 0.566775 0.62479
threshold=-0.022024013564940267 -0.0016108228867584005 0.014752093213125577 0.017370539138914069 -0.002537275259892668 -0.3459485745121747 14.715000152587892
decision_type=2 2 2 2 2 2 2
left_child=1 -1 -2 5 -5 6 -4
right_child=2 -3 3 4 -6 -7 -8
leaf_value=0.00036790780078702572 4.8013978181305571e-05 -1.1961430676749871e-05 -3.4064240434606047e-05 0.00011522737985349725 -1.7764175492325588e-05 -5.4157056341442759e-05 4.4507908719989209e-05
leaf_weight=30 29 39 63 48 97 301 157
leaf_count=30 29 39 63 48 97 301 157
internal_value=-0.000157069 0.00586956 -0.000755397 -0.00117117 0.00155172 -0.00192898 -1.19209e-09
internal_weight=764 69 695 666 145 521 220
internal_count=764 69 695 666 145 521 220
is_linear=0
shrinkage=0.05


Tree=9
num_leaves=8
num_cat=0
split_feature=15 6 9 3 4 11 10
split_gain=1.3975 1.83414 0.464004 0.370314 0.902677 0.55434 0.887835
threshold=-0.0082332335083019608 -0.37565722377969385 -0.071208558796050134 0.0019116135662897717 0.028210402298631702 0.017370539138914069 0.0047561203387664905
decision_type=2 2 10 2 2 2 2
left_child=1 -1 -3 4 5 -2 -7
right_child=3 2 -4 -5 -6 6 -8
leaf_value=0.00032873701790415012 -4.1668139038332478e-05 -0.00012684024259846714 1.1913683520902468e-05 -2.5848059635404624e-05 0.00013998333602208409 -2.9662484244988162e-05 0.00015368711295542529
leaf_weight=45 244 39 46 275 36 33 26
leaf_count=45 244 39 46 275 36 33 26
internal_value=-9.40872e-05 0.00461538 0.000294116 -0.00109121 1.47481e-05 -0.000874589 0.00347458
internal_weight=744 130 85 614 339 303 59
internal_count=744 130 85 614 339 303 59
is_linear=0
shrinkage=0.05


Tree=10
num_leaves=8
num_cat=0
split_feature=9 4 11 7 11 6 6
split_gain=0.784619 0.916558 0.824471 1.33032 0.857225 2.25606 0.561039
threshold=0.11663080269780303 0.01478961069951731 -0.022024013564940267 -0.0014397018498842893 0.01613839302739695 0.073885498475437614 -0.71658883698816778
decision_type=8 2 2 2 2 2 2
left_child=1 -1 3 -3 -4 6 -6
right_child=-2 2 4 -5 5 -7 -8
leaf_value=4.3334315879578112e-05 -4.8598993484819563e-05 0.00033198828874195712 -1.686369704399988e-05 -3.7005751089153306e-06 7.1181103153373249e-05 0.00010659134914672403 -6.1606913832960332e-05
leaf_weight=26 236 25 322 26 35 37 42
leaf_count=26 236 25 322 26 35 37 42
internal_value=0.000140186 0.00123782 0.000749485 0.0067647 4.58704e-05 0.00377193 -0.0011039
internal_weight=749 513 487 51 436 114 77
internal_count=749 513 487 51 436 114 77
is_linear=0
shrinkage=0.05


Tree=11
num_leaves=8
num_cat=0
split_feature=4 4 5 1 9 4 14
split_gain=0.609327 0.472111 0.70884 0.655512 0.607293 0.583586 0.646307
threshold=0.014752093213125577 0.019584487319832151 0.011026336432403232 0.0094591104386371212 0.083999597222701686 0.020395088259036288 0.0012326341754252958
decision_type=2 2 2 2 8 2 2
left_child=-1 2 3 -2 -5 -3 -7
right_child=1 5 -4 4 -6 6 -8
leaf_value=3.358713871722695e-05 -4.5857215050559559e-05 7.4045941460179469e-05 -0.00010759019083861747 0.00010398847762357666 -2.2992288735447501e-05 -1.962008231190364e-05 4.3858055553321084e-05
leaf_weight=30 82 47 126 27 25 232 178
leaf_count=30 82 47 126 27 25 232 178
internal_value=-0.000314593 -0.000606696 -0.00230769 0.000223879 0.00461538 0.000361049 -0.000243904
internal_weight=747 717 260 134 52 457 410
internal_count=747 717 260 134 52 457 410
is_linear=0
shrinkage=0.05


Tree=12
num_leaves=8
num_cat=0
split_feature=15 6 3 5 12 9 2
split_gain=1.22363 1.6225 0.411288 0.368814 0.334619 0.370195 0.589176
threshold=-0.0085851799619650598 -0.57295548194130308 -0.0028425278362497193 0.012177950548762993 -0.049048441539310476 0.085082449101542515 0.09637378979635193
decision_type=2 2 2 2 2 8 2
left_child=1 -1 -3 -4 -2 6 -6
right_child=4 2 3 -5 5 -7 -8
leaf_value=0.00022699045470791782 2.3981679062324641e-05 9.7613636155238678e-05 1.9101817965803535e-05 -0.00016427707705190243 -7.3449254825033685e-06 -6.0204487609218453e-05 8.7730318543048345e-05
leaf_weight=28 28 34 25 34 348 211 26
leaf_count=28 28 34 25 34 348 211 26
internal_value=-0.000504088 0.00409091 0.000913977 -0.00161017 -0.00141109 -0.00166667 -0.000721926
internal_weight=734 121 93 59 613 585 374
internal_count=734 121 93 59 613 585 374
is_linear=0
shrinkage=0.05


Tree=13
num_leaves=8
num_cat=0
split_feature=13 4 7 4 8 2 15
split_gain=0.790555 0.642735 0.447239 0.7887 0.532762 0.907197 0.636063
threshold=26.494999885559086 0.014752093213125577 -0.03344729364908388 0.028210402298631702 0.039564529126953858 0.10877138520971298 -0.0061317779410346432
decision_type=2 2 2 2 8 2 2
left_child=1 -1 -3 4 6 -6 -4
right_child=-2 2 3 -5 5 -7 -8
leaf_value=3.0379913624459732e-05 0.00016413664677621259 -4.4364334199127205e-05 7.0745614825146769e-05 0.00012851554522659773 -9.6451526550388607e-05 5.7728776161361182e-05 -3.0099126482478163e-06
leaf_weight=31 27 106 83 40 179 39 240
leaf_count=31 27 106 83 40 179 39 240
internal_value=-0.000436243 -0.00075209 -0.00106987 -0.000524958 -0.00102588 -0.00293578 0.000263157
internal_weight=745 718 687 581 541 218 323
internal_count=745 718 687 581 541 218 323
is_linear=0
shrinkage=0.05


Tree=14
num_leaves=8
num_cat=0
split_feature=14 4 15 0 3 14 11
split_gain=0.61103 1.29651 0.835202 0.720643 0.680588 0.42349 1.48151
threshold=0.020823614308890352 0.028210402298631702 -0.011157420173863506 0.0070830767827414496 -0.0075186185324335733 -0.071225645536492452 0.0090107413395309494
decision_type=2 2 2 2 2 2 2
left_child=4 2 -2 -4 -1 6 -6
right_child=1 -3 3 -5 5 -7 -8
leaf_value=9.8282702525159118e-05 5.5277337144322062e-05 0.00012905311610860709 -5.7650154017515909e-05 0.00013954694168394981 -5.0791584621385057e-05 -1.4138555453895946e-05 7.7044899835158063e-05
leaf_weight=26 43 26 116 43 46 390 29
leaf_count=26 43 26 116 43 46 390 29
internal_value=-0.000340752 0.00179824 0.000445543 -0.00122642 -0.00133401 -0.00177419 0.00166667
internal_weight=719 228 202 159 491 465 75
internal_count=719 228 202 159 491 465 75
is_linear=0
shrinkage=0.05


Tree=15
num_leaves=8
num_cat=0
split_feature=14 11 4 8 9 4 9
split_gain=0.435799 1.36153 0.661638 1.40833 0.419416 0.631595 0.949343
threshold=0.0080830591469587282 0.019179064165315788 0.022675799080454691 -0.015616275593017646 0.11663080269780303 0.024037936796364619 -0.042866954148775109
decision_type=2 2 2 8 8 2 10
left_child=4 2 -2 -4 5 6 -1
right_child=1 -3 3 -5 -6 -7 -8
leaf_value=0.00013138155078195688 -4.8534480095720238e-05 6.3536985717168516e-05 -5.0339640714946912e-05 0.00014639098112138722 -0.0001064122640198003 -4.2296904295431427e-05 -7.7725773572785864e-07
leaf_weight=36 153 31 56 49 154 110 154
leaf_count=36 153 31 56 49 154 110 154
internal_value=-0.000289369 0.00122837 3.87585e-05 0.00309524 -0.00125551 -0.000166668 0.00157895
internal_weight=743 289 258 105 454 300 190
internal_count=743 289 258 105 454 300 190
is_linear=0
shrinkage=0.05


Tree=16
num_leaves=8
num_cat=0
split_feature=6 16 3 6 11 14 10
split_gain=0.772499 1.36873 0.883876 0.494787 0.478586 0.459835 0.410178
threshold=-0.3459485745121747 -0.012591235645714625 -0.0011497557719127303 -0.48658358639399718 0.017632918740663531 -0.0026760061162229838 0.0092143368425633438
decision_type=2 2 2 2 2 2 2
left_child=1 2 -1 6 -2 -6 -3
right_child=4 3 -4 -5 5 -7 -8
leaf_value=0.00023893929254243854 -4.1046870513199278e-05 -3.5426309166908982e-05 0.0001836328574676445 8.7448674874008152e-05 -1.3446933751508134e-05 5.3840918242306423e-05 1.8551679228177279e-05
leaf_weight=25 359 187 38 35 53 25 35
leaf_count=25 359 187 38 35 53 25 35
internal_value=-0.000772789 0.00109375 0.00769841 -0.000525293 -0.00213959 0.00141026 -0.0013964
internal_weight=757 320 63 257 437 78 222
internal_count=757 320 63 257 437 78 222
is_linear=0
shrinkage=0.05


Tree=17
num_leaves=8
num_cat=0
split_feature=9 3 4 15 3 8 14
split_gain=0.766611 0.660574 0.77741 0.841075 0.954506 0.753214 0.705645
threshold=0.11663080269780303 -0.0030358271845697944 0.028649828698278052 -0.0025946483242962888 -0.0044704630628881739 0.068494867732365031 0.023268635347166725
decision_type=10 2 2 2 2 10 2
left_child=1 2 3 4 6 -3 -1
right_child=-2 5 -4 -5 -6 -7 -8
leaf_value=0.0001665698867139156 -7.4941772878856969e-05 -5.4632878321881808e-06 0.00011662303339452479 -7.1871310806477211e-05 9.3303882951364594e-05 5.1677959605018968e-05 -5.1901184236566246e-05
leaf_weight=31 80 465 25 66 25 29 25
leaf_count=31 80 465 25 66 25 29 25
internal_value=-0.000375336 0.000180179 0.00284884 0.00146258 0.00487654 -0.000748989 0.00125
internal_weight=746 666 172 147 81 494 56
internal_count=746 666 172 147 81 494 56
is_linear=0
shrinkage=0.05


Tree=18
num_leaves=8
num_cat=0
split_feature=11 0 11 6 6 16 13
split_gain=0.780741 0.981739 0.472061 1.11416 0.632086 0.677612 0.64932
threshold=-0.022024013564940267 0.00063150636886832878 0.019179064165315788 0.20165827874791176 -0.14609359118784868 0.018762671342288043 13.934999942779543
decision_type=2 2 2 2 2 2 2
left_child=1 -1 4 -4 5 6 -2
right_child=2 -3 3 -5 -6 -7 -8
leaf_value=0.00026667178948110273 -7.3238131885574489e-05 -2.4257531325724576e-05 -7.6586546646445369e-06 7.5282022344424246e-05 -4.4701050344862656e-05 -0.00010386495782138519 5.0377361979601698e-05
leaf_weight=42 50 26 92 35 262 57 189
leaf_count=42 50 26 92 35 262 57 189
internal_value=-0.00055113 0.00455882 -0.0010584 0.00169291 -0.00168459 -0.000101353 0.00106694
internal_weight=753 68 685 127 558 296 239
internal_count=753 68 685 127 558 296 239
is_linear=0
shrinkage=0.05


Tree=19
num_leaves=8
num_cat=0
split_feature=2 11 11 2 8 3 9
split_gain=0.836127 0.95683 0.812179 0.903779 1.34128 1.18704 1.07258
threshold=0.017632371514621496 -0.022024013564940267 0.0032511788494672404 -0.045698373768097593 0.031680991097216678 0.0024801684939865791 0.026846311405569371
decision_type=2 2 2 2 8 2 8
left_child=1 -1 -3 -4 5 6 -5
right_child=-2 2 3 4 -6 -7 -8
leaf_value=0.00027477205583623977 -3.171630674094492e-05 -4.7692086606237776e-05 -5.2831308718043584e-05 0.0001115406908548982 -7.3329556414887705e-05 6.1352371999204191e-07 0.00013377806130331838
leaf_weight=37 310 154 87 40 31 51 29
leaf_count=37 310 154 87 40 31 51 29
internal_value=-0.000602166 0.000827505 0.00010204 0.00193277 0.00427152 0.00666667 0.010942
internal_weight=739 429 392 238 151 120 69
internal_count=739 429 392 238 151 120 69
is_linear=0
shrinkage=0.05


end of trees

feature_importances:
atr_pct=28
spy_ret_5d=21
dvol_z_20=14
dist_ma200=11
sector_ret_1d=9
vix_chg_1d=8
overnight_gap=7
vix_level=7
ret_20d=6
dist_ma20=5
spy_ret_20d=5
ret_1d=4
dist_ma50=4
sector_ret_5d=4
parkinson_20=3
spy_ret_1d=3
ret_5d=1

parameters:
[boosting: gbdt]
[objective: quantile]
[metric: quantile]
[tree_learner: serial]
[device_type: cpu]
[data_sample_strategy: bagging]
[data: ]
[valid: ]
[num_iterations: 80]
[learning_rate: 0.05]
[num_leaves: 8]
[num_threads: 1]
[seed: 0]
[deterministic: 0]
[force_col_wise: 1]
[force_row_wise: 0]
[histogram_pool_size: -1]
[max_depth: -1]
[min_data_in_leaf: 25]
[min_sum_hessian_in_leaf: 0.001]
[bagging_fraction: 0.9]
[pos_bagging_fraction: 1]
[neg_bagging_fraction: 1]
[bagging_freq: 1]
[bagging_seed: 3]
[bagging_by_query: 0]
[feature_fraction: 0.9]
[feature_fraction_bynode: 1]
[feature_fraction_seed: 2]
[extra_trees: 0]
[extra_seed: 6]
[early_stopping_round: 0]
[early_stopping_min_delta: 0]
[first_metric_only: 0]
[max_delta_step: 0]
[lambda_l1: 0]
[lambda_l2: 0]
[linear_lambda: 0]
[min_gain_to_split: 0]
[drop_rate: 0.1]
[max_drop: 50]
[skip_drop: 0.5]
[xgboost_dart_mode: 0]
[uniform_drop: 0]
[drop_seed: 4]
[top_rate: 0.2]
[other_rate: 0.1]
[min_data_per_group: 100]
[max_cat_threshold: 32]
[cat_l2: 10]
[cat_smooth: 10]
[max_cat_to_onehot: 4]
[top_k: 20]
[monotone_constraints: ]
[monotone_constraints_method: basic]
[monotone_penalty: 0]
[feature_contri: ]
[forcedsplits_filename: ]
[refit_decay_rate: 0.9]
[cegb_tradeoff: 1]
[cegb_penalty_split: 0]
[cegb_penalty_feature_lazy: ]
[cegb_penalty_feature_coupled: ]
[path_smooth: 0]
[interaction_constraints: ]
[verbosity: -1]
[saved_feature_importance_type: 0]
[use_quantized_grad: 0]
[num_grad_quant_bins: 4]
[quant_train_renew_leaf: 0]
[stochastic_rounding: 1]
[linear_tree: 0]
[max_bin: 255]
[max_bin_by_feature: ]
[min_data_in_bin: 3]
[bin_construct_sample_cnt: 200000]
[data_random_seed: 1]
[is_enable_sparse: 1]
[enable_bundle: 1]
[use_missing: 1]
[zero_as_missing: 0]
[feature_pre_filter: 1]
[pre_partition: 0]
[two_round: 0]
[header: 0]
[label_column: ]
[weight_column: ]
[group_column: ]
[ignore_column: ]
[categorical_feature: ]
[forcedbins_filename: ]
[precise_float_parser: 0]
[parser_config_file: ]
[objective_seed: 5]
[num_class: 1]
[is_unbalance: 0]
[scale_pos_weight: 1]
[sigmoid: 1]
[boost_from_average: 1]
[reg_sqrt: 0]
[alpha: 0.9]
[fair_c: 1]
[poisson_max_delta_step: 0.7]
[tweedie_variance_power: 1.5]
[lambdarank_truncation_level: 30]
[lambdarank_norm: 1]
[label_gain: ]
[lambdarank_position_bias_regularization: 0]
[eval_at: ]
[multi_error_top_k: 1]
[auc_mu_weights: ]
[num_machines: 1]
[local_listen_port: 12400]
[time_out: 120]
[machine_list_filename: ]
[machines: ]
[gpu_platform_id: -1]
[gpu_device_id: -1]
[gpu_device_id_list: ]
[gpu_use_dp: 0]
[num_gpu: 1]

end of parameters

pandas_categorical:[]
