tree
version=v4
num_class=1
num_tree_per_iteration=1
label_index=0
max_feature_idx=16
objective=quantile
feature_names=ret_1d ret_5d ret_20d overnight_gap atr_pct parkinson_20 dvol_z_20 dist_ma20 dist_ma50 dist_ma200 spy_ret_1d spy_ret_5d spy_ret_20d vix_level vix_chg_1d sector_ret_1d sector_ret_5d
feature_infos=[-0.19367687328852379:0.17182421930196434] [-0.23173624288425043:0.20380316446508928] [-0.24703344120819859:0.18720971775634143] [-0.21994025392083649:0.14158541754980947] [0.014527451384594233:0.051736437754782046] [0.0092058798642835338:0.027162810181216152] [-2.0893474876262137:4.1844127974650069] [-0.21443043743341195:0.14784389987335378] [-0.2031721959244136:0.192155330657926] [-0.27182536008426572:0.30052685100690057] [-0.058542947643003718:0.10501933612632941] [-0.11496158439845272:0.082843216242346029] [-0.12265592443394913:0.15756596870864792] [11.859999656677246:52.330001831054688] [-0.35753873962348437:0.74039073966007019] [-0.062590274434280224:0.087237479806139051] [-0.13928157589803014:0.088314485729671599]
tree_sizes=846 860 858 844 858 861 855 862 859 861 853 858 847 859 848 856 863 865 852 853 858 854 865 856 851 859

Tree=0
num_leaves=8
num_cat=0
split_feature=16 15 5 2 6 6 8
split_gain=2.71981 1.90744 2.64177 2.4163 1.92038 1.86315 1.69886
threshold=-0.03802707131220278 0.001517771013362035 0.017795574755604959 0.020157520009391864 1.3330239784141595 -0.19381174041308372 0.030701652661560112
decision_type=2 2 2 2 2 2 8
left_child=-1 3 -3 4 6 -4 -2
right_child=1 2 5 -5 -6 -7 -8
leaf_value=-0.0092330493265762922 -0.0088500868296250701 -0.0088063405943103138 -0.0089053618256002658 -0.0090962587390094989 -0.009244669089093804 -0.0091264007147401575 -0.0090802351012825959
leaf_weight=32 184 260 43 149 28 29 25
leaf_count=32 184 260 43 149 28 29 25
internal_value=-0.00872164 -0.00808599 -0.00530719 -0.010476 -0.00733937 -0.0137828 -0.00569198
internal_weight=750 718 332 386 237 72 209
internal_count=750 718 332 386 237 72 209
is_linear=0
shrinkage=1


Tree=1
num_leaves=8
num_cat=0
split_feature=8 16 7 3 1 11 7
split_gain=2.90674 1.79865 1.91171 2.57634 2.29314 1.63844 1.69007
threshold=0.11377371225161693 -0.021994752792633406 0.010540182546403877 0.0072413947697665968 -0.001871658387364916 0.031328767211223359 0.018325109324524694
decision_type=8 2 2 2 2 2 2
left_child=1 -1 3 -3 -4 6 -6
right_child=-2 2 4 -5 5 -7 -8
leaf_value=-7.785603869706394e-05 -0.00024713089456781747 0.00010660581057891249 -0.00036729295592522252 -0.00018516735668526962 -0.00021835676336195319 -0.00014343674061819916 7.2560958215035513e-05
leaf_weight=96 47 293 32 34 31 31 170
leaf_count=96 47 293 32 34 31 31 170
internal_value=-0.00020436 0.000618632 0.00164975 0.00420489 -0.00151515 0.000215517 0.00186567
internal_weight=734 687 591 327 264 232 201
internal_count=734 687 591 327 264 232 201
is_linear=0
shrinkage=0.05


Tree=2
num_leaves=8
num_cat=0
split_feature=6 13 4 3 16 0 3
split_gain=2.7632 3.05584 2.37628 2.2196 2.09664 2.44596 1.94254
threshold=0.087794362841234583 17.164999961853031 0.02467541295387965 0.00041886287377790326 0.014299574324878496 -0.0061131258125504675 0.010043946205305023
decision_type=2 2 2 2 2 2 2
left_child=1 3 -3 4 5 -1 -2
right_child=6 2 -4 -5 -6 -7 -8
leaf_value=9.0899247952620484e-05 -4.1204962544725288e-05 4.3528635636903329e-05 -0.00011175412411103025 0.00015730932363658214 0.00017402887996286156 -0.00016986715106759222 -0.0003016513943948667
leaf_weight=46 226 95 118 137 37 64 26
leaf_count=46 226 95 118 137 37 64 26
internal_value=-0.000100134 0.00206237 -0.00246479 0.00545775 0.00119048 -0.00227273 -0.00436508
internal_weight=749 497 213 284 147 110 252
internal_count=749 497 213 284 147 110 252
is_linear=0
shrinkage=0.05


Tree=3
num_leaves=8
num_cat=0
split_feature=4 4 6 13 3 9 12
split_gain=3.15189 2.41429 1.91061 1.87543 1.66645 2.13549 1.95557
threshold=0.028764421771687972 0.031069626860539035 0.038922334594090856 17.090000152587894 -0.0077860847222058762 0.17498231506102382 0.022797262083818274
decision_type=2 2 2 2 2 10 2
left_child=4 -2 3 -3 6 -6 -1
right_child=1 2 -4 -5 5 -7 -8
leaf_value=-0.00026060365365628967 -0.00045664767287998981 0.00017278472434045398 -0.00034008588660835814 -0.00010461934553168246 5.2222321530643943e-05 -0.00010097258670393783 7.540783840886438e-05
leaf_weight=33 35 34 39 52 478 44 28
leaf_count=33 35 34 39 52 478 44 28
internal_value=-3.36474e-05 -0.00625 -0.003 0.00116279 0.00167238 0.00258621 -0.00614754
internal_weight=743 160 125 86 583 522 61
internal_count=743 160 125 86 583 522 61
is_linear=0
shrinkage=0.05


Tree=4
num_leaves=8
num_cat=0
split_feature=8 15 13 2 16 14 13
split_gain=2.16676 1.88573 2.94711 1.71406 1.61983 1.68911 1.57635
threshold=0.11377371225161693 0.001517771013362035 17.394999504089359 0.020157520009391864 0.0077673341880165623 0.031770832380203846 15.025000095367433
decision_type=8 2 2 2 2 2 2
left_child=1 3 6 4 5 -1 -3
right_child=-2 2 -4 -5 -6 -7 -8
leaf_value=-0.0001407812603589081 -0.00020428259094298483 6.9494726519387683e-05 -8.7176649731190304e-06 -0.00016663923453672403 0.00013085403646326084 6.959211254505137e-05 0.00015260772718136658
leaf_weight=111 49 119 102 137 46 88 94
leaf_count=111 49 119 102 137 46 88 94
internal_value=0.000469169 0.00118364 0.00404762 -0.00117801 0.00132653 -0.000628141 0.00739437
internal_weight=746 697 315 382 245 199 213
internal_count=746 697 315 382 245 199 213
is_linear=0
shrinkage=0.05


Tree=5
num_leaves=8
num_cat=0
split_feature=3 5 5 9 5 5 3
split_gain=2.08328 2.02475 3.13805 1.85565 1.55907 3.16402 2.35979
threshold=0.011888153752768306 0.017909182059412661 0.016959118691791935 0.038791695671537625 0.014301744394164139 0.013904923940523129 -0.0055754847915333019
decision_type=2 2 2 10 2 2 2
left_child=1 2 4 -3 5 6 -1
right_child=-2 3 -4 -5 -6 -7 -8
leaf_value=-0.00030325915899152183 -0.00022862381580047531 -4.4794680312096674e-05 0.00018474425073769542 -0.00056463051006702615 -4.9555199962905177e-05 0.00018268013747892934 5.5913579307126417e-05
leaf_weight=52 35 106 49 32 169 26 268
leaf_count=52 35 106 49 32 169 26 268
internal_value=-0.000237449 0.000356125 0.0016844 -0.00507246 0.000533981 0.00245665 0.00109375
internal_weight=737 702 564 138 515 346 320
internal_count=737 702 564 138 515 346 320
is_linear=0
shrinkage=0.05


Tree=6
num_leaves=8
num_cat=0
split_feature=8 3 12 7 10 9 3
split_gain=2.27382 2.37721 2.35855 1.67972 1.65006 1.62806 1.66825
threshold=0.11377371225161693 -0.0035867356015019665 0.032568541829068882 -0.0033722847535016527 -0.0038582878398281113 0.17498231506102382 0.011284612273676499
decision_type=8 2 2 2 2 10 2
left_child=1 2 4 -4 -1 6 -3
right_child=-2 5 3 -5 -6 -7 -8
leaf_value=3.9646159409139485e-06 -0.00018230702521072678 8.815325957410503e-05 0.00019803865494616454 -5.3199986639194346e-05 -0.00028503231727238198 -0.000139501028653011 -0.00021719262501045155
leaf_weight=56 52 432 25 31 89 32 29
leaf_count=56 52 432 25 31 89 32 29
internal_value=0.000469169 0.00122478 -0.00335821 0.00535714 -0.00672414 0.00309331 0.00385033
internal_weight=746 694 201 56 145 493 461
internal_count=746 694 201 56 145 493 461
is_linear=0
shrinkage=0.05


Tree=7
num_leaves=8
num_cat=0
split_feature=7 12 4 15 10 4 11
split_gain=1.73173 3.20526 2.76814 3.05257 2.6169 1.78395 1.56726
threshold=-0.0028809208483256961 0.026873376718857592 0.025864124859522161 0.0041635940718508522 0.0027897371119552932 0.021405764023745975 -0.0084964938619227475
decision_type=2 2 2 2 2 2 2
left_child=1 -1 3 6 -5 -6 -2
right_child=2 -3 -4 4 5 -7 -8
leaf_value=-5.064095530000687e-06 8.354330210299599e-05 0.00013875653151556013 -0.00017287617124857603 0.00021133012363227382 -4.2347816677221732e-05 0.00015360743602943944 -0.00016327021617641986
leaf_weight=239 26 110 98 39 54 27 152
leaf_count=239 26 110 98 39 54 27 152
internal_value=0.000369128 0.00293696 -0.00189394 0.000503356 0.00666667 0.00154321 -0.00365169
internal_weight=745 349 396 298 120 81 178
internal_count=745 349 396 298 120 81 178
is_linear=0
shrinkage=0.05


Tree=8
num_leaves=8
num_cat=0
split_feature=15 13 12 10 3 11 3
split_gain=2.06565 2.91146 2.2333 1.87917 1.83316 1.83143 1.77225
threshold=0.001517771013362035 17.795000076293949 0.027728982804785422 0.001595000535659419 0.0068222874844929846 -0.020171836765592806 0.0023895856558622257
decision_type=2 2 2 2 2 2 2
left_child=4 -2 3 -3 5 -1 -7
right_child=1 2 -4 -5 -6 6 -8
leaf_value=9.3510325505567505e-05 8.0581562101222047e-05 0.00019986000591056837 0.00011102290158650614 -0.00032121672006558684 -0.00020597650281126723 -0.00010697845080075604 0.00015679328771806244
leaf_weight=52 237 26 28 59 28 271 63
leaf_count=52 237 26 28 59 28 271 63
internal_value=0.000458115 0.00328571 -0.00331858 -0.00735294 -0.00193237 -0.00103627 -0.00239521
internal_weight=764 350 113 85 414 386 334
internal_count=764 350 113 85 414 386 334
is_linear=0
shrinkage=0.05


Tree=9
num_leaves=8
num_cat=0
split_feature=3 5 15 9 6 7 4
split_gain=1.84564 1.81362 1.90058 1.84938 1.62007 1.84514 1.60655
threshold=0.011284612273676499 0.017909182059412661 0.001517771013362035 0.044659988117624845 1.0511735532792823 0.0099302761314800109 0.021324322498871822
decision_type=2 2 2 10 2 2 2
left_child=1 2 4 -3 5 -1 -4
right_child=-2 3 6 -5 -6 -7 -8
leaf_value=5.195703135584635e-05 -0.00027640218828769986 -2.0434598094592679e-05 1.570019136983257e-05 -0.00055538140002910183 -0.00015849909925336661 -0.00011377358643010461 0.00011443001588032406
leaf_weight=176 36 110 134 34 33 96 125
leaf_count=176 36 110 134 34 33 96 125
internal_value=-6.72043e-05 0.00049435 0.00177305 -0.00451389 -0.000901639 0.000367647 0.00492278
internal_weight=744 708 564 144 305 272 259
internal_count=744 708 564 144 305 272 259
is_linear=0
shrinkage=0.05


Tree=10
num_leaves=8
num_cat=0
split_feature=8 6 6 8 2 3 4
split_gain=2.53899 1.24385 1.75378 1.86424 2.14702 1.65427 1.60353
threshold=0.15657398173708084 -1.0239554861626816 0.062691229079715347 0.041416392252337404 0.068719642309778131 -0.008354003823709542 0.021284339628129669
decision_type=8 2 2 10 2 2 2
left_child=1 -1 3 5 -5 -3 -6
right_child=-2 2 -4 4 6 -7 -8
leaf_value=-0.00010538835218540599 -0.00029381132717136823 -7.7092955645824152e-05 -4.9714406490113154e-05 -0.00014457619300357918 0.00017932698623545794 0.00010045187745787634 -0.00015585190903726959
leaf_weight=56 31 25 248 38 25 293 33
leaf_count=56 31 25 248 38 25 293 33
internal_value=0.000300401 0.000905292 0.00151057 0.00350242 -0.00260417 0.00534591 0.00344828
internal_weight=749 718 662 414 96 318 58
internal_count=749 718 662 414 96 318 58
is_linear=0
shrinkage=0.05


Tree=11
num_leaves=8
num_cat=0
split_feature=16 15 11 10 2 5 5
split_gain=1.86178 1.55082 1.5754 1.53083 2.06049 2.03695 1.79493
threshold=-0.03802707131220278 0.001517771013362035 0.030456421062291409 -0.0065884728107576387 0.0078235912895849875 0.011522629656286988 0.012452178390433414
decision_type=2 2 2 2 2 2 2
left_child=-1 3 -3 4 -2 -5 -7
right_child=1 2 -4 5 -6 6 -8
leaf_value=-0.00026298237202894355 0.00011348943996543427 6.5786018810464576e-05 -8.1948940672022191e-05 3.2573108543532386e-05 -0.00017534900163727131 -0.00030833315167429231 -7.2916503160771597e-05
leaf_weight=31 56 307 34 47 38 34 200
leaf_count=31 56 307 34 47 38 34 200
internal_value=-0.000100402 0.000418994 0.00285924 -0.0018 0.0037234 -0.00364769 -0.00555556
internal_weight=747 716 341 375 94 281 234
internal_count=747 716 341 375 94 281 234
is_linear=0
shrinkage=0.05


Tree=12
num_leaves=8
num_cat=0
split_feature=5 5 9 8 15 3 3
split_gain=1.5988 2.90703 1.89441 1.60759 1.47645 1.60201 1.37343
threshold=0.017909182059412661 0.016776762817211955 0.048984906502213772 -0.10968368731100979 0.013272289651159565 0.0069801134995527434 0.0051100186340214968
decision_type=2 2 10 10 2 2 2
left_child=1 4 3 -2 5 6 -1
right_child=2 -3 -4 -5 -6 -7 -8
leaf_value=1.11831679047332e-06 -0.00016707342453813005 0.00015666588266699034 -0.00061592786337069617 4.7933615644670317e-05 0.00010749476768108139 -0.00017269144019118593 0.00019669563550540978
leaf_weight=397 41 54 33 88 40 44 37
leaf_count=397 41 54 33 88 40 44 37
internal_value=0.000681199 0.00192308 -0.0037037 -0.000968992 0.000772201 0 0.000921659
internal_weight=734 572 162 129 518 478 434
internal_count=734 572 162 129 518 478 434
is_linear=0
shrinkage=0.05


Tree=13
num_leaves=8
num_cat=0
split_feature=15 6 10 8 6 4 4
split_gain=1.95087 1.53617 2.13866 2.05683 1.74592 1.26501 2.09276
threshold=0.013272289651159565 0.087794362841234583 -0.0026466516143627823 0.048610377607104523 -1.1240837791821767 0.018252590985969139 0.021114790580263717
decision_type=2 2 2 8 2 2 2
left_child=1 3 -3 4 -1 -6 -7
right_child=-2 2 -4 -5 5 6 -8
leaf_value=-0.00011153093660894333 0.00010533603688109408 4.1728841614617574e-05 -0.00013947765554043643 -0.00010648832213718818 0.00012086280929525062 -5.3278512584537587e-05 7.8369774861558985e-05
leaf_weight=30 65 79 137 106 46 86 196
leaf_count=30 65 79 137 106 46 86 196
internal_value=0.00057047 -0.000220588 -0.0037037 0.00140086 0.00321229 0.00426829 0.00301418
internal_weight=745 680 216 464 358 328 282
internal_count=745 680 216 464 358 328 282
is_linear=0
shrinkage=0.05


Tree=14
num_leaves=8
num_cat=0
split_feature=15 11 16 6 6 13 8
split_gain=1.74282 2.28921 1.73315 1.38723 1.68101 1.74828 1.46771
threshold=0.001517771013362035 0.030456421062291409 -0.01794247451213243 -1.0699381166185582 0.0080257341408187782 17.945000648498539 0.07196274406450566
decision_type=2 2 2 2 2 2 8
left_child=3 2 -2 -1 6 -6 -5
right_child=1 -3 -4 4 5 -7 -8
leaf_value=-0.0001508640642543184 -0.000361426529705985 -7.70783804342601e-05 8.1702593130631536e-05 4.2680977504972817e-05 -0.00015125479760003471 3.3566654789252831e-05 -0.00029360628552218323
leaf_weight=25 28 32 270 189 87 58 30
leaf_count=25 28 32 270 189 87 58 30
internal_value=0.00066064 0.00333333 0.00469799 -0.00160668 -0.000824176 -0.005 0.00194064
internal_weight=719 330 298 389 364 145 219
internal_count=719 330 298 389 364 145 219
is_linear=0
shrinkage=0.05


Tree=15
num_leaves=8
num_cat=0
split_feature=5 5 5 11 12 11 3
split_gain=1.86636 2.18055 1.98828 3.00363 2.69096 1.69303 1.438
threshold=0.017909182059412661 0.016959118691791935 0.014549363004346559 0.014107159275651539 0.044456932771925313 0.021459813769517781 -0.0035363313421212235
decision_type=2 2 2 2 2 2 2
left_child=1 2 3 4 6 -5 -1
right_child=-2 -3 -4 5 -6 -7 -8
leaf_value=-0.0001292039777444653 -0.00010099580299205626 0.00014615582729619352 -5.8362962861725851e-05 -0.00014474780824703251 0.00030031833505337919 0.00012738060380952516 7.6026892609446352e-05
leaf_weight=63 161 55 160 55 33 37 179
leaf_count=63 161 55 160 55 33 37 179
internal_value=0.000572005 0.00189003 0.000901328 0.00292916 0.00554545 -0.0048913 0.00371901
internal_weight=743 582 527 367 275 92 242
internal_count=743 582 527 367 275 92 242
is_linear=0
shrinkage=0.05


Tree=16
num_leaves=8
num_cat=0
split_feature=8 6 3 2 7 4 7
split_gain=1.67657 1.84229 1.90549 1.45687 2.16736 1.42393 2.83597
threshold=0.045756423798112185 0.0080257341408187782 0.0072413947697665968 0.06896733226135289 0.045998692004057713 0.019591237785304996 -0.0018996181369038687
decision_type=8 2 2 2 2 2 2
left_child=1 -1 5 -2 -5 -3 -7
right_child=3 2 -4 4 -6 6 -8
leaf_value=5.1914208106303503e-05 -0.00012978855877522781 0.00010714952845397889 -0.00032476245980143925 8.3045726477955309e-05 -0.00013174976806769656 9.4053497954312972e-06 -0.00034475151500162481
leaf_weight=360 76 41 28 51 60 106 35
leaf_count=360 76 41 28 51 60 106 35
internal_value=0.000231176 0.00157895 -0.00214286 -0.00387701 -0.000225225 -0.000274725 -0.00265957
internal_weight=757 570 210 187 111 182 141
internal_count=757 570 210 187 111 182 141
is_linear=0
shrinkage=0.05


Tree=17
num_leaves=8
num_cat=0
split_feature=15 3 11 4 14 2 8
split_gain=1.56592 1.74556 1.72814 1.38595 1.22862 1.6918 2.23834
threshold=0.00096727768927407098 0.0057434435618664023 0.030456421062291409 0.017204892829397623 0.015727597801877272 0.012476979086650576 0.030427497420458475
decision_type=2 2 2 2 2 2 10
left_child=1 3 -2 -1 -5 -6 -7
right_child=2 -3 -4 4 5 6 -8
leaf_value=8.4740012215969981e-05 3.9076241757038498e-05 -0.00015433021946602236 -6.4583219567742719e-05 -0.00012774886916177476 0.00011833466042824459 -0.00020413387789317293 7.6199485604658583e-05
leaf_weight=43 326 33 35 143 102 28 36
leaf_count=43 326 33 35 143 102 28 36
internal_value=0.000335121 -0.00188312 0.00270083 -0.000852273 -0.00202265 0.000903614 -0.00546875
internal_weight=746 385 361 352 309 166 64
internal_count=746 385 361 352 309 166 64
is_linear=0
shrinkage=0.05


Tree=18
num_leaves=8
num_cat=0
split_feature=15 11 12 1 1 12 12
split_gain=2.21037 1.16104 2.27311 2.94 1.74304 1.57778 2.51934
threshold=-0.015920747741414772 0.011915728697621366 0.035088543452977745 0.008060185837903357 0.04313543749918592 0.025521140781716415 -0.017790362048334726
decision_type=2 2 2 2 2 2 2
left_child=-1 5 4 -4 -3 6 -2
right_child=1 2 3 -5 -6 -7 -8
leaf_value=-0.00013385038634385968 0.00012086101396395367 -1.9448122370506863e-05 5.897019827751718e-05 -0.00023473226847228477 0.00013746924698033951 8.050301160517152e-05 -3.1707477209288802e-05
leaf_weight=42 99 116 25 50 26 185 210
leaf_count=42 99 116 25 50 26 185 210
internal_value=0.000431607 0.00109001 -0.00195853 -0.009 0.00176056 0.00242915 0.000242718
internal_weight=753 711 217 75 142 494 309
internal_count=753 711 217 75 142 494 309
is_linear=0
shrinkage=0.05


Tree=19
num_leaves=8
num_cat=0
split_feature=8 16 11 11 9 14 5
split_gain=1.7048 2.80436 2.42504 1.66928 2.0964 1.53108 1.62689
threshold=0.046586530963066981 0.014385328797842269 0.01160523990497442 0.010411796556971999 0.048555983233317009 0.0012326341754252958 0.016146848942962162
decision_type=8 2 2 2 8 2 2
left_child=1 -1 -3 4 -2 6 -4
right_child=3 2 5 -5 -6 -7 -8
leaf_value=-4.6285346265258947e-06 0.00011380833837256622 0.00013271917247025528 -0.00015246821666570115 -0.00022442034261856139 -9.1140417502163292e-05 0.00010209761466786379 4.0983848663151598e-05
leaf_weight=416 33 54 28 58 85 25 40
leaf_count=416 33 54 28 58 85 25 40
internal_value=3.38295e-05 0.00137655 0.00731293 -0.00426136 -0.000847458 0.00241935 -0.00147059
internal_weight=739 563 147 176 118 93 68
internal_count=739 563 147 176 118 93 68
is_linear=0
shrinkage=0.05


Tree=20
num_leaves=8
num_cat=0
split_feature=15 14 13 13 9 15 7
split_gain=1.33121 1.6036 1.85704 1.53865 1.69935 1.58446 2.50002
threshold=-0.015920747741414772 0.083142255535003332 18.974999427795414 17.250000000000004 -0.14933024091964689 -0.00022279171394512518 0.027954096314640523
decision_type=2 2 2 2 8 2 2
left_child=-1 3 -3 5 -5 6 -2
right_child=1 2 -4 4 -6 -7 -8
leaf_value=-8.2499037618582631e-05 1.7730345742333595e-05 -1.1933376592985524e-05 0.0002664271013715351 3.4891375941544783e-05 -0.00011943398577162869 4.6842032812036443e-05 -0.00036124819622833593
leaf_weight=46 132 25 32 30 204 250 32
leaf_count=46 132 25 32 30 204 250 32
internal_value=0.00063249 0.00117021 0.00921053 0.000462963 -0.00277778 0.00229469 -0.00152439
internal_weight=751 705 57 648 234 414 164
internal_count=751 705 57 648 234 414 164
is_linear=0
shrinkage=0.05


Tree=21
num_leaves=8
num_cat=0
split_feature=15 0 15 4 3 1 7
split_gain=1.9555 1.41862 1.64859 1.09958 1.04362 1.02414 1.40566
threshold=-0.015920747741414772 0.02633346613664345 0.013272289651159565 0.017204892829397623 0.0042305865013949626 0.046249988638165436 0.010540182546403877
decision_type=2 2 2 2 2 2 2
left_child=-1 2 3 -2 -4 6 -5
right_child=1 -3 4 5 -6 -7 -8
leaf_value=-0.00011771804578807272 6.5142898948527319e-05 -0.00012138932380209421 2.9527306258761085e-05 1.2350004266460485e-05 0.00016477036269401752 9.6459436214749346e-05 -9.5311871013903902e-05
leaf_weight=43 69 41 25 336 26 36 172
leaf_count=43 69 41 25 336 26 36 172
internal_value=0.000467914 0.00109929 0.00165663 0.00093801 0.0102941 0.000183824 -0.000393701
internal_weight=748 705 664 613 51 544 508
internal_count=748 705 664 613 51 544 508
is_linear=0
shrinkage=0.05


Tree=22
num_leaves=8
num_cat=0
split_feature=5 5 15 13 10 14 16
split_gain=1.93817 2.07695 1.81878 1.61118 2.00074 1.56759 1.52701
threshold=0.014424229981000078 0.013904923940523129 -0.00083754820781839479 16.875000000000004 0.0054892389813711038 0.054586954999164335 -0.017261383906732038
decision_type=2 2 2 2 2 2 2
left_child=1 -1 5 -4 -5 -2 -7
right_child=2 -3 3 4 -6 6 -8
leaf_value=2.3636712863437695e-05 -0.00018647552313438278 0.00011031470379540406 7.5853165658841239e-05 -0.00013061062468732541 1.0598146138212848e-05 -5.8255336430180098e-05 0.00010200789650692351
leaf_weight=345 105 31 100 49 53 27 32
leaf_count=345 105 31 100 49 53 27 32
internal_value=0.000404313 0.00292553 -0.00218579 0.000990099 -0.00343137 -0.00609756 0.000423729
internal_weight=742 376 366 202 102 164 59
internal_count=742 376 366 202 102 164 59
is_linear=0
shrinkage=0.05


Tree=23
num_leaves=8
num_cat=0
split_feature=6 3 6 12 16 3 7
split_gain=1.92572 2.09137 1.99747 1.68026 1.48109 2.07614 2.78746
threshold=0.087794362841234583 0.010099136700192914 -1.0239554861626816 0.0027925982816148225 0.014484717977813035 0.0044356492811908907 0.012772041105256095
decision_type=2 2 2 2 2 2 2
left_child=2 3 -1 -2 -4 6 -6
right_child=1 -3 4 -5 5 -7 -8
leaf_value=-9.5389031371110033e-05 5.9431653715192378e-05 -0.00023591812851736973 1.1364092715248925e-05 -0.00012448701701790827 0.00017038480457638833 0.00021376186639326415 -3.0722655983289954e-05
leaf_weight=53 65 25 326 152 41 32 57
leaf_count=53 65 25 326 152 41 32 57
internal_value=0.000366178 -0.00330579 0.00211198 -0.00172811 0.00317982 0.00769231 0.00408163
internal_weight=751 242 509 217 456 130 98
internal_count=751 242 509 217 456 130 98
is_linear=0
shrinkage=0.05


Tree=24
num_leaves=8
num_cat=0
split_feature=3 5 5 15 13 13 3
split_gain=1.57301 1.48829 1.7771 1.5538 1.18386 1.17655 1.15415
threshold=0.011284612273676499 0.017909182059412661 0.016959118691791935 -0.015920747741414772 17.154999732971195 19.115000724792484 -0.00246927352160714
decision_type=2 2 2 2 2 2 2
left_child=1 2 3 -1 -3 -6 -5
right_child=-2 4 -4 6 5 -7 -8
leaf_value=-8.9858763050015757e-05 -0.0001985744687000086 1.2699866531296067e-05 0.00013755900960942371 -1.7448366045449278e-05 -0.00028701899850702093 -0.00010307657197771237 3.4145055701515895e-05
leaf_weight=27 38 57 51 153 27 57 339
leaf_count=27 38 57 51 153 27 57 339
internal_value=0.000700935 0.00123066 0.00236842 0.00149326 -0.00336879 -0.00714286 0.00213415
internal_weight=749 711 570 519 141 84 492
internal_count=749 711 570 519 141 84 492
is_linear=0
shrinkage=0.05


Tree=25
num_leaves=8
num_cat=0
split_feature=5 5 3 3 15 14 10
split_gain=1.46552 1.52453 1.77194 1.621 1.4915 1.37174 1.48035
threshold=0.017761478926604301 0.01728424032963188 0.0069801134995527434 0.0051100186340214968 0.0060233986676379034 -0.019478059273714762 -0.0066375286305050954
decision_type=2 2 2 2 2 2 2
left_child=1 2 3 5 -4 -1 -7
right_child=-2 -3 4 -5 -6 6 -8
leaf_value=3.5167740239553306e-05 -7.4618949881700121e-05 0.00018591508017016544 -0.0002377956200718707 0.00013376451281017247 -3.414927838165734e-05 8.8104544101053325e-05 -4.4274495118684994e-05
leaf_weight=153 173 26 27 41 34 74 229
leaf_count=153 173 26 27 41 34 74 229
internal_value=0.000429326 0.00162671 0.00107527 0.00206237 -0.00696721 0.00120614 -0.000742574
internal_weight=757 584 558 497 61 456 303
internal_count=757 584 558 497 61 456 303
is_linear=0
shrinkage=0.05


end of trees

feature_importances:
overnight_gap=24
parkinson_20=20
sector_ret_1d=18
dvol_z_20=14
atr_pct=12
dist_ma50=12
spy_ret_5d=11
vix_level=11
dist_ma20=10
spy_ret_20d=9
sector_ret_5d=9
dist_ma200=7
spy_ret_1d=7
ret_20d=6
vix_chg_1d=6
ret_5d=4
ret_1d=2

parameters:
[boosting: gbdt]
[objective: quantile]
[metric: quantile]
[tree_learner: serial]
[device_type: cpu]
[data_sample_strategy: bagging]
[data: ]
[valid: ]
[num_iterations: 80]
[learning_rate: 0.05]
[num_leaves: 8]
[num_threads: 1]
[seed: 0]
[deterministic: 0]
[force_col_wise: 1]
[force_row_wise: 0]
[histogram_pool_size: -1]
[max_depth: -1]
[min_data_in_leaf: 25]
[min_sum_hessian_in_leaf: 0.001]
[bagging_fraction: 0.9]
[pos_bagging_fraction: 1]
[neg_bagging_fraction: 1]
[bagging_freq: 1]
[bagging_seed: 3]
[bagging_by_query: 0]
[feature_fraction: 0.9]
[feature_fraction_bynode: 1]
[feature_fraction_seed: 2]
[extra_trees: 0]
[extra_seed: 6]
[early_stopping_round: 0]
[early_stopping_min_delta: 0]
[first_metric_only: 0]
[max_delta_step: 0]
[lambda_l1: 0]
[lambda_l2: 0]
[linear_lambda: 0]
[min_gain_to_split: 0]
[drop_rate: 0.1]
[max_drop: 50]
[skip_drop: 0.5]
[xgboost_dart_mode: 0]
[uniform_drop: 0]
[drop_seed: 4]
[top_rate: 0.2]
[other_rate: 0.1]
[min_data_per_group: 100]
[max_cat_threshold: 32]
[cat_l2: 10]
[cat_smooth: 10]
[max_cat_to_onehot: 4]
[top_k: 20]
[monotone_constraints: ]
[monotone_constraints_method: basic]
[monotone_penalty: 0]
[feature_contri: ]
[forcedsplits_filename: ]
[refit_decay_rate: 0.9]
[cegb_tradeoff: 1]
[cegb_penalty_split: 0]
[cegb_penalty_feature_lazy: ]
[cegb_penalty_feature_coupled: ]
[path_smooth: 0]
[interaction_constraints: ]
[verbosity: -1]
[saved_feature_importance_type: 0]
[use_quantized_grad: 0]
[num_grad_quant_bins: 4]
[quant_train_renew_leaf: 0]
[stochastic_rounding: 1]
[linear_tree: 0]
[max_bin: 255]
[max_bin_by_feature: ]
[min_data_in_bin: 3]
[bin_construct_sample_cnt: 200000]
[data_random_seed: 1]
[is_enable_sparse: 1]
[enable_bundle: 1]
[use_missing: 1]
[zero_as_missing: 0]
[feature_pre_filter: 1]
[pre_partition: 0]
[two_round: 0]
[header: 0]
[label_column: ]
[weight_column: ]
[group_column: ]
[ignore_column: ]
[categorical_feature: ]
[forcedbins_filename: ]
[precise_float_parser: 0]
[parser_config_file: ]
[objective_seed: 5]
[num_class: 1]
[is_unbalance: 0]
[scale_pos_weight: 1]
[sigmoid: 1]
[boost_from_average: 1]
[reg_sqrt: 0]
[alpha: 0.5]
[fair_c: 1]
[poisson_max_delta_step: 0.7]
[tweedie_variance_power: 1.5]
[lambdarank_truncation_level: 30]
[lambdarank_norm: 1]
[label_gain: ]
[lambdarank_position_bias_regularization: 0]
[eval_at: ]
[multi_error_top_k: 1]
[auc_mu_weights: ]
[num_machines: 1]
[local_listen_port: 12400]
[time_out: 120]
[machine_list_filename: ]
[machines: ]
[gpu_platform_id: -1]
[gpu_device_id: -1]
[gpu_device_id_list: ]
[gpu_use_dp: 0]
[num_gpu: 1]

end of parameters

pandas_categorical:[]
