tree
version=v4
num_class=1
num_tree_per_iteration=1
label_index=0
max_feature_idx=16
objective=quantile
feature_names=ret_1d ret_5d ret_20d overnight_gap atr_pct parkinson_20 dvol_z_20 dist_ma20 dist_ma50 dist_ma200 spy_ret_1d spy_ret_5d spy_ret_20d vix_level vix_chg_1d sector_ret_1d sector_ret_5d
feature_infos=[-0.13457502623294848:0.16293379276396736] [-0.30061479754080978:0.25863874345549731] [-0.44087456374461098:0.45541086663673114] [-0.14144123134328368:0.20997445893265221] [0.022459210850249562:0.092943356409398506] [0.014794740059979694:0.042029102783667338] [-2.0980732809168208:4.1455494550139207] [-0.29176392130710238:0.26051853977462192] [-0.36099725253454285:0.4311325257072014] [-0.2560303126448088:0.75331194749859209] [-0.058542947643003718:0.10501933612632941] [-0.11496158439845272:0.082843216242346029] [-0.12265592443394913:0.15756596870864792] [11.859999656677246:52.330001831054688] [-0.35753873962348437:0.74039073966007019] [-0.068244726543857936:0.13419383554022479] [-0.13586538461538455:0.11772560364971629]
tree_sizes=840 845 859 866 865 855 856 850 858 857 860 861 858 858 855 857 853 861 853 864 855 849 859 858 864 850 857 862 851 864 852 858 858 843 862 865 847 850 848 863 855 863 859 851 858 860 849 862 853 857 850 856 859 856

Tree=0
num_leaves=8
num_cat=0
split_feature=14 9 14 15 13 1 5
split_gain=2.42705 1.40914 2.77744 2.6635 1.84971 2.36272 2.29758
threshold=-0.098691693357393515 0.034780834666491962 0.0071322940265206034 -0.0008563982195248786 19.625000000000004 -0.032673495968534021 0.019872558758936367
decision_type=2 10 2 2 2 2 2
left_child=-1 -2 4 -4 5 -3 -7
right_child=1 2 3 -5 -6 6 -8
leaf_value=-0.013285474362783134 -0.013404309889301658 -0.01312837025616318 -0.013651221198961139 -0.013895602012053133 -0.014058028953149915 -0.013213374721817672 -0.013576277391985058
leaf_weight=40 308 29 99 54 25 60 135
leaf_count=40 308 29 99 54 25 60 135
internal_value=-0.0141719 -0.014847 -0.0167968 -0.0220987 -0.013539 -0.0120993 -0.0140796
internal_weight=750 710 402 153 249 224 195
internal_count=750 710 402 153 249 224 195
is_linear=0
shrinkage=1


Tree=1
num_leaves=8
num_cat=0
split_feature=7 14 7 12 13 9 9
split_gain=2.22006 1.53684 2.20129 2.06602 1.35578 1.3351 3.26554
threshold=0.10956952591312298 -0.02817624153510306 0.044060465592615235 0.029962761460985091 16.73499965667725 0.17050460473179055 0.29735898387403342
decision_type=2 2 2 2 2 10 10
left_child=1 2 -1 -4 -2 -3 -7
right_child=4 5 3 -5 -6 6 -8
leaf_value=4.7890910645946844e-05 -0.00042166856117546551 5.9974060859531186e-05 0.00034135296707972886 5.9329804498702276e-05 -2.5790650397521794e-08 -0.00050953882513567802 1.9943346269428758e-05
leaf_weight=139 26 291 39 37 25 59 118
leaf_count=139 26 291 39 37 25 59 118
internal_value=0.000749319 0.00150073 0.005 0.0118421 -0.00931373 -0.000106838 -0.00353107
internal_weight=734 683 215 76 51 468 177
internal_count=734 683 215 76 51 468 177
is_linear=0
shrinkage=0.05


Tree=2
num_leaves=8
num_cat=0
split_feature=9 6 14 0 16 7 5
split_gain=1.71491 1.95295 1.83928 2.12691 1.69128 1.58515 1.5415
threshold=0.034780834666491962 0.66501311487624204 0.01016731697942619 -0.0097210897661922906 0.0202901635765157 -0.00073158202637774161 0.019872558758936367
decision_type=10 2 2 2 2 2 2
left_child=1 -1 3 -2 -4 -3 -5
right_child=2 5 4 6 -6 -7 -8
leaf_value=0.00013332526164595043 0.00035805608355440194 -0.00049696743988897655 -0.00017139268119353794 0.00015114621468819675 -0.00038120847684331235 0.00014398916007485243 -0.00017624394071754073
leaf_weight=267 42 25 105 65 44 36 165
leaf_count=267 42 25 105 65 44 36 165
internal_value=3.33778e-05 0.0027439 -0.00207838 0.000367647 -0.00654362 -0.00532787 -0.00152174
internal_weight=749 328 421 272 149 61 230
internal_count=749 328 421 272 149 61 230
is_linear=0
shrinkage=0.05


Tree=3
num_leaves=8
num_cat=0
split_feature=14 0 11 11 4 9 14
split_gain=1.88265 1.62311 1.5675 1.69511 1.95225 2.17302 2.31481
threshold=-0.067583665573298909 0.032466857679305024 0.030023706466371539 -0.023324980459216712 0.041870023480451497 0.12474030615811173 -0.034475777702634207
decision_type=2 2 2 2 2 10 2
left_child=-1 2 3 -2 5 -5 -7
right_child=1 -3 -4 4 -6 6 -8
leaf_value=0.00012181901138974359 0.00039325620455783804 -0.00019144877481157892 0.00038511091076652522 9.9046424741391052e-05 -0.00034699498976697215 0.0002779446252214256 -0.00016624339121335655
leaf_weight=92 53 53 37 189 103 36 180
leaf_count=92 53 53 37 189 103 36 180
internal_value=0.000370121 -0.000576037 0.000167224 -0.000490196 -0.00137795 0.000185185 -0.00324074
internal_weight=743 651 598 561 508 405 216
internal_count=743 651 598 561 508 405 216
is_linear=0
shrinkage=0.05


Tree=4
num_leaves=8
num_cat=0
split_feature=15 1 0 15 14 5 15
split_gain=1.71272 1.932 1.7177 1.24148 1.21168 1.67498 2.27992
threshold=0.024685060632635428 -0.040396363894735159 -0.036539636010498082 -0.0044741134852914746 -0.069744182185856193 0.022479462051846345 -1.0000000180025095e-35
decision_type=2 2 2 2 2 2 2
left_child=1 2 -1 -4 -3 6 -6
right_child=-2 4 3 -5 5 -7 -8
leaf_value=-0.00020946888173944901 0.00029156333413615353 0.00011185874148563021 0.00048920063108584143 7.4729628254863181e-05 0.00015281971050950234 -0.00018187633607099995 -0.00012859121635352497
leaf_weight=34 25 52 41 54 131 219 190
leaf_count=34 25 52 41 54 131 219 190
internal_value=0.000134048 -0.000312067 0.00523256 0.00868421 -0.00152027 -0.00222222 7.78816e-05
internal_weight=746 721 129 95 592 540 321
internal_count=746 721 129 95 592 540 321
is_linear=0
shrinkage=0.05


Tree=5
num_leaves=8
num_cat=0
split_feature=15 11 4 11 15 12 10
split_gain=3.07091 1.38818 1.5493 2.33998 1.50711 1.23821 1.28561
threshold=0.024685060632635428 -0.023324980459216712 0.046502688629837356 0.00909053299113405 -0.012067276093674749 0.051846047128185087 0.0056625653487155656
decision_type=2 2 2 2 2 2 2
left_child=1 4 5 -4 -1 -3 -7
right_child=-2 2 3 -5 -6 6 -8
leaf_value=0.00048805794922606588 0.00040036647143101438 8.9204973224405425e-06 -0.00061545829929217876 1.0862183117977057e-05 -0.00014190372228229176 -3.0626697806539596e-05 -0.00033902880651566383
leaf_weight=29 28 485 52 37 26 54 26
leaf_count=29 28 485 52 37 26 54 26
internal_value=-0.000169607 -0.000811001 -0.0014526 -0.00758427 0.00681818 -0.000486726 -0.00625
internal_weight=737 709 654 89 55 565 80
internal_count=737 709 654 89 55 565 80
is_linear=0
shrinkage=0.05


Tree=6
num_leaves=8
num_cat=0
split_feature=14 6 11 13 9 4 3
split_gain=1.6384 1.88 1.61233 1.45873 1.36869 2.16434 2.03636
threshold=-0.02817624153510306 0.33241937784291259 -0.023324980459216712 12.925000190734865 0.17050460473179055 0.038219902218427443 -0.0091119738078142536
decision_type=2 2 2 2 10 2 2
left_child=1 -1 -2 -4 5 -5 -6
right_child=2 -3 3 4 6 -7 -8
leaf_value=0.00012754959486377046 0.00040364028393254179 -0.00014120885268978828 3.1505873117884752e-05 9.009562201073053e-05 3.1736767889194772e-05 -0.0001686840512020503 -0.00034895010929399941
leaf_weight=168 46 67 39 160 44 112 110
leaf_count=168 46 67 39 160 44 112 110
internal_value=0.000268097 0.0037234 -0.00132094 -0.0022043 -0.00305164 -0.000919118 -0.00681818
internal_weight=746 235 511 465 426 272 154
internal_count=746 235 511 465 426 272 154
is_linear=0
shrinkage=0.05


Tree=7
num_leaves=8
num_cat=0
split_feature=6 10 2 3 10 7 6
split_gain=1.83072 2.25111 2.23256 1.49979 3.14434 1.61313 2.5582
threshold=2.5580158266560891 0.0078861998307097076 0.1057925805354465 0.0077767222486583307 0.00048358737476139618 0.0020593780138828959 -0.85980807661423597
decision_type=2 2 2 2 2 2 2
left_child=1 3 -3 5 -5 -1 -7
right_child=-2 2 -4 4 -6 6 -8
leaf_value=-6.8996186291847862e-05 -0.00043715427860741853 0.00024249630252149093 -2.066529662169709e-05 0.00022597589916504863 -0.00039363592884831405 -0.00046198181752552008 0.00013880570044072916
leaf_weight=184 34 86 43 47 63 30 258
leaf_count=184 34 86 43 47 63 30 258
internal_value=0.00104027 0.00158228 0.00755814 0.000257732 -0.005 0.00148305 0.00381944
internal_weight=745 711 129 582 110 472 288
internal_count=745 711 129 582 110 472 288
is_linear=0
shrinkage=0.05


Tree=8
num_leaves=8
num_cat=0
split_feature=15 11 14 15 0 10 4
split_gain=1.8956 1.36221 1.22105 1.75192 1.54063 2.17076 1.57722
threshold=0.024685060632635428 -0.030384462612199011 -0.073802250117532039 0.0056076358807538593 0.007062333110967379 0.0078861998307097076 0.037825665053894376
decision_type=2 2 2 2 2 2 2
left_child=1 -1 -3 -4 -5 6 -6
right_child=-2 2 3 4 5 -7 -8
leaf_value=0.00039302391817772563 0.00033999685163267146 0.00010971883141371528 3.2014202361531525e-06 0.00015226694926883625 -0.00020073827194089846 8.7244423961989859e-07 -0.0005083157583280828
leaf_weight=28 29 59 463 45 60 54 26
leaf_count=28 29 59 463 45 60 54 26
internal_value=0.00039267 -0.000102041 -0.00053041 -0.00115741 -0.00527027 -0.00785714 -0.0127907
internal_weight=764 735 707 648 185 140 86
internal_count=764 735 707 648 185 140 86
is_linear=0
shrinkage=0.05


Tree=9
num_leaves=8
num_cat=0
split_feature=10 9 15 9 6 6 14
split_gain=1.62519 1.61811 1.47411 1.18608 0.924907 1.26211 1.60876
threshold=-0.0077272822899705487 0.36796046091285334 0.022128667412124051 0.097384637977132607 -0.8910134493490115 -0.64532692580420858 0.023814289245349455
decision_type=2 8 2 10 2 2 2
left_child=1 3 4 -1 -2 -6 -7
right_child=2 -3 -4 -5 5 6 -8
leaf_value=0.0004527753443996209 -0.00014744450601971061 0.00045414909701511512 0.00010385347297078174 -0.00032165836386734056 0.00025795764932655526 5.6447850960647708e-06 -0.00031289808785644742
leaf_weight=30 88 26 38 37 69 346 110
leaf_count=30 88 26 38 37 69 346 110
internal_value=0.000537634 0.00672043 -0.000345622 0.00261194 -0.00093801 -0.000142857 -0.00109649
internal_weight=744 93 651 67 613 525 456
internal_count=744 93 651 67 613 525 456
is_linear=0
shrinkage=0.05


Tree=10
num_leaves=8
num_cat=0
split_feature=5 10 14 12 1 5 12
split_gain=1.16128 2.96309 1.9231 2.69851 1.94171 1.85271 1.56498
threshold=0.024669743205439822 -0.0077272822899705487 0.0071322940265206034 0.0061046403867389696 0.052238977878204758 0.034706940574164034 0.0062346335449628984
decision_type=2 2 2 2 2 2 2
left_child=1 -1 -3 -4 -5 6 -2
right_child=5 2 3 4 -6 -7 -8
leaf_value=0.00031647133843082289 -0.00057133450341370141 9.4193372287453792e-05 0.00025811060850991578 -0.000120434916881528 -0.00038479561816220649 0.00024589461967945193 -3.5114880150794415e-06
leaf_weight=48 80 310 27 94 30 46 114
leaf_count=48 80 310 27 94 30 46 114
internal_value=0.000367156 0.00171906 0.000488069 -0.00413907 -0.00725806 -0.0025 -0.00463918
internal_weight=749 509 461 151 124 240 194
internal_count=749 509 461 151 124 240 194
is_linear=0
shrinkage=0.05


Tree=11
num_leaves=8
num_cat=0
split_feature=5 1 5 14 1 10 11
split_gain=1.46882 2.32589 1.81259 2.43367 2.07165 1.67314 1.49853
threshold=0.024781213323458708 0.079348050770418635 0.025354381861070804 -0.067583665573298909 0.062447395288098624 -0.010966438049946124 -0.023324980459216712
decision_type=2 2 2 2 2 2 2
left_child=1 5 -2 -4 6 -1 -5
right_child=2 -3 3 4 -6 -7 -8
leaf_value=0.00033174040568564081 -0.00041029168200049353 -0.00022439165714244685 0.0002039773017743868 0.00038320422548692004 0.00016481819593191428 7.4704838053618304e-05 -0.00034788100965916753
leaf_weight=35 29 62 35 28 40 412 106
leaf_count=35 29 62 35 28 40 412 106
internal_value=0.000301205 0.00181729 -0.00294118 -0.00131579 -0.00373563 0.00307606 -0.00671642
internal_weight=747 509 238 209 174 447 134
internal_count=747 509 238 209 174 447 134
is_linear=0
shrinkage=0.05


Tree=12
num_leaves=8
num_cat=0
split_feature=13 9 10 1 8 15 13
split_gain=1.70596 1.55581 1.64748 1.58756 1.35572 1.80686 1.65131
threshold=12.88000011444092 0.034780834666491962 0.010655373456526786 -0.032673495968534021 0.033533178672723436 -0.010642573007858201 15.944999694824221
decision_type=2 10 2 2 10 2 2
left_child=-1 -2 3 -3 6 -6 -5
right_child=1 2 -4 4 5 -7 -8
leaf_value=9.9655852360069387e-05 8.7199545397769444e-05 0.00013571043694337879 0.00020806533445975816 -6.5841991266111629e-05 0.00025449304062544415 -0.00016362335820070293 -0.00085090539491002753
leaf_weight=49 315 66 31 43 26 171 33
leaf_count=49 315 66 31 43 26 171 33
internal_value=0.000681199 3.64964e-05 -0.00216216 -0.00317109 -0.00485348 -0.00266497 -0.0105263
internal_weight=734 685 370 339 273 197 76
internal_count=734 685 370 339 273 197 76
is_linear=0
shrinkage=0.05


Tree=13
num_leaves=8
num_cat=0
split_feature=15 6 6 13 10 5 3
split_gain=2.18908 1.95059 1.40735 1.51173 1.82178 1.4387 1.43426
threshold=0.024685060632635428 -0.85980807661423597 -0.63978384763252472 12.925000190734865 -0.0077272822899705487 0.024669743205439822 0.0077767222486583307
decision_type=2 2 2 2 2 2 2
left_child=1 -1 -3 -4 5 -5 -6
right_child=-2 2 3 4 6 -7 -8
leaf_value=-0.00015139227021685204 0.00033040584422511585 0.00022919569453134963 9.4673059742065969e-05 0.00031664685775136686 -4.2382283442441927e-06 -0.00017077081743273873 -0.00025216811257860132
leaf_weight=93 28 79 51 46 306 36 106
leaf_count=93 28 79 51 46 306 36 106
internal_value=0.00057047 3.48675e-05 0.00104167 0.000137615 -0.000708502 0.00609756 -0.00206311
internal_weight=745 717 624 545 494 82 412
internal_count=745 717 624 545 494 82 412
is_linear=0
shrinkage=0.05


Tree=14
num_leaves=8
num_cat=0
split_feature=15 4 14 1 13 1 7
split_gain=1.64411 1.9725 1.55598 1.77333 1.70012 1.64103 1.46442
threshold=-0.017632447702730199 0.042330647943451497 -0.025685626403374347 -0.04685414600008269 12.88000011444092 -0.064465270570475283 -0.02453090809053354
decision_type=2 2 2 2 2 2 2
left_child=1 -1 6 5 -5 -4 -2
right_child=2 -3 3 4 -6 -7 -8
leaf_value=0.00023795990900916505 -0.00013969056764513319 -0.00014789450013710348 -0.00013496659563015309 1.5118042509632002e-05 -0.00017338912008072239 0.00046303478663654364 9.9273696833539381e-05
leaf_weight=30 53 28 27 39 327 25 190
leaf_count=30 53 28 27 39 327 25 190
internal_value=-0.000312935 0.00775862 -0.00102118 -0.00287081 -0.00409836 0.00576923 0.00216049
internal_weight=719 58 661 418 366 52 243
internal_count=719 58 661 418 366 52 243
is_linear=0
shrinkage=0.05


Tree=15
num_leaves=8
num_cat=0
split_feature=11 9 5 10 11 2 11
split_gain=1.22537 1.12363 1.48914 1.77844 1.68688 2.35744 1.79667
threshold=-0.030384462612199011 0.29735898387403342 0.02645256755319662 -0.001095493805140457 0.020793273633493151 0.030478746753052736 0.012360960719592808
decision_type=2 8 2 2 2 2 2
left_child=-1 -2 3 -3 5 -5 -7
right_child=1 2 -4 4 -6 6 -8
leaf_value=0.0003167320229208858 -6.1669674153767934e-05 0.00024748004579516677 -9.5131325931722361e-05 -0.00028354980928897716 0.00017550927651284855 0.0001434128567584461 -0.00033124439068399141
leaf_weight=30 375 96 63 32 39 75 33
leaf_count=30 375 96 63 32 39 75 33
internal_value=0.000100942 -0.000315568 0.00177515 0.00336364 0.000418994 -0.00214286 0.00138889
internal_weight=743 713 338 275 179 140 108
internal_count=743 713 338 275 179 140 108
is_linear=0
shrinkage=0.05


Tree=16
num_leaves=8
num_cat=0
split_feature=6 6 10 14 12 2 8
split_gain=1.66162 1.29325 1.26048 1.44428 2.30294 1.54714 1.52458
threshold=-0.85980807661423597 -0.55551999109318573 -0.0077272822899705487 0.010891009150098998 0.018681832940772639 -0.033836142287022135 0.06464467114443119
decision_type=2 2 2 2 2 2 10
left_child=-1 -2 -3 6 5 -5 -4
right_child=1 2 3 4 -6 -7 -8
leaf_value=-0.00011852854879842767 0.00018786765601347383 0.00010923915367391435 -5.0072334858683368e-05 -0.00041382053145287641 -0.00033703319191207492 0.00024857204880314384 0.0001091732043754669
leaf_weight=99 120 72 150 25 85 35 171
leaf_count=99 120 72 150 25 85 35 171
internal_value=0.000231176 0.00113982 9.29368e-05 -0.000858369 -0.005 0.0025 0.00101246
internal_weight=757 658 538 466 145 60 321
internal_count=757 658 538 466 145 60 321
is_linear=0
shrinkage=0.05


Tree=17
num_leaves=8
num_cat=0
split_feature=15 11 9 5 4 11 9
split_gain=1.31232 1.91233 1.59534 1.12354 1.43604 0.875494 1.36115
threshold=-0.014809976125540967 -0.022672230022230119 0.23145460213502181 0.017691723663632135 0.028979602902032314 0.0099206005901721923 0.40566295012267201
decision_type=2 2 8 2 2 2 10
left_child=1 -1 -3 -2 -5 6 -6
right_child=3 2 -4 4 5 -7 -8
leaf_value=0.00038733216617158826 0.00026056096821300853 -0.00028448439391446127 0.00019634240152955029 -0.00052338049624503621 -1.097357466269028e-05 4.6284495480845541e-05 -0.00021180526633828535
leaf_weight=26 26 38 25 30 314 256 31
leaf_count=26 26 38 25 30 314 256 31
internal_value=0.000201072 0.00589888 0.00119048 -0.000570776 -0.000990491 -0.000457571 -0.00210145
internal_weight=746 89 63 657 631 601 345
internal_count=746 89 63 657 631 601 345
is_linear=0
shrinkage=0.05


Tree=18
num_leaves=8
num_cat=0
split_feature=6 2 16 6 14 14 14
split_gain=1.55571 1.30521 1.3306 1.22332 1.44939 2.00321 1.42334
threshold=-0.85980807661423597 0.03365569206877362 -0.0024324811414697107 -0.39083778271157721 -0.031629138048926246 -0.0054293361358405115 0.013234785210327617
decision_type=2 2 2 2 2 2 2
left_child=1 2 -1 4 -2 -6 -7
right_child=3 -3 -4 -5 5 6 -8
leaf_value=-0.00032375542758736266 0.00017412147522692908 -0.0003629622568855592 0.00022644561499155617 -1.1163036954295933e-05 -0.0002102156625753094 0.00043147244076758261 5.596854422707377e-05
leaf_weight=29 67 35 35 431 52 32 72
leaf_count=29 67 35 35 431 52 32 72
internal_value=3.32005e-05 -0.00580808 -0.0015625 0.000917431 0.00392377 0.00128205 0.00528846
internal_weight=753 99 64 654 223 156 104
internal_count=753 99 64 654 223 156 104
is_linear=0
shrinkage=0.05


Tree=19
num_leaves=8
num_cat=0
split_feature=11 9 14 10 15 15 11
split_gain=0.894188 0.927005 2.0637 1.28521 1.29904 1.32221 1.2815
threshold=-0.03145344780031472 0.29735898387403342 -0.067583665573298909 -0.009254911904007011 -0.0082485035733346184 -0.0046018246223484818 0.030023706466371539
decision_type=2 8 2 2 2 2 2
left_child=-1 2 -2 -3 -5 -6 -4
right_child=1 3 6 4 5 -7 -8
leaf_value=0.00033109948567807806 0.00016541540146558268 0.00025596814159122694 -0.00013850811298454611 -0.0001605436429559866 0.00030035784362834173 8.7981344762611689e-06 0.00056593520822152796
leaf_weight=26 63 25 286 35 31 243 30
leaf_count=26 63 25 286 35 31 243 30
internal_value=0.000507442 0.000175316 -0.00151715 0.00209581 0.00121359 0.00237226 -0.00316456
internal_weight=739 713 379 334 309 274 316
internal_count=739 713 379 334 309 274 316
is_linear=0
shrinkage=0.05


Tree=20
num_leaves=8
num_cat=0
split_feature=5 5 12 13 16 16 1
split_gain=1.20322 1.67799 1.50294 1.67488 1.46162 1.59975 1.10436
threshold=0.034706940574164034 0.027006926690107319 0.0086975765073127338 14.614999771118166 0.05143129860293983 0.03825472993959967 -0.044733807154002429
decision_type=2 2 2 2 2 2 2
left_child=1 4 -3 -4 5 6 -1
right_child=-2 2 3 -5 -6 -7 -8
leaf_value=0.00013430343524488243 0.00028071867936969039 -0.00086264452978184402 -0.00022419749922776065 0.00016180554512172977 -0.00023798197291451659 0.000194616877686136 -1.2095653469447768e-05
leaf_weight=88 47 37 31 40 30 42 436
leaf_count=88 47 37 31 40 30 42 436
internal_value=0.000233023 -0.000284091 -0.00601852 -0.00176056 0.000755034 0.00132509 0.000572519
internal_weight=751 704 108 71 596 566 524
internal_count=751 704 108 71 596 566 524
is_linear=0
shrinkage=0.05


Tree=21
num_leaves=8
num_cat=0
split_feature=13 1 15 15 14 15 15
split_gain=1.39239 1.19522 1.62015 2.22341 1.12297 1.09988 1.07556
threshold=13.484999656677248 -0.043488809172940283 0.0047467379752027536 -0.0208073828102831 0.0091478412114857095 0.016455068728796322 0.0019018416823405329
decision_type=2 2 2 2 2 2 2
left_child=4 2 3 -2 6 -3 -1
right_child=1 5 -4 -5 -6 -7 -8
leaf_value=1.0114810826144248e-05 -0.00073824133307858852 -6.185896927426273e-05 -2.8287839652871729e-05 0.00035061431909361835 -7.0003722614215075e-05 9.849844585891094e-05 0.00023020194861561377
leaf_weight=30 25 467 27 61 29 64 45
leaf_count=30 25 467 27 61 29 64 45
internal_value=0.00040107 -0.000465839 0.00420354 0.00755814 0.00576923 -0.00145951 0.009
internal_weight=748 644 113 86 104 531 75
internal_count=748 644 113 86 104 531 75
is_linear=0
shrinkage=0.05


Tree=22
num_leaves=8
num_cat=0
split_feature=1 14 13 15 16 8 8
split_gain=1.23774 1.80932 1.6191 1.86889 1.39705 1.33094 1.17734
threshold=-0.044733807154002429 -0.03286597934359297 12.84500026702881 -0.012774894526448697 0.0024378973533676356 -0.11512151309101114 0.16835175317472309
decision_type=2 2 2 2 2 10 8
left_child=5 -2 -3 -4 -5 -1 -6
right_child=1 2 3 4 6 -7 -8
leaf_value=-0.00021142009867504646 7.0093073544693577e-05 3.6789272312900273e-05 8.5661397098195464e-05 -0.0003118097486819184 -1.2882053330720741e-05 0.00020100930014667511 -0.00035447894028608801
leaf_weight=29 193 37 69 116 182 83 33
leaf_count=29 193 37 69 116 182 83 33
internal_value=6.73854e-05 -0.000793651 -0.00257437 -0.0035 -0.00506042 0.00491071 -0.00267442
internal_weight=742 630 437 400 331 112 215
internal_count=742 630 437 400 331 112 215
is_linear=0
shrinkage=0.05


Tree=23
num_leaves=8
num_cat=0
split_feature=6 15 15 14 5 11 11
split_gain=1.57503 1.57338 2.78327 1.1499 0.949211 1.87299 2.08547
threshold=2.84947463395206 -0.025970961947483325 -0.017632447702730199 -0.02817624153510306 0.020738718156550002 -0.0025546673887277822 0.0060643551052425035
decision_type=2 2 2 2 2 2 2
left_child=1 -1 -3 4 -4 -6 -7
right_child=-2 2 3 -5 5 6 -8
leaf_value=-0.00087419034683385369 -0.0004219823921338819 0.00028600855744903878 0.00022710403925086631 -1.1572642054884143e-05 0.00014148201445247124 -0.00029885032307467587 5.2495295436728878e-05
leaf_weight=25 33 39 68 429 47 27 83
leaf_count=25 33 39 68 429 47 27 83
internal_value=0.000832224 0.00132312 0.00176768 0.000993884 0.00388889 0.00175159 -0.00181818
internal_weight=751 718 693 654 225 157 110
internal_count=751 718 693 654 225 157 110
is_linear=0
shrinkage=0.05


Tree=24
num_leaves=8
num_cat=0
split_feature=8 8 14 14 16 4 11
split_gain=1.32855 1.08259 1.51829 2.25766 1.43429 2.22392 1.8227
threshold=0.21782612083820577 0.16959333013831415 -0.067583665573298909 -0.056340529311790281 0.037841469375998978 0.041870023480451497 -0.018044507294420583
decision_type=10 10 2 2 2 2 2
left_child=1 2 -1 -4 5 6 -5
right_child=-2 -3 3 4 -6 -7 -8
leaf_value=0.00012760502073101525 7.5847929504039866e-05 -0.00016121655938284107 -0.0004584644332319423 0.00033672151065375773 0.00022814190561220779 -0.00027653239078391615 5.5347994810976519e-06
leaf_weight=83 26 57 25 35 72 117 334
leaf_count=83 26 57 25 35 72 117 334
internal_value=0.000433912 3.45781e-05 0.000600601 -0.000300172 0.000358423 -0.000617284 0.00128726
internal_weight=749 723 666 583 558 486 369
internal_count=749 723 666 583 558 486 369
is_linear=0
shrinkage=0.05


Tree=25
num_leaves=8
num_cat=0
split_feature=6 2 10 15 14 13 6
split_gain=1.39112 1.36596 1.93964 1.78023 1.70495 2.29729 1.63941
threshold=-0.85980807661423597 0.12499679171946688 0.0057642081998183778 0.014531985703019059 0.013234785210327617 17.090000152587894 0.86789675413807432
decision_type=2 2 2 2 2 2 2
left_child=-1 6 4 -4 -3 -6 -2
right_child=1 2 3 -5 5 -7 -8
leaf_value=-0.0001051371997245019 4.0438176116940843e-05 0.00019642091400817768 -0.00041370105098260425 6.7227233449923711e-05 -0.00021728376466778195 0.00012759194622658532 -0.00012903949185328394
leaf_weight=101 382 74 29 25 31 28 87
leaf_count=101 382 74 29 25 31 28 87
internal_value=0.000759577 0.00160061 0.0052139 -0.00277778 0.00845865 0.00211864 0.000159915
internal_weight=757 656 187 54 133 59 469
internal_count=757 656 187 54 133 59 469
is_linear=0
shrinkage=0.05


Tree=26
num_leaves=8
num_cat=0
split_feature=9 14 6 5 6 10 1
split_gain=1.13819 1.65681 1.46465 1.59482 1.6856 1.96962 1.5003
threshold=-0.18095889080560859 0.0071322940265206034 -0.77296654317089353 0.019872558758936367 0.16920241995208415 0.0018426326691356467 -0.0026611196496768015
decision_type=10 2 2 2 2 2 2
left_child=-1 2 6 -4 -5 -6 -2
right_child=1 -3 3 4 5 -7 -8
leaf_value=5.7392924282828783e-05 9.385786053778367e-05 -0.00013297263314817395 0.00029464446702790452 9.3797033032932452e-05 0.00019945468343196099 -0.00040813540071006177 -0.00033768705338086254
leaf_weight=178 32 220 60 135 25 59 28
leaf_count=178 32 220 60 135 25 59 28
internal_value=0.000169607 -0.000939177 0.00125369 0.00277778 0.000799087 -0.0047619 -0.00583333
internal_weight=737 559 339 279 219 84 60
internal_count=737 559 339 279 219 84 60
is_linear=0
shrinkage=0.05


Tree=27
num_leaves=8
num_cat=0
split_feature=15 15 14 4 13 1 16
split_gain=1.22204 1.63737 0.974671 1.70332 1.54977 1.64501 1.61921
threshold=-0.025970961947483325 -0.017632447702730199 -0.025685626403374347 0.030759389471714822 12.88000011444092 -0.042441617729635832 -0.019680665009762673
decision_type=2 2 2 2 2 2 2
left_child=-1 -2 3 -3 -4 -6 -7
right_child=1 2 4 -5 5 6 -8
leaf_value=-0.00080874865152579076 0.00025445972819465411 -0.00033050160161926414 3.845829042355212e-05 8.9231054727836236e-05 0.0001046270689532414 -0.00054470661035760446 -5.1415647637666384e-05
leaf_weight=26 40 25 33 220 61 28 316
leaf_count=26 40 25 33 220 61 28 316
internal_value=0.00103471 0.0014177 0.000841874 0.00336735 -0.000570776 -0.00141975 -0.00276163
internal_weight=749 723 683 245 438 405 344
internal_count=749 723 683 245 438 405 344
is_linear=0
shrinkage=0.05


Tree=28
num_leaves=8
num_cat=0
split_feature=6 16 10 6 0 3 15
split_gain=1.11237 1.21877 2.20009 1.12352 1.25641 1.15067 0.934816
threshold=-0.85980807661423597 -0.0024324811414697107 0.0011106399623194154 2.9819378230269793 -0.035077637922798159 -0.019139242523356578 0.015977030689453778
decision_type=2 2 2 2 2 2 2
left_child=1 -1 -3 4 -2 -6 -7
right_child=3 2 -4 -5 5 6 -8
leaf_value=-0.00049388816042266913 -0.00030066318648946667 -0.00010817533356046804 0.00027894818659923276 -0.00019720016239510083 0.0003287529386240585 2.1334143327321998e-05 7.9838707769618348e-05
leaf_weight=44 49 30 26 27 31 483 74
leaf_count=44 49 30 26 27 31 483 74
internal_value=0.00091623 -0.004 0.000892857 0.00165663 0.00208006 0.00272109 0.00219928
internal_weight=764 100 56 664 637 588 557
internal_count=764 100 56 664 637 588 557
is_linear=0
shrinkage=0.05


Tree=29
num_leaves=8
num_cat=0
split_feature=15 15 7 4 2 1 11
split_gain=1.02633 1.95127 0.686075 1.7477 0.942436 1.30255 0.858853
threshold=-0.025970961947483325 -0.017632447702730199 -0.057760737818001055 0.047539100231519506 -0.051687338747735116 -0.00032334795467864325 -0.020171836765592806
decision_type=2 2 2 2 2 2 2
left_child=-1 -2 3 -3 5 -4 -6
right_child=1 2 4 -5 6 -7 -8
leaf_value=-0.00077501794321937361 0.00030607621355182869 0.00019501267145444743 4.0900632575487615e-05 -0.00015790225205120393 -0.00020784812941681294 -0.00046929157871677789 2.3032816506879123e-05
leaf_weight=25 39 26 46 27 33 40 496
leaf_count=25 39 26 46 27 33 40 496
internal_value=0.000956284 0.00130835 0.000673653 0.00613208 0.000203252 -0.00465116 0.000992439
internal_weight=732 707 668 53 615 86 529
internal_count=732 707 668 53 615 86 529
is_linear=0
shrinkage=0.05


Tree=30
num_leaves=8
num_cat=0
split_feature=6 9 14 0 13 15 6
split_gain=1.30632 1.20682 1.78351 2.52366 1.69551 1.63324 1.86458
threshold=2.9819378230269793 0.034780834666491962 0.01016731697942619 0.013755217826186052 18.94999980926514 0.0039369828919734182 -0.2972504357663775
decision_type=2 10 2 2 2 2 2
left_child=1 -1 3 5 -5 6 -3
right_child=-2 2 -4 4 -6 -7 -8
leaf_value=4.1682414244598569e-05 -0.00018849179510068966 -0.00021043203809387387 -0.00017402504811186558 -4.9178504027420396e-05 -0.00063134177255352159 0.00024522554740190626 0.00030882328344374808
leaf_weight=316 27 57 140 78 26 59 35
leaf_count=316 27 57 140 78 26 59 35
internal_value=0.000609756 0.00101969 -0.000822785 0.00166667 -0.00432692 0.0057947 0.00163043
internal_weight=738 711 395 255 104 151 92
internal_count=738 711 395 255 104 151 92
is_linear=0
shrinkage=0.05


Tree=31
num_leaves=8
num_cat=0
split_feature=13 9 6 10 3 3 3
split_gain=1.2626 1.51658 1.41734 2.53502 1.6443 1.9466 1.51305
threshold=12.804999828338625 0.036069407606792898 -0.39083778271157721 -0.0055859659212495463 0.010939663507559929 0.005056679850233837 -0.0053287136102069246
decision_type=2 10 2 2 2 2 2
left_child=-1 2 4 -4 5 6 -2
right_child=1 -3 3 -5 -6 -7 -8
leaf_value=6.3428161070205272e-05 -0.00010178483709621552 -4.1011670735984418e-05 0.00018029394523250299 -8.4219353190592971e-05 0.00026528180932799391 -0.00031362328458737733 0.00029269034896485524
leaf_weight=43 33 362 43 136 26 25 70
leaf_count=43 33 362 43 136 26 25 70
internal_value=0.000406504 -0.000107914 0.00232733 -0.000698324 0.00584416 0.00351563 0.0065534
internal_weight=738 695 333 179 154 128 103
internal_count=738 695 333 179 154 128 103
is_linear=0
shrinkage=0.05


Tree=32
num_leaves=8
num_cat=0
split_feature=13 10 6 6 3 8 9
split_gain=1.60384 1.38214 1.06849 1.02989 1.02819 2.81319 1.2799
threshold=12.804999828338625 0.011197941469223484 2.9133126700401459 0.084010659951961705 -0.01046471655206732 -0.084667661916414824 1.0000000180025095e-35
decision_type=2 2 2 2 2 10 10
left_child=-1 2 4 -3 5 -2 -6
right_child=1 3 -4 -5 6 -7 -8
leaf_value=0.00013593315017336609 -0.00051670450370093599 0.00025622704499830818 -0.00039731664451437887 -2.0790273216402325e-05 3.6621451118417152e-05 0.00015427654494840819 -8.9676828822798059e-05
leaf_weight=47 25 30 28 28 213 83 297
leaf_count=47 25 30 28 28 213 83 297
internal_value=9.98668e-05 -0.000497159 -0.00116099 0.00689655 -0.000728155 0.0037037 -0.00166667
internal_weight=751 704 646 58 618 108 510
internal_count=751 704 646 58 618 108 510
is_linear=0
shrinkage=0.05


Tree=33
num_leaves=8
num_cat=0
split_feature=8 9 1 5 8 5 12
split_gain=1.18324 1.161 1.40843 2.25757 1.97819 1.19828 1.67171
threshold=0.1977528735937292 0.034780834666491962 -0.023506592637103359 0.022017084211307856 0.062480084894902983 0.024298385048020874 0.014776412045584443
decision_type=10 10 2 2 10 2 2
left_child=1 -1 4 -4 -3 -5 -7
right_child=-2 2 3 5 -6 6 -8
leaf_value=3.7679112821626922e-05 4.3521187164382007e-05 -1.652845307849489e-05 -5.2620825818874841e-06 -0.00066505042326561064 0.00029991654424949991 -0.00051758346390386883 1.0367478230329744e-05
leaf_weight=328 44 66 179 26 25 38 42
leaf_count=328 44 66 179 26 25 38 42
internal_value=0 -0.000497159 -0.00239362 -0.00412281 0.00302198 -0.00990566 -0.006875
internal_weight=748 704 376 285 91 106 80
internal_count=748 704 376 285 91 106 80
is_linear=0
shrinkage=0.05


Tree=34
num_leaves=8
num_cat=0
split_feature=11 8 2 3 11 3 11
split_gain=1.58194 1.38508 0.903684 1.27987 2.04789 1.64584 1.59147
threshold=-0.03145344780031472 0.21782612083820577 -0.051687338747735116 -0.01046471655206732 -0.011693730673341061 0.0027146925884131705 0.0013310073142193126
decision_type=2 10 2 2 2 2 2
left_child=-1 2 -2 6 5 -5 -4
right_child=1 -3 3 4 -6 -7 -8
leaf_value=0.00030454504107782943 -7.0032117948928141e-05 6.2844585494112011e-05 0.00027536456565550752 -0.00064583673363619162 1.9647909225767833e-05 -8.7565793712211789e-06 -4.3474560803601417e-05
leaf_weight=25 135 26 50 28 425 29 31
leaf_count=25 135 26 50 28 425 29 31
internal_value=0.000634179 0.000207182 -0.0002149 0.000666075 -0.000311203 -0.00921053 0.00648148
internal_weight=749 724 698 563 482 57 81
internal_count=749 724 698 563 482 57 81
is_linear=0
shrinkage=0.05


Tree=35
num_leaves=8
num_cat=0
split_feature=10 0 10 13 8 9 12
split_gain=1.01458 1.7788 1.4575 1.38211 0.983848 1.90145 1.90542
threshold=-0.0060493286934151782 -0.013955874789122745 -0.0048383307689184299 18.510000228881839 0.050124478869979956 0.12474030615811173 0.025891227529327935
decision_type=2 2 2 2 8 8 2
left_child=1 3 -2 -1 5 6 -4
right_child=2 -3 4 -5 -6 -7 -8
leaf_value=-0.00035991694206757212 -0.00032123076964466672 0.00027718467982097348 8.6105586170347548e-05 4.2340531198125374e-05 2.4846057129760543e-05 -0.00011571678343568564 -0.00031985419058345787
leaf_weight=35 35 46 111 48 335 118 25
leaf_count=35 35 46 111 48 335 118 25
internal_value=3.32005e-05 0.00406977 -0.000801282 -0.000301205 -0.000212224 -0.00255906 0.00147059
internal_weight=753 129 624 83 589 254 136
internal_count=753 129 624 83 589 254 136
is_linear=0
shrinkage=0.05


Tree=36
num_leaves=8
num_cat=0
split_feature=10 5 6 14 8 8 9
split_gain=2.07474 3.77435 1.31414 1.54485 1.35167 1.75349 1.31271
threshold=-0.0077272822899705487 0.024669743205439822 2.84947463395206 -0.02817624153510306 0.0099452773474252316 0.099667426966628794 0.12098903370573423
decision_type=2 2 2 2 8 8 8
left_child=1 -1 3 4 6 -6 -2
right_child=2 -3 -4 -5 5 -7 -8
leaf_value=0.00024082514261953593 8.2453874047895562e-05 -0.00016635240039133059 -0.00040621313373003529 -1.3630187867056006e-05 0.00020096007456670321 1.2895636176914541e-05 -0.00059412466958802589
leaf_weight=46 50 49 29 399 57 87 33
leaf_count=46 50 49 29 399 57 87 33
internal_value=0.0002 0.00710526 -0.000801527 -0.000319489 0.00297357 0.00590278 -0.00210843
internal_weight=750 95 655 626 227 144 83
internal_count=750 95 655 626 227 144 83
is_linear=0
shrinkage=0.05


Tree=37
num_leaves=8
num_cat=0
split_feature=14 9 10 13 14 3 11
split_gain=0.915267 2.1029 1.74292 1.47478 1.5202 1.39708 1.28
threshold=0.01016731697942619 0.034780834666491962 -0.0034865446870830925 13.484999656677248 0.003286853869637119 -0.010938609785832441 0.0069117113136190076
decision_type=2 10 2 2 2 2 2
left_child=3 2 -2 -1 -5 -3 -4
right_child=1 5 6 4 -6 -7 -8
leaf_value=0.00012510715626686932 9.804332010564625e-05 0.00010254270869217032 -0.0004588251936609331 -6.9203786043473688e-06 0.00014224828854795553 -0.00030158994536388315 7.8192395048162436e-05
leaf_weight=83 85 39 25 362 29 110 25
leaf_count=83 85 39 25 362 29 110 25
internal_value=0.000131926 -0.00211268 0.00240741 0.00147679 0.000191816 -0.00620805 -0.005
internal_weight=758 284 135 474 391 149 50
internal_count=758 284 135 474 391 149 50
is_linear=0
shrinkage=0.05


Tree=38
num_leaves=8
num_cat=0
split_feature=14 14 0 15 1 3 9
split_gain=1.00267 1.63156 1.21284 1.65807 1.06693 1.60359 1.56519
threshold=-0.067583665573298909 -0.056925165822572281 0.032880430309520821 0.014861054805156317 -0.048310603367482045 -0.0068273834129661806 0.22146266030151743
decision_type=2 2 2 2 2 2 8
left_child=2 -2 3 -1 -3 6 -6
right_child=1 4 -4 -5 5 -7 -8
leaf_value=0.00018364570233372747 -0.00040915496068434317 0.00010168454036045424 0.00018415135851733086 -6.9037656736888799e-05 -0.00010817894281425801 -8.4216262421421204e-06 0.00021727783538791616
leaf_weight=37 27 90 25 26 43 422 78
leaf_count=37 27 90 25 26 43 422 78
internal_value=0.000668449 0 0.00568182 0.00198413 0.000513428 -0.000322284 0.00475207
internal_weight=748 660 88 63 633 543 121
internal_count=748 660 88 63 633 543 121
is_linear=0
shrinkage=0.05


Tree=39
num_leaves=8
num_cat=0
split_feature=8 5 5 12 12 10 15
split_gain=1.11002 1.04669 1.8259 1.62998 1.46236 1.33775 3.4055
threshold=0.23150343044997748 0.024781213323458708 0.034706940574164034 0.0062346335449628984 -0.024923453703148576 0.0078861998307097076 0.005034085171665926
decision_type=10 2 2 2 2 2 2
left_child=1 4 3 -3 -1 6 -6
right_child=-2 2 -4 -5 5 -7 -8
leaf_value=0.00019579929881167609 5.9050578249451698e-05 -0.00043960907997724264 0.00024857065086661195 -5.5481626746071299e-06 5.5327638169477313e-05 0.00018876366261940904 -0.00023449586513188761
leaf_weight=39 25 78 50 105 285 63 92
leaf_count=39 25 78 50 105 285 63 92
internal_value=0.000644505 0.000280899 -0.00246781 -0.00478142 0.00161795 0.000795455 -0.000331565
internal_weight=737 712 233 183 479 440 377
internal_count=737 712 233 183 479 440 377
is_linear=0
shrinkage=0.05


Tree=40
num_leaves=8
num_cat=0
split_feature=14 5 1 7 7 13 15
split_gain=1.22411 1.72199 1.43982 1.64135 1.72802 1.2333 1.14646
threshold=-0.067583665573298909 0.02645256755319662 -0.044733807154002429 0.0020593780138828959 -0.016543534058609862 16.644999504089359 0.014389455614953863
decision_type=2 2 2 2 2 2 2
left_child=-1 2 -2 4 5 -4 -5
right_child=1 -3 3 6 -6 -7 -8
leaf_value=5.9243030385924566e-05 0.00016346377761645818 -0.0001763040357380814 6.4376607346644001e-05 1.025157270191958e-05 -0.00047520479650783941 -0.00030325205515141333 0.00023519115636545831
leaf_weight=91 74 153 51 289 34 29 29
leaf_count=91 74 153 51 289 34 29 29
internal_value=0.000333333 -0.000417299 0.000988142 -0.000115741 -0.00526316 -0.00125 0.00172956
internal_weight=750 659 506 432 114 80 318
internal_count=750 659 506 432 114 80 318
is_linear=0
shrinkage=0.05


Tree=41
num_leaves=8
num_cat=0
split_feature=8 12 11 4 7 0 9
split_gain=1.55695 0.791163 1.03155 1.44048 1.71429 0.981558 1.30487
threshold=0.23150343044997748 -0.05023266322533259 -0.011693730673341061 0.044895210203142973 -0.019762639418789748 0.0087543388502326919 0.032359700759691197
decision_type=10 2 2 2 2 2 8
left_child=1 -1 3 4 -3 -4 -7
right_child=-2 2 5 -5 -6 6 -8
leaf_value=0.0002604484567342215 6.9291543901322999e-05 0.00028631322779956465 2.8402365917919693e-05 -0.00045449123794245611 -0.00017636378313463987 0.00010334895941463922 -6.5249622025315151e-05
leaf_weight=37 25 42 338 28 42 49 191
leaf_count=37 25 42 338 28 42 49 191
internal_value=0.000731383 0.000309491 -7.24638e-05 -0.00446429 -0.00119048 0.000778547 -0.00166667
internal_weight=752 727 690 112 84 578 240
internal_count=752 727 690 112 84 578 240
is_linear=0
shrinkage=0.05


Tree=42
num_leaves=8
num_cat=0
split_feature=11 16 7 4 13 14 8
split_gain=1.25912 1.11191 1.3674 1.13176 2.93429 1.05376 1.11963
threshold=-0.03145344780031472 -0.023313447026161668 -0.050382568135632903 0.030184649393696372 13.659999847412111 -0.073802250117532039 0.077102426142855354
decision_type=2 2 2 2 2 2 10
left_child=-1 -2 -3 4 -4 -5 -7
right_child=1 2 3 5 -6 6 -8
leaf_value=0.00024742603389751042 -0.00023820226115053291 0.0002359002254092772 2.7239794145817159e-05 0.00010129629561306193 -0.0006272532166696522 -3.9261467723518149e-05 2.4625534822007945e-05
leaf_weight=25 88 41 31 51 43 233 241
leaf_count=25 88 41 31 51 43 233 241
internal_value=-3.32005e-05 -0.000412088 0.0003125 -0.000292154 -0.00608108 0.00052381 -0.00021097
internal_weight=753 728 640 599 74 525 474
internal_count=753 728 640 599 74 525 474
is_linear=0
shrinkage=0.05


Tree=43
num_leaves=8
num_cat=0
split_feature=6 2 3 3 6 6 0
split_gain=1.20858 2.49544 1.83595 1.19353 1.61855 1.20164 1.35141
threshold=0.46904800701142518 0.050781983684734529 0.00074762280475582099 0.011743259761756832 -0.23972977218129757 -0.85980807661423597 -0.024000985870380184
decision_type=2 2 2 2 2 2 2
left_child=3 -2 -3 5 -5 -1 -7
right_child=1 2 -4 4 -6 6 -8
leaf_value=-9.2410713029427891e-05 -0.00023013026192094454 6.4595689965156475e-05 -6.5778674883576913e-05 0.00026330509881657089 -0.00010068225833692155 -0.00018639511770897956 4.9397282588911108e-05
leaf_weight=86 74 45 51 41 26 54 369
leaf_count=86 74 45 51 41 26 54 369
internal_value=0.000469169 -0.00323529 0.00208333 0.0015625 0.00783582 0.000736739 0.00183215
internal_weight=746 170 96 576 67 509 423
internal_count=746 170 96 576 67 509 423
is_linear=0
shrinkage=0.05


Tree=44
num_leaves=8
num_cat=0
split_feature=1 15 13 15 10 0 0
split_gain=1.00755 1.14335 1.17825 1.11878 2.00238 0.823459 0.736207
threshold=-0.044733807154002429 0.017485060154424418 12.804999828338625 -0.010798225960708672 0.0027897371119552932 0.036262227643464325 -0.033431424433650041
decision_type=2 2 2 2 2 2 2
left_child=3 2 -2 -1 -5 -3 -4
right_child=1 5 6 4 -6 -7 -8
leaf_value=-4.9418590916862263e-05 6.3019228186560495e-05 1.4547124665368348e-05 0.00010413741147189109 0.00034590898238705172 -3.7084463247708632e-05 0.00010268325431406507 -2.6152247725656689e-05
leaf_weight=41 46 38 31 42 28 25 489
leaf_count=41 46 38 31 42 28 25 489
internal_value=0.000337838 -0.000437202 -0.00114841 0.00472973 0.00857143 0.00595238 -0.00182692
internal_weight=740 629 566 111 70 63 520
internal_count=740 629 566 111 70 63 520
is_linear=0
shrinkage=0.05


Tree=45
num_leaves=8
num_cat=0
split_feature=15 13 1 14 0 0 15
split_gain=1.50953 1.12476 1.16891 1.77275 1.57883 1.62277 1.49678
threshold=-0.017632447702730199 12.804999828338625 -0.044733807154002429 -0.031629138048926246 0.036262227643464325 0.0095938501504007085 0.0047467379752027536
decision_type=2 2 2 2 2 2 2
left_child=-1 -2 6 4 5 -4 -3
right_child=1 2 3 -5 -6 -7 -8
leaf_value=0.00012927135309871856 0.00011656609839797942 0.00019472629049126482 0.00012325224058212073 -6.2166628793552424e-05 0.00015742432382966716 -8.7420544604266577e-05 -7.7045395611542689e-05
leaf_weight=63 47 61 62 364 26 95 28
leaf_count=63 47 61 62 364 26 95 28
internal_value=0.000134048 -0.000549048 -0.00110063 -0.00196527 0.00204918 0.000159236 0.00421348
internal_weight=746 683 636 547 183 157 89
internal_count=746 683 636 547 183 157 89
is_linear=0
shrinkage=0.05


Tree=46
num_leaves=8
num_cat=0
split_feature=12 4 5 8 1 9 16
split_gain=1.13852 1.16546 1.6499 1.0366 1.40865 1.76627 1.0617
threshold=-0.031709491768756808 0.037825665053894376 0.034706940574164034 -0.1085219387014885 -0.044733807154002429 0.15449366587661853 -0.002971281665617886
decision_type=2 2 2 8 2 8 2
left_child=1 -1 -3 -2 5 -5 -6
right_child=3 2 -4 4 6 -7 -8
leaf_value=0.0002946115067547925 -0.00026823598595834911 -0.00018934288191678212 0.00035408111541445427 0.00030023632962452034 -2.7238374182880257e-05 2.1247749017594754e-06 1.178401069867681e-05
leaf_weight=25 41 33 26 29 149 45 400
leaf_count=25 41 33 26 29 149 45 400
internal_value=0.000467914 0.00595238 0.00211864 -0.000225904 0.000280899 0.00675676 -0.000591985
internal_weight=748 84 59 664 623 74 549
internal_count=748 84 59 664 623 74 549
is_linear=0
shrinkage=0.05


Tree=47
num_leaves=8
num_cat=0
split_feature=8 5 4 9 16 11 6
split_gain=1.21756 0.943974 2.27945 1.67156 1.58432 1.64432 1.34261
threshold=0.21782612083820577 0.021838747315984623 0.033033727708772692 0.16506127710024679 0.0012731678001297599 0.016536757711404618 -0.47057330858314711
decision_type=10 2 2 10 2 2 2
left_child=1 3 -3 -1 -5 6 -6
right_child=-2 2 -4 4 5 -7 -8
leaf_value=0.00010095481679339636 4.4610083645734573e-05 -0.00027557564010066373 -7.2911674605489255e-06 -0.00016636143779536665 -8.1179249404633735e-05 -7.9464783459575532e-05 0.00034146161744485397
leaf_weight=181 27 25 334 52 35 42 43
leaf_count=181 27 25 334 52 35 42 43
internal_value=-0.000236806 -0.000632022 -0.00243733 0.00120397 -0.00232558 0.000833333 0.00512821
internal_weight=739 712 359 353 172 120 78
internal_count=739 712 359 353 172 120 78
is_linear=0
shrinkage=0.05


Tree=48
num_leaves=8
num_cat=0
split_feature=9 14 5 8 7 3 3
split_gain=1.12549 1.95423 1.82442 1.99959 1.52853 1.69231 1.67309
threshold=0.034780834666491962 0.01016731697942619 0.034706940574164034 -0.12092565512434232 0.024827521554401159 0.01103886914104857 0.0033990270219791401
decision_type=10 2 2 8 2 2 2
left_child=2 -2 3 -1 5 -5 -6
right_child=1 -3 -4 4 6 -7 -8
leaf_value=-0.00042344918681841827 5.2811409264824985e-06 -0.00018076269691053791 0.0002187567096126929 2.2405149213898351e-05 9.520870889241371e-05 0.00028181203515507302 -0.00024644145176923717
leaf_weight=27 269 151 25 117 73 26 52
leaf_count=27 269 151 25 117 73 26 52
internal_value=-0.000202703 -0.00190476 0.00203125 0.000932203 0.00223881 0.00576923 -0.0018
internal_weight=740 420 320 295 268 143 125
internal_count=740 420 320 295 268 143 125
is_linear=0
shrinkage=0.05


Tree=49
num_leaves=8
num_cat=0
split_feature=9 6 10 9 9 9 0
split_gain=1.05517 1.4985 1.86695 1.55571 1.20542 1.31133 1.2675
threshold=0.034780834666491962 -0.40664295134534306 -0.0080075865289204722 -0.053547864541964578 0.20849783884285802 0.16506127710024679 0.020228264940900579
decision_type=10 2 2 8 10 10 2
left_child=1 3 -3 -1 5 6 -2
right_child=4 2 -4 -5 -6 -7 -8
leaf_value=-1.5761178423250902e-05 1.2993237412695786e-05 0.00034198287280306914 -3.4009089849526337e-05 0.00025615282170871702 3.7757374494922294e-06 -0.00049015680249958854 -0.00039683074935454069
leaf_weight=50 93 26 152 90 257 38 27
leaf_count=50 93 26 152 90 257 38 27
internal_value=3.41064e-05 0.00220126 -0.000842697 0.00607143 -0.00162651 -0.00506329 -0.0025
internal_weight=733 318 178 140 415 158 120
internal_count=733 318 178 140 415 158 120
is_linear=0
shrinkage=0.05


Tree=50
num_leaves=8
num_cat=0
split_feature=13 6 9 6 9 7 3
split_gain=1.49981 1.5465 2.25183 1.56253 2.62984 1.80053 1.45512
threshold=13.484999656677248 -0.24544402586917005 0.3387798123615115 -0.85980807661423597 0.24015943840219936 -0.010818279092171422 0.0018241513358728814
decision_type=2 2 10 2 10 2 2
left_child=-1 2 3 5 6 -2 -5
right_child=1 -3 -4 4 -6 -7 -8
leaf_value=2.321944528323808e-05 7.0854945861297634e-05 -5.1523971135269621e-05 -0.0002420809616849924 -1.6481649971396414e-05 0.00050349499740206789 -0.00042411621048193162 0.00026854065805469732
leaf_weight=104 46 306 32 96 28 43 85
leaf_count=104 46 306 32 96 28 43 85
internal_value=0.000202703 -0.000707547 0.00166667 0.00302013 0.00538278 -0.00252809 0.0031768
internal_weight=740 636 330 298 209 89 181
internal_count=740 636 330 298 209 89 181
is_linear=0
shrinkage=0.05


Tree=51
num_leaves=8
num_cat=0
split_feature=0 0 3 2 3 5 0
split_gain=1.13548 1.56197 1.36104 1.4308 1.32918 2.40542 1.62486
threshold=-0.024000985870380184 -0.019942940666512029 -0.0016068960868849678 -0.0206739144850237 -0.0072194268799485864 0.022516251304066159 -0.013553056597987721
decision_type=2 2 2 2 2 2 2
left_child=2 -2 3 -1 5 -3 -6
right_child=1 4 -4 -5 6 -7 -8
leaf_value=-0.00074484284248961779 0.00035140616106844511 0.00024482851862358445 0.00010212901135468728 -3.225956287603079e-05 -0.00029304288446969527 -7.7943928730600531e-05 5.2183771672146675e-06
leaf_weight=27 28 46 29 43 38 55 496
leaf_count=27 28 46 29 43 38 55 496
internal_value=0.00019685 0.000942685 -0.00479798 -0.00857143 0.000433071 0.00569307 -0.000561798
internal_weight=762 663 99 70 635 101 534
internal_count=762 663 99 70 635 101 534
is_linear=0
shrinkage=0.05


Tree=52
num_leaves=8
num_cat=0
split_feature=8 8 13 14 10 14 16
split_gain=1.71266 1.20371 1.59283 1.58861 1.28327 1.18571 1.94082
threshold=0.23150343044997748 0.14472284802581484 13.659999847412111 -0.083456210331023115 0.00044089291237869871 -0.048915299030690522 0.038586764240985179
decision_type=10 10 2 2 2 2 2
left_child=1 3 -3 -1 -4 -5 -7
right_child=-2 2 4 5 -6 6 -8
leaf_value=7.416569310427259e-05 6.9863390132354677e-05 2.044607158583102e-05 -5.2962404308848705e-06 -8.126305298170401e-05 -0.00031664439846414383 -6.5279125299350446e-06 0.00038716220184993963
leaf_weight=55 25 33 27 81 44 433 50
leaf_count=55 25 33 27 81 44 433 50
internal_value=0.00013369 -0.000311203 -0.00528846 0.00052504 -0.00950704 -0.000265957 0.000672878
internal_weight=748 723 104 619 71 564 483
internal_count=748 723 104 619 71 564 483
is_linear=0
shrinkage=0.05


Tree=53
num_leaves=8
num_cat=0
split_feature=5 4 3 1 7 14 1
split_gain=1.63976 1.63759 1.29921 1.27014 1.39034 1.17129 1.04774
threshold=0.034706940574164034 0.052703389576576935 -0.016938120893151939 0.12190935587645459 -0.066610803436741181 -0.098691693357393515 0.079348050770418635
decision_type=2 2 2 2 2 2 2
left_child=1 2 -1 4 -4 -6 -7
right_child=-2 -3 3 -5 5 6 -8
leaf_value=7.6898707064478481e-05 0.0002120906093312649 -0.00043265813763287855 0.00031654553750099705 4.3051759997781577e-05 2.1463175008906971e-05 -6.4026079520092788e-06 -0.00020778219104655669
leaf_weight=41 46 27 25 30 28 490 56
leaf_count=41 46 27 25 30 28 490 56
internal_value=0.0006393 3.5868e-05 0.000522388 -3.97456e-05 -0.000542571 -0.0010453 -0.00155678
internal_weight=743 697 670 629 599 574 546
internal_count=743 697 670 629 599 574 546
is_linear=0
shrinkage=0.05


end of trees

feature_importances:
vix_chg_1d=39
sector_ret_1d=36
dvol_z_20=32
dist_ma200=32
parkinson_20=25
spy_ret_1d=25
spy_ret_5d=25
vix_level=23
ret_5d=22
dist_ma50=21
overnight_gap=20
ret_1d=18
atr_pct=14
dist_ma20=13
spy_ret_20d=12
sector_ret_5d=12
ret_20d=9

parameters:
[boosting: gbdt]
[objective: quantile]
[metric: quantile]
[tree_learner: serial]
[device_type: cpu]
[data_sample_strategy: bagging]
[data: ]
[valid: ]
[num_iterations: 80]
[learning_rate: 0.05]
[num_leaves: 8]
[num_threads: 1]
[seed: 0]
[deterministic: 0]
[force_col_wise: 1]
[force_row_wise: 0]
[histogram_pool_size: -1]
[max_depth: -1]
[min_data_in_leaf: 25]
[min_sum_hessian_in_leaf: 0.001]
[bagging_fraction: 0.9]
[pos_bagging_fraction: 1]
[neg_bagging_fraction: 1]
[bagging_freq: 1]
[bagging_seed: 3]
[bagging_by_query: 0]
[feature_fraction: 0.9]
[feature_fraction_bynode: 1]
[feature_fraction_seed: 2]
[extra_trees: 0]
[extra_seed: 6]
[early_stopping_round: 0]
[early_stopping_min_delta: 0]
[first_metric_only: 0]
[max_delta_step: 0]
[lambda_l1: 0]
[lambda_l2: 0]
[linear_lambda: 0]
[min_gain_to_split: 0]
[drop_rate: 0.1]
[max_drop: 50]
[skip_drop: 0.5]
[xgboost_dart_mode: 0]
[uniform_drop: 0]
[drop_seed: 4]
[top_rate: 0.2]
[other_rate: 0.1]
[min_data_per_group: 100]
[max_cat_threshold: 32]
[cat_l2: 10]
[cat_smooth: 10]
[max_cat_to_onehot: 4]
[top_k: 20]
[monotone_constraints: ]
[monotone_constraints_method: basic]
[monotone_penalty: 0]
[feature_contri: ]
[forcedsplits_filename: ]
[refit_decay_rate: 0.9]
[cegb_tradeoff: 1]
[cegb_penalty_split: 0]
[cegb_penalty_feature_lazy: ]
[cegb_penalty_feature_coupled: ]
[path_smooth: 0]
[interaction_constraints: ]
[verbosity: -1]
[saved_feature_importance_type: 0]
[use_quantized_grad: 0]
[num_grad_quant_bins: 4]
[quant_train_renew_leaf: 0]
[stochastic_rounding: 1]
[linear_tree: 0]
[max_bin: 255]
[max_bin_by_feature: ]
[min_data_in_bin: 3]
[bin_construct_sample_cnt: 200000]
[data_random_seed: 1]
[is_enable_sparse: 1]
[enable_bundle: 1]
[use_missing: 1]
[zero_as_missing: 0]
[feature_pre_filter: 1]
[pre_partition: 0]
[two_round: 0]
[header: 0]
[label_column: ]
[weight_column: ]
[group_column: ]
[ignore_column: ]
[categorical_feature: ]
[forcedbins_filename: ]
[precise_float_parser: 0]
[parser_config_file: ]
[objective_seed: 5]
[num_class: 1]
[is_unbalance: 0]
[scale_pos_weight: 1]
[sigmoid: 1]
[boost_from_average: 1]
[reg_sqrt: 0]
[alpha: 0.5]
[fair_c: 1]
[poisson_max_delta_step: 0.7]
[tweedie_variance_power: 1.5]
[lambdarank_truncation_level: 30]
[lambdarank_norm: 1]
[label_gain: ]
[lambdarank_position_bias_regularization: 0]
[eval_at: ]
[multi_error_top_k: 1]
[auc_mu_weights: ]
[num_machines: 1]
[local_listen_port: 12400]
[time_out: 120]
[machine_list_filename: ]
[machines: ]
[gpu_platform_id: -1]
[gpu_device_id: -1]
[gpu_device_id_list: ]
[gpu_use_dp: 0]
[num_gpu: 1]

end of parameters

pandas_categorical:[]
