tree
version=v4
num_class=1
num_tree_per_iteration=1
label_index=0
max_feature_idx=16
objective=quantile
feature_names=ret_1d ret_5d ret_20d overnight_gap atr_pct parkinson_20 dvol_z_20 dist_ma20 dist_ma50 dist_ma200 spy_ret_1d spy_ret_5d spy_ret_20d vix_level vix_chg_1d sector_ret_1d sector_ret_5d
feature_infos=[-0.057058485842123474:0.04797834257709388] [-0.075657102576892177:0.097976200164310523] [-0.13544741537255967:0.15012321535553808] [-0.069655893919972178:0.027546310837637478] [0.0083877613513594611:0.030656786755774556] [0.0054996915412425258:0.017557480079563509] [-2.0291073065515315:4.2035906637644924] [-0.077315959857909844:0.075276816560328141] [-0.10922362945309472:0.11053353561013712] [-0.10557582346410366:0.13463442692470062] [-0.058542971330535654:0.10501930183911301] [-0.11496151859245618:0.082843162776128354] [-0.1226559005192206:0.15756591020035837] [11.859999656677246:52.330001831054688] [-0.35753873962348437:0.74039073966007019] [-0.060400368534546778:0.10888055657805773] [-0.11617886647053255:0.1006018727753657]
tree_sizes=855 857 860 864 857 858 852 862 859 862 855 859 853 851 859 853 861 856 854 856 861 855 846 865 855 845 862 862 864 856 872 857 853 854 863 866 864 859 852 857 853 862 851 859 854 861 858 858 854 854 867 862 857 858 852 850 849 851 871 863 856 858 845 853 853 849

Tree=0
num_leaves=8
num_cat=0
split_feature=3 4 9 9 12 3 10
split_gain=4.70947 2.94579 2.71515 2.21262 2.19668 1.71773 1.71631
threshold=-0.0033049995746099454 0.012679805708493353 0.074535600917314496 0.039869945891385157 0.035862383052092557 0.00079969265737256389 -0.0013159673486659027
decision_type=2 2 10 10 2 2 2
left_child=3 4 5 6 -2 -3 -1
right_child=1 2 -4 -5 -6 -7 -8
leaf_value=-0.0060514996293932199 -0.0060462638270109888 -0.0060409053345210854 -0.0062167682452127339 -0.0063061227789148692 -0.005930132721550763 -0.0061084823333658281 -0.0062804123852401974
leaf_weight=47 89 196 42 38 53 224 49
leaf_count=47 89 196 42 38 53 224 49
internal_value=-0.00582509 -0.00394378 -0.00587965 -0.0143051 0.00235461 -0.00466753 -0.0102628
internal_weight=738 604 462 134 142 420 96
internal_count=738 604 462 134 142 420 96
is_linear=0
shrinkage=1


Tree=1
num_leaves=8
num_cat=0
split_feature=3 9 11 4 9 4 4
split_gain=2.91198 2.1676 2.0418 1.97039 2.53111 1.74927 1.62334
threshold=-0.0033049995746099454 0.039869945891385157 0.010580842999509123 0.013393905305694799 0.074535600917314496 0.014198202491208877 0.020414893918579164
decision_type=2 10 2 2 10 2 2
left_child=1 2 5 -2 6 -1 -5
right_child=3 -3 -4 4 -6 -7 -8
leaf_value=-0.00012046017916873098 7.9638084862381213e-05 -0.00015806994517333805 -0.00020151038421317935 -5.3088896675035187e-06 -0.00014930578996427357 0.00021777422865852715 9.6609331085346662e-05
leaf_weight=28 179 31 31 345 40 33 38
leaf_count=28 179 31 31 345 40 33 38
internal_value=-0.000103448 -0.00711382 -0.00326087 0.0013289 -0.000531915 0.00204918 0.000718016
internal_weight=725 123 92 602 423 61 383
internal_count=725 123 92 602 423 61 383
is_linear=0
shrinkage=0.05


Tree=2
num_leaves=8
num_cat=0
split_feature=9 3 7 11 6 16 14
split_gain=3.07256 2.94588 2.09398 2.09377 1.92388 2.10237 1.61109
threshold=0.0013528199599849302 -0.0038769497666757964 0.029029763886845975 -0.0024629970759243443 0.083878225659215946 -0.015042583916406281 -0.015586669598789514
decision_type=10 2 2 2 2 2 2
left_child=2 -2 3 6 -3 -6 -1
right_child=1 4 -4 -5 5 -7 -8
leaf_value=-3.6144234807579784e-05 -0.00023714396700961514 3.0472349113551923e-05 0.00013344799086917195 -1.4537398179527341e-05 -0.0002106749552185647 -4.3951829764409912e-05 0.00013276949051942212
leaf_weight=38 54 218 35 204 26 74 86
leaf_count=38 54 218 35 204 26 74 86
internal_value=0.000102041 -0.0030914 0.00337466 0.00213415 -0.00125786 -0.007 0.00725806
internal_weight=735 372 363 328 318 100 124
internal_count=735 372 363 328 318 100 124
is_linear=0
shrinkage=0.05


Tree=3
num_leaves=8
num_cat=0
split_feature=3 9 6 13 10 16 9
split_gain=2.31656 1.95336 1.74038 2.44537 2.19188 1.94485 1.77411
threshold=-0.0044240233209708593 0.043038893050080913 0.18116508706667964 20.814999580383304 -0.0020657822926501974 0.034731324431131701 0.023647601221183593
decision_type=2 10 2 2 2 2 10
left_child=1 -1 4 6 -2 -6 -4
right_child=2 -3 3 -5 5 -7 -8
leaf_value=-3.7245278133195803e-05 0.00012439291705923099 -0.00016420253170945214 4.4137790570675894e-05 -0.00020916662207746411 -1.3724067078146581e-05 9.7450256344745924e-05 -0.00014819807836975089
leaf_weight=72 116 25 126 31 256 50 57
leaf_count=72 116 25 126 31 256 50 57
internal_value=0.000238745 -0.00695876 0.00133648 -0.00233645 0.00319905 0.000980392 -0.000136612
internal_weight=733 97 636 214 422 306 183
internal_count=733 97 636 214 422 306 183
is_linear=0
shrinkage=0.05


Tree=4
num_leaves=8
num_cat=0
split_feature=5 3 16 2 15 7 12
split_gain=3.02983 1.73522 2.54392 1.59398 1.68222 1.7119 1.65799
threshold=0.011314222619612213 -0.0033049995746099454 0.017321906779365407 0.066615061537548828 0.010673304530720131 0.02053391738655375 0.017638476311122257
decision_type=2 2 2 2 2 2 2
left_child=1 2 -1 4 5 6 -3
right_child=-2 3 -4 -5 -6 -7 -8
leaf_value=-1.6561871721568851e-06 -0.00011633696929362483 8.4190604643563332e-05 -0.00023097262681272694 0.00012746179467962071 -9.6198061296308865e-05 -3.5059708096159708e-05 2.7399389541606091e-05
leaf_weight=86 95 138 27 53 90 55 187
leaf_count=86 95 138 27 53 90 55 187
internal_value=0.000170999 0.00141509 -0.00420354 0.00262906 0.00170213 0.00315789 0.00453846
internal_weight=731 636 113 523 470 380 325
internal_count=731 636 113 523 470 380 325
is_linear=0
shrinkage=0.05


Tree=5
num_leaves=8
num_cat=0
split_feature=9 12 6 7 4 7 11
split_gain=3.23984 2.40258 2.12074 2.01591 2.21246 1.51681 2.20515
threshold=0.0013528199599849302 -0.0026166502717502866 -0.4934297962629281 0.0012641979526130112 0.017062450817341885 0.030165210100370991 -0.0094173901882642057
decision_type=10 2 2 2 2 2 2
left_child=5 2 -2 4 -3 6 -1
right_child=1 3 -4 -5 -6 -7 -8
leaf_value=0.0001311795170368332 2.9690810756237942e-06 -9.9908050764805194e-05 -0.00026910395932157555 2.5715626686876987e-05 0.00013355859567241353 0.00012796362964650877 2.6788197046871906e-06
leaf_weight=77 34 52 59 187 34 32 252
leaf_count=77 34 52 59 187 34 32 252
internal_value=0.000309491 -0.00300546 -0.00994624 -0.000641026 -0.00697674 0.00367036 0.00265957
internal_weight=727 366 93 273 86 361 329
internal_count=727 366 93 273 86 361 329
is_linear=0
shrinkage=0.05


Tree=6
num_leaves=8
num_cat=0
split_feature=4 9 0 12 4 11 16
split_gain=2.6902 2.33991 1.63586 1.59902 1.40634 1.31739 1.61249
threshold=0.012679805708493353 0.072515082471502859 -8.5243241136956347e-05 0.050926196899882765 0.014149786024548186 -0.022310292973000797 0.035043763597478968
decision_type=2 10 2 2 2 2 2
left_child=2 3 -1 4 -2 -6 -7
right_child=1 -3 -4 -5 5 6 -8
leaf_value=-5.0101478917226937e-07 -4.9045557470414099e-05 -0.00023271876992157596 0.00011497136652402777 -0.00014961339303317899 9.4437024067577701e-05 -9.7412592063691326e-06 9.8729760050566371e-05
leaf_weight=66 99 55 86 62 41 285 38
leaf_count=66 99 55 86 62 41 285 38
internal_value=0 -0.00155172 0.00592105 -0.00052381 0.000485961 0.00192308 0.000851393
internal_weight=732 580 152 525 463 364 323
internal_count=732 580 152 525 463 364 323
is_linear=0
shrinkage=0.05


Tree=7
num_leaves=8
num_cat=0
split_feature=2 9 1 1 8 15 6
split_gain=2.8993 1.74288 1.56327 1.47829 2.23668 1.80558 1.62745
threshold=0.066615061537548828 0.047041145562652938 -0.043229154306810229 -0.015466688191592857 -0.045506394759041439 0.0089221843946882835 0.16577648074296944
decision_type=2 10 2 2 8 2 2
left_child=2 -2 -1 5 -5 -4 -6
right_child=1 -3 3 4 6 -7 -8
leaf_value=0.00015418401365040662 0.00012846542360451106 9.6165816570162235e-06 -4.496412086658322e-05 8.9715172864198803e-05 1.2625106705586084e-05 -0.00021210427596591555 -6.5272938825899584e-05
leaf_weight=28 47 30 105 27 329 27 136
leaf_count=28 47 30 105 27 329 27 136
internal_value=0.000240055 0.00941558 -0.000843558 -0.00136218 -0.000101626 -0.00606061 -0.000913978
internal_weight=729 77 652 624 492 132 465
internal_count=729 77 652 624 492 132 465
is_linear=0
shrinkage=0.05


Tree=8
num_leaves=8
num_cat=0
split_feature=4 9 12 11 12 8 1
split_gain=3.0978 3.54061 1.93298 3.42741 1.57555 1.28099 1.18806
threshold=0.012679805708493353 0.082157549450480052 0.036954830574428173 0.0033264345958374801 0.050926196899882765 -0.0013251772634267909 -0.015058479193083339
decision_type=2 10 2 2 2 10 2
left_child=2 4 3 5 6 -1 -2
right_child=1 -3 -4 -5 -6 -7 -8
leaf_value=0.00012874631217763989 -3.1329085911354112e-05 -0.00031143107583362929 0.00012204215242428551 -4.8459783780628078e-05 -0.00014202347937355221 5.9221306642692203e-05 2.6768428729755665e-05
leaf_weight=27 133 32 53 53 63 29 366
leaf_count=27 133 32 53 53 63 29 366
internal_value=0.000661376 -0.0010101 0.00679012 0.00298165 -8.8968e-05 0.0116071 0.000851703
internal_weight=756 594 162 109 562 56 499
internal_count=756 594 162 109 562 56 499
is_linear=0
shrinkage=0.05


Tree=9
num_leaves=8
num_cat=0
split_feature=5 8 9 4 15 13 8
split_gain=2.64066 1.82347 2.23121 2.30203 1.95443 1.67523 1.58873
threshold=0.011314222619612213 0.063067102185613746 0.0013528199599849302 0.015269226745977688 0.0061822859673967842 19.159999847412113 -0.010820860230031036
decision_type=2 10 10 2 2 2 10
left_child=1 2 6 4 -4 -5 -1
right_child=-2 -3 3 5 -6 -7 -8
leaf_value=9.1517324343542212e-06 -9.9976040075783722e-05 0.00010318228294238033 -3.126228815821448e-05 7.2931302939664019e-05 -0.00028556224215982307 -0.00024598489591884051 0.00010322510196058698
leaf_weight=218 94 62 85 103 28 33 108
leaf_count=218 94 62 85 103 28 33 108
internal_value=0.000376197 0.00153061 0.000652174 -0.00291165 -0.00818584 0.00147059 0.00337423
internal_weight=731 637 575 249 113 136 326
internal_count=731 637 575 249 113 136 326
is_linear=0
shrinkage=0.05


Tree=10
num_leaves=8
num_cat=0
split_feature=3 2 9 4 5 4 8
split_gain=1.76344 1.70909 1.45644 1.34301 1.68089 1.47309 1.4679
threshold=0.0067211321177087511 0.06787266019018591 0.07141170302782808 0.016971589694242919 0.010476611399048352 0.021366935106328026 0.059361298404086334
decision_type=2 2 10 2 2 2 10
left_child=1 2 3 6 -5 -6 -1
right_child=-2 -3 -4 4 5 -7 -8
leaf_value=-1.5571837322538657e-05 -0.00013681996634475087 9.1255321237643724e-05 -8.2000995986057911e-05 0.00014310246980457801 -0.00010341574510638599 7.2005154606091804e-05 0.00011736634716230871
leaf_weight=404 38 75 44 80 52 25 27
leaf_count=404 38 75 44 80 52 25 27
internal_value=-3.3557e-05 0.00053041 -0.000316456 0.000340136 0.00429936 -0.000974026 -0.00110209
internal_weight=745 707 632 588 157 77 431
internal_count=745 707 632 588 157 77 431
is_linear=0
shrinkage=0.05


Tree=11
num_leaves=8
num_cat=0
split_feature=5 11 2 12 2 4 12
split_gain=1.65267 1.64206 1.74769 2.23238 1.67044 1.39661 1.15578
threshold=0.011465314421938566 -0.022310292973000797 0.06787266019018591 0.050572968372656575 0.080183495602759627 0.021366935106328026 0.038572714980084973
decision_type=2 2 2 2 2 2 2
left_child=1 -1 3 6 -4 -2 -3
right_child=5 2 4 -5 -6 -7 -8
leaf_value=0.00014010879291408547 -0.00010512896246925134 -1.4793245456411739e-05 0.0001203215376232423 -0.00017899808290129497 -4.2492090715155537e-06 -2.5441495080286018e-05 0.00011095224809350271
leaf_weight=42 44 434 34 57 28 39 56
leaf_count=42 44 434 34 57 28 39 56
internal_value=-0.000885559 -3.84025e-05 -0.000697865 -0.00159963 0.00725806 -0.00753012 -0.000510204
internal_weight=734 651 609 547 62 83 490
internal_count=734 651 609 547 62 83 490
is_linear=0
shrinkage=0.05


Tree=12
num_leaves=8
num_cat=0
split_feature=5 15 2 1 1 10 10
split_gain=1.46746 1.69737 1.6665 1.61678 1.44857 1.42222 1.41696
threshold=0.011314222619612213 0.0095343699352343787 0.068528367841384177 -0.0091431093262240842 0.015848239323327244 0.004568858615466743 -0.0048383542662620562
decision_type=2 2 2 2 2 2 2
left_child=1 2 -1 -3 -5 6 -2
right_child=5 3 -4 4 -6 -7 -8
leaf_value=1.7081057648189605e-05 -6.6687890886430774e-06 -0.00015621666063680685 0.00011600553550429188 3.8630390268543571e-05 -0.00021375386028079767 1.9012805811027368e-05 -0.00032384682447371069
leaf_weight=457 28 31 37 75 30 30 32
leaf_count=457 28 31 37 75 30 30 32
internal_value=0.000416667 0.00126984 0.00263158 -0.00367647 -0.000714286 -0.00555556 -0.01
internal_weight=720 630 494 136 105 90 60
internal_count=720 630 494 136 105 90 60
is_linear=0
shrinkage=0.05


Tree=13
num_leaves=8
num_cat=0
split_feature=3 6 8 15 0 1 5
split_gain=1.69701 2.40957 2.75962 1.08659 1.52687 1.26797 2.32496
threshold=-0.0033049995746099454 -0.15634837142608435 -0.024706292658013326 0.011402630900367862 -0.0088351930489221058 0.025150545787766435 0.0097416845738611275
decision_type=2 2 10 2 2 2 2
left_child=1 -1 -3 4 -2 -6 -7
right_child=3 2 -4 -5 5 6 -8
leaf_value=-0.00018010961014912165 -3.6627773807079495e-05 0.00011788712955922376 -0.00013801056882418796 -5.6410953192792136e-05 5.329410520509581e-05 9.0831794860799872e-05 -0.00031520864520024705
leaf_weight=53 70 26 56 108 359 33 28
leaf_count=53 70 26 56 108 359 33 28
internal_value=-0.000306958 -0.00537037 0 0.00083612 0.00183673 0.00297619 -0.00368852
internal_weight=733 135 82 598 490 420 61
internal_count=733 135 82 598 490 420 61
is_linear=0
shrinkage=0.05


Tree=14
num_leaves=8
num_cat=0
split_feature=5 8 6 4 8 7 15
split_gain=1.39481 1.3987 2.69484 1.52462 1.90087 1.61113 1.40693
threshold=0.010909593828007514 0.030379762352614862 -0.53010149699678344 0.016468866796292222 0.01182012802008814 0.0012641979526130112 0.00047540814080748733
decision_type=2 10 2 2 10 2 2
left_child=1 3 -3 4 -1 6 -5
right_child=-2 2 -4 5 -6 -7 -8
leaf_value=-1.1051311468776756e-06 -5.1044083352029605e-05 0.00011770772574143162 6.5802646605227265e-06 0.00012081665925908533 -0.00021580572748666023 0.00014613403648792598 -0.00011533059749268058
leaf_weight=291 114 48 94 45 41 33 58
leaf_count=291 114 48 94 45 41 33 58
internal_value=0.000690608 0.00163934 0.00598592 0.000320513 -0.00150602 0.00477941 0.00169903
internal_weight=724 610 142 468 332 136 103
internal_count=724 610 142 468 332 136 103
is_linear=0
shrinkage=0.05


Tree=15
num_leaves=8
num_cat=0
split_feature=4 9 4 13 1 10 16
split_gain=1.41792 1.9668 1.51948 1.44283 1.3467 2.49656 1.22397
threshold=0.013274250384411551 0.074535600917314496 0.01400023149059712 12.765000343322756 -0.004192325115386141 0.00040263082252767207 -0.038371949116652364
decision_type=2 10 2 2 2 2 2
left_child=4 2 -2 -4 5 -1 -5
right_child=1 -3 3 6 -6 -7 -8
leaf_value=3.837361915604682e-05 -0.00011386846317739809 -0.00015571725120603187 -0.00022671889616749548 0.00014780090809320286 8.1102569555405684e-05 -9.8704726063838808e-05 7.7890005859697013e-06
leaf_weight=32 60 46 27 27 130 31 371
leaf_count=32 60 46 27 27 130 31 371
internal_value=0.000345304 -0.000988701 -5.15464e-05 0.001 0.00401554 -0.00198413 0.00175879
internal_weight=724 531 485 425 193 63 398
internal_count=724 531 485 425 193 63 398
is_linear=0
shrinkage=0.05


Tree=16
num_leaves=8
num_cat=0
split_feature=4 12 11 4 16 13 13
split_gain=1.80949 1.52455 2.79009 1.36347 1.25773 1.24138 1.74855
threshold=0.012679805708493353 0.038572714980084973 0.0033264345958374801 0.014149786024548186 0.00023710895659867506 12.765000343322756 16.73499965667725
decision_type=2 2 2 2 2 2 2
left_child=1 2 -1 4 -2 -5 -7
right_child=3 -3 -4 5 -6 6 -8
leaf_value=8.4746662278573526e-05 -0.00012093740703792913 0.00010438417799749213 -3.9916717002875863e-05 -0.00025862319025560601 -1.1219096556825239e-05 3.3405382869353561e-05 -2.6842433418544298e-05
leaf_weight=50 56 47 56 25 61 191 251
leaf_count=50 56 47 56 25 61 191 251
internal_value=-0.000101764 0.00473856 0.00141509 -0.00136986 -0.00619658 -0.0001606 0.000452489
internal_weight=737 153 106 584 117 467 442
internal_count=737 153 106 584 117 467 442
is_linear=0
shrinkage=0.05


Tree=17
num_leaves=8
num_cat=0
split_feature=4 9 1 14 4 6 14
split_gain=1.88899 1.98469 1.61648 2.38718 1.53061 1.3816 1.2993
threshold=0.012888284655023835 0.082157549450480052 -0.0037019798341546557 0.0051534197063997098 0.014149786024548186 -0.28728358093847711 0.025090891472494884
decision_type=2 10 2 2 2 2 2
left_child=2 4 5 -4 6 -1 -2
right_child=1 -3 3 -5 -6 -7 -8
leaf_value=-8.6857835368581165e-05 -8.3472960274203839e-05 -0.00025291197971266221 0.00011911029207772465 -2.970120411055822e-05 4.2731307684112841e-06 4.1817337039291187e-05 8.1691462146065836e-06
leaf_weight=25 70 31 68 42 438 32 29
leaf_count=25 70 31 68 42 438 32 29
internal_value=-3.40136e-05 -0.00140845 0.00464072 0.00818182 -0.000698324 -0.00219298 -0.00631313
internal_weight=735 568 167 110 537 57 99
internal_count=735 568 167 110 537 57 99
is_linear=0
shrinkage=0.05


Tree=18
num_leaves=8
num_cat=0
split_feature=4 11 8 4 14 9 14
split_gain=2.22299 1.73284 2.01841 1.5982 1.53203 1.17421 1.70242
threshold=0.012679805708493353 0.0010676984150611581 0.0076472099565071403 0.01400023149059712 -1.0000000180025095e-35 0.0015698605703279302 -0.007258231789176727
decision_type=2 2 10 2 2 10 2
left_child=1 -1 -3 5 -4 6 -2
right_child=3 2 4 -5 -6 -7 -8
leaf_value=9.2109221116760544e-05 -8.7275699487895117e-05 -2.2535404371845606e-05 9.4854601081202143e-05 3.2912646180967201e-06 -5.3709673162346358e-05 -0.00014342172314505712 3.9822951104712192e-05
leaf_weight=54 25 35 44 467 25 53 30
leaf_count=54 25 35 44 467 25 53 30
internal_value=0.000443383 0.0056962 0.00192308 -0.001 0.00688406 -0.00648148 -0.00136364
internal_weight=733 158 104 575 69 108 55
internal_count=733 158 104 575 69 108 55
is_linear=0
shrinkage=0.05


Tree=19
num_leaves=8
num_cat=0
split_feature=15 4 13 12 11 9 11
split_gain=1.64225 1.52703 1.86709 1.51867 2.31429 1.38729 1.53742
threshold=0.011402630900367862 0.013352134165403441 18.335000038146976 0.04047963103536379 0.006728504012355919 -0.00061550251461112138 0.008265910385940713
decision_type=2 2 2 2 2 8 2
left_child=1 2 3 4 -1 -2 -7
right_child=5 -3 -4 -5 -6 6 -8
leaf_value=2.4759354061186319e-05 0.00013035121301782404 1.7461848769091335e-06 0.00010658575568512053 0.00011321905479164258 -5.8061083963682285e-05 -0.00021012654576470907 -3.3071907210917036e-06
leaf_weight=60 28 437 31 41 45 51 45
leaf_count=60 28 437 31 41 45 51 45
internal_value=0.000813008 0.00187296 0.00579096 0.00342466 0.000238095 -0.00443548 -0.00729167
internal_weight=738 614 177 146 105 124 96
internal_count=738 614 177 146 105 124 96
is_linear=0
shrinkage=0.05


Tree=20
num_leaves=8
num_cat=0
split_feature=2 5 11 7 7 1 9
split_gain=2.12263 1.82935 1.52858 1.546 3.17377 1.34434 1.51466
threshold=0.068528367841384177 0.010909593828007514 -0.0095679120508195808 0.026286697219805259 0.02053391738655375 -0.010955126678462821 0.011844005429226036
decision_type=2 2 2 2 2 2 8
left_child=1 2 -1 4 5 -4 -7
right_child=-2 -3 3 -5 -6 6 -8
leaf_value=0.00010244618732748268 5.903097076617658e-05 -8.8229188432331938e-05 -7.0881846093324378e-05 5.476273750791867e-05 -0.00017191043694982772 -7.7610820938705955e-05 3.9789728223013678e-05
leaf_weight=110 68 94 125 40 31 89 179
leaf_count=110 68 94 125 40 31 89 179
internal_value=0.000407609 -0.000449102 0.000609756 -0.000646552 -0.00153302 -0.000318066 0.0016791
internal_weight=736 668 574 464 424 393 268
internal_count=736 668 574 464 424 393 268
is_linear=0
shrinkage=0.05


Tree=21
num_leaves=8
num_cat=0
split_feature=2 2 8 8 0 8 3
split_gain=1.61642 1.97005 1.91019 1.78594 1.22963 1.81208 1.61429
threshold=0.06787266019018591 0.059792243869869928 0.059361298404086334 0.069436575466387832 0.0069507761557667811 -0.011907359051796072 0.0042482123637280775
decision_type=2 2 10 10 2 8 2
left_child=1 2 4 -2 6 -6 -1
right_child=3 -3 -4 -5 5 -7 -8
leaf_value=1.5033487937992914e-05 7.596657536337684e-05 -5.7389046750164994e-05 9.6983565316755962e-05 -1.3601014786838421e-05 2.0050563715865236e-05 -0.00010451932052340393 -7.201148635138832e-05
leaf_weight=424 45 29 29 32 45 93 35
leaf_count=424 45 29 29 32 45 93 35
internal_value=0.000614754 -0.00019084 0.000399361 0.00746753 -0.00020938 -0.00434783 0.00103486
internal_weight=732 655 626 77 597 138 459
internal_count=732 655 626 77 597 138 459
is_linear=0
shrinkage=0.05


Tree=22
num_leaves=8
num_cat=0
split_feature=15 5 0 4 0 11 5
split_gain=1.22419 1.44446 1.67204 1.75771 2.14749 1.41119 1.6
threshold=0.0095343699352343787 0.010280759241895667 0.011405167908373206 0.016621937679952407 0.0058212974362821255 0.0045205880839305221 0.0099674533425845261
decision_type=2 2 2 2 2 2 2
left_child=1 2 3 4 -1 -2 -7
right_child=5 -3 -4 -5 -6 6 -8
leaf_value=5.5451717758667803e-06 -0.00018184193975066996 -7.4625658319659485e-05 7.2168246595207989e-05 0.00012335288354684045 -9.9293354497233732e-05 -6.0245667622215503e-05 6.0197876658960018e-05
leaf_weight=303 62 128 31 76 39 60 36
leaf_count=303 62 128 31 76 39 60 36
internal_value=0.000102041 0.00116984 0.00250557 0.00167464 0.000146199 -0.00379747 0
internal_weight=735 577 449 418 342 158 96
internal_count=735 577 449 418 342 158 96
is_linear=0
shrinkage=0.05


Tree=23
num_leaves=8
num_cat=0
split_feature=15 5 2 12 4 1 11
split_gain=2.0142 1.63504 1.74508 2.18536 2.00802 1.63388 1.53131
threshold=0.0095343699352343787 0.011314222619612213 0.030627893030594214 0.032286287605225568 0.017062450817341885 -0.0091431093262240842 -0.0019949818348388155
decision_type=2 2 2 2 2 2 2
left_child=1 2 4 -4 6 -2 -1
right_child=5 -3 3 -5 -6 -7 -8
leaf_value=2.9916936229420869e-05 -0.00013863384062528603 -8.4039128915816905e-05 5.4125751332079593e-06 8.7544148547015184e-05 0.00012221258672120191 -1.0162580826093837e-05 -3.0110333106230416e-05
leaf_weight=120 36 71 74 47 78 125 186
leaf_count=120 36 71 74 47 78 125 186
internal_value=0.000440977 0.00182292 0.00282178 0.00805785 0.00117188 -0.00450311 -0.000653595
internal_weight=737 576 505 121 384 161 306
internal_count=737 576 505 121 384 161 306
is_linear=0
shrinkage=0.05


Tree=24
num_leaves=8
num_cat=0
split_feature=5 3 14 6 7 7 15
split_gain=1.25425 1.71603 1.68917 1.57716 1.36125 3.17161 2.13554
threshold=0.010476611399048352 -0.0036860903689958642 0.042177860659315065 -0.56395696763185021 0.025977529478049547 0.02053391738655375 0.016830538506177221
decision_type=2 2 2 2 2 2 2
left_child=4 -2 3 -3 5 6 -1
right_child=1 2 -4 -5 -6 -7 -8
leaf_value=2.5966444383569102e-05 -0.00017549459338968233 -5.6264040172184083e-05 -0.00012361027158159892 0.0001119277107706136 4.4331909394865638e-05 -0.00013227368920364104 -0.00021282449441146177
leaf_weight=428 29 44 27 46 87 36 32
leaf_count=428 29 44 27 46 87 36 32
internal_value=0.000377229 -0.00376712 -0.00106838 0.00222222 0.00141509 0.000403226 0.00152174
internal_weight=729 146 117 90 583 496 460
internal_count=729 146 117 90 583 496 460
is_linear=0
shrinkage=0.05


Tree=25
num_leaves=8
num_cat=0
split_feature=1 3 6 6 15 0 3
split_gain=1.47895 1.39128 1.18647 2.60784 1.05231 0.933444 1.96808
threshold=0.035961518526855814 -0.0033049995746099454 -0.15634837142608435 0.78487584851676562 0.01945216054435717 -0.0088351930489221058 -0.0010051200350690845
decision_type=2 2 2 2 2 2 2
left_child=1 2 -1 -4 5 6 -3
right_child=-2 4 3 -5 -6 -7 -8
leaf_value=-0.00015029124488003559 -0.00018287294604714852 8.6926397767240343e-05 8.7532599390728309e-05 -0.00013202410137878081 -6.17102736162264e-05 2.7122767198771392e-05 -4.6335290253739876e-05
leaf_weight=47 33 25 34 42 35 480 53
leaf_count=47 33 25 34 42 35 480 53
internal_value=0.000500668 0.000977654 -0.00386179 0 0.00198145 0.00250896 -0.0025641
internal_weight=749 716 123 76 593 558 78
internal_count=749 716 123 76 593 558 78
is_linear=0
shrinkage=0.05


Tree=26
num_leaves=8
num_cat=0
split_feature=3 11 3 10 9 11 2
split_gain=1.20029 1.73571 0.909164 1.65041 1.38724 1.33682 1.31697
threshold=-0.0046912067932716175 0.0070460817852476829 0.00018277926630227984 -0.0043669984596727543 0.065354257105717087 0.016075376677511469 -0.047377943330524468
decision_type=2 2 2 2 8 2 2
left_child=1 -1 3 4 -2 -5 -4
right_child=2 -3 6 5 -6 -7 -8
leaf_value=-6.2227415428667585e-06 2.1455131742621543e-05 -0.0002165217814495559 -6.8961104930269273e-05 -1.9956691484589304e-05 0.00017850488369512349 8.1304334828902214e-05 4.1189692632679579e-06
leaf_weight=54 33 30 48 156 26 60 333
leaf_count=54 33 30 48 156 26 60 333
internal_value=0.00027027 -0.00535714 0.000990854 0.00318182 0.0105932 0.00115741 -0.000590551
internal_weight=740 84 656 275 59 216 381
internal_count=740 84 656 275 59 216 381
is_linear=0
shrinkage=0.05


Tree=27
num_leaves=8
num_cat=0
split_feature=13 1 10 1 14 11 3
split_gain=1.6654 1.27007 1.5191 1.57993 2.27514 1.90478 1.47258
threshold=20.814999580383304 -0.00082926624847623465 -0.0071696384256335613 0.015848239323327244 -0.025685626403374347 0.013536356152071051 0.00151040591499807
decision_type=2 2 2 2 2 2 2
left_child=1 -1 -3 6 5 -5 -4
right_child=-2 2 3 4 -6 -7 -8
leaf_value=-1.3293798805482945e-05 -5.5688274920429222e-05 -8.4083425540717113e-05 3.2097343835419691e-05 -3.5595131476513427e-05 -3.6764792128921032e-05 6.8255507331696283e-05 0.00012454694312475989
leaf_weight=283 109 27 106 29 87 27 61
leaf_count=283 109 27 106 29 87 27 61
internal_value=-3.42936e-05 0.000967742 0.00304154 0.00403226 0.000174825 0.00803571 0.00733533
internal_weight=729 620 337 310 143 56 167
internal_count=729 620 337 310 143 56 167
is_linear=0
shrinkage=0.05


Tree=28
num_leaves=8
num_cat=0
split_feature=0 10 15 0 15 0 4
split_gain=0.985408 1.24627 1.44696 1.42167 2.59857 2.14747 1.58985
threshold=-0.0088351930489221058 -0.013932241848525038 0.0095343699352343787 0.0087876271925606559 0.0015035407045583817 0.0057780816899205565 0.017404976578039816
decision_type=2 2 2 2 2 2 2
left_child=-1 -2 3 5 -5 6 -3
right_child=1 2 -4 4 -6 -7 -8
leaf_value=-1.3475372566487503e-05 -0.00010684778286984241 1.2342007070281206e-05 -3.7400782476513035e-05 -1.5306520361282406e-05 0.00013264853141144089 -0.0001333785031854673 0.00011014480249900545
leaf_weight=127 26 272 152 33 38 43 51
leaf_count=127 26 272 152 33 38 43 51
internal_value=0.000269542 0.00109756 0.00157046 0.00303204 0.00950704 0.00177596 0.00317337
internal_weight=742 615 589 437 71 366 323
internal_count=742 615 589 437 71 366 323
is_linear=0
shrinkage=0.05


Tree=29
num_leaves=8
num_cat=0
split_feature=0 3 2 8 6 9 14
split_gain=1.21592 1.14723 1.03903 2.0119 0.890287 2.36392 1.0294
threshold=-0.017155887690900758 0.0069542210263207069 0.068528367841384177 0.069436575466387832 0.47479402812897148 0.025465864572921663 -0.068623004427642229
decision_type=2 2 2 10 2 10 2
left_child=-1 2 4 -4 6 -6 -2
right_child=1 -3 3 -5 5 -7 -8
leaf_value=-0.00019016188929103772 8.8916453321921966e-05 -7.8045234223109985e-05 9.1387296585271693e-05 -1.3974445613595305e-05 9.8434074181691941e-06 -0.00013498489979720262 6.5179871341746432e-06
leaf_weight=29 49 35 36 27 92 41 419
leaf_count=29 49 35 36 27 92 41 419
internal_value=0.000549451 0.000965665 0.00143072 0.00753968 0.000790349 -0.00281955 0.00181624
internal_weight=728 699 664 63 601 133 468
internal_count=728 699 664 63 601 133 468
is_linear=0
shrinkage=0.05


Tree=30
num_leaves=8
num_cat=0
split_feature=13 11 0 14 15 1 1
split_gain=1.15606 1.12996 1.65541 1.46739 1.66144 1.31701 1.85556
threshold=23.694999694824222 -0.0047149308765757616 -0.012773218303214482 -0.010554721432184831 -0.016674322729242571 -0.029791837427573794 -0.00082926624847623465
decision_type=2 2 2 2 2 2 2
left_child=1 3 -3 -1 -5 -4 -7
right_child=-2 2 5 4 -6 6 -8
leaf_value=-2.5967857286361004e-05 -0.00010658698830529608 -0.0002422383080191437 9.4050897556857962e-05 -9.7814925591798853e-06 0.00010375016723615876 -6.3432791722744885e-05 9.4401498207963426e-06
leaf_weight=66 56 31 25 28 89 152 286
leaf_count=66 56 31 25 28 89 152 286
internal_value=-0.000238745 0.000332349 -0.000910931 0.00368852 0.00705128 -0.000161987 -0.000799087
internal_weight=733 677 494 183 117 463 438
internal_count=733 677 494 183 117 463 438
is_linear=0
shrinkage=0.05


Tree=31
num_leaves=8
num_cat=0
split_feature=1 1 3 13 14 8 4
split_gain=1.03385 1.31336 1.27746 1.13141 1.0537 1.04649 1.07431
threshold=-0.043229154306810229 -0.015466688191592857 0.002489741717477512 16.875000000000004 -0.001390218635627771 -0.045506394759041439 0.012888284655023835
decision_type=2 2 2 2 2 8 2
left_child=-1 2 3 4 -2 -3 -7
right_child=1 5 -4 -5 -6 6 -8
leaf_value=0.00015244505349595037 -0.00013607639307272636 6.744537514057094e-05 3.3714610889727939e-05 -0.00013687732620981541 6.4438242700895116e-05 3.2108009958780076e-05 -3.3995634231912423e-06
leaf_weight=27 27 28 30 56 26 146 387
leaf_count=27 27 28 30 56 26 146 387
internal_value=0.000584594 0.000214286 -0.00413669 -0.00665138 -0.00141509 0.00129234 0.000797373
internal_weight=727 700 139 109 53 561 533
internal_count=727 700 139 109 53 561 533
is_linear=0
shrinkage=0.05


Tree=32
num_leaves=8
num_cat=0
split_feature=4 13 4 3 9 6 7
split_gain=1.73977 1.74241 1.48677 1.50358 1.39242 1.30292 1.30087
threshold=0.012679805708493353 18.335000038146976 0.014149786024548186 0.0067211321177087511 -0.087534167232222723 0.016559993644259637 0.0056927821843317803
decision_type=2 2 2 2 10 2 2
left_child=1 -1 5 4 -4 6 -2
right_child=2 -3 3 -5 -6 -7 -8
leaf_value=1.448786747263232e-05 -0.00017158805447848886 9.4871016751899842e-05 0.00011317373531946457 -0.00011476646147620053 -4.2713758427021486e-07 8.853992653230823e-06 -5.4973713201978426e-06
leaf_weight=127 37 25 47 31 393 43 32
leaf_count=127 37 25 47 31 393 43 32
internal_value=0.000170068 0.00493421 -0.00107204 0.000159236 0.000909091 -0.00625 -0.0105072
internal_weight=735 152 583 471 440 112 69
internal_count=735 152 583 471 440 112 69
is_linear=0
shrinkage=0.05


Tree=33
num_leaves=8
num_cat=0
split_feature=9 2 6 13 6 3 6
split_gain=1.21766 1.74782 1.25402 2.22878 1.67426 1.65385 1.223
threshold=0.0013528199599849302 -0.033062931443941228 -0.12165740878677832 16.469999313354496 -0.96177300532554633 0.00015786521743388351 0.69746487741394725
decision_type=10 2 2 2 2 2 2
left_child=-1 -2 4 6 -3 -6 -4
right_child=1 2 3 -5 5 -7 -8
leaf_value=1.651796340492249e-05 -0.00039213270929298346 -3.0184720083901497e-05 -6.8271728180766117e-05 -0.00015268170570479766 0.00012035767380220168 -1.5454441649026194e-06 8.6784224546687194e-05
leaf_weight=372 27 50 43 72 73 74 25
leaf_count=372 27 50 43 72 73 74 25
internal_value=0.000407609 -0.00164835 -0.000667656 -0.00428571 0.00190355 0.00459184 0.00220588
internal_weight=736 364 337 140 197 147 68
internal_count=736 364 337 140 197 147 68
is_linear=0
shrinkage=0.05


Tree=34
num_leaves=8
num_cat=0
split_feature=9 15 13 3 3 3 9
split_gain=1.40975 1.80069 1.3746 1.29401 1.30655 1.11086 0.978638
threshold=0.0013528199599849302 0.011402630900367862 13.085000038146974 -0.0023880031706074996 -0.0058000525088854329 -0.00090026188641378891 -0.055144790785832336
decision_type=10 2 2 2 2 2 8
left_child=2 3 -1 4 -2 -5 -4
right_child=1 -3 6 5 -6 -7 -8
leaf_value=-0.00022212455553628381 8.5535423337934451e-06 -0.00013702498061600181 0.00013008913827312514 0.00010582971464212538 -0.00013359042776721089 2.6487529458264075e-06 2.2026237818112156e-05
leaf_weight=39 31 65 29 37 43 189 295
leaf_count=39 31 65 29 37 43 189 295
internal_value=0.000892857 -0.00130137 0.00309917 0.000333333 -0.00540541 0.00221239 0.00416667
internal_weight=728 365 363 300 74 226 324
internal_count=728 365 363 300 74 226 324
is_linear=0
shrinkage=0.05


Tree=35
num_leaves=8
num_cat=0
split_feature=10 13 14 1 0 15 15
split_gain=1.08362 2.28913 1.56978 2.17993 1.39537 1.32734 1.74192
threshold=-0.0020657822926501974 20.980000495910648 -0.0049345356588886271 -0.023458783306985639 0.010155650236413962 0.0010240323671152354 -0.0048338690356274352
decision_type=2 2 2 2 2 2 2
left_child=4 2 3 -2 -1 6 -4
right_child=1 -3 5 -5 -6 -7 -8
leaf_value=2.1874432458122377e-05 -0.00015368913212898352 -0.0001903306461488841 2.9516901692205977e-06 3.8682634170754843e-05 -9.8861876614653508e-05 8.2561588139109122e-06 -0.00016511275471108098
leaf_weight=213 42 50 30 268 26 70 39
leaf_count=213 42 50 30 268 26 70 39
internal_value=0.000474255 -0.000851703 0.000278396 0.00225806 0.00324268 -0.00413669 -0.00905797
internal_weight=738 499 449 310 239 139 69
internal_count=738 499 449 310 239 139 69
is_linear=0
shrinkage=0.05


Tree=36
num_leaves=8
num_cat=0
split_feature=3 3 10 3 0 8 12
split_gain=1.22172 1.18835 1.27773 1.65841 1.31436 1.66065 1.25922
threshold=0.0067211321177087511 -0.0040917262466393369 -0.0043669984596727543 0.0021593068490851634 -0.0089527873683380981 -0.036909839817451932 -0.018675976456826889
decision_type=2 2 2 2 2 8 2
left_child=1 6 3 -3 -4 -6 -1
right_child=-2 2 4 -5 5 -7 -8
leaf_value=5.0764066435941577e-05 -7.6083125500129464e-05 7.872652519937324e-05 -4.2042842994731022e-05 -2.0945883770093211e-06 0.00015048260250722441 5.4570502474717748e-06 -0.00012708862794472177
leaf_weight=26 38 79 56 51 46 374 75
leaf_count=26 38 79 56 51 46 374 75
internal_value=0.000838926 0.00130835 0.00214521 0.00653846 0.000945378 0.00190476 -0.00371287
internal_weight=745 707 606 130 476 420 101
internal_count=745 707 606 130 476 420 101
is_linear=0
shrinkage=0.05


Tree=37
num_leaves=8
num_cat=0
split_feature=2 8 2 14 8 12 7
split_gain=1.81104 2.71578 1.44289 1.22798 2.23461 1.25959 1.25125
threshold=0.068264241498561709 0.069436575466387832 0.059792243869869928 0.024046021378642205 -0.04403864165084103 0.0011335726897910849 -0.0053196623270827517
decision_type=2 10 2 2 10 2 2
left_child=2 -2 3 -1 -5 -6 -7
right_child=1 -3 -4 4 5 6 -8
leaf_value=-1.1908975266535751e-05 7.0674123012336992e-05 -2.092140001652631e-05 -2.7571436171404266e-05 0.00011855463347659411 -2.1125339674830328e-05 3.1731229819550663e-05 3.9195596560214106e-07
leaf_weight=460 41 30 29 35 49 37 66
leaf_count=460 41 30 29 35 49 37 66
internal_value=0.000502008 0.00809859 -0.000295858 0.000193199 0.00360963 0.000986842 0.00412621
internal_weight=747 71 676 647 187 152 103
internal_count=747 71 676 647 187 152 103
is_linear=0
shrinkage=0.05


Tree=38
num_leaves=8
num_cat=0
split_feature=2 7 14 14 12 6 2
split_gain=0.974768 1.64432 1.13866 1.40805 1.26526 1.99288 1.61813
threshold=0.06787266019018591 0.02053391738655375 0.024046021378642205 0.035381364185180238 0.043286848423385378 -0.21418812135241014 -0.047377943330524468
decision_type=2 2 2 2 2 2 2
left_child=1 2 4 -4 6 -6 -1
right_child=-2 -3 3 -5 5 -7 -8
leaf_value=-6.8067015340391931e-05 4.2560232862942381e-05 -4.6436289914585246e-05 6.923535137466947e-05 1.1234177682097535e-05 7.3859937435956026e-07 -0.00019759052371096228 3.3259277730702478e-05
leaf_weight=57 77 92 29 145 43 29 269
leaf_count=57 77 92 29 145 43 29 269
internal_value=0.000843455 0.000225904 0.00122378 0.0045977 -0.000251256 -0.00625 0.00107362
internal_weight=741 664 572 174 398 72 326
internal_count=741 664 572 174 398 72 326
is_linear=0
shrinkage=0.05


Tree=39
num_leaves=8
num_cat=0
split_feature=0 0 3 6 7 9 9
split_gain=1.044 1.17573 1.67896 1.53398 1.55308 1.5084 1.45842
threshold=0.0069507761557667811 0.0032756185203247639 0.0042075467823946564 -0.76723296043586997 -0.0022788397937700262 0.04755280471491919 0.0098943857173581246
decision_type=2 2 2 2 2 8 8
left_child=1 2 3 4 -1 -6 -3
right_child=-2 6 -4 -5 5 -7 -8
leaf_value=-9.2124083204044553e-05 -3.4647621199414955e-05 -1.5260510443098826e-05 -7.1287868080286822e-05 2.1590715444824913e-05 -2.2713022697784395e-05 4.7462515801170466e-05 0.00010764608480083624
leaf_weight=41 168 33 29 320 37 31 69
leaf_count=41 168 33 29 320 37 31 69
internal_value=0.000480769 0.00151786 0.000436681 0.00122378 -0.00389908 0.000735294 0.00637255
internal_weight=728 560 458 429 109 68 102
internal_count=728 560 458 429 109 68 102
is_linear=0
shrinkage=0.05


Tree=40
num_leaves=8
num_cat=0
split_feature=2 8 15 11 7 6 9
split_gain=1.32918 1.85185 1.54437 1.84986 1.49013 2.30906 1.08898
threshold=0.068528367841384177 0.062325953971797639 0.0095343699352343787 0.013125207809183361 0.02053391738655375 -0.092148649327570428 0.050486074143866085
decision_type=2 10 2 2 2 2 8
left_child=2 -2 4 -4 -1 -6 -5
right_child=1 -3 3 6 5 -7 -8
leaf_value=9.0962452795021303e-06 8.6830872761049893e-05 -2.6142208724458123e-06 -0.00016120109853978387 -3.4120220302578702e-05 6.2687164675994921e-06 -0.00013768083075588628 6.4155455260464864e-05
leaf_weight=444 28 41 83 28 40 42 25
leaf_count=444 28 41 83 28 40 42 25
internal_value=-0.000444596 0.00615942 -0.00113293 -0.00588235 9.5057e-05 -0.00609756 0.00141509
internal_weight=731 69 662 136 526 82 53
internal_count=731 69 662 136 526 82 53
is_linear=0
shrinkage=0.05


Tree=41
num_leaves=8
num_cat=0
split_feature=3 2 11 1 11 1 11
split_gain=1.65782 1.59951 1.6582 1.83263 1.52966 2.12905 1.87219
threshold=0.0067211321177087511 0.031233168866354969 -0.0047149308765757616 0.02613257680099346 0.0077943553606325553 0.017210783245535381 1.0000000180025095e-35
decision_type=2 2 2 2 2 2 2
left_child=1 2 -1 -4 5 6 -3
right_child=-2 4 3 -5 -6 -7 -8
leaf_value=2.7368751782958836e-05 -7.8321008725705445e-05 8.3412371405667743e-05 -1.0226266678962882e-05 -0.00025932246605827973 6.5609311875865656e-05 -0.00025985147880006022 -3.3549101024509538e-05
leaf_weight=156 36 46 335 28 82 30 27
leaf_count=156 36 46 335 28 82 30 27
internal_value=0.000743243 0.00127841 -0.000144509 -0.00199725 0.00527027 0.00121359 0.00582192
internal_weight=740 704 519 363 185 103 73
internal_count=740 704 519 363 185 103 73
is_linear=0
shrinkage=0.05


Tree=42
num_leaves=8
num_cat=0
split_feature=5 2 6 7 11 1 4
split_gain=1.88091 1.17857 1.67192 1.66922 1.54258 1.15836 1.32168
threshold=0.014669773916899916 0.031233168866354969 0.81509611906015556 0.027756920744611561 0.0088407146243756358 0.028646827251630817 0.018131853783329797
decision_type=2 2 2 2 2 2 2
left_child=1 5 3 -3 -5 6 -1
right_child=-2 2 -4 4 -6 -7 -8
leaf_value=-6.4877029909474718e-07 -4.8629576598721146e-05 9.2246807558688849e-05 -5.926972466422601e-05 -9.0661227334576092e-06 5.6243224809071325e-05 -0.00020983971174026313 8.0559409853638779e-05
leaf_weight=448 27 75 29 38 35 29 56
leaf_count=448 27 75 29 38 35 29 56
internal_value=0.000915875 0.00140845 0.0049435 0.00709459 0.00171233 0.000234522 0.000793651
internal_weight=737 710 177 148 73 533 504
internal_count=737 710 177 148 73 533 504
is_linear=0
shrinkage=0.05


Tree=43
num_leaves=8
num_cat=0
split_feature=5 11 7 1 7 7 13
split_gain=1.20204 1.31681 1.38904 1.74027 1.64136 2.2537 1.20271
threshold=0.011113761658048645 -0.0092896544680063902 0.025977529478049547 0.02613257680099346 0.02053391738655375 0.012714173345354298 18.625000000000004
decision_type=2 2 2 2 2 2 2
left_child=1 6 3 4 5 -3 -1
right_child=-2 2 -4 -5 -6 -7 -8
leaf_value=-1.5469439620682467e-06 -2.8900969927449403e-05 -9.6825148300599715e-06 3.4781688052261384e-05 -0.00024109413070438177 -0.00012577941266544973 8.6178931816166722e-05 0.00012037377588438835
leaf_weight=52 109 329 80 26 27 54 76
leaf_count=52 109 329 80 26 27 54 76
internal_value=0.000498008 0.00131988 0.000193798 -0.000917431 -0.000121951 0.000718016 0.00585938
internal_weight=753 644 516 436 410 383 128
internal_count=753 644 516 436 410 383 128
is_linear=0
shrinkage=0.05


Tree=44
num_leaves=8
num_cat=0
split_feature=6 2 1 12 0 12 8
split_gain=0.865322 1.50096 0.98 0.915872 1.66136 1.50465 1.42057
threshold=-0.98873693530347129 -0.0059349559522356423 0.0053866544088942989 0.02751670136279594 0.014430702305442635 0.031286633707519725 -0.047276042627995334
decision_type=2 2 2 2 2 2 10
left_child=1 -1 -3 4 6 -5 -2
right_child=3 2 -4 5 -6 -7 -8
leaf_value=2.2858077279422093e-05 -6.8821126883694344e-05 -8.6944813717411553e-05 -1.0544814422465237e-05 8.4306823760689411e-05 -0.00016716549419526245 8.0589049294135228e-06 5.8559788555585111e-06
leaf_weight=27 47 25 25 47 28 202 319
leaf_count=27 47 25 25 47 28 202 319
internal_value=0.000138889 -0.00487013 -0.01 0.000738725 -0.000761421 0.00311245 0.000136612
internal_weight=720 77 50 643 394 249 366
internal_count=720 77 50 643 394 249 366
is_linear=0
shrinkage=0.05


Tree=45
num_leaves=8
num_cat=0
split_feature=1 2 5 11 14 11 15
split_gain=1.25019 1.79236 1.67274 1.63333 1.5626 1.75149 1.54837
threshold=-0.00082926624847623465 -0.008515692196356504 0.010098881315806446 0.0097669532521742503 0.0099337720355521259 0.00036209902272010824 -0.012411939122022873
decision_type=2 2 2 2 2 2 2
left_child=6 -2 4 -4 -3 -6 -1
right_child=1 2 3 -5 5 -7 -8
leaf_value=2.3526369499318571e-05 9.7676913278769645e-05 4.6729911239085015e-05 -0.00019081648459764973 1.5802139332055122e-05 7.2935477021713029e-05 -7.4328630538875097e-05 -1.5727322041934803e-05
leaf_weight=55 81 144 48 32 30 49 294
leaf_count=55 81 144 48 32 30 49 294
internal_value=0.000375171 0.00234375 0.000577558 -0.005625 0.00280269 -0.0028481 -0.00179083
internal_weight=733 384 303 80 223 79 349
internal_count=733 384 303 80 223 79 349
is_linear=0
shrinkage=0.05


Tree=46
num_leaves=8
num_cat=0
split_feature=3 1 1 5 5 0 1
split_gain=1.44795 1.0706 1.4494 1.80022 2.2056 1.33616 2.10548
threshold=0.0067211321177087511 -0.041775153476598707 -0.00050947536996154275 0.0098129150973892774 0.01041160956373759 -0.0029098558851349261 0.017210783245535381
decision_type=2 2 2 2 2 2 2
left_child=1 -1 3 -3 -5 -4 -7
right_child=-2 2 5 4 -6 6 -8
leaf_value=0.00011523074739191628 -6.4593704437412858e-05 -2.2528233435595163e-05 -1.855452004227709e-05 0.00010024909672812742 -1.8314240459781259e-05 9.0383993576807097e-05 8.535836564414583e-07
leaf_weight=28 35 205 81 48 61 142 141
leaf_count=28 35 205 81 48 61 142 141
internal_value=0.000641026 0.00113314 0.000737463 -0.00175159 0.00344037 0.00288462 0.0045053
internal_weight=741 706 678 314 109 364 283
internal_count=741 706 678 314 109 364 283
is_linear=0
shrinkage=0.05


Tree=47
num_leaves=8
num_cat=0
split_feature=9 4 7 4 3 10 10
split_gain=0.949276 1.72223 1.19281 1.18718 1.77869 1.91818 2.1254
threshold=0.072515082471502859 0.018373053398948767 0.036629619602289727 0.016517090553632995 -0.0046912067932716175 -0.0024295590031904175 0.00226028350274099
decision_type=10 2 2 2 2 2 2
left_child=2 -2 3 -1 -5 -6 -7
right_child=1 -3 -4 4 5 6 -8
leaf_value=-2.9668851746317414e-06 5.8238217934279734e-06 -0.00023789541955424257 3.6461057706017443e-05 -0.00015362167679297146 0.00011496215241572514 -7.7576381326925322e-05 8.5839429965931229e-05
leaf_weight=428 38 26 31 27 55 40 79
leaf_count=428 38 26 31 27 55 40 79
internal_value=0.000345304 -0.00546875 0.000909091 0.000437202 0.00360697 0.00545977 0.00189076
internal_weight=724 64 660 629 201 174 119
internal_count=724 64 660 629 201 174 119
is_linear=0
shrinkage=0.05


Tree=48
num_leaves=8
num_cat=0
split_feature=5 4 1 0 13 7 13
split_gain=0.980612 1.10904 1.87943 1.47848 1.39373 1.31044 1.47697
threshold=0.014669773916899916 0.017024052584881603 -0.029383891771200484 -0.0093777958586652704 19.329999923706058 0.036629619602289727 19.440000534057621
decision_type=2 2 2 2 2 2 2
left_child=1 5 -3 -4 -5 6 -1
right_child=-2 2 3 4 -6 -7 -8
leaf_value=-7.2923247987946067e-06 -3.921115023480075e-05 0.00011449027733137296 -8.6084958926772268e-05 9.2274768987900271e-05 -5.7817569496749528e-05 3.4130071257121311e-05 5.8739095091631375e-05
leaf_weight=431 27 29 31 83 44 28 63
leaf_count=431 27 29 31 83 44 28 63
internal_value=0.00101902 0.00137518 0.00467914 0.00253165 0.00492126 0.000191571 -0.000404858
internal_weight=736 709 187 158 127 522 494
internal_count=736 709 187 158 127 522 494
is_linear=0
shrinkage=0.05


Tree=49
num_leaves=8
num_cat=0
split_feature=15 5 15 9 1 1 11
split_gain=0.875616 1.36839 1.69116 1.34774 1.10048 0.969414 1.74396
threshold=-0.01482973392868858 0.011333745327842898 0.0015035407045583817 0.058634125640689268 -0.0073006079871899545 -1.0000000180025095e-35 0.0093910494145468277
decision_type=2 2 2 8 2 2 2
left_child=3 5 -3 4 -1 6 -2
right_child=1 2 -4 -5 -6 -7 -8
leaf_value=1.4071724973462735e-05 8.9005562761774544e-06 -0.00018659086629879186 2.0421244523713846e-06 0.00012238735549644845 -1.5758633532931936e-05 1.6560685804376559e-05 -7.0269729163233808e-05
leaf_weight=26 168 31 35 31 25 301 105
leaf_count=26 168 31 35 31 25 301 105
internal_value=0.000623269 0 -0.00681818 0.0054878 0.000490196 0.000783972 -0.00137363
internal_weight=722 640 66 82 51 574 273
internal_count=722 640 66 82 51 574 273
is_linear=0
shrinkage=0.05


Tree=50
num_leaves=8
num_cat=0
split_feature=15 10 11 7 5 1 3
split_gain=0.754644 1.28616 1.93483 1.66608 1.43402 1.27332 1.17488
threshold=0.0098040488040173086 0.0017576086312266483 -0.0047149308765757616 -0.024324503967853513 0.010651921012519355 -0.0091431093262240842 0.002489741717477512
decision_type=2 2 2 2 2 2 2
left_child=1 2 -1 -4 -3 -2 -7
right_child=5 4 3 -5 -6 6 -8
leaf_value=1.0695812015010155e-05 -8.4270815674908101e-05 2.6181129872802825e-05 5.667224584176207e-05 -5.6333182284499165e-05 0.00014489822714712332 -5.3923662711926953e-05 4.041685205183731e-05
leaf_weight=145 36 157 27 211 26 69 53
leaf_count=145 36 157 27 211 26 69 53
internal_value=0.000207182 0.00106007 -0.000587467 -0.00336134 0.0045082 -0.0028481 -0.000409836
internal_weight=724 566 383 238 183 158 122
internal_count=724 566 383 238 183 158 122
is_linear=0
shrinkage=0.05


Tree=51
num_leaves=8
num_cat=0
split_feature=9 6 10 10 4 0 9
split_gain=0.893052 1.11175 0.93654 1.66919 1.35078 1.31238 1.30245
threshold=0.072515082471502859 -0.32758510031761473 -0.0025714907564299279 -0.00010103151992763014 0.012888284655023835 -0.012993471525971299 -0.022861981357720825
decision_type=10 2 2 2 2 2 8
left_child=2 -2 5 4 -4 -1 -7
right_child=1 -3 3 -5 -6 6 -8
leaf_value=0.00016454618044256208 2.3542919507141312e-06 -0.0002180509432988382 3.3822898125063926e-05 1.0161021414259627e-05 -0.0001558465508814837 -5.7242703067022453e-05 1.3888703381187006e-05
leaf_weight=27 26 31 25 381 60 31 150
leaf_count=27 26 31 25 381 60 31 150
internal_value=0.000307798 -0.00570175 0.000816024 -0.000429185 -0.00676471 0.00360577 0.00207182
internal_weight=731 57 674 466 85 208 181
internal_count=731 57 674 466 85 208 181
is_linear=0
shrinkage=0.05


Tree=52
num_leaves=8
num_cat=0
split_feature=13 1 12 10 12 8 9
split_gain=1.19225 1.0365 0.919696 0.974849 1.08637 1.19212 1.90657
threshold=12.494999885559084 -0.041775153476598707 -0.040334954813934058 -0.013932241848525038 -0.027198413534659901 0.041039752572831552 0.04142114725360458
decision_type=2 2 2 2 2 10 8
left_child=-1 -2 -3 -4 -5 -6 -7
right_child=1 2 3 4 5 6 -8
leaf_value=-0.00017160699542423686 9.4749665309401453e-05 -1.5940409676268136e-05 -6.372646486220955e-05 3.1832305151116441e-05 4.1444528534879785e-07 5.9126669342490433e-05 8.6173513245696092e-06
leaf_weight=26 28 47 31 37 445 36 97
leaf_count=26 28 47 31 37 445 36 97
internal_value=0.000903614 0.00128294 0.000901876 0.00139319 0.00182927 0.00129758 0.00545113
internal_weight=747 721 693 646 615 578 133
internal_count=747 721 693 646 615 578 133
is_linear=0
shrinkage=0.05


Tree=53
num_leaves=8
num_cat=0
split_feature=5 11 16 4 0 7 7
split_gain=1.51655 1.36494 1.96207 1.27198 1.82768 1.02357 2.34995
threshold=0.010909593828007514 0.0069842899086436381 -0.021683245755177657 0.016621937679952407 0.0094043808384398648 0.025977529478049547 0.02053391738655375
decision_type=2 2 2 2 2 2 2
left_child=3 2 -2 5 -5 6 -1
right_child=1 -3 -4 4 -6 -7 -8
leaf_value=3.9372302108133841e-07 -4.298259559962605e-06 1.5965210633377961e-05 -0.00015406926029556714 9.1194407257734787e-05 -9.2905473331776937e-05 3.3356935696801173e-05 -8.8874389155127573e-05
leaf_weight=365 30 45 38 120 27 76 32
leaf_count=365 30 45 38 120 27 76 32
internal_value=0.000238745 -0.0050885 -0.00955882 0.00120968 0.00527211 -5.28541e-05 -0.00107053
internal_weight=733 113 68 620 147 473 397
internal_count=733 113 68 620 147 473 397
is_linear=0
shrinkage=0.05


Tree=54
num_leaves=8
num_cat=0
split_feature=10 13 9 5 9 9 1
split_gain=1.28338 1.73489 1.27042 1.85124 1.37741 1.249 1.83306
threshold=-0.0020232405724179277 20.865000724792484 -0.080067509533384804 0.0083200878043252508 -0.025770142603553977 0.04232118563677912 0.003181562613793099
decision_type=2 2 10 2 10 10 2
left_child=2 -2 3 -1 -4 -6 -7
right_child=1 -3 4 -5 5 6 -8
leaf_value=9.4874468030024459e-07 1.8342912106592263e-06 -0.00017360017733106196 -0.00014922620628392893 0.0001608115588633653 4.3677567792960844e-05 0.00016640668055709288 -0.00014096379655691862
leaf_weight=40 440 47 28 27 82 25 44
leaf_count=40 440 47 28 27 82 25 44
internal_value=0.000511596 -0.000975359 0.00345528 0.00932836 0.00125698 0.0031457 -0.00181159
internal_weight=733 487 246 67 179 151 69
internal_count=733 487 246 67 179 151 69
is_linear=0
shrinkage=0.05


Tree=55
num_leaves=8
num_cat=0
split_feature=1 1 14 0 8 2 15
split_gain=0.79754 1.08921 1.13034 0.632689 2.14937 1.549 1.17251
threshold=-0.043229154306810229 -0.023893754938732633 0.013307758970990903 0.0079458609818567911 -0.011907359051796072 0.012743191562812119 0.0010240323671152354
decision_type=2 2 2 2 8 2 2
left_child=-1 2 -2 -3 -5 -6 -7
right_child=1 3 -4 4 5 6 -8
leaf_value=0.00011698508867321626 -0.0001889659106365146 8.6002480163228355e-06 3.6246226905842837e-06 7.0513105706834501e-05 -0.00012952766961358292 -0.00012659506813853736 3.3172063566034875e-05
leaf_weight=26 39 502 36 28 32 26 51
leaf_count=26 39 502 36 28 32 26 51
internal_value=0.00101351 0.00070028 -0.005 0.00136933 -0.00164234 -0.00481651 -0.000974026
internal_weight=740 714 75 639 137 109 77
internal_count=740 714 75 639 137 109 77
is_linear=0
shrinkage=0.05


Tree=56
num_leaves=8
num_cat=0
split_feature=3 2 4 2 15 0 14
split_gain=1.22906 0.680164 1.5345 1.38423 2.55972 1.61333 1.15009
threshold=0.0067211321177087511 0.031233168866354969 0.021130692842282632 0.059792243869869928 0.0047357944755762613 -0.0013697102674363191 -1.0000000180025095e-35
decision_type=2 2 2 2 2 2 2
left_child=1 2 -1 4 -3 -5 -7
right_child=-2 3 -4 5 -6 6 -8
leaf_value=-1.6463765245875764e-06 -6.2283437666708647e-05 9.3213251194944758e-05 8.2104769684583645e-05 -5.2707811325675238e-05 -4.0628131527778792e-05 4.2545207865075867e-05 -1.0776075732876669e-06
leaf_weight=502 38 55 27 25 28 39 36
leaf_count=502 38 55 27 25 28 39 36
internal_value=0.000866667 0.00133427 0.000425331 0.00396175 0.00873494 0 0.00366667
internal_weight=750 712 529 183 83 100 75
internal_count=750 712 529 183 83 100 75
is_linear=0
shrinkage=0.05


Tree=57
num_leaves=8
num_cat=0
split_feature=10 12 16 6 2 9 6
split_gain=0.724316 1.0438 0.992281 1.68266 0.960227 1.22727 0.939269
threshold=-0.004502849423341281 -0.039191714476565991 0.010893109250300072 0.20678103611615092 -0.02270714865557721 0.028350235279572148 0.91826508795803341
decision_type=2 2 2 2 2 10 2
left_child=2 -2 3 4 -1 -6 -5
right_child=1 -3 -4 6 5 -7 -8
leaf_value=3.3279413596432613e-05 -0.00016346459975947515 4.6083609278462901e-06 5.7576395906134379e-05 -0.00013430773246563094 -5.3299780869538876e-05 0.00011365626539497055 1.3190694779195235e-05
leaf_weight=25 31 526 25 33 25 30 25
leaf_count=25 31 526 25 33 25 30 25
internal_value=0.000902778 4.48833e-05 0.00383436 0.00217391 0.006875 0.00318182 -0.00431034
internal_weight=720 557 163 138 80 55 58
internal_count=720 557 163 138 80 55 58
is_linear=0
shrinkage=0.05


Tree=58
num_leaves=8
num_cat=0
split_feature=11 5 1 14 11 1 10
split_gain=0.849202 2.04089 1.43085 2.43752 2.09674 1.43736 1.34503
threshold=-0.0047149308765757616 0.010690707938090968 -0.00082926624847623465 0.0033773755970502033 0.0079486171116383026 -0.029791837427573794 -0.0026636628961290705
decision_type=2 2 2 2 2 2 2
left_child=1 -1 5 4 -4 -2 -5
right_child=2 -3 3 6 -6 -7 -8
leaf_value=5.58748837394083e-05 5.7056605708994087e-05 -9.6669509615990174e-05 -1.1373448344897518e-05 6.6705176690468835e-05 4.6077438784888862e-05 -4.9699325287907585e-05 -9.420335777867609e-05
leaf_weight=164 34 53 58 45 130 178 69
leaf_count=164 34 53 58 45 130 178 69
internal_value=0.000718194 0.00334101 -0.000389105 0.00182119 0.00531915 -0.00353774 -0.00394737
internal_weight=731 217 514 302 188 212 114
internal_count=731 217 514 302 188 212 114
is_linear=0
shrinkage=0.05


Tree=59
num_leaves=8
num_cat=0
split_feature=6 6 8 9 16 16 9
split_gain=0.746185 1.47284 1.17515 2.01026 1.05599 1.50727 1.74699
threshold=-0.39235295544277887 -0.27656509242642002 0.042930144609557248 0.027785411657539675 0.0011164438646811272 0.0071348072619101819 0.0023919278116966152
decision_type=2 2 10 10 2 2 8
left_child=2 -2 -1 -4 -3 -6 -7
right_child=1 4 3 -5 5 6 -8
leaf_value=4.9036779219413518e-06 -0.00011949572879893828 -7.6900753161593617e-06 -8.0037122377136138e-06 9.9917456629894296e-05 0.00011196239597835801 5.7695220114890178e-05 -2.5070670981185238e-05
leaf_weight=238 39 194 26 39 33 43 125
leaf_count=238 39 194 26 39 33 43 125
internal_value=0.000983718 -0.000345622 0.00288779 0.00884615 0.00056962 0.00310945 0.00119048
internal_weight=737 434 303 65 395 201 168
internal_count=737 434 303 65 395 201 168
is_linear=0
shrinkage=0.05


Tree=60
num_leaves=8
num_cat=0
split_feature=3 13 4 13 7 14 4
split_gain=1.14074 0.918663 0.857912 1.43669 1.09954 1.19792 2.62089
threshold=0.0067211321177087511 12.494999885559084 0.015416451517670163 18.625000000000004 -0.0087630055665268696 -0.003811601511204465 0.017220887995427168
decision_type=2 2 2 2 2 2 2
left_child=1 -1 3 -3 5 6 -4
right_child=-2 2 4 -5 -6 -7 -8
leaf_value=-0.00010023799192381371 -5.3044032247224391e-05 -8.5655535994698294e-06 -7.9373545923831003e-05 4.5070457629270078e-05 3.6990222047677106e-06 0.00014888575392345987 0.00014630494110041381
leaf_weight=28 39 285 29 62 218 58 27
leaf_count=28 39 285 29 62 218 58 27
internal_value=0.00127346 0.00173267 0.00209867 0.000360231 0.00391566 0.00789474 0.00267857
internal_weight=746 707 679 347 332 114 56
internal_count=746 707 679 347 332 114 56
is_linear=0
shrinkage=0.05


Tree=61
num_leaves=8
num_cat=0
split_feature=0 8 4 0 0 16 7
split_gain=0.746607 1.31219 1.27013 1.5052 1.28064 1.34433 1.24017
threshold=0.0079458609818567911 -0.011907359051796072 0.01904732049928123 -0.0042351561181631072 -0.0029098558851349261 -0.020673096802470644 0.023443983615204837
decision_type=2 8 2 2 2 2 2
left_child=2 -2 4 -4 5 -1 -6
right_child=1 -3 3 -5 6 -7 -8
leaf_value=7.833815402190792e-05 5.4653204344266029e-05 -4.1960803784786652e-05 0.00011102916427879083 4.9137243247079694e-06 6.1108845916354152e-06 -2.8906372456286371e-05 2.5803862975491851e-05
leaf_weight=43 37 109 27 32 233 192 67
leaf_count=43 37 109 27 32 233 192 67
internal_value=0.00114865 -0.00205479 0.00193603 0.00889831 0.00116822 -0.00159574 0.00333333
internal_weight=740 146 594 59 535 235 300
internal_count=740 146 594 59 535 235 300
is_linear=0
shrinkage=0.05


Tree=62
num_leaves=8
num_cat=0
split_feature=7 7 14 0 3 8 6
split_gain=0.747778 1.35561 1.5706 1.06171 1.00337 1.65247 1.8057
threshold=0.036629619602289727 0.02053391738655375 0.0099337720355521259 0.005196165163923073 0.00013550109239757194 0.05069763600460598 -1.0371503271590916
decision_type=2 2 2 2 2 8 2
left_child=1 4 3 -3 -1 6 -6
right_child=-2 2 -4 -5 5 -7 -8
leaf_value=1.0709374536412845e-05 1.609962288620214e-05 -9.9135920323367627e-06 -6.5870666441664066e-05 9.465822334549462e-05 6.4289149807094539e-05 6.0718164917332581e-05 -1.7059525465555637e-05
leaf_weight=291 43 41 50 28 26 27 220
leaf_count=291 43 41 50 28 26 27 220
internal_value=0 -0.000402635 -0.0052521 -0.000362319 0.000620567 -0.00155678 -0.00284553
internal_weight=726 683 119 69 564 273 246
internal_count=726 683 119 69 564 273 246
is_linear=0
shrinkage=0.05


Tree=63
num_leaves=8
num_cat=0
split_feature=5 8 8 13 15 10 14
split_gain=1.04629 1.08325 1.95056 1.26837 1.09327 1.36481 1.09837
threshold=0.014823696093354917 0.073384480646755304 0.063067102185613746 13.174999713897707 0.010673304530720131 0.0059300499627189538 -0.054107623009077337
decision_type=2 8 10 2 2 2 2
left_child=1 2 3 -1 5 -5 -7
right_child=-2 -3 -4 4 -6 6 -8
leaf_value=-0.00016743607428140535 -4.6945701998138173e-05 -2.3276695686624002e-05 8.0560557659206005e-05 5.5077513793092008e-06 -3.1067614826230671e-05 1.198617975908937e-05 0.0001806662922993427
leaf_weight=57 26 60 36 395 102 31 32
leaf_count=57 26 60 36 395 102 31 32
internal_value=0.000236806 0.000596073 0.00118683 0.000526742 0.00125 0.00229258 0.00912698
internal_weight=739 713 653 617 560 458 63
internal_count=739 713 653 617 560 458 63
is_linear=0
shrinkage=0.05


Tree=64
num_leaves=8
num_cat=0
split_feature=9 11 11 9 9 10 15
split_gain=1.17894 0.92256 1.48205 1.10769 1.21796 1.00229 1.58473
threshold=0.085100995593515485 -0.0094173901882642057 -0.011803471640552064 0.047041145562652938 -1.0000000180025095e-35 0.01436534903475606 0.010673304530720131
decision_type=10 2 2 10 8 2 2
left_child=1 2 3 4 -1 6 -3
right_child=-2 5 -4 -5 -6 -7 -8
leaf_value=9.4696619453740706e-05 -9.6498814311866794e-05 1.338945996180339e-06 8.797546519227825e-05 8.8409564496161092e-05 -1.8792793613540626e-05 3.8079032198958498e-05 -4.8726327167119765e-05
leaf_weight=41 31 435 26 26 63 31 89
leaf_count=41 31 435 26 26 63 31 89
internal_value=0.000673854 0.00109001 0.00448718 0.00230769 0 0.000135135 -0.000381679
internal_weight=742 711 156 130 104 555 524
internal_count=742 711 156 130 104 555 524
is_linear=0
shrinkage=0.05


Tree=65
num_leaves=8
num_cat=0
split_feature=3 9 3 9 2 14 16
split_gain=1.09265 0.810783 1.17813 1.4236 1.53651 1.2367 1.38187
threshold=0.0073152830535465627 -0.044374345806716335 -0.0033049995746099454 0.039869945891385157 -0.0072724153526712012 0.11108526702174228 -0.015042583916406281
decision_type=2 8 2 10 2 2 2
left_child=1 -1 3 4 -3 6 -4
right_child=-2 2 5 -5 -6 -7 -8
leaf_value=-3.920321675931465e-05 -4.677656206063452e-05 -0.00011981524730262979 -1.1983369595224914e-05 -4.1406026392834271e-05 7.8207721819353697e-05 8.6344610626085135e-05 1.6057687865241121e-05
leaf_weight=66 31 45 88 29 35 28 399
leaf_count=66 31 45 88 29 35 28 399
internal_value=0.000312067 0.000724638 0.00128205 -0.00344037 0 0.00228155 0.00169405
internal_weight=721 690 624 109 80 515 487
internal_count=721 690 624 109 80 515 487
is_linear=0
shrinkage=0.05


end of trees

feature_importances:
dist_ma200=43
atr_pct=38
ret_5d=37
overnight_gap=35
spy_ret_5d=32
ret_20d=27
dist_ma20=27
ret_1d=26
dvol_z_20=26
dist_ma50=26
sector_ret_1d=26
parkinson_20=24
vix_chg_1d=22
spy_ret_1d=21
vix_level=21
spy_ret_20d=19
sector_ret_5d=12

parameters:
[boosting: gbdt]
[objective: quantile]
[metric: quantile]
[tree_learner: serial]
[device_type: cpu]
[data_sample_strategy: bagging]
[data: ]
[valid: ]
[num_iterations: 80]
[learning_rate: 0.05]
[num_leaves: 8]
[num_threads: 1]
[seed: 0]
[deterministic: 0]
[force_col_wise: 1]
[force_row_wise: 0]
[histogram_pool_size: -1]
[max_depth: -1]
[min_data_in_leaf: 25]
[min_sum_hessian_in_leaf: 0.001]
[bagging_fraction: 0.9]
[pos_bagging_fraction: 1]
[neg_bagging_fraction: 1]
[bagging_freq: 1]
[bagging_seed: 3]
[bagging_by_query: 0]
[feature_fraction: 0.9]
[feature_fraction_bynode: 1]
[feature_fraction_seed: 2]
[extra_trees: 0]
[extra_seed: 6]
[early_stopping_round: 0]
[early_stopping_min_delta: 0]
[first_metric_only: 0]
[max_delta_step: 0]
[lambda_l1: 0]
[lambda_l2: 0]
[linear_lambda: 0]
[min_gain_to_split: 0]
[drop_rate: 0.1]
[max_drop: 50]
[skip_drop: 0.5]
[xgboost_dart_mode: 0]
[uniform_drop: 0]
[drop_seed: 4]
[top_rate: 0.2]
[other_rate: 0.1]
[min_data_per_group: 100]
[max_cat_threshold: 32]
[cat_l2: 10]
[cat_smooth: 10]
[max_cat_to_onehot: 4]
[top_k: 20]
[monotone_constraints: ]
[monotone_constraints_method: basic]
[monotone_penalty: 0]
[feature_contri: ]
[forcedsplits_filename: ]
[refit_decay_rate: 0.9]
[cegb_tradeoff: 1]
[cegb_penalty_split: 0]
[cegb_penalty_feature_lazy: ]
[cegb_penalty_feature_coupled: ]
[path_smooth: 0]
[interaction_constraints: ]
[verbosity: -1]
[saved_feature_importance_type: 0]
[use_quantized_grad: 0]
[num_grad_quant_bins: 4]
[quant_train_renew_leaf: 0]
[stochastic_rounding: 1]
[linear_tree: 0]
[max_bin: 255]
[max_bin_by_feature: ]
[min_data_in_bin: 3]
[bin_construct_sample_cnt: 200000]
[data_random_seed: 1]
[is_enable_sparse: 1]
[enable_bundle: 1]
[use_missing: 1]
[zero_as_missing: 0]
[feature_pre_filter: 1]
[pre_partition: 0]
[two_round: 0]
[header: 0]
[label_column: ]
[weight_column: ]
[group_column: ]
[ignore_column: ]
[categorical_feature: ]
[forcedbins_filename: ]
[precise_float_parser: 0]
[parser_config_file: ]
[objective_seed: 5]
[num_class: 1]
[is_unbalance: 0]
[scale_pos_weight: 1]
[sigmoid: 1]
[boost_from_average: 1]
[reg_sqrt: 0]
[alpha: 0.5]
[fair_c: 1]
[poisson_max_delta_step: 0.7]
[tweedie_variance_power: 1.5]
[lambdarank_truncation_level: 30]
[lambdarank_norm: 1]
[label_gain: ]
[lambdarank_position_bias_regularization: 0]
[eval_at: ]
[multi_error_top_k: 1]
[auc_mu_weights: ]
[num_machines: 1]
[local_listen_port: 12400]
[time_out: 120]
[machine_list_filename: ]
[machines: ]
[gpu_platform_id: -1]
[gpu_device_id: -1]
[gpu_device_id_list: ]
[gpu_use_dp: 0]
[num_gpu: 1]

end of parameters

pandas_categorical:[]
