tree
version=v4
num_class=1
num_tree_per_iteration=1
label_index=0
max_feature_idx=16
objective=quantile
feature_names=ret_1d ret_5d ret_20d overnight_gap atr_pct parkinson_20 dvol_z_20 dist_ma20 dist_ma50 dist_ma200 spy_ret_1d spy_ret_5d spy_ret_20d vix_level vix_chg_1d sector_ret_1d sector_ret_5d
feature_infos=[-0.20313395757691566:0.11391743598676207] [-0.24878400288236346:0.15216858613085038] [-0.3222337842525147:0.24991261796574626] [-0.18048920313395755:0.084839857651245465] [0.019318443698055864:0.061491415291216107] [0.011625251135338169:0.03189946528241918] [-1.9022098663501021:4.2854405842013055] [-0.25612438942540738:0.12638761584682756] [-0.30961691525071811:0.17492055201312251] [-0.40977310321834515:0.30587470941589623] [-0.058542947643003718:0.10501933612632941] [-0.11496158439845272:0.082843216242346029] [-0.12265592443394913:0.15756596870864792] [11.859999656677246:52.330001831054688] [-0.35753873962348437:0.74039073966007019] [-0.073180960369049974:0.075364298724954315] [-0.12187673514714059:0.078003457216940353]
tree_sizes=846 857 854 849 858 865 847 853 847 865 853 861 849 864 851 860 856 858 864

Tree=0
num_leaves=8
num_cat=0
split_feature=10 6 8 16 8 9 5
split_gain=3.19068 2.36954 2.41445 2.14896 1.89083 2.01721 2.53855
threshold=0.0080340487242571718 -0.41158029226421489 0.069501897996656861 0.0051423895922887439 -0.045671737306219144 0.29480080877216658 0.015857152241919803
decision_type=2 2 10 2 10 8 2
left_child=1 2 -1 -2 -3 6 -6
right_child=3 4 -4 -5 5 -7 -8
leaf_value=-0.010454630479216576 -0.010474857315421105 -0.010695661045610904 -0.01023858126718551 -0.010207954188808798 -0.010252746869809926 -0.010740231769159437 -0.010586457978934049
leaf_weight=221 47 146 59 80 55 30 112
leaf_count=221 47 146 59 80 55 30 112
internal_value=-0.0107691 -0.0122415 -0.00882859 -0.00354597 -0.0150276 -0.0118317 -0.00968723
internal_weight=750 623 280 127 343 197 167
internal_count=750 623 280 127 343 197 167
is_linear=0
shrinkage=1


Tree=1
num_leaves=8
num_cat=0
split_feature=4 10 16 8 1 8 1
split_gain=2.63837 3.04755 1.96748 1.84011 1.16575 1.12297 1.57475
threshold=0.039331488560992424 0.0081956956278671517 0.0051423895922887439 -0.01811230704152372 -0.011714590080866503 -0.048399103214059984 -0.011414741075944033
decision_type=2 2 2 8 2 10 2
left_child=1 5 -3 4 -2 -1 -7
right_child=3 2 -4 -5 -6 6 -8
leaf_value=-0.0001347836293280125 4.8756301403045641e-05 6.3226483762264277e-05 0.00026500806445255875 -0.00072670959169045095 -0.0003418209031224251 0.00020399686472956092 -1.1837908532470483e-05
leaf_weight=187 51 41 63 32 26 92 242
leaf_count=187 51 41 63 32 26 92 242
internal_value=6.81199e-05 0.00132 0.00913462 -0.00711009 -0.00292208 -0.000239923 0.00149701
internal_weight=734 625 104 109 77 521 334
internal_count=734 625 104 109 77 521 334
is_linear=0
shrinkage=0.05


Tree=2
num_leaves=8
num_cat=0
split_feature=4 6 16 0 1 8 6
split_gain=2.59891 3.57636 2.35655 2.0359 2.10622 2.06869 1.96129
threshold=0.03176083446409627 -0.1576092885679517 0.0027568250876235383 0.015657155502872281 0.0047174971031285215 -0.056149206788129895 1.0000000180025095e-35
decision_type=2 2 2 2 2 8 2
left_child=2 3 -1 4 5 -2 -4
right_child=1 -3 6 -5 -6 -7 -8
leaf_value=-9.5743414945900429e-05 0.00029189269151538611 -0.00035504924971610312 6.4040256402222482e-05 0.00026662316644797103 -0.00042197958473116161 -0.00011760392395080999 0.00020673103199806065
leaf_weight=231 36 95 209 26 35 30 87
leaf_count=231 36 95 209 26 35 30 87
internal_value=3.33778e-05 -0.0045045 0.00194497 0.000984252 -0.00222772 0.0030303 0.00489865
internal_weight=749 222 527 127 101 66 296
internal_count=749 222 527 127 101 66 296
is_linear=0
shrinkage=0.05


Tree=3
num_leaves=8
num_cat=0
split_feature=4 10 10 12 8 6 13
split_gain=2.78034 3.46303 2.36685 2.22108 1.62887 1.60404 2.1257
threshold=0.030895275595351223 0.0083253127378262199 -0.010112214023305697 0.022797262083818274 0.10809774246101579 0.7277306816232173 24.855000495910648
decision_type=2 2 2 2 10 2 2
left_child=1 2 -1 -3 -4 6 -2
right_child=5 3 4 -5 -6 -7 -8
leaf_value=-0.00034111140210734445 -0.00013745567000587471 4.2800784675637275e-05 5.6093644462089326e-05 0.00025426858558275859 -0.00028805146532540673 -0.00040392549879034048 0.00029414833080663815
leaf_weight=36 173 32 360 42 28 41 31
leaf_count=36 173 32 360 42 28 41 31
internal_value=-0.0006393 0.00150602 -0.000235849 0.0114865 0.000902062 -0.005 -0.00318627
internal_weight=743 498 424 74 388 245 204
internal_count=743 498 424 74 388 245 204
is_linear=0
shrinkage=0.05


Tree=4
num_leaves=8
num_cat=0
split_feature=16 8 6 1 14 3 3
split_gain=2.13327 3.81605 2.81006 2.45512 2.41797 1.40278 2.03243
threshold=0.0037444116572151746 -0.11150685043431023 -0.15410751639082895 0.028601893986395569 -0.062752290881895975 0.0032371257419430148 -0.0027173657348655285
decision_type=2 10 2 2 2 2 2
left_child=2 -2 5 -4 -3 6 -1
right_child=1 4 3 -5 -6 -7 -8
leaf_value=0.00016808458002586128 -0.00036749555120099101 0.00029595910383010049 -0.0001217419118035832 -0.00063584628226792119 6.5723842082807043e-05 0.00017756720312198018 -0.00020739737953903378
leaf_weight=74 31 43 141 26 305 71 55
leaf_count=74 31 43 141 26 305 71 55
internal_value=0.000469169 0.00310026 -0.00224796 -0.00703593 0.0045977 0.00175 -0.00135659
internal_weight=746 379 367 167 348 200 129
internal_count=746 379 367 167 348 200 129
is_linear=0
shrinkage=0.05


Tree=5
num_leaves=8
num_cat=0
split_feature=4 16 10 0 16 1 1
split_gain=2.34874 2.44295 2.75389 2.05503 2.51299 2.94471 1.77853
threshold=0.033060434734241945 0.0027568250876235383 0.0063549494884102007 -0.0016143348458259041 0.025989771031771917 0.034038176092390134 -0.011414741075944033
decision_type=2 2 2 2 2 2 2
left_child=1 6 3 -3 5 -5 -1
right_child=-2 2 -4 4 -6 -7 -8
leaf_value=5.7188609558767037e-05 -0.00018123930339848261 0.00015937277931966687 0.00021274598481653089 -8.9083790352186001e-05 -0.00034982643320302301 0.00029432516975818734 -0.00024853537536296335
leaf_weight=130 187 93 76 72 33 32 114
leaf_count=130 187 93 76 72 33 32 114
internal_value=-0.000373134 0.00127273 0.00424837 0.00152174 -0.00237226 0.00144231 -0.00245902
internal_weight=737 550 306 230 137 104 244
internal_count=737 550 306 230 137 104 244
is_linear=0
shrinkage=0.05


Tree=6
num_leaves=8
num_cat=0
split_feature=10 8 13 0 11 3 2
split_gain=2.02004 1.91082 1.76574 1.36531 1.28233 1.12649 3.30332
threshold=0.0091157700665586167 -0.04669723002732367 18.625000000000004 0.019674773424985918 0.014319949991421945 -0.0032525788260427397 -0.056579707988488541
decision_type=2 10 2 2 2 2 2
left_child=1 5 4 -3 -2 6 -1
right_child=2 3 -4 -5 -6 -7 -8
leaf_value=0.00016864893815111319 9.4745720856992399e-05 6.7845842845652875e-05 -9.7495960283484418e-05 -0.0001296721188210918 0.00027255490008509738 -0.00018094699291211838 -0.00029469039231482495
leaf_weight=65 40 337 34 49 31 149 41
leaf_count=65 40 337 34 49 31 149 41
internal_value=0 -0.00105304 0.00642857 0.0011658 0.0109155 -0.00441176 -0.000471698
internal_weight=746 641 105 386 71 255 106
internal_count=746 641 105 386 71 255 106
is_linear=0
shrinkage=0.05


Tree=7
num_leaves=8
num_cat=0
split_feature=10 6 0 4 9 7 4
split_gain=1.98922 1.94274 2.77518 1.9348 1.53395 1.53342 2.32977
threshold=0.0080340487242571718 -0.50012445239208425 -0.0016143348458259041 0.030895275595351223 -0.071634021940007606 0.0095665877395889626 0.027856985201716453
decision_type=2 2 2 2 8 2 2
left_child=1 2 5 -2 -4 6 -1
right_child=3 -3 4 -5 -6 -7 -8
leaf_value=-0.00045404576490926552 0.00015259603107557805 -0.00011882611788776024 -0.00026212884695492122 -2.570346502540036e-05 2.2935933334568197e-05 0.00022700517829406773 0.00029667724537877586
leaf_weight=25 76 373 37 54 94 45 41
leaf_count=25 76 373 37 54 94 45 41
internal_value=-0.000234899 -0.00142276 0.00206612 0.00538462 -0.0028626 0.00788288 0.0030303
internal_weight=745 615 242 130 131 111 66
internal_count=745 615 242 130 131 111 66
is_linear=0
shrinkage=0.05


Tree=8
num_leaves=8
num_cat=0
split_feature=8 14 13 8 2 15 13
split_gain=2.02512 1.3986 2.2893 1.37177 1.3059 2.22435 1.63754
threshold=-0.04669723002732367 0.053057710402313336 18.719999313354496 0.1153901803290165 0.078083754070786729 -0.00028890583246854446 13.34500026702881
decision_type=10 2 2 10 2 2 2
left_child=-1 3 -3 4 6 -6 -2
right_child=1 2 -4 -5 5 -7 -8
leaf_value=-6.861969394309983e-05 -0.00024902240460717519 -0.00035629231163929014 0.00011222668594167541 -0.00028357582388922382 -6.3030422707204691e-06 0.00018002389192898067 0.00011884953823863321
leaf_weight=296 43 46 26 26 31 51 245
leaf_count=296 43 46 26 26 31 51 245
internal_value=0.000196335 0.00224359 -0.00416667 0.00340909 0.00418919 0.0097561 0.00260417
internal_weight=764 468 72 396 370 82 288
internal_count=764 468 72 396 370 82 288
is_linear=0
shrinkage=0.05


Tree=9
num_leaves=8
num_cat=0
split_feature=6 3 3 4 14 10 7
split_gain=2.66882 2.86819 1.96511 1.87977 3.36415 2.46654 1.96716
threshold=-0.41158029226421489 0.0035148149753579942 -0.0028041038232113897 0.030486106619357831 0.053057710402313336 -0.0049441493240062187 0.034824608293593136
decision_type=2 2 2 2 2 2 2
left_child=1 2 -1 4 6 -5 -2
right_child=3 -3 -4 5 -6 -7 -8
leaf_value=0.00012133206619162953 0.00012454573900863732 0.00020761078781513789 -5.106986533447234e-05 0.0001751949916987025 -0.00034129705030240402 -0.00026921988399297622 -0.00011820889283454731
leaf_weight=118 153 98 117 40 44 112 62
leaf_count=118 153 98 117 40 44 112 62
internal_value=0.000201613 0.00352853 0.000531915 -0.00249392 9.65251e-05 -0.00690789 0.00267442
internal_weight=744 333 235 411 259 152 215
internal_count=744 333 235 411 259 152 215
is_linear=0
shrinkage=0.05


Tree=10
num_leaves=8
num_cat=0
split_feature=6 2 16 9 0 10 10
split_gain=2.05918 2.70332 2.70109 2.01628 1.63337 1.60839 1.51192
threshold=0.29843167253246311 0.078083754070786729 0.002438037163635332 0.076537270021271434 0.0020535041347569121 0.0042053175774743332 0.0080340487242571718
decision_type=2 2 2 8 2 2 2
left_child=1 6 -2 -4 -3 -6 -1
right_child=2 4 3 -5 5 -7 -8
leaf_value=-4.0694249034722986e-05 -0.00025565541737003489 0.0002158675030213103 0.00016262635756844501 -9.1266821047006862e-05 -0.0001478826085465566 0.00017463684811325675 0.00012311599845184085
leaf_weight=386 106 38 57 28 31 28 75
leaf_count=386 106 38 57 28 31 28 75
internal_value=-0.000100134 0.00143369 -0.00458115 0.00205882 0.00902062 0.00381356 -0.00016269
internal_weight=749 558 191 85 97 59 461
internal_count=749 558 191 85 97 59 461
is_linear=0
shrinkage=0.05


Tree=11
num_leaves=8
num_cat=0
split_feature=10 11 6 0 7 1 4
split_gain=1.72071 1.88512 1.73442 2.27045 1.67116 1.42079 2.13757
threshold=0.0079281372903893272 0.012210524759260101 -0.49091050697187977 -0.0016143348458259041 0.0095665877395889626 -0.017143098817859578 0.03318303257186609
decision_type=2 2 2 2 2 2 2
left_child=2 -2 3 4 -1 6 -4
right_child=1 -3 5 -5 -6 -7 -8
leaf_value=9.7876483776908381e-05 -1.3895537777326023e-06 0.00015277288695623049 0.0001544950396900228 -3.7429302389317427e-05 0.00021696464911885604 -0.00017375085358572497 -0.00017596907899366027
leaf_weight=66 65 67 91 137 43 221 57
leaf_count=66 65 67 91 137 43 221 57
internal_value=0.000502008 0.00568182 -0.000609756 0.00264228 0.00802752 -0.00277778 0.00101351
internal_weight=747 132 615 246 109 369 148
internal_count=747 132 615 246 109 369 148
is_linear=0
shrinkage=0.05


Tree=12
num_leaves=8
num_cat=0
split_feature=8 6 13 10 11 1 0
split_gain=1.5844 3.46184 1.71469 1.42917 1.58187 1.09771 1.91961
threshold=0.07153682268346874 0.17391193637473304 18.015000343322757 0.0091157700665586167 0.0086495995411973742 -0.017143098817859578 0.0019328177587191189
decision_type=10 2 2 2 2 2 2
left_child=3 2 -2 5 -5 6 -1
right_child=1 -3 -4 4 -6 -7 -8
leaf_value=0.00014809247264317889 0.00020201191711524886 -0.00017591851886319764 4.3183449038250447e-05 -2.0716086377423927e-06 0.0002013297066807895 -0.00013473574121378008 -0.00014571621622494658
leaf_weight=162 56 37 32 43 45 301 58
leaf_count=162 56 37 32 43 45 301 58
internal_value=0.00027248 0.0054 0.0107955 -0.000779967 0.00511364 -0.00177543 0.000909091
internal_weight=734 125 88 609 88 521 220
internal_count=734 125 88 609 88 521 220
is_linear=0
shrinkage=0.05


Tree=13
num_leaves=8
num_cat=0
split_feature=16 3 10 14 2 8 16
split_gain=1.68323 1.8919 1.86154 1.8309 1.33374 1.32712 1.52311
threshold=0.0037444116572151746 0.0080065849929968919 0.0079281372903893272 -0.04578454363779693 0.097792464393931758 0.045724281274990848 -0.010518498384392004
decision_type=2 2 2 2 2 10 2
left_child=1 5 3 -2 -5 6 -1
right_child=2 -3 -4 4 -6 -7 -8
leaf_value=6.3921993695937899e-05 -0.00022910689955572957 -0.00039649214598473268 0.00012692346389085894 1.4570476090756219e-05 0.00012007976862091278 8.1716700449108087e-05 -0.00019185888024273788
leaf_weight=135 31 55 81 226 39 59 119
leaf_count=135 31 55 81 226 39 59 119
internal_value=0.000503356 -0.00190217 0.00285146 0.00101351 0.00235849 -0.000399361 -0.0019685
internal_weight=745 368 377 296 265 313 254
internal_count=745 368 377 296 265 313 254
is_linear=0
shrinkage=0.05


Tree=14
num_leaves=8
num_cat=0
split_feature=1 15 8 2 4 14 0
split_gain=1.45974 1.6554 2.95418 2.26059 2.52163 2.57031 2.03672
threshold=-0.06627084591645703 0.0027654380575841135 0.099376541775715213 0.078083754070786729 0.02739182479882225 -0.01013918808565367 0.00045964507250439995
decision_type=2 2 8 2 2 2 2
left_child=-1 -2 3 4 5 -3 -6
right_child=1 2 -4 -5 6 -7 -8
leaf_value=-0.00016295137675950458 -1.5498189366241556e-05 0.00024236263967171721 -0.0002631714967378172 0.00021283350426147993 6.8586065920816329e-05 -5.881177169143647e-05 -0.0001013772264867153
leaf_weight=60 382 54 39 36 36 29 83
leaf_count=60 382 54 39 36 36 29 83
internal_value=0.000799722 0.00147951 0.00442238 0.00651261 0.00445545 0.0111446 -0.000210084
internal_weight=719 659 277 238 202 83 119
internal_count=719 659 277 238 202 83 119
is_linear=0
shrinkage=0.05


Tree=15
num_leaves=8
num_cat=0
split_feature=8 2 5 5 5 1 11
split_gain=1.56287 1.46035 1.41173 1.47744 1.57453 1.38722 1.47918
threshold=-0.048399103214059984 -0.00977501263033481 0.024779434427555817 0.018499750530672852 0.018010917385325356 -0.011090463015469619 -0.00075478711004894883
decision_type=10 2 2 2 2 2 2
left_child=1 -1 3 4 5 6 -2
right_child=2 -3 -4 -5 -6 -7 -8
leaf_value=-4.9299906931988931e-05 0.00030671023997327126 -0.00046291221613268819 -0.00018670626493855021 0.00014845911784441081 -0.00020070621126819715 6.8587580651165332e-06 3.1932843671634262e-05
leaf_weight=247 48 36 33 59 32 247 41
leaf_count=247 48 36 33 59 32 247 41
internal_value=-0.000168237 -0.00309187 0.00163043 0.00240047 0.00122283 0.00223214 0.00758427
internal_weight=743 283 460 427 368 336 89
internal_count=743 283 460 427 368 336 89
is_linear=0
shrinkage=0.05


Tree=16
num_leaves=8
num_cat=0
split_feature=13 14 8 16 15 1 10
split_gain=1.55389 1.72693 1.66865 1.57279 1.39655 1.17887 1.58447
threshold=17.994999885559086 -0.06426442822534599 -0.10535027787798722 -0.0051526790069073005 0.0087431798419538315 -0.0293147358702982 0.0090796320143422555
decision_type=2 2 10 2 2 2 2
left_child=1 4 3 -2 -1 -4 -7
right_child=2 -3 5 -5 -6 6 -8
leaf_value=0.00052128601855240997 -0.00010022742443888799 1.4491164381557915e-05 0.00023100203704511883 -0.00035976035757984766 3.6191454495839319e-05 -0.00031761403252431931 0.00024537848052776583
leaf_weight=29 49 447 45 35 29 98 25
leaf_count=29 49 447 45 35 29 98 25
internal_value=0.000627477 0.00222772 -0.00257937 -0.00833333 0.0103448 0.000297619 -0.00223577
internal_weight=757 505 252 84 58 168 123
internal_count=757 505 252 84 58 168 123
is_linear=0
shrinkage=0.05


Tree=17
num_leaves=8
num_cat=0
split_feature=2 11 11 7 6 3 3
split_gain=1.38923 2.69906 1.53938 1.19048 1.22851 1.14753 1.78286
threshold=0.080449877165258213 0.0056453064529209404 -0.0025546673887277822 0.052989356541872541 -1.2048401508870035 0.0035148149753579942 0.0046208599474123488
decision_type=2 2 2 2 2 2 2
left_child=3 2 -2 4 -1 -6 -7
right_child=1 -3 -4 -5 5 6 -8
leaf_value=-0.00016350400796394393 0.00017938724684250708 0.00013108922411735931 -0.00031584460259839758 -0.0002699293565570549 -7.6922724281174203e-06 0.00028004655908536995 4.5497282235576823e-05
leaf_weight=29 28 76 26 27 385 34 141
leaf_count=29 28 76 26 27 385 34 141
internal_value=0.00107239 0.00576923 -0.00277778 8.11688e-05 0.000551783 0.00107143 0.00442857
internal_weight=746 130 54 616 589 560 175
internal_count=746 130 54 616 589 560 175
is_linear=0
shrinkage=0.05


Tree=18
num_leaves=8
num_cat=0
split_feature=0 8 6 12 12 14 1
split_gain=1.7845 1.59575 2.10253 1.55696 2.11778 1.5238 1.9321
threshold=0.02974472568270348 0.07153682268346874 0.17391193637473304 -0.022997205585478738 -0.014960346116785426 -0.034895651013681799 -0.017143098817859578
decision_type=2 10 2 2 2 2 2
left_child=1 3 -3 -1 -5 -6 -7
right_child=-2 2 -4 4 5 6 -8
leaf_value=0.00017211326314703606 -0.0001079338643697996 0.00011534669506309938 -0.00015402669304977304 -0.00045202893518206215 7.8452656388785814e-05 5.7936974106499905e-05 -0.00017118428314231787
leaf_weight=111 51 89 26 28 110 145 193
leaf_count=111 51 89 26 28 110 145 193
internal_value=0.000697211 0.00135328 0.00673913 0.000298126 -0.000945378 -0.000111607 -0.00177515
internal_weight=753 702 115 587 476 448 338
internal_count=753 702 115 587 476 448 338
is_linear=0
shrinkage=0.05


end of trees

feature_importances:
dist_ma50=16
spy_ret_1d=14
ret_5d=12
dvol_z_20=12
sector_ret_5d=10
ret_1d=9
atr_pct=9
overnight_gap=8
ret_20d=7
vix_chg_1d=7
spy_ret_5d=6
vix_level=6
parkinson_20=4
dist_ma20=4
dist_ma200=3
spy_ret_20d=3
sector_ret_1d=3

parameters:
[boosting: gbdt]
[objective: quantile]
[metric: quantile]
[tree_learner: serial]
[device_type: cpu]
[data_sample_strategy: bagging]
[data: ]
[valid: ]
[num_iterations: 80]
[learning_rate: 0.05]
[num_leaves: 8]
[num_threads: 1]
[seed: 0]
[deterministic: 0]
[force_col_wise: 1]
[force_row_wise: 0]
[histogram_pool_size: -1]
[max_depth: -1]
[min_data_in_leaf: 25]
[min_sum_hessian_in_leaf: 0.001]
[bagging_fraction: 0.9]
[pos_bagging_fraction: 1]
[neg_bagging_fraction: 1]
[bagging_freq: 1]
[bagging_seed: 3]
[bagging_by_query: 0]
[feature_fraction: 0.9]
[feature_fraction_bynode: 1]
[feature_fraction_seed: 2]
[extra_trees: 0]
[extra_seed: 6]
[early_stopping_round: 0]
[early_stopping_min_delta: 0]
[first_metric_only: 0]
[max_delta_step: 0]
[lambda_l1: 0]
[lambda_l2: 0]
[linear_lambda: 0]
[min_gain_to_split: 0]
[drop_rate: 0.1]
[max_drop: 50]
[skip_drop: 0.5]
[xgboost_dart_mode: 0]
[uniform_drop: 0]
[drop_seed: 4]
[top_rate: 0.2]
[other_rate: 0.1]
[min_data_per_group: 100]
[max_cat_threshold: 32]
[cat_l2: 10]
[cat_smooth: 10]
[max_cat_to_onehot: 4]
[top_k: 20]
[monotone_constraints: ]
[monotone_constraints_method: basic]
[monotone_penalty: 0]
[feature_contri: ]
[forcedsplits_filename: ]
[refit_decay_rate: 0.9]
[cegb_tradeoff: 1]
[cegb_penalty_split: 0]
[cegb_penalty_feature_lazy: ]
[cegb_penalty_feature_coupled: ]
[path_smooth: 0]
[interaction_constraints: ]
[verbosity: -1]
[saved_feature_importance_type: 0]
[use_quantized_grad: 0]
[num_grad_quant_bins: 4]
[quant_train_renew_leaf: 0]
[stochastic_rounding: 1]
[linear_tree: 0]
[max_bin: 255]
[max_bin_by_feature: ]
[min_data_in_bin: 3]
[bin_construct_sample_cnt: 200000]
[data_random_seed: 1]
[is_enable_sparse: 1]
[enable_bundle: 1]
[use_missing: 1]
[zero_as_missing: 0]
[feature_pre_filter: 1]
[pre_partition: 0]
[two_round: 0]
[header: 0]
[label_column: ]
[weight_column: ]
[group_column: ]
[ignore_column: ]
[categorical_feature: ]
[forcedbins_filename: ]
[precise_float_parser: 0]
[parser_config_file: ]
[objective_seed: 5]
[num_class: 1]
[is_unbalance: 0]
[scale_pos_weight: 1]
[sigmoid: 1]
[boost_from_average: 1]
[reg_sqrt: 0]
[alpha: 0.5]
[fair_c: 1]
[poisson_max_delta_step: 0.7]
[tweedie_variance_power: 1.5]
[lambdarank_truncation_level: 30]
[lambdarank_norm: 1]
[label_gain: ]
[lambdarank_position_bias_regularization: 0]
[eval_at: ]
[multi_error_top_k: 1]
[auc_mu_weights: ]
[num_machines: 1]
[local_listen_port: 12400]
[time_out: 120]
[machine_list_filename: ]
[machines: ]
[gpu_platform_id: -1]
[gpu_device_id: -1]
[gpu_device_id_list: ]
[gpu_use_dp: 0]
[num_gpu: 1]

end of parameters

pandas_categorical:[]
