tree
version=v4
num_class=1
num_tree_per_iteration=1
label_index=0
max_feature_idx=16
objective=quantile
feature_names=ret_1d ret_5d ret_20d overnight_gap atr_pct parkinson_20 dvol_z_20 dist_ma20 dist_ma50 dist_ma200 spy_ret_1d spy_ret_5d spy_ret_20d vix_level vix_chg_1d sector_ret_1d sector_ret_5d
feature_infos=[-0.096744089589381965:0.097659574468085264] [-0.11724766923388741:0.14343907089616925] [-0.20193180344872286:0.24241636332119954] [-0.05651182082123607:0.10504420176807083] [0.013175002960439421:0.038236917134185609] [0.0081829734316708463:0.019762991765968664] [-2.1425761919353565:4.1696140637841568] [-0.13356143945572818:0.10191029864000023] [-0.19314509206804154:0.17712260580084527] [-0.24164445197774942:0.16185615863090663] [-0.058542947643003718:0.10501933612632941] [-0.11496158439845272:0.082843216242346029] [-0.12265592443394913:0.15756596870864792] [11.859999656677246:52.330001831054688] [-0.35753873962348437:0.74039073966007019] [-0.043404047793221157:0.03876882776686319] [-0.066511798508375297:0.073218480814408737]
tree_sizes=818 852 852 852 860 847 857 853 847 852 863 866 856 871 867 863 871 852 871 868 861 861 869 872 846 853 867 871 864 873 871 865 875 868 861 876 868 869 868 871 872 871 861 868 871 861

Tree=0
num_leaves=8
num_cat=0
split_feature=5 6 13 16 2 8 13
split_gain=2.27992 1.44204 1.37965 1.97504 0.878897 0.807303 0.475152
threshold=0.013556615699109136 1.5727599726202246 24.855000495910648 0.016224885640699686 -0.079508431516193898 0.017487996274154764 16.355000495910648
decision_type=2 2 2 2 2 10 2
left_child=1 -1 3 4 -2 -6 -3
right_child=2 6 -4 -5 5 -7 -8
leaf_value=0.020926248357246557 0.021581367104539971 0.02121287017595519 0.021784300981540893 0.021598784520659064 0.020912749473464876 0.021338473243668599 0.022858774600884858
leaf_weight=468 43 30 28 35 84 37 25
leaf_count=468 43 30 28 35 84 37 25
internal_value=0.0211711 0.0193549 0.0253555 0.0238934 0.0215922 0.0194102 0.0270135
internal_weight=750 523 227 199 164 121 55
internal_count=750 523 227 199 164 121 55
is_linear=0
shrinkage=1


Tree=1
num_leaves=8
num_cat=0
split_feature=13 0 9 0 11 13 13
split_gain=2.1521 1.73564 1.88022 0.705063 0.897032 0.422569 0.729572
threshold=24.779999732971195 0.0148699687562327 0.023168166038325947 -0.015312755447989155 0.012210524759260101 14.315000057220461 17.394999504089359
decision_type=2 2 8 2 2 2 2
left_child=1 3 -3 4 -1 -5 -7
right_child=-2 2 -4 5 -6 6 -8
leaf_value=-1.7466315356381002e-05 0.00040395330679931737 0.0007207319222377192 -0.00017329168767024115 -0.00028309649835832671 0.00071053088176781373 5.1403318256726842e-05 -0.00022576056346085293
leaf_weight=59 40 49 31 138 26 218 173
leaf_count=59 40 49 31 138 26 218 173
internal_value=-2.72491e-05 -0.000677235 0.00625 -0.00157981 0.00264706 -0.00225898 -0.00141944
internal_weight=734 694 80 614 85 529 391
internal_count=734 694 80 614 85 529 391
is_linear=0
shrinkage=0.05


Tree=2
num_leaves=8
num_cat=0
split_feature=4 6 11 13 14 0 1
split_gain=2.03393 0.857834 1.09003 0.80158 0.816789 0.501764 0.382117
threshold=0.025588633817342703 1.511004038690215 0.00066759209085187632 17.394999504089359 0.012431899030548645 0.0148699687562327 -0.034918063660237746
decision_type=2 2 2 2 2 2 2
left_child=1 5 -3 -2 -5 6 -1
right_child=3 2 -4 4 -6 -7 -8
leaf_value=0.00012785374263654496 0.00061355496109947614 -0.00010679530580104715 0.0019150510094646531 -4.6180234018950175e-06 0.0002320963009787365 0.00011574426189131948 -0.00017628257167122703
leaf_weight=54 28 35 32 64 49 43 444
leaf_count=54 28 35 32 64 49 43 444
internal_value=-0.000126837 -0.00138158 0.00395522 0.00528369 0.00340708 -0.00204252 -0.00248996
internal_weight=749 608 67 141 113 541 498
internal_count=749 608 67 141 113 541 498
is_linear=0
shrinkage=0.05


Tree=3
num_leaves=8
num_cat=0
split_feature=4 14 11 6 7 9 8
split_gain=2.01088 0.895724 0.822968 0.764145 0.706113 1.01023 0.365008
threshold=0.026189630661273885 -0.001390218635627771 0.011915728697621366 2.2255844936677529 0.04495010811021128 0.028404351682061128 -0.084981398322503829
decision_type=2 2 2 2 2 8 10
left_child=3 2 -2 4 -1 -6 -3
right_child=1 6 -4 -5 5 -7 -8
leaf_value=-0.00011956229860818736 -2.5705364340253041e-05 0.00065132981388009632 0.00082287240874005536 0.00051244845763195608 0.00032719404084158353 -0.00017364825932517181 0.00043969277859491656
leaf_weight=526 48 26 29 38 25 26 25
leaf_count=526 48 26 29 38 25 26 25
internal_value=-0.000154779 0.00554687 0.00214286 -0.00134146 -0.00179376 0.00382353 0.0106863
internal_weight=743 128 77 615 577 51 51
internal_count=743 128 77 615 577 51 51
is_linear=0
shrinkage=0.05


Tree=4
num_leaves=8
num_cat=0
split_feature=4 14 6 6 13 13 6
split_gain=1.72758 1.26417 1.09513 0.723419 0.434413 0.628098 0.416835
threshold=0.026189630661273885 -0.001390218635627771 2.2255844936677529 1.0000000180025095e-35 14.315000057220461 17.394999504089359 0.97672743234936321
decision_type=2 2 2 2 2 2 2
left_child=2 3 4 -2 -1 -6 -7
right_child=1 -3 -4 -5 5 6 -8
leaf_value=-0.00018157917815260136 -0.00028537003299997045 0.00054641185534652723 0.00081303992894545267 0.00047194378657656842 6.4413920179311676e-05 -0.00021563447442213228 0.00017872005844118659
leaf_weight=165 39 49 38 36 241 151 27
leaf_count=165 39 49 38 36 241 151 27
internal_value=-0.000308312 0.00508064 -0.00138264 0.000999999 -0.00191781 -0.00106205 -0.00331461
internal_weight=746 124 622 75 584 419 178
internal_count=746 124 622 75 584 419 178
is_linear=0
shrinkage=0.05


Tree=5
num_leaves=8
num_cat=0
split_feature=4 3 14 14 0 9 6
split_gain=1.66025 0.801282 0.843956 0.667417 1.39284 1.03795 0.564824
threshold=0.026189630661273885 -0.0015062393209780975 -0.003811601511204465 0.0250539094836888 0.0048556650175690672 0.011695715721344204 0.92497625815515105
decision_type=2 2 2 2 2 8 2
left_child=3 -2 -3 -1 6 -6 -5
right_child=1 2 -4 4 5 -7 -8
leaf_value=-0.00016136384123473929 1.5110944883452923e-05 0.00045864699077182716 0.0006971469868419641 -9.0980535168399464e-05 0.0006873562333526693 4.2452622959564907e-05 0.00033028365828670169
leaf_weight=437 60 35 30 96 28 26 25
leaf_count=437 60 35 30 96 28 26 25
internal_value=-0.000251019 0.005 0.00884615 -0.00132353 0.00128571 0.00796296 -0.00169422
internal_weight=737 125 65 612 175 54 121
internal_count=737 125 65 612 175 54 121
is_linear=0
shrinkage=0.05


Tree=6
num_leaves=8
num_cat=0
split_feature=4 6 13 16 13 2 6
split_gain=1.47854 0.845089 0.603442 0.565661 1.41386 0.526367 0.457733
threshold=0.025707118484118992 2.2255844936677529 14.194999694824221 0.0036154887146270247 18.675000190734867 -0.043558880396231119 -0.4609894080853027
decision_type=2 2 2 2 2 2 2
left_child=1 2 -1 5 -5 -2 -4
right_child=3 -3 6 4 -6 -7 -8
leaf_value=-0.00023115793649059577 0.00043652344766333096 0.00091710459617850171 -0.00014916337439104194 0.00067314899569654858 1.8295940555948281e-05 -0.00033653597505119175 3.3090264759618387e-05
leaf_weight=154 38 34 147 31 38 30 274
leaf_count=154 38 34 147 31 38 30 274
internal_value=0.000160857 -0.000894911 -0.00134783 0.00485401 0.00804348 0.00161765 -0.000368172
internal_weight=746 609 575 137 69 68 421
internal_count=746 609 575 137 69 68 421
is_linear=0
shrinkage=0.05


Tree=7
num_leaves=8
num_cat=0
split_feature=9 7 5 9 10 3 6
split_gain=1.01092 1.11522 1.3759 1.28242 1.02894 0.927782 0.666171
threshold=-0.067273591724408596 0.0073300932261455296 0.015647636748097323 -0.1241106708062991 0.001595000535659419 -0.0068383507687028713 0.47333587779947167
decision_type=8 2 2 10 2 2 2
left_child=1 2 6 -3 -4 -2 -1
right_child=5 3 4 -5 -6 -7 -8
leaf_value=-0.00017254748759490621 0.00031274775264448248 0.00041908057338854872 0.0007385571158938654 8.129861562510308e-05 -3.093271517933756e-05 -0.00013406178855965859 9.8435984632798881e-05
leaf_weight=107 43 25 30 30 35 450 25
leaf_count=107 43 25 30 30 35 450 25
internal_value=-0.000234901 0.00234127 0.000583755 0.00863636 0.00653846 -0.00155173 -0.00234849
internal_weight=745 252 197 55 65 493 132
internal_count=745 252 197 55 65 493 132
is_linear=0
shrinkage=0.05


Tree=8
num_leaves=8
num_cat=0
split_feature=9 0 13 1 3 13 13
split_gain=1.22135 1.56109 1.33737 0.88306 0.448 0.556182 1.54779
threshold=0.031673273313560187 0.012998379472584866 24.855000495910648 0.0056620307414481106 0.0010009502112118265 16.614999771118168 17.994999885559086
decision_type=8 2 2 2 2 2 2
left_child=1 2 4 -3 5 -1 -7
right_child=-2 3 -4 -5 -6 6 -8
leaf_value=-0.00014599512188118822 -0.00018280415617804224 4.5833726340372145e-05 0.00032624144986355945 0.00047782610468036956 -9.7277286757109795e-05 0.00061395278720833733 -3.6120653583838743e-05
leaf_weight=127 315 26 30 43 125 32 66
leaf_count=127 315 26 30 43 125 32 66
internal_value=-0.000549739 0.00112472 -0.00013158 0.00804348 -0.001 0.000333332 0.00316326
internal_weight=764 449 380 69 350 225 98
internal_count=764 449 380 69 350 225 98
is_linear=0
shrinkage=0.05


Tree=9
num_leaves=8
num_cat=0
split_feature=6 5 9 13 0 16 5
split_gain=0.829563 0.852803 0.583602 0.554295 1.05694 0.975222 0.432239
threshold=2.2255844936677529 0.013372333998619699 0.045954692248315061 19.115000724792484 -0.0080758393474735773 0.01485572422220849 0.015647636748097323
decision_type=2 2 8 2 2 2 2
left_child=1 -1 3 5 -5 6 -3
right_child=-2 2 -4 4 -6 -7 -8
leaf_value=-0.00010716399493133883 0.00052803667758880653 -1.9871749251508262e-05 -0.0001156420356784198 0.00027992586305469047 -0.00019398438683433357 0.00042837686949635302 0.00091270705371728888
leaf_weight=482 44 41 27 33 57 35 25
leaf_count=482 44 41 27 33 57 35 25
internal_value=-0.0002957 -0.000714287 0.00188073 0.0028534 -1.19209e-09 0.00539604 0.00181818
internal_weight=744 700 218 191 90 101 66
internal_count=744 700 218 191 90 101 66
is_linear=0
shrinkage=0.05


Tree=10
num_leaves=8
num_cat=0
split_feature=6 10 4 5 5 9 14
split_gain=0.688917 0.71909 0.634098 0.977085 0.538569 0.968533 0.530196
threshold=1.0203613834210514 0.0066242939925211805 0.016036336087112343 0.0099991772444316881 0.015647636748097323 -0.10631308128939208 0.072802606011034846
decision_type=2 2 2 2 2 8 2
left_child=2 6 -1 -4 -5 -6 -2
right_child=1 -3 3 4 5 -7 -8
leaf_value=-0.00021461000706916183 -8.8786496992960363e-05 0.00040498280062983735 0.00054795027253496385 -0.00010561551253173824 0.0011886545531225752 -1.5702366426229457e-05 0.00042859401783871469
leaf_weight=113 60 26 30 401 36 58 25
leaf_count=113 60 26 30 401 36 58 25
internal_value=-0.000527371 0.00310811 -0.00115988 -0.000428573 -0.000959597 0.00244681 0.000882352
internal_weight=749 111 638 525 495 94 85
internal_count=749 111 638 525 495 94 85
is_linear=0
shrinkage=0.05


Tree=11
num_leaves=8
num_cat=0
split_feature=6 11 4 14 0 8 15
split_gain=0.774869 0.789982 0.507814 0.476239 0.914548 1.1283 0.600186
threshold=1.0203613834210514 0.011695347183510176 0.016036336087112343 0.010891009150098998 0.0036665163814101347 -0.020286409656483314 -0.0040155777434195397
decision_type=2 2 2 2 2 10 2
left_child=2 -2 -1 -4 6 -6 -5
right_child=1 -3 3 4 5 -7 -8
leaf_value=-0.00019636195352382789 0.00011447652031447147 0.00035835671951077452 -0.00011115299536822627 -0.00012720329302277637 0.00068369536978871148 -1.5262342708111696e-05 4.6833595995180315e-05
leaf_weight=108 89 30 337 68 26 30 59
leaf_count=108 89 30 337 68 26 30 59
internal_value=-0.000716199 0.00298319 -0.0014172 -0.000769232 0.00128415 0.00660714 -0.00106299
internal_weight=747 119 628 520 183 56 127
internal_count=747 119 628 520 183 56 127
is_linear=0
shrinkage=0.05


Tree=12
num_leaves=8
num_cat=0
split_feature=4 6 8 6 16 8 5
split_gain=0.755167 0.891872 0.576348 0.569808 0.69315 0.487619 0.241497
threshold=0.023173416240393419 2.2693758178702228 0.066160473338839468 -0.04480364812450064 0.0045592536603747966 -0.094905940360060878 0.0095697594660083887
decision_type=2 2 10 2 2 8 2
left_child=1 6 3 5 -5 -2 -1
right_child=2 -3 -4 4 -6 -7 -8
leaf_value=5.7915540306212576e-05 0.00030047360022416323 0.0005559031974646932 0.00032869921652499591 -8.1486297719235074e-05 0.00056345255368346343 -0.00012101224962648132 -0.00013938355076322846
leaf_weight=65 30 31 31 50 31 70 426
leaf_count=65 30 31 31 50 31 70 426
internal_value=-0.000912808 -0.00193487 0.00160377 0.000524861 0.00364197 -0.002 -0.00245418
internal_weight=734 522 212 181 81 100 491
internal_count=734 522 212 181 81 100 491
is_linear=0
shrinkage=0.05


Tree=13
num_leaves=8
num_cat=0
split_feature=13 13 15 2 2 8 12
split_gain=0.780313 0.496721 0.495317 0.73161 0.690786 1.08503 0.408974
threshold=24.779999732971195 14.194999694824221 -0.0040155777434195397 -0.10112241857198821 -0.035991234563521372 -0.021337208575775032 0.036367400573910087
decision_type=2 2 2 2 2 8 2
left_child=1 -1 6 -4 -5 -6 -3
right_child=-2 2 3 4 5 -7 -8
leaf_value=-0.00019272395900435607 0.00020800103528612418 -0.00016009600400402225 0.00061671960941733566 -0.0001242532250889271 0.00030862790124421675 -8.8772987940844553e-06 8.1354233185029182e-05
leaf_weight=160 42 125 26 107 40 219 26
leaf_count=160 42 125 26 107 40 219 26
internal_value=-0.000906041 -0.00130157 -0.000580112 0.000357142 -0.00021858 0.0011776 -0.00301325
internal_weight=745 703 543 392 366 259 151
internal_count=745 703 543 392 366 259 151
is_linear=0
shrinkage=0.05


Tree=14
num_leaves=8
num_cat=0
split_feature=6 2 14 14 4 5 8
split_gain=1.02246 0.700876 0.693178 0.393284 0.384398 0.622841 0.292756
threshold=1.0203613834210514 -0.12446840460676954 0.044393091515214207 -0.0082882010072965456 0.016036336087112343 0.0099991772444316881 -0.035182979213016267
decision_type=2 2 2 2 2 2 10
left_child=1 -1 3 -2 -3 -6 -7
right_child=2 4 -4 -5 5 6 -8
leaf_value=0.00054637833068142195 0.00019245843902844785 -0.0002350414662099593 0.00096257112175437249 -0.00020987839758423619 0.00036012578654513982 -0.00013825699886638391 -2.7533495562215946e-05
leaf_weight=33 44 110 34 30 27 159 282
leaf_count=33 44 110 34 30 27 159 282
internal_value=-0.000688457 -0.00148118 0.0037963 0.00108108 -0.00188581 -0.00126068 -0.00171202
internal_weight=719 611 108 74 578 468 441
internal_count=719 611 108 74 578 468 441
is_linear=0
shrinkage=0.05


Tree=15
num_leaves=8
num_cat=0
split_feature=9 7 2 11 5 2 4
split_gain=0.808547 1.34516 1.13905 0.433094 0.363579 0.830288 0.296369
threshold=-0.1241106708062991 0.010280965419311118 -0.089386306940990853 0.0049014258376020034 0.0095697594660083887 -0.011629633002395943 0.021193470293932235
decision_type=8 2 2 2 2 2 2
left_child=1 2 -1 -4 5 -2 -6
right_child=4 -3 3 -5 6 -7 -8
leaf_value=0.00080418788815878473 0.00052829124868494835 0.00027635483223647638 3.3894411406537572e-05 -0.00016140252369142112 -0.0001370517435290995 -0.00012038380021282596 -1.3908888633300572e-05
leaf_weight=28 25 25 46 57 314 41 207
leaf_count=28 25 25 46 57 314 41 207
internal_value=-0.000827727 0.00237179 0.00034351 -0.00208738 -0.00167803 0.00181818 -0.00212092
internal_weight=743 156 131 103 587 66 521
internal_count=743 156 131 103 587 66 521
is_linear=0
shrinkage=0.05


Tree=16
num_leaves=8
num_cat=0
split_feature=6 14 11 4 2 8 8
split_gain=0.719482 1.27118 1.42065 0.524592 0.390625 0.359593 0.931102
threshold=0.086027522446024018 0.090336443973437111 0.026483483019392965 0.022157563044077674 -0.050480634174198284 -0.035182979213016267 -0.027772202630958583
decision_type=2 2 2 2 2 10 10
left_child=5 2 3 -2 -5 -1 -7
right_child=1 -3 -4 4 -6 6 -8
leaf_value=-0.00011073794132895052 -0.00014714302240979551 0.0010867773529669295 0.00043914204947525474 -0.00018606389047433447 0.00021596740064258059 0.00021245458839082629 -5.3758596259139925e-05
leaf_weight=189 132 37 30 32 32 27 278
leaf_count=189 132 37 30 32 32 27 278
internal_value=-0.000838839 0.00127376 -0.000132745 -0.00168367 0.00203125 -0.00196356 -0.000901641
internal_weight=757 263 226 196 64 494 305
internal_count=757 263 226 196 64 494 305
is_linear=0
shrinkage=0.05


Tree=17
num_leaves=8
num_cat=0
split_feature=5 6 7 10 9 3 8
split_gain=0.938631 1.147 0.795652 0.98 0.850599 0.353016 0.357173
threshold=0.013372333998619699 2.2255844936677529 0.04495010811021128 0.0014914838547043232 -0.18211934574910552 0.0013582448482661882 -0.035182979213016267
decision_type=2 2 2 2 8 2 10
left_child=1 5 4 -4 -2 6 -1
right_child=2 -3 3 -5 -6 -7 -8
leaf_value=-0.00017304093650288618 0.00046290571518255142 0.0008786552440554577 1.25601270566356e-05 0.00027837733786222459 -3.6451898089612972e-05 -0.00014501334231318118 -1.5223248185118678e-05
leaf_weight=84 35 31 25 25 144 172 230
leaf_count=84 35 31 25 25 144 172 230
internal_value=-0.000241288 -0.00142166 0.00242358 0.008 0.000865921 -0.00201646 -0.00101911
internal_weight=746 517 229 50 179 486 314
internal_count=746 517 229 50 179 486 314
is_linear=0
shrinkage=0.05


Tree=18
num_leaves=8
num_cat=0
split_feature=13 13 11 2 6 11 8
split_gain=0.689733 0.4915 0.677206 0.677083 0.706694 0.585016 0.586021
threshold=24.779999732971195 14.194999694824221 -0.0087471822006088256 -0.10892638240735501 1.0203613834210514 0.0077476291069551459 -0.060031046905466783
decision_type=2 2 2 2 2 2 10
left_child=1 -1 -3 -4 5 6 -5
right_child=-2 2 3 4 -6 -7 -8
leaf_value=-0.00015893271089050277 0.00020965965481770988 -0.00019106993536182487 0.00053222986408028481 -5.0014986768652059e-05 0.00034772998571404572 -0.00010341611833093346 7.1574873437859273e-05
leaf_weight=163 43 131 26 30 59 165 136
leaf_count=163 43 131 26 30 59 165 136
internal_value=-0.000683932 -0.00105634 -0.00033821 0.000649037 0.000128204 -0.000770394 0.0013253
internal_weight=753 710 547 416 390 331 166
internal_count=753 710 547 416 390 331 166
is_linear=0
shrinkage=0.05


Tree=19
num_leaves=8
num_cat=0
split_feature=11 14 14 9 2 8 8
split_gain=0.474882 0.839566 0.576215 0.661811 0.417734 0.636296 0.98194
threshold=0.026483483019392965 -0.011513166785666882 0.08570124221832566 -0.026485811144485168 -0.10892638240735501 -0.035182979213016267 -0.027772202630958583
decision_type=2 2 2 10 2 10 10
left_child=2 -2 4 -4 -1 -6 -7
right_child=1 -3 3 -5 5 6 -8
leaf_value=0.00031078113784331309 -4.4529042964272636e-05 0.00045985238253655193 0.0005089541568183215 -0.0001391473511355568 -0.00012881103267009444 0.00026797384354320595 -5.7345401532862096e-05
leaf_weight=35 35 32 48 28 185 32 344
leaf_count=35 35 32 48 28 185 32 344
internal_value=-0.000805143 0.00320895 -0.00120536 0.00289474 -0.00172819 -0.00205882 -0.000877661
internal_weight=739 67 672 76 596 561 376
internal_count=739 67 672 76 596 561 376
is_linear=0
shrinkage=0.05


Tree=20
num_leaves=8
num_cat=0
split_feature=11 14 13 5 9 9 7
split_gain=0.70689 0.828809 0.35867 0.578571 0.352683 1.70454 0.660403
threshold=0.026483483019392965 -0.012700650003930223 22.429999351501468 0.015949402360282014 0.031673273313560187 1.0000000180025095e-35 0.0073300932261455296
decision_type=2 2 2 2 8 10 2
left_child=2 -2 4 -4 5 6 -1
right_child=1 -3 3 -5 -6 -7 -8
leaf_value=-9.6693693240063557e-05 -2.949631807160039e-05 0.00049768734153015401 0.0001105686182373172 -3.632317409301731e-05 -0.00015847969832150468 0.00043023470655000409 3.9054556573402698e-05
leaf_weight=226 40 35 28 35 272 28 87
leaf_count=226 40 35 28 35 272 28 87
internal_value=-0.00093875 0.00366667 -0.00144971 0.00214286 -0.00181892 -0.000747802 -0.00180511
internal_weight=751 75 676 63 613 341 313
internal_count=751 75 676 63 613 341 313
is_linear=0
shrinkage=0.05


Tree=21
num_leaves=8
num_cat=0
split_feature=4 6 11 8 6 15 6
split_gain=0.580635 0.719854 0.582765 0.624513 0.379784 0.458126 0.270589
threshold=0.023173416240393419 2.3410729089734885 0.029572012228067938 0.066160473338839468 1.0000000180025095e-35 0.0011753813708339502 -1.1844312255245313
decision_type=2 2 2 10 2 2 2
left_child=1 6 3 4 -2 -6 -1
right_child=2 -3 -4 -5 5 -7 -8
leaf_value=3.3434382863142372e-05 -6.424196842200857e-05 0.00061400952020580215 0.00037590682345270041 0.0002845539439702861 -0.00019757201762262002 0.00045296186077987033 -8.4297709611182568e-05
leaf_weight=26 90 27 38 30 43 25 469
leaf_count=26 90 27 38 30 43 25 469
internal_value=-0.000922461 -0.00183908 0.00119469 5.31903e-05 -0.00120253 0.00161765 -0.00227273
internal_weight=748 522 226 188 158 68 495
internal_count=748 522 226 188 158 68 495
is_linear=0
shrinkage=0.05


Tree=22
num_leaves=8
num_cat=0
split_feature=9 9 13 2 1 0 5
split_gain=0.641809 1.09255 0.551471 1.36208 1.13216 0.88098 0.472178
threshold=0.031673273313560187 0.0080649504204842754 16.614999771118168 1.0000000180025095e-35 -0.046667179433291787 0.013935010018762519 0.0094725836561568109
decision_type=8 10 2 2 2 2 2
left_child=1 2 5 4 -4 -1 -2
right_child=6 -3 3 -5 -6 -7 -8
leaf_value=-7.3866212159058388e-05 5.0247995908058551e-05 0.00029362603345296323 0.00059300171640353774 0.00034810350891323279 -4.0807127512879993e-05 0.00018084287221324866 -0.00014634082695016959
leaf_weight=178 51 31 28 26 150 26 252
leaf_count=178 51 31 28 26 150 26 252
internal_value=-0.000754718 0.000466969 -0.000220589 0.00161765 5.61786e-05 -0.00205882 -0.00252475
internal_weight=742 439 408 204 178 204 303
internal_count=742 439 408 204 178 204 303
is_linear=0
shrinkage=0.05


Tree=23
num_leaves=8
num_cat=0
split_feature=11 6 15 10 7 3 6
split_gain=0.580842 0.931632 0.541493 0.882246 0.796002 0.555306 0.380541
threshold=0.026483483019392965 0.12582524946732102 -0.0040155777434195397 -0.011231004293396683 0.04495010811021128 -0.005271940637859295 -0.30334679067339537
decision_type=2 2 2 2 2 2 2
left_child=2 -2 -1 -4 5 -5 -7
right_child=1 -3 3 4 -6 6 -8
leaf_value=-0.00011545770489391772 -3.5128322366608064e-05 0.00029756176042439756 0.0011939306349864191 0.00019440471707943025 0.00022625360794552925 -1.6114595755069702e-05 -0.00012499492027347883
leaf_weight=189 48 29 31 38 49 194 173
leaf_count=189 48 29 31 38 49 194 173
internal_value=-0.000672438 0.00344156 -0.00114243 -0.000257733 -0.000814979 -0.00154321 -0.00213897
internal_weight=751 77 674 485 454 405 367
internal_count=751 77 674 485 454 405 367
is_linear=0
shrinkage=0.05


Tree=24
num_leaves=8
num_cat=0
split_feature=4 13 16 15 3 13 0
split_gain=0.568501 0.425878 0.633338 1.17061 0.749583 0.563333 0.356825
threshold=0.021984617240100632 19.115000724792484 -0.0022235147978147958 0.003065368315979256 -0.0017933226768480635 24.855000495910648 0.016554652405789797
decision_type=2 2 2 2 2 2 2
left_child=6 2 -2 4 -4 -3 -1
right_child=1 5 3 -5 -6 -7 -8
leaf_value=-6.7027099644186749e-05 -0.00015363918494072897 -0.0002426280682480915 0.00029103656087091812 -1.6029862272941785e-05 0.00026845408106346492 0.00042569478407535445 1.8041097688115239e-05
leaf_weight=461 49 75 27 47 26 25 39
leaf_count=461 49 75 27 47 26 25 39
internal_value=-0.000927905 0.0010241 0.00271812 0.005 0.0100943 -0.0015 -0.0019
internal_weight=749 249 149 100 53 100 500
internal_count=749 249 149 100 53 100 500
is_linear=0
shrinkage=0.05


Tree=25
num_leaves=8
num_cat=0
split_feature=0 16 5 5 5 14 15
split_gain=0.595972 1.24234 0.530478 0.725366 0.382553 0.402381 0.319737
threshold=0.0148699687562327 0.011141084668589764 0.017490263473255999 0.01831791537901966 0.0095697594660083887 -0.011513166785666882 0.003065368315979256
decision_type=2 2 2 2 2 2 2
left_child=2 -2 4 -4 5 -1 -6
right_child=1 -3 3 -5 6 -7 -8
leaf_value=-0.0001496640535392674 -4.9691009750446614e-05 0.00072583812914664089 0.00057110066648897778 -6.2180359825273816e-05 -5.089176618921625e-05 0.00036379600654043865 -0.00011781295669736237
leaf_weight=28 59 32 30 26 380 42 160
leaf_count=28 59 32 30 26 380 42 160
internal_value=-0.00110304 0.00269231 -0.00162162 0.00303571 -0.00204918 0.00142857 -0.0025
internal_weight=757 91 666 56 610 70 540
internal_count=757 91 666 56 610 70 540
is_linear=0
shrinkage=0.05


Tree=26
num_leaves=8
num_cat=0
split_feature=13 11 6 13 6 2 7
split_gain=0.463049 0.478684 0.642857 0.566239 0.392712 0.362151 0.395604
threshold=14.194999694824221 0.026483483019392965 -0.04480364812450064 14.570000171661379 -0.39779364185729865 0.09610707339943049 -0.052777379584460986
decision_type=2 2 2 2 2 2 2
left_child=-1 3 -3 -2 -5 6 -6
right_child=1 2 -4 4 5 -7 -8
leaf_value=-0.00013102818525385164 9.7879200297612361e-05 -5.8899261370251668e-05 0.0003785210826400943 -9.8150821010656514e-05 0.00033939581161664557 0.00031709994648459696 -1.9889587839388344e-05
leaf_weight=164 27 28 28 187 48 30 225
leaf_count=164 27 28 28 187 48 30 225
internal_value=-0.00113297 -0.000462479 0.00392857 -0.000938106 -0.00132653 -0.000214523 -0.000787547
internal_weight=737 573 56 517 490 303 273
internal_count=737 573 56 517 490 303 273
is_linear=0
shrinkage=0.05


Tree=27
num_leaves=8
num_cat=0
split_feature=11 9 2 2 1 15 6
split_gain=0.596841 0.914286 0.304682 0.462035 0.405695 0.516936 0.513986
threshold=0.026483483019392965 -0.10631308128939208 -0.12446840460676954 -0.052578221348342162 -0.0054446216885452583 -0.0023397230044850388 -0.9983175337031277
decision_type=2 10 2 2 2 2 2
left_child=2 -2 -1 -4 5 -5 -6
right_child=1 -3 3 4 6 -7 -8
leaf_value=0.00015838330851092447 0.00042140643348361677 -1.9719461707178331e-05 -9.426866447318661e-05 -0.00011575372657298888 4.8050579856667364e-05 5.589358600717003e-05 -7.5012842361475677e-05
leaf_weight=38 30 42 138 76 26 113 286
leaf_count=38 30 42 138 76 26 113 286
internal_value=-0.000994661 0.00333333 -0.00145495 -0.00171362 -0.00100799 0.000820105 -0.00211539
internal_weight=749 72 677 639 501 189 312
internal_count=749 72 677 639 501 189 312
is_linear=0
shrinkage=0.05


Tree=28
num_leaves=8
num_cat=0
split_feature=11 11 5 14 11 7 6
split_gain=0.536527 0.348572 0.545718 0.9679 1.05376 0.951109 0.338786
threshold=0.039322955344760387 0.0023966928807116488 0.017490263473255999 0.0017102699334086149 0.011742981145945632 -0.001154158555560558 1.0649434090082923
decision_type=2 2 2 2 2 2 2
left_child=1 -1 3 6 5 -5 -3
right_child=-2 2 -4 4 -6 -7 -8
leaf_value=-6.2963600245989347e-05 0.00020939915331833031 -0.00013027871210405858 0.00040970231476655035 4.3519890947169097e-06 -9.177921603414354e-05 0.00048430495081836747 2.0029683884630499e-06
leaf_weight=330 27 216 31 38 64 33 25
leaf_count=330 27 216 31 38 64 33 25
internal_value=-0.00081152 -0.00106513 -8.59963e-05 -0.000611703 0.00277778 0.00697183 -0.00251037
internal_weight=764 737 407 376 135 71 241
internal_count=764 737 407 376 135 71 241
is_linear=0
shrinkage=0.05


Tree=29
num_leaves=8
num_cat=0
split_feature=13 9 6 11 3 15 15
split_gain=0.664485 0.580705 0.517951 0.651079 0.449009 0.415459 0.783675
threshold=14.244999885559084 -0.2003493495124298 0.79954294886136135 0.00066759209085187632 0.0039828370425469837 0.0079495592615392869 0.0034329411724605134
decision_type=2 8 2 2 2 2 2
left_child=-1 -2 4 -4 5 6 -3
right_child=1 2 3 -5 -6 -7 -8
leaf_value=-0.00010066540237135714 0.00045183599555465227 -2.97426955282573e-05 -1.1752184592100222e-05 0.00037461105825662718 -0.00018553062581903661 -7.2101288462833162e-05 0.00028369655123313932
leaf_weight=160 30 267 59 45 67 46 58
leaf_count=160 30 267 59 45 67 46 58
internal_value=-0.000901641 -0.000104896 -0.000479706 0.00269231 -0.00123288 -0.000552562 7.69219e-05
internal_weight=732 572 542 104 438 371 325
internal_count=732 572 542 104 438 371 325
is_linear=0
shrinkage=0.05


Tree=30
num_leaves=8
num_cat=0
split_feature=11 8 11 1 1 8 8
split_gain=0.402448 0.86387 0.329245 0.280149 0.499105 0.444718 1.27079
threshold=0.026483483019392965 -0.049409609735080344 0.018680357320368105 -0.018539975463925881 -0.024272927442811284 -0.035653021260388267 -0.021337208575775032
decision_type=2 10 2 2 2 10 10
left_child=2 -2 3 4 -1 -5 -7
right_child=1 -3 -4 5 -6 6 -8
leaf_value=-4.3036139330941844e-05 0.00054113365486926012 -6.3982341514215004e-06 -0.00022516099318777643 -0.00011158554866984496 5.605593553707798e-05 0.00027163032031155991 -6.0421550115169912e-05
leaf_weight=157 28 47 62 91 38 48 267
leaf_count=157 28 47 62 91 38 48 267
internal_value=-0.00113821 0.00233333 -0.00153092 -0.00117305 0.000384614 -0.00192118 -0.00103175
internal_weight=738 75 663 601 195 406 315
internal_count=738 75 663 601 195 406 315
is_linear=0
shrinkage=0.05


Tree=31
num_leaves=8
num_cat=0
split_feature=9 9 0 6 1 14 7
split_gain=0.504431 0.982644 0.624174 0.752544 0.490579 0.486422 0.589962
threshold=0.031673273313560187 0.0080649504204842754 0.0148699687562327 0.16992709195376052 -0.048414015190292474 0.0053913947730825926 -0.033600274400240486
decision_type=8 10 2 2 2 2 2
left_child=1 2 4 -4 -1 -6 -7
right_child=-2 -3 3 -5 5 6 -8
leaf_value=0.00041362495613410838 -0.00011424875785206053 0.0002718502796064791 -1.3689780985802095e-05 0.00090601207759067888 -0.00015490507392156187 -7.5193252696900659e-05 7.7962288308664069e-06
leaf_weight=32 310 29 28 26 176 40 97
leaf_count=32 310 29 28 26 176 40 97
internal_value=-0.00120596 -9.34591e-05 -0.00073935 0.00425926 -0.00152174 -0.0021246 0.000109488
internal_weight=738 428 399 54 345 313 137
internal_count=738 428 399 54 345 313 137
is_linear=0
shrinkage=0.05


Tree=32
num_leaves=8
num_cat=0
split_feature=15 11 9 15 11 14 15
split_gain=0.384067 0.55163 1.02528 0.396887 0.313439 0.300345 0.516844
threshold=0.0092579629518760882 0.025734816417073651 -0.085201756059355635 0.0061444074930937518 0.0026615603308526308 0.01016731697942619 -0.0040155777434195397
decision_type=2 2 10 2 2 2 2
left_child=1 3 -3 5 -5 -1 -7
right_child=-2 2 -4 4 -6 6 -8
leaf_value=-0.00011215695877204171 -7.0312058680386356e-05 0.00036663435090433794 -8.4695179607618208e-05 -4.4071909975378997e-05 0.00030032474011487746 -6.6995254197684784e-05 5.0069861640115165e-05
leaf_weight=332 77 34 28 26 31 105 118
leaf_count=332 77 34 28 26 31 105 118
internal_value=-0.00100533 -0.000623147 0.00387097 -0.00107843 0.00289474 -0.00148649 -6.72658e-05
internal_weight=751 674 62 612 57 555 223
internal_count=751 674 62 612 57 555 223
is_linear=0
shrinkage=0.05


Tree=33
num_leaves=8
num_cat=0
split_feature=5 3 2 14 4 4 9
split_gain=0.445887 1.03188 0.390204 0.296203 0.265271 0.452899 0.444456
threshold=0.0095697594660083887 -0.00026121716818794377 -0.1316098192517122 -0.03286597934359297 0.016877673608487891 0.018150847243480605 0.029878480105831388
decision_type=2 2 2 2 2 2 8
left_child=1 -1 -2 -4 -5 -6 -7
right_child=2 -3 3 4 5 6 -8
leaf_value=0.00056924344075857762 4.3997162086073125e-05 -4.7132466312013378e-05 -0.0001301042633625381 -0.00014247469769604416 1.9310802233278129e-05 -7.059204972155948e-06 -0.00026039343375339517
leaf_weight=26 36 49 189 103 69 206 70
leaf_count=26 36 49 189 103 69 206 70
internal_value=-0.00132353 0.00233333 -0.00173106 -0.00201727 -0.00131697 -0.000652175 -0.00155797
internal_weight=748 75 673 637 448 345 276
internal_count=748 75 673 637 448 345 276
is_linear=0
shrinkage=0.05


Tree=34
num_leaves=8
num_cat=0
split_feature=5 5 14 5 14 6 8
split_gain=0.624121 1.29359 0.278275 0.466281 0.347772 0.663505 0.37531
threshold=0.017490263473255999 0.018523464216229007 0.024414321868059811 0.0099991772444316881 0.03406338940495391 0.086027522446024018 -0.020286409656483314
decision_type=2 2 2 2 2 2 10
left_child=2 -2 -1 -4 -5 -6 -7
right_child=1 -3 3 4 5 6 -8
leaf_value=-6.7455763282080129e-05 0.00041426339513197575 -0.0001338635731240568 0.00040987752702825378 0.00020268518675382337 -6.3904177917229821e-05 0.00072707370451560163 -8.8189587417202302e-05
leaf_weight=485 38 26 27 27 93 25 28
leaf_count=485 38 26 27 27 93 25 28
internal_value=-0.00112817 0.00359375 -0.00156934 -1.19209e-09 -0.000953758 -0.00191781 0.00254717
internal_weight=749 64 685 200 173 146 53
internal_count=749 64 685 200 173 146 53
is_linear=0
shrinkage=0.05


Tree=35
num_leaves=8
num_cat=0
split_feature=11 13 12 15 15 11 11
split_gain=0.404762 0.559261 0.447622 0.832224 0.728584 0.740685 0.89708
threshold=-0.01262108781240978 14.404999732971193 0.019854414597249462 -0.0045298309328551381 -0.0015936395779273525 -0.0065232483108689778 0.0069843130840521192
decision_type=2 2 2 2 2 2 2
left_child=-1 -2 3 -3 -5 -6 -7
right_child=1 2 -4 4 5 6 -8
leaf_value=-4.3226288336875314e-05 -6.6647796247659388e-05 -0.00010303007616458787 -3.2518084836063477e-05 0.00036733018729188363 0.00022468697927469842 -0.00010707831901710027 0.0001804722593099137
leaf_weight=134 169 58 212 37 28 48 67
leaf_count=134 169 58 212 37 28 48 67
internal_value=-0.00101594 -0.000476576 0.000444443 0.00193277 0.00361111 0.00199301 0.00021739
internal_weight=753 619 450 238 180 143 115
internal_count=753 619 450 238 180 143 115
is_linear=0
shrinkage=0.05


Tree=36
num_leaves=8
num_cat=0
split_feature=8 5 4 0 8 9 11
split_gain=0.470222 0.326446 0.720764 0.304465 0.586855 0.479077 0.472022
threshold=-0.13130407037400341 0.0095697594660083887 0.015421757454908125 -0.016153083381895635 -0.035182979213016267 0.029878480105831388 -0.01262108781240978
decision_type=8 2 2 2 10 10 2
left_child=-1 2 -2 -3 -5 6 -6
right_child=1 3 -4 4 5 -7 -8
leaf_value=0.0004248695587975992 -2.5076937858623134e-05 8.18686332139401e-05 0.00030215220560087311 -0.00011311914037981195 -8.2005904063112809e-05 -0.00014176488315858222 1.4538822839383124e-05
leaf_weight=30 48 82 26 186 38 116 224
leaf_count=30 48 82 26 186 38 116 224
internal_value=-0.00113333 -0.00138889 0.00175676 -0.00174923 -0.00216312 -0.00103175 0.000152671
internal_weight=750 720 74 646 564 378 262
internal_count=750 720 74 646 564 378 262
is_linear=0
shrinkage=0.05


Tree=37
num_leaves=8
num_cat=0
split_feature=15 3 2 14 0 13 15
split_gain=0.381745 0.6202 0.687225 0.957065 0.718473 0.490657 0.305154
threshold=-0.0039647037030524626 0.00056945806525232634 -0.02033875586413247 0.014555585659076444 -0.0035340527669905915 21.82499980926514 -0.0020080550698253203
decision_type=2 2 2 2 2 2 2
left_child=5 2 3 4 -2 -1 -3
right_child=1 6 -4 -5 -6 -7 -8
leaf_value=-0.00010215853828568274 0.00047402729391425743 3.709960794196499e-05 -1.1184830955655231e-05 0.00035963483715050783 -0.00029606483512896773 7.5576989488619699e-05 -3.2805779919339433e-05
leaf_weight=182 30 34 164 38 38 32 240
leaf_count=182 30 34 164 38 38 32 240
internal_value=-0.00110818 -0.000404413 0.0012963 0.00443396 0.000882352 -0.0028972 -0.00208029
internal_weight=758 544 270 106 68 214 274
internal_count=758 544 270 106 68 214 274
is_linear=0
shrinkage=0.05


Tree=38
num_leaves=8
num_cat=0
split_feature=4 11 12 0 12 4 13
split_gain=0.346099 0.394208 0.347084 0.56437 1.20808 0.535402 0.554202
threshold=0.015881494183637108 -0.01262108781240978 0.012058038657318472 -0.0041053638125411731 0.0053623810378563572 0.01793302534141392 16.614999771118168
decision_type=2 2 2 2 2 2 2
left_child=-1 -2 3 -3 -5 -4 -7
right_child=1 2 5 4 -6 6 -8
leaf_value=-9.4647018776294434e-05 -5.7153845728789423e-05 -0.00010228528336082227 1.3496936367440495e-05 1.675783695322854e-05 0.00024023463854167177 -8.2019625945153825e-05 1.5103514919886061e-06
leaf_weight=113 117 66 120 85 28 128 91
leaf_count=113 117 66 120 85 28 128 91
internal_value=-0.001123 -0.000669293 -7.72213e-05 0.00170391 0.00384956 -0.0010177 -0.00248859
internal_weight=748 635 518 179 113 339 219
internal_count=748 635 518 179 113 339 219
is_linear=0
shrinkage=0.05


Tree=39
num_leaves=8
num_cat=0
split_feature=9 8 8 13 11 10 14
split_gain=0.359599 0.239157 0.702731 0.442144 0.389814 0.216447 0.376781
threshold=-0.20243747445814023 -0.035182979213016267 -0.021337208575775032 15.574999809265138 0.031976499172701407 0.0032638072645684306 -0.013693091090924312
decision_type=8 8 8 2 2 2 2
left_child=-1 4 3 -3 -2 -4 -7
right_child=1 2 5 -5 -6 6 -8
leaf_value=0.00056609229693054658 -6.5754733911292613e-05 -3.4652907147997697e-05 -6.4079366695790561e-05 0.0001642967576559874 2.7255019024353621e-05 -1.917101262537241e-05 4.9224334620195066e-05
leaf_weight=27 214 27 255 42 25 108 39
leaf_count=27 214 27 255 42 25 108 39
internal_value=-0.00140434 -0.00161972 -0.000966031 0.00369565 -0.00290795 -0.00176617 -0.000238096
internal_weight=737 710 471 69 239 402 147
internal_count=737 710 471 69 239 402 147
is_linear=0
shrinkage=0.05


Tree=40
num_leaves=8
num_cat=0
split_feature=4 5 11 5 13 2 8
split_gain=0.592289 0.509626 0.415558 0.609791 0.442777 0.411442 0.885057
threshold=0.015881494183637108 0.0096353293093710147 -0.01262108781240978 0.014976179955098722 18.154999732971195 -0.017575765290087916 -0.0095948326558392121
decision_type=2 2 2 2 2 2 8
left_child=-1 -2 -3 5 -5 -4 -7
right_child=1 2 3 4 -6 6 -8
leaf_value=-0.00010251847510119432 0.00026655457871008648 -9.8981255847615954e-05 -5.3893412188134685e-05 0.00045870329109280256 1.8064297179383232e-05 9.0337451916346005e-05 -2.3594393310839675e-05
leaf_weight=112 27 112 161 47 58 43 190
leaf_count=112 27 112 161 47 58 43 190
internal_value=-0.0012 -0.000611286 -0.000908348 -0.000290582 0.00309524 -0.00119289 0.000150213
internal_weight=750 638 611 499 105 394 233
internal_count=750 638 611 499 105 394 233
is_linear=0
shrinkage=0.05


Tree=41
num_leaves=8
num_cat=0
split_feature=13 8 8 2 9 9 13
split_gain=0.624101 0.304213 0.884545 0.723248 0.412606 0.847552 0.714338
threshold=24.779999732971195 -0.035182979213016267 -0.021337208575775032 -0.023885449905303443 0.031673273313560187 1.0000000180025095e-35 16.875000000000004
decision_type=2 10 10 2 10 10 2
left_child=1 -1 3 -3 5 6 -4
right_child=-2 2 4 -5 -6 -7 -8
leaf_value=-5.8056912172177271e-05 6.3678428828104248e-05 -2.3258601236575618e-05 -4.3327259560316688e-05 0.00028681069780246726 -0.00012681669996601031 0.0003130535821937344 3.789723230196394e-05
leaf_weight=267 40 46 149 29 132 27 62
leaf_count=267 40 46 149 29 132 27 62
internal_value=-0.00107713 -0.00141854 -0.000617979 0.00433333 -0.00162162 -0.000378152 -0.0014455
internal_weight=752 712 445 75 370 238 211
internal_count=752 712 445 75 370 238 211
is_linear=0
shrinkage=0.05


Tree=42
num_leaves=8
num_cat=0
split_feature=13 11 13 16 13 14 9
split_gain=0.52891 0.565888 0.309415 0.338402 0.789419 0.353519 0.278792
threshold=24.779999732971195 -0.01262108781240978 14.315000057220461 -0.014053290069976907 17.394999504089359 0.082777995482000835 0.029878480105831388
decision_type=2 2 2 2 2 2 8
left_child=1 -1 6 4 -4 -5 -3
right_child=-2 2 3 5 -6 -7 -8
leaf_value=-0.00014020815883091927 6.758738261316259e-05 -1.4854466454444179e-05 7.1480046661631102e-05 -1.5309752354432676e-05 -0.00016434613985383695 0.001207277380772358 -0.00020659494730930077
leaf_weight=95 43 98 33 351 35 25 73
leaf_count=95 43 98 33 351 35 25 73
internal_value=-0.00108234 -0.00140845 -0.00085366 -0.000157659 0.00308823 -0.000744682 -0.00266082
internal_weight=753 710 615 444 68 376 171
internal_count=753 710 615 444 68 376 171
is_linear=0
shrinkage=0.05


Tree=43
num_leaves=8
num_cat=0
split_feature=5 14 4 4 10 11 13
split_gain=0.566929 0.720203 0.31996 0.355586 0.345255 0.313855 0.509068
threshold=0.0095697594660083887 -0.011513166785666882 0.016877673608487891 0.01744728221328742 0.0059882798291268644 -0.01262108781240978 16.614999771118168
decision_type=2 2 2 2 2 2 2
left_child=1 -1 4 -4 -2 -5 -7
right_child=2 -3 3 5 -6 6 -8
leaf_value=-0.00022174978178245397 -0.00020315953281837141 0.0002466318559255265 2.0938175651683813e-05 -7.5753621645184403e-05 -3.0111160705859434e-05 -2.367616098269974e-05 3.5827629049481749e-05
leaf_weight=28 108 46 41 93 35 210 185
leaf_count=28 108 46 41 93 35 210 185
internal_value=-0.00104558 0.00310811 -0.00150298 -0.000935729 -0.0036014 -0.00131148 -0.000696204
internal_weight=746 74 672 529 143 488 395
internal_count=746 74 672 529 143 488 395
is_linear=0
shrinkage=0.05


Tree=44
num_leaves=8
num_cat=0
split_feature=3 13 6 13 16 4 15
split_gain=0.379332 0.371067 0.633219 0.491696 0.798918 0.601113 0.465708
threshold=0.0034382169601021588 14.244999885559084 0.086027522446024018 17.945000648498539 -0.014143396508952076 0.022458634613295368 0.0022091487076685294
decision_type=2 2 2 2 2 2 2
left_child=1 -1 3 4 -3 -6 -4
right_child=-2 2 6 -5 5 -7 -8
leaf_value=-5.2210649578454912e-05 -7.4605732384765472e-05 7.1283288327047284e-05 4.3694958179044231e-05 -5.0917061389054519e-05 -5.8549939766404233e-05 0.00022448356624343797 0.0003141197377368979
leaf_weight=152 153 31 87 129 100 37 51
leaf_count=152 153 31 87 129 100 37 51
internal_value=-0.00114865 -0.0005707 0.000172413 -0.00112795 0.000654761 -0.000985403 0.00297101
internal_weight=740 587 435 297 168 137 138
internal_count=740 587 435 297 168 137 138
is_linear=0
shrinkage=0.05


Tree=45
num_leaves=8
num_cat=0
split_feature=13 13 4 9 11 16 9
split_gain=0.399753 0.326916 0.517819 0.998632 0.395062 0.341165 0.877193
threshold=24.779999732971195 19.105000495910648 0.023173416240393419 -0.091192080878031143 0.016901254843129102 -0.014143396508952076 -0.1174860715137072
decision_type=2 2 2 10 2 2 10
left_child=1 2 5 4 -4 6 -1
right_child=-2 -3 3 -5 -6 -7 -8
leaf_value=6.6453585722633205e-05 7.644317978107093e-05 -0.00016090252813664166 -8.2019300247977483e-05 0.00027097196803872904 0.00046167445421125978 -3.7408713868110212e-05 -9.3413747500590649e-05
leaf_weight=32 40 139 54 30 27 399 25
leaf_count=32 40 139 54 30 27 399 25
internal_value=-0.0011126 -0.0013881 -0.00085538 0.00220721 -0.000679014 -0.00160088 0.00201754
internal_weight=746 706 567 111 81 456 57
internal_count=746 706 567 111 81 456 57
is_linear=0
shrinkage=0.05


end of trees

feature_importances:
vix_level=40
dvol_z_20=32
spy_ret_5d=32
dist_ma200=28
dist_ma50=25
parkinson_20=24
vix_chg_1d=24
atr_pct=23
ret_20d=18
sector_ret_1d=17
ret_1d=14
overnight_gap=10
dist_ma20=9
sector_ret_5d=9
ret_5d=7
spy_ret_1d=6
spy_ret_20d=4

parameters:
[boosting: gbdt]
[objective: quantile]
[metric: quantile]
[tree_learner: serial]
[device_type: cpu]
[data_sample_strategy: bagging]
[data: ]
[valid: ]
[num_iterations: 80]
[learning_rate: 0.05]
[num_leaves: 8]
[num_threads: 1]
[seed: 0]
[deterministic: 0]
[force_col_wise: 1]
[force_row_wise: 0]
[histogram_pool_size: -1]
[max_depth: -1]
[min_data_in_leaf: 25]
[min_sum_hessian_in_leaf: 0.001]
[bagging_fraction: 0.9]
[pos_bagging_fraction: 1]
[neg_bagging_fraction: 1]
[bagging_freq: 1]
[bagging_seed: 3]
[bagging_by_query: 0]
[feature_fraction: 0.9]
[feature_fraction_bynode: 1]
[feature_fraction_seed: 2]
[extra_trees: 0]
[extra_seed: 6]
[early_stopping_round: 0]
[early_stopping_min_delta: 0]
[first_metric_only: 0]
[max_delta_step: 0]
[lambda_l1: 0]
[lambda_l2: 0]
[linear_lambda: 0]
[min_gain_to_split: 0]
[drop_rate: 0.1]
[max_drop: 50]
[skip_drop: 0.5]
[xgboost_dart_mode: 0]
[uniform_drop: 0]
[drop_seed: 4]
[top_rate: 0.2]
[other_rate: 0.1]
[min_data_per_group: 100]
[max_cat_threshold: 32]
[cat_l2: 10]
[cat_smooth: 10]
[max_cat_to_onehot: 4]
[top_k: 20]
[monotone_constraints: ]
[monotone_constraints_method: basic]
[monotone_penalty: 0]
[feature_contri: ]
[forcedsplits_filename: ]
[refit_decay_rate: 0.9]
[cegb_tradeoff: 1]
[cegb_penalty_split: 0]
[cegb_penalty_feature_lazy: ]
[cegb_penalty_feature_coupled: ]
[path_smooth: 0]
[interaction_constraints: ]
[verbosity: -1]
[saved_feature_importance_type: 0]
[use_quantized_grad: 0]
[num_grad_quant_bins: 4]
[quant_train_renew_leaf: 0]
[stochastic_rounding: 1]
[linear_tree: 0]
[max_bin: 255]
[max_bin_by_feature: ]
[min_data_in_bin: 3]
[bin_construct_sample_cnt: 200000]
[data_random_seed: 1]
[is_enable_sparse: 1]
[enable_bundle: 1]
[use_missing: 1]
[zero_as_missing: 0]
[feature_pre_filter: 1]
[pre_partition: 0]
[two_round: 0]
[header: 0]
[label_column: ]
[weight_column: ]
[group_column: ]
[ignore_column: ]
[categorical_feature: ]
[forcedbins_filename: ]
[precise_float_parser: 0]
[parser_config_file: ]
[objective_seed: 5]
[num_class: 1]
[is_unbalance: 0]
[scale_pos_weight: 1]
[sigmoid: 1]
[boost_from_average: 1]
[reg_sqrt: 0]
[alpha: 0.9]
[fair_c: 1]
[poisson_max_delta_step: 0.7]
[tweedie_variance_power: 1.5]
[lambdarank_truncation_level: 30]
[lambdarank_norm: 1]
[label_gain: ]
[lambdarank_position_bias_regularization: 0]
[eval_at: ]
[multi_error_top_k: 1]
[auc_mu_weights: ]
[num_machines: 1]
[local_listen_port: 12400]
[time_out: 120]
[machine_list_filename: ]
[machines: ]
[gpu_platform_id: -1]
[gpu_device_id: -1]
[gpu_device_id_list: ]
[gpu_use_dp: 0]
[num_gpu: 1]

end of parameters

pandas_categorical:[]
