tree
version=v4
num_class=1
num_tree_per_iteration=1
label_index=0
max_feature_idx=16
objective=quantile
feature_names=ret_1d ret_5d ret_20d overnight_gap atr_pct parkinson_20 dvol_z_20 dist_ma20 dist_ma50 dist_ma200 spy_ret_1d spy_ret_5d spy_ret_20d vix_level vix_chg_1d sector_ret_1d sector_ret_5d
feature_infos=[-0.070891135668939564:0.15163690476190461] [-0.08453749004437372:0.12583648530695379] [-0.10020449897750516:0.16375939849624066] [-0.03527607361963192:0.056547619047619069] [0.010794176825659856:0.040069556576822755] [0.0075731955320819284:0.023576233747187026] [-2.5730665974497473:4.1975561489492632] [-0.0677574994755612:0.1496438466052159] [-0.084868950964858358:0.19831038081464669] [-0.10482294851156626:0.37731461912952802] [-0.058542947643003718:0.10501933612632941] [-0.11496158439845272:0.082843216242346029] [-0.12265592443394913:0.15756596870864792] [11.859999656677246:52.330001831054688] [-0.35753873962348437:0.74039073966007019] [-0.055499239736441885:0.039932885906040161] [-0.11075949367088611:0.072664359861591699]
tree_sizes=863 866 862 863 862 854 865 865 867 857 868 869 861 864 871 867 864 862 865 864 863 868 861 869 862 859

Tree=0
num_leaves=8
num_cat=0
split_feature=10 12 4 10 13 1 9
split_gain=0.911663 1.34021 0.740605 0.745074 0.679937 1.19467 0.530882
threshold=0.010263940972428777 0.032469111342934183 0.014303831054413917 -0.00020807375643927537 19.329999923706058 0.021594904648783778 0.047324412015445912
decision_type=2 2 2 2 2 2 10
left_child=2 -2 3 -1 -4 6 -6
right_child=1 -3 4 -5 5 -7 -8
leaf_value=-0.00036676189241636813 -0.00042031457432376685 -0.00057449694546315359 -0.00036332022077742698 -0.00062782642188986772 -0.00052621395263614226 -0.00054742390775926512 -0.00033383961533884276
leaf_weight=29 55 26 475 35 30 28 72
leaf_count=29 55 26 475 35 30 28 72
internal_value=-0.000289868 -0.00529974 0.000316709 -0.0047982 0.00085779 -0.00234628 0.000165034
internal_weight=750 81 669 64 605 130 102
internal_count=750 81 669 64 605 130 102
is_linear=0
shrinkage=1


Tree=1
num_leaves=8
num_cat=0
split_feature=8 10 0 1 4 10 16
split_gain=0.796985 0.71898 0.918655 1.01708 0.722966 0.773858 0.7734
threshold=0.11394551436220392 0.0076785995621447842 -0.0016155099393662107 0.028373329045873422 0.014303831054413917 0.00063381300570131149 0.0094129235722710831
decision_type=8 2 2 2 2 2 2
left_child=1 4 -3 -4 5 -1 -6
right_child=-2 2 3 -5 6 -7 -8
leaf_value=7.6040442740046297e-06 -8.0549347418375255e-05 -0.00025139684080009538 3.4785280894733166e-05 -0.00015035412480263541 0.00011111104403821891 -0.00024332445584970488 -2.0092305655851226e-05
leaf_weight=34 36 42 68 25 311 25 193
leaf_count=34 36 42 68 25 311 25 193
internal_value=-0.000245231 0.00012894 -0.00314815 -0.000376344 0.000914743 -0.00432203 0.00152778
internal_weight=734 698 135 93 563 59 504
internal_count=734 698 135 93 563 59 504
is_linear=0
shrinkage=0.05


Tree=2
num_leaves=8
num_cat=0
split_feature=7 12 1 11 1 6 7
split_gain=0.659626 0.69295 1.04443 0.820513 0.817444 0.376697 0.462104
threshold=0.038569169173675151 0.043286843097797296 -0.012931169797991025 0.011995424510659937 0.034293105908327466 1.0498247376180629 -0.036173585132174994
decision_type=2 2 2 2 2 2 2
left_child=1 4 -3 -4 5 6 -1
right_child=-2 2 3 -5 -6 -7 -8
leaf_value=-5.0677459718209046e-05 8.216022211454537e-05 0.0001184390982415303 -0.00010276157367424468 -0.00025114892738733574 -0.00010312596111560747 0.00015988768510476743 9.0859168308426707e-06
leaf_weight=27 110 25 49 42 38 67 391
leaf_count=27 110 25 49 42 38 67 391
internal_value=6.00803e-05 -0.000555555 -0.00405172 -0.00653846 0.000219885 0.000773196 0.000215311
internal_weight=749 639 116 91 523 485 418
internal_count=749 639 116 91 523 485 418
is_linear=0
shrinkage=0.05


Tree=3
num_leaves=8
num_cat=0
split_feature=1 13 7 11 4 10 3
split_gain=0.577167 0.757946 0.740513 0.63105 0.646351 0.482887 0.375787
threshold=0.0092879704836227334 19.085000038146976 0.039172504715226937 0.027231937128701426 0.014634113054952354 0.010655373456526786 -0.0031860893434874633
decision_type=2 2 2 2 2 2 2
left_child=5 3 -3 4 -2 -1 -6
right_child=1 2 -4 -5 6 -7 -8
leaf_value=7.0807202013818408e-05 -5.0137700614521684e-05 -0.00016391855175880039 4.0152048005829026e-05 -0.00010246167093325785 -1.9743233569930789e-05 -0.00023398637305487637 4.7046273069644015e-05
leaf_weight=401 27 49 26 30 44 32 134
leaf_count=401 27 49 26 30 44 32 134
internal_value=0.000356662 -0.00129032 -0.00566667 0.000106383 0.00109756 0.0015358 0.00219101
internal_weight=743 310 75 235 205 433 178
internal_count=743 310 75 235 205 433 178
is_linear=0
shrinkage=0.05


Tree=4
num_leaves=8
num_cat=0
split_feature=8 4 9 15 14 12 1
split_gain=0.680008 0.663912 0.619846 0.715545 0.610245 0.922094 0.459995
threshold=0.11394551436220392 0.013361888803595004 -0.02820037629195404 0.0022300967854378411 0.014555585659076444 0.0072856362379064574 0.052120424750192525
decision_type=8 2 10 2 2 2 2
left_child=1 -1 3 4 5 -3 -4
right_child=-2 2 6 -5 -6 -7 -8
leaf_value=-8.8772929192747847e-05 -5.0972068050016162e-05 -0.00018966139656627321 7.8134868182731592e-05 3.7196567255257795e-05 1.7230366520693942e-05 -4.904726452170936e-05 -5.0979990214683959e-05
leaf_weight=37 35 25 501 59 34 29 26
leaf_count=37 35 25 501 59 34 29 26
internal_value=0.000375335 0.000710267 0.00106825 -0.00180272 -0.00465909 -0.00796296 0.00186907
internal_weight=746 711 674 147 88 54 527
internal_count=746 711 674 147 88 54 527
is_linear=0
shrinkage=0.05


Tree=5
num_leaves=8
num_cat=0
split_feature=10 10 4 7 11 1 7
split_gain=0.634285 1.67383 0.503271 0.900425 0.682005 0.667027 0.804103
threshold=0.010510729988004066 0.014365364117936543 0.014589763665842458 0.021172251521591526 0.021985300450528603 0.0054478836353537572 0.027925058200030887
decision_type=2 2 2 2 2 2 2
left_child=2 -2 3 -1 -4 -6 -7
right_child=1 -3 4 -5 5 6 -8
leaf_value=5.676797566058617e-05 -0.0001729179435661463 0.00010705824274221804 5.5979157598635253e-05 -0.00022199273659176657 6.490629336577566e-05 -0.00023651504469283187 -2.8675812297613012e-06
leaf_weight=47 40 36 510 25 27 25 27
leaf_count=47 40 36 510 25 27 25 27
internal_value=0.000115333 -0.00421053 0.000612708 -0.00333333 0.00109508 -0.00322785 -0.00653846
internal_weight=737 76 661 72 589 79 52
internal_count=737 76 661 72 589 79 52
is_linear=0
shrinkage=0.05


Tree=6
num_leaves=8
num_cat=0
split_feature=8 8 8 6 16 3 12
split_gain=0.653477 0.6255 1.09402 0.880994 0.853076 0.911966 0.510264
threshold=0.11394551436220392 0.021026123489299779 0.016987815599925463 -1.1377736664485374 0.0041720222793487647 0.00080892980369728928 0.027083039342927776
decision_type=8 10 10 2 2 2 2
left_child=1 2 4 -3 -1 6 -6
right_child=-2 3 -4 -5 5 -7 -8
leaf_value=7.0588350275367314e-05 -5.2244004359712173e-05 -0.00013351838744605222 -0.00017872383715384352 7.5994538506524601e-05 0.00017407065100210565 -8.4352572236022518e-05 -8.7657812981336498e-05
leaf_weight=222 35 25 25 331 29 46 33
leaf_count=222 35 25 25 331 29 46 33
internal_value=0.000241287 0.00056962 -0.000915493 0.00205056 -0.000151515 -0.0037963 0.000161291
internal_weight=746 711 355 356 330 108 62
internal_count=746 711 355 356 330 108 62
is_linear=0
shrinkage=0.05


Tree=7
num_leaves=8
num_cat=0
split_feature=10 5 11 4 8 2 0
split_gain=0.495188 1.28968 0.522977 0.480798 0.411185 0.488299 0.377487
threshold=0.010510729988004066 0.012346154507398807 0.030023706466371539 0.013421488704963723 0.021026123489299779 -0.026933158654383112 -0.0049324888586392271
decision_type=2 2 2 2 10 2 2
left_child=2 -2 3 -1 5 -5 -7
right_child=1 -3 -4 4 -6 6 -8
leaf_value=-8.8184988035196297e-05 -0.00016268884832545518 2.3704733581197925e-05 -0.00012109705717876636 0.00011042550779721811 7.5872103008875391e-05 5.4877742480728968e-05 -3.7591647270187975e-05
leaf_weight=38 36 42 42 121 260 67 139
leaf_count=38 36 42 42 121 260 67 139
internal_value=0.000436242 -0.00333333 0.000877062 0.00124 0.00159285 0.000412844 -0.00106796
internal_weight=745 78 667 625 587 327 206
internal_count=745 78 667 625 587 327 206
is_linear=0
shrinkage=0.05


Tree=8
num_leaves=8
num_cat=0
split_feature=8 14 9 2 14 7 8
split_gain=0.823964 0.493247 0.603557 0.558203 1.38111 1.01587 0.576234
threshold=-0.067228502371412965 -0.023264351429904847 0.0090093870026330975 0.039258430538407281 -0.036818887874406285 0.0084510632749573728 0.068079997080102386
decision_type=10 2 8 2 2 2 10
left_child=-1 3 -3 4 5 -2 -5
right_child=1 2 -4 6 -6 -7 -8
leaf_value=-8.9314815768267938e-05 0.00011540501975650512 -0.00018139491829485938 5.4479831282234778e-05 6.5059482410625459e-05 -0.00019660121938722027 -0.00015217484535684416 -3.1836911629186478e-05
leaf_weight=32 84 29 448 59 32 42 38
leaf_count=32 84 29 448 59 32 42 38
internal_value=0.000353403 0.000696721 0.0016457 -0.00107843 -0.00291139 -0.000555555 0.00190722
internal_weight=764 732 477 255 158 126 97
internal_count=764 732 477 255 158 126 97
is_linear=0
shrinkage=0.05


Tree=9
num_leaves=8
num_cat=0
split_feature=8 4 7 9 16 6 16
split_gain=0.835309 0.571788 1.2117 0.355663 0.778226 0.450347 0.503467
threshold=0.10963562628123381 0.014589763665842458 0.021755956552458881 0.046192767646816686 0.0045713302557610644 1.0025529698808209 -0.027723753543463011
decision_type=8 2 2 8 2 2 2
left_child=1 2 -1 4 -3 6 -5
right_child=-2 3 -4 5 -6 -7 -8
leaf_value=0.00011722852977101762 -6.3627626426923062e-05 0.00017661978965429352 -0.00020004500673779713 -5.792612951757394e-05 -0.00011551238078509461 0.00012567550294527229 1.5694289616155743e-05
leaf_weight=50 37 57 26 36 49 81 408
leaf_count=50 37 57 26 36 49 81 408
internal_value=0.000161291 0.000544555 -0.00355263 0.00103804 -0.00160377 0.00157143 0.000945946
internal_weight=744 707 76 631 106 525 444
internal_count=744 707 76 631 106 525 444
is_linear=0
shrinkage=0.05


Tree=10
num_leaves=8
num_cat=0
split_feature=7 4 11 7 16 10 5
split_gain=0.725412 0.671692 0.587127 0.442156 0.856169 1.34361 0.891196
threshold=-0.037476717010381237 0.014303831054413917 0.0038135025222709733 0.027293483571652736 0.0094129235722710831 0.0078861998307097076 0.011990138238882427
decision_type=2 2 2 2 2 2 2
left_child=-1 2 -2 4 5 -3 -7
right_child=1 3 -4 -5 -6 6 -8
leaf_value=-3.1433254322174196e-05 -0.00015243926994641376 9.9810984554038267e-05 9.5911458114496733e-05 6.0432164392904583e-05 -8.1486281417369089e-05 3.9770659754936671e-05 -0.00033769139018894213
leaf_weight=33 37 278 34 166 143 27 31
leaf_count=33 37 278 34 166 143 27 31
internal_value=0.000126836 0.000460894 -0.00415493 0.000968992 0.00019833 0.00157738 -0.00534483
internal_weight=749 716 71 645 479 336 58
internal_count=749 716 71 645 479 336 58
is_linear=0
shrinkage=0.05


Tree=11
num_leaves=8
num_cat=0
split_feature=4 11 16 12 10 11 10
split_gain=0.365488 0.851101 0.427042 0.707458 1.13614 0.789996 0.454887
threshold=0.014303831054413917 0.001067718638755544 -0.019914050186527029 0.041391549965092096 0.0078861998307097076 0.036250351573326463 -0.0012214211173433573
decision_type=2 2 2 2 2 2 2
left_child=1 -1 -2 5 6 -4 -5
right_child=2 -3 3 4 -6 -7 -8
leaf_value=-0.00019385159341135457 -2.6962784001307722e-05 4.4396672815580308e-05 6.6178585973522474e-05 -0.00018354555488600519 -0.00014678578625561026 -9.3075031077810965e-05 8.917542668202287e-05
leaf_weight=27 108 43 417 25 29 28 70
leaf_count=27 108 43 417 25 29 28 70
internal_value=0.000582329 -0.00285714 0.000937962 0.00148506 -0.00185484 0.00241573 0.000789474
internal_weight=747 70 677 569 124 445 95
internal_count=747 70 677 569 124 445 95
is_linear=0
shrinkage=0.05


Tree=12
num_leaves=8
num_cat=0
split_feature=8 1 6 1 5 8 16
split_gain=0.684506 0.652077 0.482538 0.648516 0.349126 0.406029 0.339243
threshold=-0.067228502371412965 0.04326144697611168 -0.76436192445719564 0.023113610179731462 0.01036684183764877 0.040627442004158028 -0.024123115419493465
decision_type=10 2 2 2 2 10 2
left_child=-1 2 3 4 -2 -6 -4
right_child=1 -3 6 -5 5 -7 -8
leaf_value=-7.7086849124516753e-05 -6.5122889005250564e-05 -5.0461771986105728e-05 -2.6508156499704435e-05 -0.00010973715650644528 9.4721534967811183e-05 -7.8913031244253219e-05 3.6029997988308079e-05
leaf_weight=34 31 43 67 25 55 31 448
leaf_count=34 31 43 67 25 55 31 448
internal_value=0.000163488 0.0005 0.000890411 -0.00169014 -0.000128205 0.00151163 0.00160194
internal_weight=734 700 657 142 117 86 515
internal_count=734 700 657 142 117 86 515
is_linear=0
shrinkage=0.05


Tree=13
num_leaves=8
num_cat=0
split_feature=2 2 8 4 7 13 14
split_gain=0.464331 0.942212 0.871176 0.485408 0.917218 0.451872 0.332195
threshold=-0.01764792028593681 -0.013921929460159242 0.10963562628123381 0.014589763665842458 0.021755956552458881 13.869999885559084 -0.048319541899194234
decision_type=2 2 8 2 2 2 2
left_child=5 -2 3 4 -3 -1 -5
right_child=1 2 -4 6 -6 -7 -8
leaf_value=-1.5811134526428461e-05 -6.4400604820176167e-05 2.0544159800602426e-05 -5.9517954283087209e-05 -3.8254496804835399e-05 -0.00012258296917829563 0.00011326689810789522 5.6200636862774909e-05
leaf_weight=34 29 43 26 89 26 153 345
leaf_count=34 29 43 26 89 26 153 345
internal_value=0.000704698 -1.7921e-05 0.000463138 0.000924453 -0.00297101 0.00286096 0.00154378
internal_weight=745 558 529 503 69 187 434
internal_count=745 558 529 503 69 187 434
is_linear=0
shrinkage=0.05


Tree=14
num_leaves=8
num_cat=0
split_feature=7 7 8 0 0 1 11
split_gain=0.710841 0.727231 1.07901 0.708592 1.60943 0.770146 0.482075
threshold=-0.037476717010381237 -0.015338469090309502 -0.0017817452657951092 -0.0014317501182486423 0.0080280194082121854 -0.003290916158001977 0.034590351886677258
decision_type=2 2 10 2 2 2 2
left_child=-1 -2 3 5 -5 -3 -4
right_child=1 2 6 4 -6 -7 -8
leaf_value=-2.7312635815795588e-05 0.00012450929546714548 -0.00023420914050602108 1.1733888854109894e-05 9.74915536532553e-05 -4.1979689878461716e-05 -4.5934023532740099e-05 -8.5282842459997814e-05
leaf_weight=32 102 28 419 51 33 26 28
leaf_count=32 102 28 419 51 33 26 28
internal_value=-0.000215577 0.000123727 -0.000555555 -0.00442029 -0.00154762 -0.00888889 0.000637584
internal_weight=719 687 585 138 84 54 447
internal_count=719 687 585 138 84 54 447
is_linear=0
shrinkage=0.05


Tree=15
num_leaves=8
num_cat=0
split_feature=7 1 12 13 4 3 9
split_gain=0.905954 0.664355 0.502868 1.06964 0.603047 0.541517 0.43021
threshold=-0.039626379297305496 0.007680310703732097 0.041391549965092096 16.98499965667725 0.025414393728611862 0.00093591986361507573 0.044309943624573529
decision_type=2 2 2 2 2 2 8
left_child=-1 6 4 -4 5 -3 -2
right_child=1 2 3 -5 -6 -7 -8
leaf_value=-2.5913552805309955e-05 -6.7034574114013229e-05 2.3620213733759885e-05 6.3148677017094476e-06 -0.00018487176628438694 -0.00012289045245609672 -1.0735353127305068e-05 7.5381265795165827e-05
leaf_weight=25 70 117 41 25 30 124 311
leaf_count=25 70 117 41 25 30 124 311
internal_value=0.000356662 0.000682451 -0.000934718 -0.00484848 1.84504e-05 0.000850623 0.00211286
internal_weight=743 718 337 66 271 241 381
internal_count=743 718 337 66 271 241 381
is_linear=0
shrinkage=0.05


Tree=16
num_leaves=8
num_cat=0
split_feature=7 2 8 1 12 6 13
split_gain=0.858305 0.590493 0.687696 1.40641 0.648772 0.568429 0.530963
threshold=-0.037476717010381237 -0.030718291653893056 0.0079330216636747126 0.00966648479175314 0.027083039342927776 -1.1377736664485374 14.244999885559084
decision_type=2 2 10 2 2 2 2
left_child=-1 -2 3 6 -5 -4 -3
right_child=1 2 5 4 -6 -7 -8
leaf_value=-2.4662476791859448e-05 0.00011283766177025168 -4.8864706576862996e-05 -0.00011932183603285542 -4.1280094888258132e-07 -0.0001251123462176968 1.7438999318089343e-05 4.4998988323813046e-05
leaf_weight=31 88 28 35 25 32 416 102
leaf_count=31 88 28 35 25 32 416 102
internal_value=0.000244386 0.000592287 6.26961e-05 -0.00248663 -0.00903509 0.00111973 0.000384616
internal_weight=757 726 638 187 57 451 130
internal_count=757 726 638 187 57 451 130
is_linear=0
shrinkage=0.05


Tree=17
num_leaves=8
num_cat=0
split_feature=7 6 9 9 9 2 1
split_gain=0.598184 0.380189 0.692532 0.703605 0.59595 0.825484 0.527068
threshold=-0.037476717010381237 -0.76436192445719564 0.19703266116890752 0.071612164447285589 0.30211526429091579 -0.030718291653893056 0.022363804378182976
decision_type=2 2 10 8 8 2 2
left_child=-1 2 3 -2 -3 -6 -7
right_child=1 4 -4 -5 5 6 -8
leaf_value=-2.3429352952266476e-05 -9.6087150488779007e-05 6.1410804497898471e-05 -0.00030114189183179108 3.1840991829073285e-05 0.00011413756352816803 -6.5902178240378938e-05 -5.4797544340830803e-05
leaf_weight=31 45 439 25 87 33 55 31
leaf_count=31 45 439 25 87 33 55 31
internal_value=0.000509384 0.000804196 -0.00136943 7.57578e-05 0.00141577 -0.00172269 -0.00430233
internal_weight=746 715 157 132 558 119 86
internal_count=746 715 157 132 558 119 86
is_linear=0
shrinkage=0.05


Tree=18
num_leaves=8
num_cat=0
split_feature=9 10 6 6 6 13 11
split_gain=0.569427 0.791042 0.745671 0.695326 0.895264 0.503662 0.402539
threshold=0.046638646602181762 0.010510729988004066 -1.1377736664485374 -0.093966078533812822 0.48769737307897926 12.994999885559084 0.0086495995411973742
decision_type=10 2 2 2 2 2 2
left_child=1 3 -2 6 -5 -4 -1
right_child=2 -3 5 4 -6 -7 -8
leaf_value=6.1934333124904811e-05 -7.2250332159371102e-05 -0.00013621074828743492 -8.5077189285009093e-05 -0.00012473255016540096 2.5722394546192411e-06 5.3836075585137674e-05 -4.3733152530899882e-06
leaf_weight=90 40 28 26 48 58 410 53
leaf_count=90 40 28 26 48 58 410 53
internal_value=0.000484728 -0.00131769 0.00153361 -0.000421687 -0.00349057 0.00213303 0.00185315
internal_weight=753 277 476 249 106 436 143
internal_count=753 277 476 249 106 436 143
is_linear=0
shrinkage=0.05


Tree=19
num_leaves=8
num_cat=0
split_feature=1 4 7 12 10 14 7
split_gain=0.459875 0.427631 0.879657 0.38957 0.91672 1.0904 0.516806
threshold=0.056884038566067947 0.014589763665842458 0.021457709690543395 0.03728924944291568 0.0078861998307097076 0.023650626144740231 -0.037476717010381237
decision_type=2 2 2 2 2 2 2
left_child=1 2 -1 6 5 -5 -3
right_child=-2 3 -4 4 -6 -7 -8
leaf_value=9.4073435682091579e-05 -6.0689887656328088e-05 -2.1359581025017737e-05 -0.00017487606844590262 4.4125611017675721e-05 -0.00029502055101185838 -0.00012019460649034542 4.2159382891315985e-05
leaf_weight=46 26 30 25 105 32 25 450
leaf_count=46 26 30 25 105 32 25 450
internal_value=-6.76571e-06 0.000231417 -0.0034507 0.000638629 -0.00148148 0.000384616 0.00135417
internal_weight=739 713 71 642 162 130 480
internal_count=739 713 71 642 162 130 480
is_linear=0
shrinkage=0.05


Tree=20
num_leaves=8
num_cat=0
split_feature=11 7 1 1 13 11 4
split_gain=0.351144 0.46791 0.693654 0.705467 0.667796 0.981885 0.617347
threshold=0.034590351886677258 0.027293483571652736 0.0092879704836227334 0.012962037269896533 14.194999694824221 0.0025776305361616685 0.021435670937475181
decision_type=2 2 2 2 2 2 2
left_child=1 2 4 -4 5 -1 -5
right_child=-2 -3 3 6 -6 -7 -8
leaf_value=-0.00011254585136519533 -6.8289415098874635e-05 4.5301486141648861e-05 -8.8892885714372832e-05 5.246301246420621e-06 6.5781222038238774e-05 8.8965827913358244e-06 -0.00023500707191917208
leaf_weight=25 38 159 36 98 299 68 28
leaf_count=25 38 159 36 98 299 68 28
internal_value=0.000472703 0.0007223 3.61013e-05 -0.00271605 0.00117347 -0.00252688 -0.000952381
internal_weight=751 713 554 162 392 93 126
internal_count=751 713 554 162 392 93 126
is_linear=0
shrinkage=0.05


Tree=21
num_leaves=8
num_cat=0
split_feature=6 12 12 10 14 11 16
split_gain=0.511574 0.43093 0.561095 0.647086 1.08501 0.406761 0.466173
threshold=1.2484148070802692 -0.049048441539310476 0.03728924944291568 0.0078861998307097076 0.023650626144740231 0.034590351886677258 0.020926577582639497
decision_type=2 2 2 2 2 2 2
left_child=1 -1 5 4 -4 6 -3
right_child=-2 2 3 -5 -6 -7 -8
leaf_value=-9.5422433931811824e-05 0.00011195436233833974 7.3950521572182632e-06 4.5425476563985506e-05 -0.00018926014646221433 -0.00015653432589502953 -8.854313844489568e-05 3.7855773428317487e-05
leaf_weight=33 93 342 108 39 28 25 80
leaf_count=33 93 342 108 39 28 25 80
internal_value=0.000454546 -3.81678e-05 0.000257235 -0.00214286 -0.000514706 0.00119687 0.00156398
internal_weight=748 655 622 175 136 447 422
internal_count=748 655 622 175 136 447 422
is_linear=0
shrinkage=0.05


Tree=22
num_leaves=8
num_cat=0
split_feature=7 1 4 11 9 13 11
split_gain=0.592342 0.583843 0.393612 0.721171 0.360055 0.402175 0.416667
threshold=-0.037476717010381237 0.056884038566067947 0.014303831054413917 0.0033857375272920991 0.046192767646816686 13.744999885559084 0.0023966928807116488
decision_type=2 2 2 2 8 2 2
left_child=-1 2 3 -2 5 -4 -7
right_child=1 -3 4 -5 -6 6 -8
leaf_value=-1.8511738792494422e-05 -0.00014126424682859244 -3.3741319549993143e-05 9.7849720410353081e-05 9.924359809055134e-05 1.608341264973777e-05 2.0600180405038645e-05 -0.00015017930589524469
leaf_weight=30 35 25 49 36 507 30 30
leaf_count=30 35 25 49 36 507 30 30
internal_value=0.000215634 0.000505618 0.000778748 -0.00274648 0.00118507 -0.00142202 -0.00416667
internal_weight=742 712 687 71 616 109 60
internal_count=742 712 687 71 616 109 60
is_linear=0
shrinkage=0.05


Tree=23
num_leaves=8
num_cat=0
split_feature=7 7 16 6 3 3 13
split_gain=0.698441 0.452823 0.94035 0.321777 0.389211 0.695129 0.931421
threshold=-0.039626379297305496 -0.015338469090309502 -0.024516896582163713 1.2484148070802692 0.00053623764056331968 0.0011969338627783046 13.795000076293947
decision_type=2 2 2 2 2 2 2
left_child=-1 -2 -3 4 -4 -6 -7
right_child=1 2 3 -5 5 6 -8
leaf_value=-1.7597302259988832e-05 0.00010506701629824139 -0.00023786792352136147 1.3049156174755511e-05 7.0158834734210628e-05 -0.00014223255696413554 -0.00015437765838211958 1.336962862201122e-05
leaf_weight=29 116 30 269 61 25 42 179
leaf_count=29 116 30 269 61 25 42 179
internal_value=0.000539281 0.000844876 0.00029703 0.000746528 0.000339806 -0.00109756 -0.00020362
internal_weight=751 722 606 576 515 246 221
internal_count=751 722 606 576 515 246 221
is_linear=0
shrinkage=0.05


Tree=24
num_leaves=8
num_cat=0
split_feature=7 1 6 5 3 15 5
split_gain=0.57793 0.562647 0.399894 0.378962 0.337868 0.859593 0.827381
threshold=-0.037476717010381237 0.056884038566067947 1.2484148070802692 0.0088716328997139968 0.0033032227928545548 0.0072230993093329596 0.011383085372081042
decision_type=2 2 2 2 2 2 2
left_child=-1 2 3 -2 -5 6 -6
right_child=1 -3 -4 4 5 -7 -8
leaf_value=-1.6806640402280913e-05 -8.3325224684160077e-05 -5.4532294162934156e-05 9.0470295862699702e-05 1.02989316541494e-05 -0.00021027889969120798 8.0505293136248093e-05 -1.2107601145193313e-05
leaf_weight=31 45 26 77 425 37 51 57
leaf_count=31 45 26 77 425 37 51 57
internal_value=0.000393859 0.000682451 0.000953757 0.000528455 0.000877193 -0.0012069 -0.00404255
internal_weight=749 718 692 615 570 145 94
internal_count=749 718 692 615 570 145 94
is_linear=0
shrinkage=0.05


Tree=25
num_leaves=8
num_cat=0
split_feature=7 7 7 10 16 13 2
split_gain=0.371208 1.23611 0.861178 0.764649 0.390405 1.06455 0.384074
threshold=0.027293483571652736 0.021457709690543395 0.024421367035454725 0.010510729988004066 0.011460276184890429 15.425000190734865 0.018292507648755011
decision_type=2 2 2 2 2 2 2
left_child=1 3 -3 4 6 -6 -1
right_child=-2 2 -4 -5 5 -7 -8
leaf_value=4.27267793451123e-05 1.9114691689091491e-05 -0.00018115464655945346 -2.3374498157945172e-05 -7.1663725833367878e-05 7.5026608068751448e-05 -0.00010137961769719204 9.4171788111763123e-05
leaf_weight=289 186 27 26 42 48 53 86
leaf_count=289 186 27 26 42 48 53 86
internal_value=0.000640687 8.75675e-06 -0.00726415 0.000752896 0.00132353 -0.00143564 0.00206667
internal_weight=757 571 53 518 476 101 375
internal_count=757 571 53 518 476 101 375
is_linear=0
shrinkage=0.05


end of trees

feature_importances:
dist_ma20=25
ret_5d=18
spy_ret_1d=15
atr_pct=14
dist_ma50=14
spy_ret_5d=14
dvol_z_20=12
dist_ma200=10
spy_ret_20d=10
vix_level=10
sector_ret_5d=10
ret_20d=7
overnight_gap=6
vix_chg_1d=6
parkinson_20=5
ret_1d=4
sector_ret_1d=2

parameters:
[boosting: gbdt]
[objective: quantile]
[metric: quantile]
[tree_learner: serial]
[device_type: cpu]
[data_sample_strategy: bagging]
[data: ]
[valid: ]
[num_iterations: 80]
[learning_rate: 0.05]
[num_leaves: 8]
[num_threads: 1]
[seed: 0]
[deterministic: 0]
[force_col_wise: 1]
[force_row_wise: 0]
[histogram_pool_size: -1]
[max_depth: -1]
[min_data_in_leaf: 25]
[min_sum_hessian_in_leaf: 0.001]
[bagging_fraction: 0.9]
[pos_bagging_fraction: 1]
[neg_bagging_fraction: 1]
[bagging_freq: 1]
[bagging_seed: 3]
[bagging_by_query: 0]
[feature_fraction: 0.9]
[feature_fraction_bynode: 1]
[feature_fraction_seed: 2]
[extra_trees: 0]
[extra_seed: 6]
[early_stopping_round: 0]
[early_stopping_min_delta: 0]
[first_metric_only: 0]
[max_delta_step: 0]
[lambda_l1: 0]
[lambda_l2: 0]
[linear_lambda: 0]
[min_gain_to_split: 0]
[drop_rate: 0.1]
[max_drop: 50]
[skip_drop: 0.5]
[xgboost_dart_mode: 0]
[uniform_drop: 0]
[drop_seed: 4]
[top_rate: 0.2]
[other_rate: 0.1]
[min_data_per_group: 100]
[max_cat_threshold: 32]
[cat_l2: 10]
[cat_smooth: 10]
[max_cat_to_onehot: 4]
[top_k: 20]
[monotone_constraints: ]
[monotone_constraints_method: basic]
[monotone_penalty: 0]
[feature_contri: ]
[forcedsplits_filename: ]
[refit_decay_rate: 0.9]
[cegb_tradeoff: 1]
[cegb_penalty_split: 0]
[cegb_penalty_feature_lazy: ]
[cegb_penalty_feature_coupled: ]
[path_smooth: 0]
[interaction_constraints: ]
[verbosity: -1]
[saved_feature_importance_type: 0]
[use_quantized_grad: 0]
[num_grad_quant_bins: 4]
[quant_train_renew_leaf: 0]
[stochastic_rounding: 1]
[linear_tree: 0]
[max_bin: 255]
[max_bin_by_feature: ]
[min_data_in_bin: 3]
[bin_construct_sample_cnt: 200000]
[data_random_seed: 1]
[is_enable_sparse: 1]
[enable_bundle: 1]
[use_missing: 1]
[zero_as_missing: 0]
[feature_pre_filter: 1]
[pre_partition: 0]
[two_round: 0]
[header: 0]
[label_column: ]
[weight_column: ]
[group_column: ]
[ignore_column: ]
[categorical_feature: ]
[forcedbins_filename: ]
[precise_float_parser: 0]
[parser_config_file: ]
[objective_seed: 5]
[num_class: 1]
[is_unbalance: 0]
[scale_pos_weight: 1]
[sigmoid: 1]
[boost_from_average: 1]
[reg_sqrt: 0]
[alpha: 0.1]
[fair_c: 1]
[poisson_max_delta_step: 0.7]
[tweedie_variance_power: 1.5]
[lambdarank_truncation_level: 30]
[lambdarank_norm: 1]
[label_gain: ]
[lambdarank_position_bias_regularization: 0]
[eval_at: ]
[multi_error_top_k: 1]
[auc_mu_weights: ]
[num_machines: 1]
[local_listen_port: 12400]
[time_out: 120]
[machine_list_filename: ]
[machines: ]
[gpu_platform_id: -1]
[gpu_device_id: -1]
[gpu_device_id_list: ]
[gpu_use_dp: 0]
[num_gpu: 1]

end of parameters

pandas_categorical:[]
