tree
version=v4
num_class=1
num_tree_per_iteration=1
label_index=0
max_feature_idx=16
objective=quantile
feature_names=ret_1d ret_5d ret_20d overnight_gap atr_pct parkinson_20 dvol_z_20 dist_ma20 dist_ma50 dist_ma200 spy_ret_1d spy_ret_5d spy_ret_20d vix_level vix_chg_1d sector_ret_1d sector_ret_5d
feature_infos=[-0.11266724784899362:0.073590033975085012] [-0.16769927433259435:0.11802149030600306] [-0.2792533569425999:0.20371992525110949] [-0.060732619855564329:0.05610184572562793] [0.011033153420095084:0.055294728000395282] [0.0069905923051628857:0.027258354959373968] [-2.1674105606155534:4.05936427067053] [-0.218107037056676:0.099662812905404019] [-0.23244007292958591:0.12751668172494734] [-0.23908734099620443:0.17991038023796668] [-0.058542947643003718:0.10501933612632941] [-0.11496158439845272:0.082843216242346029] [-0.12265592443394913:0.15756596870864792] [11.859999656677246:52.330001831054688] [-0.35753873962348437:0.74039073966007019] [-0.073180960369049974:0.075364298724954315] [-0.12187673514714059:0.078003457216940353]
tree_sizes=842 852 856 848 865 857 871 865 871 864 863 862 854 852 855 868 861 861 857 859 869 861 851

Tree=0
num_leaves=8
num_cat=0
split_feature=2 1 3 14 6 15 9
split_gain=6.03557 4.30889 3.04812 2.10433 1.95785 1.92825 1.90295
threshold=-0.04383641104113694 -0.011588561367676107 -0.0065863068141229766 -0.043478201036805324 -0.8277404204376787 -0.0053068227532935266 0.13458596419860849
decision_type=2 2 2 2 2 2 8
left_child=-1 4 -3 6 -2 -5 -4
right_child=1 2 3 5 -6 -7 -8
leaf_value=0.0082248287741094831 0.0082369834184646603 0.0078175296657718718 0.0080181983066722751 0.0078756750386673961 0.0081515967613086104 0.0080395721131935709 0.0081805845722556121
leaf_weight=153 27 34 68 58 102 273 35
leaf_count=153 27 34 68 58 102 273 35
internal_value=0.00788567 0.00561499 0.00338482 0.00451424 0.0137058 0.00257208 0.0107556
internal_weight=750 597 468 434 129 331 103
internal_count=750 597 468 434 129 331 103
is_linear=0
shrinkage=1


Tree=1
num_leaves=8
num_cat=0
split_feature=7 4 9 16 1 4 16
split_gain=5.40286 2.47926 1.98433 2.22167 1.71879 1.80067 1.57153
threshold=-0.015108968003889498 0.026713031717932205 -0.04602440270200802 -0.0027699273794946628 -0.015542235787999402 0.012749466717505273 0.015070067762048002
decision_type=2 2 8 2 2 2 2
left_child=2 4 -1 -4 -2 -6 -7
right_child=1 -3 3 -5 5 6 -8
leaf_value=0.0003126704297028482 7.9667411046102654e-05 0.00027391707291826603 0.00012729971145745368 -5.5434608366340416e-05 2.8090048581361736e-05 -0.00011799555970355867 -1.224696519784626e-05
leaf_weight=63 41 25 78 47 44 278 158
leaf_count=63 41 25 78 47 44 278 158
internal_value=0.00013624 -0.00238095 0.00744681 0.0038 -0.003119 -0.00395833 -0.00493119
internal_weight=734 546 188 125 521 480 436
internal_count=734 546 188 125 521 480 436
is_linear=0
shrinkage=0.05


Tree=2
num_leaves=8
num_cat=0
split_feature=1 2 6 9 7 9 11
split_gain=4.87063 2.74912 2.52722 4.07139 2.41131 2.35193 3.66982
threshold=-0.010936232450264647 -0.04383641104113694 0.80963416792314635 0.071557292937716413 -0.0043654314228458438 -0.068058039164879944 0.0029094818078184708
decision_type=2 2 2 8 2 10 2
left_child=5 -2 4 -4 -3 -1 -7
right_child=1 2 3 -5 -6 6 -8
leaf_value=0.00029515897408418826 0.00011882568325381725 -0.00017807492089923468 0.00043835490674246107 -9.5672063238453145e-05 -5.353032707353122e-05 7.4080396152567153e-05 -0.00024007839057594541
leaf_weight=98 67 52 31 45 340 86 30
leaf_count=98 67 52 31 45 340 86 30
internal_value=0.000166889 -0.00238318 -0.00373932 0.00460526 -0.00535714 0.00654206 0.00172414
internal_weight=749 535 468 76 392 214 116
internal_count=749 535 468 76 392 214 116
is_linear=0
shrinkage=0.05


Tree=3
num_leaves=8
num_cat=0
split_feature=1 2 6 9 7 9 14
split_gain=4.80047 3.13742 2.43316 2.34227 2.25718 2.25606 1.99481
threshold=-0.015542235787999402 -0.04383641104113694 0.80963416792314635 0.082332002996776024 -0.03025561998568382 0.042773447080693312 -0.003811601511204465
decision_type=2 2 2 8 2 8 2
left_child=-1 4 3 -3 -2 -4 -7
right_child=1 2 5 -5 -6 6 -8
leaf_value=0.00014783101322500444 -0.000103670002250874 -0.00011811303328722713 0.00045862920845975174 -1.1287266472209028e-05 0.00014187224781489924 3.3385345511487578e-05 -5.9976369809010085e-05
leaf_weight=168 28 215 28 202 47 27 28
leaf_count=168 28 215 28 202 47 27 28
internal_value=0.000302826 -0.00186957 -0.0033 -0.00485612 0.00766667 0.00451807 -0.00136364
internal_weight=743 575 500 417 75 83 55
internal_count=743 575 500 417 75 83 55
is_linear=0
shrinkage=0.05


Tree=4
num_leaves=8
num_cat=0
split_feature=1 15 8 9 14 12 0
split_gain=4.65009 4.23864 3.17181 2.85052 1.8632 1.83764 1.76743
threshold=-0.010385686423999394 -0.0037053752716698636 -0.021492959931779184 -0.053886445618053995 -0.0054293361358405115 0.010183685907573794 -0.0054604016704585248
decision_type=2 2 8 10 2 2 2
left_child=3 -2 4 -1 -3 -5 -4
right_child=1 2 6 5 -6 -7 -8
leaf_value=0.00023735046613206583 -8.2327751943557821e-05 7.3941200528351983e-05 0.00015795211533461045 0.0001226958307276255 0.00026249405278271293 -5.9082055416492895e-05 -3.8057606906113498e-05
leaf_weight=111 116 48 30 44 25 69 303
leaf_count=111 116 48 30 44 25 69 303
internal_value=0.000670241 -0.00191571 0.000492611 0.00669643 0.00993151 0.00110619 -0.00157658
internal_weight=746 522 406 224 73 113 333
internal_count=746 522 406 224 73 113 333
is_linear=0
shrinkage=0.05


Tree=5
num_leaves=8
num_cat=0
split_feature=6 1 15 6 12 11 9
split_gain=3.83492 3.5475 2.65257 2.66506 2.22003 1.66286 1.87376
threshold=1.3610072009735756 -0.015542235787999402 -0.003732749097953791 -1.28718880085984 0.0082902198416674473 0.021459813769517781 0.017593670200896753
decision_type=2 2 2 2 2 2 10
left_child=1 4 -3 -4 -1 -5 -7
right_child=-2 2 3 5 -6 6 -8
leaf_value=0.00020475937925259775 0.00019487011656398861 -0.00010870537602487279 -0.00021888839325357376 -3.2897158393743746e-05 -1.2803136795603654e-05 0.00025057507022877874 -2.3347114754051698e-06
leaf_weight=75 79 118 28 289 70 35 43
leaf_count=75 79 118 28 289 70 35 43
internal_value=3.39213e-05 -0.00121581 -0.00316764 -0.00120253 0.00568966 -6.81199e-05 0.00641026
internal_weight=737 658 513 395 145 367 78
internal_count=737 658 513 395 145 367 78
is_linear=0
shrinkage=0.05


Tree=6
num_leaves=8
num_cat=0
split_feature=11 2 15 15 0 9 0
split_gain=4.25884 3.25838 2.48505 2.46621 1.91111 2.14286 1.93448
threshold=-0.023324980459216712 -0.04383641104113694 -0.00065077602950613922 1.0000000180025095e-35 -0.0044802039058672296 0.11992300095566434 0.0094731877303505536
decision_type=2 2 2 2 2 10 2
left_child=-1 -2 -3 -4 -5 6 -6
right_child=1 2 3 4 5 -7 -8
leaf_value=0.00017697574816812056 0.00010747221454573677 -5.7120078346374007e-05 0.00021031021419778487 9.9844669815889062e-05 -0.0001305477749007736 1.3961926404650006e-05 1.0165467540895822e-05
leaf_weight=59 126 227 27 37 134 60 76
leaf_count=59 126 227 27 37 134 60 76
internal_value=-0.000603217 -0.00171033 -0.00334225 -0.000598802 -0.00187296 -0.00333333 -0.00571429
internal_weight=746 687 561 334 307 270 210
internal_count=746 687 561 334 307 270 210
is_linear=0
shrinkage=0.05


Tree=7
num_leaves=8
num_cat=0
split_feature=11 8 15 15 12 1 5
split_gain=4.12313 3.20561 3.40661 2.5497 1.87548 2.39025 2.13118
threshold=-0.023324980459216712 -0.021492959931779184 -0.0037053752716698636 -0.0092865684684994548 0.027544140346580596 0.018686182868977833 0.0085036870975708483
decision_type=2 8 2 2 2 2 2
left_child=-1 2 3 -2 5 6 -3
right_child=1 4 -4 -5 -6 -7 -8
leaf_value=0.00016812696075971454 0.00035610592118477576 7.0338775547094511e-05 0.0001831000987224136 -0.00014423652532111189 -2.0111791283770235e-05 -0.00012913242535773887 -8.5332991082446135e-05
leaf_weight=61 27 26 114 26 256 71 164
leaf_count=61 27 26 114 26 256 71 164
internal_value=-0.00057047 -0.00168129 0.00434132 -0.00613208 -0.00362669 -0.0066092 -0.00368421
internal_weight=745 684 167 53 517 261 190
internal_count=745 684 167 53 517 261 190
is_linear=0
shrinkage=0.05


Tree=8
num_leaves=8
num_cat=0
split_feature=11 4 15 7 0 15 0
split_gain=4.19569 2.54668 1.96259 2.57429 1.88826 1.74989 1.50479
threshold=-0.023324980459216712 0.027843679627355327 -0.00065077602950613922 0.017333970246777967 0.00020859236056292033 1.0000000180025095e-35 -0.0044802039058672296
decision_type=2 2 2 2 2 2 2
left_child=-1 2 3 4 6 -4 -2
right_child=1 -3 5 -5 -6 -7 -8
leaf_value=0.00019547241961395063 -1.6181689838664151e-05 0.00033830062512553698 0.00012521158839950852 -0.00015514594624586005 0.0001911966459449589 -3.2012912878609179e-06 -6.4906156080813453e-05
leaf_weight=59 103 43 31 93 37 370 28
leaf_count=59 103 43 31 93 37 370 28
internal_value=0.000327225 -0.000744681 -0.00151057 -0.00488506 -0.00119048 0.000685786 -0.00400763
internal_weight=764 705 662 261 168 401 131
internal_count=764 705 662 261 168 401 131
is_linear=0
shrinkage=0.05


Tree=9
num_leaves=8
num_cat=0
split_feature=11 4 15 3 9 3 9
split_gain=2.98066 2.2077 1.91553 1.84384 1.98833 1.73807 1.89027
threshold=-0.023324980459216712 0.027843679627355327 -0.0040520791376654755 -0.0054819919188318069 0.016532158818954316 0.0017976182327206216 0.12521690936885713
decision_type=2 2 2 2 8 2 8
left_child=-1 2 -2 -4 -5 -6 -7
right_child=1 -3 3 4 5 6 -8
leaf_value=0.0001468026473072457 -5.3160334907393477e-05 0.00032138559386926012 -0.00010159019613753225 0.00015557978055608042 1.0321202232264817e-05 -0.00012200963503993714 9.3496483100619608e-06
leaf_weight=54 160 43 46 86 186 88 81
leaf_count=54 160 43 46 86 186 88 81
internal_value=-0.000201613 -0.00108696 -0.00181607 -0.000256674 0.000736961 -0.000915493 -0.0045858
internal_weight=744 690 647 487 441 355 169
internal_count=744 690 647 487 441 355 169
is_linear=0
shrinkage=0.05


Tree=10
num_leaves=8
num_cat=0
split_feature=1 3 16 1 6 9 16
split_gain=3.42186 2.53313 2.20546 1.70827 3.3037 2.11496 2.13851
threshold=-0.015542235787999402 -0.0065084174447297407 -0.0018334108387398904 0.017482232221228248 -0.45959365184893813 0.14115565751866291 0.012215872287739018
decision_type=2 2 2 2 2 8 2
left_child=2 -2 -1 4 5 6 -3
right_child=1 3 -4 -5 -6 -7 -8
leaf_value=0.00014999892591549893 -0.00011880463522987511 -0.00018929317915106802 -7.7493841465234607e-05 -4.5162117558566206e-05 9.0310365176628825e-05 4.2816124651011726e-05 2.5818232759328588e-05
leaf_weight=127 54 60 42 211 182 46 27
leaf_count=127 54 60 42 211 182 46 27
internal_value=0.000100134 -0.00172414 0.00636095 -0.000665399 0.00166667 -0.00432331 -0.00890805
internal_weight=749 580 169 526 315 133 87
internal_count=749 580 169 526 315 133 87
is_linear=0
shrinkage=0.05


Tree=11
num_leaves=8
num_cat=0
split_feature=6 1 15 9 16 4 5
split_gain=2.80902 2.45328 2.87803 1.93948 1.93726 1.69079 1.47978
threshold=1.3610072009735756 -0.015542235787999402 -0.003732749097953791 -0.068058039164879944 -0.001477546616446612 0.012833287292681629 0.010591364747668966
decision_type=2 2 2 8 2 2 2
left_child=1 3 -3 -1 -5 -4 -7
right_child=-2 2 5 4 -6 6 -8
leaf_value=0.00042199748653552342 0.00016789257731347803 -6.730283369012361e-05 7.6564988352977308e-05 0.00010110563185754081 -0.00015395935362358068 -9.2298336056202929e-05 1.1184771497969568e-05
leaf_weight=30 78 113 37 89 26 158 216
leaf_count=30 78 113 37 89 26 158 216
internal_value=0.000635877 -0.000411061 -0.00200382 0.00534483 0.0023913 -6.08273e-05 -0.00106952
internal_weight=747 669 524 145 115 411 374
internal_count=747 669 524 145 115 411 374
is_linear=0
shrinkage=0.05


Tree=12
num_leaves=8
num_cat=0
split_feature=9 6 13 6 9 1 11
split_gain=3.1119 2.35652 1.78619 1.53538 1.44332 2.56615 2.34998
threshold=-0.04602440270200802 -0.76529672263773019 20.865000724792484 1.9257493271903201 0.085148213096653005 -0.011243778002795633 0.014562716875039962
decision_type=8 2 2 2 8 2 2
left_child=1 -1 3 4 -2 -6 -7
right_child=2 -3 -4 -5 5 6 -8
leaf_value=-4.4454109041125743e-05 -5.9524551562300994e-05 0.00019938734666303168 0.00010651138113642033 0.00012297832054274953 9.1044045982489061e-05 -8.3819430512065929e-05 2.876853587258125e-05
leaf_weight=26 246 88 60 37 56 139 82
leaf_count=26 246 88 60 37 56 139 82
internal_value=-0.00013624 0.00745614 -0.00153226 -0.00241071 -0.00310707 -0.000631769 -0.0030543
internal_weight=734 114 620 560 523 277 221
internal_count=734 114 620 560 523 277 221
is_linear=0
shrinkage=0.05


Tree=13
num_leaves=8
num_cat=0
split_feature=1 15 13 4 8 14 0
split_gain=2.80016 3.59764 2.1884 1.976 2.1637 1.68091 1.41603
threshold=-0.015542235787999402 -0.003732749097953791 19.585000038146976 0.012833287292681629 -0.021492959931779184 -0.0043060965648996632 -0.0022409891322999749
decision_type=2 2 2 2 8 2 2
left_child=2 -2 6 -3 5 -5 -1
right_child=1 3 -4 4 -6 -7 -8
leaf_value=9.7100410972007865e-05 -7.8081298038582339e-05 7.6817947705057476e-05 0.00022154546447130139 2.5931780324837691e-05 -2.8285558842886603e-05 0.00019891290730356082 -5.5373846817344775e-05
leaf_weight=65 135 36 66 55 324 25 39
leaf_count=65 135 36 66 55 324 25 39
internal_value=-0.000637584 -0.00230435 0.005 -0.000113636 -0.00111386 0.00625 0.000480769
internal_weight=745 575 170 440 404 80 104
internal_count=745 575 170 440 404 80 104
is_linear=0
shrinkage=0.05


Tree=14
num_leaves=8
num_cat=0
split_feature=8 15 7 14 8 0 0
split_gain=3.54199 1.52365 2.85048 1.6875 1.46606 1.41951 1.49437
threshold=-0.097235297508258753 -0.00065077602950613922 -0.016919741561105369 0.082777995482000835 0.0099955594756525618 -0.0042438121876997017 0.019966545648143156
decision_type=8 2 2 2 10 2 2
left_child=-1 2 3 -2 -4 -3 -7
right_child=1 5 4 -5 -6 6 -8
leaf_value=0.00042138918167952569 0.00018554485968499241 9.2668104391086759e-05 -9.8904847380320332e-05 -3.7485977216571461e-05 -1.5494548731314911e-05 -4.7881501411252631e-06 0.00013998966371232138
leaf_weight=27 50 50 72 30 136 328 26
leaf_count=27 50 50 72 30 136 328 26
internal_value=-0.000173853 -0.000867052 -0.00364583 0.004375 -0.00673077 0.00111386 0
internal_weight=719 692 288 80 208 404 354
internal_count=719 692 288 80 208 404 354
is_linear=0
shrinkage=0.05


Tree=15
num_leaves=8
num_cat=0
split_feature=8 11 8 15 3 11 1
split_gain=2.34363 1.31897 1.44643 1.43565 1.79059 1.80222 2.28722
threshold=-0.09942181094190515 -0.022672230022230119 -0.041467812078448123 -0.00065077602950613922 0.0016605849044482037 -0.0012355410470791248 0.026875100695914592
decision_type=8 2 10 2 2 2 2
left_child=-1 2 -2 -3 -5 -6 -7
right_child=1 3 -4 4 5 6 -8
leaf_value=0.00041966477910606735 -5.9208279708886525e-06 -2.5542307304979176e-05 0.0002196231277403456 4.9960906103351749e-05 -0.00016064428854374471 2.2131438184673979e-05 -0.00013200329355937245
leaf_weight=27 28 269 28 204 35 112 40
leaf_count=27 28 269 28 204 35 112 40
internal_value=-0.000572005 -0.00111732 0.00625 -0.00174242 0.000191816 -0.00334225 -0.000986842
internal_weight=743 716 56 660 391 187 152
internal_count=743 716 56 660 391 187 152
is_linear=0
shrinkage=0.05


Tree=16
num_leaves=8
num_cat=0
split_feature=6 3 0 15 7 0 0
split_gain=2.39978 2.25943 1.88432 1.9497 1.67694 1.4885 1.82162
threshold=1.2816435492392013 -0.0067002764350176372 -0.011325286012694889 -0.00079310007649602266 0.013008757617088864 -0.001707875756072452 0.019700133918028388
decision_type=2 2 2 2 2 2 2
left_child=1 -1 -3 -4 -2 -5 -7
right_child=4 2 3 5 -6 6 -8
leaf_value=-0.00012556299217527712 0.00026659722351359569 6.7336013318726242e-05 -6.7951151635025148e-05 7.7485937504426759e-05 -9.170068779011058e-06 -2.6084132580745366e-05 0.00012454029840741114
leaf_weight=66 55 51 179 67 29 284 26
leaf_count=66 55 51 179 67 29 284 26
internal_value=-0.000825627 -0.00182021 -0.000864909 -0.00170863 0.00714286 0.000331565 -0.00112903
internal_weight=757 673 607 556 84 377 310
internal_count=757 673 607 556 84 377 310
is_linear=0
shrinkage=0.05


Tree=17
num_leaves=8
num_cat=0
split_feature=9 6 9 6 4 1 11
split_gain=2.24202 1.79602 1.53397 1.79861 1.47087 1.75044 3.06414
threshold=0.011425385506493859 1.4738047329988524 0.0869559328380929 -0.65361529823540054 0.012352535608555931 -0.011243778002795633 -0.0017669803293580697
decision_type=8 2 8 2 2 2 2
left_child=1 -1 3 -2 -4 -6 -7
right_child=2 -3 4 -5 5 6 -8
leaf_value=3.2355609319350331e-05 -0.00013633367844237228 0.00028451481796464207 7.2132381906604885e-05 -1.3196653696406986e-05 7.1924169130406238e-05 -0.00012395120625873328 -5.6920940136547841e-07
leaf_weight=163 65 25 29 173 76 38 177
leaf_count=163 65 25 29 173 76 38 177
internal_value=-0.000201072 0.00452128 -0.00179211 -0.00483193 0.00046875 -0.000601375 -0.00290698
internal_weight=746 188 558 238 320 291 215
internal_count=746 188 558 238 320 291 215
is_linear=0
shrinkage=0.05


Tree=18
num_leaves=8
num_cat=0
split_feature=8 6 9 15 0 15 4
split_gain=2.09494 1.91807 2.11431 1.98397 1.89849 1.85404 2.66776
threshold=-0.09942181094190515 1.3610072009735756 0.075723606845519056 -0.003732749097953791 -0.0045743664985380952 -0.0084579694741521699 0.017115503086173104
decision_type=8 2 8 2 2 2 2
left_child=-1 3 -3 5 -5 6 -2
right_child=1 2 -4 4 -6 -7 -8
leaf_value=0.00032310615275659896 6.9348937198921145e-05 0.00023904162143968384 -2.7797525832683799e-06 7.3622486891624696e-05 -1.4624652977397496e-05 -0.00010392661342759589 -3.4492662467253418e-05
leaf_weight=31 31 41 32 77 398 95 48
leaf_count=31 31 41 32 77 398 95 48
internal_value=-0.00063081 -0.00117729 0.00650685 -0.0020416 -0.000368421 -0.0066092 -0.000949367
internal_weight=753 722 73 649 475 174 79
internal_count=753 722 73 649 475 174 79
is_linear=0
shrinkage=0.05


Tree=19
num_leaves=8
num_cat=0
split_feature=9 1 9 2 9 3 2
split_gain=2.30678 1.69439 1.07097 1.70857 1.36346 1.80221 1.42865
threshold=-0.12213774333630766 -0.0097032740053118443 0.090766801990908044 0.083755802995318943 0.048358344354188183 -0.0063740427149148174 0.027122821858008409
decision_type=8 2 8 2 10 2 2
left_child=1 -1 4 -4 5 -2 -7
right_child=2 -3 3 -5 -6 6 -8
leaf_value=0.00055057386493180907 -0.00023232687811908893 0.00010392460492757361 1.10618144123136e-05 -0.00012362177347570026 -8.651628931199741e-05 3.5677130135068233e-05 -6.2244264779641093e-05
leaf_weight=26 30 25 271 39 140 154 54
leaf_count=26 30 25 271 39 140 154 54
internal_value=3.38295e-05 0.0102941 -0.000726744 0.00145161 -0.00251323 -0.000210084 0.00144231
internal_weight=739 51 688 310 378 238 208
internal_count=739 51 688 310 378 238 208
is_linear=0
shrinkage=0.05


Tree=20
num_leaves=8
num_cat=0
split_feature=9 2 15 16 3 15 16
split_gain=2.55472 2.3165 1.71095 1.86302 1.25269 2.05176 1.72841
threshold=-0.04602440270200802 0.0011891489720198269 0.014425208851226114 -0.034933523755742595 0.0026574032950026365 -0.0040520791376654755 0.0065756350997653321
decision_type=8 2 2 2 2 2 2
left_child=1 -1 3 -2 5 6 -5
right_child=2 -3 -4 4 -6 -7 -8
leaf_value=0.00019819139627144547 0.00020717750197597729 -0.00012789873856340088 0.00012054829137321733 -2.0395837552490758e-05 -8.4166045543317402e-05 1.2834070516126209e-05 -0.00019451160455881238
leaf_weight=84 26 26 31 88 169 291 36
leaf_count=84 26 26 31 88 169 291 36
internal_value=0.000233023 0.00727273 -0.000975039 -0.00155738 -0.00214041 -0.000662651 -0.00604839
internal_weight=751 110 641 610 584 415 124
internal_count=751 110 641 610 584 415 124
is_linear=0
shrinkage=0.05


Tree=21
num_leaves=8
num_cat=0
split_feature=6 4 3 0 16 4 1
split_gain=1.80833 1.43385 1.60204 1.74421 2.03154 1.8711 1.59155
threshold=1.3610072009735756 0.026713031717932205 -0.0080274356473609126 -0.0072879095254029793 -0.0050501877008752851 0.012618668530449984 0.0065738152883095822
decision_type=2 2 2 2 2 2 2
left_child=1 2 -1 4 -4 -5 -7
right_child=-2 -3 3 5 -6 6 -8
leaf_value=-0.00020452730856334165 0.00018965127730753698 0.00024167375606305017 0.00017364076356965013 2.4570462369161337e-05 -1.1870849605284283e-05 1.3557299213513537e-06 -7.0284547467799102e-05
leaf_weight=39 73 54 44 33 52 230 223
leaf_count=39 73 54 44 33 52 230 223
internal_value=0.00040107 -0.000407407 -0.00108696 -0.000429553 0.00572917 -0.00164609 -0.00248344
internal_weight=748 675 621 582 96 486 453
internal_count=748 675 621 582 96 486 453
is_linear=0
shrinkage=0.05


Tree=22
num_leaves=8
num_cat=0
split_feature=4 11 14 1 9 8 9
split_gain=1.73705 1.35933 1.98263 1.78753 2.7807 2.19135 2.40508
threshold=0.027690973078453935 0.018972552338111019 -0.029587498132827402 0.017037725818296549 0.017593670200896753 0.03406078941121405 0.094029400536683974
decision_type=2 2 2 2 8 10 8
left_child=1 3 -3 5 -5 -1 -7
right_child=-2 2 -4 4 -6 6 -8
leaf_value=-1.6424545436328563e-05 0.00019996221987778333 0.00014915459113680232 -7.8678071535569567e-06 0.00014894617545443826 -0.00011482544922425129 -0.00012027136828230149 7.5359490754455893e-05
leaf_weight=326 50 39 79 26 101 41 80
leaf_count=326 50 39 79 26 101 41 80
internal_value=0 -0.000650289 0.00423729 -0.00165505 -0.00688976 -0.000167785 0.00557851
internal_weight=742 692 118 574 127 447 121
internal_count=742 692 118 574 127 447 121
is_linear=0
shrinkage=0.05


end of trees

feature_importances:
dist_ma200=24
sector_ret_1d=19
ret_5d=17
dvol_z_20=14
ret_1d=13
atr_pct=11
spy_ret_5d=11
overnight_gap=9
dist_ma50=9
sector_ret_5d=8
ret_20d=7
dist_ma20=6
vix_chg_1d=6
spy_ret_20d=3
parkinson_20=2
vix_level=2

parameters:
[boosting: gbdt]
[objective: quantile]
[metric: quantile]
[tree_learner: serial]
[device_type: cpu]
[data_sample_strategy: bagging]
[data: ]
[valid: ]
[num_iterations: 80]
[learning_rate: 0.05]
[num_leaves: 8]
[num_threads: 1]
[seed: 0]
[deterministic: 0]
[force_col_wise: 1]
[force_row_wise: 0]
[histogram_pool_size: -1]
[max_depth: -1]
[min_data_in_leaf: 25]
[min_sum_hessian_in_leaf: 0.001]
[bagging_fraction: 0.9]
[pos_bagging_fraction: 1]
[neg_bagging_fraction: 1]
[bagging_freq: 1]
[bagging_seed: 3]
[bagging_by_query: 0]
[feature_fraction: 0.9]
[feature_fraction_bynode: 1]
[feature_fraction_seed: 2]
[extra_trees: 0]
[extra_seed: 6]
[early_stopping_round: 0]
[early_stopping_min_delta: 0]
[first_metric_only: 0]
[max_delta_step: 0]
[lambda_l1: 0]
[lambda_l2: 0]
[linear_lambda: 0]
[min_gain_to_split: 0]
[drop_rate: 0.1]
[max_drop: 50]
[skip_drop: 0.5]
[xgboost_dart_mode: 0]
[uniform_drop: 0]
[drop_seed: 4]
[top_rate: 0.2]
[other_rate: 0.1]
[min_data_per_group: 100]
[max_cat_threshold: 32]
[cat_l2: 10]
[cat_smooth: 10]
[max_cat_to_onehot: 4]
[top_k: 20]
[monotone_constraints: ]
[monotone_constraints_method: basic]
[monotone_penalty: 0]
[feature_contri: ]
[forcedsplits_filename: ]
[refit_decay_rate: 0.9]
[cegb_tradeoff: 1]
[cegb_penalty_split: 0]
[cegb_penalty_feature_lazy: ]
[cegb_penalty_feature_coupled: ]
[path_smooth: 0]
[interaction_constraints: ]
[verbosity: -1]
[saved_feature_importance_type: 0]
[use_quantized_grad: 0]
[num_grad_quant_bins: 4]
[quant_train_renew_leaf: 0]
[stochastic_rounding: 1]
[linear_tree: 0]
[max_bin: 255]
[max_bin_by_feature: ]
[min_data_in_bin: 3]
[bin_construct_sample_cnt: 200000]
[data_random_seed: 1]
[is_enable_sparse: 1]
[enable_bundle: 1]
[use_missing: 1]
[zero_as_missing: 0]
[feature_pre_filter: 1]
[pre_partition: 0]
[two_round: 0]
[header: 0]
[label_column: ]
[weight_column: ]
[group_column: ]
[ignore_column: ]
[categorical_feature: ]
[forcedbins_filename: ]
[precise_float_parser: 0]
[parser_config_file: ]
[objective_seed: 5]
[num_class: 1]
[is_unbalance: 0]
[scale_pos_weight: 1]
[sigmoid: 1]
[boost_from_average: 1]
[reg_sqrt: 0]
[alpha: 0.5]
[fair_c: 1]
[poisson_max_delta_step: 0.7]
[tweedie_variance_power: 1.5]
[lambdarank_truncation_level: 30]
[lambdarank_norm: 1]
[label_gain: ]
[lambdarank_position_bias_regularization: 0]
[eval_at: ]
[multi_error_top_k: 1]
[auc_mu_weights: ]
[num_machines: 1]
[local_listen_port: 12400]
[time_out: 120]
[machine_list_filename: ]
[machines: ]
[gpu_platform_id: -1]
[gpu_device_id: -1]
[gpu_device_id_list: ]
[gpu_use_dp: 0]
[num_gpu: 1]

end of parameters

pandas_categorical:[]
