tree
version=v4
num_class=1
num_tree_per_iteration=1
label_index=0
max_feature_idx=16
objective=quantile
feature_names=ret_1d ret_5d ret_20d overnight_gap atr_pct parkinson_20 dvol_z_20 dist_ma20 dist_ma50 dist_ma200 spy_ret_1d spy_ret_5d spy_ret_20d vix_level vix_chg_1d sector_ret_1d sector_ret_5d
feature_infos=[-0.11266724784899362:0.073590033975085012] [-0.16769927433259435:0.11802149030600306] [-0.2792533569425999:0.20371992525110949] [-0.060732619855564329:0.05610184572562793] [0.011033153420095084:0.055294728000395282] [0.0069905923051628857:0.027258354959373968] [-2.1674105606155534:4.05936427067053] [-0.218107037056676:0.099662812905404019] [-0.23244007292958591:0.12751668172494734] [-0.23908734099620443:0.17991038023796668] [-0.058542947643003718:0.10501933612632941] [-0.11496158439845272:0.082843216242346029] [-0.12265592443394913:0.15756596870864792] [11.859999656677246:52.330001831054688] [-0.35753873962348437:0.74039073966007019] [-0.073180960369049974:0.075364298724954315] [-0.12187673514714059:0.078003457216940353]
tree_sizes=852 866 862 846 855 855 865 842 855 841 863 857 856 863 848 853 856 853 860 848 863 856 851 861 845 857 856 856 843 851 845 859 856 854 840 862 862 858

Tree=0
num_leaves=8
num_cat=0
split_feature=3 7 10 4 8 13 12
split_gain=5.41876 2.62167 2.76056 2.58712 2.15162 2.02284 1.86409
threshold=-0.0065863068141229766 0.041932812132353565 0.0056625653487155656 0.015553880991339877 0.062269633508707296 14.465000152587892 0.047608041860818802
decision_type=2 2 2 2 8 2 2
left_child=-1 2 3 -2 -5 -3 -4
right_child=1 5 6 4 -6 -7 -8
leaf_value=-0.006515493104234338 -0.0062223110115155579 -0.0061400868697091939 -0.0061430252506397666 -0.0063264620723202823 -0.0067245148820802569 -0.0062795459292829033 -0.006379834213294089
leaf_weight=86 151 37 137 243 32 39 25
leaf_count=86 151 37 137 243 32 39 25
internal_value=-0.00669225 -0.00516273 -0.00629225 -0.00840493 -0.0112923 0.00357617 -0.000736695
internal_weight=750 664 588 426 275 76 162
internal_count=750 664 588 426 275 76 162
is_linear=0
shrinkage=1


Tree=1
num_leaves=8
num_cat=0
split_feature=0 13 1 16 3 11 16
split_gain=4.88169 2.87472 3.15403 3.05334 1.98752 1.55704 1.48802
threshold=-0.013960262346599804 14.920000076293947 0.036771018385641237 -0.00045139506095726029 -0.0065863068141229766 0.018972552338111019 -0.025741801949305695
decision_type=2 2 2 2 2 2 2
left_child=-1 3 4 -2 -3 6 -6
right_child=1 2 -4 -5 5 -7 -8
leaf_value=-0.00017116998438723385 -7.5911547755822551e-05 -0.00034207322401925923 -0.00018049888662062587 0.00011432167375460268 7.9944776371121409e-05 0.00013345131854293867 -4.1356578003615233e-06
leaf_weight=80 47 37 43 172 32 48 275
leaf_count=80 47 37 43 172 32 48 275
internal_value=0.000408719 0.00183486 -0.000517241 0.00650685 0.000892857 0.00204225 0.000732899
internal_weight=734 654 435 219 392 355 307
internal_count=734 654 435 219 392 355 307
is_linear=0
shrinkage=0.05


Tree=2
num_leaves=8
num_cat=0
split_feature=13 3 1 7 14 0 16
split_gain=4.48772 3.13825 2.6071 2.5954 1.97107 2.11745 1.78866
threshold=15.295000076293947 -0.0068181056780525209 0.036771018385641237 0.046423699649587043 -0.012700650003930223 0.0079554410913400559 -0.012088020741247317
decision_type=2 2 2 2 2 2 2
left_child=3 -2 6 4 5 -1 -3
right_child=1 2 -4 -5 -6 -7 -8
leaf_value=0.00015762853960040956 -0.00022031689167488369 6.3272438303101821e-05 -0.00025671937863808126 0.00015814035374205559 -4.8012757833930648e-06 -2.3180640244390827e-05 -5.0072094716597336e-05
leaf_weight=65 73 119 34 38 124 31 265
leaf_count=65 73 119 34 38 124 31 265
internal_value=-0.000300401 -0.00310591 -0.00143541 0.00503876 0.00295455 0.00833333 -0.000260417
internal_weight=749 491 418 258 220 96 384
internal_count=749 491 418 258 220 96 384
is_linear=0
shrinkage=0.05


Tree=3
num_leaves=8
num_cat=0
split_feature=3 8 6 14 4 6 0
split_gain=4.87571 2.91293 2.5463 2.03396 2.04784 2.01418 3.04068
threshold=-0.0071344848994862034 0.032500375456698379 -1.1390226513471384 0.01016731697942619 0.019594549498744052 -0.22852820555338579 0.0069275169085452068
decision_type=2 10 2 2 2 2 2
left_child=-1 2 -2 4 5 -4 -7
right_child=1 -3 3 -5 -6 6 -8
leaf_value=-0.00018694534717942588 -0.0001587442935606305 7.9685661966504988e-05 8.6222092792013614e-06 -9.6138983216951602e-05 -8.1893338866939321e-05 0.00020393756819521514 -2.0897162592154926e-05
leaf_weight=77 36 234 77 137 100 54 28
leaf_count=77 36 234 77 137 100 54 28
internal_value=-0.000100942 0.00127628 -0.00115741 0 0.00260618 0.00613208 0.0115854
internal_weight=743 666 432 396 259 159 82
internal_count=743 666 432 396 259 159 82
is_linear=0
shrinkage=0.05


Tree=4
num_leaves=8
num_cat=0
split_feature=0 5 14 7 3 8 13
split_gain=4.29552 2.06117 1.85515 2.01397 1.70634 1.62764 2.30831
threshold=-0.013960262346599804 0.013063087504165304 0.014555585659076444 0.042545467874748451 0.0046302111502496421 0.043566499605004368 20.814999580383304
decision_type=2 2 2 2 2 10 2
left_child=1 -1 3 -2 5 6 -4
right_child=2 -3 4 -5 -6 -7 -8
leaf_value=-5.6597435826261047e-05 4.8127901235857279e-05 -0.00045098770116703234 -9.1165248000033906e-05 0.00011190478732172776 -0.00019996555579666165 7.3100111152089081e-05 0.00014594984440082043
leaf_weight=41 411 36 98 50 27 57 26
leaf_count=41 411 36 98 50 27 57 26
internal_value=0.000469169 -0.0107143 0.00175635 0.00352495 -0.00216346 -0.000414365 -0.00362903
internal_weight=746 77 669 461 208 181 124
internal_count=746 77 669 461 208 181 124
is_linear=0
shrinkage=0.05


Tree=5
num_leaves=8
num_cat=0
split_feature=3 11 5 6 6 3 14
split_gain=3.90799 2.56305 3.13907 2.05085 2.33633 1.49206 2.23908
threshold=-0.0068979302963740876 0.018972552338111019 0.012752987414757213 -1.19763751869157 -1.0313947844993938 0.0025176770401129649 -0.0092544987085180757
decision_type=2 2 2 2 2 2 2
left_child=-1 2 3 -2 -5 6 -3
right_child=1 5 -4 4 -6 -7 -8
leaf_value=-0.00017624727090371744 -0.00015388387203930871 0.00023617075434521846 -0.00026053983121253989 0.00014717365965717912 1.6756221839707865e-05 1.3300379502131358e-05 4.6025031721163044e-05
leaf_weight=81 27 36 110 25 372 52 34
leaf_count=81 27 36 110 25 372 52 34
internal_value=-0.000440977 0.000838415 -0.000655431 0.00129717 0.00220403 0.00737705 0.0121429
internal_weight=737 656 534 424 397 122 70
internal_count=737 656 534 424 397 122 70
is_linear=0
shrinkage=0.05


Tree=6
num_leaves=8
num_cat=0
split_feature=13 16 8 10 3 12 16
split_gain=4.60533 2.93916 2.58017 2.47714 1.98613 1.56451 1.49333
threshold=14.920000076293947 -0.001477546616446612 0.078997154603972289 0.00069580976977412512 -0.0065863068141229766 0.02953543879256915 -0.012088020741247317
decision_type=2 2 8 2 2 2 2
left_child=1 5 4 -3 -2 -1 -6
right_child=2 3 -4 -5 6 -7 -8
leaf_value=-0.00014532360419980024 -0.00015677564219624112 9.3868897179930391e-06 -0.00043264030010542676 0.00014251862336828557 3.7989074267012541e-05 7.416777790185507e-05 -6.8399337102023576e-05
leaf_weight=26 72 70 31 105 117 28 297
leaf_count=26 72 70 31 105 117 28 297
internal_value=-0.000335121 0.00556769 -0.00294971 0.00871429 -0.00205761 -0.00462963 -0.000724638
internal_weight=746 229 517 175 486 54 414
internal_count=746 229 517 175 486 54 414
is_linear=0
shrinkage=0.05


Tree=7
num_leaves=8
num_cat=0
split_feature=3 8 6 6 5 11 2
split_gain=3.38953 2.6745 2.23902 2.21592 2.3713 1.77469 2.10618
threshold=-0.0068181056780525209 0.10810425052832608 -1.28718880085984 -1.0160095855958826 0.013346723611539634 0.021459813769517781 -0.080756461548324707
decision_type=2 8 2 2 2 2 2
left_child=-1 2 -2 -4 -5 6 -6
right_child=1 -3 3 4 5 -7 -8
leaf_value=-0.00014893686008642906 -0.00019813061717378241 -0.00025481156650419042 0.00011619744786716008 4.7502046584506658e-05 2.808695192995812e-06 2.6542411001040965e-05 -0.00042709576221261394
leaf_weight=86 32 30 52 446 32 28 39
leaf_count=86 32 30 52 446 32 28 39
internal_value=3.3557e-05 0.0012519 0.00194754 0.00263819 0.00169725 -0.00530303 -0.00950704
internal_weight=745 659 629 597 545 99 71
internal_count=745 659 629 597 545 99 71
is_linear=0
shrinkage=0.05


Tree=8
num_leaves=8
num_cat=0
split_feature=0 4 11 6 3 1 2
split_gain=3.05202 2.39096 2.31297 1.66893 1.81413 1.49659 2.17491
threshold=-0.025462964937198292 0.015534409498328424 0.016536757711404618 -0.38430833075797094 0.002844097437263327 -0.012578425338601483 0.070320366882976063
decision_type=2 2 2 2 2 2 2
left_child=-1 -2 5 -4 -5 -3 -7
right_child=1 2 3 4 -6 6 -8
leaf_value=-0.0001661126477443369 5.6768133979481341e-05 4.8493472178106223e-06 -5.2117726644075059e-05 0.00018667176889371621 1.5279896843589353e-05 -0.00014338336333760029 0.0001079497758800436
leaf_weight=28 247 131 58 38 31 195 36
leaf_count=28 247 131 58 38 31 195 36
internal_value=0.00013089 0.000747283 -0.00127812 0.00452756 0.00978261 -0.00331492 -0.00573593
internal_weight=764 736 489 127 69 362 231
internal_count=764 736 489 127 69 362 231
is_linear=0
shrinkage=0.05


Tree=9
num_leaves=8
num_cat=0
split_feature=8 3 13 6 10 5 8
split_gain=3.41774 2.54737 2.26744 2.08218 1.82324 1.81497 1.75149
threshold=0.032500375456698379 -0.0076575153271015708 14.920000076293947 -1.1390226513471384 0.012727051103036626 0.0097376045988642381 0.026736406254010862
decision_type=10 2 2 2 2 2 8
left_child=1 -1 -2 -3 6 -4 -5
right_child=2 3 5 4 -6 -7 -8
leaf_value=-0.00018145856267583999 9.144073154345406e-05 -0.00014490668925620873 -0.00010559762434674626 2.8389321166769369e-06 0.00028956440667945175 6.1494331760949229e-05 -0.00016628278042798243
leaf_weight=56 128 39 51 332 25 79 34
leaf_count=56 128 39 51 332 25 79 34
internal_value=0 -0.00246914 0.00465116 -0.00116279 -6.39386e-05 0 -0.000956284
internal_weight=744 486 258 430 391 130 366
internal_count=744 486 258 430 391 130 366
is_linear=0
shrinkage=0.05


Tree=10
num_leaves=8
num_cat=0
split_feature=8 16 3 1 16 5 7
split_gain=3.70256 2.9002 2.29182 1.99349 2.00011 2.71521 2.92254
threshold=0.10810425052832608 0.0021864472516240911 -0.0031270888321903718 0.010520626688899861 -0.014008926464075365 0.0089036639724862383 -0.02154857192405157
decision_type=8 2 2 2 2 2 2
left_child=1 3 -3 4 -1 -6 -7
right_child=-2 2 -4 -5 5 6 -8
leaf_value=5.8419615172901779e-05 -0.00028134355908147294 -3.7150332979057557e-05 7.8466834111242116e-05 -0.00019805999844619781 0.00014897338476255081 1.0874034472814639e-05 -0.00016089925374929666
leaf_weight=123 36 77 304 59 33 44 73
leaf_count=123 36 77 304 59 33 44 73
internal_value=0.000367156 0.00115708 0.00413386 -0.00225904 -0.000457875 -0.00433333 -0.00790598
internal_weight=749 713 381 332 273 150 117
internal_count=749 713 381 332 273 150 117
is_linear=0
shrinkage=0.05


Tree=11
num_leaves=8
num_cat=0
split_feature=15 8 2 4 5 0 15
split_gain=2.5928 2.43892 1.76967 2.50605 2.40034 2.41838 2.38509
threshold=-0.0042574009302753226 0.10810425052832608 0.03875064855713007 0.014882699564793982 0.011024315091777143 0.0064874609828079475 0.0026840539138157653
decision_type=2 8 2 2 2 2 2
left_child=-1 2 3 -2 5 6 -5
right_child=1 -3 -4 4 -6 -7 -8
leaf_value=-9.9076440080967271e-05 7.5427011591253681e-05 -0.00029658831443831531 9.1064805281562266e-05 -0.00015720834018062083 1.3790251159901714e-05 -0.00022532862986877593 0.00013127996733640237
leaf_weight=189 88 28 173 42 174 26 27
leaf_count=189 88 28 173 42 174 26 27
internal_value=0.000167336 0.00188172 0.00264151 0.000630252 -0.0017658 -0.00815789 -0.00326087
internal_weight=747 558 530 357 269 95 69
internal_count=747 558 530 357 269 95 69
is_linear=0
shrinkage=0.05


Tree=12
num_leaves=8
num_cat=0
split_feature=13 8 9 11 3 3 1
split_gain=2.62201 2.56746 1.93395 1.78747 2.37392 1.69973 1.50177
threshold=17.195000648498539 0.063784305794147969 0.085148213096653005 0.016655619165508066 0.0025176770401129649 -0.0065863068141229766 0.030939258972885301
decision_type=2 8 8 2 2 2 2
left_child=3 2 5 -1 -5 -2 -7
right_child=1 -3 -4 4 -6 6 -8
leaf_value=3.4837004230553643e-06 -0.00027389556473853623 -0.00038261642611772391 0.00011947535203668579 0.00014205900020480028 -2.860754757393713e-05 7.8183448263971847e-07 -0.0002044480022912592
leaf_weight=317 36 37 74 60 41 141 28
leaf_count=317 36 37 74 60 41 141 28
internal_value=0.00027248 -0.00316456 -0.0015233 0.00287081 0.00866337 -0.00402439 -0.00192308
internal_weight=734 316 279 418 101 205 169
internal_count=734 316 279 418 101 205 169
is_linear=0
shrinkage=0.05


Tree=13
num_leaves=8
num_cat=0
split_feature=15 4 7 7 5 14 10
split_gain=2.20358 1.57587 1.43451 1.82373 1.36407 1.32152 1.88394
threshold=-0.0042574009302753226 0.012833287292681629 -0.044850539217246903 -0.02965753432404988 0.013381880887929241 0.010891009150098998 -0.0012572661502254776
decision_type=2 2 2 2 2 2 2
left_child=4 -2 -3 -4 -1 -5 -7
right_child=1 2 3 5 -6 6 -8
leaf_value=-2.5450694342689893e-05 0.00014036845686370147 0.00013177362462482467 -0.00022384632234773795 4.5918903368395893e-05 -0.0003331279322547433 6.7638032712915352e-06 -0.00015606931317674306
leaf_weight=153 38 33 27 337 48 60 49
leaf_count=153 38 33 27 337 48 60 49
internal_value=0.000369128 0.00202206 0.00128458 0.000581395 -0.00410448 0.00134529 -0.00344037
internal_weight=745 544 506 473 201 446 109
internal_count=745 544 506 473 201 446 109
is_linear=0
shrinkage=0.05


Tree=14
num_leaves=8
num_cat=0
split_feature=0 6 0 11 1 1 11
split_gain=2.76412 2.06613 1.85673 1.88839 2.50875 1.56481 1.51128
threshold=-0.014290195491779676 -1.28718880085984 0.014828681561583014 -0.005386764577225033 -0.012845877583817665 0.012016602968380143 -0.0020344936195998971
decision_type=2 2 2 2 2 2 2
left_child=6 -2 3 4 -3 -4 -1
right_child=1 2 5 -5 -6 -7 -8
leaf_value=-2.9484071920632384e-05 -0.00018949230436800799 9.0133519489540265e-05 0.00011868469381369663 6.324407778514995e-05 -0.00012709473892370509 -0.00016338173166813874 -0.00019696443744393038
leaf_weight=42 34 72 27 398 67 48 31
leaf_count=42 34 72 27 398 67 48 31
internal_value=0.00066064 0.00170279 0.00236928 0.00339851 -0.00161871 -0.005 -0.00856164
internal_weight=719 646 612 537 139 75 73
internal_count=719 646 612 537 139 75 73
is_linear=0
shrinkage=0.05


Tree=15
num_leaves=8
num_cat=0
split_feature=3 9 5 11 3 14 3
split_gain=1.98559 1.52601 2.61375 1.69285 2.70128 1.43299 1.32397
threshold=-0.0092685324791460504 0.15317283175865462 0.0080422744296136019 0.01613839302739695 0.0018872927725659407 -0.011513166785666882 0.0040427009144533574
decision_type=2 10 2 2 2 2 2
left_child=-1 2 -2 -4 5 -5 -6
right_child=1 -3 3 4 6 -7 -8
leaf_value=-0.0001207400019775198 0.00015036550906521431 -0.00028007484254708153 -7.0302585892948478e-06 0.00015526617905822659 -0.00017391445210421025 7.365139667220099e-05 3.1267719466881942e-05
leaf_weight=49 34 28 490 35 25 38 44
leaf_count=49 34 28 490 35 25 38 44
internal_value=3.36474e-05 0.000720461 0.0012012 0.000474684 0.00528169 0.0119863 -0.00181159
internal_weight=743 694 666 632 142 73 69
internal_count=743 694 666 632 142 73 69
is_linear=0
shrinkage=0.05


Tree=16
num_leaves=8
num_cat=0
split_feature=11 14 3 4 11 12 12
split_gain=2.04062 2.07466 2.72119 1.97239 2.85703 1.80181 1.87533
threshold=0.018972552338111019 -0.0092544987085180757 0.0027581795955116122 0.02470532197874933 -0.0061809109481818494 0.027544140346580596 0.034436805865122662
decision_type=2 2 2 2 2 2 2
left_child=3 2 -2 5 -5 -1 -7
right_child=1 -3 -4 4 -6 6 -8
leaf_value=-2.4764206673818158e-05 0.00015601746139423081 -3.4919953585020092e-05 9.0381530327113222e-06 2.2482973404037034e-05 -0.00037020913680244039 9.4707847406629974e-05 1.3639791811884042e-06
leaf_weight=324 40 54 38 41 38 68 154
leaf_count=324 40 54 38 41 38 68 154
internal_value=3.30251e-05 0.00568182 0.0108974 -0.00116 -0.0085443 -9.15751e-05 0.00337838
internal_weight=757 132 78 625 79 546 222
internal_count=757 132 78 625 79 546 222
is_linear=0
shrinkage=0.05


Tree=17
num_leaves=8
num_cat=0
split_feature=8 2 10 9 6 16 6
split_gain=2.18239 2.17819 2.11698 1.61347 1.56567 1.62449 2.1112
threshold=0.032500375456698379 0.091748434368130308 1.0000000180025095e-35 0.1513270903689127 -0.23687685098096761 0.0069410458462448874 0.70381317726664883
decision_type=10 2 2 10 2 2 2
left_child=2 3 -1 -2 -4 6 -6
right_child=1 -3 4 -5 5 -7 -8
leaf_value=-7.4072116799180359e-05 8.7686905779531688e-05 -2.4666554734703456e-05 -7.0530224988068273e-05 -0.00017798878520835175 5.3659879576676856e-05 0.00013449982597952341 -0.00012441433419499334
leaf_weight=224 177 40 147 31 48 52 27
leaf_count=224 177 40 147 31 48 52 27
internal_value=0.000603217 0.00443548 -0.00130522 0.00649038 0.00164234 0.00570866 0.001
internal_weight=746 248 498 208 274 127 75
internal_count=746 248 498 208 274 127 75
is_linear=0
shrinkage=0.05


Tree=18
num_leaves=8
num_cat=0
split_feature=14 6 15 13 3 8 15
split_gain=2.29181 2.32351 2.11546 2.0811 2.16787 2.13992 1.68759
threshold=0.014555585659076444 -1.3493236985773402 0.0038554617342103641 14.920000076293947 0.00048973055291523526 0.062269633508707296 -0.003732749097953791
decision_type=2 2 2 2 2 8 2
left_child=1 -1 6 4 -3 -5 -2
right_child=2 3 -4 5 -6 -7 -8
leaf_value=-0.00018760709830968337 -7.4946758095293745e-05 0.00011031962710836693 -6.7262892311701681e-05 2.4878143310442907e-05 3.9199316995573632e-05 -0.00028865738652305212 4.7339348833221662e-05
leaf_weight=27 141 67 38 271 87 33 89
leaf_count=27 141 67 38 271 87 33 89
internal_value=0.000166003 0.00221649 -0.00354478 0.00305677 0.00779221 0.000657895 -0.00173913
internal_weight=753 485 268 458 154 304 230
internal_count=753 485 268 458 154 304 230
is_linear=0
shrinkage=0.05


Tree=19
num_leaves=8
num_cat=0
split_feature=8 1 7 4 12 5 11
split_gain=2.24126 2.30249 1.87747 1.80786 2.23567 1.82163 2.44154
threshold=0.10810425052832608 -0.068230332442156302 0.041932812132353565 0.015534409498328424 -0.05023266322533259 0.010480625767340856 0.016536757711404618
decision_type=8 2 2 2 2 2 2
left_child=1 -1 3 -3 -5 -6 -7
right_child=-2 2 -4 4 5 6 -8
leaf_value=-0.00068020119864265253 -0.00022950315226382122 4.7236863268769037e-05 8.3970489910470967e-05 0.00018580754658809734 -8.5118035074278897e-05 -3.2798108626176224e-05 0.00011512667457798075
leaf_weight=26 37 213 63 28 102 195 75
leaf_count=26 37 213 63 28 102 195 75
internal_value=0.000507442 0.0011396 0.00170118 0.000856444 -0.001125 -0.00215054 0
internal_weight=739 702 676 613 400 372 270
internal_count=739 702 676 613 400 372 270
is_linear=0
shrinkage=0.05


Tree=20
num_leaves=8
num_cat=0
split_feature=15 5 2 0 2 3 3
split_gain=3.0046 1.80214 1.31939 2.36396 1.90796 1.3996 1.34385
threshold=-0.0042574009302753226 0.015038386336393287 0.03875064855713007 -0.0014984907135900392 0.013744392549397079 0.00070765853087684249 0.0050720157956604126
decision_type=2 2 2 2 2 2 2
left_child=1 -1 3 -2 6 -6 -5
right_child=2 -3 -4 4 5 -7 -8
leaf_value=-2.7951452102038617e-05 4.5276452050588759e-05 -0.00039271319510568762 7.5151509271290286e-05 6.4826714262485656e-05 -0.00014838072744287735 -5.1689019967727639e-05 -0.00017274384691161462
leaf_weight=168 121 32 183 127 28 39 53
leaf_count=168 121 32 183 127 28 39 53
internal_value=0.000499334 -0.00475 0.00240472 0.000679348 -0.00212551 -0.00932836 0.000555556
internal_weight=751 200 551 368 247 67 180
internal_count=751 200 551 368 247 67 180
is_linear=0
shrinkage=0.05


Tree=21
num_leaves=8
num_cat=0
split_feature=14 13 1 8 8 16 3
split_gain=2.46966 2.82524 2.06257 1.5861 3.00666 2.80316 1.45833
threshold=0.010891009150098998 17.204999923706058 -0.010158699423548688 0.065303784580319726 0.040122078359368103 0.0065756350997653321 0.00087342364154607843
decision_type=2 2 2 8 10 2 2
left_child=1 -1 6 4 5 -2 -3
right_child=3 2 -4 -5 -6 -7 -8
leaf_value=5.2534518422272778e-05 6.095278704606588e-06 -7.0651604708492276e-05 -0.00018687133041401033 -0.00020940212990145214 0.00011207476138573507 -0.00016107936832195736 0.00014320607896275427
leaf_weight=299 129 30 108 44 38 60 40
leaf_count=299 129 30 108 44 38 60 40
internal_value=0.00113636 0.00330189 -0.00168539 -0.00267528 -0.000991189 -0.00357143 0.005
internal_weight=748 477 178 271 227 189 70
internal_count=748 477 178 271 227 189 70
is_linear=0
shrinkage=0.05


Tree=22
num_leaves=8
num_cat=0
split_feature=15 5 8 13 5 16 14
split_gain=2.35014 1.91156 1.39943 1.39622 1.34861 1.27673 1.94797
threshold=-0.0042574009302753226 0.011579287725207671 0.10810425052832608 17.394999504089359 0.0089799896169986074 0.0037444116572151746 -0.042370343814534299
decision_type=2 2 8 2 2 2 2
left_child=1 3 5 4 -1 6 -2
right_child=2 -3 -4 -5 -6 -7 -8
leaf_value=2.8422372224255562e-05 7.7002318916343873e-05 -0.00027538992584506702 -0.00028631263709681253 0.00010834965468270418 -0.0001019162135607073 4.1559428462274516e-05 -7.2587557714391896e-05
leaf_weight=38 67 80 26 37 44 305 145
leaf_count=38 67 80 26 37 44 305 145
internal_value=0 -0.00464824 0.0017035 -0.000630252 -0.00426829 0.00227273 -0.000707547
internal_weight=742 199 543 119 82 517 212
internal_count=742 199 543 119 82 517 212
is_linear=0
shrinkage=0.05


Tree=23
num_leaves=8
num_cat=0
split_feature=13 14 11 1 3 1 4
split_gain=1.66005 1.83126 1.75396 1.34269 1.40886 2.0995 1.26445
threshold=17.204999923706058 0.014555585659076444 0.018972552338111019 0.036771018385641237 -0.0065863068141229766 -0.010385686423999394 0.015534409498328424
decision_type=2 2 2 2 2 2 2
left_child=1 2 6 4 5 -2 -1
right_child=3 -3 -4 -5 -6 -7 -8
leaf_value=4.2222506076034171e-05 1.4813535171663735e-06 -1.6482965692083091e-05 0.00010686316921355496 -0.00017540696483290841 1.3261593591735446e-05 -0.00042056435588754394 -2.3103084326192745e-06
leaf_weight=120 33 124 74 28 229 28 115
leaf_count=120 33 124 74 28 229 28 115
internal_value=0.000699068 0.00271363 0.00477346 -0.00204403 -0.00103448 -0.00778689 0.00265957
internal_weight=751 433 309 318 290 61 235
internal_count=751 433 309 318 290 61 235
is_linear=0
shrinkage=0.05


Tree=24
num_leaves=8
num_cat=0
split_feature=1 8 6 6 1 5 8
split_gain=1.36051 1.63212 1.41909 1.26321 1.63879 1.31432 1.33319
threshold=-0.068230332442156302 0.10810425052832608 -1.28718880085984 -1.0313947844993938 0.0050899048486189322 0.01519220784135193 -0.064007926238055998
decision_type=2 8 2 2 2 2 10
left_child=-1 2 -2 4 -4 6 -5
right_child=1 -3 3 5 -6 -7 -8
leaf_value=-0.00058819981640214312 -0.00012220988807951682 -0.00023553743182047374 0.00020645703897369819 0.00013075875101735762 4.388284221839838e-05 -0.00015864624646882609 1.518911427188898e-05
leaf_weight=27 33 35 25 26 30 61 512
leaf_count=27 33 35 25 26 30 61 512
internal_value=0.000834446 0.00124654 0.00178311 0.00229358 0.00954545 0.00162771 0.00241636
internal_weight=749 722 687 654 55 599 538
internal_count=749 722 687 654 55 599 538
is_linear=0
shrinkage=0.05


Tree=25
num_leaves=8
num_cat=0
split_feature=6 15 8 16 5 9 0
split_gain=1.3578 1.54005 1.6583 1.43201 1.28003 1.71892 1.72087
threshold=-1.4537649257746799 -0.003732749097953791 0.10810425052832608 -0.023170361797710256 0.015665247596939071 0.06488091515966056 -0.0024994723577940188
decision_type=2 2 8 2 2 10 2
left_child=-1 4 3 -3 5 6 -2
right_child=1 2 -4 -5 -6 -7 -8
leaf_value=-0.00013435268739624495 -2.8615559684452582e-05 8.7102237556474513e-05 -0.00026013959934843947 2.8903645660296106e-05 -0.00052177328948734621 -0.00017469986776446077 9.1852494983865311e-05
leaf_weight=27 94 25 26 469 25 52 39
leaf_count=27 94 25 26 469 25 52 39
internal_value=0.000825627 0.00123288 0.00269231 0.00334008 -0.00238095 -0.000945946 0.00206767
internal_weight=757 730 520 494 210 185 133
internal_count=757 730 520 494 210 185 133
is_linear=0
shrinkage=0.05


Tree=26
num_leaves=8
num_cat=0
split_feature=6 14 13 1 3 15 3
split_gain=2.02306 2.51 1.72813 2.05724 1.58886 1.44271 1.36754
threshold=-1.4537649257746799 0.014555585659076444 14.904999732971193 0.036771018385641237 0.00059639672104161445 -0.00065077602950613922 -0.0063740427149148174
decision_type=2 2 2 2 2 2 2
left_child=-1 2 4 6 5 -2 -4
right_child=1 -3 3 -5 -6 -7 -8
leaf_value=-0.00015061353215269188 4.5787245472247415e-05 -2.3653337989540651e-05 -0.00029554274881251507 -0.00013339253576371893 2.3550530126443269e-05 0.00011459649003146438 3.9045737446018499e-05
leaf_weight=26 26 257 25 30 88 41 244
leaf_count=26 26 257 25 30 88 41 244
internal_value=0.000237449 0.000738397 0.00297357 0.000752508 0.00725806 0.0130597 0.00213755
internal_weight=737 711 454 299 155 67 269
internal_count=737 711 454 299 155 67 269
is_linear=0
shrinkage=0.05


Tree=27
num_leaves=8
num_cat=0
split_feature=6 6 5 11 6 14 16
split_gain=1.66866 1.84549 1.91804 2.11637 1.83622 1.75904 2.33978
threshold=-1.3493236985773402 -1.0313947844993938 0.013405991443709414 0.021459813769517781 -1.1906632701672366 0.01016731697942619 0.0065756350997653321
decision_type=2 2 2 2 2 2 2
left_child=-1 4 5 -4 -2 -3 -7
right_child=1 2 3 -5 -6 6 -8
leaf_value=-0.00018572583030422257 -1.6522891836975948e-06 3.0336228508546844e-05 -0.00029663840285925182 6.0529831678607983e-05 0.00010694390233488183 9.8509941064157253e-06 -8.3267418116349514e-05
leaf_weight=27 27 321 96 33 35 131 79
leaf_count=27 27 321 96 33 35 131 79
internal_value=0.000166889 0.000623269 -0.000151515 -0.00562016 0.00887097 0.00117702 -0.00238095
internal_weight=749 722 660 129 62 531 210
internal_count=749 722 660 129 62 531 210
is_linear=0
shrinkage=0.05


Tree=28
num_leaves=8
num_cat=0
split_feature=5 6 11 4 7 7 13
split_gain=1.37072 2.10505 1.61473 1.53101 0.954893 2.04343 1.92726
threshold=0.013063087504165304 -1.28718880085984 0.026101750474282651 0.02221974356844068 -0.02965753432404988 -0.044850539217246903 19.98499965667725
decision_type=2 2 2 2 2 2 2
left_child=1 -1 3 -2 5 -3 -6
right_child=2 4 -4 -5 6 -7 -8
leaf_value=-0.00013379656402984615 -0.00027647939168175972 7.5990630474926562e-05 8.1077455440878732e-05 -8.4405281300208729e-05 2.52791685554954e-05 -0.00015747572362097168 0.00021012102246124851
leaf_weight=26 27 30 38 118 460 33 32
leaf_count=26 27 30 38 118 460 33 32
internal_value=0.00117801 0.00236661 -0.00259563 -0.005 0.00301802 -0.00277778 0.00376016
internal_weight=764 581 183 145 555 63 492
internal_count=764 581 183 145 555 63 492
is_linear=0
shrinkage=0.05


Tree=29
num_leaves=8
num_cat=0
split_feature=5 16 7 15 5 16 1
split_gain=2.24781 1.48529 2.4323 1.96012 1.28455 1.82073 2.12737
threshold=0.013278071236794756 0.0037444116572151746 -0.022400023458272907 0.0025039479183847084 0.010480625767340856 0.02950730989083972 0.0098391376051421026
decision_type=2 2 2 2 2 2 2
left_child=4 2 -2 -3 -1 6 -6
right_child=1 3 -4 -5 5 -7 -8
leaf_value=-3.6845021703384075e-07 -9.922658213954382e-05 0.00013592929956631993 -0.00031729611710736949 -0.00021222272910923561 4.0673159969514775e-05 0.00010608589567668904 -4.8212850638402983e-05
leaf_weight=330 48 26 45 33 140 29 81
leaf_count=330 48 26 45 33 140 29 81
internal_value=0.000478142 -0.00493421 -0.00887097 0.00127119 0.00189655 0.0046 0.0030543
internal_weight=732 152 93 59 580 250 221
internal_count=732 152 93 59 580 250 221
is_linear=0
shrinkage=0.05


Tree=30
num_leaves=8
num_cat=0
split_feature=6 6 1 0 11 5 16
split_gain=1.89816 2.19143 1.62136 1.5952 1.8 1.61819 2.00115
threshold=-1.3493236985773402 -1.0313947844993938 0.0057440123266216956 0.014828681561583014 0.018972552338111019 0.013063087504165304 0.0037444116572151746
decision_type=2 2 2 2 2 2 2
left_child=-1 2 -2 4 5 -3 -7
right_child=1 3 -4 -5 -6 6 -8
leaf_value=-0.00016973128807666745 0.00011404695113954812 5.5574545680394176e-06 1.3890259958103955e-05 -0.000106631920489101 7.2275084536565324e-05 -0.00025618808055441819 0.00010013578586411626
leaf_weight=25 30 385 33 74 96 69 26
leaf_count=25 30 385 33 74 96 69 26
internal_value=0.000542005 0.00101683 0.00992063 0.000153846 0.00104167 -0.000208333 -0.00605263
internal_weight=738 713 63 650 576 480 95
internal_count=738 713 63 650 576 480 95
is_linear=0
shrinkage=0.05


Tree=31
num_leaves=8
num_cat=0
split_feature=15 16 1 8 7 3 0
split_gain=1.55927 1.59747 1.36284 1.23621 1.39447 1.67742 1.28019
threshold=-0.0042574009302753226 -0.014513917449056222 0.015774320972827941 0.10810425052832608 0.041932812132353565 0.0023313722937636787 -0.0014984907135900392
decision_type=2 2 2 8 2 2 2
left_child=1 -1 -3 4 6 -6 -2
right_child=3 2 -4 -5 5 -7 -8
leaf_value=9.651771830475505e-06 4.0325994967825229e-05 -0.00011485976475159237 2.1426664633125358e-05 -0.00016952974373544142 0.00014063590071614244 -7.5411220684898363e-06 -1.0389310152662639e-07
leaf_weight=81 142 77 32 27 36 26 317
leaf_count=81 142 77 32 27 36 26 317
internal_value=0.000745257 -0.00315789 -0.00711009 0.00209854 0.00263916 0.00967742 0.00168845
internal_weight=738 190 109 548 521 62 459
internal_count=738 190 109 548 521 62 459
is_linear=0
shrinkage=0.05


Tree=32
num_leaves=8
num_cat=0
split_feature=16 16 12 7 8 13 8
split_gain=1.61683 1.536 2.10338 2.01485 1.53171 1.49486 2.16829
threshold=0.0020364420469241033 -0.010941388816054885 0.019854414597249462 -0.01604066622392963 0.060047217141712246 14.920000076293947 0.025892020960211707
decision_type=2 2 2 2 8 2 8
left_child=1 4 3 -3 -1 -2 -7
right_child=5 2 -4 -5 -6 6 -8
leaf_value=3.3140166711357255e-05 5.9906082373025805e-05 6.7137458897849079e-06 2.0035856180861296e-06 -0.00015646132025553796 -0.00023670814302136035 3.381813489851931e-05 -9.5728979475081773e-05
leaf_weight=158 162 25 91 56 26 141 92
leaf_count=158 162 25 91 56 26 141 92
internal_value=0.000898802 -0.00154494 -0.00494186 -0.0108025 0.00163043 0.00310127 0.000536481
internal_weight=751 356 172 81 184 395 233
internal_count=751 356 172 81 184 395 233
is_linear=0
shrinkage=0.05


Tree=33
num_leaves=8
num_cat=0
split_feature=6 6 13 8 4 3 16
split_gain=1.53379 2.20268 1.55165 2.03547 1.52026 1.42431 3.03803
threshold=-1.3493236985773402 -1.0160095855958826 17.195000648498539 0.061473005916331099 0.019474759683646946 0.0004263944666849096 -0.014008926464075365
decision_type=2 2 2 8 2 2 2
left_child=-1 4 -3 5 -2 6 -4
right_child=1 2 3 -5 -6 -7 -8
leaf_value=-0.00011751521035454237 4.2819340154113445e-05 1.5756611945678415e-05 7.1294249954173203e-05 -0.00027230036716093149 0.00016870685914409877 3.1975832886384791e-05 -0.00022175396870098313
leaf_weight=29 39 388 61 31 25 107 68
leaf_count=29 39 388 61 31 25 107 68
internal_value=6.68449e-05 0.000521558 -0.000343511 -0.00327715 0.009375 -0.00169492 -0.00523256
internal_weight=748 719 655 267 64 236 129
internal_count=748 719 655 267 64 236 129
is_linear=0
shrinkage=0.05


Tree=34
num_leaves=8
num_cat=0
split_feature=12 6 6 9 12 11 3
split_gain=1.44517 1.4336 1.52095 2.02667 1.38002 1.21596 2.4253
threshold=-0.05023266322533259 -1.28718880085984 -1.0313947844993938 0.11992300095566434 -0.036045900478668118 0.018972552338111019 0.002713820560245606
decision_type=2 2 2 8 2 2 2
left_child=-1 -2 3 -3 -4 -6 -7
right_child=1 2 4 -5 5 6 -8
leaf_value=0.00013142557513095868 -0.00013099200326768882 -5.559996562492283e-08 -0.00021669436320966427 0.00012718427613557433 -4.066090962843278e-06 8.6600895278649194e-05 -4.4506736869502113e-05
leaf_weight=37 36 32 31 25 482 58 48
leaf_count=37 36 32 31 25 482 58 48
internal_value=0.000500668 0 0.000517751 0.00833333 -0.000201939 0.000340136 0.00518868
internal_weight=749 712 676 57 619 588 106
internal_count=749 712 676 57 619 588 106
is_linear=0
shrinkage=0.05


Tree=35
num_leaves=8
num_cat=0
split_feature=11 14 1 8 11 7 8
split_gain=1.68564 1.84467 1.31262 1.26833 1.25908 1.28609 1.23377
threshold=0.016655619165508066 0.023268635347166725 -0.068230332442156302 0.10810425052832608 0.036250351573326463 0.034100084938539783 0.080322101978056129
decision_type=2 2 2 8 2 2 10
left_child=2 4 -1 6 5 -2 -4
right_child=1 -3 3 -5 -6 -7 -8
leaf_value=-0.00056379989050051667 6.2039283580632264e-05 -9.9467337992370516e-05 -3.4050576247643666e-06 -0.00017711831319190512 -2.3358760636245347e-05 8.2330001962778389e-05 0.00010727367489748167
leaf_weight=27 71 26 512 26 34 30 27
leaf_count=27 71 26 512 26 34 30 27
internal_value=-3.32005e-05 0.00450311 -0.00126689 -0.000752212 0.00685185 0.00965347 -0.000231911
internal_weight=753 161 592 565 135 101 539
internal_count=753 161 592 565 135 101 539
is_linear=0
shrinkage=0.05


Tree=36
num_leaves=8
num_cat=0
split_feature=11 3 3 8 10 6 15
split_gain=1.01915 1.9157 1.61899 1.0213 1.0197 1.59621 1.57073
threshold=0.018972552338111019 0.0024455596790468053 -0.0028349026907456549 0.038246887925369573 -0.0040208164286187889 -0.35560190081024184 -0.0025181297225463357
decision_type=2 2 2 10 2 2 2
left_child=4 2 -2 -4 5 -1 -6
right_child=1 -3 3 -5 6 -7 -8
leaf_value=9.0191482540313579e-05 -2.1044521864794793e-05 -4.1743508169178344e-05 5.6629834371006391e-05 0.00017384099094518366 -0.00010768661425692908 -7.1409305698994041e-06 -3.2348047435261636e-06
leaf_weight=64 27 59 25 26 101 104 344
leaf_count=64 27 59 25 26 101 104 344
internal_value=-6.66667e-05 0.00383212 0.00897436 0.0142157 -0.00093801 0.00238095 -0.00219101
internal_weight=750 137 78 51 613 168 445
internal_count=750 137 78 51 613 168 445
is_linear=0
shrinkage=0.05


Tree=37
num_leaves=8
num_cat=0
split_feature=1 11 3 13 8 12 1
split_gain=1.87399 1.21447 2.15739 1.79259 1.27384 1.24183 2.56664
threshold=-0.068230332442156302 0.018972552338111019 0.0024455596790468053 14.715000152587892 -0.086520934996893104 0.019260536210570115 0.026427430467887984
decision_type=2 2 2 2 8 2 2
left_child=-1 4 3 -3 -2 6 -6
right_child=1 2 -4 -5 5 -7 -8
leaf_value=-0.00057410191877545745 0.00011037578686007037 0.00012012941477154097 -6.058537164166421e-06 5.379834265245608e-05 -1.1219857235361567e-05 1.0126539441512157e-05 -0.00022670723281760239
leaf_weight=25 30 27 62 45 254 288 27
leaf_count=25 30 27 62 45 254 288 27
internal_value=0.000461741 0.000920873 0.00522388 0.0111111 -4.17362e-05 -0.000571178 -0.00293594
internal_weight=758 733 134 72 599 569 281
internal_count=758 733 134 72 599 569 281
is_linear=0
shrinkage=0.05


end of trees

feature_importances:
overnight_gap=31
dvol_z_20=27
dist_ma50=27
ret_5d=20
spy_ret_5d=20
parkinson_20=19
sector_ret_5d=19
vix_level=16
vix_chg_1d=14
dist_ma20=13
ret_1d=12
sector_ret_1d=12
atr_pct=10
spy_ret_20d=9
ret_20d=6
spy_ret_1d=6
dist_ma200=5

parameters:
[boosting: gbdt]
[objective: quantile]
[metric: quantile]
[tree_learner: serial]
[device_type: cpu]
[data_sample_strategy: bagging]
[data: ]
[valid: ]
[num_iterations: 80]
[learning_rate: 0.05]
[num_leaves: 8]
[num_threads: 1]
[seed: 0]
[deterministic: 0]
[force_col_wise: 1]
[force_row_wise: 0]
[histogram_pool_size: -1]
[max_depth: -1]
[min_data_in_leaf: 25]
[min_sum_hessian_in_leaf: 0.001]
[bagging_fraction: 0.9]
[pos_bagging_fraction: 1]
[neg_bagging_fraction: 1]
[bagging_freq: 1]
[bagging_seed: 3]
[bagging_by_query: 0]
[feature_fraction: 0.9]
[feature_fraction_bynode: 1]
[feature_fraction_seed: 2]
[extra_trees: 0]
[extra_seed: 6]
[early_stopping_round: 0]
[early_stopping_min_delta: 0]
[first_metric_only: 0]
[max_delta_step: 0]
[lambda_l1: 0]
[lambda_l2: 0]
[linear_lambda: 0]
[min_gain_to_split: 0]
[drop_rate: 0.1]
[max_drop: 50]
[skip_drop: 0.5]
[xgboost_dart_mode: 0]
[uniform_drop: 0]
[drop_seed: 4]
[top_rate: 0.2]
[other_rate: 0.1]
[min_data_per_group: 100]
[max_cat_threshold: 32]
[cat_l2: 10]
[cat_smooth: 10]
[max_cat_to_onehot: 4]
[top_k: 20]
[monotone_constraints: ]
[monotone_constraints_method: basic]
[monotone_penalty: 0]
[feature_contri: ]
[forcedsplits_filename: ]
[refit_decay_rate: 0.9]
[cegb_tradeoff: 1]
[cegb_penalty_split: 0]
[cegb_penalty_feature_lazy: ]
[cegb_penalty_feature_coupled: ]
[path_smooth: 0]
[interaction_constraints: ]
[verbosity: -1]
[saved_feature_importance_type: 0]
[use_quantized_grad: 0]
[num_grad_quant_bins: 4]
[quant_train_renew_leaf: 0]
[stochastic_rounding: 1]
[linear_tree: 0]
[max_bin: 255]
[max_bin_by_feature: ]
[min_data_in_bin: 3]
[bin_construct_sample_cnt: 200000]
[data_random_seed: 1]
[is_enable_sparse: 1]
[enable_bundle: 1]
[use_missing: 1]
[zero_as_missing: 0]
[feature_pre_filter: 1]
[pre_partition: 0]
[two_round: 0]
[header: 0]
[label_column: ]
[weight_column: ]
[group_column: ]
[ignore_column: ]
[categorical_feature: ]
[forcedbins_filename: ]
[precise_float_parser: 0]
[parser_config_file: ]
[objective_seed: 5]
[num_class: 1]
[is_unbalance: 0]
[scale_pos_weight: 1]
[sigmoid: 1]
[boost_from_average: 1]
[reg_sqrt: 0]
[alpha: 0.5]
[fair_c: 1]
[poisson_max_delta_step: 0.7]
[tweedie_variance_power: 1.5]
[lambdarank_truncation_level: 30]
[lambdarank_norm: 1]
[label_gain: ]
[lambdarank_position_bias_regularization: 0]
[eval_at: ]
[multi_error_top_k: 1]
[auc_mu_weights: ]
[num_machines: 1]
[local_listen_port: 12400]
[time_out: 120]
[machine_list_filename: ]
[machines: ]
[gpu_platform_id: -1]
[gpu_device_id: -1]
[gpu_device_id_list: ]
[gpu_use_dp: 0]
[num_gpu: 1]

end of parameters

pandas_categorical:[]
