tree
version=v4
num_class=1
num_tree_per_iteration=1
label_index=0
max_feature_idx=16
objective=quantile
feature_names=ret_1d ret_5d ret_20d overnight_gap atr_pct parkinson_20 dvol_z_20 dist_ma20 dist_ma50 dist_ma200 spy_ret_1d spy_ret_5d spy_ret_20d vix_level vix_chg_1d sector_ret_1d sector_ret_5d
feature_infos=[-0.043699616872753477:0.047814058521858271] [-0.090876953529668625:0.076794458944009047] [-0.10173003023937:0.15812466832713401] [-0.029168744591256623:0.031927175659284268] [0.011019706052383813:0.028240418960498122] [0.007193528356827684:0.016756014299943479] [-2.3588339274599921:4.2756601756774737] [-0.081248070203461031:0.092325531356714841] [-0.10204073181738482:0.11814711437743464] [-0.10669877398329441:0.18373497581815967] [-0.058542971330535654:0.10501930183911301] [-0.11496151859245618:0.082843162776128354] [-0.1226559005192206:0.15756591020035837] [11.859999656677246:52.330001831054688] [-0.35753873962348437:0.74039073966007019] [-0.055625943886246643:0.039932904849798945] [-0.11091775398112247:0.072664397618361631]
tree_sizes=854 857 855 853 844 858 856 864 858 854 849 862 850 843 858 851 846 859 857 856 848 864 861 849 861 853 861 857 855 852 858 863 859 852 862 861 866 862 860 859 857 861 864 860 853 861 861

Tree=0
num_leaves=8
num_cat=0
split_feature=4 15 9 3 13 16 13
split_gain=2.99547 2.14389 2.20644 2.17365 2.02113 1.78645 1.50784
threshold=0.020305937692401507 0.011696094415974636 0.063281475007152102 -0.00059826572250565302 14.059999942779543 0.024184165544716255 16.894999504089359
decision_type=2 2 8 2 2 2 2
left_child=1 2 3 4 -1 -2 -4
right_child=5 -3 6 -5 -6 -7 -8
leaf_value=8.3077669842168689e-05 0.00039652025443501768 0.00037912565167061982 0.00017271141332457772 0.00014396964688785375 0.00040884951013140378 1.8180074403062452e-05 -1.0115327313542366e-06
leaf_weight=31 88 60 134 161 97 30 140
leaf_count=31 88 60 134 161 97 30 140
internal_value=0.000107161 -0.00127638 -0.0022339 0.000813912 0.00567713 0.00741177 -0.00544856
internal_weight=741 623 563 289 128 118 274
internal_count=741 623 563 289 128 118 274
is_linear=0
shrinkage=1


Tree=1
num_leaves=8
num_cat=0
split_feature=4 5 12 8 12 2 2
split_gain=2.38463 2.45993 2.29679 2.09665 1.97718 3.11692 1.85483
threshold=0.01879900348206813 0.0088751676091917524 0.013959739003271522 -0.037266274624059285 -0.023938025174318197 -0.022856274584407307 0.0040379363690028489
decision_type=2 2 2 8 2 2 2
left_child=1 2 -1 -2 6 -6 -5
right_child=3 -3 -4 4 5 -7 -8
leaf_value=-0.00012151033064583318 0.00037270067756253419 -7.4192344582115768e-05 0.00018736017984338104 0.00056944958720123401 -0.00027153293514857067 6.9470879097934812e-05 5.953674524789676e-05
leaf_weight=37 28 375 100 29 29 102 28
leaf_count=37 28 375 100 29 29 102 28
internal_value=0.000686813 -0.00117188 0.00456204 0.00509259 0.00319149 -0.00019084 0.0109649
internal_weight=728 512 137 216 188 131 57
internal_count=728 512 137 216 188 131 57
is_linear=0
shrinkage=0.05


Tree=2
num_leaves=8
num_cat=0
split_feature=4 11 5 4 0 3 13
split_gain=3.47939 1.91315 1.8292 2.62598 2.17579 2.72015 2.46307
threshold=0.020457867009652363 0.0033264345958374801 0.0089792660367067709 0.016890374441682138 0.0086499761601199782 -0.0019954644307521026 15.400000095367433
decision_type=2 2 2 2 2 2 2
left_child=2 -2 4 -4 5 -1 -7
right_child=1 -3 3 -5 -6 6 -8
leaf_value=0.00021446436004043791 0.00024847313879581634 5.1000582418055285e-05 -0.00011896554853774433 7.1126716939033939e-06 0.0001963879458326119 9.4170015712734324e-05 -0.00020053869565253991
leaf_weight=36 49 60 201 269 28 32 66
leaf_count=36 49 60 201 269 28 32 66
internal_value=0.000236167 0.00848624 -0.00118671 -0.00276596 0.00339506 0.000746269 -0.00357143
internal_weight=741 109 632 470 162 134 98
internal_count=741 109 632 470 162 134 98
is_linear=0
shrinkage=0.05


Tree=3
num_leaves=8
num_cat=0
split_feature=4 9 6 9 3 1 7
split_gain=2.37213 1.73783 1.72382 1.70275 1.90756 2.61131 1.79749
threshold=0.01879900348206813 0.11990591931895246 -0.68990363482006412 0.035085954098474488 0.0014137884886546994 0.011426475197554244 0.0098108629530027098
decision_type=2 8 2 8 2 2 2
left_child=3 2 -2 4 5 -1 -5
right_child=1 -3 -4 6 -6 -7 -8
leaf_value=0.00019347262170035722 0.00033415331619689827 -3.9125154016801146e-07 0.00010854276464888245 -0.00011769917177261959 -5.4497806398649126e-05 -0.00011808357578374853 9.2426865274774187e-06
leaf_weight=78 28 95 95 173 81 29 156
leaf_count=78 28 95 95 173 81 29 156
internal_value=0.000442177 0.00481651 0.00873984 -0.00140232 0.00239362 0.0067757 -0.00357143
internal_weight=735 218 123 517 188 107 329
internal_count=735 218 123 517 188 107 329
is_linear=0
shrinkage=0.05


Tree=4
num_leaves=8
num_cat=0
split_feature=4 9 13 13 9 3 4
split_gain=2.34673 2.02168 2.06034 2.51272 2.47766 1.87681 1.84175
threshold=0.021006375171535713 0.062860503911224566 16.894999504089359 16.32499980926514 0.10534056058773079 -0.00059826572250565302 0.015101688523853693
decision_type=2 8 2 2 10 2 2
left_child=1 5 3 4 -3 6 -1
right_child=-2 2 -4 -5 -6 -7 -8
leaf_value=0.00018178139072440899 0.00011827925553114712 -0.00010267462127471162 -0.00018096890622990144 0.00022954992126956997 8.5412966909615323e-05 -4.4175288192509472e-05 4.8763597099837172e-05
leaf_weight=43 86 93 162 27 38 191 96
leaf_count=43 86 93 162 27 38 191 96
internal_value=-0.000203804 -0.00123077 -0.0040625 0 -0.0028626 0.00151515 0.00593525
internal_weight=736 650 320 158 131 330 139
internal_count=736 650 320 158 131 330 139
is_linear=0
shrinkage=0.05


Tree=5
num_leaves=8
num_cat=0
split_feature=15 9 4 4 3 6 8
split_gain=1.82266 2.11633 1.74158 2.05791 2.03782 1.93253 1.65595
threshold=0.012197537444331276 0.13867500853982387 0.013818383051385819 0.017824756890432055 -0.00033734412726982294 -0.22193634019093944 -0.036364541821200962
decision_type=2 8 2 2 2 2 8
left_child=1 2 4 -4 -1 -5 -3
right_child=-2 6 3 5 -6 -7 -8
leaf_value=0.00021448836344104029 0.00012554455081394272 2.4768721966345852e-05 -8.1236166915987548e-05 0.00013641417131204505 1.0045492435857854e-05 -4.1385260212023469e-05 -0.00016461393680925398
leaf_weight=26 78 38 234 73 40 84 156
leaf_count=26 78 38 234 73 40 84 156
internal_value=-0.000171468 -0.00103687 0.000820569 -0.00044757 0.00833333 0.00398089 -0.00541237
internal_weight=729 651 457 391 66 157 194
internal_count=729 651 457 391 66 157 194
is_linear=0
shrinkage=0.05


Tree=6
num_leaves=8
num_cat=0
split_feature=4 15 10 11 12 16 13
split_gain=1.8722 1.96111 2.66943 1.90057 1.48605 1.47843 1.45754
threshold=0.021006375171535713 0.0091700892346026092 0.010655378584307098 0.0033264345958374801 0.029535426722854145 0.0042029252673717607 14.434999942779543
decision_type=2 2 2 2 2 2 2
left_child=1 2 4 -2 -1 -6 -7
right_child=3 -3 -4 -5 5 6 -8
leaf_value=-3.5303543374314013e-05 0.00029734359700987946 0.00016163344067604096 -0.00025855832633595504 1.6091251559255132e-05 0.00012863617709174785 -9.1446632366226486e-05 5.154070100246394e-05
leaf_weight=316 35 109 32 53 93 38 62
leaf_count=316 35 109 32 53 93 38 62
internal_value=0.000542005 -0.000384615 -0.00161738 0.00738636 -0.000736739 0.00272021 -0.0015
internal_weight=738 650 541 88 509 193 100
internal_count=738 650 541 88 509 193 100
is_linear=0
shrinkage=0.05


Tree=7
num_leaves=8
num_cat=0
split_feature=12 5 0 2 4 1 3
split_gain=1.93574 1.78351 2.16318 3.33739 1.94863 2.03322 1.89591
threshold=-0.027486551032664949 0.0089886443919460091 0.0086499761601199782 0.044335882912652121 0.016890374441682138 -0.0147057698637561 -0.00033734412726982294
decision_type=2 2 2 2 2 2 2
left_child=-1 2 3 6 5 -3 -2
right_child=1 4 -4 -5 -6 -7 -8
leaf_value=0.00010791798816089838 0.00015497416361720989 1.8765542631966318e-05 0.00018895895702339437 -0.00028062723508398899 -4.7282091469005797e-06 -0.00011646133070392112 -3.7896466786365567e-05
leaf_weight=104 44 35 31 26 308 127 57
leaf_count=104 44 35 31 26 308 127 57
internal_value=-6.8306e-05 -0.00111465 0.00348101 0.000590551 -0.00265957 -0.00709877 0.00470297
internal_weight=732 628 158 127 470 162 101
internal_count=732 628 158 127 470 162 101
is_linear=0
shrinkage=0.05


Tree=8
num_leaves=8
num_cat=0
split_feature=12 15 10 9 0 6 4
split_gain=1.97634 1.36956 2.15994 1.78784 1.34839 2.01205 1.51188
threshold=-0.042339723299349867 0.012326394615741256 0.010655378584307098 0.13867500853982387 0.0095652852875601786 0.19172731773059173 0.018754290082076432
decision_type=2 2 2 8 2 2 2
left_child=-1 2 3 4 6 -6 -2
right_child=1 -3 -4 -5 5 -7 -8
leaf_value=0.00013638127120835236 2.0819325262736238e-06 9.0633389013279527e-05 -0.00021199068067282801 -9.9914717673500549e-05 0.00013519365208068749 -0.00013333931570304238 0.00017912939278724212
leaf_weight=55 283 67 47 171 31 28 79
leaf_count=55 283 67 47 171 31 28 79
internal_value=-0.000492773 -0.00120397 -0.00191706 -0.00109797 0.000653207 -0.00635593 0.00179558
internal_weight=761 706 639 592 421 59 362
internal_count=761 706 639 592 421 59 362
is_linear=0
shrinkage=0.05


Tree=9
num_leaves=8
num_cat=0
split_feature=15 9 4 4 4 12 10
split_gain=2.10276 2.39817 1.71904 2.30867 2.11359 1.6469 1.56473
threshold=0.01124793898976262 0.136856286766492 0.01867980327065677 0.019217789889752666 0.013099356551704622 0.024150461568972496 0.0065693247307323519
decision_type=2 8 2 2 2 2 2
left_child=1 2 4 -4 -1 -2 -6
right_child=5 -3 3 -5 6 -7 -8
leaf_value=0.00013318193213232053 0.00025593672208740908 -0.00010085684117927092 0.00031116532050796692 5.4166732550431471e-05 -1.1249702429155733e-05 -1.8012009163623893e-05 -0.00012561840947320114
leaf_weight=35 53 179 26 88 251 41 61
leaf_count=35 53 179 26 88 251 41 61
internal_value=-6.81199e-05 -0.00109375 0.000813449 0.00614035 -0.000936599 0.00691489 -0.00224359
internal_weight=734 640 461 114 347 94 312
internal_count=734 640 461 114 347 94 312
is_linear=0
shrinkage=0.05


Tree=10
num_leaves=8
num_cat=0
split_feature=0 16 2 1 6 5 4
split_gain=1.52946 1.72229 2.92882 1.73815 1.67953 1.58063 2.14662
threshold=0.01699012523219046 0.031133999140451788 0.064813944219247702 0.020535432175562533 -0.090236266479670743 0.0089261817042520768 0.016890374441682138
decision_type=2 2 2 2 2 2 2
left_child=1 2 5 -4 -3 -1 -7
right_child=-2 4 3 -5 -6 6 -8
leaf_value=8.0085342154503057e-05 0.00017331381168964803 -0.0002245175982350144 0.00033416015308406144 6.9736182179637706e-05 2.2475812372777098e-05 -9.4618518760511959e-05 3.1753696188034805e-05
leaf_weight=130 33 29 27 25 34 184 281
leaf_count=130 33 29 27 25 34 184 281
internal_value=0.000841184 0.000352113 0.00112056 0.0125 -0.00753968 0.00012605 -0.00123656
internal_weight=743 710 647 52 63 595 465
internal_count=743 710 647 52 63 595 465
is_linear=0
shrinkage=0.05


Tree=11
num_leaves=8
num_cat=0
split_feature=2 12 8 5 0 8 4
split_gain=1.33136 0.916652 1.12478 1.3906 2.08706 3.77446 1.85799
threshold=-0.053874149278367138 -0.042339723299349867 -0.049592932254725212 0.0089792660367067709 0.0086499761601199782 0.015552077989061887 0.016890374441682138
decision_type=2 2 10 2 2 10 2
left_child=-1 -2 -3 4 5 -4 -5
right_child=1 2 3 6 -6 -7 -8
leaf_value=7.6661175883698668e-05 0.0001116463170555607 -0.0003404014886137605 0.00012026066652330467 -0.00010474549648585243 0.00016898564631794282 -0.00015344325046435679 1.7412014398816949e-05
leaf_weight=69 48 28 61 175 28 55 278
leaf_count=69 48 28 61 175 28 55 278
internal_value=0.000269542 -0.000408618 -0.00092 -0.000460637 0.00381944 0.000862069 -0.00182119
internal_weight=742 673 625 597 144 116 453
internal_count=742 673 625 597 144 116 453
is_linear=0
shrinkage=0.05


Tree=12
num_leaves=8
num_cat=0
split_feature=10 16 2 9 5 16 3
split_gain=1.68809 2.02914 1.44341 1.27157 1.55741 1.48086 1.39626
threshold=0.0099380285822571208 0.005629797170807028 -0.053874149278367138 0.15221161410942421 0.012616529330943142 0.029132384212255506 0.00042706103092537978
decision_type=2 2 2 8 2 2 2
left_child=2 -2 -1 5 6 -4 -5
right_child=1 -3 3 4 -6 -7 -8
leaf_value=0.00013273332171039691 -0.00027104547951111151 3.1654511658956996e-05 3.2559627493569581e-05 -0.0002405552884265057 0.00014568424549842767 -0.00019942877108654325 -3.0873504210813056e-05
leaf_weight=57 37 41 410 53 27 43 55
leaf_count=57 37 41 410 53 27 43 55
internal_value=-0.000103734 -0.00705128 0.000736434 0 -0.00425926 0.00126932 -0.00694444
internal_weight=723 78 645 588 135 453 108
internal_count=723 78 645 588 135 453 108
is_linear=0
shrinkage=0.05


Tree=13
num_leaves=8
num_cat=0
split_feature=15 3 10 3 13 13 1
split_gain=1.36407 1.88327 1.67198 1.27423 1.36646 1.40381 1.31368
threshold=0.012326394615741256 -0.0062451976031583359 0.012161923601447857 -0.0048056381902884518 23.604999542236332 20.814999580383304 0.01388950550674384
decision_type=2 2 2 2 2 2 2
left_child=1 -1 3 -3 5 6 -5
right_child=-2 2 -4 4 -6 -7 -8
leaf_value=9.898905074369295e-05 0.00010243042118021342 -0.00017333026730465044 -0.00026785586600819176 2.7888944788322001e-05 0.00016442440271615403 -0.00010183965628594123 -8.7174667004395918e-05
leaf_weight=71 72 36 29 316 45 37 130
leaf_count=71 72 36 29 316 45 37 130
internal_value=0.000407609 -0.000301205 -0.0012226 -0.000620567 0 -0.000776398 0
internal_weight=736 664 593 564 528 483 446
internal_count=736 664 593 564 528 483 446
is_linear=0
shrinkage=0.05


Tree=14
num_leaves=8
num_cat=0
split_feature=15 12 15 6 4 4 16
split_gain=1.53933 1.84644 1.60714 1.86831 1.62078 2.48607 2.006
threshold=0.01124793898976262 0.0037862010061723299 -0.0042661117987776156 1.5735997747743036 0.016890374441682138 0.015438195033256425 0.028177210085911012
decision_type=2 2 2 2 2 2 2
left_child=2 -2 3 -1 5 -4 -6
right_child=1 -3 4 -5 6 -7 -8
leaf_value=0.00010487399734192553 0.00047432399964077296 1.4415511617743051e-05 -1.0041750506299842e-05 -0.00010572430358438022 5.4515815503742811e-05 -0.00019152416012648671 -0.00016110001468188826
leaf_weight=182 36 58 141 28 177 68 34
leaf_count=182 36 58 141 28 177 68 34
internal_value=0.000414365 0.00638298 -0.00047619 0.00309524 -0.0022619 -0.00538278 0.000829384
internal_weight=724 94 630 210 420 209 211
internal_count=724 94 630 210 420 209 211
is_linear=0
shrinkage=0.05


Tree=15
num_leaves=8
num_cat=0
split_feature=11 14 15 13 13 15 2
split_gain=1.28558 1.3428 1.99539 1.93945 1.83704 1.94744 2.08535
threshold=-0.029337474403061222 -0.0067330833557224237 0.01124793898976262 14.340000152587892 20.814999580383304 -0.0074477929224154851 0.021780743287171171
decision_type=2 2 2 2 2 2 2
left_child=-1 2 3 -2 5 -5 -7
right_child=1 -3 -4 4 -6 6 -8
leaf_value=0.00015095948271325006 -0.00017157996043274843 2.2513869086979774e-05 8.0008989079788473e-05 0.00023576328339079751 -0.00027564875753125623 -0.00011436679994310412 8.5072250731777681e-05
leaf_weight=33 70 347 60 30 30 92 64
leaf_count=33 70 347 60 30 30 92 64
internal_value=0.000206612 -0.000252525 -0.00245665 -0.0041958 -0.00185185 0 -0.00224359
internal_weight=726 693 346 286 216 186 156
internal_count=726 693 346 286 216 186 156
is_linear=0
shrinkage=0.05


Tree=16
num_leaves=8
num_cat=0
split_feature=11 14 10 12 10 7 6
split_gain=1.5289 1.85878 1.62762 1.9456 1.91531 2.09181 1.49898
threshold=-0.018660876046821092 0.099742575354610077 0.0099380285822571208 0.0011335726897910849 0.0043154379998111567 0.025544901923819089 -0.11413062627273322
decision_type=2 2 2 2 2 2 2
left_child=1 -1 4 -4 -2 6 -6
right_child=2 -3 3 -5 5 -7 -8
leaf_value=0.00011098352063711214 -2.9710248672754736e-05 -8.402325388638165e-05 5.4544935915952816e-05 -0.00024972515515819029 1.699873903146722e-05 -0.00014154550011324474 0.00030179298009222607
leaf_weight=61 440 29 27 46 61 30 52
leaf_count=61 440 29 27 46 61 30 52
internal_value=0 0.00611111 -0.000838415 -0.00787671 4.28816e-05 0.00506993 0.00818584
internal_weight=746 90 656 73 583 143 113
internal_count=746 90 656 73 583 143 113
is_linear=0
shrinkage=0.05


Tree=17
num_leaves=8
num_cat=0
split_feature=9 15 11 14 7 3 11
split_gain=1.53824 2.28278 1.85665 1.79946 1.56806 1.40988 1.77509
threshold=0.14868277430330659 0.011696094415974636 -0.017414661079240442 0.024046021378642205 0.024372948363044714 0.0014574761233310254 0.016536743017330883
decision_type=8 2 2 2 2 2 2
left_child=2 4 3 -1 -2 -4 -7
right_child=1 -3 5 -5 -6 6 -8
leaf_value=0.0002268860855347886 -9.0530205523216232e-05 0.00022106727665815651 2.1727633527937234e-05 5.0604807624125209e-05 -0.00013956270013740267 -1.2672119211558e-05 -0.00018951432049368498
leaf_weight=29 141 26 291 41 30 135 41
leaf_count=29 141 26 291 41 30 135 41
internal_value=-0.000408719 -0.00418782 0.000977654 0.00857143 -0.00628655 -0.0001606 -0.00369318
internal_weight=734 197 537 70 171 467 176
internal_count=734 197 537 70 171 467 176
is_linear=0
shrinkage=0.05


Tree=18
num_leaves=8
num_cat=0
split_feature=8 3 2 13 8 6 8
split_gain=1.51696 1.36097 1.33609 1.69219 1.82555 1.30961 1.75432
threshold=-0.036821144115289577 -0.00035339709541681858 -0.023085523590787135 16.345000267028812 -0.015312236110786968 -0.23151248205979635 -0.019564530327325465
decision_type=8 2 2 2 8 2 10
left_child=1 -1 3 -2 -5 -4 -7
right_child=2 -3 5 4 -6 6 -8
leaf_value=0.0001575208276224901 -0.00019024582624990364 3.5871789876315599e-06 3.5320342552202492e-05 0.0001585419434790653 -0.00016899330366775176 0.00012243073935948404 -7.6482279452912529e-05
leaf_weight=39 48 50 238 31 49 25 262
leaf_count=39 48 50 238 31 49 25 262
internal_value=0.000336927 0.00646067 -0.000497703 -0.00507813 -0.000625 0.000619048 -0.00165505
internal_weight=742 89 653 128 80 525 287
internal_count=742 89 653 128 80 525 287
is_linear=0
shrinkage=0.05


Tree=19
num_leaves=8
num_cat=0
split_feature=5 3 15 1 2 12 2
split_gain=1.88397 2.20205 2.21672 1.52971 1.70836 2.0974 2.68951
threshold=0.0088751676091917524 -0.0004696890183310542 0.0080396417344990052 -0.036024378405271111 0.064813944219247702 -0.027486551032664949 0.0040379363690028489
decision_type=2 2 2 2 2 2 2
left_child=1 -1 -3 -2 5 6 -5
right_child=3 2 -4 4 -6 -7 -8
leaf_value=0.00015313941394376685 0.00029173066198158351 -9.9868017317266138e-05 0.0001734703106140616 0.00032348016813934653 7.5183409704974443e-05 -7.5072462168720302e-05 -6.7938394211904723e-05
leaf_weight=54 41 68 25 42 58 414 38
leaf_count=54 41 68 25 42 58 414 38
internal_value=-0.000135135 0.00493197 0.000268817 -0.00139123 -0.00208333 -0.00303644 0.004375
internal_weight=740 147 93 593 552 494 80
internal_count=740 147 93 593 552 494 80
is_linear=0
shrinkage=0.05


Tree=20
num_leaves=8
num_cat=0
split_feature=15 10 7 12 0 4 9
split_gain=1.37475 2.20046 1.96078 1.65011 1.54349 1.69747 1.46355
threshold=0.010867408837299421 0.011869721142281022 0.025544901923819089 0.025891209658118756 0.011412082650656076 0.021140949942448469 0.13083019666644738
decision_type=2 2 2 2 2 2 8
left_child=1 4 3 -2 5 6 -1
right_child=2 -3 -4 -5 -6 -7 -8
leaf_value=1.8353688360873871e-05 0.0003088973246977982 -0.00023230541475421823 -7.6317504257573598e-05 0.00013826687030432506 -8.6408157594822205e-05 0.00025085903611572351 -6.4962586952253178e-05
leaf_weight=352 35 34 34 33 49 46 161
leaf_count=352 35 34 34 33 49 46 161
internal_value=0 -0.000856698 0.00539216 0.0102941 -0.000164474 0.000581395 -0.000243665
internal_weight=744 642 102 68 608 559 513
internal_count=744 642 102 68 608 559 513
is_linear=0
shrinkage=0.05


Tree=21
num_leaves=8
num_cat=0
split_feature=10 10 10 10 2 15 15
split_gain=1.40381 1.39971 2.11464 1.87675 1.29619 1.73971 1.18184
threshold=0.012020737458552368 0.0043154379998111567 0.0031270998422653355 0.0052648520275683239 0.015024944264426134 0.0027576548478089884 0.011479316665990448
decision_type=2 2 2 2 2 2 2
left_child=1 2 6 -3 -5 -6 -1
right_child=-2 3 -4 4 5 -7 -8
leaf_value=-5.5225052614571399e-06 -0.00010634580212655985 0.00017698773629908624 -0.00015899281313329244 6.471641857199615e-05 -0.00021115866189395702 0.00010899689078774202 0.00013982467862056177
leaf_weight=415 48 25 49 88 28 40 37
leaf_count=415 48 25 49 88 28 40 37
internal_value=-6.84932e-05 0.000513196 -0.000848303 0.00428177 0.00224359 -0.00294118 0.000221239
internal_weight=730 682 501 181 156 68 452
internal_count=730 682 501 181 156 68 452
is_linear=0
shrinkage=0.05


Tree=22
num_leaves=8
num_cat=0
split_feature=5 0 2 12 0 15 9
split_gain=1.42068 1.80145 1.52248 1.32118 2.20078 2.14507 1.96957
threshold=0.0089792660367067709 0.0091068363664715841 0.043682053245503789 0.0037862010061723299 0.0072678152808738359 0.01124793898976262 0.12227424625011298
decision_type=2 2 2 2 2 2 8
left_child=1 2 -1 5 -5 6 -2
right_child=3 -3 -4 4 -6 -7 -8
leaf_value=4.6905722341796186e-05 7.2047101533347617e-05 0.00015609396241345497 -0.0001784453652252422 -9.6008144162302179e-06 -0.00011350761060208285 0.00040614964382702096 -7.3472717938838876e-05
leaf_weight=106 110 28 25 267 85 35 85
leaf_count=106 110 28 25 267 85 35 85
internal_value=0.00037112 0.00455975 0.00209924 -0.000773196 -0.00269886 0.00217391 0.000128205
internal_weight=741 159 131 582 352 230 195
internal_count=741 159 131 582 352 230 195
is_linear=0
shrinkage=0.05


Tree=23
num_leaves=8
num_cat=0
split_feature=4 2 6 4 4 4 11
split_gain=1.56612 2.30557 1.48798 1.18571 1.30186 1.82569 1.48513
threshold=0.013900375860264913 0.044335882912652121 -1.1819298094871564 0.014327673416451164 0.015438195033256425 0.016890374441682138 -0.018274722368059434
decision_type=2 2 2 2 2 2 2
left_child=1 -1 -2 -4 -5 -6 -7
right_child=2 -3 3 4 5 6 -8
leaf_value=8.551976368242919e-05 8.6136362445751068e-05 -0.00012210791184833972 -0.00034301701980927384 4.1190388659782713e-05 -0.00014725028308639854 0.0001209486736415976 -9.7808131960917477e-06
leaf_weight=79 45 27 26 96 108 50 312
leaf_count=79 45 27 26 96 108 50 312
internal_value=0.000504711 0.00613208 -0.000431711 -0.00109797 -0.000618375 -0.00170213 0
internal_weight=743 106 637 592 566 470 362
internal_count=743 106 637 592 566 470 362
is_linear=0
shrinkage=0.05


Tree=24
num_leaves=8
num_cat=0
split_feature=7 11 2 8 8 4 13
split_gain=1.2841 1.34056 1.28197 1.6241 2.39616 1.82343 1.34442
threshold=-0.046390042873675812 -0.020756014565235011 0.081678499915013983 0.025619093559448584 0.015788842484779745 0.015153870578689946 17.384999275207523
decision_type=2 2 2 8 10 2 2
left_child=-1 -2 3 4 5 -3 -5
right_child=1 2 -4 6 -6 -7 -8
leaf_value=0.00021467629220513885 0.00010554980267129631 3.5991159895315475e-05 7.662826655352178e-05 -2.1834780161586465e-05 0.00013620723920793268 -4.4705318046906899e-05 -0.00018844969631042873
leaf_weight=25 71 103 26 102 58 252 95
leaf_count=25 71 103 26 102 58 252 95
internal_value=-0.000136612 -0.00053041 -0.00125786 -0.00172131 6.05327e-05 -0.00147887 -0.00545685
internal_weight=732 707 636 610 413 355 197
internal_count=732 707 636 610 413 355 197
is_linear=0
shrinkage=0.05


Tree=25
num_leaves=8
num_cat=0
split_feature=9 15 10 14 14 6 13
split_gain=1.23841 1.69958 1.06631 2.90483 1.18938 1.14405 1.00762
threshold=0.13867500853982387 0.011479316665990448 -0.014256563971479506 0.061654808594579842 0.036556757472233643 -0.15754386454963873 14.340000152587892
decision_type=8 2 2 2 2 2 2
left_child=2 -2 -1 4 6 -5 -4
right_child=1 -3 3 5 -6 -7 -8
leaf_value=0.00021890188105941572 -5.3014083072055566e-05 0.00010557975867396207 -1.3759815985891962e-05 -0.00015393551255924034 0.00016307763631825533 -9.0487343215561443e-05 6.5859953804344243e-05
leaf_weight=26 197 30 120 32 39 28 280
leaf_count=26 197 30 120 32 39 28 280
internal_value=0.000332447 -0.0027533 0.00166667 0.0011523 0.00256264 -0.00916667 0.00175
internal_weight=752 227 525 499 439 60 400
internal_count=752 227 525 499 439 60 400
is_linear=0
shrinkage=0.05


Tree=26
num_leaves=8
num_cat=0
split_feature=6 1 8 3 9 15 11
split_gain=1.47232 2.95563 1.4122 1.86353 1.53764 1.83268 2.72533
threshold=-1.1819298094871564 0.0059135853700421634 -0.033066264307263442 -0.0038459219257586104 -0.039142062795866676 0.0017658434825076343 -0.0018747861561404509
decision_type=2 2 8 2 10 2 2
left_child=1 -1 3 -2 -4 6 -6
right_child=2 -3 4 -5 5 -7 -8
leaf_value=0.00019303706995336462 0.00020846684475565999 -0.00012067644995701782 -9.2666927248687063e-05 4.7980516882387794e-06 3.6924365663635826e-05 5.6019678245522151e-05 -0.00015583684149498591
leaf_weight=34 25 25 158 85 79 213 117
leaf_count=34 25 25 158 85 79 213 117
internal_value=0.000475543 0.00805085 -0.000184638 0.005 -0.00119048 0.000427873 -0.00306122
internal_weight=736 59 677 110 567 409 196
internal_count=736 59 677 110 567 409 196
is_linear=0
shrinkage=0.05


Tree=27
num_leaves=8
num_cat=0
split_feature=0 11 10 10 14 16 16
split_gain=1.07491 1.2321 0.907159 1.82635 1.62 1.48555 1.77204
threshold=-0.020557531590742025 -0.029337474403061222 0.0043154379998111567 0.0028352322367303233 -0.01759756320211869 0.025239315556180423 0.0090598901616065781
decision_type=2 2 2 2 2 2 2
left_child=-1 -2 3 -3 -5 6 -4
right_child=1 2 5 4 -6 -7 -8
leaf_value=-0.00023570747406416825 0.00014133733134123866 1.8953748933161358e-06 3.4670062124543566e-06 -0.00020477677709210482 -2.5574741085037302e-06 -3.6012548125384545e-05 0.00016297854198816958
leaf_weight=26 31 410 125 25 25 31 68
leaf_count=26 31 410 125 25 25 31 68
internal_value=0.00037112 0.000734266 0.000292398 -0.000978261 -0.01 0.00290179 0.00453368
internal_weight=741 715 684 460 50 224 193
internal_count=741 715 684 460 50 224 193
is_linear=0
shrinkage=0.05


Tree=28
num_leaves=8
num_cat=0
split_feature=11 7 12 15 16 15 2
split_gain=1.12972 2.24597 1.85507 2.61753 2.49633 1.65288 1.22556
threshold=0.0056809418781297314 0.031963223345211851 0.013329890655183642 0.0023543404193776545 -0.0027500817190759803 0.0044911306313701891 0.064813944219247702
decision_type=2 2 2 2 2 2 2
left_child=1 2 3 -1 -5 -4 -2
right_child=6 -3 5 4 -6 -7 -8
leaf_value=-7.2973133690652035e-05 -3.9657281786936859e-05 -0.00015731632324308528 0.0001467992086408576 0.00035382321306435968 3.3739256142963471e-06 -6.1821490121715325e-05 6.3612744853298655e-05
leaf_weight=118 329 48 108 27 49 40 29
leaf_count=118 329 48 108 27 49 40 29
internal_value=-6.68449e-05 0.00179487 0.00321637 0 0.00723684 0.00743243 -0.00209497
internal_weight=748 390 342 194 76 148 358
internal_count=748 390 342 194 76 148 358
is_linear=0
shrinkage=0.05


Tree=29
num_leaves=8
num_cat=0
split_feature=15 6 16 3 4 4 4
split_gain=1.1226 1.62739 1.45669 2.08621 1.49665 1.6826 1.54617
threshold=0.01124793898976262 -0.11413062627273322 0.028177210085911012 0.0014574761233310254 0.018827250796143093 0.012941594108631474 0.01938198687011396
decision_type=2 2 2 2 2 2 2
left_child=2 -2 4 -4 5 -1 -6
right_child=1 -3 3 -5 6 -7 -8
leaf_value=6.5672018533383206e-05 -4.2227946457113671e-05 0.00017456312050213033 8.5917838330354108e-05 -0.00023969271163254278 0.00011800063660073279 -2.5131554810241362e-05 2.1289621665698139e-05
leaf_weight=34 37 57 29 29 37 387 115
leaf_count=34 37 57 29 29 37 387 115
internal_value=-0.000310345 0.00478723 -0.00106973 -0.00862069 -0.00030541 -0.00184086 0.00394737
internal_weight=725 94 631 58 573 421 152
internal_count=725 94 631 58 573 421 152
is_linear=0
shrinkage=0.05


Tree=30
num_leaves=8
num_cat=0
split_feature=3 3 11 14 3 2 1
split_gain=1.00213 2.24023 1.48944 1.46433 1.33845 1.00172 1.32463
threshold=-0.006370816589298999 -0.0048056381902884518 -0.019470544482977133 0.099742575354610077 -0.0090647713225920894 0.064813944219247702 0.024375767982226629
decision_type=2 2 2 2 2 2 2
left_child=4 -2 3 -3 -1 -4 -7
right_child=1 2 5 -5 -6 6 -8
leaf_value=-0.00015919105061932084 -0.00025526335987088953 0.00013917569919922142 -6.9752339920291424e-06 -7.6246125532266238e-05 0.00012520289403496429 0.0001876355687706972 -6.9555744939694614e-05
leaf_weight=27 41 45 502 28 44 27 26
leaf_count=27 41 45 502 28 44 27 26
internal_value=0.000337838 -0.000261584 0.000477707 0.00719178 0.00598592 -0.000405405 0.00613208
internal_weight=740 669 628 73 71 555 53
internal_count=740 669 628 73 71 555 53
is_linear=0
shrinkage=0.05


Tree=31
num_leaves=8
num_cat=0
split_feature=4 1 10 12 9 3 9
split_gain=1.48622 2.11673 1.81227 1.46669 1.41556 1.32128 1.65415
threshold=0.020305937692401507 -0.017019229049497816 0.010655378584307098 0.029535426722854145 -0.0041983509561665513 0.0035574555199169304 0.15221161410942421
decision_type=2 2 2 2 8 2 8
left_child=2 -2 3 5 -3 6 -1
right_child=1 4 -4 -5 -6 -7 -8
leaf_value=3.4668216798605578e-05 0.00035054727833964608 -0.00017517329771195059 -0.00019286627368751539 2.1336214107709088e-05 5.3107481825600595e-05 -7.8487790475758115e-05 -0.00016866592784103087
leaf_weight=205 26 25 41 208 65 88 69
leaf_count=205 26 25 41 208 65 88 69
internal_value=-0.000447043 0.00474138 -0.00143208 -0.000701754 0.00111111 -0.00262431 -0.000912409
internal_weight=727 116 611 570 90 362 274
internal_count=727 116 611 570 90 362 274
is_linear=0
shrinkage=0.05


Tree=32
num_leaves=8
num_cat=0
split_feature=10 12 10 10 13 11 9
split_gain=1.0065 2.30525 2.20457 1.62438 1.14532 1.14082 1.35878
threshold=0.0099380285822571208 0.0061045845958173093 0.0043154379998111567 0.0052648520275683239 13.525000095367433 0.011915744624196202 -0.030527548815931557
decision_type=2 2 2 2 2 2 8
left_child=2 -2 5 -4 -5 6 -1
right_child=1 -3 3 4 -6 -7 -8
leaf_value=0.00012992093476951703 2.604705996449362e-05 -0.00027980726496165605 0.00016303217570715002 -0.00022223501625524475 8.8269043273674172e-05 -0.0001003011157685567 -1.1166690053494991e-05
leaf_weight=55 38 45 26 26 105 123 322
leaf_count=55 38 45 26 26 105 123 322
internal_value=6.75676e-05 -0.00512048 0.000722983 0.00589172 0.00362595 -0.0009 0.000464191
internal_weight=740 83 657 157 131 500 377
internal_count=740 83 657 157 131 500 377
is_linear=0
shrinkage=0.05


Tree=33
num_leaves=8
num_cat=0
split_feature=13 14 14 4 13 5 13
split_gain=1.87533 2.5902 4.08331 2.05199 1.83322 2.01655 1.76901
threshold=16.894999504089359 0.061654808594579842 0.025090891472494884 0.020457867009652363 18.429999351501468 0.011468273948209812 21.295000076293949
decision_type=2 2 2 2 2 2 2
left_child=1 2 -1 4 -2 -6 -5
right_child=3 -3 -4 6 5 -7 -8
leaf_value=1.0639156453334982e-05 -0.00013395393895289877 -0.00020744259342982409 0.000172259395661742 0.00016576350820689126 1.7591196372617269e-05 -0.00011392945548018169 -2.7969408663479836e-05
leaf_weight=311 102 36 52 40 115 48 36
leaf_count=311 102 36 52 40 115 48 36
internal_value=0.000743243 0.00307018 0.00433884 -0.00197947 -0.0040566 -0.000766871 0.00526316
internal_weight=740 399 363 341 265 163 76
internal_count=740 399 363 341 265 163 76
is_linear=0
shrinkage=0.05


Tree=34
num_leaves=8
num_cat=0
split_feature=10 10 1 10 9 11 13
split_gain=1.09585 1.13931 1.67049 1.5198 1.15748 1.29748 1.49402
threshold=0.012020737458552368 0.0043154379998111567 0.011605173570839235 0.005826349167175727 0.15309356271977662 -0.016546519308648141 17.195000648498539
decision_type=2 2 2 2 8 2 2
left_child=1 4 3 -3 5 -1 -7
right_child=-2 2 -4 -5 -6 6 -8
leaf_value=0.00013016227808337395 -5.1317268678145538e-05 0.00023599349866853587 -2.7954340316271041e-05 6.8974641246657723e-05 -0.00010009646359089451 9.1998148818855997e-06 -9.0745113994781021e-05
leaf_weight=63 45 28 64 93 127 225 93
leaf_count=63 45 28 64 93 127 225 93
internal_value=0.000338753 0.000829726 0.00418919 0.00764463 -0.000393701 0.000984252 -0.000314465
internal_weight=738 693 185 121 508 381 318
internal_count=738 693 185 121 508 381 318
is_linear=0
shrinkage=0.05


Tree=35
num_leaves=8
num_cat=0
split_feature=13 4 1 13 8 11 11
split_gain=1.52626 2.15267 1.75823 1.91129 1.82379 1.46587 1.7569
threshold=16.775000572204593 0.016890374441682138 -0.012948881504305841 14.340000152587892 -0.036364541821200962 0.023462518909958655 0.0072247197872850064
decision_type=2 2 2 2 10 2 2
left_child=2 -2 4 -4 -1 6 -3
right_child=1 5 3 -5 -6 -7 -8
leaf_value=0.00013891460633769516 -8.9541174276742318e-05 6.1745693829139378e-05 -1.5064808124873704e-06 0.00011796839326702197 -0.00014108308375106952 0.00010437503678990168 -0.00013619695477289792
leaf_weight=38 141 132 126 169 56 30 46
leaf_count=38 141 132 126 169 56 30 46
internal_value=0.000609756 -0.00179083 0.0027635 0.00466102 -0.00319149 0.00144231 -0.000280899
internal_weight=738 349 389 295 94 208 178
internal_count=738 349 389 295 94 208 178
is_linear=0
shrinkage=0.05


Tree=36
num_leaves=8
num_cat=0
split_feature=4 3 10 7 1 3 3
split_gain=1.26266 1.25238 1.00576 0.888717 1.12266 1.28522 1.87001
threshold=0.013900375860264913 -0.0004696890183310542 0.0011530196642344228 -0.046390042873675812 -0.0030842089217114062 0.0056566625839251658 0.0028186510104010192
decision_type=2 2 2 2 2 2 2
left_child=1 -1 -3 -2 -5 6 -6
right_child=3 2 -4 4 5 -7 -8
leaf_value=9.201924335984523e-05 0.00011972478408143199 7.4058904734782726e-05 -6.7770535571331407e-06 -4.0148317424722828e-05 1.0138221765230367e-05 0.00015010290507977186 -0.00012180892268124164
leaf_weight=34 27 26 49 247 262 53 53
leaf_count=34 27 26 49 247 262 53 53
internal_value=0.000299601 0.00527523 0.00166667 -0.000545171 -0.000934959 0.000815217 -0.000396825
internal_weight=751 109 75 642 615 368 315
internal_count=751 109 75 642 615 368 315
is_linear=0
shrinkage=0.05


Tree=37
num_leaves=8
num_cat=0
split_feature=11 13 8 12 2 15 11
split_gain=0.913391 1.02213 2.84026 2.06674 2.98414 1.93247 2.21833
threshold=-0.029337474403061222 20.865000724792484 0.025111283719246761 0.0037862010061723299 0.028932725838408894 -0.0042661117987776156 -0.002084976205571742
decision_type=2 2 8 2 2 2 2
left_child=-1 3 -3 4 -2 6 -5
right_child=1 2 -4 5 -6 -7 -8
leaf_value=9.686132833302626e-05 6.2536377756969125e-06 3.6386402492566803e-05 -0.00016144144369054648 0.00024279498132417197 0.00024407033483328538 -3.6234498170485914e-05 7.9642991173996524e-06
leaf_weight=33 95 44 40 32 46 362 100
leaf_count=33 95 44 40 32 46 362 100
internal_value=0.000199468 -0.000173853 -0.00535714 0.000511811 0.00585106 -0.00101215 0.00416667
internal_weight=752 719 84 635 141 494 132
internal_count=752 719 84 635 141 494 132
is_linear=0
shrinkage=0.05


Tree=38
num_leaves=8
num_cat=0
split_feature=3 3 3 9 2 6 0
split_gain=0.962235 2.25548 1.21832 0.972656 0.957417 1.38462 1.11646
threshold=-0.0062451976031583359 -0.0048056381902884518 -0.0038459219257586104 0.099782489064485627 0.064813944219247702 -0.48826601771187722 0.013840225315160605
decision_type=2 2 2 8 2 2 2
left_child=3 -2 -3 -1 6 -6 -4
right_child=1 2 4 -5 5 -7 -8
leaf_value=4.0474648828535454e-05 -0.00020210906806747756 0.00022181744283217695 -1.8262671970010487e-05 0.00014080721754331532 0.00016961824683962826 2.8894317554828366e-06 7.3503404267535589e-05
leaf_weight=44 41 28 479 29 25 40 51
leaf_count=44 41 28 479 29 25 40 51
internal_value=0.000373134 -0.000225904 0.000521669 0.00582192 4.20168e-05 0.00576923 -0.000660377
internal_weight=737 664 623 73 595 65 530
internal_count=737 664 623 73 595 65 530
is_linear=0
shrinkage=0.05


Tree=39
num_leaves=8
num_cat=0
split_feature=15 13 7 2 11 8 7
split_gain=1.09928 1.18883 1.14423 1.47583 1.69902 1.84411 2.52175
threshold=0.0091700892346026092 19.814999580383304 0.034537932191496153 0.061429682089122258 0.030023740679380188 0.029162270667313032 0.0049541744800181151
decision_type=2 2 2 2 2 8 2
left_child=2 -2 3 4 5 6 -1
right_child=1 -3 -4 -5 -6 -7 -8
leaf_value=-7.0882492079923337e-07 0.00011842566156251857 -2.9575614110369579e-05 -6.818643651872976e-05 0.00019516609583459835 -0.00036308137487461471 -4.1018161791265375e-05 0.000157468590886693
leaf_weight=291 101 25 42 29 33 116 92
leaf_count=291 101 25 42 29 33 116 92
internal_value=0.000514403 0.0047619 -0.000373134 0.000222816 -0.00037594 0.000350701 0.0020235
internal_weight=729 126 603 561 532 499 383
internal_count=729 126 603 561 532 499 383
is_linear=0
shrinkage=0.05


Tree=40
num_leaves=8
num_cat=0
split_feature=8 0 9 1 10 10 6
split_gain=1.87596 1.7337 1.03657 1.18117 0.832318 2.24439 1.63663
threshold=-0.033066264307263442 0.0039712682843011668 -0.041596287955680093 -0.012948881504305841 -0.0021924638285548688 -0.0031453282484929508 0.20230191428416119
decision_type=8 2 8 2 2 2 2
left_child=1 2 -1 -4 5 6 -2
right_child=4 -3 3 -5 -6 -7 -8
leaf_value=0.00032092211482022626 -5.1406747132561265e-05 -2.9926315014065571e-05 -8.4019094568240876e-05 0.00010547015701888386 -6.7338367475927149e-07 -0.00023335731014128655 8.3832638214417722e-05
leaf_weight=26 94 26 35 29 423 36 72
leaf_count=26 94 26 35 29 423 36 72
internal_value=-0.000236167 0.00560345 0.00888889 0.00546875 -0.00132 -0.0039604 -0.00150602
internal_weight=741 116 90 64 625 202 166
internal_count=741 116 90 64 625 202 166
is_linear=0
shrinkage=0.05


Tree=41
num_leaves=8
num_cat=0
split_feature=15 9 2 1 3 3 11
split_gain=1.08344 1.45401 1.57476 1.70049 1.54284 1.27515 1.08199
threshold=0.0091700892346026092 0.12893848890499218 -0.050842829697157414 0.0021762561528859696 0.0012905544945028826 0.0026679071037850615 0.0039652132508289925
decision_type=2 8 2 2 2 2 2
left_child=1 6 -3 4 -4 -5 -1
right_child=-2 2 3 5 -6 -7 -8
leaf_value=8.2579242338892819e-05 6.6664633824883851e-05 0.00010251624890021215 -0.00027646717976218704 4.3745345520256356e-05 -2.8477975605690518e-05 -9.833311130689783e-05 -6.9059858774824047e-06
leaf_weight=196 124 30 45 68 26 25 225
leaf_count=196 124 30 45 68 26 25 225
internal_value=0.000575101 -0.000284553 -0.00386598 -0.00579268 -0.0116197 -0.00134409 0.0013658
internal_weight=739 615 194 164 71 93 421
internal_count=739 615 194 164 71 93 421
is_linear=0
shrinkage=0.05


Tree=42
num_leaves=8
num_cat=0
split_feature=15 10 9 5 6 4 9
split_gain=0.851276 1.91001 1.69245 1.47456 1.32129 1.31322 1.2895
threshold=0.0094057522011162815 0.010655378584307098 0.13867500853982387 0.0080811969813380877 -0.11413062627273322 0.018754290082076432 0.096389610635584724
decision_type=2 2 10 2 2 2 10
left_child=1 2 3 -1 -2 6 -5
right_child=4 -3 -4 5 -6 -7 -8
leaf_value=8.1919147981637048e-05 -4.3794501784596101e-05 -0.00012658144378984248 -7.4533753681089719e-05 -2.2459903916404166e-05 0.00014136391206895523 7.750761707528814e-05 0.00017594937881619955
leaf_weight=27 51 43 45 331 71 152 30
leaf_count=27 51 43 45 331 71 152 30
internal_value=-0.000133333 -0.000875796 -0.000128205 0.000648148 0.00368852 4.87329e-05 -0.0015928
internal_weight=750 628 585 540 122 513 361
internal_count=750 628 585 540 122 513 361
is_linear=0
shrinkage=0.05


Tree=43
num_leaves=8
num_cat=0
split_feature=6 1 10 10 11 13 9
split_gain=1.35491 2.4 1.26095 1.45041 1.19267 1.67605 1.43562
threshold=-1.1819298094871564 0.0053159889411219527 0.011869721142281022 0.0043154379998111567 -0.0043088808342565113 15.574999809265138 0.15309356271977662
decision_type=2 2 2 2 2 2 8
left_child=1 -1 3 4 5 -2 -7
right_child=2 -3 -4 -5 -6 6 -8
leaf_value=0.00015441149431540745 0.00019758766333347077 -2.4897406992984618e-05 -5.7739699911810106e-05 6.0993360235979661e-05 -6.7839425826467253e-05 1.4100130907714033e-05 -0.00017967622135689709
leaf_weight=30 28 30 52 167 292 107 38
leaf_count=30 28 30 52 167 292 107 38
internal_value=-0.000537634 0.00666667 -0.00116959 -0.000553797 -0.00198925 0.00130058 -0.000862069
internal_weight=744 60 684 632 465 173 145
internal_count=744 60 684 632 465 173 145
is_linear=0
shrinkage=0.05


Tree=44
num_leaves=8
num_cat=0
split_feature=2 7 11 16 7 8 15
split_gain=1.03213 1.09961 1.98932 1.39092 1.33074 1.90476 1.00614
threshold=0.081678499915013983 0.027122286024141688 -0.0078810131978928593 0.015647589491102901 0.020861547283910768 0.03062260149518126 0.010867408837299421
decision_type=2 2 2 2 2 10 2
left_child=1 4 -3 -4 6 -6 -1
right_child=-2 2 3 -5 5 -7 -8
leaf_value=-9.0807620384578765e-06 6.3913775102592742e-05 0.00011918497139719255 -0.00021727189661271425 -2.8261407162079669e-05 0.00021408331785967508 9.3951954246339819e-06 0.00012600155748379103
leaf_weight=480 29 29 25 46 30 40 58
leaf_count=480 29 29 25 46 30 40 58
internal_value=0.000237449 -0.000141243 -0.005 -0.00950704 0.000657895 0.00714286 -0.000185874
internal_weight=737 708 100 71 608 70 538
internal_count=737 708 100 71 608 70 538
is_linear=0
shrinkage=0.05


Tree=45
num_leaves=8
num_cat=0
split_feature=0 0 6 0 0 1 13
split_gain=1.2372 1.44447 1.55045 1.56236 1.67538 1.23223 1.71618
threshold=-0.020557531590742025 -0.0064094864601381687 -0.7584951955734297 -0.011064366998825846 -0.013110756514179032 -0.029085728433310028 16.914999961853031
decision_type=2 2 2 2 2 2 2
left_child=-1 2 -2 4 -4 -3 -7
right_child=1 5 3 -5 -6 6 -8
leaf_value=-0.00022870071059633696 -2.5586787590296293e-05 -0.00023354567704812334 0.00014800024144349968 0.00017711110812258909 -0.00012166428139630329 1.0090402856456963e-05 -1.9445549074442002e-05
leaf_weight=25 29 26 40 69 25 297 223
leaf_count=25 29 26 40 69 25 297 223
internal_value=-6.81199e-05 0.000317348 0.00444785 0.00671642 0.00115385 -0.000915751 -0.000384615
internal_weight=734 709 163 134 65 546 520
internal_count=734 709 163 134 65 546 520
is_linear=0
shrinkage=0.05


Tree=46
num_leaves=8
num_cat=0
split_feature=16 10 12 10 14 12 12
split_gain=1.25564 2.09979 1.25734 2.04097 2.18306 1.5815 1.89
threshold=0.031133999140451788 0.0012069827106450106 0.01609265809314964 0.0098339065977474122 0.05807600121170587 0.0037862010061723299 -0.0062518932096157767
decision_type=2 2 2 2 2 2 2
left_child=2 -2 5 4 -4 6 -1
right_child=1 -3 3 -5 -6 -7 -8
leaf_value=-7.423663384827247e-06 0.00010750732614920569 -0.00014309085965807385 5.9129444268772747e-05 -0.0001320832631693975 -0.00010763662376427901 -8.8980073723397943e-05 0.00017345586476580634
leaf_weight=152 28 38 288 37 46 89 61
leaf_count=152 28 38 288 37 46 89 61
internal_value=-0.000236806 -0.00681818 0.000408618 0.00235849 0.00359281 -0.00198675 0.000352113
internal_weight=739 66 673 371 334 302 213
internal_count=739 66 673 371 334 302 213
is_linear=0
shrinkage=0.05


end of trees

feature_importances:
atr_pct=33
spy_ret_1d=30
overnight_gap=26
sector_ret_1d=26
dist_ma200=24
vix_level=24
spy_ret_5d=22
ret_20d=21
spy_ret_20d=19
dvol_z_20=16
ret_1d=15
ret_5d=15
dist_ma50=15
sector_ret_5d=12
dist_ma20=11
parkinson_20=10
vix_chg_1d=10

parameters:
[boosting: gbdt]
[objective: quantile]
[metric: quantile]
[tree_learner: serial]
[device_type: cpu]
[data_sample_strategy: bagging]
[data: ]
[valid: ]
[num_iterations: 80]
[learning_rate: 0.05]
[num_leaves: 8]
[num_threads: 1]
[seed: 0]
[deterministic: 0]
[force_col_wise: 1]
[force_row_wise: 0]
[histogram_pool_size: -1]
[max_depth: -1]
[min_data_in_leaf: 25]
[min_sum_hessian_in_leaf: 0.001]
[bagging_fraction: 0.9]
[pos_bagging_fraction: 1]
[neg_bagging_fraction: 1]
[bagging_freq: 1]
[bagging_seed: 3]
[bagging_by_query: 0]
[feature_fraction: 0.9]
[feature_fraction_bynode: 1]
[feature_fraction_seed: 2]
[extra_trees: 0]
[extra_seed: 6]
[early_stopping_round: 0]
[early_stopping_min_delta: 0]
[first_metric_only: 0]
[max_delta_step: 0]
[lambda_l1: 0]
[lambda_l2: 0]
[linear_lambda: 0]
[min_gain_to_split: 0]
[drop_rate: 0.1]
[max_drop: 50]
[skip_drop: 0.5]
[xgboost_dart_mode: 0]
[uniform_drop: 0]
[drop_seed: 4]
[top_rate: 0.2]
[other_rate: 0.1]
[min_data_per_group: 100]
[max_cat_threshold: 32]
[cat_l2: 10]
[cat_smooth: 10]
[max_cat_to_onehot: 4]
[top_k: 20]
[monotone_constraints: ]
[monotone_constraints_method: basic]
[monotone_penalty: 0]
[feature_contri: ]
[forcedsplits_filename: ]
[refit_decay_rate: 0.9]
[cegb_tradeoff: 1]
[cegb_penalty_split: 0]
[cegb_penalty_feature_lazy: ]
[cegb_penalty_feature_coupled: ]
[path_smooth: 0]
[interaction_constraints: ]
[verbosity: -1]
[saved_feature_importance_type: 0]
[use_quantized_grad: 0]
[num_grad_quant_bins: 4]
[quant_train_renew_leaf: 0]
[stochastic_rounding: 1]
[linear_tree: 0]
[max_bin: 255]
[max_bin_by_feature: ]
[min_data_in_bin: 3]
[bin_construct_sample_cnt: 200000]
[data_random_seed: 1]
[is_enable_sparse: 1]
[enable_bundle: 1]
[use_missing: 1]
[zero_as_missing: 0]
[feature_pre_filter: 1]
[pre_partition: 0]
[two_round: 0]
[header: 0]
[label_column: ]
[weight_column: ]
[group_column: ]
[ignore_column: ]
[categorical_feature: ]
[forcedbins_filename: ]
[precise_float_parser: 0]
[parser_config_file: ]
[objective_seed: 5]
[num_class: 1]
[is_unbalance: 0]
[scale_pos_weight: 1]
[sigmoid: 1]
[boost_from_average: 1]
[reg_sqrt: 0]
[alpha: 0.5]
[fair_c: 1]
[poisson_max_delta_step: 0.7]
[tweedie_variance_power: 1.5]
[lambdarank_truncation_level: 30]
[lambdarank_norm: 1]
[label_gain: ]
[lambdarank_position_bias_regularization: 0]
[eval_at: ]
[multi_error_top_k: 1]
[auc_mu_weights: ]
[num_machines: 1]
[local_listen_port: 12400]
[time_out: 120]
[machine_list_filename: ]
[machines: ]
[gpu_platform_id: -1]
[gpu_device_id: -1]
[gpu_device_id_list: ]
[gpu_use_dp: 0]
[num_gpu: 1]

end of parameters

pandas_categorical:[]
