tree
version=v4
num_class=1
num_tree_per_iteration=1
label_index=0
max_feature_idx=16
objective=quantile
feature_names=ret_1d ret_5d ret_20d overnight_gap atr_pct parkinson_20 dvol_z_20 dist_ma20 dist_ma50 dist_ma200 spy_ret_1d spy_ret_5d spy_ret_20d vix_level vix_chg_1d sector_ret_1d sector_ret_5d
feature_infos=[-0.10395037263602291:0.079320563022542201] [-0.1764002575186242:0.18276431718061681] [-0.24619695756605287:0.19861922464152948] [-0.11927799279327367:0.096559503666102442] [0.012063341010385321:0.054342353681560727] [0.0076891614847259442:0.02949666484893821] [-2.2317977905504285:4.1023989371693634] [-0.18465827766458265:0.14161039402805775] [-0.21390890026564846:0.13625202573294692] [-0.34285560010861282:0.17016335090037726] [-0.058542947643003718:0.10501933612632941] [-0.11496158439845272:0.082843216242346029] [-0.12265592443394913:0.15756596870864792] [11.859999656677246:52.330001831054688] [-0.35753873962348437:0.74039073966007019] [-0.06285260230433054:0.088816354578251211] [-0.11675897124649115:0.08529462291702461]
tree_sizes=837 850 854 859 864 857 854 851 863 859 865 865 858 865 862 860

Tree=0
num_leaves=8
num_cat=0
split_feature=4 1 6 14 6 5 14
split_gain=3.40277 1.76316 1.26413 1.78848 0.930614 0.534732 0.847065
threshold=0.028981278187548521 -0.031664719282064262 0.57918855248178203 0.047142331582309634 -0.53290827943337649 0.0089419723734054483 -0.014609583018452553
decision_type=2 2 2 2 2 2 2
left_child=2 -2 5 -4 -3 6 -1
right_child=1 4 3 -5 -6 -7 -8
leaf_value=-0.015398329570762358 -0.016005577145870822 -0.015869399646650177 -0.015088764911718063 -0.015716745972627115 -0.014951841190179961 -0.014999861231627431 -0.014886071245700291
leaf_weight=32 32 25 107 43 32 430 49
leaf_count=32 32 25 107 43 32 430 49
internal_value=-0.0150976 -0.0242759 -0.0138618 -0.0178976 -0.0190028 -0.0126771 -0.0164037
internal_weight=750 89 661 150 57 511 81
internal_count=750 89 661 150 57 511 81
is_linear=0
shrinkage=1


Tree=1
num_leaves=8
num_cat=0
split_feature=4 10 14 0 14 8 1
split_gain=2.57218 1.00324 0.718961 1.44747 0.84899 0.551455 0.5
threshold=0.029790641274059736 0.0046724002397113837 0.003286853869637119 0.006546396065300387 0.047142331582309634 -0.034985760350091925 -0.019246394270410968
decision_type=2 2 2 2 2 8 2
left_child=2 6 5 -4 -5 -1 -2
right_child=1 -3 3 4 -6 -7 -8
leaf_value=-6.4128646329206294e-05 -0.00064706298892998554 -0.00093608419430938673 9.3054907956729584e-05 -3.4088880485400996e-05 -0.00067975981788656213 0.00031272209939660209 0.00012675139728637286
leaf_weight=48 25 29 218 36 30 323 25
leaf_count=48 25 29 218 36 30 323 25
internal_value=0.000231608 -0.00829114 0.00125954 -0.000633803 -0.00712121 0.0027089 -0.004
internal_weight=734 79 655 284 66 371 50
internal_count=734 79 655 284 66 371 50
is_linear=0
shrinkage=0.05


Tree=2
num_leaves=8
num_cat=0
split_feature=5 5 6 14 0 13 14
split_gain=2.21328 1.16273 1.04728 1.81662 0.543228 0.647706 0.832755
threshold=0.020243692773117928 0.022532475097299918 1.4044082258832207 0.035115678917499234 0.0022974929567836093 16.125000000000004 -0.0082882010072965456
decision_type=2 2 2 2 2 2 2
left_child=2 -2 4 -4 -1 -6 -7
right_child=1 -3 3 -5 5 6 -8
leaf_value=0.00029959758358114535 -0.00082525111878549722 -0.0002534882651243333 0.00013131828916353755 -0.00053394654697205694 0.00013852494433631474 5.8093290313223237e-05 -0.00053638252938929896
leaf_weight=335 28 33 52 28 138 76 59
leaf_count=335 28 33 52 28 138 76 59
internal_value=0.000193592 -0.00893443 0.00100291 -0.004375 0.00171053 5.49452e-05 -0.00240741
internal_weight=749 61 688 80 608 273 135
internal_count=749 61 688 80 608 273 135
is_linear=0
shrinkage=0.05


Tree=3
num_leaves=8
num_cat=0
split_feature=4 1 6 1 10 4 16
split_gain=2.97028 1.69362 1.39794 1.59973 0.809927 0.387525 0.437115
threshold=0.034003836637827148 -0.011576930563633845 0.57918855248178203 0.018101566259829175 -0.0026276635212834072 0.014428064029332003 -0.007133509396251402
decision_type=2 2 2 2 2 2 2
left_child=2 -2 5 4 -4 6 -1
right_child=1 -3 3 -5 -6 -7 -8
leaf_value=0.0003688362664257146 -0.00085373505599846378 -0.00015116955158215532 -0.00038468597621326838 -0.0012957808278644804 0.00017548872728480027 0.00019880538878217928 -9.6685135799069594e-05
leaf_weight=27 29 33 48 34 73 425 74
leaf_count=27 29 33 48 34 73 425 74
internal_value=0.000154778 -0.0103226 0.00110866 -0.00306452 -0.000371901 0.0023384 -0.000445544
internal_weight=743 62 681 155 121 526 101
internal_count=743 62 681 155 121 526 101
is_linear=0
shrinkage=0.05


Tree=4
num_leaves=8
num_cat=0
split_feature=5 5 14 0 14 5 12
split_gain=1.88386 1.66144 0.647204 0.50732 1.10241 0.545803 0.474248
threshold=0.020243692773117928 0.022532475097299918 0.14228104891203866 0.0022974929567836093 0.047546513885702975 0.0087654591752096191 -0.0077541062485576564
decision_type=2 2 2 2 2 2 2
left_child=2 -2 3 5 6 -1 -5
right_child=1 -3 -4 4 -6 -7 -8
leaf_value=-0.00010352491407693377 -0.00074750894715164241 -5.8248580393378088e-05 -0.00040484602858070523 -0.00016052551500000327 -0.00055920367424724254 0.00028430885177239664 4.8612370564480734e-05
leaf_weight=38 27 35 26 56 33 321 210
leaf_count=38 27 35 26 56 33 321 210
internal_value=0.000442359 -0.00790323 0.00119883 0.00150456 -1.67222e-05 0.00277159 0.00105263
internal_weight=746 62 684 658 299 359 266
internal_count=746 62 684 658 299 359 266
is_linear=0
shrinkage=0.05


Tree=5
num_leaves=8
num_cat=0
split_feature=4 3 8 10 4 6 12
split_gain=1.54449 0.782326 0.603097 1.11282 1.6019 0.511126 0.592549
threshold=0.028981278187548521 0.0015331819582031783 -0.039818175347158584 -0.0026466516143627823 0.021499319104419424 1.7428626532030047 0.040854121966551922
decision_type=2 2 8 2 2 2 2
left_child=2 -2 3 -1 -5 6 -4
right_child=1 -3 5 4 -6 -7 -8
leaf_value=9.0318437097902562e-05 -0.00027240896014085389 -0.00054439662111787181 0.00025067044754657823 -0.00054376932299131809 8.6951064917741784e-05 -0.00016730592318087267 -4.8835720075870495e-05
leaf_weight=31 50 36 404 35 25 40 116
leaf_count=31 50 36 404 35 25 40 116
internal_value=0.000251018 -0.00604651 0.00108295 -0.00269231 -0.00666667 0.00169643 0.00211538
internal_weight=737 86 651 91 60 560 520
internal_count=737 86 651 91 60 560 520
is_linear=0
shrinkage=0.05


Tree=6
num_leaves=8
num_cat=0
split_feature=4 4 6 4 15 0 14
split_gain=1.82655 1.13892 0.991732 0.5482 1.13372 0.48611 0.835019
threshold=0.034003836637827148 0.038574468870891894 2.2823634831408381 0.014428064029332003 0.0023548446952610384 0.0022974929567836093 1.0000000180025095e-35
decision_type=2 2 2 2 2 2 2
left_child=2 -2 3 4 -1 -5 -7
right_child=1 -3 -4 5 -6 6 -8
leaf_value=5.088848406600026e-05 -0.00082788353610824912 -3.9847512876418858e-05 -0.00035073452888408242 0.00025705547373970882 -0.00020605917763416392 0.00012453456893663807 -8.4061937635306562e-05
leaf_weight=76 35 29 33 294 43 160 76
leaf_count=76 35 29 33 294 43 160 76
internal_value=0.000576408 -0.0075 0.00133431 0.00176425 -0.00130252 0.00245283 0.000762712
internal_weight=746 64 682 649 119 530 236
internal_count=746 64 682 649 119 530 236
is_linear=0
shrinkage=0.05


Tree=7
num_leaves=8
num_cat=0
split_feature=4 4 6 0 4 4 4
split_gain=2.05087 1.37358 1.0064 1.05747 0.633678 0.393117 0.620356
threshold=0.034003836637827148 0.038574468870891894 0.77080765813569152 0.006546396065300387 0.020209684551663665 0.014428064029332003 0.014085309983988024
decision_type=2 2 2 2 2 2 2
left_child=2 -2 5 4 -4 6 -1
right_child=1 -3 3 -5 -6 -7 -8
leaf_value=7.9980042021963779e-05 -0.00071467132357625526 -6.9311843971969638e-06 0.00025628004136161287 -0.0012747132696417215 -0.00034847869288626518 0.0001243252040145652 -0.00016340928220056632
leaf_weight=73 39 30 56 41 27 450 29
leaf_count=73 39 30 56 41 27 450 29
internal_value=0.000167785 -0.00804348 0.00100592 -0.00306452 0.000180723 0.00192029 -0.000882353
internal_weight=745 69 676 124 83 552 102
internal_count=745 69 676 124 83 552 102
is_linear=0
shrinkage=0.05


Tree=8
num_leaves=8
num_cat=0
split_feature=4 1 8 8 12 12 6
split_gain=1.86927 1.03226 0.604441 0.862595 0.418336 0.74469 0.576837
threshold=0.034003836637827148 -0.011576930563633845 -0.039818175347158584 -0.052744763890642081 0.040854121966551922 0.048519167358985434 1.8317375010772881
decision_type=2 2 10 10 2 2 2
left_child=2 -2 3 -1 6 -6 -4
right_child=1 -3 4 -5 5 -7 -8
leaf_value=2.9591307680123853e-05 -0.00058095737577819578 -5.7057782013402499e-05 0.00022592175191846252 -0.00032064659351401566 -0.00012791322476003763 5.3268372310675066e-05 -0.00034127776990410913
leaf_weight=113 31 31 413 27 47 76 26
leaf_count=113 31 31 413 27 47 76 26
internal_value=0.000418848 -0.00790323 0.00115385 -0.00178571 0.00188612 -0.000691057 0.0026082
internal_weight=764 62 702 140 562 123 439
internal_count=764 62 702 140 562 123 439
is_linear=0
shrinkage=0.05


Tree=9
num_leaves=8
num_cat=0
split_feature=4 4 8 4 10 12 5
split_gain=1.64852 1.27116 0.37333 0.519087 1.01792 0.517136 0.842456
threshold=0.034003836637827148 0.038574468870891894 -0.039818175347158584 0.021499319104419424 -0.0012572661502254776 0.041818066300965857 0.0094437306876946243
decision_type=2 2 8 2 2 2 2
left_child=2 -2 3 4 -1 -4 -7
right_child=1 -3 5 -5 -6 6 -8
leaf_value=8.4651030856306049e-05 -0.00070375341540346867 9.8616115853606919e-05 0.00019519306542172557 4.7734811914592897e-05 -0.00034018165022877767 -0.00022379402393656389 1.5390308085905589e-05
leaf_weight=26 36 27 445 57 33 25 95
leaf_count=26 36 27 445 57 33 25 95
internal_value=0.000833334 -0.00690476 0.00154919 -0.00103448 -0.00432203 0.00207965 -0.000833333
internal_weight=744 63 681 116 59 565 120
internal_count=744 63 681 116 59 565 120
is_linear=0
shrinkage=0.05


Tree=10
num_leaves=8
num_cat=0
split_feature=4 1 0 14 0 8 2
split_gain=2.17784 1.7886 0.499471 0.688095 0.485607 0.384397 0.757207
threshold=0.034003836637827148 -0.011576930563633845 0.0031590759017554597 0.047546513885702975 0.0053618830740632681 -0.023773136797543334 -0.0311789289370159
decision_type=2 2 2 2 2 10 2
left_child=2 -2 5 4 -4 6 -1
right_child=1 -3 3 -5 -6 -7 -8
leaf_value=6.1070404357697956e-05 -0.00061470222051378948 4.3982476809261507e-05 -0.00012976387503344647 -0.00059585103147371523 6.2965359675838366e-05 0.00025109922388964989 -0.00015044744315890362
leaf_weight=97 29 30 63 40 177 283 30
leaf_count=97 29 30 63 40 177 283 30
internal_value=0.000660881 -0.00855932 0.00144928 -0.000178571 0.000833334 0.00256098 0.000275591
internal_weight=749 59 690 280 240 410 127
internal_count=749 59 690 280 240 410 127
is_linear=0
shrinkage=0.05


Tree=11
num_leaves=8
num_cat=0
split_feature=7 4 8 1 12 14 10
split_gain=0.930415 0.637639 0.597841 0.944118 1.136 0.820681 0.649475
threshold=-0.050480634346603707 0.034801967198833897 0.031788296031892711 0.016306693300501721 0.040854121966551922 0.0053913947730825926 -0.0054954783327307846
decision_type=2 2 8 2 2 2 2
left_child=1 -1 -2 6 5 -5 -4
right_child=2 -3 3 4 -6 -7 -8
leaf_value=-5.5895659505407831e-05 0.0001034451522840537 -0.00045818292881539879 -0.00027608986722701636 0.00024002821689247546 -0.00056868105601262035 -0.00073654199079041689 0.00016575624107101816
leaf_weight=34 437 28 30 51 27 25 115
leaf_count=34 437 28 30 51 27 25 115
internal_value=0.000381526 -0.00548387 0.000912409 -0.00104839 -0.00470874 -0.00157895 0.00155172
internal_weight=747 62 685 248 103 76 145
internal_count=747 62 685 248 103 76 145
is_linear=0
shrinkage=0.05


Tree=12
num_leaves=8
num_cat=0
split_feature=4 4 6 3 8 8 5
split_gain=1.47171 1.32611 0.443546 0.38544 0.470983 0.834963 0.348638
threshold=0.034239716057641242 0.038574468870891894 2.2823634831408381 -0.004740739586538977 -0.039818175347158584 -0.050293126305051887 0.0098464152014448355
decision_type=2 2 2 2 10 8 2
left_child=2 -2 3 -1 5 -5 -6
right_child=1 -3 -4 4 6 -7 -8
leaf_value=0.00028358766175120436 -0.00071201278524571138 0.00024093821661237726 -0.00031115519957148669 3.3989463206334342e-05 2.7797442519426696e-05 -0.00022961575702243496 0.00016514151426311459
leaf_weight=76 32 27 32 78 162 34 293
leaf_count=76 32 27 32 78 162 34 293
internal_value=0.000708447 -0.00686441 0.00137037 0.0016563 0.00120811 -0.00169643 0.00192308
internal_weight=734 59 675 643 567 112 455
internal_count=734 59 675 643 567 112 455
is_linear=0
shrinkage=0.05


Tree=13
num_leaves=8
num_cat=0
split_feature=4 1 3 3 6 10 1
split_gain=1.79166 1.35772 0.40493 0.555367 0.509541 0.525611 0.464074
threshold=0.034003836637827148 -0.0085516974763380476 0.0046278090462965613 0.0038900083554981317 1.4790448225979762 -0.0018123893917819098 -0.006162451899159648
decision_type=2 2 2 2 2 2 2
left_child=2 -2 3 4 6 -6 -1
right_child=1 -3 -4 -5 5 -7 -8
leaf_value=0.00016862241099993341 -0.00048115691061477884 -3.0513890647217664e-06 0.00023884767739051026 -0.00024089419770522314 -0.00072437360785881303 0.00012643976535370636 2.9035599434622366e-06
leaf_weight=187 33 30 102 26 25 26 316
leaf_count=187 33 30 102 26 25 26 316
internal_value=0.000369128 -0.00769841 0.00111437 0.000603448 0.000938628 -0.00382353 0.00142147
internal_weight=745 63 682 580 554 51 503
internal_count=745 63 682 580 554 51 503
is_linear=0
shrinkage=0.05


Tree=14
num_leaves=8
num_cat=0
split_feature=4 5 3 3 0 13 0
split_gain=1.69223 0.666667 0.485373 0.742542 0.569788 0.693253 0.926135
threshold=0.034003836637827148 0.022532475097299918 0.0046278090462965613 0.0034607224322132928 0.0022974929567836093 16.675000190734867 0.0049343456280031015
decision_type=2 2 2 2 2 2 2
left_child=2 -2 3 4 -1 -6 -7
right_child=1 -3 -4 -5 5 6 -8
leaf_value=0.00014864092768857202 -0.00044031626279396514 -7.4357227776403756e-05 0.00024613620971262779 -0.00046333370962163274 6.9650231092281418e-05 -0.00026048406402207064 -1.7418837465879876e-05
leaf_weight=311 27 27 98 49 120 31 56
leaf_count=311 27 27 98 49 120 31 56
internal_value=0.000549374 -0.00796296 0.0012406 0.000679013 0.00123552 -0.000797101 -0.0041954
internal_weight=719 54 665 567 518 207 87
internal_count=719 54 665 567 518 207 87
is_linear=0
shrinkage=0.05


Tree=15
num_leaves=8
num_cat=0
split_feature=4 1 8 4 11 1 14
split_gain=1.66781 1.25664 0.466043 0.391375 0.387823 0.299825 0.528415
threshold=0.034003836637827148 -0.011576930563633845 -0.077780823970193799 0.024074682986264157 0.023488197271316905 -0.006162451899159648 -0.081825770158787711
decision_type=2 2 10 2 2 2 2
left_child=2 -2 3 -1 5 -4 -7
right_child=1 -3 4 -5 -6 6 -8
leaf_value=-0.0001411490331072164 -0.00044347465340198309 8.1904177733445122e-07 0.00010226397566979792 9.0751317300475254e-05 0.00038608956897849745 -0.00015050257453654955 3.028593978455818e-05
leaf_weight=29 31 30 217 27 79 26 304
leaf_count=29 31 30 217 27 79 26 304
internal_value=0.000625841 -0.00729508 0.00133431 -0.00303571 0.00172524 0.00125229 0.00030303
internal_weight=743 61 682 56 626 547 330
internal_count=743 61 682 56 626 547 330
is_linear=0
shrinkage=0.05


end of trees

feature_importances:
atr_pct=26
vix_chg_1d=12
ret_5d=11
dvol_z_20=10
dist_ma50=10
ret_1d=9
parkinson_20=9
overnight_gap=6
spy_ret_1d=6
spy_ret_20d=6
vix_level=2
ret_20d=1
dist_ma20=1
spy_ret_5d=1
sector_ret_1d=1
sector_ret_5d=1

parameters:
[boosting: gbdt]
[objective: quantile]
[metric: quantile]
[tree_learner: serial]
[device_type: cpu]
[data_sample_strategy: bagging]
[data: ]
[valid: ]
[num_iterations: 80]
[learning_rate: 0.05]
[num_leaves: 8]
[num_threads: 1]
[seed: 0]
[deterministic: 0]
[force_col_wise: 1]
[force_row_wise: 0]
[histogram_pool_size: -1]
[max_depth: -1]
[min_data_in_leaf: 25]
[min_sum_hessian_in_leaf: 0.001]
[bagging_fraction: 0.9]
[pos_bagging_fraction: 1]
[neg_bagging_fraction: 1]
[bagging_freq: 1]
[bagging_seed: 3]
[bagging_by_query: 0]
[feature_fraction: 0.9]
[feature_fraction_bynode: 1]
[feature_fraction_seed: 2]
[extra_trees: 0]
[extra_seed: 6]
[early_stopping_round: 0]
[early_stopping_min_delta: 0]
[first_metric_only: 0]
[max_delta_step: 0]
[lambda_l1: 0]
[lambda_l2: 0]
[linear_lambda: 0]
[min_gain_to_split: 0]
[drop_rate: 0.1]
[max_drop: 50]
[skip_drop: 0.5]
[xgboost_dart_mode: 0]
[uniform_drop: 0]
[drop_seed: 4]
[top_rate: 0.2]
[other_rate: 0.1]
[min_data_per_group: 100]
[max_cat_threshold: 32]
[cat_l2: 10]
[cat_smooth: 10]
[max_cat_to_onehot: 4]
[top_k: 20]
[monotone_constraints: ]
[monotone_constraints_method: basic]
[monotone_penalty: 0]
[feature_contri: ]
[forcedsplits_filename: ]
[refit_decay_rate: 0.9]
[cegb_tradeoff: 1]
[cegb_penalty_split: 0]
[cegb_penalty_feature_lazy: ]
[cegb_penalty_feature_coupled: ]
[path_smooth: 0]
[interaction_constraints: ]
[verbosity: -1]
[saved_feature_importance_type: 0]
[use_quantized_grad: 0]
[num_grad_quant_bins: 4]
[quant_train_renew_leaf: 0]
[stochastic_rounding: 1]
[linear_tree: 0]
[max_bin: 255]
[max_bin_by_feature: ]
[min_data_in_bin: 3]
[bin_construct_sample_cnt: 200000]
[data_random_seed: 1]
[is_enable_sparse: 1]
[enable_bundle: 1]
[use_missing: 1]
[zero_as_missing: 0]
[feature_pre_filter: 1]
[pre_partition: 0]
[two_round: 0]
[header: 0]
[label_column: ]
[weight_column: ]
[group_column: ]
[ignore_column: ]
[categorical_feature: ]
[forcedbins_filename: ]
[precise_float_parser: 0]
[parser_config_file: ]
[objective_seed: 5]
[num_class: 1]
[is_unbalance: 0]
[scale_pos_weight: 1]
[sigmoid: 1]
[boost_from_average: 1]
[reg_sqrt: 0]
[alpha: 0.1]
[fair_c: 1]
[poisson_max_delta_step: 0.7]
[tweedie_variance_power: 1.5]
[lambdarank_truncation_level: 30]
[lambdarank_norm: 1]
[label_gain: ]
[lambdarank_position_bias_regularization: 0]
[eval_at: ]
[multi_error_top_k: 1]
[auc_mu_weights: ]
[num_machines: 1]
[local_listen_port: 12400]
[time_out: 120]
[machine_list_filename: ]
[machines: ]
[gpu_platform_id: -1]
[gpu_device_id: -1]
[gpu_device_id_list: ]
[gpu_use_dp: 0]
[num_gpu: 1]

end of parameters

pandas_categorical:[]
