tree
version=v4
num_class=1
num_tree_per_iteration=1
label_index=0
max_feature_idx=16
objective=quantile
feature_names=ret_1d ret_5d ret_20d overnight_gap atr_pct parkinson_20 dvol_z_20 dist_ma20 dist_ma50 dist_ma200 spy_ret_1d spy_ret_5d spy_ret_20d vix_level vix_chg_1d sector_ret_1d sector_ret_5d
feature_infos=[-0.10185974954895416:0.099212557757709874] [-0.12710730364894585:0.15482079209724398] [-0.23172615847015665:0.21178903169600938] [-0.099994605519907243:0.095924052048576902] [0.016212034917010874:0.060345606347003498] [0.0098458996181876885:0.032968390885987117] [-2.5133537665732719:4.3388519213331813] [-0.12741999050528985:0.11713754525117248] [-0.15467534238181446:0.18582828011309083] [-0.21167092680583144:0.33743517862890449] [-0.058542971330535654:0.10501930183911301] [-0.11496151859245618:0.082843162776128354] [-0.1226559005192206:0.15756591020035837] [11.859999656677246:52.330001831054688] [-0.35753873962348437:0.74039073966007019] [-0.062852571542473257:0.088816390052506744] [-0.11675896877857916:0.085294626879873769]
tree_sizes=823 851 859 864 859 856 860 856 859 854 862 854 844 864 852 860 857 859

Tree=0
num_leaves=8
num_cat=0
split_feature=15 15 10 4 6 6 3
split_gain=2.83605 1.48098 1.93111 1.43391 1.15125 0.973913 0.626573
threshold=-0.01618387119437353 0.0062326616081639372 0.0031270998422653355 0.034685784034749013 0.18608490620813214 -0.066647695628281656 0.0081440875715755884
decision_type=2 2 2 2 2 2 2
left_child=-1 3 -3 -2 -5 -4 -7
right_child=1 2 5 4 -6 6 -8
leaf_value=0.032840909004403465 0.031975222154258166 0.032985162178441343 0.032081604875255021 0.032113464996452158 0.034373336953598968 0.032625329736140074 0.032192264275579384
leaf_weight=34 427 39 92 51 25 44 26
leaf_count=34 427 39 92 51 25 44 26
internal_value=0.0322887 0.0316075 0.0352353 0.0301578 0.0364857 0.0328307 0.0372751
internal_weight=738 704 201 503 76 162 70
internal_count=738 704 201 503 76 162 70
is_linear=0
shrinkage=1


Tree=1
num_leaves=8
num_cat=0
split_feature=13 9 2 2 14 3 13
split_gain=2.88167 1.08235 0.416757 0.855313 0.376938 1.58302 1.55769
threshold=25.505000114440922 0.17016521890659 0.052491559473310308 0.040931547310932855 -0.043806838804765429 0.0081440875715755884 17.454999923706058
decision_type=2 8 2 2 2 2 2
left_child=1 4 3 -3 5 6 -1
right_child=-2 2 -4 -5 -6 -7 -8
leaf_value=0.00050292317455240872 0.0011241680180756242 -0.00019665733971894258 -0.00048752121820521457 0.0006865213374763426 2.2850154310960765e-05 -0.00022145252597350858 1.121455228009216e-05
leaf_weight=26 30 146 180 30 257 30 26
leaf_count=26 30 146 180 30 257 30 26
internal_value=-0.000172415 -0.000827339 -0.00275281 -0.00102273 0.00119469 0.00414634 0.00942308
internal_weight=725 695 356 176 339 82 52
internal_count=725 695 356 176 339 82 52
is_linear=0
shrinkage=0.05


Tree=2
num_leaves=8
num_cat=0
split_feature=6 9 16 8 5 4 3
split_gain=1.5718 1.75817 0.780306 0.540794 0.780261 0.946849 0.662095
threshold=-0.026399789073719673 -0.088997044250160071 0.023949602998197598 0.028875420289214197 0.016827695794579076 0.034641758997918062 -3.4464811449086412e-05
decision_type=2 8 2 8 2 2 2
left_child=-1 -2 3 4 6 -6 -3
right_child=1 2 -4 -5 5 -7 -8
leaf_value=-0.00016953742747689238 0.00060080223349154695 0.00015622670031156599 0.00035179414768687423 -0.00017487041900742417 -0.00020388861862596135 0.00056596248764004113 0.00041398946026052183
leaf_weight=421 32 29 44 111 48 25 25
leaf_count=421 32 29 44 111 48 25 25
internal_value=-3.40148e-05 0.00264331 0.00138298 0.0002521 0.00248031 -0.000890412 0.00703704
internal_weight=735 314 282 238 127 73 54
internal_count=735 314 282 238 127 73 54
is_linear=0
shrinkage=0.05


Tree=3
num_leaves=8
num_cat=0
split_feature=13 9 7 12 6 11 1
split_gain=1.84613 0.862758 0.566946 1.25641 0.552518 0.932131 0.564004
threshold=24.630000114440922 0.013120909472557509 0.010442361614079744 0.012544135938263425 -0.07316950255580025 0.021563069340693967 -0.0087849531001287211
decision_type=2 8 2 2 2 2 2
left_child=1 2 -1 -4 -3 6 -6
right_child=-2 4 3 -5 5 -7 -8
leaf_value=-1.3979332668141707e-05 0.00054044284697225961 -0.00024464583426904354 0.00034128510908624685 0.00016299880523183366 -0.0003264348748211468 0.00036973368193560783 9.0402666507624705e-05
leaf_weight=133 44 265 26 52 66 25 122
leaf_count=133 44 265 26 52 66 25 122
internal_value=-0.000156891 -0.000791003 0.00187204 0.00525641 -0.00196653 -7.04237e-05 -0.0012766
internal_weight=733 689 211 78 478 213 188
internal_count=733 689 211 78 478 213 188
is_linear=0
shrinkage=0.05


Tree=4
num_leaves=8
num_cat=0
split_feature=15 15 3 9 2 16 16
split_gain=2.66083 1.18018 1.33885 1.46581 0.962964 0.741811 1.4003
threshold=-0.01618387119437353 0.0069850589999882482 0.006796983299978466 -0.056430412848404769 -0.091743707240268188 0.015921379958606877 0.0070933343312019623
decision_type=2 2 2 8 2 2 2
left_child=-1 4 3 -3 -2 6 -5
right_child=1 2 -4 5 -6 -7 -8
leaf_value=0.00052157933882202284 0.00055086863595885365 0.00031786701750135616 -0.00025417553547568998 -7.6177228551571331e-05 -0.00020254204988880985 -0.00022463195368968241 0.00064609751517641064
leaf_weight=32 31 26 73 34 478 32 25
leaf_count=32 31 26 73 34 478 32 25
internal_value=-0.000348838 -0.000994279 0.00236842 0.00568376 -0.00224951 0.00269231 0.00601695
internal_weight=731 699 190 117 509 91 59
internal_count=731 699 190 117 509 91 59
is_linear=0
shrinkage=0.05


Tree=5
num_leaves=8
num_cat=0
split_feature=15 15 14 6 3 8 1
split_gain=2.09569 1.0198 1.57805 1.17904 1.20104 1.03901 0.882081
threshold=-0.01618387119437353 0.0048618378168637797 0.020823614308890352 1.0000000180025095e-35 0.006796983299978466 -0.08255632677203327 0.01967062368506434
decision_type=2 2 2 2 2 8 2
left_child=-1 5 3 -3 6 -2 -5
right_child=1 2 -4 4 -6 -7 -8
leaf_value=0.00041597704920968054 0.00072334987744643352 -0.00018043663864576314 0.00056654081528729962 0.00017556054337313453 -0.00020492153371194307 -0.00022440710678399856 0.00031071159553730998
leaf_weight=32 30 132 28 25 36 418 26
leaf_count=32 30 132 28 25 36 418 26
internal_value=-0.000323247 -0.000899282 0.00168016 0.00025114 0.00477011 -0.00232143 0.00970588
internal_weight=727 695 247 219 87 448 51
internal_count=727 695 247 219 87 448 51
is_linear=0
shrinkage=0.05


Tree=6
num_leaves=8
num_cat=0
split_feature=15 9 6 12 4 12 12
split_gain=2.02056 0.954606 0.852326 0.662652 0.971865 0.740969 0.475109
threshold=-0.01618387119437353 0.013120909472557509 2.3956968418457962 0.0072856290131225751 0.041296529329852005 -0.011548252560612314 0.024849110031729963
decision_type=2 8 2 2 2 2 2
left_child=-1 3 -3 4 5 -2 -5
right_child=1 2 -4 6 -6 -7 -8
leaf_value=0.00038836062731586779 4.0732824292001506e-05 -0.00020659896112339314 0.00063067366147626677 -0.00039244684177546874 -0.00044316352905048544 0.00049404230995957763 0.00012017351158225575
leaf_weight=33 30 449 26 54 25 28 87
leaf_count=33 30 449 26 54 25 28 87
internal_value=-0.000423498 -0.000994279 -0.00226316 0.00169643 0.00524096 0.0087931 -0.000390072
internal_weight=732 699 475 224 83 58 141
internal_count=732 699 475 224 83 58 141
is_linear=0
shrinkage=0.05


Tree=7
num_leaves=8
num_cat=0
split_feature=15 6 5 6 9 5 15
split_gain=1.89071 0.946598 0.828207 0.677132 0.492308 0.710046 0.59841
threshold=-0.01618387119437353 2.3956968418457962 0.019238240095471284 1.0000000180025095e-35 0.16473137282483433 0.02286774862376079 0.0029714415772409413
decision_type=2 2 2 2 8 2 2
left_child=-1 2 -2 4 5 6 -4
right_child=1 -3 3 -5 -6 -7 -8
leaf_value=0.00043912664771760695 -0.00019755140679633121 0.00060839085301466096 -1.4119040293661699e-05 0.0003413462242457001 -0.00019697406654176362 -0.00037116666929743955 0.0004544655711334291
leaf_weight=34 480 32 28 53 40 37 25
leaf_count=34 480 32 28 53 40 37 25
internal_value=-0.000336078 -0.000899282 -0.00130468 0.00155738 -0.000384617 0.00166667 0.00537736
internal_weight=729 695 663 183 130 90 53
internal_count=729 695 663 183 130 90 53
is_linear=0
shrinkage=0.05


Tree=8
num_leaves=8
num_cat=0
split_feature=15 15 15 4 0 3 4
split_gain=2.0955 1.24705 1.45974 0.908837 1.02505 0.8749 1.40071
threshold=-0.01618387119437353 0.0069850589999882482 0.0076837574132989648 0.034685784034749013 -0.0063893410471675951 0.0083548996102410528 0.024036551268222624
decision_type=2 2 2 2 2 2 2
left_child=-1 3 -3 -2 -5 6 -4
right_child=1 2 5 4 -6 -7 -8
leaf_value=0.00040101347499468934 -0.00019992718349134354 0.00029815919223312687 -0.00024139633547193086 0.0018594175668336711 -0.00016345961413599401 -0.00021406230477028838 0.00035947924324753714
leaf_weight=36 453 27 41 29 44 56 70
leaf_count=36 453 27 41 29 44 56 70
internal_value=-0.000105821 -0.000694446 0.00273196 -0.00195818 0.00321918 0.000988023 0.00355856
internal_weight=756 720 194 526 73 167 111
internal_count=756 720 194 526 73 167 111
is_linear=0
shrinkage=0.05


Tree=9
num_leaves=8
num_cat=0
split_feature=15 15 10 4 9 5 4
split_gain=1.20265 0.971172 1.04749 1.28395 0.645766 0.571038 0.49515
threshold=-0.01618387119437353 0.0062326616081639372 0.0069015986018239337 0.028462943624513539 0.17016521890659 0.0156928569415286 0.022544539784021909
decision_type=2 2 2 2 8 2 2
left_child=-1 4 3 5 6 -3 -2
right_child=1 2 -4 -5 -6 -7 -8
leaf_value=0.0004051980617505108 0.00056572815010024413 0.00018835446081094166 -5.3125945033436397e-05 0.00044178425499468522 -0.00028465040635448414 -9.9653867988280212e-05 -0.00010437771078810607
leaf_weight=33 28 26 114 36 243 32 219
leaf_count=33 28 26 114 36 243 32 219
internal_value=-0.000690836 -0.00113181 0.00173077 0.0056383 -0.00234694 0.00103448 -0.00054656
internal_weight=731 698 208 94 490 58 247
internal_count=731 698 208 94 490 58 247
is_linear=0
shrinkage=0.05


Tree=10
num_leaves=8
num_cat=0
split_feature=11 6 14 3 14 11 7
split_gain=1.48014 0.91588 1.15027 0.999125 0.671475 0.63271 1.01713
threshold=-0.022672211523631577 1.0000000180025095e-35 -0.047998833049079863 0.0069975596995365272 0.022826998483341358 0.010681945196443056 0.045301543819655683
decision_type=2 2 2 2 2 2 2
left_child=4 -2 3 -3 -1 -4 -7
right_child=1 2 5 -5 -6 6 -8
leaf_value=-2.4914220334208875e-06 -0.00016495877824743513 0.00049321561342844245 -0.00015972350017935428 -1.6221428001546225e-05 0.00074885052549352837 0.00042042763324019912 -0.00062238025626733739
leaf_weight=25 400 37 138 29 36 54 26
leaf_count=25 400 37 138 29 36 54 26
internal_value=-0.000167786 -0.000833335 0.00133803 0.00712121 0.00729508 -0.000412845 0.003125
internal_weight=745 684 284 66 61 218 80
internal_count=745 684 284 66 61 218 80
is_linear=0
shrinkage=0.05


Tree=11
num_leaves=8
num_cat=0
split_feature=15 15 6 15 2 6 9
split_gain=1.49007 1.47353 1.24 1.29242 0.927181 0.722989 0.556162
threshold=-0.01618387119437353 0.0069850589999882482 -0.07316950255580025 0.0092286536313063178 -0.091743707240268188 0.53322966262517579 0.013120909472557509
decision_type=2 2 2 2 2 2 8
left_child=-1 4 6 -4 -2 -5 -3
right_child=1 2 3 5 -6 -7 -8
leaf_value=0.00034749563238830906 0.00076569625334053514 0.00013845481877935981 0.0003728896417168569 0.00012834652814174225 -0.00016411710041527505 -0.00014763401917118304 -0.00013766354513420229
leaf_weight=33 31 31 25 27 485 37 65
leaf_count=33 31 31 25 27 485 37 65
internal_value=-0.000231609 -0.000720401 0.00310811 0.00735955 -0.00209302 0.00359375 -0.000833335
internal_weight=734 701 185 89 516 64 96
internal_count=734 701 185 89 516 64 96
is_linear=0
shrinkage=0.05


Tree=12
num_leaves=8
num_cat=0
split_feature=6 5 15 5 6 5 15
split_gain=1.09737 1.06482 0.876717 0.688095 0.5625 0.49308 0.788604
threshold=-0.026399789073719673 0.019483766174455856 0.0062326616081639372 0.016098981977198508 0.72664151314574299 0.015316657892446543 -0.0052269746328159053
decision_type=2 2 2 2 2 2 2
left_child=-1 2 5 -4 -3 6 -2
right_child=1 4 3 -5 -6 -7 -8
leaf_value=-0.00011832610581023479 0.00032443551472792888 0.00019273122115765124 0.00053404583271445178 3.5841626550742811e-05 0.0002678084285940709 -0.00024611908754020099 -0.00027633511187362002
leaf_weight=409 26 32 28 42 32 98 53
leaf_count=409 26 32 28 42 32 98 53
internal_value=-0.000486112 0.00175241 0.000263157 0.005 0.0075 -0.00161017 0.00132911
internal_weight=720 311 247 70 64 177 79
internal_count=720 311 247 70 64 177 79
is_linear=0
shrinkage=0.05


Tree=13
num_leaves=8
num_cat=0
split_feature=15 5 6 6 15 10 15
split_gain=1.54504 1.09894 0.857545 0.586674 0.40877 0.768008 0.377909
threshold=-0.01618387119437353 0.018700656150975676 1.0000000180025095e-35 0.88660253958506408 0.0025380766728845265 0.0062898398934669872 0.0062326616081639372
decision_type=2 2 2 2 2 2 2
left_child=-1 6 4 -4 -3 -6 -2
right_child=1 2 3 -5 5 -7 -8
leaf_value=0.00033434838497738481 -0.00022608551443929455 -0.00016006413203090129 0.00024686145088453768 0.00023423979700465934 0.00040159484139285238 -0.00016250231698985214 -6.4052225298837222e-06
leaf_weight=34 346 75 39 32 30 38 139
leaf_count=34 346 75 39 32 30 38 139
internal_value=-0.000702593 -0.00120887 0.0017757 0.0062676 -0.000454547 0.00235294 -0.00252577
internal_weight=733 699 214 71 143 68 485
internal_count=733 699 214 71 143 68 485
is_linear=0
shrinkage=0.05


Tree=14
num_leaves=8
num_cat=0
split_feature=15 15 13 2 3 15 13
split_gain=1.3724 0.960681 0.786526 1.3717 0.775088 0.72 0.53082
threshold=-0.01618387119437353 0.0057155139791004181 15.97499990463257 0.050888998990898389 -0.0035983690189019253 0.0089343553770735457 16.345000267028812
decision_type=2 2 2 2 2 2 2
left_child=-1 6 3 5 -4 -3 -2
right_child=1 2 4 -5 -6 -7 -8
leaf_value=0.00030955254555999713 -0.00031898107831203831 3.2699963420193652e-05 0.00023914540003557171 -0.00017374552540065123 -6.0182915439921913e-05 0.00050394027822899402 -1.1468639823060852e-05
leaf_weight=35 225 25 25 48 95 25 246
leaf_count=35 225 25 25 48 95 25 246
internal_value=-0.000372929 -0.000863572 0.00188073 0.00520408 -0.000833335 0.011 -0.00213376
internal_weight=724 689 218 98 120 50 471
internal_count=724 689 218 98 120 50 471
is_linear=0
shrinkage=0.05


Tree=15
num_leaves=8
num_cat=0
split_feature=13 15 13 8 11 10 13
split_gain=1.10116 1.45352 0.66503 0.856712 0.655328 0.914887 0.51783
threshold=24.695000648498539 0.0057155139791004181 18.675000190734867 -0.0086719108254568172 0.022279480121840559 0.0034564215919221657 16.345000267028812
decision_type=2 2 2 10 2 2 2
left_child=1 6 3 -3 5 -5 -1
right_child=-2 2 -4 4 -6 -7 -8
leaf_value=-0.00030334411582340326 0.00038413718420051758 0.0002030718287187369 -0.0001096051943077933 0.0010588516089802588 0.00024247423068473741 -0.0001342769615490255 -1.1897593643130896e-05
leaf_weight=227 44 25 51 25 32 70 250
leaf_count=227 44 25 51 25 32 70 250
internal_value=-0.000165747 -0.000661766 0.00288177 0.00453947 0.00287401 0.000789472 -0.00216981
internal_weight=724 680 203 152 127 95 477
internal_count=724 680 203 152 127 95 477
is_linear=0
shrinkage=0.05


Tree=16
num_leaves=8
num_cat=0
split_feature=11 10 15 3 4 11 1
split_gain=1.25479 1.2107 0.907535 1.0635 1.05874 1.20289 0.769306
threshold=-0.018660876046821092 -0.0020657822926501974 0.0069850589999882482 0.0083548996102410528 0.024036551268222624 0.016232184292817257 -0.042887484552280579
decision_type=2 2 2 2 2 2 2
left_child=1 6 -2 4 -4 -6 -1
right_child=2 -3 3 -5 5 -7 -8
leaf_value=0.00088853390432565055 -0.00014633002676254023 -6.9258869513486393e-05 -0.00016876121229627929 -0.00025491433978424546 4.5444099611521099e-05 0.00029660226605242616 0.00035731969280279586
leaf_weight=26 473 29 45 53 52 25 34
leaf_count=26 473 29 45 53 52 25 34
internal_value=-0.000454547 0.00511236 -0.00121914 0.00185714 0.00442623 0.00798701 0.00916667
internal_weight=737 89 648 175 122 77 60
internal_count=737 89 648 175 122 77 60
is_linear=0
shrinkage=0.05


Tree=17
num_leaves=8
num_cat=0
split_feature=15 9 7 7 7 15 14
split_gain=1.71306 1.03668 0.455256 0.975177 0.612745 0.58617 0.515759
threshold=-0.01618387119437353 0.17016521890659 0.061246039382027224 0.0072076260144916535 0.021942022228281791 0.00080251337777137454 0.057010542427024198
decision_type=2 8 2 2 2 2 2
left_child=-1 2 3 6 -5 -6 -2
right_child=1 -3 -4 4 5 -7 -8
leaf_value=0.00030911747500038796 -5.6940922473362007e-05 -0.00014667248874726204 -0.00062183106189776869 0.00092577741377535883 -0.0003572301726006684 0.00024527074631963886 0.00053760632419657794
leaf_weight=31 183 346 29 30 25 43 48
leaf_count=31 183 346 29 30 25 43 48
internal_value=-0.000374151 -0.000880683 0.00100559 0.00153495 0.00571428 0.00308823 -0.000238096
internal_weight=735 704 358 329 98 68 231
internal_count=735 704 358 329 98 68 231
is_linear=0
shrinkage=0.05


end of trees

feature_importances:
sector_ret_1d=29
dvol_z_20=15
overnight_gap=9
dist_ma200=9
atr_pct=8
parkinson_20=8
vix_level=8
spy_ret_5d=6
ret_20d=5
dist_ma20=5
spy_ret_1d=5
vix_chg_1d=5
spy_ret_20d=4
ret_5d=3
dist_ma50=3
sector_ret_5d=3
ret_1d=1

parameters:
[boosting: gbdt]
[objective: quantile]
[metric: quantile]
[tree_learner: serial]
[device_type: cpu]
[data_sample_strategy: bagging]
[data: ]
[valid: ]
[num_iterations: 80]
[learning_rate: 0.05]
[num_leaves: 8]
[num_threads: 1]
[seed: 0]
[deterministic: 0]
[force_col_wise: 1]
[force_row_wise: 0]
[histogram_pool_size: -1]
[max_depth: -1]
[min_data_in_leaf: 25]
[min_sum_hessian_in_leaf: 0.001]
[bagging_fraction: 0.9]
[pos_bagging_fraction: 1]
[neg_bagging_fraction: 1]
[bagging_freq: 1]
[bagging_seed: 3]
[bagging_by_query: 0]
[feature_fraction: 0.9]
[feature_fraction_bynode: 1]
[feature_fraction_seed: 2]
[extra_trees: 0]
[extra_seed: 6]
[early_stopping_round: 0]
[early_stopping_min_delta: 0]
[first_metric_only: 0]
[max_delta_step: 0]
[lambda_l1: 0]
[lambda_l2: 0]
[linear_lambda: 0]
[min_gain_to_split: 0]
[drop_rate: 0.1]
[max_drop: 50]
[skip_drop: 0.5]
[xgboost_dart_mode: 0]
[uniform_drop: 0]
[drop_seed: 4]
[top_rate: 0.2]
[other_rate: 0.1]
[min_data_per_group: 100]
[max_cat_threshold: 32]
[cat_l2: 10]
[cat_smooth: 10]
[max_cat_to_onehot: 4]
[top_k: 20]
[monotone_constraints: ]
[monotone_constraints_method: basic]
[monotone_penalty: 0]
[feature_contri: ]
[forcedsplits_filename: ]
[refit_decay_rate: 0.9]
[cegb_tradeoff: 1]
[cegb_penalty_split: 0]
[cegb_penalty_feature_lazy: ]
[cegb_penalty_feature_coupled: ]
[path_smooth: 0]
[interaction_constraints: ]
[verbosity: -1]
[saved_feature_importance_type: 0]
[use_quantized_grad: 0]
[num_grad_quant_bins: 4]
[quant_train_renew_leaf: 0]
[stochastic_rounding: 1]
[linear_tree: 0]
[max_bin: 255]
[max_bin_by_feature: ]
[min_data_in_bin: 3]
[bin_construct_sample_cnt: 200000]
[data_random_seed: 1]
[is_enable_sparse: 1]
[enable_bundle: 1]
[use_missing: 1]
[zero_as_missing: 0]
[feature_pre_filter: 1]
[pre_partition: 0]
[two_round: 0]
[header: 0]
[label_column: ]
[weight_column: ]
[group_column: ]
[ignore_column: ]
[categorical_feature: ]
[forcedbins_filename: ]
[precise_float_parser: 0]
[parser_config_file: ]
[objective_seed: 5]
[num_class: 1]
[is_unbalance: 0]
[scale_pos_weight: 1]
[sigmoid: 1]
[boost_from_average: 1]
[reg_sqrt: 0]
[alpha: 0.9]
[fair_c: 1]
[poisson_max_delta_step: 0.7]
[tweedie_variance_power: 1.5]
[lambdarank_truncation_level: 30]
[lambdarank_norm: 1]
[label_gain: ]
[lambdarank_position_bias_regularization: 0]
[eval_at: ]
[multi_error_top_k: 1]
[auc_mu_weights: ]
[num_machines: 1]
[local_listen_port: 12400]
[time_out: 120]
[machine_list_filename: ]
[machines: ]
[gpu_platform_id: -1]
[gpu_device_id: -1]
[gpu_device_id_list: ]
[gpu_use_dp: 0]
[num_gpu: 1]

end of parameters

pandas_categorical:[]
