tree
version=v4
num_class=1
num_tree_per_iteration=1
label_index=0
max_feature_idx=16
objective=quantile
feature_names=ret_1d ret_5d ret_20d overnight_gap atr_pct parkinson_20 dvol_z_20 dist_ma20 dist_ma50 dist_ma200 spy_ret_1d spy_ret_5d spy_ret_20d vix_level vix_chg_1d sector_ret_1d sector_ret_5d
feature_infos=[-0.078111864481334559:0.18932149795843878] [-0.10895004036669365:0.27337380404925371] [-0.17281751260855804:0.3297003585792464] [-0.074848831066175125:0.048369773874968436] [0.015363716160152974:0.046246862331639722] [0.010292821619977447:0.033132180690942828] [-2.0715119422544284:4.2922913385004486] [-0.11858890866809213:0.19776667837259199] [-0.14367620025730043:0.18112169442862958] [-0.21672366772605933:0.15695885666210097] [-0.058542971330535654:0.10501930183911301] [-0.11496151859245618:0.082843162776128354] [-0.1226559005192206:0.15756591020035837] [11.859999656677246:52.330001831054688] [-0.35753873962348437:0.74039073966007019] [-0.045565914362008186:0.057443288787383029] [-0.11461315937536976:0.085316917045247465]
tree_sizes=842 863 864 867 859 853 866 865 860 868 864 865 866 865 871 861 860 863

Tree=0
num_leaves=8
num_cat=0
split_feature=3 2 1 3 5 4 16
split_gain=0.656999 0.635165 0.705859 0.840915 0.969298 0.69227 0.669713
threshold=0.012869116221138068 -0.042549364044992981 -0.019067100338436335 -0.0035772556284948127 0.012944476916392654 0.023609655910139998 0.011187211896627859
decision_type=2 2 2 2 2 2 2
left_child=1 -1 -3 4 -4 -6 -7
right_child=-2 2 3 -5 5 6 -8
leaf_value=-0.020535374759941865 -0.021095276949042899 -0.01986812446158075 -0.019922022078649116 -0.020129871087235456 -0.021158443964019967 -0.020577468672841871 -0.019945101769327827
leaf_weight=218 35 116 26 267 25 26 25
leaf_count=218 35 116 26 267 25 26 25
internal_value=-0.020058 -0.0197251 -0.0187175 -0.019787 -0.0236488 -0.0264997 -0.0231586
internal_weight=738 703 485 369 102 76 51
internal_count=738 703 485 369 102 76 51
is_linear=0
shrinkage=1


Tree=1
num_leaves=8
num_cat=0
split_feature=0 3 9 10 2 9 3
split_gain=1.06368 0.583682 1.10021 0.730601 0.578713 0.608116 0.40099
threshold=0.024666317663873286 -0.0048171301669778224 0.10233373125721003 0.013083392794018491 -0.072297374716229865 -0.047735808415829133 -0.0086398410717724566
decision_type=2 2 8 2 2 8 2
left_child=1 2 6 4 5 -3 -1
right_child=-2 3 -4 -5 -6 -7 -8
leaf_value=0.00026344874550174969 -0.00059406617614176478 -0.00026587792849670864 -0.00062391469429646509 -0.00050058992489508713 0.00023774418651470141 0.00017078215329479948 -0.00019386503396393414
leaf_weight=59 44 46 43 25 397 51 60
leaf_count=59 44 46 43 25 397 51 60
internal_value=3.44829e-05 0.000521292 -0.00209877 0.00133911 0.00176113 -0.00170103 0.000378151
internal_weight=725 681 162 519 494 97 119
internal_count=725 681 162 519 494 97 119
is_linear=0
shrinkage=0.05


Tree=2
num_leaves=8
num_cat=0
split_feature=11 0 14 13 9 8 6
split_gain=0.896533 0.539006 0.414646 1.20931 0.412245 0.633986 0.757556
threshold=-0.031453464626615406 0.026954531721753109 0.072802606011034846 19.23499965667725 -0.0021597150621220358 0.0054498053630174246 -0.41084852649484799
decision_type=2 2 2 2 10 8 2
left_child=-1 2 4 -4 5 -2 -7
right_child=1 -3 3 -5 -6 6 -8
leaf_value=-0.00037832927754886291 0.00015317869169254717 -0.00039687206115128233 -0.00040634762030641891 0.00029906442608732198 0.00022684753485913267 0.00063204665794873145 -0.00063058058105152119
leaf_weight=25 319 33 47 43 201 31 36
leaf_count=25 319 33 47 43 201 31 36
internal_value=0.000306123 0.000633803 0.000937962 -0.00222222 0.00142249 0.000466321 -0.00395522
internal_weight=735 710 677 90 587 386 67
internal_count=735 710 677 90 587 386 67
is_linear=0
shrinkage=0.05


Tree=3
num_leaves=8
num_cat=0
split_feature=0 3 10 9 10 3 2
split_gain=0.779522 0.647542 1.43526 1.4077 0.709171 0.671725 0.601808
threshold=0.024666317663873286 -0.0038886482103278604 -3.2316766858164751e-05 0.079565125113821092 0.013083392794018491 -0.0075988584640644943 -0.072297374716229865
decision_type=2 2 2 8 2 2 2
left_child=1 2 3 5 6 -1 -3
right_child=-2 4 -4 -5 -6 -7 -8
leaf_value=0.00033491552185625534 -0.00046264980731739851 -0.00018445276447107332 8.9784494343019285e-05 -0.00099796372320350699 -0.00043375470281878376 -0.00029275302948613677 0.00022291239448472743
leaf_weight=32 44 89 106 37 26 29 370
leaf_count=32 44 89 106 37 26 29 370
internal_value=8.86769e-05 0.000500726 -0.00186274 -0.00622449 0.00149485 -0.00155738 0.00194989
internal_weight=733 689 204 98 485 61 459
internal_count=733 689 204 98 485 61 459
is_linear=0
shrinkage=0.05


Tree=4
num_leaves=8
num_cat=0
split_feature=4 1 6 2 1 3 9
split_gain=0.707451 0.627129 0.946619 0.8793 0.827202 0.752259 1.77906
threshold=0.01990623705480191 -0.020143446117707794 0.71726897991253946 0.01621051885911207 0.0321483414013446 -0.0035772556284948127 0.053653386792007159
decision_type=2 2 2 2 2 2 8
left_child=-1 -2 4 -4 5 6 -3
right_child=1 2 3 -5 -6 -7 -8
leaf_value=0.00022898719546127685 0.00018568725251021635 -0.00010237055040329294 -0.00094042171411593066 -0.00028812545430103014 0.00025578273650263408 -4.5826959140006199e-05 -0.00097772210451068319
leaf_weight=119 203 52 34 38 84 176 25
leaf_count=119 203 52 34 38 84 176 25
internal_value=0.000212038 -0.000473856 -0.00160147 -0.00680556 -0.000489614 -0.001917 -0.00603896
internal_weight=731 612 409 72 337 253 77
internal_count=731 612 409 72 337 253 77
is_linear=0
shrinkage=0.05


Tree=5
num_leaves=8
num_cat=0
split_feature=6 6 9 8 1 7 9
split_gain=0.859416 0.732201 0.737162 1.40806 0.512531 1.13896 0.692308
threshold=0.90836680799637348 2.2990091849347931 -0.0058439762109314666 -0.043677949223577199 0.031089358367363155 0.026924976271313853 0.045867691145407015
decision_type=2 2 10 8 2 2 8
left_child=4 2 3 -2 5 -1 -7
right_child=1 -3 -4 -5 -6 6 -8
leaf_value=0.00010917506937305961 0.00012243234413972056 0.00029734138407514036 -0.00012213559357350089 -0.00061453028757845634 0.00040317521423710243 2.6198732087321167e-06 -0.00054259706336727087
leaf_weight=456 26 30 38 30 95 26 26
leaf_count=456 26 30 38 30 95 26 26
internal_value=0.000323246 -0.00346774 -0.0056383 -0.00928571 0.00110282 0.000472441 -0.00653846
internal_weight=727 124 94 56 603 508 52
internal_count=727 124 94 56 603 508 52
is_linear=0
shrinkage=0.05


Tree=6
num_leaves=8
num_cat=0
split_feature=0 3 9 10 2 9 13
split_gain=1.13276 0.543069 0.803377 0.602397 0.540556 0.840266 0.539055
threshold=0.024666317663873286 -0.0048171301669778224 0.10233373125721003 0.013083392794018491 -0.056830127652008837 -0.10376818665265596 20.375000000000004
decision_type=2 2 8 2 2 10 2
left_child=1 2 6 4 5 -3 -1
right_child=-2 3 -4 -5 -6 -7 -8
leaf_value=0.00011150199991206289 -0.00053705220781500912 0.00028711609174508068 -0.00047299356308738022 -0.00037690784118120119 0.00021335487207530462 -0.00022874138324531707 -0.00028580077501680942
leaf_weight=101 42 62 42 27 377 55 26
leaf_count=101 42 62 42 27 377 55 26
internal_value=-0.000122951 0.000362319 -0.00210059 0.00116123 0.0015587 -0.00141026 -0.00011811
internal_weight=732 690 169 521 494 117 127
internal_count=732 690 169 521 494 117 127
is_linear=0
shrinkage=0.05


Tree=7
num_leaves=8
num_cat=0
split_feature=0 0 3 2 15 15 6
split_gain=0.76524 1.22875 0.922811 0.492133 0.944336 1.77209 0.553575
threshold=0.010922596649485141 0.01407994566188975 0.0094234248276134931 -0.043838585648364507 -0.0018991432237843717 -0.0057968873947857316 0.55181648603227018
decision_type=2 2 2 2 2 2 2
left_child=3 -2 -3 4 5 6 -1
right_child=1 2 -4 -5 -6 -7 -8
leaf_value=0.00026236563964984798 -0.0004056967720301239 0.00032581845638521051 -0.00096854264738242477 0.00012184601437286462 0.00020826241133602925 -0.00089784077483446049 -0.00064933590022174374
leaf_weight=47 38 94 25 384 87 27 27
leaf_count=47 38 94 25 384 87 27 27
internal_value=0.000130316 -0.00296178 -0.000462185 0.000979021 -0.00111702 -0.00440594 -0.000405405
internal_weight=729 157 119 572 188 101 74
internal_count=729 157 119 572 188 101 74
is_linear=0
shrinkage=0.05


Tree=8
num_leaves=8
num_cat=0
split_feature=0 14 0 0 3 9 2
split_gain=1.13131 0.734834 0.766744 1.31636 0.526515 1.16959 0.427376
threshold=0.010922596649485141 -0.03286597934359297 0.01407994566188975 0.018693829724602876 -0.0060789346913248657 0.10233373125721003 -0.056830127652008837
decision_type=2 2 2 2 2 8 2
left_child=4 -2 -3 -4 5 -1 -6
right_child=1 2 3 -5 6 -7 -8
leaf_value=0.00013311643076477025 0.00015902768798389138 -0.00061963629771025837 0.00039011203306786168 -0.00067916515376974837 -7.2812904787982648e-05 -0.00086370308568678379 0.00014818322583368072
leaf_weight=92 55 28 37 42 121 41 340
leaf_count=92 55 28 37 42 121 41 340
internal_value=0.000370371 -0.00333333 -0.00574766 -0.00322785 0.00138047 -0.00139098 0.00218004
internal_weight=756 162 107 79 594 133 461
internal_count=756 162 107 79 594 133 461
is_linear=0
shrinkage=0.05


Tree=9
num_leaves=8
num_cat=0
split_feature=0 3 5 4 10 11 7
split_gain=0.973516 0.511542 0.909168 0.843159 0.781025 0.75434 0.381932
threshold=0.024666317663873286 -0.0035772556284948127 0.012944476916392654 0.024082153059574868 0.013083392794018491 -0.011803471640552064 -0.016936596964139235
decision_type=2 2 2 2 2 2 2
left_child=1 2 -1 -4 6 -5 -3
right_child=-2 4 3 5 -6 -7 -8
leaf_value=0.00015793594916076151 -0.00053025093787348592 4.5606329469182361e-05 -0.00079141195910865437 -0.00030519605660191042 -0.00034022028830571661 0.00015467701617357846 0.0002075992022732902
leaf_weight=61 42 150 48 27 26 88 289
leaf_count=61 42 150 48 27 26 88 289
internal_value=0.000485636 0.000936139 -0.00102679 -0.00297546 0.00188172 -0.000652174 0.00238041
internal_weight=731 689 224 163 465 115 439
internal_count=731 689 224 163 465 115 439
is_linear=0
shrinkage=0.05


Tree=10
num_leaves=8
num_cat=0
split_feature=0 4 4 1 6 14 9
split_gain=0.723315 0.573917 1.05757 1.83048 0.520328 1.00119 0.628097
threshold=0.024666317663873286 0.021490987714036108 0.022438133851530657 -0.00031882638356139909 0.90836680799637348 -0.015155298785694047 -0.044739470020649423
decision_type=2 2 2 2 2 2 10
left_child=1 -1 3 -3 6 -6 -4
right_child=-2 2 4 -5 5 -7 -8
leaf_value=0.0001915904133930978 -0.00046028948920106622 7.7630015817589887e-05 -7.9188198037700532e-06 -0.0011746634551588128 0.00022607249542308148 -0.0005548065873423742 0.00014885269552831351
leaf_weight=184 45 35 237 25 30 40 149
leaf_count=184 45 35 237 25 30 40 149
internal_value=3.35572e-05 0.000428572 -0.000426356 -0.00666667 0.000394737 -0.00357143 0.00111399
internal_weight=745 700 516 60 456 70 386
internal_count=745 700 516 60 456 70 386
is_linear=0
shrinkage=0.05


Tree=11
num_leaves=8
num_cat=0
split_feature=0 0 0 12 0 1 6
split_gain=0.824362 1.03319 0.808667 0.786622 0.511044 0.670771 1.32446
threshold=0.010922596649485141 0.01407994566188975 0.018693829724602876 0.017334209416059013 -1.0000000180025095e-35 -0.015811378551681573 0.63479773819055774
decision_type=2 2 2 2 2 2 2
left_child=4 -2 -3 -4 5 -1 -7
right_child=1 2 3 -5 -6 6 -8
leaf_value=0.00014293755489750876 -0.0004077626313858403 0.00040391538749025849 -0.00053189041997429723 0.00018619600806152087 0.00013776966337338627 -0.00014073775785702634 -0.00070726770244065472
leaf_weight=182 35 49 39 30 214 160 25
leaf_count=182 35 49 39 30 214 160 25
internal_value=9.5368e-05 -0.00316993 -0.000932203 -0.00442029 0.00095525 -0.000177112 -0.0022973
internal_weight=734 153 118 69 581 367 185
internal_count=734 153 118 69 581 367 185
is_linear=0
shrinkage=0.05


Tree=12
num_leaves=8
num_cat=0
split_feature=11 9 0 1 13 2 13
split_gain=0.559235 0.370142 0.544444 0.427825 0.357791 0.376647 0.71714
threshold=-0.031453464626615406 -0.14602003506849601 0.013182706563344417 0.0058530892422934419 21.82499980926514 0.016553887613489197 15.105000019073488
decision_type=2 10 2 2 2 2 2
left_child=-1 2 3 -2 5 6 -3
right_child=1 4 -4 -5 -6 -7 -8
leaf_value=-0.00022730739666843898 0.0001276430202910292 -0.00020581329866932097 -0.00024965808600623424 -0.00065119028877349953 -0.00023830761140996182 0.00014556606519707202 0.00021553881502958127
leaf_weight=25 92 122 27 43 52 189 170
leaf_count=25 92 122 27 43 52 189 170
internal_value=0.000347222 0.000611511 -0.00148148 -0.000185185 0.00124765 0.0016736 0.000547945
internal_weight=720 695 162 135 533 481 292
internal_count=720 695 162 135 533 481 292
is_linear=0
shrinkage=0.05


Tree=13
num_leaves=8
num_cat=0
split_feature=15 0 2 13 1 4 1
split_gain=0.719692 0.62904 0.47319 0.651231 0.857909 0.614187 0.355343
threshold=0.018239856265944491 0.024666317663873286 -0.042549364044992981 18.510000228881839 -0.03408396302629995 0.022212474906218142 -0.0050774924356754006
decision_type=2 2 2 2 2 2 2
left_child=1 2 3 5 -5 -1 -4
right_child=-2 -3 6 4 -6 -7 -8
leaf_value=-0.00045665752551831958 -0.00019255490878938137 -0.0010298742106818765 0.00017411524931268535 0.00013902545147653745 -0.00050617619901234003 0.00023818772965778282 2.3930631502442715e-05
leaf_weight=35 28 31 182 33 31 121 272
leaf_count=35 28 31 182 33 31 121 272
internal_value=0.000361528 0.000673759 0.000994065 -0.000909091 -0.00515625 0.000833334 0.0019163
internal_weight=733 705 674 220 64 156 454
internal_count=733 705 674 220 64 156 454
is_linear=0
shrinkage=0.05


Tree=14
num_leaves=8
num_cat=0
split_feature=0 8 2 2 12 3 16
split_gain=0.931943 0.538776 0.562101 0.837902 0.391121 0.707143 0.644021
threshold=0.024666317663873286 0.13147872052510404 -0.072297374716229865 -0.085061929677313006 0.02867505219605682 -0.0026436594824674749 -1.0000000180025095e-35
decision_type=2 8 2 2 2 2 2
left_child=1 2 3 -1 5 6 -4
right_child=-2 -3 4 -5 -6 -7 -8
leaf_value=8.6185891532653948e-06 -0.00040973010661239304 -0.00033230198895947081 1.2997314653431019e-05 -0.00018725820524175042 0.00011455324444182046 0.0002285672455262089 -0.00088763275938466817
leaf_weight=100 43 42 63 28 203 198 47
leaf_count=100 43 42 63 28 203 198 47
internal_value=0.00051105 0.000961821 0.00132238 -0.00164062 0.00206458 0.000941559 -0.00227273
internal_weight=724 681 639 128 511 308 110
internal_count=724 681 639 128 511 308 110
is_linear=0
shrinkage=0.05


Tree=15
num_leaves=8
num_cat=0
split_feature=15 13 13 2 2 15 9
split_gain=0.681714 0.519522 1.1856 0.959494 1.00905 0.374508 1.45655
threshold=0.018239856265944491 17.494999885559086 17.945000648498539 -0.042549364044992981 -0.094271098583215404 0.0081299877158850248 -0.074529851995001103
decision_type=2 2 2 2 2 2 10
left_child=1 5 -3 4 -4 -1 -7
right_child=-2 2 3 -5 -6 6 -8
leaf_value=0.00014570898204956096 -0.0001369503594804836 -0.00066411986935015145 0.00018355276487805325 0.00012573862032249638 -0.00041631179413905117 -0.00079691600752372887 0.0002320466066540209
leaf_weight=369 29 29 38 166 35 25 33
leaf_count=369 29 29 38 166 35 25 33
internal_value=0.000441989 0.000755396 -0.000970149 0.000188285 -0.00458904 0.00183841 -0.00189655
internal_weight=724 695 268 239 73 427 58
internal_count=724 695 268 239 73 427 58
is_linear=0
shrinkage=0.05


Tree=16
num_leaves=8
num_cat=0
split_feature=6 2 2 6 6 1 3
split_gain=0.857933 1.02264 1.03221 0.751627 0.619504 0.915757 0.444272
threshold=0.90836680799637348 -0.051305272133432105 -0.085061929677313006 -0.37298063320404162 1.2552144892623587 0.0044969864994169892 -0.0026882537125715862
decision_type=2 2 2 2 2 2 2
left_child=1 2 -1 -4 -2 -6 -3
right_child=4 6 3 -5 5 -7 -8
leaf_value=0.00014627836826990463 -0.00072577313927947367 2.1489131322495665e-06 -1.0800820631344955e-05 -0.00023573502406999962 0.00020457983004934914 -0.00046522732767490774 0.00020131239365580564
leaf_weight=90 31 155 31 35 60 41 294
leaf_count=90 31 155 31 35 60 41 294
internal_value=0.00031886 0.0011157 -0.00237179 -0.00712121 -0.00333333 -0.00143564 0.00232739
internal_weight=737 605 156 66 132 101 449
internal_count=737 605 156 66 132 101 449
is_linear=0
shrinkage=0.05


Tree=17
num_leaves=8
num_cat=0
split_feature=3 2 1 15 9 5 5
split_gain=0.712933 0.59156 0.675821 0.687485 0.56828 0.426561 0.696247
threshold=0.012869116221138068 -0.043838585648364507 -0.03408396302629995 -0.0018991432237843717 -0.085040817081811312 0.016572603956075786 0.017943041527080397
decision_type=2 2 2 2 10 2 2
left_child=1 2 -1 -4 -5 -3 -7
right_child=-2 5 3 4 -6 6 -8
leaf_value=0.00017667285607304877 -0.00063526477671698562 8.7386932660687999e-05 -0.00049788439221290124 0.00027628905277543987 -4.8446818578340599e-05 -0.00025926841900525275 0.0001693246389668614
leaf_weight=83 34 371 48 45 38 54 62
leaf_count=83 34 371 48 45 38 54 62
internal_value=0.000306123 0.000649073 -0.00154206 -0.00377863 -0.0010241 0.00161191 -0.00103448
internal_weight=735 701 214 131 83 487 116
internal_count=735 701 214 131 83 487 116
is_linear=0
shrinkage=0.05


end of trees

feature_importances:
ret_1d=18
ret_20d=16
overnight_gap=14
dist_ma200=14
ret_5d=11
dvol_z_20=10
vix_level=7
atr_pct=6
sector_ret_1d=6
spy_ret_1d=5
parkinson_20=4
dist_ma50=3
spy_ret_5d=3
vix_chg_1d=3
dist_ma20=2
spy_ret_20d=2
sector_ret_5d=2

parameters:
[boosting: gbdt]
[objective: quantile]
[metric: quantile]
[tree_learner: serial]
[device_type: cpu]
[data_sample_strategy: bagging]
[data: ]
[valid: ]
[num_iterations: 80]
[learning_rate: 0.05]
[num_leaves: 8]
[num_threads: 1]
[seed: 0]
[deterministic: 0]
[force_col_wise: 1]
[force_row_wise: 0]
[histogram_pool_size: -1]
[max_depth: -1]
[min_data_in_leaf: 25]
[min_sum_hessian_in_leaf: 0.001]
[bagging_fraction: 0.9]
[pos_bagging_fraction: 1]
[neg_bagging_fraction: 1]
[bagging_freq: 1]
[bagging_seed: 3]
[bagging_by_query: 0]
[feature_fraction: 0.9]
[feature_fraction_bynode: 1]
[feature_fraction_seed: 2]
[extra_trees: 0]
[extra_seed: 6]
[early_stopping_round: 0]
[early_stopping_min_delta: 0]
[first_metric_only: 0]
[max_delta_step: 0]
[lambda_l1: 0]
[lambda_l2: 0]
[linear_lambda: 0]
[min_gain_to_split: 0]
[drop_rate: 0.1]
[max_drop: 50]
[skip_drop: 0.5]
[xgboost_dart_mode: 0]
[uniform_drop: 0]
[drop_seed: 4]
[top_rate: 0.2]
[other_rate: 0.1]
[min_data_per_group: 100]
[max_cat_threshold: 32]
[cat_l2: 10]
[cat_smooth: 10]
[max_cat_to_onehot: 4]
[top_k: 20]
[monotone_constraints: ]
[monotone_constraints_method: basic]
[monotone_penalty: 0]
[feature_contri: ]
[forcedsplits_filename: ]
[refit_decay_rate: 0.9]
[cegb_tradeoff: 1]
[cegb_penalty_split: 0]
[cegb_penalty_feature_lazy: ]
[cegb_penalty_feature_coupled: ]
[path_smooth: 0]
[interaction_constraints: ]
[verbosity: -1]
[saved_feature_importance_type: 0]
[use_quantized_grad: 0]
[num_grad_quant_bins: 4]
[quant_train_renew_leaf: 0]
[stochastic_rounding: 1]
[linear_tree: 0]
[max_bin: 255]
[max_bin_by_feature: ]
[min_data_in_bin: 3]
[bin_construct_sample_cnt: 200000]
[data_random_seed: 1]
[is_enable_sparse: 1]
[enable_bundle: 1]
[use_missing: 1]
[zero_as_missing: 0]
[feature_pre_filter: 1]
[pre_partition: 0]
[two_round: 0]
[header: 0]
[label_column: ]
[weight_column: ]
[group_column: ]
[ignore_column: ]
[categorical_feature: ]
[forcedbins_filename: ]
[precise_float_parser: 0]
[parser_config_file: ]
[objective_seed: 5]
[num_class: 1]
[is_unbalance: 0]
[scale_pos_weight: 1]
[sigmoid: 1]
[boost_from_average: 1]
[reg_sqrt: 0]
[alpha: 0.1]
[fair_c: 1]
[poisson_max_delta_step: 0.7]
[tweedie_variance_power: 1.5]
[lambdarank_truncation_level: 30]
[lambdarank_norm: 1]
[label_gain: ]
[lambdarank_position_bias_regularization: 0]
[eval_at: ]
[multi_error_top_k: 1]
[auc_mu_weights: ]
[num_machines: 1]
[local_listen_port: 12400]
[time_out: 120]
[machine_list_filename: ]
[machines: ]
[gpu_platform_id: -1]
[gpu_device_id: -1]
[gpu_device_id_list: ]
[gpu_use_dp: 0]
[num_gpu: 1]

end of parameters

pandas_categorical:[]
