tree
version=v4
num_class=1
num_tree_per_iteration=1
label_index=0
max_feature_idx=16
objective=quantile
feature_names=ret_1d ret_5d ret_20d overnight_gap atr_pct parkinson_20 dvol_z_20 dist_ma20 dist_ma50 dist_ma200 spy_ret_1d spy_ret_5d spy_ret_20d vix_level vix_chg_1d sector_ret_1d sector_ret_5d
feature_infos=[-0.19813623252717993:0.32423691125934928] [-0.23966942148760328:0.44104707435107793] [-0.40634604953896225:0.7450176517480922] [-0.17816729531839359:0.18587022437841116] [0.027337450477744114:0.1125971850594966] [0.016758528029375067:0.054676443986799883] [-2.2249251421099601:4.2157390418724612] [-0.31111892036484368:0.50229896919037298] [-0.43686971104113592:0.65384692226240171] [-0.41763094909189669:1.0009065935795545] [-0.058542947643003718:0.10501933612632941] [-0.11496158439845272:0.082843216242346029] [-0.12265592443394913:0.15756596870864792] [11.859999656677246:52.330001831054688] [-0.35753873962348437:0.74039073966007019] [-0.068244726543857936:0.13419383554022479] [-0.13586538461538455:0.11772560364971629]
tree_sizes=822 862 849 859 857 862 860 861 853 857 856 865 861 855 854 859 854 870 863 861 864 874 871 866 863 851 871 863 857 871 859 869 869 866 866 858 864 859 861 865 853 863 867 865 854 866 869 849 864 871 860 861 866 858 859 853 860 867 858 872 859

Tree=0
num_leaves=8
num_cat=0
split_feature=5 5 13 3 15 1 12
split_gain=3.12894 1.38528 1.20213 1.10745 1.0434 1.17164 0.566082
threshold=0.031193362766054607 0.032330036660456009 17.795000076293949 0.00093699944363834231 -0.0034451265867053711 0.029519391472699667 0.012058038657318472
decision_type=2 2 2 2 2 2 2
left_child=4 -2 -3 -4 5 6 -1
right_child=1 2 3 -5 -6 -7 -8
leaf_value=0.054473612909769709 0.055278165994508924 0.053573297296455678 0.054685860882212813 0.055857769596760677 0.053569237504627984 0.055009113326429125 0.053385225589878592
leaf_weight=80 27 39 34 32 423 43 72
leaf_count=80 27 39 34 32 423 43 72
internal_value=0.0541784 0.0611663 0.0585689 0.0626814 0.0526858 0.0557117 0.0536503
internal_weight=750 132 105 66 618 195 152
internal_count=750 132 105 66 618 195 152
is_linear=0
shrinkage=1


Tree=1
num_leaves=8
num_cat=0
split_feature=13 8 13 12 8 2 14
split_gain=2.82581 1.92216 0.786843 0.785071 0.594805 0.535089 0.402359
threshold=25.19999980926514 0.29919592832814018 21.724999427795414 -0.017790362048334726 -0.029002945692269907 -0.056093290416923673 0.024414321868059811
decision_type=2 10 2 2 10 2 2
left_child=1 2 4 -4 -1 -6 -7
right_child=-2 -3 3 -5 5 6 -8
leaf_value=-0.00053920768307598964 0.0024541099095200087 0.00097618457031571799 -0.00075280956940218307 0.0015335980117036278 0.00058675175922536687 -0.00045417242054515168 0.00039300426556215936
leaf_weight=202 34 40 27 25 27 280 99
leaf_count=202 34 40 27 25 27 280 99
internal_value=4.08707e-05 -0.000642858 -0.00128788 0.00461538 -0.00179276 -0.000689656 -0.00117414
internal_weight=734 700 660 52 608 406 379
internal_count=734 700 660 52 608 406 379
is_linear=0
shrinkage=0.05


Tree=2
num_leaves=8
num_cat=0
split_feature=5 3 1 14 6 7 13
split_gain=1.92252 1.55262 0.820749 0.687837 0.769306 0.737788 0.578266
threshold=0.031193362766054607 0.00093699944363834231 0.018425931277769262 0.024414321868059811 1.2498942795415693 0.063658677752425633 21.409999847412113
decision_type=2 2 2 2 2 2 2
left_child=3 -2 -3 4 -1 6 -5
right_child=1 2 -4 5 -6 -7 -8
leaf_value=-0.00044051508974198678 3.5029594353045912e-05 0.0026342953227862626 0.00093772500562984038 -0.00022383349901736974 0.00016031524373886117 0.0011999243092888764 0.0014569181111184464
leaf_weight=390 60 29 36 123 52 34 25
leaf_count=390 60 29 36 123 52 34 25
internal_value=0.000140186 0.0058 0.0111538 -0.000993591 -0.00205882 0.00159341 6.75664e-05
internal_weight=749 125 65 624 442 182 148
internal_count=749 125 65 624 442 182 148
is_linear=0
shrinkage=0.05


Tree=3
num_leaves=8
num_cat=0
split_feature=13 8 9 3 1 14 10
split_gain=1.72207 1.44651 0.815567 0.83062 0.706707 0.928319 0.900114
threshold=21.555000305175785 0.29919592832814018 0.045501915467459082 -0.0029433594488580956 0.029519391472699667 -0.036136320679139293 -0.00064234175836136431
decision_type=2 10 10 2 2 2 2
left_child=1 4 3 -2 -1 -6 -7
right_child=2 -3 -4 -5 5 6 -8
leaf_value=-0.00037856390597500829 0.001127017496583931 0.00084577960363934376 -3.3117019509029397e-05 0.0023077032474063406 0.00060863396728851309 0.0006537355551243959 -0.00056549694584389081
leaf_weight=379 33 43 32 29 67 50 110
leaf_count=379 33 43 32 29 67 50 110
internal_value=-0.000154779 -0.00107088 0.00617021 0.00951613 -0.00169967 0.000506607 -0.0015625
internal_weight=743 649 94 62 606 227 160
internal_count=743 649 94 62 606 227 160
is_linear=0
shrinkage=0.05


Tree=4
num_leaves=8
num_cat=0
split_feature=5 12 15 15 12 3 14
split_gain=1.40156 1.00431 1.04603 0.98552 0.957414 0.861901 0.79652
threshold=0.031193362766054607 0.051085091732355654 -0.0034451265867053711 -0.010135727366817114 0.061412556981192197 0.00093699944363834231 0.024414321868059811
decision_type=2 2 2 2 2 2 2
left_child=1 2 3 -1 -3 -2 -5
right_child=5 4 -4 6 -6 -7 -8
leaf_value=-0.00025756398868064851 4.5152659711777662e-05 0.0011065754978329355 -0.00047468859097053045 1.633148552937132e-05 -0.00062958621433177933 0.001501187107982048 0.0010261608745104082
leaf_weight=102 62 30 371 41 34 69 37
leaf_count=102 62 30 371 41 34 69 37
internal_value=0.000227881 -0.000772359 -0.00146098 0.00166667 0.00515625 0.00492366 0.00589743
internal_weight=746 615 551 180 64 131 78
internal_count=746 615 551 180 64 131 78
is_linear=0
shrinkage=0.05


Tree=5
num_leaves=8
num_cat=0
split_feature=16 8 6 1 10 9 5
split_gain=1.59227 0.627284 0.767317 1.47863 0.876187 0.692198 0.637424
threshold=-0.049112700925670542 0.073280361282591869 0.19863190712545584 0.056326748760210495 -0.00064234175836136431 -0.24081409923970962 0.026132663879618861
decision_type=2 10 2 2 2 8 2
left_child=-1 5 4 -4 6 -2 -3
right_child=1 2 3 -5 -6 -7 -8
leaf_value=0.0024208147827363496 0.0010563605984246812 -0.00034538328822413694 0.0013469361179438248 -3.5561645655716969e-06 -0.00048488344041065312 -0.00027359153627172831 0.0011035829119735792
leaf_weight=27 28 26 37 68 118 406 27
leaf_count=27 28 26 37 68 118 406 27
internal_value=-0.000251019 -0.000704227 0.00115942 0.00452381 -0.000906434 -0.0018894 0.00443396
internal_weight=737 710 276 105 171 434 53
internal_count=737 710 276 105 171 434 53
is_linear=0
shrinkage=0.05


Tree=6
num_leaves=8
num_cat=0
split_feature=16 8 13 13 12 6 9
split_gain=1.66129 1.12621 0.921818 0.757455 0.910271 0.557844 0.352576
threshold=-0.049112700925670542 0.22856383548610029 17.445000648498539 19.625000000000004 0.0011335469917099774 1.7908713801316991 -0.084533385321613183
decision_type=2 10 2 2 2 2 10
left_child=-1 3 -3 5 -5 6 -2
right_child=1 2 -4 4 -6 -7 -8
leaf_value=0.0022997740435995321 -0.00055343436435669206 -0.00043447921889320146 0.00079635246548975856 -0.00013105166391335881 0.0010360894760438131 0.0010709423181968238 -0.00023221157071419546
leaf_weight=27 164 30 25 94 37 34 335
leaf_count=27 164 30 25 94 37 34 335
internal_value=-0.000509385 -0.000966621 0.00590909 -0.00153615 0.00187023 -0.00237336 -0.00279559
internal_weight=746 719 55 664 131 533 499
internal_count=746 719 55 664 131 533 499
is_linear=0
shrinkage=0.05


Tree=7
num_leaves=8
num_cat=0
split_feature=5 3 14 9 12 8 12
split_gain=1.20078 0.789908 0.748714 0.943303 0.799131 0.633288 1.01376
threshold=0.031193362766054607 0.00093699944363834231 0.024414321868059811 -0.034629492195855142 0.051846047128185087 0.015662850236610629 0.01743897700487718
decision_type=2 2 2 8 2 10 2
left_child=2 -2 4 -4 -1 -5 -7
right_child=1 -3 3 5 -6 6 -8
leaf_value=-0.00039959090290623298 -3.3814952251692435e-05 0.0011149847534916617 0.0018686306539798339 -0.00056728655644821592 0.00012129550430825487 0.00095861550975935128 -0.00023450726281365095
leaf_weight=386 61 71 31 69 53 35 39
leaf_count=386 61 71 31 69 53 35 39
internal_value=-0.000234901 0.00409091 -0.0011664 0.00160919 -0.00226652 -0.000104896 0.00310811
internal_weight=745 132 613 174 439 143 74
internal_count=745 132 613 174 439 143 74
is_linear=0
shrinkage=0.05


Tree=8
num_leaves=8
num_cat=0
split_feature=13 8 13 6 1 14 10
split_gain=1.38263 0.903912 1.40235 0.930219 0.894428 1.03637 0.702786
threshold=21.555000305175785 0.086811568823565791 17.795000076293949 0.16331604994547952 0.043077126990060062 -0.034895651013681799 0.00040263484850655567
decision_type=2 10 2 2 2 2 2
left_child=1 4 -3 -4 -1 -6 -2
right_child=6 2 3 -5 5 -7 -8
leaf_value=-0.00030691970858455665 0.0018242700718836182 -0.00019194065426790009 0.0002763274769415212 0.00099668087058472671 0.00086734252549701028 -0.00022398562876165971 0.00020542789738872116
leaf_weight=345 56 178 29 31 25 63 37
leaf_count=345 56 178 29 31 25 63 37
internal_value=3.92658e-05 -0.000752609 0.00172269 0.00833333 -0.00211317 0.00238636 0.00575269
internal_weight=764 671 238 60 433 88 93
internal_count=764 671 238 60 433 88 93
is_linear=0
shrinkage=0.05


Tree=9
num_leaves=8
num_cat=0
split_feature=13 9 9 6 3 13 6
split_gain=1.53239 0.797569 0.683168 0.546421 0.740995 0.802764 0.664143
threshold=25.960000038146976 0.6129603940554128 0.49180973340537609 0.19863190712545584 -0.013024494901513804 19.440000534057621 0.43798953628049236
decision_type=2 10 8 2 2 2 2
left_child=1 2 3 -1 -5 6 -6
right_child=-2 -3 -4 4 5 -7 -8
leaf_value=-9.9193152761563758e-05 0.0021015804942400708 0.00061243572470284508 -0.00043972740423368136 -0.00096349958758473308 0.00041850903749282283 0.0013419788750169944 -0.00016679780142665927
leaf_weight=360 27 27 171 27 25 31 76
leaf_count=360 27 27 171 27 25 31 76
internal_value=-2.68829e-05 -0.000467226 -0.000797103 0.000105972 0.00254717 0.00409091 0.00193069
internal_weight=744 717 690 519 159 132 101
internal_count=744 717 690 519 159 132 101
is_linear=0
shrinkage=0.05


Tree=10
num_leaves=8
num_cat=0
split_feature=8 6 9 4 10 7 5
split_gain=0.983609 0.854671 0.72344 0.887967 0.867396 1.03499 0.620975
threshold=0.29919592832814018 1.4985420144332346 0.1562438186086548 0.033810086493929727 -0.0012214211173433573 -0.01107447185745891 0.026880223517027391
decision_type=10 2 8 2 2 2 2
left_child=1 2 3 -1 5 -5 -7
right_child=-2 -3 -4 4 -6 6 -8
leaf_value=0.00050380545470541565 0.0006082752746851206 0.0020636747966049098 -0.00034673195452644185 -0.00031634798604993471 -0.0005190599270107944 0.001401387865334499 0.00019413101760644487
leaf_weight=29 46 59 293 74 195 27 26
leaf_count=29 46 59 293 74 195 27 26
internal_value=-0.000126837 -0.000590328 -0.00111801 0.000413104 -0.000341616 0.00287401 0.00820755
internal_weight=749 703 644 351 322 127 53
internal_count=749 703 644 351 322 127 53
is_linear=0
shrinkage=0.05


Tree=11
num_leaves=8
num_cat=0
split_feature=16 9 9 4 0 10 9
split_gain=1.18759 0.864986 0.640949 1.16378 0.856916 0.854246 0.930242
threshold=-0.049112700925670542 0.59927745901166796 0.1562438186086548 0.033624047270746256 0.046195745062795342 0.001595000535659419 0.12385722263330125
decision_type=2 10 8 2 2 2 10
left_child=-1 2 3 -2 -4 6 -5
right_child=1 -3 4 5 -6 -7 -8
leaf_value=0.0019347785114770457 0.00062563713741549019 0.00057786163712891944 -0.00038013154366172379 1.9644202774676079e-05 0.00037879990553753377 -0.00057366107955846425 0.0011954244421917917
leaf_weight=26 35 26 303 152 27 153 25
leaf_count=26 35 26 303 152 27 153 25
internal_value=-0.00011379 -0.000492373 -0.000827339 0.000616437 -0.00242424 -0.000303031 0.00206215
internal_weight=747 721 695 365 330 330 177
internal_count=747 721 695 365 330 330 177
is_linear=0
shrinkage=0.05


Tree=12
num_leaves=8
num_cat=0
split_feature=13 0 0 8 12 0 10
split_gain=1.34424 1.67074 1.02258 0.681827 0.570466 0.540449 0.629054
threshold=17.795000076293949 0.033176390719403155 -0.00076332934154338384 0.049999078423631056 0.054230136510325939 -0.03120065729528387 -0.0049441493240062187
decision_type=2 2 2 10 2 2 2
left_child=4 2 3 5 -1 -2 -7
right_child=1 -3 -4 -5 -6 6 -8
leaf_value=-0.00025893132973978729 -0.00048942087150230366 0.00089294878982373166 -0.00045915062884776593 0.0011299864185686196 0.00017118192444872979 0.00085713332048621086 -5.6170177323661132e-05
leaf_weight=426 44 41 85 43 38 26 31
leaf_count=426 44 41 85 43 38 26 31
internal_value=-2.72491e-05 0.00277778 0.00111354 0.00368055 -0.00165948 0.00143564 0.00464912
internal_weight=734 270 229 144 464 101 57
internal_count=734 270 229 144 464 101 57
is_linear=0
shrinkage=0.05


Tree=13
num_leaves=8
num_cat=0
split_feature=13 8 15 0 13 12 2
split_gain=0.936195 0.948163 1.32353 1.5395 0.592597 0.28203 0.281202
threshold=16.579999923706058 0.073280361282591869 -0.0019304155525075581 0.039357998510403454 25.960000038146976 -0.017558025574422261 0.032381575763618782
decision_type=2 10 2 2 2 2 2
left_child=-1 4 -3 -4 5 -2 -7
right_child=1 2 3 -5 -6 6 -8
leaf_value=-0.00022523970734665642 -0.00081800221915194135 0.0015462286389756165 -0.00033545893343644751 0.00070013028313508112 0.0012959756689170966 0.00011958600333940692 -0.00044087066546556731
leaf_weight=364 74 40 57 28 25 107 50
leaf_count=364 74 40 57 28 25 107 50
internal_value=-0.000302015 0.00143045 0.005 0.00147059 -0.000312501 -0.0011039 9.55402e-05
internal_weight=745 381 125 85 256 231 157
internal_count=745 381 125 85 256 231 157
is_linear=0
shrinkage=0.05


Tree=14
num_leaves=8
num_cat=0
split_feature=13 15 1 15 11 6 8
split_gain=0.838238 0.666525 0.861002 0.789645 0.910173 0.670761 0.73842
threshold=25.19999980926514 -0.0034451265867053711 -0.03859816212103228 -0.012500228612759455 0.0074730260687776448 1.2498942795415693 0.073280361282591869
decision_type=2 2 2 2 2 2 10
left_child=1 2 -1 -4 -5 -3 -7
right_child=-2 5 3 4 -6 6 -8
leaf_value=-0.0001769848117591328 0.0015088845863581593 -0.00032432318738039332 -0.00011303150972412774 0.0010465001036076968 1.0507835954470678e-05 -0.00065127191144759755 0.00090974395898565236
leaf_weight=79 32 421 48 44 33 27 35
leaf_count=79 32 421 48 44 33 27 35
internal_value=-0.000410293 -0.000778749 0.00161765 0.0042 0.00733766 -0.00179089 0.00306451
internal_weight=719 687 204 125 77 483 62
internal_count=719 687 204 125 77 483 62
is_linear=0
shrinkage=0.05


Tree=15
num_leaves=8
num_cat=0
split_feature=13 8 7 12 11 3 9
split_gain=1.14146 1.0694 1.04608 0.857143 0.666667 0.534729 0.447243
threshold=17.615000724792484 0.032528728262184121 0.074575797800365731 -0.052281388412141021 -0.0060505847997984188 0.012038854052761951 -0.089428613577355973
decision_type=2 10 2 2 2 2 10
left_child=6 3 4 -2 -3 -4 -1
right_child=1 2 5 -5 -6 -7 -8
leaf_value=-0.00067524193086343184 0.0016409139734443233 0.0012015126004828625 -0.00024078112984256638 -0.00029303217111993445 0.00072563948762348037 0.00068313845162766248 -5.5194570830573701e-06
leaf_weight=140 25 27 27 150 27 25 322
leaf_count=140 25 27 27 150 27 25 322
internal_value=0.000316284 0.00282918 0.00679245 0.00042857 0.0116667 0.00173077 -0.00121212
internal_weight=743 281 106 175 54 52 462
internal_count=743 281 106 175 54 52 462
is_linear=0
shrinkage=0.05


Tree=16
num_leaves=8
num_cat=0
split_feature=13 8 13 10 10 8 2
split_gain=0.741605 0.693556 0.675565 0.667582 0.813704 0.345566 0.949816
threshold=21.555000305175785 0.20100450714241094 17.445000648498539 -0.00032911889046416393 -0.012508695811735191 -0.029002945692269907 -0.064413186651058926
decision_type=2 10 2 2 2 8 2
left_child=1 5 -3 4 -2 -1 -7
right_child=3 2 -4 -5 -6 6 -8
leaf_value=-0.0004037556811527 0.00045483252554054886 -8.5507560100233249e-05 0.0010655082280600814 -8.907383830815196e-05 0.0016280952351855897 0.00023550786236622642 -0.00015009436285925998
leaf_weight=186 25 50 27 39 27 26 377
leaf_count=186 25 50 27 39 27 26 377
internal_value=-0.000442538 -0.00102102 0.00344156 0.00379121 0.0075 -0.00160442 -0.000781639
internal_weight=757 666 77 91 52 589 403
internal_count=757 666 77 91 52 589 403
is_linear=0
shrinkage=0.05


Tree=17
num_leaves=8
num_cat=0
split_feature=16 12 12 12 8 9 15
split_gain=0.791184 0.419841 0.933333 0.586966 0.580857 0.856467 1.27324
threshold=-0.049112700925670542 0.051085091732355654 0.082959712719514869 0.032077176044670981 -0.029002945692269907 0.1562438186086548 -0.0033357576137110208
decision_type=2 2 2 2 10 8 2
left_child=-1 3 -3 4 -2 6 -6
right_child=1 2 -4 -5 5 -7 -8
leaf_value=0.001287637870750034 -0.00026797822189566649 0.00045506636668689977 -0.00049551006136160244 -0.00042073594769424013 0.0010469814251221027 -9.4763330609246374e-05 2.9320071797086851e-05
leaf_weight=26 204 63 27 147 42 160 77
leaf_count=26 204 63 27 147 42 160 77
internal_value=-0.00010724 -0.000416668 0.00277778 -0.000873017 -3.10571e-05 0.00145161 0.00466386
internal_weight=746 720 90 630 483 279 119
internal_count=746 720 90 630 483 279 119
is_linear=0
shrinkage=0.05


Tree=18
num_leaves=8
num_cat=0
split_feature=16 9 3 9 10 13 6
split_gain=1.24245 0.566263 0.562318 0.45179 0.584747 0.949842 0.557109
threshold=-0.046314945631433395 0.59927745901166796 0.036650633312839583 0.065224137647044947 0.0012830359695055196 16.085000038146976 -1.0692245075750384
decision_type=2 10 2 8 2 2 2
left_child=-1 2 3 4 5 -2 -5
right_child=1 -3 -4 6 -6 -7 -8
leaf_value=0.0012540285954252934 0.00037652360018408925 0.00036507767168470899 0.00055516684496694998 0.00018845689904544599 -0.00050356648069207501 0.00016419330825679238 -0.00025557514428014877
leaf_weight=31 28 26 34 33 92 83 426
leaf_count=31 28 26 34 33 92 83 426
internal_value=-0.000285526 -0.000706372 -0.000977013 -0.00129909 0.000665023 0.00310811 -0.00216776
internal_weight=753 722 696 662 203 111 459
internal_count=753 722 696 662 203 111 459
is_linear=0
shrinkage=0.05


Tree=19
num_leaves=8
num_cat=0
split_feature=16 9 13 12 11 8 2
split_gain=1.25352 0.629284 0.3667 1.07605 0.435484 0.435473 1.30681
threshold=-0.049112700925670542 0.6129603940554128 19.440000534057621 -0.0016966632192755291 -0.0043480810751578827 -0.029002945692269907 0.032381575763618782
decision_type=2 10 2 2 2 8 2
left_child=-1 2 5 4 -4 -2 -7
right_child=1 -3 3 -5 -6 6 -8
leaf_value=0.0014603086087809701 -0.00040336050583436784 0.00036299807624092 -0.00069575911170664936 0.00068269577038986896 0.00022420051388829387 0.00019294045402706126 -0.00036408982480704417
leaf_weight=26 147 25 62 43 31 143 262
leaf_count=26 147 25 62 43 31 143 262
internal_value=-0.000399189 -0.000792428 -0.00107558 0.00125 -0.00177419 -0.00164855 -0.00080247
internal_weight=739 713 688 136 93 552 405
internal_count=739 713 688 136 93 552 405
is_linear=0
shrinkage=0.05


Tree=20
num_leaves=8
num_cat=0
split_feature=13 4 9 4 15 9 15
split_gain=1.28369 0.439624 0.497234 0.953075 0.733265 1.52715 0.423171
threshold=26.85000038146973 0.04712578094783202 0.1562438186086548 0.033624047270746256 -0.0044741134852914746 0.038906612769908595 -0.011278951085710419
decision_type=2 2 8 2 2 10 2
left_child=1 2 3 -1 5 -5 -3
right_child=-2 6 -4 4 -6 -7 -8
leaf_value=0.00058085153014042685 0.0017081436761726056 -0.00022511786229482161 -0.00032954616384249361 -0.00051471035776505514 -0.00044524074526449981 0.00093141105742739958 0.00038774982476011698
leaf_weight=35 25 51 248 25 120 26 221
leaf_count=35 25 51 248 25 120 26 221
internal_value=-0.000139815 -0.000523417 -0.00147577 0.000339805 -0.00119883 0.00382353 0.00106618
internal_weight=751 726 454 206 171 51 272
internal_count=751 726 454 206 171 51 272
is_linear=0
shrinkage=0.05


Tree=21
num_leaves=8
num_cat=0
split_feature=16 12 7 12 4 11 15
split_gain=1.31032 0.499687 1.15843 0.408605 0.580293 0.353727 0.968792
threshold=-0.049112700925670542 0.051085091732355654 0.057737665149430024 0.032077176044670981 0.031071436652243992 0.003505922146060048 -0.0040451297749238826
decision_type=2 2 2 2 2 2 2
left_child=-1 3 -3 4 -2 -6 -7
right_child=1 2 -4 -5 5 6 -8
leaf_value=0.0013574721304597727 0.00012423948895138559 0.00074708262731045276 -0.00036626618731726561 -0.00034577892655561065 -0.00012783403501858583 0.00052687910289825823 -0.00015783863278189675
leaf_weight=25 25 38 51 154 255 39 161
leaf_count=25 25 38 51 154 255 39 161
internal_value=-0.000254012 -0.000643155 0.00286517 -0.00113565 -0.000416668 -0.000824177 0.000749999
internal_weight=748 723 89 634 480 455 200
internal_count=748 723 89 634 480 455 200
is_linear=0
shrinkage=0.05


Tree=22
num_leaves=8
num_cat=0
split_feature=9 9 12 4 9 9 2
split_gain=0.866085 0.577739 0.459955 0.831027 0.79382 0.997486 0.441206
threshold=-0.26911414602408085 0.6129603940554128 0.032365057631658763 0.031071436652243992 -0.16058703402345417 -0.027760084616517407 -0.048216574677462758
decision_type=8 10 2 2 10 10 2
left_child=-1 2 3 -2 -5 -6 -7
right_child=1 -3 -4 4 5 6 -8
leaf_value=0.0014143345108665927 0.00056549125360353455 0.00034377399055673144 -0.00031663674379887213 -0.00058380269865161737 0.0011427785600742096 0.00013909049688591059 -0.0001004198194049893
leaf_weight=25 25 25 214 109 48 66 230
leaf_count=25 25 25 214 109 48 66 230
internal_value=-0.000148249 -0.000467226 -0.000736995 0.000125522 -0.00036424 0.000813952 -0.000270271
internal_weight=742 717 692 478 453 344 296
internal_count=742 717 692 478 453 344 296
is_linear=0
shrinkage=0.05


Tree=23
num_leaves=8
num_cat=0
split_feature=16 12 7 12 2 9 1
split_gain=1.25441 0.61461 1.05911 0.413726 0.442555 0.418079 0.786592
threshold=-0.049112700925670542 0.051085091732355654 0.057737665149430024 0.032365057631658763 0.20727045084852316 0.1562438186086548 -0.045851937666066094
decision_type=2 2 2 2 2 8 2
left_child=-1 3 -3 4 5 6 -2
right_child=1 2 -4 -5 -6 -7 -8
leaf_value=0.0011974140242244843 -0.00064131987342406019 0.00084814057040215058 -0.00032930330952976984 -0.00038273738532344911 0.00082831585079370614 -0.00020965624916525189 0.00027818679595569419
leaf_weight=26 64 44 50 149 29 225 164
leaf_count=26 64 44 50 149 29 225 164
internal_value=-0.000406126 -0.000793105 0.00297872 -0.00135499 -0.000643155 -0.00102649 0.000482455
internal_weight=751 725 94 631 482 453 228
internal_count=751 725 94 631 482 453 228
is_linear=0
shrinkage=0.05


Tree=24
num_leaves=8
num_cat=0
split_feature=4 10 0 2 8 15 5
split_gain=0.781708 0.562233 0.583968 0.614455 0.748924 0.914816 0.721039
threshold=0.058597576136801895 0.0018732675411667901 -0.032552152771381009 0.032381575763618782 -0.029002945692269907 -0.004696765896290033 0.025438001789695682
decision_type=2 2 2 2 8 2 2
left_child=1 2 -1 4 6 -6 -4
right_child=-2 -3 3 -5 5 -7 -8
leaf_value=-0.00038002044126958317 0.0006752808620224918 -0.00026530388176252708 -0.00019612285937794933 -8.9455347863990641e-05 0.00097470514406249476 6.3763789523738697e-05 0.00050638817212908765
leaf_weight=58 87 296 56 141 29 51 31
leaf_count=58 87 296 56 141 29 51 31
internal_value=-0.000260348 -0.000845923 0.00046448 0.00133117 0.00338323 0.006875 0.000172413
internal_weight=749 662 366 308 167 80 87
internal_count=749 662 366 308 167 80 87
is_linear=0
shrinkage=0.05


Tree=25
num_leaves=8
num_cat=0
split_feature=16 9 0 13 6 5 6
split_gain=0.909212 0.613343 0.382859 0.292231 1.19529 1.28 0.612243
threshold=-0.049112700925670542 0.6129603940554128 0.059534934047169592 19.440000534057621 0.054855237851464594 0.027841080045047737 -1.0692245075750384
decision_type=2 10 2 2 2 2 2
left_child=-1 2 3 6 -5 -6 -2
right_child=1 -3 -4 4 5 -7 -8
leaf_value=0.0011507519708457432 0.00032630096625102132 0.00032809813519030467 0.00080939729177802492 -0.00036274088494730778 0.00080595359621392403 -0.00026167728554564354 -0.00021785930361070609
leaf_weight=25 37 25 32 87 25 25 501
leaf_count=25 37 25 32 87 25 25 501
internal_value=-0.000376487 -0.000696723 -0.000968884 -0.00122222 0.000839415 0.007 -0.00174721
internal_weight=757 732 707 675 137 50 538
internal_count=757 732 707 675 137 50 538
is_linear=0
shrinkage=0.05


Tree=26
num_leaves=8
num_cat=0
split_feature=16 8 4 2 11 16 9
split_gain=0.731598 0.503061 0.678788 0.681088 0.609054 1.26793 0.522962
threshold=-0.049112700925670542 -0.11417595822987968 0.047511683920446496 -0.077568302852483992 -0.0093898392090148147 0.0051850371929950132 0.1562438186086548
decision_type=2 10 2 2 2 2 8
left_child=-1 -2 3 -3 -4 -6 -5
right_child=1 2 4 6 5 -7 -8
leaf_value=0.00099926899043624017 -0.00052318542311501439 5.9061386377329676e-05 -0.00048234074558959152 1.63777427260846e-05 0.00074803298375542568 4.8123283793771476e-05 -0.00026275528548150664
leaf_weight=27 74 32 35 190 58 109 212
leaf_count=27 74 32 35 190 58 109 212
internal_value=-0.000115334 -0.000422536 3.14453e-05 -0.00108295 0.00242574 0.00368263 -0.00164179
internal_weight=737 710 636 434 202 167 402
internal_count=737 710 636 434 202 167 402
is_linear=0
shrinkage=0.05


Tree=27
num_leaves=8
num_cat=0
split_feature=9 15 0 2 12 12 4
split_gain=0.769989 0.517124 0.756682 0.726788 0.723419 1.09066 0.668198
threshold=-0.26911414602408085 -0.0046018246223484818 -0.032552152771381009 -0.054121459851740931 0.0011335469917099774 0.019260536210570115 0.057932267392739635
decision_type=8 2 2 2 2 2 2
left_child=-1 2 -2 -4 -5 -6 -3
right_child=1 6 3 4 5 -7 -8
leaf_value=0.0011845143320262398 -0.00018118370699386657 -0.00019446704954107885 0.00036809534037595581 -0.0006430697147084063 0.0013726916892959865 -0.00010036115775150429 0.00056727921037724011
leaf_weight=27 69 463 38 31 26 45 50
leaf_count=27 69 463 38 31 26 45 50
internal_value=-0.000327104 -0.00063712 0.00145933 0.00357143 0.00137255 0.00415493 -0.00149123
internal_weight=749 722 209 140 102 71 513
internal_count=749 722 209 140 102 71 513
is_linear=0
shrinkage=0.05


Tree=28
num_leaves=8
num_cat=0
split_feature=12 7 12 6 13 0 10
split_gain=0.556119 1.0275 0.664498 0.70112 1.20975 0.349091 0.329984
threshold=0.050860113583604989 0.051067090813819889 0.038546138655022773 1.1533514071646624 19.115000724792484 0.019956248152371295 0.0022328849049373383
decision_type=2 2 2 2 2 2 2
left_child=2 -2 3 6 -5 -3 -1
right_child=1 5 -4 4 -6 -7 -8
leaf_value=3.3098459817883288e-06 0.00034449768058844761 -0.00038702986555112068 -0.00067196227712360056 -0.0001192860791949428 0.0022105595781939705 0.00015013567435559654 -0.00023432349068992528
leaf_weight=304 43 30 85 47 29 25 201
leaf_count=304 43 30 85 47 29 25 201
internal_value=-0.000353404 0.00316326 -0.000870872 -0.000266783 0.00421053 -0.00136364 -0.000940595
internal_weight=764 98 666 581 76 55 505
internal_count=764 98 666 581 76 55 505
is_linear=0
shrinkage=0.05


Tree=29
num_leaves=8
num_cat=0
split_feature=16 1 16 7 9 15 8
split_gain=0.774532 0.5332 0.838672 0.641529 1.28021 0.546056 1.17023
threshold=-0.049112700925670542 -0.049477953854316852 -0.023313447026161668 -0.035440252216396566 -0.039825831072939792 -0.0046018246223484818 0.12268472471306137
decision_type=2 2 2 2 10 2 10
left_child=-1 -2 -3 4 -4 6 -5
right_child=1 2 3 5 -6 -7 -8
leaf_value=0.00090307758235858178 -0.00026692867186255641 0.00071892275404540195 -0.00059399574482889533 -6.5897093645899611e-05 0.00056756040652803199 -0.00013949112461838386 0.0014388113125470608
leaf_weight=26 121 41 34 68 29 380 33
leaf_count=26 121 41 34 68 29 380 33
internal_value=-1.36624e-05 -0.00032578 0.000299144 -0.000220589 0.00452381 -0.000841997 0.00242574
internal_weight=732 706 585 544 63 481 101
internal_count=732 706 585 544 63 481 101
is_linear=0
shrinkage=0.05


Tree=30
num_leaves=8
num_cat=0
split_feature=16 6 2 2 9 0 9
split_gain=0.96511 0.331245 0.732647 0.4369 1.06599 0.535942 0.529294
threshold=-0.046314945631433395 1.2270345061265531 0.20098955902326623 -0.048216574677462758 -0.039825831072939792 -0.0083969989887084356 -0.13407403250230873
decision_type=2 2 2 2 10 2 8
left_child=-1 3 -3 4 -2 -6 -5
right_child=1 2 -4 6 5 -7 -8
leaf_value=0.00080722391708979075 -0.00021426388615421624 -7.308350442384394e-05 0.00061196331578959031 0.00025984554797025964 -7.7541261906299784e-05 0.00029351785261371062 -0.0002180845929507998
leaf_weight=31 102 64 25 35 28 38 415
leaf_count=31 102 64 25 35 28 38 415
internal_value=-0.000731709 -0.00111033 0.00174157 -0.00152104 0.000654761 0.00560606 -0.00233333
internal_weight=738 707 89 618 168 66 450
internal_count=738 707 89 618 168 66 450
is_linear=0
shrinkage=0.05


Tree=31
num_leaves=8
num_cat=0
split_feature=9 13 0 10 14 4 15
split_gain=0.79545 0.527073 0.36689 0.529861 0.299055 0.609893 0.997767
threshold=0.6129603940554128 25.19999980926514 -0.03737644020956387 -0.011742889521192066 -0.022450840204273455 0.033810086493929727 0.0030182424824202196
decision_type=10 2 2 2 2 2 2
left_child=1 2 -1 -4 5 -5 -7
right_child=-2 -3 3 4 -6 6 -8
leaf_value=-0.00062502283120997816 0.00027460385824187535 0.00087882462418748235 0.00037425352662181187 0.0001233674482181272 -0.00016826681912966476 0.00052657640627392396 -0.00033507319751780801
leaf_weight=55 27 34 27 35 361 47 152
leaf_count=55 27 34 27 35 361 47 152
internal_value=-0.000460706 -0.000780592 -0.00108567 -0.000739551 -0.00105042 0.000341879 -0.000728644
internal_weight=738 711 677 622 595 234 199
internal_count=738 711 677 622 595 234 199
is_linear=0
shrinkage=0.05


Tree=32
num_leaves=8
num_cat=0
split_feature=16 8 8 13 12 7 11
split_gain=0.747654 0.52318 0.606088 0.613093 0.76696 0.977152 0.663034
threshold=-0.049112700925670542 -0.072243331502274286 -0.054358949430630014 16.510000228881839 0.026873376718857592 0.12220620592735677 0.0063364666032048609
decision_type=2 10 10 2 2 2 2
left_child=-1 -2 -3 -4 -5 6 -6
right_child=1 2 3 4 5 -7 -8
leaf_value=0.00077837615212138721 -0.00033724449541926377 0.00060609774179099668 -0.00015998530371842242 -4.4357036920790117e-05 0.00033128377794736167 -0.00022941826723942463 5.0621439922688917e-05
leaf_weight=27 127 41 322 147 25 25 37
leaf_count=27 127 41 322 147 25 25 37
internal_value=-0.000206393 -0.000511051 0.000108877 -0.000323742 0.00162393 0.00534483 0.00870968
internal_weight=751 724 597 556 234 87 62
internal_count=751 724 597 556 234 87 62
is_linear=0
shrinkage=0.05


Tree=33
num_leaves=8
num_cat=0
split_feature=16 12 14 9 12 8 6
split_gain=0.831043 0.64834 0.740741 0.678646 0.566521 0.431858 0.512579
threshold=-0.049112700925670542 0.050860113583604989 -0.0029443342389950384 0.097379425922624621 0.032365057631658763 -0.11417595822987968 -1.040310776053113
decision_type=2 2 2 8 2 8 2
left_child=-1 4 3 -3 5 -2 -7
right_child=1 2 -4 -5 -6 6 -8
leaf_value=0.00076504995029032675 -0.00054207593688618012 -0.00017770346669358539 -0.00019247110530219209 0.0010952083445159664 -0.00023848898178472993 0.00058006328093719985 -1.4814958218798561e-05
leaf_weight=26 46 25 36 29 144 31 411
leaf_count=26 46 25 36 29 144 31 411
internal_value=-0.000320857 -0.00063712 0.00333333 0.00703704 -0.00120253 -0.000389345 9.04965e-05
internal_weight=748 722 90 54 632 488 442
internal_count=748 722 90 54 632 488 442
is_linear=0
shrinkage=0.05


Tree=34
num_leaves=8
num_cat=0
split_feature=6 5 9 10 14 10 13
split_gain=0.787111 0.844072 0.809082 0.844447 0.555006 0.947964 0.770762
threshold=-0.22086964143059873 0.034703651182018694 -0.034629492195855142 -0.0012214211173433573 -0.023978062109039463 0.0038486575209699674 17.204999923706058
decision_type=2 2 8 2 2 2 2
left_child=-1 2 3 -2 5 -4 -7
right_child=1 -3 4 -5 -6 6 -8
leaf_value=-0.00016884748167016826 0.0014897214007098117 0.0016069613268494189 0.00081509889936332155 -0.0001635912159895942 -0.00017754013267185455 -0.00029481418537406903 0.00042668033362062638
leaf_weight=376 25 27 25 28 186 50 32
leaf_count=376 25 27 25 28 186 50 32
internal_value=-0.000327104 0.00130027 0.000635837 0.00632075 -0.000392493 0.00247663 -0.000121952
internal_weight=749 373 346 53 293 107 82
internal_count=749 373 346 53 293 107 82
is_linear=0
shrinkage=0.05


Tree=35
num_leaves=8
num_cat=0
split_feature=9 4 9 4 3 3 0
split_gain=0.600194 0.398813 1.59804 0.327282 0.475906 1.0112 0.666667
threshold=-0.26911414602408085 0.03303781362268892 0.14325317724145173 0.04712578094783202 -0.0077162625950592525 0.017320977783760298 0.020473606526929426
decision_type=8 2 8 2 2 2 2
left_child=-1 2 -2 -3 -5 6 -6
right_child=1 3 -4 4 5 -7 -8
leaf_value=0.00088717643215565202 0.00066123873574638219 -0.00017813391119218282 -0.00018952834550842347 -0.00018612363539398412 0.00063506052092926046 -0.00043118562118326628 -0.00022851776279141152
leaf_weight=25 25 357 74 83 88 68 33
leaf_count=25 25 357 74 83 88 68 33
internal_value=-0.000617531 -0.000879122 0.00207071 -0.0013434 -3.67659e-05 0.00134921 0.00409091
internal_weight=753 728 99 629 272 189 121
internal_count=753 728 99 629 272 189 121
is_linear=0
shrinkage=0.05


Tree=36
num_leaves=8
num_cat=0
split_feature=12 12 1 12 5 8 3
split_gain=0.676545 1.12903 1.04495 0.630821 0.502361 0.613036 0.518561
threshold=0.050860113583604989 0.082959712719514869 0.033865932897079516 0.033234533088993386 0.031193362766054607 -0.026671701793526788 0.00093699944363834231
decision_type=2 2 2 2 2 10 2
left_child=3 2 -2 4 5 -1 -6
right_child=1 -3 -4 -5 6 -7 -8
leaf_value=-0.0004009484336570838 0.00078691730740836443 -0.00041280676406650136 3.0215730201167995e-05 -0.00030335318845600511 -6.1954356810111226e-05 1.0558123056896227e-05 0.0015868482488737359
leaf_weight=170 33 28 29 139 40 263 48
leaf_count=170 33 28 29 139 40 263 48
internal_value=-0.000733335 0.00333333 0.00709677 -0.00128788 -0.000489445 -0.00118938 0.00295454
internal_weight=750 90 62 660 521 433 88
internal_count=750 90 62 660 521 433 88
is_linear=0
shrinkage=0.05


Tree=37
num_leaves=8
num_cat=0
split_feature=13 1 4 15 9 7 9
split_gain=0.625376 0.626985 0.32163 0.349599 0.408403 0.429915 0.373322
threshold=21.555000305175785 -0.02217191870855539 0.031071436652243992 0.017220427924007579 0.24994822999382418 0.046305896209375648 0.15450423504589808
decision_type=2 2 2 2 10 2 8
left_child=2 -2 -1 4 6 -6 -4
right_child=1 -3 3 -5 5 -7 -8
leaf_value=6.6652195776194001e-05 0.00075258591307531735 -6.1516684332415115e-05 -1.2075301626358168e-05 -0.00031805910747206129 0.00033741245879527709 -0.00010945408521216201 -0.00030298622942978744
leaf_weight=44 50 41 290 63 29 55 186
leaf_count=44 50 41 290 63 29 55 186
internal_value=-0.000646439 0.00324176 -0.00117691 -0.0014687 -0.00107143 0.00214286 -0.00163866
internal_weight=758 91 667 623 560 84 476
internal_count=758 91 667 623 560 84 476
is_linear=0
shrinkage=0.05


Tree=38
num_leaves=8
num_cat=0
split_feature=12 6 12 9 0 9 7
split_gain=0.623861 0.797163 0.799843 0.380731 0.74356 0.37047 0.622649
threshold=0.0065049647434682898 1.4516637080646151 -0.0021779989337359913 -0.38426952304244527 0.0015174246923781445 0.31300741594261966 0.11383568396299061
decision_type=2 2 2 10 2 10 2
left_child=1 2 3 4 -1 -2 -7
right_child=5 -3 -4 -5 -6 6 -8
leaf_value=5.2911020329486442e-05 -0.00012390071597093895 0.0033997942712276062 7.0027149925619282e-05 -0.00011368494923147447 -0.00060004715590904439 0.0015066793543469922 -0.00018964845265163677
leaf_weight=25 432 27 48 128 26 27 35
leaf_count=25 432 27 48 128 26 27 35
internal_value=-0.000320857 0.00169291 0.000726871 -0.000810057 0.00284314 -0.00135628 0.00225806
internal_weight=748 254 227 179 51 494 62
internal_count=748 254 227 179 51 494 62
is_linear=0
shrinkage=0.05


Tree=39
num_leaves=8
num_cat=0
split_feature=2 8 10 6 13 12 11
split_gain=0.382494 0.84882 0.467864 0.424352 0.974471 0.53091 0.418544
threshold=-0.077568302852483992 -0.11417595822987968 0.0022328849049373383 0.1051038616104172 19.440000534057621 0.048426853318079395 0.0040071134155756924
decision_type=2 8 2 2 2 2 2
left_child=1 -1 -3 6 5 -5 -2
right_child=3 2 -4 4 -6 -7 -8
leaf_value=-9.9549787210546835e-05 -0.0002537975011390234 0.00011750832552258263 -7.8573108628411436e-05 -0.00022187189642378059 0.00030903371471956484 0.00017871364023082313 -9.2398766298580504e-06
leaf_weight=58 178 38 26 138 45 38 216
leaf_count=58 178 38 26 138 45 38 216
internal_value=-0.000590232 0.00196721 0.0059375 -0.00109756 0.000656107 -0.00102273 -0.00208122
internal_weight=737 122 64 615 221 176 394
internal_count=737 122 64 615 221 176 394
is_linear=0
shrinkage=0.05


Tree=40
num_leaves=8
num_cat=0
split_feature=4 1 1 13 9 1 1
split_gain=0.497686 0.365969 0.524485 0.692754 0.859524 0.645747 0.589547
threshold=0.031071436652243992 0.09092788858136415 0.029519391472699667 15.97499990463257 -0.15339222080150985 0.053195749598101812 0.049997567700836083
decision_type=2 2 2 2 10 2 2
left_child=-1 2 -2 6 -5 -6 -4
right_child=1 -3 3 4 5 -7 -8
leaf_value=7.6143506799918837e-05 -4.8496085043203089e-05 -0.00033983146533775245 0.00026231875415822843 -0.00040211202346776271 7.9678908029017156e-06 0.001299170624836442 -0.0001493573287774435
leaf_weight=41 453 90 35 30 25 29 47
leaf_count=41 453 90 35 30 25 29 47
internal_value=-0.000600001 -0.000909733 -0.000476576 0.00192771 0.00511905 0.00888889 -0.00134146
internal_weight=750 709 619 166 84 54 82
internal_count=750 709 619 166 84 54 82
is_linear=0
shrinkage=0.05


Tree=41
num_leaves=8
num_cat=0
split_feature=4 5 8 0 14 16 11
split_gain=0.409179 0.359211 0.876554 0.332395 0.483873 0.625 0.940909
threshold=0.030137393823881125 0.033450903045295362 -0.11417595822987968 -0.03737644020956387 0.039162482689633411 0.013416745867931847 -0.0084964938619227475
decision_type=2 2 10 2 2 2 2
left_child=-1 3 -3 -2 -5 6 -6
right_child=1 2 -4 4 5 -7 -8
leaf_value=6.2962402912269017e-05 -0.00048871712566487093 -0.00050036161141238627 0.0010519724679997004 -6.2406279663849165e-05 0.0004117963244300858 0.00019019289886175613 -0.00051035232564208485
leaf_weight=29 50 39 33 481 44 30 46
leaf_count=29 50 39 33 481 44 30 46
internal_value=-0.000478725 -0.000712311 0.00263889 -0.00108295 -0.000757073 0.00208333 -1.19209e-09
internal_weight=752 723 72 651 601 120 90
internal_count=752 723 72 651 601 120 90
is_linear=0
shrinkage=0.05


Tree=42
num_leaves=8
num_cat=0
split_feature=13 4 8 7 2 14 10
split_gain=0.380481 0.412694 0.323531 0.662235 0.91629 0.447708 0.69536
threshold=25.19999980926514 0.030137393823881125 -0.085031908848061374 -0.036233361590777051 -0.046425533121637434 -0.024483541073895273 0.006255058441205553
decision_type=2 2 8 2 2 2 2
left_child=1 -1 -3 4 -4 6 -5
right_child=-2 2 3 5 -6 -7 -8
leaf_value=5.8642540999786655e-05 0.00054765965482818032 -0.00042677954425624404 0.00022970918348837099 0.00021772788138665796 -0.00023962506094738585 -0.00013333008375679322 -0.00013825975733245562
leaf_weight=30 37 68 51 91 39 343 94
leaf_count=30 37 68 51 91 39 343 94
internal_value=-0.000484729 -0.000740225 -0.000991255 -0.000631069 0.00333333 -0.00130682 0.000675674
internal_weight=753 716 686 618 90 528 185
internal_count=753 716 686 618 90 528 185
is_linear=0
shrinkage=0.05


Tree=43
num_leaves=8
num_cat=0
split_feature=12 12 12 1 9 12 10
split_gain=0.526112 0.879657 0.431981 0.696571 1.0155 1.16221 0.776718
threshold=0.056550546731705904 0.064838978376420955 0.032365057631658763 -0.047995518265437902 0.15450423504589808 0.023201691607264822 0.0010681409799049304
decision_type=2 2 2 2 8 2 2
left_child=2 -2 3 -1 5 6 -5
right_child=1 -3 -4 4 -6 -7 -8
leaf_value=-9.3372131046920385e-05 0.00067898848263677348 -0.00017582333885476139 -0.00014163152345302943 0.00048853514200109351 -0.00013016733078321575 0.00077059394000755538 -0.00045925658529509208
leaf_weight=117 25 46 171 63 210 41 73
leaf_count=117 25 46 171 63 210 41 73
internal_value=-0.000643433 0.0034507 -0.00107408 -0.000337303 0.000684753 0.00347458 0.00125
internal_weight=746 71 675 504 387 177 136
internal_count=746 71 675 504 387 177 136
is_linear=0
shrinkage=0.05


Tree=44
num_leaves=8
num_cat=0
split_feature=4 11 2 1 4 14 2
split_gain=0.429733 1.02302 0.719192 0.5 0.419827 0.466311 0.799721
threshold=0.03538373499035332 -0.00075478711004894883 0.024467166260279453 0.027365736096581553 0.052012806236579133 -0.013693091090924312 -0.079700463568287125
decision_type=2 2 2 2 2 2 2
left_child=1 -1 3 -3 -2 6 -6
right_child=4 2 -4 -5 5 -7 -8
leaf_value=0.00021392294008729519 -9.5690325559398505e-05 -0.00017791241660697351 -0.00018493082681573261 0.00044892567615299164 -0.00060077816605692618 -7.030989493771502e-05 0.00047257655721738144
leaf_weight=41 385 25 77 25 31 95 61
leaf_count=41 385 25 77 25 31 95 61
internal_value=-0.000675677 0.00154762 -0.000669293 0.004 -0.00132867 0.000614972 0.00315217
internal_weight=740 168 127 50 572 187 92
internal_count=740 168 127 50 572 187 92
is_linear=0
shrinkage=0.05


Tree=45
num_leaves=8
num_cat=0
split_feature=16 4 5 0 15 15 9
split_gain=0.521437 0.537851 0.41908 0.305119 0.430747 0.937053 0.780478
threshold=-0.049112700925670542 0.031071436652243992 0.01973012860711882 -0.03737644020956387 -0.0040451297749238826 -0.010135727366817114 0.043484058905102992
decision_type=2 2 2 2 2 2 10
left_child=-1 -2 -3 -4 5 -5 -7
right_child=1 2 3 4 -6 6 -8
leaf_value=0.00045014076873665639 5.996909568487547e-05 -0.00032278078581721501 -0.0002845867730589043 -4.3923085782998678e-05 -5.9105171888652858e-05 0.00012706265309219797 0.0008197201273597495
leaf_weight=27 42 69 42 71 427 39 29
leaf_count=27 42 69 42 71 427 39 29
internal_value=-0.000710457 -0.000966621 -0.00130724 -0.000888159 -0.00058304 0.00183453 0.00602941
internal_weight=746 719 677 608 566 139 68
internal_count=746 719 677 608 566 139 68
is_linear=0
shrinkage=0.05


Tree=46
num_leaves=8
num_cat=0
split_feature=6 0 14 12 16 2 6
split_gain=0.683529 0.505551 0.824081 0.63432 0.458928 0.364593 0.838488
threshold=0.16331604994547952 -0.03737644020956387 0.080638292039736062 0.048426853318079395 -0.011035501250873768 0.02931983512231429 -0.71989814039975286
decision_type=2 2 2 2 2 2 2
left_child=5 -2 3 4 -3 6 -1
right_child=1 2 -4 -5 -6 -7 -8
leaf_value=0.00011342831399507015 -0.00070850557668568467 0.00018121317792453508 0.00095206976836737607 0.00018038518723901694 -0.00020554376199213506 -0.00022278383413971444 -0.00010727713694896466
leaf_weight=97 39 36 25 37 109 224 181
leaf_count=97 39 36 25 37 109 224 181
internal_value=-0.000655081 0.00150406 0.00248792 0.00131868 -0.000172415 -0.00171315 -0.000503598
internal_weight=748 246 207 182 145 502 278
internal_count=748 246 207 182 145 502 278
is_linear=0
shrinkage=0.05


Tree=47
num_leaves=8
num_cat=0
split_feature=12 14 5 3 3 1 0
split_gain=0.476349 0.933123 0.341255 0.49 1.28 0.32519 0.641021
threshold=0.050860113583604989 -0.022450840204273455 0.031193362766054607 0.00093699944363834231 0.017868907029732987 0.026613793750837948 -0.0087900386172345951
decision_type=2 2 2 2 2 2 2
left_child=2 -2 5 -4 -5 -1 -7
right_child=1 -3 3 4 -6 6 -8
leaf_value=-0.0001110794150112035 0.00052612120749631825 -2.1661768374646741e-05 -8.4924185411303608e-05 0.0015314368009730019 -0.00016713632540232376 0.00039765673372762459 -0.00012491887708304694
leaf_weight=339 36 47 50 25 25 44 173
leaf_count=339 36 47 50 25 25 44 173
internal_value=-0.000737484 0.00283132 -0.00118903 0.0015 0.005 -0.00167266 -0.000161292
internal_weight=739 83 656 100 50 556 217
internal_count=739 83 656 100 50 556 217
is_linear=0
shrinkage=0.05


Tree=48
num_leaves=8
num_cat=0
split_feature=4 4 9 8 5 4 12
split_gain=0.582178 0.497368 0.404812 0.542618 0.707172 0.535589 0.413162
threshold=0.030137393823881125 0.04712578094783202 -0.38426952304244527 -0.11417595822987968 0.033229982319678296 0.052779695982810453 0.022797262083818274
decision_type=2 2 10 10 2 2 2
left_child=-1 -2 -3 -4 5 6 -5
right_child=1 2 3 4 -6 -7 -8
leaf_value=4.1255650023037353e-05 -0.00010383549863449105 0.00060564995183819831 -0.00040274696114436489 -7.2052790660921792e-05 0.0012670838028093524 -0.00016942159754799538 0.00026222601711783499
leaf_weight=26 424 39 48 43 37 74 49
leaf_count=26 424 39 48 43 37 74 49
internal_value=-0.000810812 -0.00107843 0.00051724 -0.000219125 0.000911329 -0.000481929 0.00206522
internal_weight=740 714 290 251 203 166 92
internal_count=740 714 290 251 203 166 92
is_linear=0
shrinkage=0.05


Tree=49
num_leaves=8
num_cat=0
split_feature=11 0 11 6 9 2 9
split_gain=0.566603 0.836698 0.804749 0.558794 0.50608 0.74356 0.332497
threshold=-0.00075478711004894883 0.031737593989380593 -0.004581313824033372 -1.0533318085868393 -0.38426952304244527 -0.058419946857014619 -0.089428613577355973
decision_type=2 2 2 2 10 2 10
left_child=1 2 4 -2 5 -1 -5
right_child=3 -3 -4 6 -6 -7 -8
leaf_value=0.00054131143073201456 0.00014596861429412569 0.00024149476833755583 0.00014374897186217986 -0.00045863691789412974 -0.0001988508868490627 -0.00050606174990285805 -2.1681086220893202e-05
leaf_weight=25 38 38 45 151 128 26 282
leaf_count=25 38 38 45 151 128 26 282
internal_value=-0.000566168 0.00129771 0.000133927 -0.00160297 -0.00136872 0.00284314 -0.00211317
internal_weight=733 262 224 471 179 51 433
internal_count=733 262 224 471 179 51 433
is_linear=0
shrinkage=0.05


Tree=50
num_leaves=8
num_cat=0
split_feature=6 6 1 10 9 8 0
split_gain=0.518413 0.460418 0.350155 0.858773 0.673864 1.30707 0.701643
threshold=1.6063039859667592 2.1688584646619922 0.022123870907155622 -0.004697388100089738 -0.15339222080150985 0.031134132799384599 0.033176390719403155
decision_type=2 2 2 2 10 10 2
left_child=2 -2 -1 -4 -5 -6 -7
right_child=1 -3 3 4 5 6 -8
leaf_value=-3.5758587460278528e-05 0.00079557184155983984 0.00028194874019959944 0.0007391191618365666 -0.00068400431196835891 0.00031151438749020088 -0.00020316792711870136 6.141323241756782e-05
leaf_weight=396 25 38 30 65 45 104 37
leaf_count=396 25 38 30 65 45 104 37
internal_value=-0.000608109 0.00373016 -0.00101182 0.000338077 -0.000617531 0.000913977 -0.0014539
internal_weight=740 63 677 281 251 186 141
internal_count=740 63 677 281 251 186 141
is_linear=0
shrinkage=0.05


Tree=51
num_leaves=8
num_cat=0
split_feature=13 9 11 6 2 6 7
split_gain=0.414684 0.683949 0.843956 0.446365 0.352314 0.423281 0.329149
threshold=18.974999427795414 -0.28062311941910062 -0.0019312644635973706 -1.0692245075750384 0.0055280789748434209 -0.15058225381019325 0.029166521747389321
decision_type=2 10 2 2 2 2 2
left_child=3 2 -2 -1 -3 -6 -5
right_child=1 4 -4 6 5 -7 -8
leaf_value=3.6445544903772285e-05 0.001058703571976662 -0.00045125666019658255 -2.9345826905580262e-05 -9.9898677668013377e-05 -0.00053672270398213366 0.00019644028994680808 -8.482284465140438e-06
leaf_weight=42 26 66 30 294 29 48 227
leaf_count=42 26 66 30 294 29 48 227
internal_value=-0.00093176 0.00103015 0.00571428 -0.00162522 -0.000804197 0.00149351 -0.00202495
internal_weight=762 199 56 563 143 77 521
internal_count=762 199 56 563 143 77 521
is_linear=0
shrinkage=0.05


Tree=52
num_leaves=8
num_cat=0
split_feature=9 4 6 6 2 9 9
split_gain=0.509873 1.19872 0.507494 0.484832 1.23931 0.893922 0.637441
threshold=0.1562438186086548 0.03303781362268892 -0.27819741459814545 -0.42682885565141188 0.030752540870128579 0.034989361769101286 -0.036661883233279506
decision_type=8 2 2 2 2 10 10
left_child=1 -1 -2 4 5 -3 -5
right_child=2 3 -4 6 -6 -7 -8
leaf_value=0.00041550083419248035 -0.00016737360902518923 1.6840539877034403e-06 -8.1010026041851518e-06 0.00033635595002902679 -0.00056639126624199022 0.00037826118704730708 -0.00021301037896911804
leaf_weight=30 156 59 203 73 46 42 139
leaf_count=30 156 59 203 73 46 42 139
internal_value=-0.000855616 0.000398456 -0.00221449 -0.000403901 0.00180272 0.00490099 -0.00193396
internal_weight=748 389 359 359 147 101 212
internal_count=748 389 359 359 147 101 212
is_linear=0
shrinkage=0.05


Tree=53
num_leaves=8
num_cat=0
split_feature=4 12 10 10 12 2 6
split_gain=0.389653 0.346544 0.5 0.411088 0.588106 0.855278 0.352834
threshold=0.04712578094783202 0.050860113583604989 0.0035414662136331603 -0.00053947236916002106 0.01743897700487718 -0.0046573563900108019 0.50850491773418749
decision_type=2 2 2 2 2 2 2
left_child=1 3 -3 4 5 -1 -5
right_child=-2 2 -4 6 -6 -7 -8
leaf_value=-1.4044058721747628e-05 5.1611969221382064e-06 -0.00047661371170934421 0.00010528643802181495 -0.00017842539267549408 -9.0482256882289209e-05 0.0007144210412886379 -9.712819414324533e-06
leaf_weight=52 305 25 25 186 73 27 50
leaf_count=52 305 25 25 186 73 27 50
internal_value=-0.000962316 -0.00191781 0.002 -0.00242268 -0.000394738 0.00259494 -0.00372881
internal_weight=743 438 50 388 152 79 236
internal_count=743 438 50 388 152 79 236
is_linear=0
shrinkage=0.05


Tree=54
num_leaves=8
num_cat=0
split_feature=3 1 6 4 7 7 1
split_gain=0.353147 0.658088 0.316946 0.556758 0.532554 0.599491 1.42984
threshold=-0.021447093517092394 -0.025531908014445544 0.16331604994547952 0.052857986119527973 -0.031036269743360597 0.029166521747389321 0.039790046706855382
decision_type=2 2 2 2 2 2 2
left_child=1 -1 -2 4 -4 -6 -7
right_child=2 -3 3 -5 5 6 -8
leaf_value=-0.00040602747762411592 -3.4881002691885289e-05 0.00033962632856492623 0.0001186418301512966 -0.00027610389567007964 -0.00026302665710102406 0.001445995886488625 -1.4918654379599139e-05
leaf_weight=25 472 31 26 52 35 25 81
leaf_count=25 472 31 26 52 35 25 81
internal_value=-0.000783134 0.00303571 -0.00109262 0.000479451 0.00188623 0.000673758 0.00254717
internal_weight=747 56 691 219 167 141 106
internal_count=747 56 691 219 167 141 106
is_linear=0
shrinkage=0.05


Tree=55
num_leaves=8
num_cat=0
split_feature=4 0 3 3 8 9 4
split_gain=0.351065 0.462948 0.379722 0.749048 0.682163 1.05652 0.724286
threshold=0.04712578094783202 0.048338408646660176 0.017320977783760298 -0.0077162625950592525 -0.06682457660196954 0.090169051963456495 0.053643599671085694
decision_type=2 2 2 2 8 8 2
left_child=1 -1 3 -2 -5 -6 -7
right_child=2 -3 -4 4 5 6 -8
leaf_value=-6.786750982763972e-05 -2.5464029917285733e-05 0.00051764341360316889 -0.00018240357527615444 -6.6751880580737314e-05 0.00091385592017470877 0.00043296761232793578 -0.00019917569522859605
leaf_weight=433 94 25 78 41 32 25 35
leaf_count=433 94 25 78 41 32 25 35
internal_value=-0.000740499 -0.00161572 0.000573769 0.00160793 0.00402256 0.00641304 0.0025
internal_weight=763 458 305 227 133 92 60
internal_count=763 458 305 227 133 92 60
is_linear=0
shrinkage=0.05


Tree=56
num_leaves=8
num_cat=0
split_feature=13 8 9 14 5 0 1
split_gain=0.482278 0.730519 0.996616 0.317786 0.270155 0.214562 0.492577
threshold=19.814999580383304 -0.11417595822987968 -0.027760084616517407 -0.010794703163862494 0.033229982319678296 0.013405796150299467 -0.0048511507864399941
decision_type=2 10 10 2 2 2 2
left_child=4 -2 -3 -4 5 -1 -7
right_child=1 2 3 -5 -6 6 -8
leaf_value=-7.88436185780554e-05 -0.00010120708972046148 0.00071609328257787571 2.2712172713116424e-05 -0.00039520833471941492 0.0007884005638604416 0.00036397440779481417 -9.3068471437131138e-05
leaf_weight=366 56 26 25 37 34 38 157
leaf_count=366 56 26 25 37 34 38 157
internal_value=-0.00134642 0.00125 0.00409091 0.00064516 -0.00197479 -0.00223708 -0.000897437
internal_weight=739 144 88 62 595 561 195
internal_count=739 144 88 62 595 561 195
is_linear=0
shrinkage=0.05


Tree=57
num_leaves=8
num_cat=0
split_feature=16 6 10 0 1 1 6
split_gain=0.425329 0.301816 0.317824 0.524742 0.50215 0.915004 0.650337
threshold=-0.046314945631433395 -1.0692245075750384 0.00057746953586101945 -0.032552152771381009 0.085521945171959671 0.029519391472699667 0.32938556593749885
decision_type=2 2 2 2 2 2 2
left_child=-1 -2 3 -3 5 6 -5
right_child=1 2 -4 4 -6 -7 -8
leaf_value=0.00042069524908340636 2.8935534138457074e-05 -0.0001812763021874314 -6.9420265792122235e-05 -9.5846012068099473e-06 -0.00021075072323917398 0.00069687984117398525 0.000589214497015977
leaf_weight=31 46 68 354 125 33 47 31
leaf_count=31 46 68 354 125 33 47 31
internal_value=-0.00105442 -0.00130682 -0.00158055 -0.000394738 0.000720338 0.00165025 -0.000192309
internal_weight=735 704 658 304 236 203 156
internal_count=735 704 658 304 236 203 156
is_linear=0
shrinkage=0.05


Tree=58
num_leaves=8
num_cat=0
split_feature=5 14 4 5 7 1 10
split_gain=0.60698 0.652181 0.44762 0.497916 0.543706 0.958894 0.428316
threshold=0.031193362766054607 -0.071225645536492452 0.03538373499035332 0.019294323415156345 0.019704025764169523 0.049459037180062178 0.0022328849049373383
decision_type=2 2 2 2 2 2 2
left_child=2 -2 3 -1 -5 -6 -3
right_child=1 6 -4 4 5 -7 -8
leaf_value=-5.944291069641668e-05 0.00088868399059679267 0.00027489310927274435 -7.8828239360021778e-05 -3.5672069986369354e-05 0.00030204607507724188 -2.7370223055844574e-05 -0.000362991218012177
leaf_weight=74 25 66 441 45 25 31 43
leaf_count=74 25 66 441 45 25 31 43
internal_value=-0.00133333 0.00171642 -0.00199675 0.000142856 0.00242574 0.00571428 4.58704e-05
internal_weight=750 134 616 175 101 56 109
internal_count=750 134 616 175 101 56 109
is_linear=0
shrinkage=0.05


Tree=59
num_leaves=8
num_cat=0
split_feature=12 12 13 9 14 10 12
split_gain=0.330968 0.342873 0.359808 0.694113 0.330862 0.623899 0.439092
threshold=-0.05023266322533259 -0.017558025574422261 19.814999580383304 -0.036661883233279506 -0.023978062109039463 0.0022328849049373383 0.050860113583604989
decision_type=2 2 2 10 2 2 2
left_child=-1 -2 4 -4 5 -3 -7
right_child=1 2 3 -5 -6 6 -8
leaf_value=0.00034900074791426234 -9.3549698183937688e-05 0.00055273557789046091 0.00060466243950742314 -0.00014365691320001827 -7.8279494843110445e-05 -0.00032254065187624646 8.5240306587357055e-05
leaf_weight=37 98 37 32 39 373 115 27
leaf_count=37 98 37 32 39 373 115 27
internal_value=-0.00150396 -0.00174064 -0.00130819 0.00204225 -0.00173913 2.79318e-05 -0.00147887
internal_weight=758 721 623 71 552 179 142
internal_count=758 721 623 71 552 179 142
is_linear=0
shrinkage=0.05


Tree=60
num_leaves=8
num_cat=0
split_feature=6 6 6 8 0 10 1
split_gain=0.319478 0.597429 0.338802 0.393618 0.514234 0.39591 0.596982
threshold=-1.040310776053113 -1.1811597743902282 1.6063039859667592 0.20773200410238615 0.0094520773117035013 -0.00090813194402433728 0.043077126990060062
decision_type=2 2 2 10 2 2 2
left_child=1 -1 3 5 -5 6 -2
right_child=2 -3 -4 4 -6 -7 -8
leaf_value=-0.00053186455678163442 -3.5847811037091799e-05 9.2046505876816558e-05 0.0005910679832428705 -9.8513010817168528e-05 0.00030849869830536062 -8.1552726142896729e-05 0.00051151313516910205
leaf_weight=29 193 35 67 27 31 337 34
leaf_count=29 193 35 67 27 31 337 34
internal_value=-0.00134794 0.00203125 -0.00166183 -0.00202572 0.00189655 -0.00242908 -0.000814979
internal_weight=753 64 689 622 58 564 227
internal_count=753 64 689 622 58 564 227
is_linear=0
shrinkage=0.05


end of trees

feature_importances:
dist_ma200=51
spy_ret_20d=44
dvol_z_20=33
vix_level=33
dist_ma50=31
atr_pct=28
ret_5d=25
spy_ret_1d=24
ret_1d=23
ret_20d=20
sector_ret_5d=20
parkinson_20=18
vix_chg_1d=17
sector_ret_1d=17
overnight_gap=16
dist_ma20=15
spy_ret_5d=12

parameters:
[boosting: gbdt]
[objective: quantile]
[metric: quantile]
[tree_learner: serial]
[device_type: cpu]
[data_sample_strategy: bagging]
[data: ]
[valid: ]
[num_iterations: 80]
[learning_rate: 0.05]
[num_leaves: 8]
[num_threads: 1]
[seed: 0]
[deterministic: 0]
[force_col_wise: 1]
[force_row_wise: 0]
[histogram_pool_size: -1]
[max_depth: -1]
[min_data_in_leaf: 25]
[min_sum_hessian_in_leaf: 0.001]
[bagging_fraction: 0.9]
[pos_bagging_fraction: 1]
[neg_bagging_fraction: 1]
[bagging_freq: 1]
[bagging_seed: 3]
[bagging_by_query: 0]
[feature_fraction: 0.9]
[feature_fraction_bynode: 1]
[feature_fraction_seed: 2]
[extra_trees: 0]
[extra_seed: 6]
[early_stopping_round: 0]
[early_stopping_min_delta: 0]
[first_metric_only: 0]
[max_delta_step: 0]
[lambda_l1: 0]
[lambda_l2: 0]
[linear_lambda: 0]
[min_gain_to_split: 0]
[drop_rate: 0.1]
[max_drop: 50]
[skip_drop: 0.5]
[xgboost_dart_mode: 0]
[uniform_drop: 0]
[drop_seed: 4]
[top_rate: 0.2]
[other_rate: 0.1]
[min_data_per_group: 100]
[max_cat_threshold: 32]
[cat_l2: 10]
[cat_smooth: 10]
[max_cat_to_onehot: 4]
[top_k: 20]
[monotone_constraints: ]
[monotone_constraints_method: basic]
[monotone_penalty: 0]
[feature_contri: ]
[forcedsplits_filename: ]
[refit_decay_rate: 0.9]
[cegb_tradeoff: 1]
[cegb_penalty_split: 0]
[cegb_penalty_feature_lazy: ]
[cegb_penalty_feature_coupled: ]
[path_smooth: 0]
[interaction_constraints: ]
[verbosity: -1]
[saved_feature_importance_type: 0]
[use_quantized_grad: 0]
[num_grad_quant_bins: 4]
[quant_train_renew_leaf: 0]
[stochastic_rounding: 1]
[linear_tree: 0]
[max_bin: 255]
[max_bin_by_feature: ]
[min_data_in_bin: 3]
[bin_construct_sample_cnt: 200000]
[data_random_seed: 1]
[is_enable_sparse: 1]
[enable_bundle: 1]
[use_missing: 1]
[zero_as_missing: 0]
[feature_pre_filter: 1]
[pre_partition: 0]
[two_round: 0]
[header: 0]
[label_column: ]
[weight_column: ]
[group_column: ]
[ignore_column: ]
[categorical_feature: ]
[forcedbins_filename: ]
[precise_float_parser: 0]
[parser_config_file: ]
[objective_seed: 5]
[num_class: 1]
[is_unbalance: 0]
[scale_pos_weight: 1]
[sigmoid: 1]
[boost_from_average: 1]
[reg_sqrt: 0]
[alpha: 0.9]
[fair_c: 1]
[poisson_max_delta_step: 0.7]
[tweedie_variance_power: 1.5]
[lambdarank_truncation_level: 30]
[lambdarank_norm: 1]
[label_gain: ]
[lambdarank_position_bias_regularization: 0]
[eval_at: ]
[multi_error_top_k: 1]
[auc_mu_weights: ]
[num_machines: 1]
[local_listen_port: 12400]
[time_out: 120]
[machine_list_filename: ]
[machines: ]
[gpu_platform_id: -1]
[gpu_device_id: -1]
[gpu_device_id_list: ]
[gpu_use_dp: 0]
[num_gpu: 1]

end of parameters

pandas_categorical:[]
