tree
version=v4
num_class=1
num_tree_per_iteration=1
label_index=0
max_feature_idx=16
objective=quantile
feature_names=ret_1d ret_5d ret_20d overnight_gap atr_pct parkinson_20 dvol_z_20 dist_ma20 dist_ma50 dist_ma200 spy_ret_1d spy_ret_5d spy_ret_20d vix_level vix_chg_1d sector_ret_1d sector_ret_5d
feature_infos=[-0.077471716674864743:0.043099025141098091] [-0.11411706837186408:0.083661749802949936] [-0.11596163305459906:0.17146912704045425] [-0.02824706041356928:0.022920203735144362] [0.010593069715195727:0.033157833750959577] [0.0067603875484567649:0.020164810839334468] [-2.4230722115463426:3.9940088677877044] [-0.092474929189313437:0.088140286109829269] [-0.11650726617811469:0.12929798250703328] [-0.14739012950664987:0.22251853913338815] [-0.058542947643003718:0.10501933612632941] [-0.11496158439845272:0.082843216242346029] [-0.12265592443394913:0.15756596870864792] [11.859999656677246:52.330001831054688] [-0.35753873962348437:0.74039073966007019] [-0.055499239736441885:0.039932885906040161] [-0.11075949367088611:0.072664359861591699]
tree_sizes=850 857 856 853 860 864 858 867 857 854 860 862

Tree=0
num_leaves=8
num_cat=0
split_feature=15 15 1 14 2 4 6
split_gain=2.81919 3.17265 3.60774 2.74963 2.06104 1.76429 2.54313
threshold=0.0099214751055388701 0.0049065701803452386 0.012750406063887445 -0.03286597934359297 0.0035462430676749261 0.018752212107901262 1.7142114088318745
decision_type=2 2 2 2 2 2 2
left_child=1 5 4 -2 -3 6 -1
right_child=3 2 -4 -5 -6 -7 -8
leaf_value=0.00060528473113663495 0.0009236481040716171 0.00058193879376631228 0.00048151907976716756 0.00069805006569367833 0.00078958413796499367 0.0007711556507274508 0.0009915632545016706
leaf_weight=322 50 36 46 58 47 165 26
leaf_count=322 50 36 46 58 47 165 26
internal_value=0.000627502 -0.000629819 -0.00763916 0.00810158 -0.00141426 0.00113277 -0.000886291
internal_weight=750 642 129 108 83 513 348
internal_count=750 642 129 108 83 513 348
is_linear=0
shrinkage=1


Tree=1
num_leaves=8
num_cat=0
split_feature=12 12 1 8 13 9 3
split_gain=2.12874 2.11349 2.27314 2.23501 2.49719 1.79648 1.96109
threshold=0.0037861814309102519 0.013959702571110679 0.013090226913891391 0.058894435456125722 13.59500026702881 0.081876734153146905 -0.0019917260213815897
decision_type=2 2 2 8 2 8 2
left_child=5 -2 -3 4 -4 -1 -7
right_child=1 2 3 -5 -6 6 -8
leaf_value=0.00026694654807215559 -0.00021954353624096257 5.5882950255181642e-05 -0.00032254128369459069 -0.00015133862325455993 2.5437626609345897e-05 0.00012879748637715239 -7.321589087950997e-05
leaf_weight=73 74 278 30 25 88 58 108
leaf_count=73 74 278 30 25 88 58 108
internal_value=0.00020436 -0.00166667 -0.000296912 -0.00541958 -0.00254237 0.0040795 0.00120482
internal_weight=734 495 421 143 118 239 166
internal_count=734 495 421 143 118 239 166
is_linear=0
shrinkage=0.05


Tree=2
num_leaves=8
num_cat=0
split_feature=11 7 3 9 7 12 8
split_gain=2.24521 1.47088 1.35767 1.58254 1.41656 1.37984 1.19048
threshold=-0.0060505847997984188 -0.029711873538268149 0.0042110706198930101 0.15653718010198095 -0.010709008003234098 -0.0036881752830155707 -0.03545422294745542
decision_type=2 2 2 8 2 2 10
left_child=2 -2 3 4 -1 -6 -5
right_child=1 -3 -4 6 5 -7 -8
leaf_value=0.00034409716034133458 -0.00019738481481545024 -2.8916162354562403e-05 -8.4163498791895103e-05 0.00023849682832224065 -4.2000715245649184e-05 0.00027065744223364168 -0.00014401627985989764
leaf_weight=29 50 498 44 27 36 29 36
leaf_count=29 50 498 44 27 36 29 36
internal_value=-0.000166889 -0.00182482 0.00435323 0.00652866 0.0106383 0.00653846 0.000396825
internal_weight=749 548 201 157 94 65 63
internal_count=749 548 201 157 94 65 63
is_linear=0
shrinkage=0.05


Tree=3
num_leaves=8
num_cat=0
split_feature=11 4 1 8 6 6 6
split_gain=2.44454 2.17887 2.30098 2.31866 1.30899 1.93174 1.4118
threshold=0.0053660199298344322 0.022794031695026556 -0.038452989477991965 0.078902898455980544 -0.47090372506308487 -0.68403740128993518 -0.12042931664347899
decision_type=2 2 2 8 2 2 2
left_child=1 2 -1 4 5 -4 -6
right_child=-2 -3 3 -5 6 -7 -8
leaf_value=-0.0002700101976331098 -7.1309143527309969e-05 0.0002037745007377339 6.342228429364241e-05 -0.00027502585343610236 0.00032307850665981732 -8.6047282364791052e-05 5.4377730445571614e-05
leaf_weight=30 354 28 72 26 49 34 150
leaf_count=30 354 28 72 26 49 34 150
internal_value=-0.000100942 0.00263496 0.0015928 0.00279456 0.00401639 -0.000471698 0.00640704
internal_weight=743 389 361 331 305 106 199
internal_count=743 389 361 331 305 106 199
is_linear=0
shrinkage=0.05


Tree=4
num_leaves=8
num_cat=0
split_feature=12 15 9 3 8 15 15
split_gain=2.35971 2.11289 2.44907 2.3803 1.91216 1.49143 2.05121
threshold=0.0037861814309102519 0.010869800496443928 0.10468918658563765 -0.0024059453835925666 0.022746695845812018 0.010079965280282101 0.0043381488092767437
decision_type=2 2 8 2 10 2 2
left_child=1 2 -1 -4 5 6 -2
right_child=4 -3 3 -5 -6 -7 -8
leaf_value=0.00013294493249318406 5.0238173105777836e-05 0.00024937313004552491 9.6481416420216424e-05 -0.00023184870986303337 -0.00013261240816726428 0.00015790500636883367 -8.5616935259545253e-05
leaf_weight=99 242 43 32 65 172 32 61
leaf_count=99 242 43 32 65 172 32 61
internal_value=0.000402145 0.00449791 0.00229592 -0.00335052 -0.0015286 0.000671642 -0.000412541
internal_weight=746 239 196 97 507 335 303
internal_count=746 239 196 97 507 335 303
is_linear=0
shrinkage=0.05


Tree=5
num_leaves=8
num_cat=0
split_feature=4 6 15 16 7 15 11
split_gain=2.75627 1.97836 2.45 2.12795 4.32055 2.10347 1.6413
threshold=0.018592559522398345 -0.49496326305825505 -0.0069456220594547582 -0.016139620609877999 -0.0062605476841422472 0.0088827709652943305 -0.0027153549187989841
decision_type=2 2 2 2 2 2 2
left_child=1 2 -1 -3 -5 -4 -2
right_child=6 3 5 4 -6 -7 -8
leaf_value=0.0001586016155550936 0.00025636007341795311 -0.00018171091177798652 -0.00021914655004774474 0.00025102218790853834 -2.1232803257673646e-05 0.00018592690470675837 1.9068531613835893e-05
leaf_weight=36 87 59 118 49 200 26 162
leaf_count=36 87 59 118 49 200 26 162
internal_value=0.000237449 -0.00194672 -0.00611111 0.000487013 0.00251004 -0.00902778 0.00451807
internal_weight=737 488 180 308 249 144 249
internal_count=737 488 180 308 249 144 249
is_linear=0
shrinkage=0.05


Tree=6
num_leaves=8
num_cat=0
split_feature=11 8 2 0 14 14 13
split_gain=1.88206 2.41601 1.98627 1.47711 1.52619 2.03993 1.6358
threshold=-0.0060505847997984188 0.034695256967588468 0.072482635434062428 0.00020118022358428525 -0.0052209332646739317 -0.01909405816599757 14.494999885559084
decision_type=2 8 2 2 2 2 2
left_child=1 -1 3 4 5 6 -2
right_child=2 -3 -4 -5 -6 -7 -8
leaf_value=0.00016268288280550335 -0.00011285044825778306 -0.0001257611081559337 3.7301385749027929e-05 -8.032630177377588e-05 -8.9781356127832126e-05 0.00022852349172585441 0.00013613966286602142
leaf_weight=137 31 70 36 254 124 31 63
leaf_count=137 31 70 36 254 124 31 63
internal_value=-6.70241e-05 0.00398551 -0.00162338 -0.00243539 0.000301205 0.0042 0.000531915
internal_weight=746 207 539 503 249 125 94
internal_count=746 207 539 503 249 125 94
is_linear=0
shrinkage=0.05


Tree=7
num_leaves=8
num_cat=0
split_feature=12 8 12 15 15 10 3
split_gain=2.10776 2.28795 2.06453 1.92512 2.8835 2.09109 2.37912
threshold=0.0037861814309102519 0.090719239188527104 0.0082902198416674473 0.0043381488092767437 0.0099214751055388701 0.0087442348777118113 -0.004567871962062763
decision_type=2 8 2 2 2 2 2
left_child=1 -1 -2 5 -5 6 -4
right_child=2 -3 3 4 -6 -7 -8
leaf_value=7.2367149838485444e-05 -0.00020039077641683794 -0.00019788762462084119 0.00026967206229977736 -0.00016637124445660718 2.6177761543956883e-05 -0.00023239441423116708 5.5148597456142161e-06
leaf_weight=222 33 25 45 93 60 35 232
leaf_count=222 33 25 45 93 60 35 232
internal_value=-0.000436242 0.00334008 -0.00230924 -0.00145161 -0.00604575 0.000801282 0.00225632
internal_weight=745 247 498 465 153 312 277
internal_count=745 247 498 465 153 312 277
is_linear=0
shrinkage=0.05


Tree=8
num_leaves=8
num_cat=0
split_feature=11 6 1 15 10 1 15
split_gain=2.40408 1.21881 1.39636 1.19732 2.42259 2.65463 1.85443
threshold=-0.01930721697732057 0.38009126252951903 -0.0051028441132496818 0.0099214751055388701 0.010824096152379449 0.029228120095543989 0.0044990288781676666
decision_type=2 2 2 2 2 2 2
left_child=1 2 -1 4 5 6 -2
right_child=3 -3 -4 -5 -6 -7 -8
leaf_value=6.3717509128472034e-05 4.2856625198880308e-05 1.141106938511294e-05 0.00030593498592849445 3.2467525053702765e-05 -0.00037068283930919121 -0.00020167203020745648 -5.3289952555062745e-05
leaf_weight=30 380 32 25 102 43 50 102
leaf_count=30 380 32 25 102 43 50 102
internal_value=-6.5445e-05 0.00775862 0.0122727 -0.0010709 -0.00195652 -0.00103383 0.000103734
internal_weight=764 87 55 677 575 532 482
internal_count=764 87 55 677 575 532 482
is_linear=0
shrinkage=0.05


Tree=9
num_leaves=8
num_cat=0
split_feature=15 15 12 0 10 14 10
split_gain=2.13355 3.42123 1.80967 1.84257 1.43392 1.25158 2.39864
threshold=0.0099214751055388701 0.0049065701803452386 0.024150484969903577 0.011670011312911456 0.00063381300570131149 0.070306169308441371 -0.01425655493307104
decision_type=2 2 2 2 2 2 2
left_child=1 5 3 -2 -3 -1 -7
right_child=2 4 -4 -5 -6 6 -8
leaf_value=3.8422937012320903e-05 2.1671183681145858e-05 -2.1307485712333852e-05 -1.3891041692566926e-05 0.00026020227590480867 -0.00013229071100843569 0.00021405182608548345 -0.00021024190431319801
leaf_weight=428 30 49 49 33 76 26 53
leaf_count=428 30 49 49 33 76 26 53
internal_value=0.000336022 -0.000791139 0.00669643 0.0123016 -0.0082 0.0010355 -0.00474684
internal_weight=744 632 112 63 125 507 79
internal_count=744 632 112 63 125 507 79
is_linear=0
shrinkage=0.05


Tree=10
num_leaves=8
num_cat=0
split_feature=3 11 3 4 10 2 8
split_gain=1.88345 2.09337 1.50042 1.31234 2.29865 1.46454 1.28013
threshold=-0.005418040224292541 -0.019621602504463761 -0.0081096560245770815 0.01851454913622147 0.010824096152379449 0.061001147167470633 0.058894435456125722
decision_type=2 2 2 2 2 2 10
left_child=2 -2 -1 4 6 -5 -3
right_child=1 3 -4 5 -6 -7 -8
leaf_value=-0.00016290679409135882 0.00014788920527762184 -5.0741983951900454e-05 0.00024073221481317057 -1.3329786855643441e-05 -0.00041363496206474511 0.00010123637449756615 -0.0001525433451319934
leaf_weight=31 67 345 58 159 31 32 26
leaf_count=31 67 345 58 159 31 32 26
internal_value=-0.000367156 -0.00128788 0.00646067 -0.0022344 -0.00385572 0.00117801 -0.0027628
internal_weight=749 660 89 593 402 191 371
internal_count=749 660 89 593 402 191 371
is_linear=0
shrinkage=0.05


Tree=11
num_leaves=8
num_cat=0
split_feature=15 15 1 16 1 10 10
split_gain=3.09224 3.66663 2.75601 1.97014 1.91863 2.07754 2.02332
threshold=0.0099214751055388701 0.0049065701803452386 0.013733224879015628 0.02534357572802404 0.029228120095543989 0.010510729988004066 -0.00071796458931633323
decision_type=2 2 2 2 2 2 2
left_child=1 4 -3 -2 5 6 -1
right_child=3 2 -4 -5 -6 -7 -8
leaf_value=-1.5664821691299747e-05 0.0001460187228353762 -3.5808803496447003e-05 -0.0001907792635600867 -0.00011905495610743109 -0.00013021728073759139 -0.0003554720029882337 9.498108670978996e-05
leaf_weight=200 82 89 38 33 46 31 228
leaf_count=200 82 89 38 33 46 31 228
internal_value=0.000502008 -0.000870253 -0.00846457 0.00804348 0.0010396 0.00201525 0.00292056
internal_weight=747 632 127 115 505 459 428
internal_count=747 632 127 115 505 459 428
is_linear=0
shrinkage=0.05


end of trees

feature_importances:
sector_ret_1d=15
ret_5d=7
dist_ma50=7
spy_ret_1d=7
spy_ret_20d=7
overnight_gap=6
dvol_z_20=6
spy_ret_5d=6
atr_pct=4
vix_chg_1d=4
ret_20d=3
dist_ma20=3
dist_ma200=3
ret_1d=2
vix_level=2
sector_ret_5d=2

parameters:
[boosting: gbdt]
[objective: quantile]
[metric: quantile]
[tree_learner: serial]
[device_type: cpu]
[data_sample_strategy: bagging]
[data: ]
[valid: ]
[num_iterations: 80]
[learning_rate: 0.05]
[num_leaves: 8]
[num_threads: 1]
[seed: 0]
[deterministic: 0]
[force_col_wise: 1]
[force_row_wise: 0]
[histogram_pool_size: -1]
[max_depth: -1]
[min_data_in_leaf: 25]
[min_sum_hessian_in_leaf: 0.001]
[bagging_fraction: 0.9]
[pos_bagging_fraction: 1]
[neg_bagging_fraction: 1]
[bagging_freq: 1]
[bagging_seed: 3]
[bagging_by_query: 0]
[feature_fraction: 0.9]
[feature_fraction_bynode: 1]
[feature_fraction_seed: 2]
[extra_trees: 0]
[extra_seed: 6]
[early_stopping_round: 0]
[early_stopping_min_delta: 0]
[first_metric_only: 0]
[max_delta_step: 0]
[lambda_l1: 0]
[lambda_l2: 0]
[linear_lambda: 0]
[min_gain_to_split: 0]
[drop_rate: 0.1]
[max_drop: 50]
[skip_drop: 0.5]
[xgboost_dart_mode: 0]
[uniform_drop: 0]
[drop_seed: 4]
[top_rate: 0.2]
[other_rate: 0.1]
[min_data_per_group: 100]
[max_cat_threshold: 32]
[cat_l2: 10]
[cat_smooth: 10]
[max_cat_to_onehot: 4]
[top_k: 20]
[monotone_constraints: ]
[monotone_constraints_method: basic]
[monotone_penalty: 0]
[feature_contri: ]
[forcedsplits_filename: ]
[refit_decay_rate: 0.9]
[cegb_tradeoff: 1]
[cegb_penalty_split: 0]
[cegb_penalty_feature_lazy: ]
[cegb_penalty_feature_coupled: ]
[path_smooth: 0]
[interaction_constraints: ]
[verbosity: -1]
[saved_feature_importance_type: 0]
[use_quantized_grad: 0]
[num_grad_quant_bins: 4]
[quant_train_renew_leaf: 0]
[stochastic_rounding: 1]
[linear_tree: 0]
[max_bin: 255]
[max_bin_by_feature: ]
[min_data_in_bin: 3]
[bin_construct_sample_cnt: 200000]
[data_random_seed: 1]
[is_enable_sparse: 1]
[enable_bundle: 1]
[use_missing: 1]
[zero_as_missing: 0]
[feature_pre_filter: 1]
[pre_partition: 0]
[two_round: 0]
[header: 0]
[label_column: ]
[weight_column: ]
[group_column: ]
[ignore_column: ]
[categorical_feature: ]
[forcedbins_filename: ]
[precise_float_parser: 0]
[parser_config_file: ]
[objective_seed: 5]
[num_class: 1]
[is_unbalance: 0]
[scale_pos_weight: 1]
[sigmoid: 1]
[boost_from_average: 1]
[reg_sqrt: 0]
[alpha: 0.5]
[fair_c: 1]
[poisson_max_delta_step: 0.7]
[tweedie_variance_power: 1.5]
[lambdarank_truncation_level: 30]
[lambdarank_norm: 1]
[label_gain: ]
[lambdarank_position_bias_regularization: 0]
[eval_at: ]
[multi_error_top_k: 1]
[auc_mu_weights: ]
[num_machines: 1]
[local_listen_port: 12400]
[time_out: 120]
[machine_list_filename: ]
[machines: ]
[gpu_platform_id: -1]
[gpu_device_id: -1]
[gpu_device_id_list: ]
[gpu_use_dp: 0]
[num_gpu: 1]

end of parameters

pandas_categorical:[]
