tree
version=v4
num_class=1
num_tree_per_iteration=1
label_index=0
max_feature_idx=16
objective=quantile
feature_names=ret_1d ret_5d ret_20d overnight_gap atr_pct parkinson_20 dvol_z_20 dist_ma20 dist_ma50 dist_ma200 spy_ret_1d spy_ret_5d spy_ret_20d vix_level vix_chg_1d sector_ret_1d sector_ret_5d
feature_infos=[-0.075916546068499735:0.061932074498936673] [-0.091775205016883743:0.088068539750535413] [-0.1018485390578413:0.16757179901169339] [-0.052000000000000046:0.037100132500473171] [0.01037614922206505:0.036478642438367126] [0.0065082282167763386:0.019787155048071322] [-2.2300478397960219:4.1556930616572973] [-0.065122399324693325:0.075301096852821159] [-0.085104163655762899:0.13227552423592814] [-0.097280713148236608:0.33346747072764904] [-0.058542947643003718:0.10501933612632941] [-0.11496158439845272:0.082843216242346029] [-0.12265592443394913:0.15756596870864792] [11.859999656677246:52.330001831054688] [-0.35753873962348437:0.74039073966007019] [-0.054845245580940394:0.043465182734245822] [-0.079035682487500813:0.068782287822878097]
tree_sizes=829 856 861 847 862 858 862 866 865 869 869 858 863 870 865 878 874 851 868 871 869 868 873 867 867 863 874 867 844 858 875 870 864 873 863 863 868 869 864 868

Tree=0
num_leaves=8
num_cat=0
split_feature=7 2 13 12 10 6 14
split_gain=1.4261 0.859497 1.10979 1.86155 0.625548 0.552892 0.479633
threshold=-0.042953218250292961 0.058909275974908588 19.814999580383304 0.0082902198416674473 -0.0012922335739780075 -0.25867180149165597 -0.017044659763988276
decision_type=2 2 2 2 2 2 2
left_child=-1 5 3 -3 -5 -2 -7
right_child=1 2 -4 4 -6 6 -8
leaf_value=0.012292422697779738 0.011774282490589566 0.012222540039372908 0.011664783076115803 0.012010659656756805 0.011788838808640251 0.011713939067909429 0.011977545594274696
leaf_weight=28 282 39 33 25 46 113 184
leaf_count=28 282 39 33 25 46 113 184
internal_value=0.0118752 0.0114458 0.0149171 0.0173297 0.012509 0.0105885 0.012094
internal_weight=750 722 143 110 71 579 297
internal_count=750 722 143 110 71 579 297
is_linear=0
shrinkage=1


Tree=1
num_leaves=8
num_cat=0
split_feature=14 5 4 1 7 0 9
split_gain=1.27295 1.31139 0.795441 1.03793 1.10989 0.937152 0.711658
threshold=-0.013287751267225366 0.0097103194990359135 0.019136286761311478 -0.011486746217811037 0.0096213737632170355 0.0058324161985982012 0.046822480334550283
decision_type=2 2 2 2 2 2 10
left_child=-1 6 3 -3 -5 -6 -2
right_child=1 2 -4 4 5 -7 -8
leaf_value=-9.9146557682169977e-05 -7.0079259259652854e-05 0.00047733001640550384 -4.6375337398930906e-05 -0.00016799057316419939 0.00020667010687932294 0.00044250321629282449 0.00012067292833157052
leaf_weight=310 213 29 37 29 37 30 49
leaf_count=310 213 29 37 29 37 30 49
internal_value=0.000177111 0.00195755 0.00549383 0.0074 0.00489583 0.00843283 -0.000229009
internal_weight=734 424 162 125 96 67 262
internal_count=734 424 162 125 96 67 262
is_linear=0
shrinkage=0.05


Tree=2
num_leaves=8
num_cat=0
split_feature=7 14 9 13 5 12 1
split_gain=1.60386 0.914327 1.13439 1.3786 0.573409 0.592999 0.437936
threshold=-0.040855807371648171 0.01016731697942619 0.031319413266444059 16.954999923706058 0.0098629720026376447 0.040743458485600355 0.0018650875009734726
decision_type=2 2 10 2 2 2 2
left_child=-1 -2 4 -4 5 -3 -5
right_child=1 2 3 6 -6 -7 -8
leaf_value=0.00038516669136622419 -9.2084207574079542e-05 -0.00013828274548829348 0.00039112198816385692 0.00024992261928185732 0.00033787419227486373 0.00029085309903128528 -6.1012471984122038e-05
leaf_weight=32 447 100 35 25 30 29 51
leaf_count=32 447 100 35 25 30 29 51
internal_value=-0.000327104 -0.000815901 0.00148148 0.00536036 -0.00122642 -0.00267442 0.00157895
internal_weight=749 717 270 111 159 129 76
internal_count=749 717 270 111 159 129 76
is_linear=0
shrinkage=0.05


Tree=3
num_leaves=8
num_cat=0
split_feature=6 14 6 10 13 4 6
split_gain=1.2247 0.896941 1.05448 1.72084 1.43929 0.610127 0.897097
threshold=-0.25867180149165597 -0.013287751267225366 0.30773840649889422 0.0018732675411667901 18.035000801086429 0.014848049096401987 1.1569920453338629
decision_type=2 2 2 2 2 2 2
left_child=-1 -2 3 4 -3 -4 -7
right_child=1 2 5 -5 -6 6 -8
leaf_value=-7.7822893129032497e-05 -4.6879435774261426e-05 -3.4295063836943296e-05 -0.0002505966639851176 0.00045111031372721311 0.00042257208508943069 0.00034305873473245915 -9.3690631315508923e-05
leaf_weight=337 162 56 55 25 27 39 42
leaf_count=337 162 56 55 25 27 39 42
internal_value=4.71051e-05 0.00189655 0.00381147 0.0075 0.00403614 0.000882352 0.00364197
internal_weight=743 406 244 108 83 136 81
internal_count=743 406 244 108 83 136 81
is_linear=0
shrinkage=0.05


Tree=4
num_leaves=8
num_cat=0
split_feature=7 2 9 2 9 6 6
split_gain=1.41442 0.903512 0.842524 0.910151 0.617284 0.569409 0.74278
threshold=-0.040855807371648171 0.058909275974908588 0.066926213454284081 0.072583698024760182 0.22557381026290027 -0.25867180149165597 -0.12040991055468335
decision_type=2 2 8 2 10 2 2
left_child=-1 5 -3 -4 -5 -2 -7
right_child=1 2 3 4 -6 6 -8
leaf_value=0.00037476072571979353 -9.3362782131743314e-05 0.00029668598070025677 0.00043889537314783497 -0.00022723429142323774 7.0601157802069464e-05 0.00020905735254060062 -4.4269074399606565e-05
leaf_weight=29 282 34 25 54 27 40 255
leaf_count=29 282 34 25 54 27 40 255
internal_value=-0.000308312 -0.000746166 0.00285714 0.000660376 -0.00191358 -0.00162045 -8.4747e-05
internal_weight=746 717 140 106 81 577 295
internal_count=746 717 140 106 81 577 295
is_linear=0
shrinkage=0.05


Tree=5
num_leaves=8
num_cat=0
split_feature=7 7 14 1 6 1 7
split_gain=1.00257 0.813947 1.19487 1.34302 0.460992 0.510916 0.70781
threshold=-0.040855807371648171 0.039616774722378019 -0.0080681674930397889 0.038510700936510774 -0.15839292543397668 -0.014304903839225501 0.031421434566821678
decision_type=2 2 2 2 2 2 2
left_child=-1 4 -3 -4 -2 -6 -7
right_child=1 2 3 -5 5 6 -8
leaf_value=0.00035602268943380383 -6.8283276646308099e-05 -0.0001897813441612019 0.00019557170534002506 5.6628892992343781e-06 -0.00011185079627989929 0.0001982599073823831 -0.00017059492395774675
leaf_weight=29 345 33 25 26 81 164 34
leaf_count=29 345 33 25 26 81 164 34
internal_value=-0.000318861 -0.000692092 0.00392857 0.00872549 -0.0013141 0.000197131 0.00156566
internal_weight=737 708 84 51 624 279 198
internal_count=737 708 84 51 624 279 198
is_linear=0
shrinkage=0.05


Tree=6
num_leaves=8
num_cat=0
split_feature=7 2 9 9 6 6 11
split_gain=1.31134 0.948729 1.01229 0.963333 0.643104 0.60547 0.608915
threshold=-0.040855807371648171 0.058909275974908588 0.066926213454284081 0.23815440692513193 -0.25867180149165597 1.1569920453338629 0.019179064165315788
decision_type=2 2 8 10 2 2 2
left_child=-1 4 -3 -4 -2 6 -6
right_child=1 2 3 -5 5 -7 -8
leaf_value=0.00033761492114699838 -8.9536165306026007e-05 0.00025477014669534416 -6.8590677971756676e-05 0.00010799801370381053 -2.6355933012027448e-05 -0.00017927338224840342 0.00024326483604204479
leaf_weight=30 285 36 75 25 182 64 49
leaf_count=30 285 36 75 25 182 64 49
internal_value=-0.000241288 -0.000670392 0.00308823 0.000499999 -0.00155173 8.47446e-05 0.00127706
internal_weight=746 716 136 100 580 295 231
internal_count=746 716 136 100 580 295 231
is_linear=0
shrinkage=0.05


Tree=7
num_leaves=8
num_cat=0
split_feature=5 1 12 9 11 6 1
split_gain=0.913154 0.682771 0.635171 0.556332 0.770804 0.700962 1.96439
threshold=0.0095737825224638789 0.031797121571844118 0.033795250994550281 0.31995890014820233 0.030023706466371539 1.0000000180025095e-35 -0.0052270450377629443
decision_type=2 2 2 8 2 2 2
left_child=1 2 -1 4 5 -2 -7
right_child=3 -3 -4 -5 -6 6 -8
leaf_value=-0.00012302561112780786 1.3791580001881364e-05 0.00015035608770947543 9.4638117430876449e-05 -0.00018382975280667999 -0.00018779823982035637 0.00072508355993640232 0.00012050564446188532
leaf_weight=254 144 28 127 62 40 28 62
leaf_count=254 144 28 127 62 40 28 62
internal_value=-0.000234901 -0.00182152 -0.00237533 0.00169643 0.00266423 0.00376068 0.00722222
internal_weight=745 409 381 336 274 234 90
internal_count=745 409 381 336 274 234 90
is_linear=0
shrinkage=0.05


Tree=8
num_leaves=8
num_cat=0
split_feature=14 9 9 1 14 15 6
split_gain=1.08019 1.13079 1.02099 0.709516 0.536734 0.654385 0.624169
threshold=-0.013287751267225366 0.31995890014820233 0.19491687624623358 -0.026483327614894411 -0.0080681674930397889 0.0053505664873754197 0.22398300743645774
decision_type=2 8 10 2 2 2 2
left_child=-1 2 3 -2 -5 6 -6
right_child=1 -3 -4 4 5 -7 -8
leaf_value=-0.00011402593377840946 0.00049189258971260965 -9.927693033941811e-05 0.00020884701884463306 0.00020138979791806518 2.8860610376974934e-05 0.00036034245625365404 -0.00027042157942125616
leaf_weight=325 28 98 35 28 144 41 65
leaf_count=325 28 98 35 28 144 41 65
internal_value=-0.000353404 0.00126424 0.00262463 0.00169935 0.000935251 0.000199999 -0.000933016
internal_weight=764 439 341 306 278 250 209
internal_count=764 439 341 306 278 250 209
is_linear=0
shrinkage=0.05


Tree=9
num_leaves=8
num_cat=0
split_feature=14 16 0 6 14 12 15
split_gain=0.92624 1.12548 0.791724 0.816667 0.527953 0.481605 0.620606
threshold=-0.013287751267225366 -0.026575763078951261 0.010440111197026704 0.30773840649889422 -0.0080681674930397889 -0.0081213337469206431 -0.0031090162344640788
decision_type=2 2 2 2 2 2 2
left_child=-1 -2 4 -4 -3 6 -6
right_child=1 2 3 -5 5 -7 -8
leaf_value=-0.00010794214353980566 0.00027799468427902499 0.00014031287474536742 0.00040947805392748049 -8.5237926646206118e-06 -0.00010259381279255117 -6.674100060477818e-05 0.00018586711909038148
leaf_weight=314 33 33 30 30 30 249 25
leaf_count=314 33 33 30 30 30 249 25
internal_value=-0.000228496 0.00127907 0.000541561 0.00583333 -0.000400595 -0.00105263 0.00318182
internal_weight=744 430 397 60 337 304 55
internal_count=744 430 397 60 337 304 55
is_linear=0
shrinkage=0.05


Tree=10
num_leaves=8
num_cat=0
split_feature=0 5 14 16 1 10 4
split_gain=0.825833 0.892022 0.782122 1.12842 1.12118 0.610276 0.545455
threshold=0.0098418393326136239 0.01001314250393223 -0.013287751267225366 -0.026575763078951261 0.027737098873245606 -0.013327773622425541 0.013702869063486755
decision_type=2 2 2 2 2 2 2
left_child=2 6 -1 -4 5 -5 -2
right_child=1 -3 3 4 -6 -7 -8
leaf_value=-0.00016654049790927174 0.0004240824110197484 0.00032185135684878116 0.00027820818054437671 9.2504164200846639e-05 7.2261965559709164e-05 -5.2204425229485904e-05 -0.00017385772286299822
leaf_weight=275 25 51 30 27 33 278 30
leaf_count=275 25 51 30 27 33 278 30
internal_value=-0.000126837 0.00396226 -0.000800934 0.000706521 -0.000118344 -0.00106557 -0.000454547
internal_weight=749 106 643 368 338 305 55
internal_count=749 106 643 368 338 305 55
is_linear=0
shrinkage=0.05


Tree=11
num_leaves=8
num_cat=0
split_feature=14 1 10 9 6 14 5
split_gain=0.867296 1.27084 1.26099 1.01557 0.917817 1.15597 0.865117
threshold=-0.013287751267225366 0.026343704975580032 -0.0049441493240062187 0.11518326116237355 -0.29715667747545521 -0.001242221342315941 0.0097884184590437077
decision_type=2 2 2 8 2 2 2
left_child=-1 3 -3 4 -2 -6 -7
right_child=1 2 -4 -5 5 6 -8
leaf_value=-7.2248891869277924e-05 -2.516887405487396e-05 -3.1598302552833228e-05 0.00027553149967931564 -7.7124903671223059e-05 0.00059318756392185519 -2.0440511212637645e-05 0.00030575884736651587
leaf_weight=322 82 26 42 142 26 76 31
leaf_count=322 82 26 42 142 26 76 31
internal_value=-0.000247658 0.00123529 0.0075 4.20156e-05 0.0022093 0.00477443 0.00247663
internal_weight=747 425 68 357 215 133 107
internal_count=747 425 68 357 215 133 107
is_linear=0
shrinkage=0.05


Tree=12
num_leaves=8
num_cat=0
split_feature=6 2 2 15 9 3 4
split_gain=0.79753 0.510112 0.486716 0.473903 0.66264 0.402128 0.3584
threshold=-0.40902869145813064 0.05972847432734419 -0.064131831403090298 -0.0059826890338715013 0.19491687624623358 -0.0054510731661346337 0.017020764029102041
decision_type=2 2 2 2 10 2 2
left_child=1 -1 -2 -4 5 -5 -7
right_child=2 -3 3 4 -6 6 -8
leaf_value=-6.9132699627655195e-05 0.00019027743421933855 4.5355064161870819e-05 -7.3708977215388897e-05 0.00028287996190306554 0.00016133623308712619 -1.9177855561050746e-05 0.00031297754632502529
leaf_weight=248 34 37 76 26 35 227 51
leaf_count=248 34 37 76 26 35 227 51
internal_value=-0.000299729 -0.00236842 0.00101336 0.000542167 0.00134218 0.000592104 3.597e-05
internal_weight=734 285 449 415 339 304 278
internal_count=734 285 449 415 339 304 278
is_linear=0
shrinkage=0.05


Tree=13
num_leaves=8
num_cat=0
split_feature=10 2 2 0 6 13 3
split_gain=0.717024 0.427425 0.328393 0.492464 0.488979 0.486062 0.455521
threshold=-0.015449561797136633 -0.064131831403090298 0.058909275974908588 -0.0052861630569441811 -0.37147110898086372 12.88000011444092 0.0031187535365130308
decision_type=2 2 2 2 2 2 2
left_child=-1 -2 4 -4 5 -3 -5
right_child=1 2 3 6 -6 -7 -8
leaf_value=0.00029488382236589588 6.2602773360668671e-05 8.5715329149397071e-05 0.00023962358318186457 -8.7003797455062346e-05 -2.6302095609017502e-05 -0.00017500747492832762 6.6818584126462812e-05
leaf_weight=30 48 27 25 74 311 197 33
leaf_count=30 48 27 25 74 311 197 33
internal_value=-0.000906041 -0.00122378 -0.00155173 0.000681817 -0.0021028 -0.00388393 -0.000794394
internal_weight=745 715 667 132 535 224 107
internal_count=745 715 667 132 535 224 107
is_linear=0
shrinkage=0.05


Tree=14
num_leaves=8
num_cat=0
split_feature=14 0 6 0 3 2 1
split_gain=0.630333 1.00242 0.721702 0.641247 0.453982 0.762698 0.434525
threshold=-0.013287751267225366 0.010440111197026704 0.30773840649889422 0.0040903074057183639 0.0031187535365130308 -0.011318501990316308 0.027118115691171066
decision_type=2 2 2 2 2 2 2
left_child=4 3 -3 6 -1 -6 -2
right_child=1 2 -4 -5 5 -7 -8
leaf_value=-0.00016086821714860752 -1.3524425712800572e-06 0.00040044234592607174 9.7610464356847132e-05 -5.1019734918954625e-05 -4.6133847368812339e-05 0.00012893049151917709 0.00012690519425628149
leaf_weight=250 246 29 26 80 35 28 25
leaf_count=250 246 29 26 80 35 28 25
internal_value=-0.000757998 0.000541871 0.00681818 -0.000441597 -0.00244409 0.00134921 0.000719556
internal_weight=719 406 55 351 313 63 271
internal_count=719 406 55 351 313 63 271
is_linear=0
shrinkage=0.05


Tree=15
num_leaves=8
num_cat=0
split_feature=8 9 12 3 1 16 14
split_gain=0.904427 0.414762 0.418203 0.468839 0.379112 0.436465 0.527502
threshold=-0.057438231255124754 0.20924471517900281 -0.0011596324607267003 -0.0016148379833267887 -0.018066251407557462 0.00065243638792367175 0.0037598780805861991
decision_type=8 8 2 2 2 2 2
left_child=-1 4 -3 -4 -2 6 -6
right_child=1 2 3 -5 5 -7 -8
leaf_value=0.00011573640295734405 -6.8084264686997764e-05 -0.00019319138479432547 6.4343370278425533e-05 -4.1181135916589091e-05 -2.5103698335695812e-06 -1.4639921367953934e-05 0.00024587828950372172
leaf_weight=42 77 93 39 85 79 255 73
leaf_count=42 77 93 39 85 79 255 73
internal_value=-0.000222074 -0.000649074 -0.00246544 -0.000564517 0.000165288 0.000773955 0.00289474
internal_weight=743 701 217 124 484 407 152
internal_count=743 701 217 124 484 407 152
is_linear=0
shrinkage=0.05


Tree=16
num_leaves=8
num_cat=0
split_feature=14 15 12 4 12 13 11
split_gain=0.582315 0.939436 1.42815 0.777042 0.947434 0.544067 0.585385
threshold=-0.013287751267225366 -0.00010873271785355464 0.0086975765073127338 0.013777100927089893 0.037528562351318968 14.675000190734865 0.0013310073142193126
decision_type=2 2 2 2 2 2 2
left_child=-1 5 -3 4 -4 -2 -7
right_child=1 2 3 -5 -6 6 -8
leaf_value=-7.3395244197432577e-05 -0.00017770151048552234 0.00023545299617715342 -3.2652892963681329e-05 -3.2602575094601813e-05 0.00050890813133741021 -4.3124120020711803e-05 0.00018898425424605057
leaf_weight=324 64 46 33 66 26 116 82
leaf_count=324 64 46 33 66 26 116 82
internal_value=-0.000310437 0.000889144 0.00377193 0.000999999 0.00516949 -0.000992368 0.000303029
internal_weight=757 433 171 125 59 262 198
internal_count=757 433 171 125 59 262 198
is_linear=0
shrinkage=0.05


Tree=17
num_leaves=8
num_cat=0
split_feature=12 12 3 8 3 10 2
split_gain=0.421448 0.603474 0.51777 0.74654 0.5 0.474769 0.299296
threshold=0.040552119316072284 0.043286843097797296 -0.001993694051717398 -0.0024037057569516458 0.00070298792450107517 0.015426136544852588 0.097680418527792981
decision_type=2 2 2 10 2 2 2
left_child=5 -2 -3 4 -4 6 -1
right_child=1 2 3 -5 -6 -7 -8
leaf_value=-5.1693329018213398e-05 0.00070661180996317954 -0.00014801961782978323 0.00018480095125459543 -0.00016007218206070094 0.00011475901386717355 0.00025914786587636344 3.5537940137531744e-05
leaf_weight=525 27 40 25 46 25 25 33
leaf_count=525 27 40 25 46 25 25 33
internal_value=-0.0011126 0.00113497 -0.000220589 0.00177083 0.006 -0.001741 -0.00204301
internal_weight=746 163 136 96 50 583 558
internal_count=746 163 136 96 50 583 558
is_linear=0
shrinkage=0.05


Tree=18
num_leaves=8
num_cat=0
split_feature=0 1 1 8 0 14 16
split_gain=0.764712 0.695967 0.634921 0.449489 0.264098 0.461979 0.683904
threshold=0.010440111197026704 0.0086259608665268956 0.025352178528597172 -0.057438231255124754 0.0040903074057183639 0.01016731697942619 -0.01388808573557365
decision_type=2 2 2 8 2 2 2
left_child=3 -2 -3 -1 5 -5 -7
right_child=1 2 -4 4 -6 6 -8
leaf_value=8.3736564703538707e-06 0.0002351816104430854 -0.00013087788958096491 0.00031984061723193771 -6.6984778517904746e-05 -6.2510871389883017e-05 0.00022878476796583019 -4.1704698718755535e-05
leaf_weight=40 31 30 42 299 143 51 117
leaf_count=40 31 30 42 299 143 51 117
internal_value=-0.000750333 0.00325243 0.000555554 -0.00138462 -0.00172131 -0.00114561 0.00095238
internal_weight=753 103 72 650 610 467 168
internal_count=753 103 72 650 610 467 168
is_linear=0
shrinkage=0.05


Tree=19
num_leaves=8
num_cat=0
split_feature=8 9 9 3 1 9 15
split_gain=0.890506 0.482381 0.725503 0.733486 1.4 0.402932 0.439937
threshold=-0.057438231255124754 -0.045945220313177874 -0.015438026628333044 -0.001993694051717398 -0.0093265690537227535 0.016417968593213653 -0.0059826890338715013
decision_type=8 10 10 2 2 10 2
left_child=-1 -2 3 -3 -5 -4 -7
right_child=1 2 5 4 -6 6 -8
leaf_value=0.00011057621895332079 -0.00010486503232157 -8.7633568646353806e-05 -0.00012404038788831133 -9.1155197523136062e-05 0.00047421586986755022 -6.2854228964314392e-05 2.2716108800919396e-05
leaf_weight=44 217 26 108 28 35 54 227
leaf_count=44 217 26 108 28 35 54 227
internal_value=-0.000534507 -0.000971224 -8.36832e-05 0.00398876 0.00690476 -0.00101543 -1.77948e-05
internal_weight=739 695 478 89 63 389 281
internal_count=739 695 478 89 63 389 281
is_linear=0
shrinkage=0.05


Tree=20
num_leaves=8
num_cat=0
split_feature=7 13 0 2 7 0 0
split_gain=0.650402 0.479585 0.538874 0.717497 1.48754 0.554231 0.451992
threshold=-0.040855807371648171 20.500000000000004 0.0098418393326136239 -0.0018458374382346874 0.033116934207595213 0.0042144270763644362 0.0030977844051235386
decision_type=2 2 2 2 2 2 2
left_child=-1 2 5 -4 -5 6 -2
right_child=1 -3 3 4 -6 -7 -8
leaf_value=0.00021470934773050411 -8.3548901209267074e-06 -9.9997481174562758e-05 -0.00016206696992751473 0.0004392825080804734 -3.8370071694942748e-05 -6.0810782404094477e-05 0.00013851550934703747
leaf_weight=29 379 109 27 27 33 115 32
leaf_count=29 379 109 27 27 33 115 32
internal_value=-0.000272971 -0.000567868 -2.4471e-05 0.00362069 0.00666667 -0.000627378 0.000231142
internal_weight=751 722 613 87 60 526 411
internal_count=751 722 613 87 60 526 411
is_linear=0
shrinkage=0.05


Tree=21
num_leaves=8
num_cat=0
split_feature=12 2 6 6 14 3 6
split_gain=0.526857 0.51481 0.27829 1.20924 0.41534 0.308538 0.217981
threshold=0.076145599776237818 -0.065192070847911496 0.073097679390799364 0.22398300743645774 -0.049735428455543622 -0.0057461534460536692 -0.7650962212927005
decision_type=2 2 2 2 2 2 2
left_child=1 -1 5 -4 -5 -3 -7
right_child=-2 2 3 4 -6 6 -8
leaf_value=0.00010588844002080717 0.00018248539689694144 1.2413240829679173e-05 0.00023935560428360437 8.7717843143811985e-05 -8.757423956782551e-05 -8.6214431558579581e-06 -7.8074930920308991e-05
leaf_weight=37 35 25 33 46 176 125 271
leaf_count=37 35 25 33 46 176 125 271
internal_value=-0.000989306 -0.00128331 -0.00159763 -0.000294119 -0.00162162 -0.00238717 -0.00272727
internal_weight=748 713 676 255 222 421 396
internal_count=748 713 676 255 222 421 396
is_linear=0
shrinkage=0.05


Tree=22
num_leaves=8
num_cat=0
split_feature=10 12 15 7 9 2 16
split_gain=0.685691 0.520014 0.37255 0.655832 0.378588 0.487962 0.326649
threshold=-0.01521359351313417 0.078665433833488688 -0.0019552456884548981 -0.02455461358947086 0.26599642781447813 0.065155796371473076 0.01494216430465767
decision_type=2 2 2 2 8 2 2
left_child=-1 2 -2 -4 5 6 -5
right_child=1 -3 3 4 -6 -7 -8
leaf_value=0.00019593095162527622 -6.0077854983223232e-05 0.00020934677804120171 0.00015563937160018571 -3.7007210388977771e-05 -8.6272499697632166e-05 3.1541255812868733e-05 2.9762081676271256e-05
leaf_weight=36 248 28 36 177 87 47 83
leaf_count=36 248 28 36 177 87 47 83
internal_value=-0.000619947 -0.000963174 -0.00123894 -0.000348838 -0.000939087 -0.000114008 -0.00096154
internal_weight=742 706 678 430 394 307 260
internal_count=742 706 678 430 394 307 260
is_linear=0
shrinkage=0.05


Tree=23
num_leaves=8
num_cat=0
split_feature=5 5 1 9 9 15 5
split_gain=0.631604 0.749475 1.71359 0.731002 0.695211 0.65744 0.588241
threshold=0.0095737825224638789 0.010135014170337788 -0.0012538540575134924 -0.0067204657941331561 0.033966133158793051 0.0033962388837618378 0.0075250727480916206
decision_type=2 2 2 10 8 2 2
left_child=6 2 -2 -4 5 -3 -1
right_child=1 4 3 -5 -6 -7 -8
leaf_value=9.7783354593038521e-05 0.00056250065152667534 0.00026438152056326491 -0.00018480327974744508 0.00021482463001267892 -4.2827915461251898e-05 -0.00010787556024761548 -5.5629066025770292e-05
leaf_weight=49 27 32 32 33 185 28 365
leaf_count=49 27 32 32 33 185 28 365
internal_value=-0.000672438 0.000934717 0.00478261 0.000384614 -0.000510205 0.00416667 -0.00198068
internal_weight=751 337 92 65 245 60 414
internal_count=751 337 92 65 245 60 414
is_linear=0
shrinkage=0.05


Tree=24
num_leaves=8
num_cat=0
split_feature=6 16 13 13 15 16 7
split_gain=0.545882 0.56368 0.556873 1.13431 0.481432 1.04489 1.19773
threshold=-0.19838779524850911 -0.029171000408184596 20.255000114440922 18.564999580383304 -0.0041005017739778596 0.00051427268697623607 0.0096213737632170355
decision_type=2 2 2 2 2 2 2
left_child=-1 -2 3 4 -3 6 -6
right_child=1 2 -4 -5 5 -7 -8
leaf_value=-3.9679204986362998e-05 0.00019056184529367268 -6.8282037815420548e-05 -9.7019146349921115e-05 0.00020102777331555178 6.6509089437318984e-05 -6.2833635770892854e-05 0.00033834533611239311
leaf_weight=370 28 61 46 40 50 128 26
leaf_count=370 28 61 46 40 50 128 26
internal_value=-0.000660882 0.000672822 0.000128204 0.000901638 -0.00028302 0.000882352 0.00552631
internal_weight=749 379 351 305 265 204 76
internal_count=749 379 351 305 265 204 76
is_linear=0
shrinkage=0.05


Tree=25
num_leaves=8
num_cat=0
split_feature=6 9 2 12 6 0 5
split_gain=0.520805 0.536481 0.576007 1.30959 0.643718 1.14583 0.431034
threshold=-0.0063053847964612804 0.19491687624623358 -0.028417980306319143 0.028749021538237555 0.30773840649889422 0.0032347382284569908 0.0091121380400468344
decision_type=2 10 2 2 2 2 2
left_child=-1 2 3 6 5 -4 -2
right_child=1 -3 4 -5 -6 -7 -8
leaf_value=-2.966046728817072e-05 -0.00025266288706847007 0.00013520620598355995 -2.8215158310728022e-05 0.00026540547498403818 -9.3620009511844967e-05 0.00028941101622132322 7.5947487595719263e-05
leaf_weight=444 29 29 31 25 145 25 29
leaf_count=444 29 29 31 25 145 25 29
internal_value=-0.000970939 0.000591053 -7.04237e-05 0.00343373 -0.00151741 0.00303571 -0.000689656
internal_weight=757 313 284 83 201 56 58
internal_count=757 313 284 83 201 56 58
is_linear=0
shrinkage=0.05


Tree=26
num_leaves=8
num_cat=0
split_feature=8 14 16 15 3 6 10
split_gain=0.616534 0.353785 0.557168 0.457928 0.507729 0.350049 0.546767
threshold=-0.057438231255124754 -0.013287751267225366 -0.025534419098128088 -0.0035762345761679022 -0.0041299083314507703 0.18527669285413279 0.0066242939925211805
decision_type=8 2 2 2 2 2 2
left_child=-1 5 -3 -4 -5 -2 -7
right_child=1 2 3 4 -6 6 -8
leaf_value=8.8833356497985342e-05 -0.00011907622836480825 0.00017677766860129887 -4.965766348598332e-05 0.00020764709984955407 -1.3412937325330951e-06 -0.00017343951233552123 9.281230641889871e-05
leaf_weight=39 213 25 131 30 212 43 44
leaf_count=39 213 25 131 30 212 43 44
internal_value=-0.000861602 -0.00120344 -0.000226132 -0.000710457 0.000578511 -0.0025 0.000172413
internal_weight=737 698 398 373 242 300 87
internal_count=737 698 398 373 242 300 87
is_linear=0
shrinkage=0.05


Tree=27
num_leaves=8
num_cat=0
split_feature=14 16 0 10 0 0 2
split_gain=0.623163 1.02593 0.379427 0.59034 0.406842 0.556365 0.731319
threshold=-0.013287751267225366 -0.026575763078951261 0.010440111197026704 -0.0020521313117868862 0.0042820707244778386 0.00048804424783710504 0.02000004001605982
decision_type=2 2 2 2 2 2 2
left_child=-1 -2 4 -4 5 -3 -7
right_child=1 2 3 -5 -6 6 -8
leaf_value=-8.5046313924075196e-05 0.00017320637835385017 -3.4375503843169689e-05 -8.1355166223087764e-06 0.0004253561548683691 -5.5406626884142765e-05 0.00020636557715869607 -0.00013945050759293345
leaf_weight=313 33 193 37 25 78 44 26
leaf_count=313 33 193 37 25 78 44 26
internal_value=-0.00106142 0.000160549 -0.0005335 0.00306451 -0.00118768 -0.000247149 0.00357143
internal_weight=749 436 403 62 341 263 70
internal_count=749 436 403 62 341 263 70
is_linear=0
shrinkage=0.05


Tree=28
num_leaves=8
num_cat=0
split_feature=6 16 15 14 6 10 13
split_gain=0.681893 0.583788 0.502644 0.623077 0.48 0.5 0.401274
threshold=-0.1862706338581594 -0.029171000408184596 -0.0059826890338715013 0.023814289245349455 0.30773840649889422 -0.0054343681151217118 12.994999885559084
decision_type=2 2 2 2 2 2 2
left_child=6 -2 -3 -4 -5 -6 -1
right_child=1 2 3 4 5 -7 -8
leaf_value=4.5131620892347165e-05 0.00015401086679145878 -5.6976494268147791e-05 -7.8250208890215734e-06 0.00024170696838815678 -0.00025245283075118178 0.00026815479374649431 -4.1261160925214618e-05
leaf_weight=39 27 68 208 30 25 25 342
leaf_count=39 27 68 208 30 25 25 342
internal_value=-0.000615184 0.000874672 0.000337077 0.00125 0.005 0.002 -0.00211286
internal_weight=764 383 356 288 80 50 381
internal_count=764 383 356 288 80 50 381
is_linear=0
shrinkage=0.05


Tree=29
num_leaves=8
num_cat=0
split_feature=6 4 6 14 5 13 8
split_gain=0.548308 0.69534 0.70678 1.16469 0.679804 0.466919 0.332461
threshold=-0.38212568574830003 0.016974874133612209 1.1216272405074093 0.003286853869637119 0.0074946408263387417 12.994999885559084 0.071087722937730483
decision_type=2 2 2 2 2 2 8
left_child=5 4 3 -3 -2 -1 -6
right_child=1 2 -4 -5 6 -7 -8
leaf_value=0.00018476611719728264 0.00011837013097907514 0.00021124633841789503 -8.6469122829308778e-05 0.00017491318244849079 -2.2968895990858877e-05 -3.8813068909286496e-05 -0.00011225005098530108
leaf_weight=29 31 47 35 32 244 259 55
leaf_count=29 31 47 35 32 244 259 55
internal_value=-0.000696723 0.000405404 0.00377193 0.0063924 -0.000757577 -0.00239583 -0.0014883
internal_weight=732 444 114 79 330 288 299
internal_count=732 444 114 79 330 288 299
is_linear=0
shrinkage=0.05


Tree=30
num_leaves=8
num_cat=0
split_feature=0 1 1 1 2 8 2
split_gain=0.551176 0.63928 0.530663 0.966011 0.354013 0.315397 0.983598
threshold=0.015665717865595678 -0.036718295692931273 -0.014304903839225501 -0.011671697949987457 0.096309765816048679 0.0082143861872048269 0.0032195930707432656
decision_type=2 2 2 2 2 8 2
left_child=1 -1 -3 -4 5 6 -5
right_child=-2 2 3 4 -6 -7 -8
leaf_value=0.00017773988296687242 0.00015256711902503087 -6.1881496294657009e-05 0.00019497456013012763 -2.4191535299019696e-05 7.3973007306424696e-06 -5.7295226151684029e-05 0.00014991035099019649
leaf_weight=25 39 155 30 154 33 267 35
leaf_count=25 39 155 30 154 33 267 35
internal_value=-0.000528456 -0.000851217 -0.00114243 -0.000375724 -0.000910022 -0.00127193 0.000291004
internal_weight=738 699 674 519 489 456 189
internal_count=738 699 674 519 489 456 189
is_linear=0
shrinkage=0.05


Tree=31
num_leaves=8
num_cat=0
split_feature=14 16 1 10 10 3 8
split_gain=0.527421 1.20535 0.53142 0.598522 0.433278 0.387114 0.593797
threshold=0.01016731697942619 -0.026575763078951261 0.026343704975580032 -0.013932246020769588 0.015426136544852588 1.0000000180025095e-35 -0.0090519452105273217
decision_type=2 2 2 2 2 2 10
left_child=4 -2 3 -3 -1 6 -5
right_child=1 2 -4 5 -6 -7 -8
leaf_value=-3.6420625239267641e-05 0.00015953627643122033 0.00014493876755087087 0.00012854809517956429 -9.0747195591968108e-05 0.0002022697933606529 -0.00015485322753402568 0.00018225545261019006
leaf_weight=439 29 29 40 39 27 79 56
leaf_count=439 29 29 40 39 27 79 56
internal_value=-0.00086721 0.000882352 -0.000267491 -0.00130542 -0.00188841 -0.00241379 -0.000263159
internal_weight=738 272 243 203 466 174 95
internal_count=738 272 243 203 466 174 95
is_linear=0
shrinkage=0.05


Tree=32
num_leaves=8
num_cat=0
split_feature=9 4 0 16 16 4 12
split_gain=0.525681 0.528627 0.411711 0.316532 0.279503 0.922619 0.870827
threshold=-0.066914699278805154 0.020533820171975092 0.018377966418078432 -0.026575763078951261 0.015101333562238086 0.013777100927089893 0.038133525920499241
decision_type=8 2 2 2 2 2 2
left_child=-1 2 3 -2 -5 6 -6
right_child=1 -3 -4 4 5 -7 -8
leaf_value=0.00011091228020173731 8.726986409716991e-05 0.0001335184742951235 0.00012903257796548169 -5.1400582627756712e-05 -2.0356927934059641e-06 -6.8447382579478165e-05 0.00032855582635704476
leaf_weight=27 38 35 25 479 26 94 27
leaf_count=27 38 35 25 479 26 94 27
internal_value=-0.000739016 -0.000994476 -0.00129899 -0.00153615 -0.00180511 0.00010204 0.00537736
internal_weight=751 724 689 664 626 147 53
internal_count=751 724 689 664 626 147 53
is_linear=0
shrinkage=0.05


Tree=33
num_leaves=8
num_cat=0
split_feature=6 6 5 14 16 15 10
split_gain=0.561203 0.906328 0.464521 0.915486 0.942976 0.446291 0.441162
threshold=-0.97166354703893643 -0.8731197468688181 0.0097103194990359135 0.003286853869637119 -0.016609690209170299 -0.0056386735119683942 -0.0028966146153551193
decision_type=2 2 2 2 2 2 2
left_child=-1 -2 6 -4 -5 -6 -3
right_child=1 2 3 4 5 -7 -8
leaf_value=-3.6650964095460986e-05 0.00014105831682702309 -0.00013173553847189092 -3.9568187703508022e-05 0.00022898996297601327 -2.1757550734676805e-05 0.00012625864124832055 -1.5245152125230799e-05
leaf_weight=94 25 106 136 25 28 52 282
leaf_count=94 25 106 136 25 28 52 282
internal_value=-0.000855616 -0.000336393 -0.000707473 0.0010166 0.00452381 0.001875 -0.00177835
internal_weight=748 654 629 241 105 80 388
internal_count=748 654 629 241 105 80 388
is_linear=0
shrinkage=0.05


Tree=34
num_leaves=8
num_cat=0
split_feature=2 6 1 1 12 14 10
split_gain=0.534621 0.5 0.415952 0.951737 0.993432 0.515719 0.52359
threshold=-0.065192070847911496 -0.208243028599056 -0.014304903839225501 -0.0083729034427780773 0.01493884956091618 -0.013287751267225366 -0.0030276506534414045
decision_type=2 2 2 2 2 2 2
left_child=1 -1 -2 4 -4 -5 -7
right_child=2 -3 3 5 -6 6 -8
leaf_value=-1.9436187322423552e-05 -0.00011844599017040636 5.5486629090042663e-05 0.00023813011844410465 -0.00012190431636581938 -0.00012830425485234686 -9.5709480246051888e-06 1.5344477124598298e-05
leaf_weight=25 151 25 30 208 28 121 161
leaf_count=25 151 25 30 208 28 121 161
internal_value=-0.000994661 0.004 -0.00135193 -0.00071168 0.00534483 -0.00142857 -3.54622e-05
internal_weight=749 50 699 548 58 490 282
internal_count=749 50 699 548 58 490 282
is_linear=0
shrinkage=0.05


Tree=35
num_leaves=8
num_cat=0
split_feature=7 6 8 6 9 8 0
split_gain=0.653219 0.451242 0.584854 0.75792 0.472171 0.5789 0.434121
threshold=-0.040855807371648171 -0.0063053847964612804 -0.020396117875963567 0.22398300743645774 0.17314694310543458 -0.0068142421161557212 -0.0065891001145353947
decision_type=2 2 8 2 10 10 2
left_child=-1 6 -3 -4 5 -5 -2
right_child=1 2 3 4 -6 -7 -8
leaf_value=0.0001613292610119472 7.8567433793100797e-06 -0.00011252364543602569 0.0001708223820098871 8.6104839601361798e-05 9.0679650615697307e-05 -5.7332412367490035e-05 -5.1391544830290295e-05
leaf_weight=31 82 71 44 29 33 121 342
leaf_count=31 82 71 44 29 33 121 342
internal_value=-0.000816734 -0.00112188 0.000369126 0.00160793 0.000191256 -0.001 -0.00216981
internal_weight=753 722 298 227 183 150 424
internal_count=753 722 298 227 183 150 424
is_linear=0
shrinkage=0.05


Tree=36
num_leaves=8
num_cat=0
split_feature=14 15 6 15 13 13 0
split_gain=0.497266 0.594884 0.881109 0.814881 0.668008 0.500894 0.570302
threshold=-0.013287751267225366 1.0000000180025095e-35 -0.46461374385989435 0.0069739546481718548 14.84500026702881 14.675000190734865 -0.0055117846708651044
decision_type=2 2 2 2 2 2 2
left_child=-1 5 -3 4 -4 -2 -7
right_child=1 2 3 -5 -6 6 -8
leaf_value=-5.5572695763092291e-05 -0.00011763488418809696 -1.2492216446937147e-05 7.2619608900131803e-05 -4.500192944386665e-06 0.00021956817466291134 0.00018415778342032943 -1.4453330448011086e-05
leaf_weight=323 63 57 27 42 43 68 127
leaf_count=323 63 57 27 42 43 68 127
internal_value=-0.000733335 0.000386416 0.00269231 0.00526786 0.00857143 -0.00112403 0.000128204
internal_weight=750 427 169 112 70 258 195
internal_count=750 427 169 112 70 258 195
is_linear=0
shrinkage=0.05


Tree=37
num_leaves=8
num_cat=0
split_feature=0 12 1 15 3 15 9
split_gain=0.582904 0.351282 0.393791 0.308832 0.497848 0.957835 0.650904
threshold=0.015665717865595678 0.062788606761277746 0.042146376915044755 -0.0019552456884548981 -0.0026828074407957421 0.00066045294153493927 0.002230114929755445
decision_type=2 2 2 2 2 2 8
left_child=1 2 3 -1 5 -5 -6
right_child=-2 -3 -4 4 6 -7 -8
leaf_value=-5.1575704936511745e-05 0.00012474179103333727 0.00010653863474494525 0.00020988353198652537 0.00013695556081001016 1.4944377910391477e-05 -3.6696365873281598e-05 -4.6696879464373981e-05
leaf_weight=257 41 44 27 26 116 54 193
leaf_count=257 41 44 27 26 116 54 193
internal_value=-0.00104222 -0.00137378 -0.00165676 -0.00190403 -0.00101543 0.0025 -0.00192557
internal_weight=758 717 673 646 389 80 309
internal_count=758 717 673 646 389 80 309
is_linear=0
shrinkage=0.05


Tree=38
num_leaves=8
num_cat=0
split_feature=4 0 0 1 1 16 11
split_gain=0.376721 0.35258 0.427428 0.304651 0.502138 0.642713 1.0213
threshold=0.020009544185712647 0.0098418393326136239 0.010918213066610229 -0.019125980199678146 -0.0083729034427780773 -0.0053333133085983189 0.013973401641150464
decision_type=2 2 2 2 2 2 2
left_child=1 3 -3 -1 5 -5 -7
right_child=-2 2 -4 4 -6 6 -8
leaf_value=-9.3108317225012226e-05 0.00014980431728224206 0.00012289933502611949 -1.9802121699352938e-05 -2.7390934758679593e-05 -2.2119108891561064e-05 0.00019101115771572087 -8.4670759293756668e-05
leaf_weight=117 41 25 78 52 384 25 26
leaf_count=117 41 25 78 52 384 25 26
internal_value=-0.001123 -0.00139321 0.00131068 -0.00185431 -0.0013039 0.00179612 0.00578431
internal_weight=748 707 103 604 487 103 51
internal_count=748 707 103 604 487 103 51
is_linear=0
shrinkage=0.05


Tree=39
num_leaves=8
num_cat=0
split_feature=10 6 11 2 5 12 6
split_gain=0.516757 0.428488 0.467471 0.489049 1.06964 0.943779 0.963737
threshold=-0.015449561797136633 -0.40902869145813064 0.00053834779161687784 -0.026090650294867953 0.0089686368312994133 0.023812281741097733 0.0062583578898526429
decision_type=2 2 2 2 2 2 2
left_child=-1 -2 -3 4 -4 6 -5
right_child=1 2 3 5 -6 -7 -8
leaf_value=6.0045295627606269e-05 -2.0008473490804018e-05 -3.7612806624488433e-05 0.00018097813187017861 -3.8956124206160484e-05 -1.2619242865083527e-06 -4.7311973403143803e-05 0.00024410649988479798
leaf_weight=35 285 165 25 29 41 126 31
leaf_count=35 285 165 25 29 41 126 31
internal_value=-0.000929445 -0.00122507 -0.000203838 0.00115079 0.00484848 -0.000161292 0.005
internal_weight=737 702 417 252 66 186 60
internal_count=737 702 417 252 66 186 60
is_linear=0
shrinkage=0.05


end of trees

feature_importances:
dvol_z_20=35
vix_chg_1d=25
ret_5d=24
ret_1d=22
dist_ma200=22
ret_20d=19
spy_ret_20d=16
spy_ret_1d=15
sector_ret_1d=15
sector_ret_5d=15
dist_ma20=13
parkinson_20=12
vix_level=12
overnight_gap=11
dist_ma50=10
atr_pct=9
spy_ret_5d=5

parameters:
[boosting: gbdt]
[objective: quantile]
[metric: quantile]
[tree_learner: serial]
[device_type: cpu]
[data_sample_strategy: bagging]
[data: ]
[valid: ]
[num_iterations: 80]
[learning_rate: 0.05]
[num_leaves: 8]
[num_threads: 1]
[seed: 0]
[deterministic: 0]
[force_col_wise: 1]
[force_row_wise: 0]
[histogram_pool_size: -1]
[max_depth: -1]
[min_data_in_leaf: 25]
[min_sum_hessian_in_leaf: 0.001]
[bagging_fraction: 0.9]
[pos_bagging_fraction: 1]
[neg_bagging_fraction: 1]
[bagging_freq: 1]
[bagging_seed: 3]
[bagging_by_query: 0]
[feature_fraction: 0.9]
[feature_fraction_bynode: 1]
[feature_fraction_seed: 2]
[extra_trees: 0]
[extra_seed: 6]
[early_stopping_round: 0]
[early_stopping_min_delta: 0]
[first_metric_only: 0]
[max_delta_step: 0]
[lambda_l1: 0]
[lambda_l2: 0]
[linear_lambda: 0]
[min_gain_to_split: 0]
[drop_rate: 0.1]
[max_drop: 50]
[skip_drop: 0.5]
[xgboost_dart_mode: 0]
[uniform_drop: 0]
[drop_seed: 4]
[top_rate: 0.2]
[other_rate: 0.1]
[min_data_per_group: 100]
[max_cat_threshold: 32]
[cat_l2: 10]
[cat_smooth: 10]
[max_cat_to_onehot: 4]
[top_k: 20]
[monotone_constraints: ]
[monotone_constraints_method: basic]
[monotone_penalty: 0]
[feature_contri: ]
[forcedsplits_filename: ]
[refit_decay_rate: 0.9]
[cegb_tradeoff: 1]
[cegb_penalty_split: 0]
[cegb_penalty_feature_lazy: ]
[cegb_penalty_feature_coupled: ]
[path_smooth: 0]
[interaction_constraints: ]
[verbosity: -1]
[saved_feature_importance_type: 0]
[use_quantized_grad: 0]
[num_grad_quant_bins: 4]
[quant_train_renew_leaf: 0]
[stochastic_rounding: 1]
[linear_tree: 0]
[max_bin: 255]
[max_bin_by_feature: ]
[min_data_in_bin: 3]
[bin_construct_sample_cnt: 200000]
[data_random_seed: 1]
[is_enable_sparse: 1]
[enable_bundle: 1]
[use_missing: 1]
[zero_as_missing: 0]
[feature_pre_filter: 1]
[pre_partition: 0]
[two_round: 0]
[header: 0]
[label_column: ]
[weight_column: ]
[group_column: ]
[ignore_column: ]
[categorical_feature: ]
[forcedbins_filename: ]
[precise_float_parser: 0]
[parser_config_file: ]
[objective_seed: 5]
[num_class: 1]
[is_unbalance: 0]
[scale_pos_weight: 1]
[sigmoid: 1]
[boost_from_average: 1]
[reg_sqrt: 0]
[alpha: 0.9]
[fair_c: 1]
[poisson_max_delta_step: 0.7]
[tweedie_variance_power: 1.5]
[lambdarank_truncation_level: 30]
[lambdarank_norm: 1]
[label_gain: ]
[lambdarank_position_bias_regularization: 0]
[eval_at: ]
[multi_error_top_k: 1]
[auc_mu_weights: ]
[num_machines: 1]
[local_listen_port: 12400]
[time_out: 120]
[machine_list_filename: ]
[machines: ]
[gpu_platform_id: -1]
[gpu_device_id: -1]
[gpu_device_id_list: ]
[gpu_use_dp: 0]
[num_gpu: 1]

end of parameters

pandas_categorical:[]
