tree
version=v4
num_class=1
num_tree_per_iteration=1
label_index=0
max_feature_idx=16
objective=quantile
feature_names=ret_1d ret_5d ret_20d overnight_gap atr_pct parkinson_20 dvol_z_20 dist_ma20 dist_ma50 dist_ma200 spy_ret_1d spy_ret_5d spy_ret_20d vix_level vix_chg_1d sector_ret_1d sector_ret_5d
feature_infos=[-0.16420895480345354:0.28678399999999993] [-0.30050280981958:0.42767106147322576] [-0.35634794092541588:0.55838944433108906] [-0.20150680469601912:0.17779120104701507] [0.017046560478282749:0.09276026631036545] [0.010683698020002668:0.043144207577695173] [-1.7085140303990314:4.3489671404759775] [-0.29709931451134208:0.34502540996489772] [-0.29467920036934703:0.46986904438711563] [-0.4505523740214542:0.89638442318514033] [-0.058542947643003718:0.10501933612632941] [-0.11496158439845272:0.082843216242346029] [-0.12265592443394913:0.15756596870864792] [11.859999656677246:52.330001831054688] [-0.35753873962348437:0.74039073966007019] [-0.06285260230433054:0.088816354578251211] [-0.11675897124649115:0.08529462291702461]
tree_sizes=840 858 851 848 851 852 847 854 857 855 848 861 864 856 845 864 866 858 867 859 847 866 862 856 858 868 855 858 857

Tree=0
num_leaves=8
num_cat=0
split_feature=14 15 12 16 13 7 4
split_gain=2.49027 2.39857 2.54478 2.18861 1.43457 2.06008 1.83883
threshold=-0.02817624153510306 0.010618903598118347 -0.043864369041982591 -0.022718843335850666 16.164999961853031 0.058402037140962711 0.045649283654048654
decision_type=2 2 2 2 2 2 2
left_child=3 2 -2 -1 5 -5 -6
right_child=1 -3 -4 4 6 -7 -8
leaf_value=0.00066658630967140196 0.0020079131238162516 0.001437453948892653 0.0010305329808034003 0.001417519082315266 0.0015483370050787925 0.00099696139222942297 0.0010677893471438438
leaf_weight=26 27 25 459 77 77 25 34
leaf_count=26 27 25 459 77 77 25 34
internal_value=0.00101678 -0.000953602 -0.00173054 0.00522961 0.00690129 0.0026207 0.0108348
internal_weight=750 511 486 239 213 102 111
internal_count=750 511 486 239 213 102 111
is_linear=0
shrinkage=1


Tree=1
num_leaves=8
num_cat=0
split_feature=14 3 8 7 8 9 10
split_gain=2.83408 1.9604 1.83366 3.14397 1.6861 1.63856 1.52514
threshold=-0.02817624153510306 -0.011409322724170166 0.0099954380237521363 0.019616996266431434 -0.074833016783252757 0.1699873027420962 0.010591418284257028
decision_type=2 2 10 2 10 8 2
left_child=6 -2 3 4 -3 -6 -1
right_child=1 2 -4 -5 5 -7 -8
leaf_value=0.00028951215266715731 0.00028834723401814703 0.00014540593314450235 2.6987638557329755e-06 -0.00068599928286857911 -0.00014626819698605685 -0.0003517554543213919 -0.00018370201694779099
leaf_weight=174 49 67 241 33 52 59 59
leaf_count=174 49 67 241 33 52 59 59
internal_value=0.00027248 -0.00184631 -0.00287611 -0.00627962 -0.00365169 -0.00743243 0.00482833
internal_weight=734 501 452 211 178 111 233
internal_count=734 501 452 211 178 111 233
is_linear=0
shrinkage=0.05


Tree=2
num_leaves=8
num_cat=0
split_feature=14 13 16 11 13 4 7
split_gain=1.9737 2.97108 2.65237 1.42092 1.31253 1.72088 1.64354
threshold=-0.0046169142462271764 20.980000495910648 -0.022718843335850666 -0.023324980459216712 13.234999656677248 0.029955264467338961 0.02350229676855287
decision_type=2 2 2 2 2 2 2
left_child=2 -2 -1 -3 -4 6 -6
right_child=1 3 4 -5 5 -7 -8
leaf_value=-0.00061856002375134268 -0.00016811738346586937 0.00050889733411895583 -0.00010830664020613769 4.0235168969957177e-05 0.0003515009587572422 9.1685149789555001e-05 0.00011208932916633784
leaf_weight=32 309 28 43 33 66 174 64
leaf_count=32 309 28 43 33 66 174 64
internal_value=0.000300401 -0.0022973 0.00283641 0.00778689 0.00410663 0.00526316 0.00961538
internal_weight=749 370 379 61 347 304 130
internal_count=749 370 379 61 347 304 130
is_linear=0
shrinkage=0.05


Tree=3
num_leaves=8
num_cat=0
split_feature=14 3 16 2 4 13 13
split_gain=1.90388 2.33892 1.97135 1.41205 1.79276 1.39655 1.33798
threshold=-0.02817624153510306 -0.011409322724170166 -0.022718843335850666 0.11052308582337224 0.043007445072995747 16.164999961853031 20.980000495910648
decision_type=2 2 2 2 2 2 2
left_child=2 -2 -1 4 -4 -5 -3
right_child=1 6 3 5 -6 -7 -8
leaf_value=-0.00044290112046146534 0.00024848500561129187 -0.0001447018058046524 0.00037592608309714712 -0.00015914789427042708 -0.00018064951163105435 0.0002323306544290972 0.00017979994983907091
leaf_weight=26 55 396 120 29 39 29 49
leaf_count=26 55 396 120 29 39 29 49
internal_value=-0.000235532 -0.002 0.00339506 0.00495392 0.00738994 -0.00172414 -0.00320225
internal_weight=743 500 243 217 159 58 445
internal_count=743 500 243 217 159 58 445
is_linear=0
shrinkage=0.05


Tree=4
num_leaves=8
num_cat=0
split_feature=14 15 13 8 4 8 2
split_gain=2.09323 3.05545 2.63204 1.47351 2.64411 1.56642 1.36803
threshold=-0.02817624153510306 0.010693782912721274 20.865000724792484 0.080739222615361608 0.046924262648079799 0.11594485068553108 0.042998052231857271
decision_type=2 2 2 8 2 10 2
left_child=3 2 -2 4 -1 -5 -4
right_child=1 -3 6 5 -6 -7 -8
leaf_value=0.00035115019322267478 -9.9337980748059629e-05 0.00033894804189887515 0.00047274534352674893 -0.00045632214058203316 -0.00024519789638441581 0.0002306358727145562 -6.7914715007900679e-05
leaf_weight=115 416 26 38 28 42 48 33
leaf_count=115 416 26 38 28 42 48 33
internal_value=0.000469169 -0.00131579 -0.00220739 0.00439914 0.00716561 -0.00131579 0.00669014
internal_weight=746 513 487 233 157 76 71
internal_count=746 513 487 233 157 76 71
is_linear=0
shrinkage=0.05


Tree=5
num_leaves=8
num_cat=0
split_feature=1 3 3 16 8 8 8
split_gain=2.23868 2.28995 2.14278 1.56003 2.35282 2.51859 1.57602
threshold=0.005203505612889626 -0.0086683868455376661 -0.0050447090254483453 0.0057456100496092741 -0.070829654306993603 -0.0045649649235078851 0.11305355576103072
decision_type=2 2 2 2 8 10 8
left_child=3 -2 -3 6 -5 -6 -1
right_child=1 2 -4 4 5 -7 -8
leaf_value=-7.8808911696683949e-05 0.00031253769627894508 -0.00068378851792917986 0.00013165887570843008 0.00029961925932722261 -0.00065158905232480351 -9.7109623932434264e-05 0.00029890119498523425
leaf_weight=228 30 26 308 35 30 44 36
leaf_count=228 30 26 308 35 30 44 36
internal_value=0.000644505 0.00343407 0.00224551 -0.00207775 -0.00711009 -0.0121622 0
internal_weight=737 364 334 373 109 74 264
internal_count=737 364 334 373 109 74 264
is_linear=0
shrinkage=0.05


Tree=6
num_leaves=8
num_cat=0
split_feature=14 15 13 9 16 8 15
split_gain=1.90077 2.38639 2.91733 1.89 1.73183 1.74361 2.18932
threshold=-0.030119880421319408 0.010693782912721274 21.664999961853031 0.065261568097401482 -0.022718843335850666 0.081218829221251357 0.009499715520465692
decision_type=2 2 2 8 2 8 2
left_child=4 2 -2 -4 -1 6 -6
right_child=1 -3 3 -5 5 -7 -8
leaf_value=-0.00036883373877601242 -0.00012234446092654932 0.00035699958308638754 -9.0079263229478527e-05 0.00054329295174764664 0.00041894804823063833 -4.1213448857711423e-05 3.0169575045008344e-05
leaf_weight=25 434 25 25 35 79 70 53
leaf_count=25 434 25 25 35 79 70 53
internal_value=-0.000402145 -0.00207129 -0.00283401 0.0075 0.0034141 0.0049505 0.00833333
internal_weight=746 519 494 60 227 202 132
internal_count=746 519 494 60 227 202 132
is_linear=0
shrinkage=0.05


Tree=7
num_leaves=8
num_cat=0
split_feature=9 9 14 14 4 4 11
split_gain=1.597 1.75636 1.54188 2.13675 2.19396 1.51143 1.40336
threshold=-0.06354835781350153 -0.34475703421282122 0.11927434384443127 0.01016731697942619 0.036653628682774574 0.02902140617589765 -0.01930721697732057
decision_type=8 10 2 2 2 2 2
left_child=1 -1 3 6 5 -5 -2
right_child=2 -3 -4 4 -6 -7 -8
leaf_value=0.00043041036513314333 -0.00016797683003313599 -0.00041211876806972864 0.00039036888982323819 -0.00011622723788022187 0.00017961519628494822 -0.00040194462031158432 0.00014365635423361342
leaf_weight=29 31 97 34 100 55 40 359
leaf_count=29 31 97 34 100 55 40 359
internal_value=0.000369128 -0.0047619 0.00141357 0.000811966 -0.00346154 -0.00678571 0.00294872
internal_weight=745 126 619 585 195 140 390
internal_count=745 126 619 585 195 140 390
is_linear=0
shrinkage=0.05


Tree=8
num_leaves=8
num_cat=0
split_feature=11 14 13 1 10 11 15
split_gain=1.93676 1.80155 2.30004 2.0727 2.30524 1.77955 1.74508
threshold=0.030456421062291409 -0.030906714022271572 20.255000114440922 0.054842865965383132 0.010591418284257028 -0.023324980459216712 0.010308036294939928
decision_type=2 2 2 2 2 2 2
left_child=1 3 6 4 -1 -4 -3
right_child=-2 2 5 -5 -6 -7 -8
leaf_value=0.00030359454409467374 0.00026773899349501147 -0.00016309684056394383 0.00041849154231262276 -0.00028009619130558874 -0.00017633685744248705 -6.6709053472702806e-06 0.00024880301208463209
leaf_weight=126 54 383 30 35 53 58 25
leaf_count=126 54 383 30 35 53 58 25
internal_value=0.00013089 -0.00056338 -0.00221774 0.00327103 0.00544693 0.00511364 -0.00379902
internal_weight=764 710 496 214 179 88 408
internal_count=764 710 496 214 179 88 408
is_linear=0
shrinkage=0.05


Tree=9
num_leaves=8
num_cat=0
split_feature=16 7 6 7 13 0 10
split_gain=1.48427 1.32035 2.55903 2.13287 1.83117 1.86032 1.79752
threshold=0.039750327474340381 0.020929112583534474 1.7142791016432637 0.016295573192794736 14.340000152587892 -0.009423033868855733 -0.0018713980649029403
decision_type=2 2 2 2 2 2 2
left_child=1 2 3 4 5 -1 -3
right_child=-2 6 -4 -5 -6 -7 -8
leaf_value=-0.00047409360489482913 0.00045092450183317447 -0.00028634764316341305 -0.00073600022589260833 0.00041730633314423479 0.00013561382327940052 4.759900003638076e-07 -4.0857693795505036e-06
leaf_weight=27 32 86 26 31 284 51 207
leaf_count=27 32 86 26 31 284 51 207
internal_value=0.000403226 -7.02247e-05 0.00173031 0.00273537 0.00165746 -0.00512821 -0.00264505
internal_weight=744 712 419 393 362 78 293
internal_count=744 712 419 393 362 78 293
is_linear=0
shrinkage=0.05


Tree=10
num_leaves=8
num_cat=0
split_feature=1 2 6 1 12 7 4
split_gain=1.77385 2.20416 1.89645 1.82346 1.24941 1.32106 1.22314
threshold=0.0048434102625376516 0.13295414962274257 0.16247875256041819 0.021440468868986987 0.032077176044670981 0.0079058428799340125 0.023524039055696212
decision_type=2 2 2 2 2 2 2
left_child=-1 3 -3 6 5 -5 -2
right_child=1 2 -4 4 -6 -7 -8
leaf_value=-0.00010672170957885976 0.00033431006476361796 -0.00012726616420260972 0.00029794745953944031 0.00026907697510706311 -5.4871322613853929e-05 1.455891475861653e-05 0.00020243162524302135
leaf_weight=371 32 75 35 34 49 90 63
leaf_count=371 32 75 35 34 49 90 63
internal_value=0.000367156 0.00277778 -0.00318182 0.00522388 0.00216763 0.00483871 0.0107895
internal_weight=749 378 110 268 173 124 95
internal_count=749 378 110 268 173 124 95
is_linear=0
shrinkage=0.05


Tree=11
num_leaves=8
num_cat=0
split_feature=14 16 11 4 0 11 6
split_gain=1.76244 2.50792 1.85387 1.60303 1.83203 1.47121 1.8668
threshold=0.005094684764536229 -0.022718843335850666 -0.022310337551763478 0.022205615756460486 0.011389016765852357 0.011258246929470419 -0.84855408669099253
decision_type=2 2 2 2 2 2 2
left_child=1 -1 -2 -4 -5 6 -3
right_child=2 5 3 4 -6 -7 -8
leaf_value=-0.0004486179669352329 0.00015709273791334255 0.00034284549393098291 0.00019259349242895738 -0.00022537599198459732 -0.00041413849215804369 4.9063006821724869e-06 0.00019126911218324185
leaf_weight=37 42 29 44 192 28 190 185
leaf_count=37 42 29 44 192 28 190 185
internal_value=0.000301205 0.00232426 -0.00261438 -0.00416667 -0.00590909 0.00346535 0.00630841
internal_weight=747 441 306 264 220 404 214
internal_count=747 441 306 264 220 404 214
is_linear=0
shrinkage=0.05


Tree=12
num_leaves=8
num_cat=0
split_feature=12 16 13 1 8 8 9
split_gain=1.69028 2.33473 1.83604 1.46508 2.02924 2.60038 2.27866
threshold=-0.026522918814270154 -0.023441261113955943 21.409999847412113 0.0048434102625376516 -0.065633181235050173 0.12527067880167023 0.18279240875192673
decision_type=2 2 2 2 10 10 10
left_child=-1 -2 3 4 -3 6 -6
right_child=1 2 -4 -5 5 -7 -8
leaf_value=0.00018415859287892116 -0.00033174310416712334 0.0002430982179258658 0.0004393222503256418 4.0634582397436569e-05 -0.00022526939855646959 0.00022438365203219062 -0.00030530077465447169
leaf_weight=104 46 83 25 308 88 26 54
leaf_count=104 46 83 25 308 88 26 54
internal_value=-0.00013624 -0.00111111 -0.000256849 -0.000849732 -0.00368526 -0.00684524 -0.00950704
internal_weight=734 630 584 559 251 168 142
internal_count=734 630 584 559 251 168 142
is_linear=0
shrinkage=0.05


Tree=13
num_leaves=8
num_cat=0
split_feature=1 3 3 2 4 8 16
split_gain=1.88972 2.00764 1.91638 1.42504 1.50977 1.43524 1.41065
threshold=0.005203505612889626 -0.0088434138048742433 -0.0051375160638085218 0.13295414962274257 0.020321832341335885 0.14489245627066419 0.0057456100496092741
decision_type=2 2 2 2 2 10 2
left_child=6 -2 -3 4 -4 -5 -1
right_child=1 2 3 5 -6 -7 -8
leaf_value=-1.2710628992516189e-05 0.00026448905155424912 -0.0005615295131287377 0.00033817179687017885 -0.00027111896979023514 0.0001217046104933124 9.2877768348178917e-05 -0.00025285819499604054
leaf_weight=269 30 26 27 35 199 47 112
leaf_count=269 30 26 27 35 199 47 112
internal_value=3.3557e-05 0.00260989 0.00149701 0.0025974 0.00464602 -0.00304878 -0.00242782
internal_weight=745 364 334 308 226 82 381
internal_count=745 364 334 308 226 82 381
is_linear=0
shrinkage=0.05


Tree=14
num_leaves=8
num_cat=0
split_feature=14 4 13 7 6 12 16
split_gain=1.3303 2.2812 3.01994 2.69836 1.94153 2.33825 1.89662
threshold=0.005094684764536229 0.043007445072995747 15.234999656677248 0.021583814225879631 -0.7464632046401144 0.044320359090521573 0.019664928258432472
decision_type=2 2 2 2 2 2 2
left_child=1 2 4 -4 -1 -6 -5
right_child=-2 -3 3 6 5 -7 -8
leaf_value=0.0002660442548762359 -7.6741666148526954e-05 -0.00022843427011553171 0.00033700805643939658 -0.00012760398448283467 -0.00023356360314056657 0.00018609268675043168 0.00019343496770119476
leaf_weight=27 297 84 95 61 92 33 30
leaf_count=27 297 84 95 61 92 33 30
internal_value=-0.000382476 0.0014218 0.00325444 0.00752688 -0.00197368 -0.0046 0.00137363
internal_weight=719 422 338 186 152 125 91
internal_count=719 422 338 186 152 125 91
is_linear=0
shrinkage=0.05


Tree=15
num_leaves=8
num_cat=0
split_feature=14 16 8 5 2 15 1
split_gain=1.86008 2.18803 1.98898 2.41417 2.05747 2.13761 2.07262
threshold=-0.02817624153510306 -0.022718843335850666 0.0099954380237521363 0.035352424569867306 0.0099741918701615768 -0.010286893464813983 0.035937938412047295
decision_type=2 2 8 2 2 2 2
left_child=1 -1 3 -2 -4 -6 -7
right_child=2 -3 4 -5 5 6 -8
leaf_value=-0.00036934035737389362 -0.00026064074376485707 0.00020116098731679617 0.00034721779015486518 0.0002751199041398145 -0.00043412630718621376 -2.9959653911496151e-05 0.00028020534254805189
leaf_weight=26 206 208 39 26 29 139 70
leaf_count=26 206 208 39 26 29 139 70
internal_value=0.000370121 0.00405983 -0.00132613 -0.00474138 0.0015343 -0.000210084 0.00155502
internal_weight=743 234 509 232 277 238 209
internal_count=743 234 509 232 277 238 209
is_linear=0
shrinkage=0.05


Tree=16
num_leaves=8
num_cat=0
split_feature=6 16 0 6 13 14 8
split_gain=1.65049 1.83902 1.68056 1.55644 1.53562 1.9676 2.37722
threshold=-0.72033284129143926 0.0074942775953367189 -0.00064538234998423583 -0.58660490057373549 19.115000724792484 -0.028276541619188519 0.0099954380237521363
decision_type=2 2 2 2 2 2 10
left_child=1 2 -1 -2 5 -5 -7
right_child=3 -3 -4 4 -6 6 -8
leaf_value=0.00013933674334882921 -0.00025170668156048891 -3.6538641400802724e-05 0.00035407502195927438 0.00014624226587217211 0.0001863839605672266 -0.00032374379341275475 -1.6434941460781254e-06
leaf_weight=36 66 52 36 128 136 126 177
leaf_count=36 66 52 36 128 136 126 177
internal_value=-3.30251e-05 0.00524194 0.0104167 -0.00106635 -0.000220459 -0.00168213 -0.00387789
internal_weight=757 124 72 633 567 431 303
internal_count=757 124 72 633 567 431 303
is_linear=0
shrinkage=0.05


Tree=17
num_leaves=8
num_cat=0
split_feature=14 15 8 11 12 4 1
split_gain=1.47674 1.89578 2.79501 1.61897 1.54352 1.45023 1.63475
threshold=-0.02817624153510306 0.0097709863996334762 0.084258521936106293 -0.0022568172628349421 -0.043864369041982591 0.021931500191151473 0.0028244167244538825
decision_type=2 2 8 2 2 2 2
left_child=1 2 3 -1 -2 6 -6
right_child=4 -3 -4 -5 5 -7 -8
leaf_value=7.0381871359035913e-05 0.00074077308815704733 -3.3833826667275031e-05 -0.00014127871592845042 0.00040029454845019567 -7.3922225039910563e-05 -0.00011719193795154209 0.00017421942821236829
leaf_weight=30 29 84 54 69 29 396 55
leaf_count=30 29 84 54 69 29 396 55
internal_value=-0.000201072 0.00305907 0.00637255 0.0113636 -0.00171906 -0.00239583 0.00357143
internal_weight=746 237 153 99 509 480 84
internal_count=746 237 153 99 509 480 84
is_linear=0
shrinkage=0.05


Tree=18
num_leaves=8
num_cat=0
split_feature=0 8 16 11 10 0 3
split_gain=1.8652 2.40001 1.72277 1.40278 2.37639 2.03949 1.99908
threshold=-0.0098291233733517874 -0.077454349704344658 -0.023441261113955943 0.001067718638755544 0.0025358686375718258 0.011036685160881412 0.0049210839374544965
decision_type=2 8 2 2 2 2 2
left_child=1 -1 -2 -4 5 -5 -6
right_child=2 -3 3 4 6 -7 -8
leaf_value=0.00022184181550803834 -0.00030377824099712259 -0.00021209546277559961 0.00018740403729971397 -4.8875819952196142e-05 0.00015486372758302818 -0.0005871980802910565 -1.8723973142453779e-05
leaf_weight=58 40 150 162 108 106 41 88
leaf_count=58 40 150 162 108 106 41 88
internal_value=-0.000298805 -0.00432692 0.00123853 0.0020297 0.000218659 -0.0045302 0.00386598
internal_weight=753 208 545 505 343 149 194
internal_count=753 208 545 505 343 149 194
is_linear=0
shrinkage=0.05


Tree=19
num_leaves=8
num_cat=0
split_feature=14 4 7 13 12 8 1
split_gain=1.55391 3.5091 3.86319 2.72367 2.05092 1.91852 1.72325
threshold=0.005094684764536229 0.043152262701350481 0.020929112583534474 20.980000495910648 0.042111122308508782 -0.12827603739594798 -0.011213576934065493
decision_type=2 2 2 2 2 10 2
left_child=1 2 -1 6 -4 -3 -2
right_child=3 5 4 -5 -6 -7 -8
leaf_value=0.00024831492034734355 -0.00032077181829008659 0.00015400744018017194 -0.00013475491545254599 0.00027814156008895561 0.00018635598247700326 -0.00061164977284897636 -2.6484275306964467e-05
leaf_weight=170 90 32 126 53 50 55 163
leaf_count=170 90 32 126 53 50 55 163
internal_value=0.000439783 0.00236721 0.00462428 -0.00228758 -0.000568182 -0.0066092 -0.00444664
internal_weight=739 433 346 306 176 87 253
internal_count=739 433 346 306 176 87 253
is_linear=0
shrinkage=0.05


Tree=20
num_leaves=8
num_cat=0
split_feature=14 14 13 9 16 14 0
split_gain=1.91485 2.02675 1.54 2.73367 1.41607 1.42366 1.89088
threshold=-0.02817624153510306 -0.040011250304013861 21.664999961853031 0.065261568097401482 -0.007133509396251402 -0.06426442822534599 0.0065327923770699412
decision_type=2 2 2 8 2 2 2
left_child=1 4 -2 -4 -1 6 -6
right_child=2 -3 3 -5 5 -7 -8
leaf_value=-0.00028087361627111677 -5.0000647619114879e-05 0.0003285757626390892 -0.00029269658992132116 0.00045763783116720158 7.6174580356623796e-06 -3.3085059508867275e-05 0.00040657308467412624
leaf_weight=47 461 56 26 33 30 61 37
leaf_count=47 461 56 26 33 30 61 37
internal_value=0.000432756 0.00422078 -0.00125 0.00635593 0.00157143 0.00429688 0.00932836
internal_weight=751 231 520 59 175 128 67
internal_count=751 231 520 59 175 128 67
is_linear=0
shrinkage=0.05


Tree=21
num_leaves=8
num_cat=0
split_feature=0 2 1 8 15 16 15
split_gain=1.59173 2.91308 2.25732 1.88671 1.65874 1.45985 1.78837
threshold=-0.0098291233733517874 -0.051313354239904345 -0.023464175280824614 0.012146534679571388 -0.011298995442553359 -0.023739338101520454 -0.0023069181163637982
decision_type=2 2 2 10 2 2 2
left_child=1 2 -1 -3 -2 -6 -7
right_child=4 3 -4 -5 5 6 -8
leaf_value=-0.00023559417937611557 -0.00028782559774128596 -0.00033904629784876656 0.00038611553138051953 -3.7797589081115408e-05 -0.00028892829668868066 0.00024958058669093179 1.7493948304473999e-05
leaf_weight=47 27 66 25 69 32 111 371
leaf_count=47 27 66 25 69 32 111 371
internal_value=0.000467914 -0.00326087 0.00486111 -0.00759259 0.00189464 0.00252918 0.00321577
internal_weight=748 207 72 135 541 514 482
internal_count=748 207 72 135 541 514 482
is_linear=0
shrinkage=0.05


Tree=22
num_leaves=8
num_cat=0
split_feature=16 7 14 15 13 0 15
split_gain=2.14386 2.05714 1.93497 2.06106 2.50311 1.87931 2.25766
threshold=-0.023441261113955943 -0.020683702333323947 -0.030906714022271572 0.010693782912721274 21.664999961853031 -0.0098291233733517874 0.0065483618287495169
decision_type=2 2 2 2 2 2 2
left_child=1 -1 5 4 -4 -2 -7
right_child=2 -3 3 -5 -6 6 -8
leaf_value=0.00017549137404991103 -0.00025432973183182699 -0.00039220797049320543 -8.5422307871174609e-05 0.00024889388445979271 0.00039643744517492386 0.00034830270666576604 3.6296252245056412e-05
leaf_weight=30 26 42 406 30 33 79 96
leaf_count=30 26 42 406 30 33 79 96
internal_value=-0.000134771 -0.00833333 0.000746269 -0.00101279 -0.00187927 0.00485075 0.00671429
internal_weight=742 72 670 469 439 201 175
internal_count=742 72 670 469 439 201 175
is_linear=0
shrinkage=0.05


Tree=23
num_leaves=8
num_cat=0
split_feature=1 3 3 3 14 1 12
split_gain=1.4056 1.99104 1.95382 1.59073 1.7145 1.2352 1.21905
threshold=0.005203505612889626 -0.0088434138048742433 -0.0051375160638085218 -0.001238177668010376 -0.0022749768251851816 0.021107115382216882 -0.049048441539310476
decision_type=2 2 2 2 2 2 2
left_child=6 -2 -3 4 -4 -5 -1
right_child=1 2 3 5 -6 -7 -8
leaf_value=0.00044314114254097759 0.00013773004710011563 -0.00063499960867587166 0.00034616171467820496 0.00013140322511380272 2.3790763124041282e-05 -1.1127382067847265e-05 -6.0696256124542361e-05
leaf_weight=25 27 26 27 69 28 199 350
leaf_count=25 27 26 27 69 28 199 350
internal_value=0.000499334 0.00265957 0.00164756 0.00270898 0.0104545 0.0011194 -0.00166667
internal_weight=751 376 349 323 55 268 375
internal_count=751 376 349 323 55 268 375
is_linear=0
shrinkage=0.05


Tree=24
num_leaves=8
num_cat=0
split_feature=7 8 0 5 4 8 14
split_gain=1.38449 1.61105 1.97093 1.69207 2.20604 1.29037 2.05414
threshold=-0.13419711927881653 -0.074833016783252757 -0.0098291233733517874 0.016395830730751081 0.033801014897798611 -0.032809468802370283 -0.01786915050429105
decision_type=2 8 2 2 2 8 2
left_child=-1 -2 3 -3 -5 6 -4
right_child=1 2 5 4 -6 -7 -8
leaf_value=-0.00032778623210577914 0.00030751020396151693 -0.00028146882326343978 0.00016021500814704186 6.4282868778195833e-05 -0.00020917702718641187 5.7602252220771743e-05 -0.00044937796250910258
leaf_weight=40 87 49 29 32 63 417 32
leaf_count=40 87 49 29 32 63 417 32
internal_value=0.000300401 0.000811001 -8.03859e-05 -0.00520833 -0.00131579 0.00146444 -0.00532787
internal_weight=749 709 622 144 95 478 61
internal_count=749 709 622 144 95 478 61
is_linear=0
shrinkage=0.05


Tree=25
num_leaves=8
num_cat=0
split_feature=16 12 16 1 7 3 10
split_gain=1.43495 1.86889 1.84973 1.37234 1.58587 1.92756 1.6499
threshold=-0.023441261113955943 -0.026522918814270154 -0.017936937987253872 -0.0041976224695331457 0.020929112583534474 -0.0024952397504865993 0.0028352827684376973
decision_type=2 2 2 2 2 2 2
left_child=1 -1 -2 -4 5 -5 -6
right_child=2 -3 3 4 6 -7 -8
leaf_value=0.00018621815433904465 0.00015583902423517784 -0.0002886716838773437 -7.5172050680262658e-05 0.00033681626532191573 -0.00015111741985919806 8.9846343859881981e-05 6.8867419621870403e-05
leaf_weight=30 48 45 220 38 137 110 129
leaf_count=30 48 45 220 38 137 110 129
internal_value=0.000231176 -0.00633333 0.000953079 0.000236593 0.00193237 0.00608108 -0.00037594
internal_weight=757 75 682 634 414 148 266
internal_count=757 75 682 634 414 148 266
is_linear=0
shrinkage=0.05


Tree=26
num_leaves=8
num_cat=0
split_feature=14 10 1 1 6 7 1
split_gain=1.09437 2.57453 2.71406 1.64796 1.34823 1.24705 1.00283
threshold=-0.030119880421319408 0.010591418284257028 0.048271093814294182 -0.0034863406736760911 -0.15058404051480684 -0.0017292674970788011 -0.012200475806968035
decision_type=2 2 2 2 2 2 2
left_child=1 2 4 -3 5 -1 -2
right_child=6 3 -4 -5 -6 -7 -8
leaf_value=0.00025378847408382007 -0.00011308944617562725 -0.00056339798481818716 -0.00012786656737397742 0.00017311974905983058 0.00057638081037933702 7.09131921479879e-05 1.3204578013978428e-05
leaf_weight=32 193 26 42 32 40 51 321
leaf_count=32 193 26 42 32 40 51 321
internal_value=0.000101764 0.00302691 0.00621212 -0.00603448 0.00995935 0.0063253 -0.00116732
internal_weight=737 223 165 58 123 83 514
internal_count=737 223 165 58 123 83 514
is_linear=0
shrinkage=0.05


Tree=27
num_leaves=8
num_cat=0
split_feature=16 2 14 2 14 2 15
split_gain=1.21375 2.40667 1.50968 1.70955 1.70147 1.59516 1.33428
threshold=-0.023441261113955943 -0.02666567815267373 0.005094684764536229 0.22091878198315976 0.035942894407802857 0.14683107368796691 -0.0023069181163637982
decision_type=2 2 2 2 2 2 2
left_child=1 -1 3 5 -4 6 -2
right_child=2 -3 4 -5 -6 -7 -8
leaf_value=0.0001242209869869875 0.00025132590256025933 -0.00028409197950819237 -0.00017415828637606774 0.00034084752941048705 1.8654846254696318e-05 -0.00010262480368444167 4.9237174195067424e-05
leaf_weight=25 68 50 118 26 154 44 264
leaf_count=25 68 50 118 26 154 44 264
internal_value=0.000367156 -0.00566667 0.00103858 0.00298507 -0.00183824 0.00212766 0.00331325
internal_weight=749 75 674 402 272 376 332
internal_count=749 75 674 402 272 376 332
is_linear=0
shrinkage=0.05


Tree=28
num_leaves=8
num_cat=0
split_feature=16 11 7 4 6 16 16
split_gain=1.20983 2.18315 1.45431 1.41575 1.27167 1.1274 2.29541
threshold=0.030171215245926922 0.023061662230793093 -0.13419711927881653 0.036008590263495795 -1.0893631655281115 -0.023441261113955943 -0.017936937987253872
decision_type=2 2 2 2 2 2 2
left_child=1 2 -1 -2 -4 -6 -7
right_child=3 -3 4 -5 5 6 -8
leaf_value=-0.00031251286044438738 1.6419390908131287e-05 -0.00013961126548223173 0.00022461926408553972 0.00039760755750730699 -0.00021780175108779664 0.0001642868592978979 -6.2936935261636137e-06
leaf_weight=31 50 52 31 26 66 45 463
leaf_count=31 50 52 31 26 66 45 463
internal_value=-6.5445e-05 -0.000726744 7.86164e-05 0.00592105 0.000619835 8.7108e-05 0.000885827
internal_weight=764 688 636 76 605 574 508
internal_count=764 688 636 76 605 574 508
is_linear=0
shrinkage=0.05


end of trees

feature_importances:
vix_chg_1d=24
sector_ret_5d=22
dist_ma50=19
ret_5d=16
vix_level=15
atr_pct=14
dist_ma20=13
sector_ret_1d=12
overnight_gap=11
ret_1d=9
ret_20d=9
spy_ret_5d=9
dvol_z_20=8
spy_ret_20d=8
dist_ma200=6
spy_ret_1d=6
parkinson_20=2

parameters:
[boosting: gbdt]
[objective: quantile]
[metric: quantile]
[tree_learner: serial]
[device_type: cpu]
[data_sample_strategy: bagging]
[data: ]
[valid: ]
[num_iterations: 80]
[learning_rate: 0.05]
[num_leaves: 8]
[num_threads: 1]
[seed: 0]
[deterministic: 0]
[force_col_wise: 1]
[force_row_wise: 0]
[histogram_pool_size: -1]
[max_depth: -1]
[min_data_in_leaf: 25]
[min_sum_hessian_in_leaf: 0.001]
[bagging_fraction: 0.9]
[pos_bagging_fraction: 1]
[neg_bagging_fraction: 1]
[bagging_freq: 1]
[bagging_seed: 3]
[bagging_by_query: 0]
[feature_fraction: 0.9]
[feature_fraction_bynode: 1]
[feature_fraction_seed: 2]
[extra_trees: 0]
[extra_seed: 6]
[early_stopping_round: 0]
[early_stopping_min_delta: 0]
[first_metric_only: 0]
[max_delta_step: 0]
[lambda_l1: 0]
[lambda_l2: 0]
[linear_lambda: 0]
[min_gain_to_split: 0]
[drop_rate: 0.1]
[max_drop: 50]
[skip_drop: 0.5]
[xgboost_dart_mode: 0]
[uniform_drop: 0]
[drop_seed: 4]
[top_rate: 0.2]
[other_rate: 0.1]
[min_data_per_group: 100]
[max_cat_threshold: 32]
[cat_l2: 10]
[cat_smooth: 10]
[max_cat_to_onehot: 4]
[top_k: 20]
[monotone_constraints: ]
[monotone_constraints_method: basic]
[monotone_penalty: 0]
[feature_contri: ]
[forcedsplits_filename: ]
[refit_decay_rate: 0.9]
[cegb_tradeoff: 1]
[cegb_penalty_split: 0]
[cegb_penalty_feature_lazy: ]
[cegb_penalty_feature_coupled: ]
[path_smooth: 0]
[interaction_constraints: ]
[verbosity: -1]
[saved_feature_importance_type: 0]
[use_quantized_grad: 0]
[num_grad_quant_bins: 4]
[quant_train_renew_leaf: 0]
[stochastic_rounding: 1]
[linear_tree: 0]
[max_bin: 255]
[max_bin_by_feature: ]
[min_data_in_bin: 3]
[bin_construct_sample_cnt: 200000]
[data_random_seed: 1]
[is_enable_sparse: 1]
[enable_bundle: 1]
[use_missing: 1]
[zero_as_missing: 0]
[feature_pre_filter: 1]
[pre_partition: 0]
[two_round: 0]
[header: 0]
[label_column: ]
[weight_column: ]
[group_column: ]
[ignore_column: ]
[categorical_feature: ]
[forcedbins_filename: ]
[precise_float_parser: 0]
[parser_config_file: ]
[objective_seed: 5]
[num_class: 1]
[is_unbalance: 0]
[scale_pos_weight: 1]
[sigmoid: 1]
[boost_from_average: 1]
[reg_sqrt: 0]
[alpha: 0.5]
[fair_c: 1]
[poisson_max_delta_step: 0.7]
[tweedie_variance_power: 1.5]
[lambdarank_truncation_level: 30]
[lambdarank_norm: 1]
[label_gain: ]
[lambdarank_position_bias_regularization: 0]
[eval_at: ]
[multi_error_top_k: 1]
[auc_mu_weights: ]
[num_machines: 1]
[local_listen_port: 12400]
[time_out: 120]
[machine_list_filename: ]
[machines: ]
[gpu_platform_id: -1]
[gpu_device_id: -1]
[gpu_device_id_list: ]
[gpu_use_dp: 0]
[num_gpu: 1]

end of parameters

pandas_categorical:[]
