tree
version=v4
num_class=1
num_tree_per_iteration=1
label_index=0
max_feature_idx=16
objective=quantile
feature_names=ret_1d ret_5d ret_20d overnight_gap atr_pct parkinson_20 dvol_z_20 dist_ma20 dist_ma50 dist_ma200 spy_ret_1d spy_ret_5d spy_ret_20d vix_level vix_chg_1d sector_ret_1d sector_ret_5d
feature_infos=[-0.16420895480345354:0.28678399999999993] [-0.30050280981958:0.42767106147322576] [-0.35634794092541588:0.55838944433108906] [-0.20150680469601912:0.17779120104701507] [0.017046560478282749:0.09276026631036545] [0.010683698020002668:0.043144207577695173] [-1.7085140303990314:4.3489671404759775] [-0.29709931451134208:0.34502540996489772] [-0.29467920036934703:0.46986904438711563] [-0.4505523740214542:0.89638442318514033] [-0.058542947643003718:0.10501933612632941] [-0.11496158439845272:0.082843216242346029] [-0.12265592443394913:0.15756596870864792] [11.859999656677246:52.330001831054688] [-0.35753873962348437:0.74039073966007019] [-0.06285260230433054:0.088816354578251211] [-0.11675897124649115:0.08529462291702461]
tree_sizes=845 856 857 855 859 861 859 863 864 861 854 858 857 854 857 867 862 851 842 860 862 860 864 850 858 865 859 853 855 860 857 848 854 855 852 859 847 864 858 861 864 856 860 853 854 858 852 852 860 852 863 846 856 861 861 859 862 854 872 856 856 854 850 863 850 860 854 858 848 844 856 856 850 852 843 856 861 845 852

Tree=0
num_leaves=8
num_cat=0
split_feature=5 14 4 1 1 16 14
split_gain=6.56587 3.38681 3.28217 2.11743 2.10378 1.96117 1.95182
threshold=0.030075532928231358 0.01016731697942619 0.021931500191151473 0.054842865965383132 0.0088642029966357078 0.0078790074387253845 -0.017044659763988276
decision_type=2 2 2 2 2 2 2
left_child=1 3 -3 4 -1 -2 -6
right_child=5 2 -4 -5 6 -7 -8
leaf_value=-0.011565993260592222 -0.012259060936048626 -0.011479847226291895 -0.011852147709578275 -0.01173481522127986 -0.011307204049080611 -0.011759395012632012 -0.011610360071063041
leaf_weight=186 84 38 188 63 83 51 57
leaf_count=186 84 38 188 63 83 51 57
internal_value=-0.0118643 -0.00967243 -0.0145404 -0.00684424 -0.00522258 -0.0218495 -0.000592867
internal_weight=750 615 226 389 326 135 140
internal_count=750 615 226 389 326 135 140
is_linear=0
shrinkage=1


Tree=1
num_leaves=8
num_cat=0
split_feature=0 5 0 9 10 4 9
split_gain=5.24588 3.14405 2.32209 3.27696 2.81181 1.85096 2.13023
threshold=-0.0098291233733517874 0.020468266228345102 0.0047871981743627954 0.043084119196831756 0.0066242939925211805 0.019842395798862943 0.12910521330799843
decision_type=2 2 2 8 2 2 8
left_child=-1 5 3 -3 -4 -2 -7
right_child=1 2 4 -5 -6 6 -8
leaf_value=-0.00018330068793147807 0.00032672890229150657 -0.00036164771532639869 -0.00036001403117552405 0.00022925056749954818 0.00026630739215761419 0.0002545292675495148 5.5448755156248773e-05
leaf_weight=199 54 25 100 76 53 43 184
leaf_count=199 54 25 100 76 53 43 184
internal_value=0.00027248 0.00285047 -0.0011811 0.00470297 -0.00506536 0.00649466 0.00451542
internal_weight=734 535 254 101 153 281 227
internal_count=734 535 254 101 153 281 227
is_linear=0
shrinkage=0.05


Tree=2
num_leaves=8
num_cat=0
split_feature=4 16 6 14 12 3 6
split_gain=5.55447 2.76229 3.06 2.59003 2.26961 1.90209 2.24162
threshold=0.031902146305451483 -0.023739338101520454 -0.68221722220022085 0.070306169308441371 -0.036853049265853803 -0.00015036746065127946 -0.26380372910742966
decision_type=2 2 2 2 2 2 2
left_child=1 -1 -3 4 -2 -6 -7
right_child=3 2 -4 -5 5 6 -8
leaf_value=-0.00019370656536193571 0.00024380225467029952 0.00024180280417203902 7.264212309382856e-05 -0.00056664867722429335 -0.00035684453428257254 8.1114658270962583e-05 -0.00019052499602548778
leaf_weight=26 33 75 291 59 105 77 83
leaf_count=26 33 75 291 59 105 77 83
internal_value=0.000100134 0.00420918 0.00532787 -0.00441176 -0.00251678 -0.0040566 -0.000625
internal_weight=749 392 366 357 298 265 160
internal_count=749 392 366 357 298 265 160
is_linear=0
shrinkage=0.05


Tree=3
num_leaves=8
num_cat=0
split_feature=4 6 14 3 4 0 6
split_gain=4.79236 2.49736 2.19982 2.46107 2.37804 1.89774 1.78127
threshold=0.046924262648079799 1.8429453337232298 -0.026973540467474796 -0.011409322724170166 0.021583480583921302 0.0028330232144283545 -0.33700143575167879
decision_type=2 2 2 2 2 2 2
left_child=1 2 -1 -4 -5 -2 -7
right_child=5 -3 3 4 -6 6 -8
leaf_value=0.00019505492620810409 -0.0005570663825434167 -0.00017776775968959555 0.00022158733935211794 0.00015554885970195753 -7.3767905001295665e-05 0.00010349657062906772 -0.00067037758618826047
leaf_weight=186 73 45 29 63 296 26 25
leaf_count=186 73 45 29 63 296 26 25
internal_value=0.000100942 0.00189822 0.00278746 0.00064433 -0.000487465 -0.00887097 -0.00147059
internal_weight=743 619 574 388 359 124 51
internal_count=743 619 574 388 359 124 51
is_linear=0
shrinkage=0.05


Tree=4
num_leaves=8
num_cat=0
split_feature=4 15 6 0 13 0 14
split_gain=4.40865 3.22525 2.72643 1.81479 2.42124 2.15733 2.05849
threshold=0.030012089638562223 -0.010286893464813983 1.8429453337232298 -0.014757958173408135 21.555000305175785 0.045327162054247035 -0.06426442822534599
decision_type=2 2 2 2 2 2 2
left_child=1 -1 -3 4 -2 6 -5
right_child=3 2 -4 5 -6 -7 -8
leaf_value=-0.00020245784704195108 -0.00039875591572417768 0.00016162010615778847 -0.00013519115389615762 0.00022724431560440278 1.4355761101178359e-05 -0.00069017190462313015 -0.00013674360187462305
leaf_weight=27 72 307 26 44 35 25 210
leaf_count=27 72 307 26 44 35 25 210
internal_value=0.000603217 0.00458333 0.00593093 -0.00310881 -0.00864486 -0.000985663 0.000393701
internal_weight=746 360 333 386 107 279 254
internal_count=746 360 333 386 107 279 254
is_linear=0
shrinkage=0.05


Tree=5
num_leaves=8
num_cat=0
split_feature=9 16 6 10 1 1 10
split_gain=3.25063 2.6061 3.08456 2.281 2.00848 1.98188 1.9242
threshold=-0.024160168038897364 0.019039742270027141 1.8429453337232298 -0.0012214211173433573 0.066129709655206273 -0.0034863406736760911 0.0086193521775437282
decision_type=8 2 2 2 2 2 2
left_child=3 2 4 -1 5 6 -2
right_child=1 -3 -4 -5 -6 -7 -8
leaf_value=-0.00066670701144219506 7.8065990466129682e-06 0.00017157572844096289 -0.00054832937002831014 -5.4860937218800208e-05 -0.00017613808095337291 0.00012499036261173015 -0.00053641314988735027
leaf_weight=48 183 130 25 75 37 212 27
leaf_count=48 183 130 25 75 37 212 27
internal_value=0.000305292 0.00179153 0.000103306 -0.00711382 0.00103486 0.00201422 -0.00142857
internal_weight=737 614 484 123 459 422 210
internal_count=737 614 484 123 459 422 210
is_linear=0
shrinkage=0.05


Tree=6
num_leaves=8
num_cat=0
split_feature=4 16 16 6 0 11 14
split_gain=4.49904 2.70982 2.67938 2.79783 2.1411 1.8895 2.39688
threshold=0.032037002873694674 0.033039770640380335 -0.023739338101520454 -0.68221722220022085 0.00059838098246212123 -0.023324980459216712 0.018287022450050875
decision_type=2 2 2 2 2 2 2
left_child=2 5 -1 4 -4 -2 -7
right_child=1 -3 3 -5 -6 6 -8
leaf_value=-0.00020975598478016838 6.9600826181274135e-05 0.00027147359680992602 4.5352781580512877e-05 6.5854779859613691e-05 0.00032194900762212817 -0.00013472408018980138 -0.00031580977312108745
leaf_weight=26 40 33 33 281 45 183 105
leaf_count=26 40 33 33 281 45 183 105
internal_value=0.000201072 -0.00380886 0.00396104 0.00508357 0.0134615 -0.00518293 -0.00659722
internal_weight=746 361 385 359 78 328 288
internal_count=746 361 385 359 78 328 288
is_linear=0
shrinkage=0.05


Tree=7
num_leaves=8
num_cat=0
split_feature=5 12 14 4 0 11 11
split_gain=4.74116 2.16975 2.06689 2.47771 2.46269 2.43772 2.71512
threshold=0.030075532928231358 -0.036853049265853803 0.01016731697942619 0.021931500191151473 0.030390039926799121 -0.018044507294420583 -0.0028065328855473855
decision_type=2 2 2 2 2 2 2
left_child=2 -2 4 -4 -1 -5 -7
right_child=1 -3 3 5 -6 6 -8
leaf_value=0.00015023744245608171 5.7136748398840462e-05 -0.00042372067909243906 0.00015978727111013119 0.0001218319950932213 -9.0315690123137394e-05 -0.00035489814729688446 -7.503718731831397e-05
leaf_weight=356 27 112 37 35 27 51 100
leaf_count=356 27 112 37 35 27 51 100
internal_value=0.000234899 -0.00809353 0.00214521 -0.00168161 0.00437337 -0.00403226 -0.00678808
internal_weight=745 139 606 223 383 186 151
internal_count=745 139 606 223 383 186 151
is_linear=0
shrinkage=0.05


Tree=8
num_leaves=8
num_cat=0
split_feature=9 0 0 10 0 9 8
split_gain=3.46868 2.75482 2.83718 2.17246 2.07645 1.96758 2.92175
threshold=-0.024160168038897364 -0.0098291233733517874 0.031541710795300555 -0.0012214211173433573 -0.014405006067827074 0.39002312600006755 0.086739458746530343
decision_type=8 2 2 2 2 8 10
left_child=3 4 5 -1 -2 -3 -7
right_child=1 2 -4 -5 -6 6 -8
leaf_value=-0.00056646244968174074 -1.0408875882630563e-05 0.00017652270377885534 -0.00034937572910567999 -6.4331614907682137e-05 -0.00033663487986018481 9.8993272163210553e-05 -0.00022198702297206415
leaf_weight=45 112 272 34 82 43 118 58
leaf_count=45 112 272 34 82 43 118 58
internal_value=0.00026178 0.00176609 0.00363071 -0.00728346 -0.00403226 0.0046875 0.000568182
internal_weight=764 637 482 127 155 448 176
internal_count=764 637 482 127 155 448 176
is_linear=0
shrinkage=0.05


Tree=9
num_leaves=8
num_cat=0
split_feature=4 6 11 11 15 6 6
split_gain=3.36543 2.23078 2.42052 2.66646 2.62224 2.64544 2.01306
threshold=0.030906212703944384 -0.92055765174530813 0.029305077851743303 -0.023324980459216712 -0.0053926982378630908 -0.26883611809258984 -0.66234733367462428
decision_type=2 2 2 2 2 2 2
left_child=6 -2 3 -3 -5 -6 -1
right_child=1 2 -4 4 5 -7 -8
leaf_value=0.00017358411569471941 -0.00065544951270175627 0.00032497379798143564 0.00018528145681451669 -0.00034847387255661937 6.4465135975174832e-05 -0.00024446783355209096 2.8341954590140311e-05
leaf_weight=85 26 33 39 67 98 115 281
leaf_count=85 26 33 39 67 98 115 281
internal_value=0.000134409 -0.0031746 -0.00213068 -0.00359425 -0.00517857 -0.00246479 0.00355191
internal_weight=744 378 352 313 280 213 366
internal_count=744 378 352 313 280 213 366
is_linear=0
shrinkage=0.05


Tree=10
num_leaves=8
num_cat=0
split_feature=9 6 0 10 6 4 16
split_gain=4.16259 3.03468 2.95588 1.55735 1.47868 2.74286 1.75687
threshold=-0.024160168038897364 2.3355573866616375 -0.010039811945549091 -0.0012214211173433573 -0.73834629579597932 0.028141624383458769 0.019039742270027141
decision_type=8 2 2 2 2 2 2
left_child=3 2 -2 -1 5 -4 -6
right_child=1 -3 4 -5 6 -7 -8
leaf_value=-0.00058058101072515909 -5.9585085449471222e-05 -0.00050363816728794147 0.00030455216811993749 -0.00013227332335782736 3.7244034111606116e-05 -7.105741601835134e-05 0.00021526442601232508
leaf_weight=43 144 25 40 78 298 30 91
leaf_count=43 144 25 40 78 298 30 91
internal_value=0.000433912 0.00207006 0.00277778 -0.00805785 0.00473856 0.0114286 0.0035347
internal_weight=749 628 603 121 459 70 389
internal_count=749 628 603 121 459 70 389
is_linear=0
shrinkage=0.05


Tree=11
num_leaves=8
num_cat=0
split_feature=9 0 0 9 8 0 0
split_gain=2.80129 2.53515 2.42615 2.16748 1.65283 1.81082 1.63567
threshold=-0.078818799541380033 0.031541710795300555 -0.0047218564801521081 0.39002312600006755 0.078350356788159506 0.0030087436864304489 0.0041980039956407431
decision_type=8 2 2 8 10 2 2
left_child=-1 2 -2 6 5 -5 -4
right_child=1 -3 3 4 -6 -7 -8
leaf_value=-0.00032443651276089705 -5.6167286293973059e-05 -0.0003910453164736933 0.00023606647506253624 -0.00012803780600548591 -0.00018729826093833894 0.00017262796963439178 0.00014928712233096988
leaf_weight=113 214 33 91 27 54 68 147
leaf_count=113 214 33 91 27 54 68 147
internal_value=0.00083668 0.00212934 0.00287022 0.00523256 0.000503356 0.00447368 0.00819328
internal_weight=747 634 601 387 149 95 238
internal_count=747 634 601 387 149 95 238
is_linear=0
shrinkage=0.05


Tree=12
num_leaves=8
num_cat=0
split_feature=4 0 1 15 2 9 11
split_gain=3.20815 1.80917 2.02072 2.11796 1.92159 1.57277 1.45179
threshold=0.046924262648079799 -0.0047218564801521081 0.054842865965383132 0.0010744899580664715 0.049994476445376142 0.38426364956367481 -0.0027153549187989841
decision_type=2 2 2 2 2 8 2
left_child=1 6 4 -4 -3 -6 -1
right_child=-2 2 3 -5 5 -7 -8
leaf_value=-0.00019647698676419461 -0.00038005499538999829 4.7034536815680934e-05 0.00016791439474658283 -0.00018135829310673954 0.0002620811271706598 5.0956806851537065e-05 9.1256581541091387e-06
leaf_weight=83 124 176 31 51 88 53 128
leaf_count=83 124 176 31 51 88 53 128
internal_value=0.000476839 0.00196721 0.00394737 -0.00304878 0.0057571 0.0101064 -0.00177725
internal_weight=734 610 399 82 317 141 211
internal_count=734 610 399 82 317 141 211
is_linear=0
shrinkage=0.05


Tree=13
num_leaves=8
num_cat=0
split_feature=5 5 2 16 8 1 6
split_gain=1.92973 2.51906 2.14776 2.04712 2.22048 2.12606 2.08472
threshold=0.030075532928231358 0.031802618724652766 -0.20670498462882089 0.020583095074475758 0.017554639750421711 0.064579555497167665 1.7690329908570321
decision_type=2 2 2 2 10 2 2
left_child=3 -2 -3 5 -5 6 -1
right_child=1 2 -4 4 -6 -7 -8
leaf_value=4.7524524763464461e-05 -0.00037345473575951669 0.00021785562554922698 -0.00032533703144775844 -2.3237557921587315e-05 0.00028207193853138705 -0.00016880805894060305 -0.00022642521660342797
leaf_weight=436 31 33 72 33 73 38 29
leaf_count=436 31 33 72 33 73 38 29
internal_value=0.000973154 -0.00441176 -0.000714286 0.0021757 0.00849057 0.00084493 0.00177419
internal_weight=745 136 105 609 106 503 465
internal_count=745 136 105 609 106 503 465
is_linear=0
shrinkage=0.05


Tree=14
num_leaves=8
num_cat=0
split_feature=5 1 1 14 16 1 15
split_gain=3.36743 1.64677 2.00984 2.01139 1.97532 1.80604 2.22767
threshold=0.030075532928231358 0.066129709655206273 0.0069121022720953782 -0.016284077904727075 0.020911872139940505 0.021107115382216882 -0.0012973228398212575
decision_type=2 2 2 2 2 2 2
left_child=1 2 -1 -4 -3 -5 -7
right_child=-2 4 3 5 -6 6 -8
leaf_value=-7.9173847955136753e-07 -0.00031586655750090838 -0.00029301902928373477 0.00024598743341696625 0.00013487589228615272 2.0299033060792094e-05 0.00010538836570120332 -0.0001635003819439325
leaf_weight=301 127 33 97 49 30 34 48
leaf_count=301 127 33 97 49 30 34 48
internal_value=0.000104312 0.00168919 0.00259924 0.00614035 -0.00595238 0.00209924 -0.00243902
internal_weight=719 592 529 228 63 131 82
internal_count=719 592 529 228 63 131 82
is_linear=0
shrinkage=0.05


Tree=15
num_leaves=8
num_cat=0
split_feature=9 14 15 15 1 16 10
split_gain=3.18022 2.40833 1.8272 1.77164 1.64536 2.54405 1.94949
threshold=-0.024160168038897364 -0.010446241084373918 -0.010286893464813983 -0.0017662210378149854 0.033578499274686598 -0.0069905738324507185 0.0041080553382388816
decision_type=8 2 2 2 2 2 2
left_child=1 -1 -2 -4 5 -5 -6
right_child=2 -3 3 4 6 -7 -8
leaf_value=-0.00010945456363887804 -0.00011544284941832502 -0.00037185878146078636 0.00012820512248226226 -0.00021660247878319889 -0.00035748444099699492 0.0001153259553402254 8.7662724394491086e-06
leaf_weight=60 66 60 186 55 39 215 62
leaf_count=60 66 60 186 55 39 215 62
internal_value=0.000370121 -0.00708333 0.00180578 0.00273788 0.00074124 0.00277778 -0.00470297
internal_weight=743 120 623 557 371 270 101
internal_count=743 120 623 557 371 270 101
is_linear=0
shrinkage=0.05


Tree=16
num_leaves=8
num_cat=0
split_feature=0 0 10 4 6 0 8
split_gain=1.96054 2.21719 2.44641 2.3546 2.21455 1.87654 1.93762
threshold=-0.0048585196949823542 0.0057439521967347371 0.0063549494884102007 0.030663793518461584 -0.26380372910742966 0.0025021778363458762 0.053437662346466526
decision_type=2 2 2 2 2 2 10
left_child=-1 5 3 -3 -5 6 -2
right_child=1 2 -4 4 -6 -7 -8
leaf_value=-7.5252229600378779e-05 -0.00013157674427927881 9.7229840287651858e-06 0.00011313145328354343 -7.6101929276474817e-05 -0.00057019499073388371 0.00025817130757644209 0.00012855556781992119
leaf_weight=271 60 100 115 42 49 62 58
leaf_count=271 60 100 115 42 49 62 58
internal_value=0.000363276 0.00226337 -0.000326797 -0.00379581 -0.00961538 0.00666667 0.0029661
internal_weight=757 486 306 191 91 180 118
internal_count=757 486 306 191 91 180 118
is_linear=0
shrinkage=0.05


Tree=17
num_leaves=8
num_cat=0
split_feature=14 8 7 8 1 1 10
split_gain=2.24474 2.71061 2.57132 1.98499 1.84707 1.64389 2.51282
threshold=-0.02817624153510306 0.11305355576103072 0.067234562255452449 0.1300226557325225 0.0031746026697895284 -0.00043380392912539806 0.0079281372903893272
decision_type=2 8 2 8 2 2 2
left_child=2 -2 5 -3 -5 6 -1
right_child=1 3 -4 4 -6 -7 -8
leaf_value=0.00029033529498509805 -9.0187420498518339e-05 0.00031880182667994483 -3.2506811247199568e-05 0.00022118854471839001 -2.334663653970402e-05 0.00022193671647794942 -0.0002697911225681489
leaf_weight=49 390 27 54 26 66 92 42
leaf_count=49 390 27 54 26 66 92 42
internal_value=0.000938338 -0.000933202 0.00495781 0.00567227 0.00217391 0.00778689 0.00302198
internal_weight=746 509 237 119 92 183 91
internal_count=746 509 237 119 92 183 91
is_linear=0
shrinkage=0.05


Tree=18
num_leaves=8
num_cat=0
split_feature=4 0 2 1 13 6 16
split_gain=2.04751 1.65899 2.08748 1.51852 1.60337 1.5091 1.48754
threshold=0.04545986243301043 0.0028330232144283545 -0.18722392979136523 0.066129709655206273 15.425000190734865 -0.3229987137849763 -0.024018871055868692
decision_type=2 2 2 2 2 2 2
left_child=3 2 -2 6 -5 -3 -1
right_child=1 5 -4 4 -6 -7 -8
leaf_value=-8.7184701112726955e-05 3.0454473062152891e-06 0.00014225178839971029 -0.00048928463192417693 -4.7674678326953877e-05 4.6045668810045049e-05 -0.00030246662839192252 6.1531272897194254e-05
leaf_weight=45 29 31 50 31 44 28 495
leaf_count=45 29 31 50 31 44 28 495
internal_value=0.000431607 -0.00507246 -0.00981013 0.00166667 -0.005 0.00127119 0.00259259
internal_weight=753 138 79 615 75 59 540
internal_count=753 138 79 615 75 59 540
is_linear=0
shrinkage=0.05


Tree=19
num_leaves=8
num_cat=0
split_feature=4 16 1 1 15 13 15
split_gain=1.94092 1.93466 1.49323 1.34115 2.40667 2.00067 1.32863
threshold=0.029955264467338961 0.034868357250744338 0.056897776852103295 0.010823061584206097 0.0081129102034918094 24.855000495910648 0.00094699974993617275
decision_type=2 2 2 2 2 2 2
left_child=-1 2 3 5 -5 6 -2
right_child=1 -3 -4 4 -6 -7 -8
leaf_value=5.8454709252334529e-05 -3.6685410271928517e-05 0.00024004118661783772 -0.0003286587422125403 -5.5073829573418571e-05 0.00026505662488732207 0.00022428312354905389 -0.00036507190539371813
leaf_weight=353 111 28 63 50 25 26 83
leaf_count=353 111 28 63 50 25 26 83
internal_value=0.000507442 -0.00194301 -0.00293296 -0.00144068 0.00433333 -0.00340909 -0.00515464
internal_weight=739 386 358 295 75 220 194
internal_count=739 386 358 295 75 220 194
is_linear=0
shrinkage=0.05


Tree=20
num_leaves=8
num_cat=0
split_feature=0 0 15 12 4 2 4
split_gain=2.48051 4.27666 3.01739 1.91686 1.78148 2.62564 1.9027
threshold=-0.0012944472561494111 0.0057439521967347371 0.011771598946131225 0.040743458485600355 0.043642887781556942 -0.02666567815267373 0.036391319483488664
decision_type=2 2 2 2 2 2 2
left_child=3 -2 -3 4 5 -1 -7
right_child=1 2 -4 -5 -6 6 -8
leaf_value=0.00029195673723266029 0.00016845953145140343 -4.0063912378583138e-05 0.00024106552873648694 -0.00037011330999939566 -0.00031044175137022543 -6.0834344218312424e-05 0.00012556875428888203
leaf_weight=48 123 240 52 55 73 122 38
leaf_count=48 123 240 52 55 73 122 38
internal_value=0.000366178 0.00295181 -0.000342466 -0.00282738 -0.00115658 0.00120192 -0.001875
internal_weight=751 415 292 336 281 208 160
internal_count=751 415 292 336 281 208 160
is_linear=0
shrinkage=0.05


Tree=21
num_leaves=8
num_cat=0
split_feature=4 14 3 12 12 1 16
split_gain=2.00912 2.07896 1.99789 1.81879 1.82671 1.77791 1.59973
threshold=0.021931500191151473 0.01016731697942619 -0.015951243730759453 -0.024923453703148576 0.0017110127161689139 0.034457406237964457 -0.024234057275211714
decision_type=2 2 2 2 2 2 2
left_child=5 6 -3 -4 -5 -1 -2
right_child=1 2 3 4 -6 -7 -8
leaf_value=0.0001881382599677843 -0.00033129622255552091 0.00016916552464783406 4.0554193414565205e-05 -0.0003941386133524091 -0.0001134374140295508 -3.3538751733835916e-05 5.028922469763652e-05
leaf_weight=87 27 25 38 40 132 27 372
leaf_count=87 27 25 38 40 132 27 372
internal_value=0.000467914 -0.000630915 -0.0043617 -0.00595238 -0.00813953 0.00657895 0.00156642
internal_weight=748 634 235 210 172 114 399
internal_count=748 634 235 210 172 114 399
is_linear=0
shrinkage=0.05


Tree=22
num_leaves=8
num_cat=0
split_feature=9 7 0 0 15 10 13
split_gain=2.24778 2.5565 2.13468 2.8321 2.42452 2.07361 2.39525
threshold=-0.078818799541380033 0.026855386357072523 -0.010039811945549091 0.0057439521967347371 -0.006953809408217825 0.0075491306904977859 17.204999923706058
decision_type=10 2 2 2 2 2 2
left_child=1 -1 -2 4 -4 6 -5
right_child=2 -3 3 5 -6 -7 -8
leaf_value=-8.6403718653409005e-06 -6.2271314760227811e-05 -0.0002835404042892775 -0.00012342270404185342 -0.00019404191412762336 0.00017643029547881233 0.00021731081391494411 0.0001454228515031673
leaf_weight=205 106 72 26 80 151 61 41
leaf_count=205 106 72 26 80 151 61 41
internal_value=-0.000134771 -0.00370036 0.00198925 0.00383008 0.00833333 -0.000549451 -0.00433884
internal_weight=742 277 465 359 177 182 121
internal_count=742 277 465 359 177 182 121
is_linear=0
shrinkage=0.05


Tree=23
num_leaves=8
num_cat=0
split_feature=9 4 13 5 6 1 15
split_gain=1.56854 1.75548 1.09648 1.99901 1.36445 1.05091 1.00446
threshold=-0.06354835781350153 0.063666661616719133 24.385000228881839 0.030737997945135424 -0.73834629579597932 -0.013086456726976002 -0.0091753814554867402
decision_type=8 2 2 2 2 2 2
left_child=1 -1 3 4 5 -2 -6
right_child=2 -3 -4 -5 6 -7 -8
leaf_value=-0.00035778798640732998 -5.731664515887681e-06 0.00014399818830502007 0.00017418240478250707 -0.00036629350820936084 -0.00014441549132109978 0.00017130225539097079 1.5547252919732292e-05
leaf_weight=99 25 25 31 25 55 55 436
leaf_count=99 25 25 31 25 55 55 436
internal_value=0.000299601 -0.00483871 0.00131579 0.000838926 0.00144483 0.0075 0.000458248
internal_weight=751 124 627 596 571 80 491
internal_count=751 124 627 596 571 80 491
is_linear=0
shrinkage=0.05


Tree=24
num_leaves=8
num_cat=0
split_feature=5 3 3 2 6 16 1
split_gain=1.65353 1.33032 1.92586 1.48373 1.47054 1.33023 1.8871
threshold=0.013182107776312428 0.0049785620397583283 0.0065738583834922268 0.08064070637391553 -0.22622506892052377 0.01446204293635356 0.062031250199414696
decision_type=2 2 2 2 2 2 2
left_child=-1 5 -3 4 -4 6 -2
right_child=1 2 3 -5 -6 -7 -8
leaf_value=0.00012895790809200856 1.4936362808932535e-05 -0.00030115837587362182 0.00011095330173014803 -0.00012540893599948582 -5.7369211585308213e-05 9.597000177035222e-05 -0.00022051607959566722
leaf_weight=69 322 37 50 52 69 116 34
leaf_count=69 322 37 50 52 69 116 34
internal_value=0.000233645 -0.000514706 -0.00384615 -0.00160819 0.00147059 0.00095339 -0.000561798
internal_weight=749 680 208 171 119 472 356
internal_count=749 680 208 171 119 472 356
is_linear=0
shrinkage=0.05


Tree=25
num_leaves=8
num_cat=0
split_feature=5 12 16 1 16 8 3
split_gain=1.47405 1.30552 1.74067 1.76506 1.58206 1.39333 1.37648
threshold=0.012607500228460232 -0.032606215925707109 -0.023739338101520454 0.066129709655206273 0.030171215245926922 -0.0078469501536840274 0.0049785620397583283
decision_type=2 2 2 2 2 10 2
left_child=-1 5 -3 4 6 -2 -4
right_child=1 2 3 -5 -6 -7 -8
leaf_value=0.00014222521276188754 1.456871217223356e-05 -0.00025763813336090682 2.7008450733505796e-05 -0.00010455841954638227 0.0002334547472284081 0.00023670322938767433 -9.3437788078924079e-05
leaf_weight=58 55 43 323 80 45 31 122
leaf_count=58 55 43 323 80 45 31 122
internal_value=9.90753e-05 -0.000536481 -0.00134584 -0.000614035 0.000510204 0.00523256 -0.000393258
internal_weight=757 699 613 570 490 86 445
internal_count=757 699 613 570 490 86 445
is_linear=0
shrinkage=0.05


Tree=26
num_leaves=8
num_cat=0
split_feature=14 1 16 4 11 1 3
split_gain=1.35708 2.03317 2.49124 2.02746 2.28817 1.94666 1.63514
threshold=0.01016731697942619 0.054842865965383132 -0.024234057275211714 0.022100273401083902 -0.023324980459216712 -0.058551693155558408 0.0080916168498086378
decision_type=2 2 2 2 2 2 2
left_child=1 2 -1 -2 -5 -4 -3
right_child=3 6 5 4 -6 -7 -8
leaf_value=-0.00027633001717337007 0.00012009447472986897 -0.00024730247149358465 -0.00034413110518420517 0.00016399803079432344 -0.00013929195743216669 0.00011578179935124384 2.4741208315466438e-05
leaf_weight=28 39 49 37 35 205 319 25
leaf_count=28 39 49 37 35 205 319 25
internal_value=0.00050882 0.00218341 0.00364583 -0.00224014 -0.00395833 0.00477528 -0.00540541
internal_weight=737 458 384 279 240 356 74
internal_count=737 458 384 279 240 356 74
is_linear=0
shrinkage=0.05


Tree=27
num_leaves=8
num_cat=0
split_feature=9 4 4 9 0 0 16
split_gain=1.3984 2.72189 2.21639 2.16824 2.53343 2.27715 1.98552
threshold=0.068472423938032781 0.02527341640469331 0.027437886950258464 0.11872166502970684 -0.010039811945549091 0.027435531068054967 0.0017343380817199663
decision_type=10 2 2 10 2 2 2
left_child=1 -1 -3 -2 6 -6 -5
right_child=3 2 -4 4 5 -7 -8
leaf_value=-0.0002734060313879058 0.00015448756107968093 0.00019154651685944179 -8.7700385746695115e-05 -0.00029685795604591722 7.191207594943691e-05 -0.00017367822139429247 1.5161784322006816e-05
leaf_weight=46 51 63 214 39 264 34 38
leaf_count=46 51 63 214 39 264 34 38
internal_value=0.000700935 -0.00178019 9.02527e-05 0.00258216 0.00126667 0.0033557 -0.00681818
internal_weight=749 323 277 426 375 298 77
internal_count=749 323 277 426 375 298 77
is_linear=0
shrinkage=0.05


Tree=28
num_leaves=8
num_cat=0
split_feature=6 5 12 1 1 16 13
split_gain=1.69158 1.26941 1.06371 1.75653 2.33958 1.54445 1.46118
threshold=1.8429453337232298 0.01305344012802428 0.037928196515582775 0.0082122386802867559 0.039967288135357444 0.023724163155380288 13.84500026702881
decision_type=2 2 2 2 2 2 2
left_child=1 -1 3 -3 -5 6 -4
right_child=-2 2 5 4 -6 -7 -8
leaf_value=0.00014941368846692075 -0.00031931362625192564 -1.2439471744602611e-05 3.6765773358528541e-05 0.00016054016891556868 -3.9248287390400082e-06 0.00010001184566239916 -0.0001753589323095989
leaf_weight=60 55 265 44 117 105 31 87
leaf_count=60 55 265 44 117 105 31 87
internal_value=0.000719895 0.00137518 0.000731895 0.00189938 0.00518018 -0.00277778 -0.00515267
internal_weight=764 709 649 487 222 162 131
internal_count=764 709 649 487 222 162 131
is_linear=0
shrinkage=0.05


Tree=29
num_leaves=8
num_cat=0
split_feature=15 16 15 1 9 0 3
split_gain=1.4093 1.6838 1.55434 1.72563 2.3542 2.15584 1.54565
threshold=-0.008866631515659416 -0.024018871055868692 -0.0017662210378149854 0.031415643253977173 -0.12704183644656017 -0.0080287769638600053 -0.0020536639156153442
decision_type=2 2 2 2 10 2 2
left_child=-1 -2 -3 5 -5 6 -4
right_child=1 2 3 4 -6 -7 -8
leaf_value=-0.00015268437976478002 -0.00025750652344013679 9.347591417891251e-05 3.5076530325764241e-05 -0.00024600324889396328 -3.5714256471905407e-06 9.4255915814211397e-05 -0.00012668141637149155
leaf_weight=98 42 176 25 36 95 229 31
leaf_count=98 42 176 25 36 95 229 31
internal_value=0.000478142 0.00134069 0.00202703 0.000360577 -0.00438931 0.00254386 -0.00625
internal_weight=732 634 592 416 131 285 56
internal_count=732 634 592 416 131 285 56
is_linear=0
shrinkage=0.05


Tree=30
num_leaves=8
num_cat=0
split_feature=5 0 0 2 5 5 3
split_gain=1.30014 1.30891 3.09335 2.59436 1.90225 2.4234 1.86673
threshold=0.012156649412504423 0.0057439521967347371 -0.0012944472561494111 0.08064070637391553 0.018121507679322867 0.024146486075955466 0.0049785620397583283
decision_type=2 2 2 2 2 2 2
left_child=-1 2 6 -3 -5 -6 -2
right_child=1 3 -4 4 5 -7 -8
leaf_value=0.00011588364479677202 7.4522478905461773e-06 1.1938534159544428e-05 0.00012678386384051737 -0.00027440554463168938 0.0001707210864556369 -0.00040128410023511417 -0.00022341944546542538
leaf_weight=38 255 188 115 30 29 38 45
leaf_count=38 255 188 115 30 29 38 45
internal_value=0.000203252 -0.000285714 0.00150602 -0.00289474 -0.00953608 -0.00485075 -0.00116667
internal_weight=738 700 415 285 97 67 300
internal_count=738 700 415 285 97 67 300
is_linear=0
shrinkage=0.05


Tree=31
num_leaves=8
num_cat=0
split_feature=4 4 14 8 9 14 13
split_gain=1.37534 1.5135 1.26116 1.85489 1.90651 1.21246 1.25108
threshold=0.046924262648079799 0.065105779576913755 -0.02817624153510306 0.086739458746530343 0.39002312600006755 -0.048319541899194234 16.404999732971195
decision_type=2 2 2 8 8 2 2
left_child=2 -2 3 5 -5 6 -1
right_child=1 -3 -4 4 -6 -7 -8
leaf_value=-8.6133380224363239e-06 -0.00033214492680001459 0.00012408841713147415 8.1989627480828785e-06 3.7117475205751021e-05 -0.00025307625499206785 0.00030593386361467564 0.00041946964464237703
leaf_weight=44 92 29 429 38 33 40 33
leaf_count=44 92 29 429 38 33 40 33
internal_value=0.000948509 -0.00392562 0.00190438 0.00531915 -0.00105634 0.00918803 0.00551948
internal_weight=738 121 617 188 71 117 77
internal_count=738 121 617 188 71 117 77
is_linear=0
shrinkage=0.05


Tree=32
num_leaves=8
num_cat=0
split_feature=9 9 13 8 4 13 6
split_gain=1.22783 2.22061 2.7667 2.50697 1.89538 2.13137 1.76251
threshold=-0.024160168038897364 0.11872166502970684 14.465000152587892 -0.050249443302149081 0.02527341640469331 15.694999694824221 0.39028182454297194
decision_type=10 10 2 10 2 2 2
left_child=4 2 -2 -3 -1 -6 -7
right_child=1 3 -4 -5 5 6 -8
leaf_value=-0.00025727036928939906 0.00028382959122277639 -0.00055581361609457417 5.9428893775128216e-05 1.9653493726195029e-05 9.2485384656482549e-05 -0.00013190821876921943 0.00024392178962875672
leaf_weight=47 26 30 58 346 50 147 47
leaf_count=47 26 30 58 346 50 147 47
internal_value=0.000565912 0.00217391 0.00952381 0.000531915 -0.00197595 -0.000204918 -0.00257732
internal_weight=751 460 84 376 291 244 194
internal_count=751 460 84 376 291 244 194
is_linear=0
shrinkage=0.05


Tree=33
num_leaves=8
num_cat=0
split_feature=9 9 8 2 2 4 13
split_gain=1.64507 2.37499 2.01992 1.65641 1.28778 1.44898 2.22473
threshold=0.068472423938032781 0.11291810887358679 -0.031637166659848719 -0.024817256264356932 0.14854754660945682 0.02527341640469331 15.97499990463257
decision_type=10 10 10 2 2 2 2
left_child=4 -2 -3 -4 5 -1 -7
right_child=1 2 3 -5 -6 6 -8
leaf_value=-0.00024440685082492908 0.00015653766772675501 -0.00033002479810516621 0.00025856946779130883 2.1006898296125742e-05 -0.00054398342729663877 9.9778204490707292e-05 -5.7008695772120494e-05
leaf_weight=45 44 50 34 299 25 61 190
leaf_count=45 44 50 34 299 25 61 190
internal_value=0.000601604 0.00263466 0.00137076 0.00277778 -0.0021028 -0.00118243 0.000298805
internal_weight=748 427 383 333 321 296 251
internal_count=748 427 383 333 321 296 251
is_linear=0
shrinkage=0.05


Tree=34
num_leaves=8
num_cat=0
split_feature=16 6 16 11 14 7 10
split_gain=1.37439 1.87078 1.47661 1.4657 1.71566 1.8375 1.83373
threshold=0.019039742270027141 -0.80851519640172775 0.023268721488421299 -0.023324980459216712 -0.037778052319122728 0.035745930524167531 0.0079281372903893272
decision_type=2 2 2 2 2 2 2
left_child=1 -1 -2 -3 5 6 -5
right_child=2 3 -4 4 -6 -7 -8
leaf_value=0.00012606901823692971 0.0002422599157099581 8.8191755249648557e-05 3.0549799808516842e-05 0.00024838325677272821 -6.9487517218792556e-05 -0.00020238231681338729 0.00015512290021716044
leaf_weight=74 38 53 121 33 343 40 47
leaf_count=74 38 53 121 33 343 40 47
internal_value=0.000433912 -0.000677966 0.00455975 -0.00174419 -0.00264579 0.0025 0.006875
internal_weight=749 590 159 516 463 120 80
internal_count=749 590 159 516 463 120 80
is_linear=0
shrinkage=0.05


Tree=35
num_leaves=8
num_cat=0
split_feature=4 12 9 8 2 15 8
split_gain=1.80281 1.17735 1.17709 0.879497 1.75961 1.58783 1.26698
threshold=0.046924262648079799 -0.036853049265853803 -0.32866270339775344 0.11305355576103072 0.14575944032089708 0.0030274315270543144 0.089913753849340874
decision_type=2 2 10 10 2 2 10
left_child=3 -2 -3 4 6 -5 -1
right_child=1 2 -4 5 -6 -7 -8
leaf_value=2.0913347445119819e-05 0.00014759983376818752 -0.00011898799718121286 -0.00034772422209583233 0.00014130610134271751 -0.00030769489293241536 -1.1271558256133272e-05 -0.00033404826865520093
leaf_weight=428 32 35 59 83 27 63 26
leaf_count=428 32 35 59 83 27 63 26
internal_value=0.000298805 -0.00515873 -0.00797872 0.00139553 0.000363825 0.00479452 0.00110132
internal_weight=753 126 94 627 481 146 454
internal_count=753 126 94 627 481 146 454
is_linear=0
shrinkage=0.05


Tree=36
num_leaves=8
num_cat=0
split_feature=4 12 10 9 1 6 13
split_gain=1.99543 1.56532 1.65816 0.98 0.856155 1.65125 1.8327
threshold=0.046924262648079799 -0.036853049265853803 1.0000000180025095e-35 -0.32126515131051675 0.033578499274686598 -0.58329678593396062 15.784999847412111
decision_type=2 2 2 10 2 2 2
left_child=4 -2 -3 -4 -1 -6 -7
right_child=1 2 3 -5 5 6 -8
leaf_value=3.453752093845585e-05 9.9329579329040385e-05 -0.00049013991442714881 0.00012697579094918159 -0.00021391898206642309 -0.00041560422628458897 -8.9670466373378623e-05 0.00017955974629015048
leaf_weight=469 30 42 25 25 30 62 67
leaf_count=469 30 42 25 25 30 62 67
internal_value=0.000933333 -0.00491803 -0.00815217 -0.002 0.00207006 -0.00110063 0.00135659
internal_weight=750 122 92 50 628 159 129
internal_count=750 122 92 50 628 159 129
is_linear=0
shrinkage=0.05


Tree=37
num_leaves=8
num_cat=0
split_feature=14 11 8 16 4 15 0
split_gain=1.22451 1.95571 2.7085 2.14091 1.92395 1.64663 1.88094
threshold=0.01016731697942619 -0.023324980459216712 -0.11375037289291277 0.019400192965509436 0.022100273401083902 -0.0023402978142615378 -0.017615315633751068
decision_type=2 2 10 2 2 2 2
left_child=5 -2 -3 4 -4 -1 -7
right_child=1 2 3 -5 -6 6 -8
leaf_value=0.00023036260419239519 0.00017281369961570821 -0.00047938278786491804 9.7911490111242313e-05 0.0001386371007018451 -0.00012943673922953883 -0.00046370560768066693 1.5262422358960655e-05
leaf_weight=102 37 35 36 29 147 27 345
leaf_count=102 37 35 36 29 147 27 345
internal_value=0.000659631 -0.00193662 -0.00354251 -0.00141509 -0.0034153 0.00221519 0.000672043
internal_weight=758 284 247 212 183 474 372
internal_count=758 284 247 212 183 474 372
is_linear=0
shrinkage=0.05


Tree=38
num_leaves=8
num_cat=0
split_feature=9 14 9 4 0 3 3
split_gain=1.66296 2.01201 1.9591 2.27731 1.42239 2.0181 1.34787
threshold=0.074046072600623139 -0.069744182185856193 -0.35841660902719402 0.02527341640469331 0.027435531068054967 0.007371049776937367 0.0049210839374544965
decision_type=10 2 10 2 2 2 2
left_child=1 -1 3 -3 5 6 -2
right_child=4 2 -4 -5 -6 -7 -8
leaf_value=0.00022192983471934111 4.5694565701885888e-05 -0.00023237656923360994 -0.00020398615408105011 5.8481647688032362e-05 -0.00021016487653079217 0.00022439617628287843 -8.6199522902213763e-05
leaf_weight=38 286 44 127 118 33 54 48
leaf_count=38 286 44 127 118 33 54 48
internal_value=0.00106952 -0.0016055 -0.00302768 0.000617284 0.00314727 0.00399485 0.00254491
internal_weight=748 327 289 162 421 388 334
internal_count=748 327 289 162 421 388 334
is_linear=0
shrinkage=0.05


Tree=39
num_leaves=8
num_cat=0
split_feature=0 0 10 15 15 12 8
split_gain=1.56774 2.19918 2.90912 2.7053 2.43867 2.01815 1.6987
threshold=-0.0011912166379771103 0.0057439521967347371 0.0075491306904977859 0.0071752468115410259 0.012013145016865569 0.050491890140625724 0.11594485068553108
decision_type=2 2 2 2 2 2 10
left_child=5 -2 -3 -4 -5 6 -1
right_child=1 2 3 4 -6 -7 -8
leaf_value=-4.6576830627267403e-05 0.00011955806788536913 -5.5345910049376487e-05 0.00042804462130628169 -0.0002881635319648672 0.00015976740993245116 -0.00032814292466602991 0.00021336905432531905
leaf_weight=263 124 196 26 30 33 32 33
leaf_count=263 124 196 26 30 33 32 33
internal_value=0.000440977 0.00250611 8.77193e-05 0.00758427 0.00198413 -0.00213415 -0.000844595
internal_weight=737 409 285 89 63 328 296
internal_count=737 409 285 89 63 328 296
is_linear=0
shrinkage=0.05


Tree=40
num_leaves=8
num_cat=0
split_feature=7 8 15 4 14 15 0
split_gain=1.41679 1.90579 1.43022 1.42072 1.49698 1.82248 1.89492
threshold=0.059786928250306633 0.21455108023593286 0.00036409884692001354 0.043324933907904949 -0.0026760061162229838 0.0097709863996334762 0.0084737416264931715
decision_type=2 10 2 2 2 2 2
left_child=3 2 -2 4 5 6 -1
right_child=1 -3 -4 -5 -6 -7 -8
leaf_value=0.0002128389381062244 -3.0426555837187973e-06 3.8611442293944904e-05 -0.00028228555220674383 -7.3480585257065109e-05 2.3502112601023891e-06 -5.6654177073253972e-05 9.3034988600533119e-06
leaf_weight=124 47 39 62 129 229 55 65
leaf_count=124 47 39 62 129 229 55 65
internal_value=0.000666667 -0.00371622 -0.00711009 0.00174419 0.00301268 0.0057377 0.00806878
internal_weight=750 148 109 602 473 244 189
internal_count=750 148 109 602 473 244 189
is_linear=0
shrinkage=0.05


Tree=41
num_leaves=8
num_cat=0
split_feature=4 7 16 2 3 2 12
split_gain=1.82726 1.57297 1.40474 1.55677 1.79399 1.48922 1.34491
threshold=0.039282987454636299 0.075744403601443869 0.019039742270027141 -0.029518323846275282 -0.0050447090254483453 0.024479633856574371 0.028448833312794911
decision_type=2 2 2 2 2 2 2
left_child=1 2 3 6 -5 -6 -1
right_child=-2 -3 -4 4 5 -7 -8
leaf_value=0.00023782178876879728 -6.8194708516349436e-05 -3.0777986803293742e-05 0.00020380484841413206 -0.00016022748743640169 -4.3714334443674573e-05 4.662053903720237e-05 -0.00012190161519670812
leaf_weight=59 210 77 91 46 85 155 29
leaf_count=59 210 77 91 46 85 155 29
internal_value=0.000864362 0.00239852 0.00349462 0.00213904 0.00034965 0.00208333 0.00795455
internal_weight=752 542 465 374 286 240 88
internal_count=752 542 465 374 286 240 88
is_linear=0
shrinkage=0.05


Tree=42
num_leaves=8
num_cat=0
split_feature=9 10 6 13 5 10 2
split_gain=1.55167 1.34456 1.48564 1.30875 1.53165 1.00507 1.4405
threshold=-0.024160168038897364 -0.0012214211173433573 -0.43977464786319348 24.385000228881839 0.030421020580072702 -0.0050236559316604859 -0.020254624446009058
decision_type=8 2 2 2 2 2 2
left_child=1 -1 -3 4 5 6 -2
right_child=3 2 -4 -5 -6 -7 -8
leaf_value=-0.00033261448474051288 0.00021045753128247732 0.00022059234352993039 -0.0003679573412997842 0.00032910811982694258 -0.00026898020564857471 2.0592353261311095e-05 -0.00012547963124377224
leaf_weight=49 27 29 44 29 26 469 80
leaf_count=49 27 29 44 29 26 469 80
internal_value=-0.000166003 -0.00532787 -0.0010274 0.000832013 0.000332226 0.000868056 -0.00350467
internal_weight=753 122 73 631 602 576 107
internal_count=753 122 73 631 602 576 107
is_linear=0
shrinkage=0.05


Tree=43
num_leaves=8
num_cat=0
split_feature=4 4 0 9 14 4 13
split_gain=2.02029 1.74265 1.46708 0.902971 2.53112 1.44659 1.25641
threshold=0.046924262648079799 0.065105779576913755 0.0033822062623759534 0.37057971739820311 -0.026106823606350468 0.02527341640469331 14.494999885559084
decision_type=2 2 2 8 2 2 2
left_child=3 2 -2 4 -1 6 -5
right_child=1 -3 -4 5 -6 -7 -8
leaf_value=0.0001904914160992144 -0.00044525969705714235 0.00020513704861415468 -6.4085920042744607e-05 -0.00022322720466163198 5.5716685742670476e-06 1.8359434550136497e-05 -6.7564812951647835e-06
leaf_weight=102 55 28 38 26 242 203 52
leaf_count=102 55 28 38 26 242 203 52
internal_value=0.000335121 -0.00557851 -0.00887097 0.00148 0.00319767 -0.000622776 -0.00641026
internal_weight=746 121 93 625 344 281 78
internal_count=746 121 93 625 344 281 78
is_linear=0
shrinkage=0.05


Tree=44
num_leaves=8
num_cat=0
split_feature=4 12 16 13 16 11 11
split_gain=1.7724 1.49265 1.34898 1.82727 1.7127 1.39287 1.48158
threshold=0.046924262648079799 -0.031331813818551983 0.019039742270027141 15.050000190734865 0.016328517950359615 0.01723808414084094 0.0099206005901721923
decision_type=2 2 2 2 2 2 2
left_child=2 -2 4 -4 5 6 -1
right_child=1 -3 3 -5 -6 -7 -8
leaf_value=4.5168166298058603e-07 0.00011652699729943856 -0.00030632782017255255 -3.2995078942283342e-06 0.0001624912024187395 -0.00018773981022460128 -0.0001989105373355539 6.0921717693743351e-05
leaf_weight=343 33 86 61 70 27 34 86
leaf_count=343 33 86 61 70 27 34 86
internal_value=0.000337838 -0.0052521 0.00140902 0.00591603 0.000204082 0.000917927 0.00168998
internal_weight=740 119 621 131 490 463 429
internal_count=740 119 621 131 490 463 429
is_linear=0
shrinkage=0.05


Tree=45
num_leaves=8
num_cat=0
split_feature=4 4 0 11 12 16 15
split_gain=1.39475 1.71844 1.43254 0.967728 1.74707 1.24065 1.21628
threshold=0.046924262648079799 0.064048363841141057 0.00110531717168072 0.017027249014991756 0.0020578799164406862 0.028050775928852526 0.0012232002847275549
decision_type=2 2 2 2 2 2 2
left_child=3 2 -2 -1 -5 6 -6
right_child=1 -3 -4 4 5 -7 -8
leaf_value=1.20781316453592e-05 -0.00050749135315763204 0.00011264860546189256 -4.5565233031979714e-05 0.00014972119608898957 -7.7305647700780338e-06 -1.7497067945630241e-06 -0.00039091777433559533
leaf_weight=494 48 32 36 25 27 52 32
leaf_count=494 48 32 36 25 27 52 32
internal_value=-0.000134048 -0.00517241 -0.00892857 0.000793651 -0.00294118 -0.00563063 -0.0105932
internal_weight=746 116 84 630 136 111 59
internal_count=746 116 84 630 136 111 59
is_linear=0
shrinkage=0.05


Tree=46
num_leaves=8
num_cat=0
split_feature=0 7 15 16 3 9 12
split_gain=1.80873 1.55496 1.42246 1.05447 1.76612 1.29427 2.05511
threshold=-0.042511842995938846 0.075744403601443869 -0.0026321414030196495 0.01446204293635356 0.010391315172065043 0.18229353613640478 0.013959702571110679
decision_type=2 2 2 2 2 8 2
left_child=-1 3 -3 4 -2 6 -5
right_child=1 2 -4 5 -6 -7 -8
leaf_value=-0.00069533551855863369 3.1416005922786003e-05 3.3614187550884979e-05 -8.0632233230637518e-05 3.2423488153869933e-06 -0.00021964261381093674 5.1407891164609749e-05 0.00029711625445404642
leaf_weight=27 416 28 81 27 43 91 35
leaf_count=27 416 28 81 27 43 91 35
internal_value=0.000668449 0.00114424 -0.0043578 0.00212418 0.000925926 0.00571895 0.0112903
internal_weight=748 721 109 612 459 153 62
internal_count=748 721 109 612 459 153 62
is_linear=0
shrinkage=0.05


Tree=47
num_leaves=8
num_cat=0
split_feature=5 6 7 7 8 16 1
split_gain=1.09744 0.900095 0.811844 0.773684 0.716513 1.16973 0.895005
threshold=0.013644157719641545 2.161337780451138 -0.0012168913740070451 0.04348347931659647 0.18795185563113062 0.0092515522841996062 0.070995536340080614
decision_type=2 2 2 2 8 2 2
left_child=2 4 -1 -4 6 -6 -2
right_child=1 -3 3 -5 5 -7 -8
leaf_value=0.00020862002982086566 -6.3901909817063592e-07 -0.00038260919624616906 -0.00011705501911790108 0.0001816239511336827 9.9385612403735942e-05 -1.013745179386928e-05 -0.00015607331275922215
leaf_weight=25 507 36 30 27 38 35 41
leaf_count=25 507 36 30 27 38 35 41
internal_value=3.38295e-05 -0.00064688 0.0054878 0.00219298 -0.000201288 0.00445205 -0.000821168
internal_weight=739 657 82 57 621 73 548
internal_count=739 657 82 57 621 73 548
is_linear=0
shrinkage=0.05


Tree=48
num_leaves=8
num_cat=0
split_feature=14 8 0 8 12 8 3
split_gain=1.34093 1.61703 2.25511 1.60896 1.51495 1.39576 1.02849
threshold=-0.028276541619188519 0.086739458746530343 -0.0098291233733517874 0.12355646078729111 0.062788606761277746 -0.010359685860631905 0.0049785620397583283
decision_type=2 8 2 10 2 10 2
left_child=1 2 -1 -3 6 -4 -2
right_child=4 3 5 -5 -6 -7 -8
leaf_value=-0.00016609451834080857 5.1993763744580777e-06 -0.00025003587537717847 0.0001035528749325533 7.1250176666198298e-06 -1.3011402141862097e-05 0.000270393945505145 -5.1482366321638177e-05
leaf_weight=26 359 28 75 41 31 66 114
leaf_count=26 359 28 75 41 31 66 114
internal_value=6.75676e-05 0.00317797 0.00583832 -0.00326087 -0.00138889 0.00833333 -0.000687104
internal_weight=740 236 167 69 504 141 473
internal_count=740 236 167 69 504 141 473
is_linear=0
shrinkage=0.05


Tree=49
num_leaves=8
num_cat=0
split_feature=0 15 10 0 2 2 6
split_gain=1.15095 1.47129 1.72778 1.04895 0.977067 1.62755 1.64382
threshold=0.048213435250231702 0.011806666140188217 0.010263940972428777 0.018264289501010337 0.14491581718442206 0.057013211853390706 -0.02575935394677778
decision_type=2 2 2 2 2 2 2
left_child=1 2 4 -3 5 -1 -7
right_child=-2 3 -4 -5 -6 6 -8
leaf_value=7.8389589869201987e-06 -0.00054853804116931362 4.879493530487605e-05 -0.00028977085268220318 0.00025018389695455941 -8.4680043620184022e-06 8.0446245802817684e-05 -1.9805483120788252e-05
leaf_weight=373 26 41 37 27 98 92 39
leaf_count=373 26 41 37 27 98 92 39
internal_value=0.000716235 0.00109618 0.000352113 0.00808824 0.000996678 0.00188492 0.00667939
internal_weight=733 707 639 68 602 504 131
internal_count=733 707 639 68 602 504 131
is_linear=0
shrinkage=0.05


Tree=50
num_leaves=8
num_cat=0
split_feature=8 14 15 3 9 0 8
split_gain=1.31415 1.78955 2.43741 1.84142 1.67626 1.33073 1.79178
threshold=-0.020413410063690237 -0.073050802278400592 0.00051848537204890477 0.0049785620397583283 -0.16671110637266254 -0.0011912166379771103 0.012146534679571388
decision_type=8 2 2 2 10 2 10
left_child=1 -1 3 -3 -4 -2 -7
right_child=5 2 4 -5 -6 6 -8
leaf_value=0.00023474956166139786 -1.568196927191172e-05 5.2508877357512622e-05 -3.7495087086452002e-05 -0.00013734277460036401 -0.0005070214827327859 0.0001954512235411942 1.4087981677158354e-05
leaf_weight=26 179 102 60 31 38 59 245
leaf_count=26 179 102 60 31 38 59 245
internal_value=6.75676e-05 -0.00282101 -0.00422078 0.00018797 -0.0102041 0.00160455 0.00361842
internal_weight=740 257 231 133 98 483 304
internal_count=740 257 231 133 98 483 304
is_linear=0
shrinkage=0.05


Tree=51
num_leaves=8
num_cat=0
split_feature=0 15 2 3 6 2 14
split_gain=1.03911 1.05909 0.9799 1.86312 1.17873 1.07712 1.08526
threshold=0.048213435250231702 0.017140790234212892 0.14491581718442206 0.0049210839374544965 -0.29298990591695462 0.11295600904621762 -0.0091057157714133346
decision_type=2 2 2 2 2 2 2
left_child=1 2 5 4 -4 6 -1
right_child=-2 -3 3 -5 -6 -7 -8
leaf_value=4.6669289876386143e-05 -0.00046962112467371453 0.00022593722402376154 -9.0850250633559099e-05 -0.00028629400318815182 4.0595879071026218e-05 0.00017803441144160809 -1.858030244744893e-05
leaf_weight=235 28 25 38 29 48 46 313
leaf_count=235 28 25 38 29 48 46 313
internal_value=0.000524934 0.000885559 0.000528914 -0.00369565 0 0.0013468 0.000729927
internal_weight=762 734 709 115 86 594 548
internal_count=762 734 709 115 86 594 548
is_linear=0
shrinkage=0.05


Tree=52
num_leaves=8
num_cat=0
split_feature=4 14 4 0 6 0 2
split_gain=1.48296 1.93615 2.29246 1.77222 1.54238 1.5121 1.53442
threshold=0.022205615756460486 0.070306169308441371 0.02527341640469331 -0.028896139286308461 -0.14150781509749968 -0.011458301029677985 0.091732097412000183
decision_type=2 2 2 2 2 2 2
left_child=-1 2 -2 -4 -3 -5 -7
right_child=1 4 3 5 -6 6 -8
leaf_value=6.5220133111048865e-05 -0.0001170399779586097 -0.00043148121613156176 -0.00054158582500521716 0.00013597928187096802 3.8301117069081996e-06 5.9372324881823775e-05 -3.4389485386626677e-05
leaf_weight=119 71 54 35 77 33 252 107
leaf_count=119 71 54 35 77 33 252 107
internal_value=0.00013369 -0.000834658 0.000276753 0.00153928 -0.00775862 0.00240826 0.00104457
internal_weight=748 629 542 471 87 436 359
internal_count=748 629 542 471 87 436 359
is_linear=0
shrinkage=0.05


Tree=53
num_leaves=8
num_cat=0
split_feature=16 6 11 3 16 12 12
split_gain=1.38222 1.26529 1.12815 0.94921 1.1182 2.40021 1.69723
threshold=0.020583095074475758 2.161337780451138 0.018027323901660845 -0.0098450506812150489 0.0073558297460415431 -0.0052152181904612785 -0.02797294646846021
decision_type=2 2 2 2 2 2 2
left_child=1 2 3 -1 5 6 -5
right_child=-2 -3 -4 4 -6 -7 -8
leaf_value=5.7708627795989135e-05 7.8219065954577606e-05 -0.00042297609977342312 -0.00012801774651123422 7.448149725567278e-06 -3.5221417847941788e-05 4.1367209138475647e-05 -0.00013023706927958872
leaf_weight=59 143 26 44 50 139 235 47
leaf_count=59 143 26 44 50 139 235 47
internal_value=0.000302826 -0.00075 -0.000261324 0.000377358 -0.00037155 0.00120482 -0.00541237
internal_weight=743 600 574 530 471 332 97
internal_count=743 600 574 530 471 332 97
is_linear=0
shrinkage=0.05


Tree=54
num_leaves=8
num_cat=0
split_feature=15 6 12 16 11 13 4
split_gain=1.13509 1.27482 2.00385 1.29526 1.28032 1.19202 1.43955
threshold=-0.00022037558213661154 0.99294709557429617 0.01493884956091618 0.019400192965509436 0.016536757711404618 15.855000019073488 0.025205801682376881
decision_type=2 2 2 2 2 2 2
left_child=-1 3 -3 4 5 6 -2
right_child=1 2 -4 -5 -6 -7 -8
leaf_value=2.9357254383019244e-05 -1.5320210279149825e-05 -0.00068935594604234386 -2.4568933323795839e-06 7.2389890486437153e-05 -0.00030920362633022583 -4.4429751594708085e-05 0.00020312616017342545
leaf_weight=335 47 25 37 98 33 126 46
leaf_count=335 47 25 37 98 33 126 46
internal_value=0.000301205 -0.00145631 -0.00806452 -0.000285714 -0.00218254 -0.000799087 0.00349462
internal_weight=747 412 62 350 252 219 93
internal_count=747 412 62 350 252 219 93
is_linear=0
shrinkage=0.05


Tree=55
num_leaves=8
num_cat=0
split_feature=12 8 4 15 15 14 4
split_gain=0.964272 1.41978 1.33879 1.22829 1.49541 1.42222 1.42492
threshold=-0.032606215925707109 -0.0028681313087082212 0.051463277835653312 -0.008866631515659416 -0.0045342182830167546 -0.001242221342315941 0.027403786224258046
decision_type=2 10 2 2 2 2 2
left_child=1 2 -1 -2 5 -5 -7
right_child=3 -3 -4 4 -6 6 -8
leaf_value=-0.00036693596713093662 -0.00012909265814722002 0.00016375494774655328 0.00015621507911968763 0.0003390969266412706 -4.7390324949641871e-06 0.00019223997227736474 -5.7449114384185932e-05
leaf_weight=30 76 28 25 30 514 27 33
leaf_count=30 76 28 25 30 514 27 33
internal_value=3.27654e-05 0.00512048 0.000454545 -0.000588235 0.000165563 0.00611111 0.00166667
internal_weight=763 83 55 680 604 90 60
internal_count=763 83 55 680 604 90 60
is_linear=0
shrinkage=0.05


Tree=56
num_leaves=8
num_cat=0
split_feature=3 10 0 15 7 0 1
split_gain=0.917422 1.21598 1.61298 2.14914 2.31598 1.59137 2.2338
threshold=-0.015071358796783839 0.0043826949132023127 0.0078093050473121437 0.00062502196569325108 0.03330070949156861 -0.0012944472561494111 0.021107115382216882
decision_type=2 2 2 2 2 2 2
left_child=-1 2 5 4 -4 -2 -7
right_child=1 -3 3 -5 -6 6 -8
leaf_value=0.00014262770574907402 -1.5923922678768872e-05 1.7379199208843873e-05 -0.00023602331118607948 -0.00031611012904619352 0.00019135248914225152 0.00017741010909320718 -1.1040974343293209e-05
leaf_weight=42 243 223 27 69 30 66 39
leaf_count=42 243 223 27 69 30 66 39
internal_value=-3.38295e-05 -0.000466284 -0.00189873 -0.00674603 0.000438596 -0.000143678 0.005
internal_weight=739 697 474 126 57 348 105
internal_count=739 697 474 126 57 348 105
is_linear=0
shrinkage=0.05


Tree=57
num_leaves=8
num_cat=0
split_feature=2 9 9 13 6 16 11
split_gain=1.10065 1.58811 1.92724 1.31386 1.06116 1.4158 1.00755
threshold=-0.22495871357900413 0.068472423938032781 0.10147623830648313 15.855000019073488 -0.55423066491026285 -0.01358922601066642 0.017027249014991756
decision_type=2 8 8 2 2 2 2
left_child=-1 3 -3 -2 -5 -6 -4
right_child=1 2 6 4 5 -7 -8
leaf_value=0.00027183853373681993 1.3838641352976936e-05 0.00012202839366354866 1.4682567171061743e-05 -0.00029144771561129024 0.00014127293987624951 -0.00029627233068391692 -2.4653287151531525e-05
leaf_weight=32 25 30 427 28 25 46 122
leaf_count=32 25 30 427 28 25 46 122
internal_value=0.000306122 -0.000106686 0.000993092 -0.00524194 -0.00782828 -0.00457746 0.000318761
internal_weight=735 703 579 124 99 71 549
internal_count=735 703 579 124 99 71 549
is_linear=0
shrinkage=0.05


Tree=58
num_leaves=8
num_cat=0
split_feature=3 14 12 0 10 15 15
split_gain=1.10648 1.16676 1.18801 1.14935 1.05611 1.12644 2.90277
threshold=-0.015071358796783839 -0.030119880421319408 0.057873596393828615 0.028335434259747942 0.0057884302310804445 0.0051461430771775349 0.00021127290924805034
decision_type=2 2 2 2 2 2 2
left_child=-1 -2 3 4 5 6 -3
right_child=1 2 -4 -5 -6 -7 -8
leaf_value=0.00018507891164641616 2.9886019849223846e-05 2.4501035275757269e-06 -0.00012640312359434285 -0.00026250737394298019 8.6014266872097317e-05 9.3048995298994786e-05 -0.0001597139767582959
leaf_weight=39 228 262 45 28 33 39 76
leaf_count=39 228 262 45 28 33 39 76
internal_value=0.000133333 -0.000316456 -0.00170807 -0.000913242 -0.000243902 -0.000994695 -0.00192308
internal_weight=750 711 483 438 410 377 338
internal_count=750 711 483 438 410 377 338
is_linear=0
shrinkage=0.05


Tree=59
num_leaves=8
num_cat=0
split_feature=12 10 12 16 0 0 6
split_gain=1.02125 1.95069 1.65742 1.0325 1.8008 3.6678 1.5424
threshold=0.049504484069908934 0.00097855070405028521 0.060736863464118891 -0.0034149574115537869 0.0048901271960098977 -0.0016453882612754154 -0.14150781509749968
decision_type=2 2 2 2 2 2 2
left_child=3 -2 -3 4 5 6 -1
right_child=1 2 -4 -5 -6 -7 -8
leaf_value=-0.00010971005017188803 -0.0002054748573652261 -0.00010561821217671079 0.00017382817127528755 2.8824024872690232e-05 -0.00015324548526619085 0.0002098662595172756 2.7529786773132332e-05
leaf_weight=85 36 29 31 409 86 28 54
leaf_count=85 36 29 31 409 86 28 54
internal_value=0.000131926 -0.0046875 0.000833333 0.000830816 -0.00167984 0.00134731 -0.00197842
internal_weight=758 96 60 662 253 167 139
internal_count=758 96 60 662 253 167 139
is_linear=0
shrinkage=0.05


Tree=60
num_leaves=8
num_cat=0
split_feature=10 11 6 11 7 13 13
split_gain=1.52463 1.88259 1.31049 1.47657 1.27379 1.33824 1.65441
threshold=-0.0048383307689184299 -0.023324980459216712 -0.2475823068664019 -0.0070947588285928389 -0.025177831754531196 17.369999885559086 19.115000724792484
decision_type=2 2 2 2 2 2 2
left_child=1 -1 -3 -4 5 -2 -7
right_child=4 2 3 -5 -6 6 -8
leaf_value=6.0956568687471887e-05 1.5927029954181278e-06 -0.00024949151805076951 -0.00033672120915624799 9.7479161919420288e-05 2.7382823629055684e-05 -0.00036226084358138854 3.4760773316756814e-05
leaf_weight=33 79 58 25 37 453 32 36
leaf_count=33 79 58 25 37 453 32 36
internal_value=0.000697211 -0.00375817 -0.00666667 -0.0016129 0.00183333 -0.00221088 -0.00735294
internal_weight=753 153 120 62 600 147 68
internal_count=753 153 120 62 600 147 68
is_linear=0
shrinkage=0.05


Tree=61
num_leaves=8
num_cat=0
split_feature=9 13 5 10 10 0 5
split_gain=1.18756 2.34459 2.08855 1.27424 1.68875 1.15587 1.55408
threshold=-0.078818799541380033 24.630000114440922 0.030075532928231358 -0.0012214211173433573 0.0034738887417754554 0.030237673555151171 0.026923716705998763
decision_type=8 2 2 2 2 2 2
left_child=3 2 5 -1 -5 6 -2
right_child=1 -3 -4 4 -6 -7 -8
leaf_value=-0.0002887127351108447 7.5937371700692676e-06 0.00030375082248389407 -0.00030481914245257953 0.00025392108651289174 -0.00018572669949921684 -0.00010887950967217748 0.00023218861499451693
leaf_weight=44 491 25 37 25 41 31 42
leaf_count=44 491 25 37 25 41 31 42
internal_value=0.00115489 0.00199681 0.00137271 -0.00363636 0.000757576 0.00212766 0.00267355
internal_weight=736 626 601 110 66 564 533
internal_count=736 626 601 110 66 564 533
is_linear=0
shrinkage=0.05


Tree=62
num_leaves=8
num_cat=0
split_feature=4 4 9 14 9 7 5
split_gain=1.02968 1.4781 2.117 1.26407 2.64265 1.14495 1.50138
threshold=0.043152262701350481 0.02527341640469331 0.38426364956367481 0.055948056460050417 0.29725500823913692 -0.046719942564341914 0.020680420099997397
decision_type=2 2 8 2 8 2 2
left_child=1 2 -1 5 -5 -3 -7
right_child=-2 3 -4 4 -6 6 -8
leaf_value=6.4958406291355105e-06 -3.0981146336239804e-05 0.00020430025882783653 -0.00016735660899834016 -0.00061536748205618253 2.6016672892363851e-05 9.4865024105879138e-05 3.3593862931334192e-07
leaf_weight=136 155 34 62 31 37 134 162
leaf_count=136 155 34 62 31 37 134 162
internal_value=0.000565912 0.00151007 -0.0020202 0.00326633 -0.00294118 0.00454545 0.0035473
internal_weight=751 596 198 398 68 330 296
internal_count=751 596 198 398 68 330 296
is_linear=0
shrinkage=0.05


Tree=63
num_leaves=8
num_cat=0
split_feature=1 9 10 1 11 3 10
split_gain=1.08276 1.21757 1.21677 1.50256 1.37574 1.09029 1.48026
threshold=-0.058551693155558408 -0.34254852353029464 0.015021948045267798 -0.041411982875456992 -0.012843904813593874 0.0049785620397583283 0.0046724002397113837
decision_type=2 10 2 2 2 2 2
left_child=1 -1 3 -2 -5 -6 -7
right_child=2 -3 -4 4 5 6 -8
leaf_value=0.00011115424036249822 0.00015195842717963617 -0.00029683463905683403 9.0474426644069277e-05 -0.00014244253023508791 2.6412369625508637e-05 -0.00023657306765653111 1.3515763785878175e-05
leaf_weight=26 52 57 26 62 377 76 76
leaf_count=26 52 57 26 62 377 76 76
internal_value=0.000265957 -0.00512048 0.00093423 0.000505443 -0.000211506 0.000614367 -0.00296053
internal_weight=752 83 669 643 591 529 152
internal_count=752 83 669 643 591 529 152
is_linear=0
shrinkage=0.05


Tree=64
num_leaves=8
num_cat=0
split_feature=0 12 12 10 12 4 4
split_gain=1.30462 1.64796 1.19679 1.6533 2.53658 0.998186 1.49
threshold=-0.028133741636315764 0.014344478951051955 0.049504484069908934 -0.00071796458931633323 0.059758756541204668 0.019782515185194544 0.025014041933922228
decision_type=2 2 2 2 2 2 2
left_child=1 -1 5 -4 -5 -2 -7
right_child=2 -3 3 4 -6 6 -8
leaf_value=9.6204042385842844e-05 7.6878113732169493e-05 -0.0004228170970338454 -0.00025901620433650549 -0.00012736688397736292 0.00012450285977130116 -4.9004553147721963e-05 2.3511856414545853e-05
leaf_weight=32 51 26 27 26 42 96 432
leaf_count=32 51 26 27 26 42 96 432
internal_value=0.0011612 -0.00603448 0.00178042 -0.00342105 0.000735294 0.00263385 0.00198864
internal_weight=732 58 674 95 68 579 528
internal_count=732 58 674 95 68 579 528
is_linear=0
shrinkage=0.05


Tree=65
num_leaves=8
num_cat=0
split_feature=0 0 10 1 8 1 1
split_gain=1.11564 1.11679 2.62045 1.96 1.73313 1.37858 1.28961
threshold=0.048213435250231702 -0.0011912166379771103 0.0070711772695752914 0.034457406237964457 -1.0000000180025095e-35 0.036158072170663809 0.027711669825625788
decision_type=2 2 2 2 8 2 2
left_child=1 2 5 6 -5 -1 -3
right_child=-2 3 -4 4 -6 -7 -8
leaf_value=-5.0749623635686603e-06 -0.00034287989416827971 4.9363681776026424e-05 -0.00041060258999653447 -0.00024606539411968015 6.5864734052501622e-06 0.00025471541790240314 0.00024039174920491911
leaf_weight=267 28 248 30 29 92 31 27
leaf_count=267 28 248 30 29 92 31 27
internal_value=0.000864362 0.00124309 -0.000914634 0.0030303 -0.00227273 0.000503356 0.00536364
internal_weight=752 724 328 396 121 298 275
internal_count=752 724 328 396 121 298 275
is_linear=0
shrinkage=0.05


Tree=66
num_leaves=8
num_cat=0
split_feature=13 1 8 7 16 8 11
split_gain=1.08169 0.975454 1.3397 2.66478 1.10235 1.66976 1.12293
threshold=25.19999980926514 0.12013032281066117 0.0077329402680930146 0.020929112583534474 0.020583095074475758 0.087832579250649148 0.016536757711404618
decision_type=2 2 10 2 2 10 2
left_child=1 2 3 -1 6 -6 -4
right_child=-2 -3 4 -5 5 -7 -8
leaf_value=1.8421760109160745e-06 0.00010599940082169487 -0.00020051563077862021 1.1235990439845004e-05 -0.00022911107162771157 0.00027465940965181222 3.1582797719057094e-05 -0.00028907938274972317
leaf_weight=273 35 35 250 48 28 49 27
leaf_count=273 35 35 250 48 28 49 27
internal_value=0.000704698 0.00028169 0.000703704 -0.00163551 0.00282486 0.00811688 0.00135379
internal_weight=745 710 675 321 354 77 277
internal_count=745 710 675 321 354 77 277
is_linear=0
shrinkage=0.05


Tree=67
num_leaves=8
num_cat=0
split_feature=3 8 9 16 11 10 1
split_gain=1.00601 1.4039 1.11384 1.25929 1.07299 1.35444 1.15484
threshold=0.0049210839374544965 0.23475748619774175 0.38509964652800061 -0.0079965497412306501 0.0049014258376020034 0.0068455088776298032 -0.01510556746729602
decision_type=2 8 10 2 2 2 2
left_child=1 2 3 -1 6 -6 -2
right_child=4 -3 -4 -5 5 -7 -8
leaf_value=-2.2266425505017417e-05 -6.7145360479192905e-05 0.00014899876890131305 -6.1714371851493566e-05 3.2969079490231335e-05 -0.00028037219924594925 7.5689367852990141e-06 6.9823777037825778e-05
leaf_weight=144 41 37 45 313 71 56 55
leaf_count=144 41 37 45 313 71 56 55
internal_value=0.000918635 0.0020872 0.00139442 0.00213348 -0.00190583 -0.00492126 0.00208333
internal_weight=762 539 502 457 223 127 96
internal_count=762 539 502 457 223 127 96
is_linear=0
shrinkage=0.05


Tree=68
num_leaves=8
num_cat=0
split_feature=0 12 0 2 8 14 14
split_gain=1.34234 1.1612 1.10659 0.961503 1.62259 1.32076 2.01578
threshold=-0.028133741636315764 0.014344478951051955 0.048213435250231702 0.14491581718442206 0.17600473890938997 0.072802606011034846 0.11108526702174228
decision_type=2 2 2 2 10 2 2
left_child=1 -1 3 5 -5 -2 -7
right_child=2 -3 -4 4 -6 6 -8
leaf_value=-4.0973228993412525e-05 4.2892060301975844e-05 -0.0003115933724111928 -0.00031633694235241823 -0.0001291810868684103 2.6492083433428579e-05 -0.00038584345231381571 2.617159545103623e-05
leaf_weight=34 489 27 27 63 49 37 27
leaf_count=34 489 27 27 63 49 37 27
internal_value=0.000962815 -0.00614754 0.0015896 0.00199248 -0.00223214 0.0028481 -0.00390625
internal_weight=753 61 692 665 112 553 64
internal_count=753 61 692 665 112 553 64
is_linear=0
shrinkage=0.05


Tree=69
num_leaves=8
num_cat=0
split_feature=0 15 12 8 9 13 7
split_gain=1.14687 1.27303 1.41583 1.2177 1.57921 0.93355 0.831787
threshold=0.048213435250231702 0.017140790234212892 0.05735486248043898 0.21455108023593286 0.46775183289846672 12.644999980926515 0.0555071935498841
decision_type=2 2 2 10 10 2 2
left_child=1 2 3 4 5 -1 -7
right_child=-2 -3 -4 -5 -6 6 -8
leaf_value=-4.5876298130540823e-05 -0.00029462956024811084 0.00017225156485497651 -6.5301219266856046e-05 4.2697663623730324e-05 -0.00027045664847720599 3.1313333386245866e-05 -1.8483079338066064e-05
leaf_weight=28 28 27 57 27 30 473 80
leaf_count=28 28 27 57 27 30 473 80
internal_value=0.001 0.00138504 0.000971223 0.00164577 0.00118658 0.0017642 0.00221519
internal_weight=750 722 695 638 611 581 553
internal_count=750 722 695 638 611 581 553
is_linear=0
shrinkage=0.05


Tree=70
num_leaves=8
num_cat=0
split_feature=1 1 13 0 6 0 8
split_gain=1.4015 1.44139 1.52405 2.20611 1.43591 1.38272 2.01667
threshold=-0.011213576934065493 0.033578499274686598 17.605000495910648 0.012077033908367231 -0.34169553218222942 -0.019302587350960406 -0.082478101939055679
decision_type=2 2 2 2 2 2 10
left_child=5 -2 3 -3 -4 -1 -7
right_child=1 2 4 -5 -6 6 -8
leaf_value=-0.0001431596930406709 3.1046349185277163e-05 -0.00011118798078119872 -0.00021089396147969147 1.3563887552132948e-05 0.00012884565565699497 0.00010175257759129693 -3.8169291204068332e-05
leaf_weight=78 303 61 26 56 37 45 135
leaf_count=78 303 61 26 56 37 45 135
internal_value=0.000843455 0.00243271 -0.00111111 -0.00448718 0.00515873 -0.00213178 0.000277778
internal_weight=741 483 180 117 63 258 180
internal_count=741 483 180 117 63 258 180
is_linear=0
shrinkage=0.05


Tree=71
num_leaves=8
num_cat=0
split_feature=6 6 6 16 11 0 11
split_gain=1.17027 1.11891 1.79678 1.34924 1.21136 0.768118 0.853093
threshold=1.9163589207307063 1.3554539075536303 1.0093716389318419 0.034153966938903386 0.026101750474282651 -0.028133741636315764 -0.00043727592468612014
decision_type=2 2 2 2 2 2 2
left_child=1 2 3 4 5 -1 -7
right_child=-2 -3 -4 -5 -6 6 -8
leaf_value=-0.00015106359578875478 -0.00024513372969908222 4.3950342281457413e-05 -8.4202320163997112e-05 0.00019115715225657577 -0.000120269445179284 -9.1051019921334097e-07 3.9041081953733636e-05
leaf_weight=36 49 26 29 33 33 214 327
leaf_count=36 49 26 29 33 33 214 327
internal_value=0.00083668 0.00136103 0.000967262 0.00151633 0.000983607 0.00151646 0.00198706
internal_weight=747 698 672 643 610 577 541
internal_count=747 698 672 643 610 577 541
is_linear=0
shrinkage=0.05


Tree=72
num_leaves=8
num_cat=0
split_feature=4 4 2 6 6 13 16
split_gain=1.27052 2.37669 1.32354 1.29835 1.59559 2.46323 1.81985
threshold=0.022205615756460486 0.02527341640469331 0.026733873956909408 1.0243922128466616 -0.60149129768360121 18.260000228881839 0.030171215245926922
decision_type=2 2 2 2 2 2 2
left_child=-1 2 -2 4 5 -3 -6
right_child=1 3 -4 -5 6 -7 -8
leaf_value=3.6872653607859474e-05 -0.00024078190921484268 3.9843044294786546e-05 -2.8386573331237645e-05 -7.1038367866784526e-05 1.5341436348360101e-05 -0.00037172304281608614 0.00023223277718867881
leaf_weight=118 32 76 49 76 311 50 35
leaf_count=118 32 76 49 76 311 50 35
internal_value=0.00117135 0.000278219 -0.00771605 0.00145985 0.00243644 -0.00238095 0.00419075
internal_weight=747 629 81 548 472 126 346
internal_count=747 629 81 548 472 126 346
is_linear=0
shrinkage=0.05


Tree=73
num_leaves=8
num_cat=0
split_feature=0 8 8 8 15 15 4
split_gain=1.17955 1.09228 1.39589 1.26849 1.1855 1.28779 1.07286
threshold=0.048213435250231702 0.11305355576103072 0.090441847373620168 0.12937134718597179 0.012013145016865569 0.0097709863996334762 0.034705683519731891
decision_type=2 8 10 8 2 2 2
left_child=1 2 4 -3 5 -1 -5
right_child=-2 3 -4 6 -6 -7 -8
leaf_value=4.2017336616661727e-06 -0.00026764971593764029 0.00018168220373424666 -0.00028025777616364883 -3.7372057449550687e-06 9.5943402404274642e-05 -0.00028774887760891414 0.00010123387640188254
leaf_weight=446 28 38 30 68 51 32 53
leaf_count=446 28 38 30 68 51 32 53
internal_value=0.00113941 0.00153203 0.00049195 0.00518868 0.00108696 0.000313808 0.00268595
internal_weight=746 718 559 159 529 478 121
internal_count=746 718 559 159 529 478 121
is_linear=0
shrinkage=0.05


Tree=74
num_leaves=8
num_cat=0
split_feature=7 4 7 0 12 3 15
split_gain=1.63228 1.59501 1.44048 1.30225 1.03614 1.39719 1.36416
threshold=0.075744403601443869 0.04284278354313683 0.087956991992816494 -0.028133741636315764 0.0011335469917099774 0.001235735550981887 0.0029713993863098591
decision_type=2 2 2 2 2 2 2
left_child=1 -1 -2 -3 6 -6 -5
right_child=2 3 -4 4 5 -7 -8
leaf_value=3.1093433867046506e-05 -0.00037006690307006161 -0.0005220774672931017 -4.3050200162588101e-06 -0.00015471017525993895 0.00014227916677666595 -3.179499653866661e-05 1.2398007399850839e-05
leaf_weight=501 25 30 80 33 26 27 32
leaf_count=501 25 30 80 33 26 27 32
internal_value=0.00125995 0.00219569 -0.00452381 -0.00236486 0 0.00518868 -0.00423077
internal_weight=754 649 105 148 118 53 65
internal_count=754 649 105 148 118 53 65
is_linear=0
shrinkage=0.05


Tree=75
num_leaves=8
num_cat=0
split_feature=0 0 10 9 14 13 11
split_gain=1.7476 1.46192 2.16449 1.31536 1.99062 1.20502 1.225
threshold=0.045327162054247035 -0.0012944472561494111 0.0070711772695752914 -0.096458740156539088 0.035942894407802857 15.050000190734865 0.0028224343190543792
decision_type=2 2 2 8 2 2 2
left_child=1 2 -1 -3 5 6 -5
right_child=-2 3 -4 4 -6 -7 -8
leaf_value=-5.8653268539726144e-06 -0.00025706046992401022 -0.0001725594793356435 -0.00054864645407788788 -0.00010325506651911983 8.2848584062389114e-05 8.4151744732035346e-05 9.3182780521610275e-06
leaf_weight=296 27 45 26 30 45 170 90
leaf_count=296 27 45 26 30 45 170 90
internal_value=0.000445816 0.000925926 -0.0015528 0.00302632 0.00410448 0.00258621 -0.00125
internal_weight=729 702 322 380 335 290 120
internal_count=729 702 322 380 335 290 120
is_linear=0
shrinkage=0.05


Tree=76
num_leaves=8
num_cat=0
split_feature=10 1 11 14 1 16 6
split_gain=0.866525 2.84655 1.07999 0.954844 1.67657 1.29361 1.48271
threshold=0.010510729988004066 -1.0000000180025095e-35 0.032599070140324489 -0.02817624153510306 0.03672509362511845 0.019039742270027141 -0.095732352914498706
decision_type=2 2 2 2 2 2 2
left_child=2 -2 3 4 -1 -5 -7
right_child=1 -3 -4 5 -6 6 -8
leaf_value=0.00016176791403706088 -0.00028238754610743601 1.6728810072438006e-05 -3.1123278948508958e-05 -3.3988404997315621e-06 -6.8290388680865988e-05 0.00012841041077416276 -0.00014296359511010173
leaf_weight=121 32 43 34 407 40 39 35
leaf_count=121 32 43 34 407 40 39 35
internal_value=0.000765646 -0.00433333 0.00133136 0.00179128 0.00512422 0.000675676 0.00675676
internal_weight=751 75 676 642 161 481 74
internal_count=751 75 676 642 161 481 74
is_linear=0
shrinkage=0.05


Tree=77
num_leaves=8
num_cat=0
split_feature=1 9 8 14 13 13 6
split_gain=0.987244 1.31404 1.46261 1.22789 1.1942 1.22619 1.87387
threshold=-0.050563018124339602 0.39002312600006755 0.11305355576103072 0.016378333086022993 21.664999961853031 17.394999504089359 -0.66234733367462428
decision_type=2 10 8 2 2 2 2
left_child=3 2 4 -1 5 6 -2
right_child=1 -3 -4 -5 -6 -7 -8
leaf_value=-0.00015348692711389923 0.00013671317385334522 -4.8005406080558169e-05 9.3736010293425046e-05 5.7021160939764975e-06 9.1989395913180159e-05 -6.9914427797941448e-05 -3.3991458972193296e-06
leaf_weight=56 78 79 115 42 48 112 222
leaf_count=56 78 79 115 42 48 112 222
internal_value=0.000598404 0.00129969 0.00213043 -0.00408163 0.000869565 0 0.00166667
internal_weight=752 654 575 98 460 412 300
internal_count=752 654 575 98 460 412 300
is_linear=0
shrinkage=0.05


Tree=78
num_leaves=8
num_cat=0
split_feature=13 4 11 12 15 3 2
split_gain=1.61818 1.24392 1.28249 1.22727 1.0683 1.38902 1.33643
threshold=25.19999980926514 0.046924262648079799 0.010798800902990015 -0.0080596862952704278 -0.008866631515659416 -0.0085003117848739245 0.0099741918701615768
decision_type=2 2 2 2 2 2 2
left_child=1 4 3 -3 6 -6 -1
right_child=-2 2 -4 -5 5 -7 -8
leaf_value=3.8516594029234732e-05 0.00018063642369638806 -0.0003107429668244448 -0.00041193876246058131 4.4179076232080122e-05 0.00014542899296134186 8.355431835574368e-06 -0.00010328539329942551
leaf_weight=35 33 33 28 33 36 503 37
leaf_count=35 33 33 28 33 36 503 37
internal_value=0.000542005 3.5461e-05 -0.00531915 -0.00151515 0.000859247 0.00162338 -0.00486111
internal_weight=738 705 94 66 611 539 72
internal_count=738 705 94 66 611 539 72
is_linear=0
shrinkage=0.05


end of trees

feature_importances:
ret_1d=63
atr_pct=51
ret_5d=39
dvol_z_20=39
dist_ma200=38
sector_ret_5d=38
sector_ret_1d=35
dist_ma50=33
vix_chg_1d=31
spy_ret_20d=29
spy_ret_1d=28
vix_level=27
spy_ret_5d=25
overnight_gap=23
ret_20d=21
parkinson_20=18
dist_ma20=15

parameters:
[boosting: gbdt]
[objective: quantile]
[metric: quantile]
[tree_learner: serial]
[device_type: cpu]
[data_sample_strategy: bagging]
[data: ]
[valid: ]
[num_iterations: 80]
[learning_rate: 0.05]
[num_leaves: 8]
[num_threads: 1]
[seed: 0]
[deterministic: 0]
[force_col_wise: 1]
[force_row_wise: 0]
[histogram_pool_size: -1]
[max_depth: -1]
[min_data_in_leaf: 25]
[min_sum_hessian_in_leaf: 0.001]
[bagging_fraction: 0.9]
[pos_bagging_fraction: 1]
[neg_bagging_fraction: 1]
[bagging_freq: 1]
[bagging_seed: 3]
[bagging_by_query: 0]
[feature_fraction: 0.9]
[feature_fraction_bynode: 1]
[feature_fraction_seed: 2]
[extra_trees: 0]
[extra_seed: 6]
[early_stopping_round: 0]
[early_stopping_min_delta: 0]
[first_metric_only: 0]
[max_delta_step: 0]
[lambda_l1: 0]
[lambda_l2: 0]
[linear_lambda: 0]
[min_gain_to_split: 0]
[drop_rate: 0.1]
[max_drop: 50]
[skip_drop: 0.5]
[xgboost_dart_mode: 0]
[uniform_drop: 0]
[drop_seed: 4]
[top_rate: 0.2]
[other_rate: 0.1]
[min_data_per_group: 100]
[max_cat_threshold: 32]
[cat_l2: 10]
[cat_smooth: 10]
[max_cat_to_onehot: 4]
[top_k: 20]
[monotone_constraints: ]
[monotone_constraints_method: basic]
[monotone_penalty: 0]
[feature_contri: ]
[forcedsplits_filename: ]
[refit_decay_rate: 0.9]
[cegb_tradeoff: 1]
[cegb_penalty_split: 0]
[cegb_penalty_feature_lazy: ]
[cegb_penalty_feature_coupled: ]
[path_smooth: 0]
[interaction_constraints: ]
[verbosity: -1]
[saved_feature_importance_type: 0]
[use_quantized_grad: 0]
[num_grad_quant_bins: 4]
[quant_train_renew_leaf: 0]
[stochastic_rounding: 1]
[linear_tree: 0]
[max_bin: 255]
[max_bin_by_feature: ]
[min_data_in_bin: 3]
[bin_construct_sample_cnt: 200000]
[data_random_seed: 1]
[is_enable_sparse: 1]
[enable_bundle: 1]
[use_missing: 1]
[zero_as_missing: 0]
[feature_pre_filter: 1]
[pre_partition: 0]
[two_round: 0]
[header: 0]
[label_column: ]
[weight_column: ]
[group_column: ]
[ignore_column: ]
[categorical_feature: ]
[forcedbins_filename: ]
[precise_float_parser: 0]
[parser_config_file: ]
[objective_seed: 5]
[num_class: 1]
[is_unbalance: 0]
[scale_pos_weight: 1]
[sigmoid: 1]
[boost_from_average: 1]
[reg_sqrt: 0]
[alpha: 0.5]
[fair_c: 1]
[poisson_max_delta_step: 0.7]
[tweedie_variance_power: 1.5]
[lambdarank_truncation_level: 30]
[lambdarank_norm: 1]
[label_gain: ]
[lambdarank_position_bias_regularization: 0]
[eval_at: ]
[multi_error_top_k: 1]
[auc_mu_weights: ]
[num_machines: 1]
[local_listen_port: 12400]
[time_out: 120]
[machine_list_filename: ]
[machines: ]
[gpu_platform_id: -1]
[gpu_device_id: -1]
[gpu_device_id_list: ]
[gpu_use_dp: 0]
[num_gpu: 1]

end of parameters

pandas_categorical:[]
