tree
version=v4
num_class=1
num_tree_per_iteration=1
label_index=0
max_feature_idx=16
objective=quantile
feature_names=ret_1d ret_5d ret_20d overnight_gap atr_pct parkinson_20 dvol_z_20 dist_ma20 dist_ma50 dist_ma200 spy_ret_1d spy_ret_5d spy_ret_20d vix_level vix_chg_1d sector_ret_1d sector_ret_5d
feature_infos=[-0.2844031685331877:0.14840247973295195] [-0.28860044533753315:0.24014590592334484] [-0.2482356062616079:0.46019282951330731] [-0.2482928161704453:0.12780162136385309] [0.018990404831989001:0.078148261445905975] [0.012189675021749818:0.03268994599943386] [-1.8306470675890001:4.2301197406002178] [-0.25169523961862106:0.25273465438175791] [-0.20163606280966406:0.39664410484168067] [-0.26264666751243448:0.48384950482575872] [-0.058542947643003718:0.10501933612632941] [-0.11496158439845272:0.082843216242346029] [-0.12265592443394913:0.15756596870864792] [11.859999656677246:52.330001831054688] [-0.35753873962348437:0.74039073966007019] [-0.068244726543857936:0.13419383554022479] [-0.13586538461538455:0.11772560364971629]
tree_sizes=840 866 857 866 862 849 857 856 842 852 858 848 858 870 870 855 856 869 858 855 861 861 861 856 869 867 858 871 864 864 852 864 864 864 848 864 856 871 854 860 856 861 859 870 866 872 860 871 858 864 863 874 870 859 866 881 869 860 858 856 865 853

Tree=0
num_leaves=8
num_cat=0
split_feature=9 12 15 5 6 14 15
split_gain=1.99115 1.13199 0.954103 0.79147 1.25641 0.879 0.984088
threshold=-0.03505585886015327 0.0053623810378563572 0.0047862394608267919 0.017561673655255714 -0.59131889056567433 0.06028471113356227 0.0083140359390915259
decision_type=8 2 2 2 2 2 2
left_child=1 2 -1 -2 -5 6 -6
right_child=3 -3 -4 4 5 -7 -8
leaf_value=-0.037135202461655546 -0.034924347228922605 -0.034940052735011579 -0.036123319331405057 -0.034957770311663645 -0.034970851771965066 -0.036076703200928269 -0.035665720179235375
leaf_weight=39 346 28 25 104 107 36 65
leaf_count=39 346 28 25 104 107 36 65
internal_value=-0.0353534 -0.0422433 -0.0459118 -0.0343901 -0.0362163 -0.0384598 -0.0369728
internal_weight=750 92 64 658 312 208 172
internal_count=750 92 64 658 312 208 172
is_linear=0
shrinkage=1


Tree=1
num_leaves=8
num_cat=0
split_feature=4 0 3 11 10 1 9
split_gain=0.828282 1.2997 0.716146 0.694289 1.09851 0.557184 0.535083
threshold=0.032016378411291492 -0.019358003823196576 -0.0064884686333952493 0.0087351921378735504 -0.00025977690608347531 -0.028292165225695384 0.069111858934188822
decision_type=2 2 2 2 2 2 10
left_child=6 2 -2 4 -3 -6 -1
right_child=1 3 -4 -5 5 -7 -8
leaf_value=0.0004120754255852396 -0.0013610899795064666 0.00025393445834313058 -0.0010964607014411995 0.00056351331578329987 -0.00049340139479010867 -0.00047236693323443325 -0.00011873444899957002
leaf_weight=261 28 53 25 82 26 28 231
leaf_count=261 28 53 25 82 26 28 231
internal_value=0.000163488 -0.0022314 -0.00915094 -0.000291005 -0.00294392 -0.00796296 0.00134146
internal_weight=734 242 53 189 107 54 492
internal_count=734 242 53 189 107 54 492
is_linear=0
shrinkage=0.05


Tree=2
num_leaves=8
num_cat=0
split_feature=6 9 3 9 0 1 1
split_gain=2.6307 1.71558 0.771362 0.507676 0.583418 0.266699 0.687837
threshold=3.0960297439483102 -0.03505585886015327 0.0022690742154073411 0.125516300747089 -0.0062045078987374427 -0.040256560818564872 -0.052446242297267291
decision_type=2 8 2 10 2 2 2
left_child=1 2 -1 5 -5 6 -3
right_child=-2 3 -4 4 -6 -7 -8
leaf_value=-0.0014277608142673221 -0.0023871549780481818 0.00083424576669747217 3.6281123214465527e-05 -0.00071653553944903039 9.2859373683780127e-05 0.00041000013279411489 -0.00039180340382822897
leaf_weight=47 28 42 44 36 128 398 26
leaf_count=47 28 42 44 36 128 398 26
internal_value=0.000393859 0.000977809 -0.00543956 0.00190476 -0.000487805 0.00274678 -0.000147059
internal_weight=749 721 91 630 164 466 68
internal_count=749 721 91 630 164 466 68
is_linear=0
shrinkage=0.05


Tree=3
num_leaves=8
num_cat=0
split_feature=6 9 12 3 4 9 1
split_gain=1.99345 1.58526 0.688195 0.574015 0.568322 0.576571 0.814187
threshold=3.0960297439483102 -0.03505585886015327 -0.0081213337469206431 0.0053705943249894314 0.038772118482665582 0.072817405570268182 -0.0087719898640912768
decision_type=2 8 2 2 2 10 2
left_child=1 2 -1 4 5 -3 -7
right_child=-2 3 -4 -5 -6 6 -8
leaf_value=-0.0011720188599458944 -0.0019607954606106755 0.0002992015073465443 -0.00013927079015331792 0.00049558667999419985 -0.00057079540576303442 0.00025007986298372658 -0.00034873507233001408
leaf_weight=46 27 231 40 178 31 62 128
leaf_count=46 27 231 40 178 31 62 128
internal_value=-0.000181696 0.000321229 -0.00604651 0.00119048 0.000243363 0.000724466 -0.00131579
internal_weight=743 716 86 630 452 421 190
internal_count=743 716 86 630 452 421 190
is_linear=0
shrinkage=0.05


Tree=4
num_leaves=8
num_cat=0
split_feature=6 9 5 15 15 3 6
split_gain=2.25684 1.43058 0.738934 0.585217 0.374147 0.505246 0.714852
threshold=3.0960297439483102 -0.066407170035730476 0.022463252095269958 -0.019374683106075371 -0.0085306327053119007 0.0056227917563795868 -0.99418344506241063
decision_type=2 8 2 2 2 2 2
left_child=1 2 -1 -3 -5 6 -6
right_child=-2 3 -4 4 5 -7 -8
leaf_value=-0.0016060036289154232 -0.0022143646241647975 -0.00041337214850245145 -0.00010998186724910555 0.00038839052687783597 -0.00070719942718854814 0.00047075643893129768 0.00020901672656558636
leaf_weight=25 26 44 42 83 35 159 332
leaf_count=25 26 44 42 83 35 159 332
internal_value=0.000241287 0.000763889 -0.00619403 0.00147779 0.00188013 0.00138783 0.000367848
internal_weight=746 720 67 653 609 526 367
internal_count=746 720 67 653 609 526 367
is_linear=0
shrinkage=0.05


Tree=5
num_leaves=8
num_cat=0
split_feature=9 6 11 3 5 6 6
split_gain=1.0042 0.722869 1.16525 0.566476 0.758571 0.596083 0.559695
threshold=-0.066407170035730476 1.5025023826033006 0.010798800902990015 0.0045058141876869193 0.0194370644928691 -0.99418344506241063 -0.58584675867021685
decision_type=8 2 2 2 2 2 2
left_child=-1 3 -3 4 5 -2 -6
right_child=1 2 -4 -5 6 -7 -8
leaf_value=-0.0010261630707003319 -0.00018495053324060672 -0.001165924354987766 0.00034250882338329486 0.00046489141056158093 0.0002154263389596952 0.00026403661930030959 -0.00045256226225781854
leaf_weight=64 29 41 30 191 41 268 73
leaf_count=64 29 41 30 191 41 268 73
internal_value=4.749e-05 0.000616642 -0.00415493 0.0011794 0.00013382 0.00146465 -0.00333333
internal_weight=737 673 71 602 411 297 114
internal_count=737 673 71 602 411 297 114
is_linear=0
shrinkage=0.05


Tree=6
num_leaves=8
num_cat=0
split_feature=6 15 11 8 4 3 6
split_gain=1.29423 1.2175 0.452309 0.543418 1.51074 0.462264 0.399692
threshold=3.0960297439483102 -0.025970961947483325 0.018972552338111019 -0.11201383901640453 0.040405721590549136 0.0099017480342441528 -0.9392146622048021
decision_type=2 2 2 10 2 2 2
left_child=1 -1 3 -3 5 6 -5
right_child=-2 2 -4 4 -6 -7 -8
leaf_value=-0.001482397351531083 -0.0019616704609312099 0.00037525756551763005 0.00042240052326649157 -0.0004470876483632827 -0.00097986854451490783 0.00044959967656954677 8.6860972635976742e-05
leaf_weight=27 30 58 122 64 32 53 360
leaf_count=27 30 58 122 64 32 53 360
internal_value=0.000174263 0.000600559 0.00100871 0.000414462 -0.000108055 0.000597484 4.717e-05
internal_weight=746 716 689 567 509 477 424
internal_count=746 716 689 567 509 477 424
is_linear=0
shrinkage=0.05


Tree=7
num_leaves=8
num_cat=0
split_feature=6 6 4 5 8 9 9
split_gain=0.789933 0.541799 0.923521 0.506808 0.492847 0.725498 0.464506
threshold=1.4502550807044983 1.831012674984126 0.032227552612414855 0.01496770952405003 -0.11442815236085162 -0.078374179554894938 0.072817405570268182
decision_type=2 2 2 2 10 8 10
left_child=3 -2 -3 -1 -5 -6 -7
right_child=1 2 -4 4 5 6 -8
leaf_value=0.00033741860749492635 -0.00092382897413228842 -0.0020584543919911829 0.00026082812859396643 0.00022996167485098579 -0.0013684129269903558 0.00018372674850291869 -9.862818397150271e-05
leaf_weight=166 27 33 30 50 38 204 197
leaf_count=166 27 33 30 50 38 204 197
internal_value=0.000503356 -0.00388889 -0.00134921 0.00110687 0.000296524 -0.00023918 0.000386534
internal_weight=745 90 63 655 489 439 401
internal_count=745 90 63 655 489 439 401
is_linear=0
shrinkage=0.05


Tree=8
num_leaves=8
num_cat=0
split_feature=6 6 6 3 9 9 14
split_gain=1.15065 0.906667 0.778451 0.45046 0.428045 0.635442 0.560566
threshold=1.4502550807044983 1.831012674984126 3.0960297439483102 0.011181325701099866 -0.03505585886015327 0.078696464742648922 0.003286853869637119
decision_type=2 2 2 2 8 10 2
left_child=3 -2 -3 4 6 -6 -1
right_child=1 2 -4 -5 5 -7 -8
leaf_value=-0.0011635726832418592 -0.00092257276910965571 0.0004883247726337642 -0.0018441788432514115 0.00046809083458335902 0.00027534016620337263 -6.1038995020873103e-05 0.00013823758589635271
leaf_weight=37 25 33 27 69 306 235 32
leaf_count=37 25 33 27 69 306 235 32
internal_value=0.000484293 -0.005 -0.00166667 0.00117084 0.000737705 0.00121072 -0.00297101
internal_weight=764 85 60 679 610 541 69
internal_count=764 85 60 679 610 541 69
is_linear=0
shrinkage=0.05


Tree=9
num_leaves=8
num_cat=0
split_feature=6 7 3 9 9 8 6
split_gain=1.05347 0.554355 1.02894 0.95936 0.389675 0.632582 0.369678
threshold=3.0960297439483102 -0.044337347558684952 0.0030884792450899261 0.013854879256417376 -0.03505585886015327 -0.010286082358426206 -0.9392146622048021
decision_type=2 2 2 10 8 10 2
left_child=1 2 3 -1 -3 -6 -7
right_child=-2 4 -4 -5 5 6 -8
leaf_value=-4.3372041050862e-05 -0.001724131692766734 -0.00035733679694386326 0.00040693423412889386 -0.00054446958766871708 0.00037955113389626381 -0.00020468825514558184 0.00018159792461911904
leaf_weight=51 28 50 42 27 110 56 380
leaf_count=51 28 50 42 27 110 56 380
internal_value=0.000228495 0.000600559 -0.0025 -0.00589744 0.00122483 0.00161172 0.000756881
internal_weight=744 716 120 78 596 546 436
internal_count=744 716 120 78 596 546 436
is_linear=0
shrinkage=0.05


Tree=10
num_leaves=8
num_cat=0
split_feature=6 9 5 14 9 14 10
split_gain=0.923193 0.889716 0.635737 0.601152 0.661811 0.571038 0.352423
threshold=3.0960297439483102 -0.03505585886015327 0.021343775319302 0.068214198873392098 0.013854879256417376 -0.013693091090924312 -0.0013775123490141203
decision_type=2 8 2 2 10 2 2
left_child=1 2 -1 6 -5 -4 -3
right_child=-2 3 5 4 -6 -7 -8
leaf_value=-0.0014003677827193806 -0.0015822486914841829 0.00033215746024455435 -0.00083610966896498879 0.00040112540281434883 -0.00066366739573999736 0.00036667471866232365 0.00017096708288087906
leaf_weight=30 30 145 26 28 48 32 410
leaf_count=30 30 145 26 28 48 32 410
internal_value=0.000260347 0.000618915 -0.00409091 0.00127575 -0.00289474 -0.00103448 0.00184685
internal_weight=749 719 88 631 76 58 555
internal_count=749 719 88 631 76 58 555
is_linear=0
shrinkage=0.05


Tree=11
num_leaves=8
num_cat=0
split_feature=6 5 1 9 6 1 9
split_gain=1.07774 0.678734 0.606149 0.842464 0.563491 0.544305 0.527404
threshold=1.4502550807044983 0.019730845652189591 0.010901637106312536 0.14200785654975182 -0.9392146622048021 -0.015249360045980874 0.125516300747089
decision_type=2 2 2 8 2 2 10
left_child=1 4 5 -4 -1 -3 -2
right_child=6 2 3 -5 -6 -7 -8
leaf_value=-0.0001388066481448218 -0.00064359426616018649 -0.00021354297312625224 0.00036376175249502255 -0.00027836123957254624 0.00028517629228420107 -0.00055430893945318852 -0.00094236321025325566
leaf_weight=61 61 72 70 27 405 26 25
leaf_count=61 61 72 70 27 405 26 25
internal_value=0.000381526 0.00106657 -0.00141026 0.00139175 0.002103 -0.00418367 -0.00488372
internal_weight=747 661 195 97 466 98 86
internal_count=747 661 195 97 466 98 86
is_linear=0
shrinkage=0.05


Tree=12
num_leaves=8
num_cat=0
split_feature=6 11 3 6 2 9 12
split_gain=1.04693 0.931202 1.05861 0.475018 0.554622 0.550327 0.604685
threshold=1.4502550807044983 0.010798800902990015 -0.0033176729143238877 0.5329747435657316 -0.12873022444927865 0.078696464742648922 -0.024923453703148576
decision_type=2 2 2 2 2 10 2
left_child=3 2 -2 4 -1 6 -6
right_child=1 -3 -4 -5 5 -7 -8
leaf_value=-0.00035641943228909619 -0.0014004335780632236 0.00043670274410497758 -0.00057433268187320047 0.0002301729833475534 -1.3051595817924415e-05 -7.025894316407034e-05 0.00037057062210222908
leaf_weight=32 26 32 28 87 72 201 256
leaf_count=32 26 32 28 87 72 201 256
internal_value=0.000299728 -0.00488372 -0.00888889 0.000987654 0.000454546 0.00084121 0.00210366
internal_weight=734 86 54 648 561 529 328
internal_count=734 86 54 648 561 529 328
is_linear=0
shrinkage=0.05


Tree=13
num_leaves=8
num_cat=0
split_feature=4 6 5 13 8 16 15
split_gain=0.746946 0.567239 0.515713 0.469432 0.549768 0.630047 0.749489
threshold=0.046641790170803825 3.0960297439483102 0.01496770952405003 13.894999980926515 -0.11442815236085162 0.017632370145345248 0.0016553279865119121
decision_type=2 2 2 2 10 2 2
left_child=1 2 -1 -4 -5 6 -6
right_child=-2 -3 3 4 5 -7 -8
leaf_value=0.00025267830761121427 -0.00047895191416661234 -0.0012698433519266854 0.00047495526806803792 0.00033394653658562614 -1.2078533214491582e-05 0.00026196174735064075 -0.00030550637177119861
leaf_weight=177 46 26 119 38 137 109 93
leaf_count=177 46 26 119 38 137 109 93
internal_value=0.000302014 0.000708155 0.000988113 0.000161291 -0.000702918 -0.00134218 -0.00282609
internal_weight=745 699 673 496 377 339 230
internal_count=745 699 673 496 377 339 230
is_linear=0
shrinkage=0.05


Tree=14
num_leaves=8
num_cat=0
split_feature=6 15 8 16 3 12 16
split_gain=0.944755 1.01536 0.45771 0.503509 0.516381 0.680102 0.584954
threshold=3.0960297439483102 -0.024469936616280771 -0.10297041408794903 0.0016150271174418809 0.010167912375007139 -0.0052152181904612785 -0.0034852447119776415
decision_type=2 2 10 2 2 2 2
left_child=1 -1 -3 4 5 -4 -7
right_child=-2 2 3 -5 -6 6 -8
leaf_value=-0.0012529640321581386 -0.0012352628549479135 0.00033438521857414227 -0.00053923345311016025 0.00023232808323802949 0.00045735036643487249 5.9989780392413137e-05 -0.00043837310729443477
leaf_weight=25 25 73 62 363 31 108 32
leaf_count=25 25 73 62 363 31 108 32
internal_value=0.000549374 0.000893372 0.00126308 0.000805369 -0.00100858 -0.00193069 1.86265e-10
internal_weight=719 694 669 596 233 202 140
internal_count=719 694 669 596 233 202 140
is_linear=0
shrinkage=0.05


Tree=15
num_leaves=8
num_cat=0
split_feature=9 14 15 9 15 1 8
split_gain=0.938139 0.556484 1.39148 0.517079 0.611858 0.592563 1.23181
threshold=-0.032554224839529071 0.003286853869637119 0.012935024954175202 0.13290691922659084 -0.019374683106075371 0.0034725554253186579 0.077054174737420503
decision_type=8 2 2 10 2 2 10
left_child=1 2 -1 4 -2 -5 -7
right_child=3 -3 -4 5 -6 6 -8
leaf_value=-0.0014022375903312955 -0.00032480647017917041 1.1724039493638482e-05 0.00086917825451319651 0.00019100765198352073 0.00022605373798890494 -0.00060130407417059153 4.1529159893401882e-07
leaf_weight=27 31 42 25 54 455 25 84
leaf_count=27 31 42 25 54 455 25 84
internal_value=0.000625841 -0.00404255 -0.0075 0.001302 0.00211934 -0.00113497 -0.00325688
internal_weight=743 94 52 649 486 163 109
internal_count=743 94 52 649 486 163 109
is_linear=0
shrinkage=0.05


Tree=16
num_leaves=8
num_cat=0
split_feature=15 7 4 6 3 16 6
split_gain=0.593347 0.461033 0.426093 0.540834 0.939203 0.629173 0.543368
threshold=-0.025970961947483325 0.10407538508993043 0.046641790170803825 -0.9392146622048021 0.004090421154380409 0.0042975046617205201 2.5120924443958308
decision_type=2 2 2 2 2 2 2
left_child=-1 2 3 4 5 -2 -5
right_child=1 -3 -4 6 -6 -7 -8
leaf_value=-0.0011808061178364927 -0.00069664529207019016 -0.00034616326021132517 -0.00040262798055807741 0.0002017256863202717 0.00075503150722993316 -0.00011500169965810705 -0.0012704092138913726
leaf_weight=25 27 29 47 543 28 26 32
leaf_count=25 27 29 47 543 28 26 32
internal_value=0.000574637 0.000833334 0.00108819 0.00141768 -0.00240741 -0.00632075 0.00195652
internal_weight=757 732 703 656 81 53 575
internal_count=757 732 703 656 81 53 575
is_linear=0
shrinkage=0.05


Tree=17
num_leaves=8
num_cat=0
split_feature=15 9 16 3 10 5 16
split_gain=0.58645 0.612788 0.632207 0.603596 0.910107 0.84885 0.71527
threshold=-0.024469936616280771 0.13104709374773318 0.0016150271174418809 0.0091314570172779125 -0.0016165810670417111 0.019730845652189591 -0.0089856724586905839
decision_type=2 10 2 2 2 2 2
left_child=-1 2 3 4 -2 6 -6
right_child=1 -3 -4 -5 5 -7 -8
leaf_value=-0.00105092063000197 0.00019595300138702039 -0.00017523623238419235 0.00025105642627450733 0.00070945404227149814 2.7138516762360107e-05 -0.00064487616043184897 -0.00055682364717602481
leaf_weight=31 105 166 307 43 44 25 25
leaf_count=31 105 166 307 43 44 25 25
internal_value=0.000442359 0.000734266 0.00153916 -0.000371901 -0.00153266 -0.00510638 -0.00224638
internal_weight=746 715 549 242 199 94 69
internal_count=746 715 549 242 199 94 69
is_linear=0
shrinkage=0.05


Tree=18
num_leaves=8
num_cat=0
split_feature=15 9 0 6 13 13 12
split_gain=0.895352 0.616629 0.536229 0.452491 0.687013 0.416016 0.335559
threshold=-0.024469936616280771 0.13104709374773318 -0.0053131358763154326 -0.94821438311705364 18.82499980926514 12.804999828338625 0.035088543452977745
decision_type=2 10 2 2 2 2 2
left_child=-1 3 -3 4 -2 -4 -7
right_child=1 2 5 -5 -6 6 -8
leaf_value=-0.0009369813311894973 -0.00092928589138130857 -0.00066215475315592595 -0.00052244577205959276 0.00017296152482776955 0.00062014632398137235 -8.1415957194616299e-06 0.000445199443730543
leaf_weight=32 33 38 29 492 30 59 40
leaf_count=32 33 38 29 492 30 59 40
internal_value=0.000683931 0.00104716 -0.00162651 0.00184685 -0.00214286 -7.81248e-05 0.00146465
internal_weight=753 721 166 555 63 128 99
internal_count=753 721 166 555 63 128 99
is_linear=0
shrinkage=0.05


Tree=19
num_leaves=8
num_cat=0
split_feature=15 4 7 11 9 16 2
split_gain=0.528984 0.462116 0.459025 0.412451 0.467165 0.9621 0.403333
threshold=-0.025970961947483325 0.046641790170803825 0.10407538508993043 0.017946069561085468 0.125516300747089 0.013416745867931847 0.066462627823607137
decision_type=2 2 2 2 10 2 2
left_child=-1 2 3 4 -2 6 -6
right_child=1 -3 -4 -5 5 -7 -8
leaf_value=-0.00064455917796545645 0.00012205030320320617 -0.00042318376694873986 -0.00028391548612915774 0.00037678557194689759 -1.005473023753083e-05 -0.00061077267584135715 0.00045660332559929143
leaf_weight=26 407 43 30 111 30 42 50
leaf_count=26 407 43 30 111 30 42 50
internal_value=0.000466847 0.0007223 0.00104478 0.00132813 0.000746692 -0.00196721 0.00125
internal_weight=739 713 670 640 529 122 80
internal_count=739 713 670 640 529 122 80
is_linear=0
shrinkage=0.05


Tree=20
num_leaves=8
num_cat=0
split_feature=5 15 9 12 13 13 16
split_gain=0.605788 0.703852 0.683369 0.703576 0.491876 0.787557 0.463787
threshold=0.016798097245711498 -0.0208073828102831 0.125516300747089 0.028749021538237555 15.905000209808351 16.510000228881839 0.014678593607625802
decision_type=2 2 10 2 2 2 2
left_child=-1 -2 4 -4 -3 -6 -5
right_child=1 2 3 6 5 -7 -8
leaf_value=0.00022844235056833072 -0.0009665277021822646 0.00043941778199858448 -0.00042970357956658003 0.00029005719561881621 -0.0013071996687368903 5.8699466416650685e-05 -0.00046289268780337736
leaf_weight=301 37 118 35 34 26 170 30
leaf_count=301 37 118 35 34 26 170 30
internal_value=0.000605859 -0.000555555 3.63198e-05 -0.00358586 0.00117834 -0.000357143 -0.00046875
internal_weight=751 450 413 99 314 196 64
internal_count=751 450 413 99 314 196 64
is_linear=0
shrinkage=0.05


Tree=21
num_leaves=8
num_cat=0
split_feature=6 16 3 2 8 10 3
split_gain=0.623159 0.881365 0.592641 0.420245 0.312858 0.297161 0.366431
threshold=1.2933274321195771 -0.017458773319020734 0.0017138577219055764 -0.12873022444927865 -0.077059987646804981 0.013109315021302749 0.0091314570172779125
decision_type=2 2 2 2 10 2 2
left_child=3 -2 -3 -1 -5 6 -6
right_child=1 2 -4 4 5 -7 -8
leaf_value=-4.6729997109318303e-05 -0.0010266022593086661 3.8326561491432138e-05 -0.00084666016806522596 0.0003861493892504695 0.00011869845874772962 -0.00017452836877413706 0.00049292950621875476
leaf_weight=41 25 42 35 64 444 29 68
leaf_count=41 25 42 35 64 444 29 68
internal_value=0.00078877 -0.00284314 -0.000194805 0.00136223 0.00169422 0.00130314 0.00158203
internal_weight=748 102 77 646 605 541 512
internal_count=748 102 77 646 605 541 512
is_linear=0
shrinkage=0.05


Tree=22
num_leaves=8
num_cat=0
split_feature=7 14 15 16 9 8 12
split_gain=0.646374 1.17333 0.685727 0.672514 0.67 0.595928 0.567394
threshold=-0.069174115327577487 0.018287022450050875 -0.010279665125518587 0.0016150271174418809 0.13362748244338943 0.088461694128403448 0.032816284988903439
decision_type=2 2 2 2 10 10 2
left_child=1 -1 -2 6 -5 -6 -4
right_child=2 -3 3 4 5 -7 -8
leaf_value=0.00048618551717937044 0.00027276959878274579 -0.00066581644998216748 -0.00019360698306573735 0.00019197470079392953 -0.00055607147849763203 0.00011820467377306652 0.00020594703925073677
leaf_weight=30 116 25 151 274 36 58 52
leaf_count=30 116 25 151 274 36 58 52
internal_value=0.000215634 -0.005 0.000633188 -7.88089e-05 0.00119565 -0.00244681 -0.00238916
internal_weight=742 55 687 571 368 94 203
internal_count=742 55 687 571 368 94 203
is_linear=0
shrinkage=0.05


Tree=23
num_leaves=8
num_cat=0
split_feature=7 10 6 9 10 9 13
split_gain=0.856104 0.841005 0.647447 0.526582 0.507017 0.417072 0.281265
threshold=-0.069174115327577487 -0.00090813194402433728 2.9271058882188652 -0.01945743129541971 -0.00018006943063253453 0.072817405570268182 17.289999961853031
decision_type=2 2 2 8 2 8 2
left_child=1 -1 3 4 -2 -5 -7
right_child=2 -3 -4 5 -6 6 -8
leaf_value=-0.00051715714177379124 5.9831979121445316e-05 0.00033801567613640164 -0.0013110799537907154 0.0003413287373445699 -0.0008227984410725767 5.0967203067939324e-05 0.00018885678258126828
leaf_weight=28 39 27 27 145 49 287 149
leaf_count=28 39 27 27 145 49 287 149
internal_value=0.00100533 -0.005 0.00147989 0.00178625 -0.00181818 0.00233219 0.00155963
internal_weight=751 55 696 669 88 581 436
internal_count=751 55 696 669 88 581 436
is_linear=0
shrinkage=0.05


Tree=24
num_leaves=8
num_cat=0
split_feature=16 7 11 0 6 11 15
split_gain=0.757118 0.75269 0.659042 0.59841 0.485755 0.403814 0.515468
threshold=0.0016150271174418809 -0.069174115327577487 0.0021655828678432969 0.0042887630908960981 2.5878358286550793 -0.0080581536357283139 -0.010279665125518587
decision_type=2 2 2 2 2 2 2
left_child=1 -1 5 -4 -2 6 -3
right_child=4 2 3 -5 -6 -7 -8
leaf_value=-0.00025477067597689211 0.00019546149023293301 0.0001464748347585423 -0.00047554786157897341 1.1786860260236851e-05 -0.00097895923776637641 0.00040474650795698961 -0.00018191522237052078
leaf_weight=34 409 51 25 28 26 92 84
leaf_count=34 409 51 25 28 26 92 84
internal_value=0.000660881 -0.00121019 -0.000357143 -0.00537736 0.00201149 0.000814978 -0.000925926
internal_weight=749 314 280 53 435 227 135
internal_count=749 314 280 53 435 227 135
is_linear=0
shrinkage=0.05


Tree=25
num_leaves=8
num_cat=0
split_feature=15 9 0 6 16 10 14
split_gain=0.65714 0.605116 0.767443 0.762624 0.488204 0.735302 0.746702
threshold=-0.024469936616280771 0.17055325194810625 0.0042887630908960981 -0.17468339794654728 0.0016150271174418809 0.00054085357346300722 -0.01909405816599757
decision_type=2 10 2 2 2 2 2
left_child=-1 4 3 -3 5 -2 -7
right_child=1 2 -4 -5 -6 6 -8
leaf_value=-0.00074775386822377931 0.00017383483656021071 1.884122065035517e-05 0.00015563278913876123 -0.0010325666826439309 0.0002268075428657673 -1.4998159900212155e-05 -0.00056427869483027619
leaf_weight=31 154 26 59 25 348 83 31
leaf_count=31 154 26 59 25 348 83 31
internal_value=0.000838838 0.00114325 -0.00227273 -0.00676471 0.00175325 0.000149254 -0.00289474
internal_weight=757 726 110 51 616 268 114
internal_count=757 726 110 51 616 268 114
is_linear=0
shrinkage=0.05


Tree=26
num_leaves=8
num_cat=0
split_feature=6 9 5 6 10 6 6
split_gain=0.628755 0.580426 0.749318 0.427847 0.939596 0.444457 0.717183
threshold=3.0960297439483102 -0.07000406848933953 0.023633925704266735 -0.92616866549763899 -3.2285238455664882e-05 -0.59321879732261273 -0.55402655969682313
decision_type=2 8 2 2 2 2 2
left_child=1 2 -1 4 -3 -5 -7
right_child=-2 3 -4 5 -6 6 -8
leaf_value=-0.00093775537280709896 -0.0012042171843608344 -0.00058209165454440139 0.00024097222364335581 0.00032302145624886524 0.00049865653627769802 -0.00033471154959714569 9.4371960769280101e-05
leaf_weight=27 25 34 30 125 45 25 426
leaf_count=27 25 34 30 125 45 25 426
internal_value=0.000793759 0.00106742 -0.00377193 0.00148855 -0.00196203 0.00196181 0.0012306
internal_weight=737 712 57 655 79 576 451
internal_count=737 712 57 655 79 576 451
is_linear=0
shrinkage=0.05


Tree=27
num_leaves=8
num_cat=0
split_feature=5 15 9 6 1 9 14
split_gain=0.546136 0.633412 0.694966 1.03719 0.614811 0.433408 0.474785
threshold=0.016798097245711498 -0.019374683106075371 0.13290691922659084 -0.17468339794654728 -0.040256560818564872 -0.017563917727824781 -0.049735428455543622
decision_type=2 2 10 2 2 10 2
left_child=4 -2 5 -4 -1 6 -3
right_child=1 2 3 -5 -6 -7 -8
leaf_value=-0.00012105461566639499 -0.00068044658577068535 -0.00059938829527801229 0.00015389457296122229 -0.00052655745783534611 0.00021846195899210671 0.0002068260233012571 9.4485957035137338e-05
leaf_weight=25 40 39 39 48 276 166 116
leaf_count=25 40 39 39 48 276 166 116
internal_value=0.000861148 -0.000245536 0.000343137 -0.00362069 0.00250831 0.00141745 -0.000483871
internal_weight=749 448 408 87 301 321 155
internal_count=749 448 408 87 301 321 155
is_linear=0
shrinkage=0.05


Tree=28
num_leaves=8
num_cat=0
split_feature=6 16 3 5 1 12 6
split_gain=0.684266 0.764132 0.787119 0.38596 0.516103 0.749022 0.482278
threshold=1.2933274321195771 -0.013848702834170555 0.0017138577219055764 0.019730845652189591 -0.0028854995531293333 -0.0086076797691169143 -0.77785361350019766
decision_type=2 2 2 2 2 2 2
left_child=3 -2 -3 6 5 -5 -1
right_child=1 2 -4 4 -6 -7 -8
leaf_value=-2.056731658140272e-05 -0.00080572969013362704 0.00010496985867244419 -0.00077301990829875978 -0.00056266515555727069 7.5911418183194086e-05 1.9009992204872473e-05 0.00016572623481304091
leaf_weight=94 25 40 29 40 120 38 378
leaf_count=94 25 40 29 40 120 38 378
internal_value=0.000484293 -0.00351064 -0.000797101 0.00104478 -0.000808081 -0.00397436 0.00182203
internal_weight=764 94 69 670 198 78 472
internal_count=764 94 69 670 198 78 472
is_linear=0
shrinkage=0.05


Tree=29
num_leaves=8
num_cat=0
split_feature=16 15 6 16 13 11 4
split_gain=0.376992 0.647195 0.420508 0.761594 0.517654 0.369372 0.290866
threshold=-0.024709865626900248 0.0027123018439723094 -0.89069716384956243 0.00084197427406007563 12.804999828338625 -0.022310337551763478 0.041481305215962778
decision_type=2 2 2 2 2 2 2
left_child=1 5 3 -2 -4 -1 -6
right_child=2 -3 4 -5 6 -7 -8
leaf_value=0.00062926948443485162 -0.00010156486467977608 -0.00031232361353233619 -0.00046544758086654206 0.0001608794788022659 9.9816581054801558e-05 -0.00047653455465888482 -4.2940156188363184e-06
leaf_weight=43 31 26 34 61 429 46 62
leaf_count=43 31 26 34 61 429 46 62
internal_value=0.00110656 -0.00152174 0.00159643 -0.00152174 0.00214286 0.000505618 0.00255601
internal_weight=732 115 617 92 525 89 491
internal_count=732 115 617 92 525 89 491
is_linear=0
shrinkage=0.05


Tree=30
num_leaves=8
num_cat=0
split_feature=9 9 5 14 8 4 4
split_gain=0.655001 0.568543 0.520172 0.425354 0.401987 0.411798 0.513792
threshold=0.125516300747089 -0.03505585886015327 0.021141850635836627 -0.014609583018452553 0.055328808885001031 0.030939332143570562 0.027292569567756757
decision_type=10 8 2 2 10 2 2
left_child=1 2 -1 -4 -2 6 -6
right_child=4 -3 3 -5 5 -7 -8
leaf_value=-0.00067078430049760521 -0.00014986626502258303 0.00013118580939126565 -0.00058313119566412799 0.00057212002723324416 3.2363892060877595e-05 0.00012889613136307513 -0.00045202464351037019
leaf_weight=27 45 477 26 38 60 26 39
leaf_count=27 45 477 26 38 60 26 39
internal_value=0.000663957 0.00147887 -0.00214286 0.0003125 -0.00205882 -0.0006 -0.00207071
internal_weight=738 568 91 64 170 125 99
internal_count=738 568 91 64 170 125 99
is_linear=0
shrinkage=0.05


Tree=31
num_leaves=8
num_cat=0
split_feature=10 16 9 14 4 7 7
split_gain=0.420706 0.4388 0.422473 0.568191 0.369333 0.472343 1.17295
threshold=0.015021948045267798 0.0072458370215635623 0.13362748244338943 0.0012326341754252958 0.022455048707623704 -0.057617124671007373 -0.082187766624333289
decision_type=2 2 10 2 2 2 2
left_child=1 4 -3 -4 -1 6 -6
right_child=-2 2 3 -5 5 -7 -8
leaf_value=-3.6873791870961446e-05 -0.00023896005470500114 0.00026296042186556263 4.126648523403265e-05 -0.00060601523561650298 7.0694374684534753e-05 4.6196750645579938e-05 -0.00043582334264290895
leaf_weight=35 30 249 45 32 29 290 28
leaf_count=35 30 249 45 32 29 290 28
internal_value=0.000799458 0.0010452 0.00239264 -0.000844156 -0.000104712 0.000389049 -0.00377193
internal_weight=738 708 326 77 382 347 57
internal_count=738 708 326 77 382 347 57
is_linear=0
shrinkage=0.05


Tree=32
num_leaves=8
num_cat=0
split_feature=8 13 2 0 10 14 4
split_gain=0.4103 0.774238 1.01445 0.484771 0.46458 0.582733 1.04812
threshold=-0.042015794613291572 18.625000000000004 -0.11015586402158627 -0.0072371322618823277 -0.0042544588401209329 -0.01909405816599757 0.025758143907819036
decision_type=8 2 2 2 2 2 2
left_child=1 3 -3 -1 -2 -6 -7
right_child=4 2 -4 -5 5 6 -8
leaf_value=-1.5646644962834708e-05 0.0002553388007503267 4.4492905540099204e-05 -0.00071714242874119992 0.00039005952275720731 0.00012797147399683606 -0.00058630246568975696 0.00013323748905988913
leaf_weight=45 124 25 28 58 227 87 157
leaf_count=45 124 25 28 58 227 87 157
internal_value=0.000872171 -0.00141026 -0.00632075 0.00111651 0.00147059 0.000753716 -0.000942623
internal_weight=751 156 53 103 595 471 244
internal_count=751 156 53 103 595 471 244
is_linear=0
shrinkage=0.05


Tree=33
num_leaves=8
num_cat=0
split_feature=9 1 5 3 1 8 13
split_gain=0.568328 0.554469 0.553309 0.729198 0.507936 0.499365 0.372296
threshold=0.125516300747089 0.013210029536876113 0.019537734182764142 -0.0049530082336630135 -0.016662634332558098 0.055328808885001031 16.894999504089359
decision_type=10 2 2 2 2 10 2
left_child=1 2 6 -4 -5 -2 -1
right_child=5 -3 3 4 -6 -7 -8
leaf_value=-1.8758833851885549e-06 -0.00012596984894662955 0.0002400459143878213 -0.00051548494849183865 8.8166012328492213e-05 -0.00015229138602499681 1.2366175324954985e-05 0.0002557328748241697
leaf_weight=118 45 238 44 45 25 130 103
leaf_count=118 45 238 44 45 25 130 103
internal_value=0.00092246 0.00168412 0.000373135 -0.00245614 0.000714286 -0.00157143 0.00183258
internal_weight=748 573 335 114 70 175 221
internal_count=748 573 335 114 70 175 221
is_linear=0
shrinkage=0.05


Tree=34
num_leaves=8
num_cat=0
split_feature=6 11 3 9 12 6 13
split_gain=0.443975 0.631233 0.383654 0.374287 0.579642 0.457466 0.583835
threshold=1.2933274321195771 -0.0065232483108689778 0.0017138577219055764 0.125516300747089 0.021636027658746174 -0.94821438311705364 18.82499980926514
decision_type=2 2 2 10 2 2 2
left_child=3 -2 -3 5 -5 6 -1
right_child=1 2 -4 4 -6 -7 -8
leaf_value=-0.000909615701769726 -0.0006797833960788043 9.120390558499435e-05 -0.000590743223413431 -0.00012101070706882434 0.0001301042093276864 0.00010601818937667041 0.00037656421667226349
leaf_weight=29 25 38 35 42 106 447 27
leaf_count=29 25 38 35 42 106 447 27
internal_value=0.00099466 -0.00214286 0.00020548 0.00146697 -0.000743243 0.0021173 -0.00214286
internal_weight=749 98 73 651 148 503 56
internal_count=749 98 73 651 148 503 56
is_linear=0
shrinkage=0.05


Tree=35
num_leaves=8
num_cat=0
split_feature=10 3 2 2 7 15 3
split_gain=0.428894 0.440861 0.443966 0.791071 0.673321 0.53694 0.489623
threshold=0.015021948045267798 0.0086279533949086291 -0.051943400924386644 -0.14291956334593894 -0.069174115327577487 -0.0041332991650115938 -0.0098577402291302723
decision_type=2 2 2 2 2 2 2
left_child=1 2 3 -1 -5 -6 -4
right_child=-2 -3 6 4 5 -7 -8
leaf_value=0.00021663727779385632 -0.0002360208452290444 0.00029452311662190016 0.000401824585341547 -0.0004315953906428803 0.00023083663557601632 -0.00077390507448136007 6.7715542314556175e-06
leaf_weight=28 29 115 66 28 29 37 421
leaf_count=28 29 115 66 28 29 37 421
internal_value=0.00061753 0.000856354 0.000320197 -0.00237705 -0.00457447 -0.00181818 0.000995893
internal_weight=753 724 609 122 94 66 487
internal_count=753 724 609 122 94 66 487
is_linear=0
shrinkage=0.05


Tree=36
num_leaves=8
num_cat=0
split_feature=5 9 3 1 1 6 8
split_gain=0.527822 0.505612 0.787733 0.388154 1.0266 0.362011 0.390841
threshold=0.019730845652189591 0.17055325194810625 -0.0058891993574738391 -0.01490992989655837 0.015752907793336716 -0.9392146622048021 0.048194574395226571
decision_type=2 8 2 2 2 2 8
left_child=5 2 -2 -4 -5 6 -1
right_child=1 -3 3 4 -6 -7 -8
leaf_value=-0.00077831426669002055 -0.00041588813507462819 -0.00041458039615986983 0.0001492276807935848 -0.00044577821691544169 7.8274865990682596e-05 8.7244661967145887e-05 0.00020655462880981093
leaf_weight=26 46 34 54 25 69 465 31
leaf_count=26 46 34 54 25 69 465 31
internal_value=0.000866667 -0.00114035 -0.000154639 0.00162162 -0.000319149 0.0017433 -0.00201754
internal_weight=750 228 194 148 94 522 57
internal_count=750 228 194 148 94 522 57
is_linear=0
shrinkage=0.05


Tree=37
num_leaves=8
num_cat=0
split_feature=1 11 8 12 11 3 16
split_gain=0.561334 0.599233 0.895305 0.441728 0.683649 0.563333 0.530733
threshold=0.013210029536876113 0.01562981784988882 0.086665870537789194 -0.0052152181904612785 -0.013447724126553815 -0.0057960884843608054 0.016193259371119043
decision_type=2 2 10 2 2 2 2
left_child=1 2 3 4 5 -1 -5
right_child=-2 -3 -4 6 -6 -7 -8
leaf_value=-0.00051459097036218578 0.00012544904114530336 0.0003577671504368695 -0.00045071980875037746 8.154201251552216e-05 -0.00037844809231056472 8.4177166329891392e-05 -0.0003669385949322348
leaf_weight=27 333 63 32 194 32 48 29
leaf_count=27 333 63 32 194 32 48 29
internal_value=0.00091029 -0.000294117 -0.00107735 -0.00030303 -0.00294392 -0.000333333 0.000964126
internal_weight=758 425 362 330 107 75 223
internal_count=758 425 362 330 107 75 223
is_linear=0
shrinkage=0.05


Tree=38
num_leaves=8
num_cat=0
split_feature=9 0 6 6 3 4 6
split_gain=0.526655 0.596786 0.327198 0.341892 0.334436 0.332308 0.317462
threshold=0.17055325194810625 0.0042887630908960981 1.2933274321195771 1.831012674984126 0.0056227917563795868 0.032227552612414855 -0.97830325157405496
decision_type=10 2 2 2 2 2 2
left_child=2 -2 4 -4 6 -5 -1
right_child=1 -3 3 5 -6 -7 -8
leaf_value=-0.00037550478179168968 -0.00054389396199162139 0.00011883847486723796 -0.00028655767321677812 -0.00082089132468113508 0.00023041338209689758 0.00080301436167379682 4.1925031360572162e-05
leaf_weight=45 48 62 34 25 146 27 361
leaf_count=45 48 62 34 25 146 27 361
internal_value=0.00092246 -0.00227273 0.00147335 -0.00139535 0.00192029 0.00115385 0.00118227
internal_weight=748 110 638 86 552 52 406
internal_count=748 110 638 86 552 52 406
is_linear=0
shrinkage=0.05


Tree=39
num_leaves=8
num_cat=0
split_feature=8 6 6 5 3 3 9
split_gain=0.426206 0.465973 0.524258 0.449751 0.468608 1.80247 0.772244
threshold=-0.11653329073894296 1.4502550807044983 1.831012674984126 0.017034006535189817 -0.0057288282800345139 -0.0082408509348914066 0.17055325194810625
decision_type=10 2 2 2 2 2 10
left_child=-1 3 -3 -2 5 -5 -6
right_child=1 2 -4 4 6 -7 -8
leaf_value=0.00013813373062190678 0.00014952373885093634 -0.00045986164215790779 -9.6024733227884646e-05 0.00013287582850770604 3.9828783157063043e-05 -0.0010814373329311757 -6.1109252893326588e-05
leaf_weight=61 258 25 49 50 231 26 37
leaf_count=61 258 25 49 50 231 26 37
internal_value=0.000997286 0.000636095 -0.00310811 0.00109635 -8.72091e-05 -0.00355263 0.000895523
internal_weight=737 676 74 602 344 76 268
internal_count=737 676 74 602 344 76 268
is_linear=0
shrinkage=0.05


Tree=40
num_leaves=8
num_cat=0
split_feature=6 7 2 0 7 5 1
split_gain=0.331697 0.315711 0.702218 1.25981 0.521323 0.372601 0.714105
threshold=3.0960297439483102 0.033634197824948926 0.046548986644251451 0.0055596321481330433 0.10407538508993043 0.022734223234195401 -0.015249360045980874
decision_type=2 2 2 2 2 2 2
left_child=1 2 5 -4 -3 -1 -7
right_child=-2 4 3 -5 -6 6 -8
leaf_value=0.00011150323929206379 -0.00099003801330424242 0.00012666501450544346 0.00013185740228347366 -0.00059255770807287807 -0.00029223934793962315 6.1292809326688182e-05 -0.00040497362082368092
leaf_weight=315 26 234 55 39 28 27 26
leaf_count=315 26 234 55 39 28 27 26
internal_value=0.000933333 0.0011326 0.000346321 -0.00351064 0.00251908 0.00133152 -0.00254717
internal_weight=750 724 462 94 262 368 53
internal_count=750 724 462 94 262 368 53
is_linear=0
shrinkage=0.05


Tree=41
num_leaves=8
num_cat=0
split_feature=5 8 3 3 4 9 14
split_gain=0.532142 0.431285 0.474841 1.37312 0.561793 0.724311 0.46092
threshold=0.016505456193395805 -0.11653329073894296 -0.0057288282800345139 -0.009746561390142126 0.028624997126008161 0.125516300747089 -0.051474636784154308
decision_type=2 10 2 2 2 10 2
left_child=-1 -2 3 -3 5 -4 -6
right_child=1 2 4 -5 6 -7 -8
leaf_value=0.00015995082662294025 0.00021336271385791807 0.00014721321872408335 7.7137545685826539e-05 -0.00091941317535639108 -9.5858470777245071e-05 -0.00048076888008008798 0.00011125755097814391
leaf_weight=279 47 60 48 39 58 28 193
leaf_count=279 47 60 48 39 58 28 193
internal_value=0.00147606 0.000454546 -4.69482e-05 -0.00308081 0.00087156 -0.00289474 0.00201195
internal_weight=752 473 426 99 327 76 251
internal_count=752 473 426 99 327 76 251
is_linear=0
shrinkage=0.05


Tree=42
num_leaves=8
num_cat=0
split_feature=8 7 2 9 13 6 6
split_gain=0.428964 0.626865 0.402808 0.778405 0.712363 0.476127 0.335958
threshold=-0.11653329073894296 -0.069174115327577487 -0.060822841152319833 -0.01945743129541971 22.330000877380375 2.5120924443958308 0.40116984071278167
decision_type=10 2 2 8 2 2 2
left_child=-1 -2 -3 4 -4 6 -5
right_child=1 2 3 5 -6 -7 -8
leaf_value=0.00011613157201022402 -0.00034245875628545279 0.00020474705391986312 -0.00089072357070307633 3.4987995726839857e-05 3.0808150734312734e-05 -0.00096707370428669379 0.00020874386277318919
leaf_weight=62 31 78 29 395 25 30 103
leaf_count=62 31 78 29 395 25 30 103
internal_value=0.00101594 0.000658466 0.000984849 0.000532646 -0.00518518 0.00111742 0.00148594
internal_weight=753 691 660 582 54 528 498
internal_count=753 691 660 582 54 528 498
is_linear=0
shrinkage=0.05


Tree=43
num_leaves=8
num_cat=0
split_feature=11 10 3 5 14 14 14
split_gain=0.352665 0.43586 0.631269 0.687823 0.57 0.468645 0.697171
threshold=0.018972552338111019 -0.0028855785037933952 0.011456886134761814 0.025660607361865494 -0.075454415356713087 -0.056340529311790281 -0.022450840204273455
decision_type=2 2 2 2 2 2 2
left_child=1 -1 3 4 -3 -6 -7
right_child=-2 2 -4 -5 5 6 -8
leaf_value=0.00010017966601297852 0.00023511989925054271 0.00030028165122477816 0.00037254845039574007 -0.00034786834216354103 -0.00027587275890524272 0.0001063330676036786 -6.8028594550030078e-05
leaf_weight=206 130 38 43 29 33 90 177
leaf_count=206 130 38 43 29 33 90 177
internal_value=0.000710456 0.000211039 -0.000731707 -0.00140327 -0.000769231 -0.0015 -0.000805243
internal_weight=746 616 410 367 338 300 267
internal_count=746 616 410 367 338 300 267
is_linear=0
shrinkage=0.05


Tree=44
num_leaves=8
num_cat=0
split_feature=6 11 16 6 16 0 4
split_gain=0.386601 0.526776 0.669149 0.697836 0.726896 0.622871 0.502408
threshold=1.2933274321195771 -0.010779002929662549 0.0016150271174418809 -0.89069716384956243 -0.0024324811414697107 0.022398983258727804 0.025100341675916172
decision_type=2 2 2 2 2 2 2
left_child=1 -1 3 -3 6 -4 -5
right_child=-2 2 5 4 -6 -7 -8
leaf_value=9.8806108446431687e-05 -0.00022628659086043487 -0.00040130328153308373 0.0001318692138993502 -2.4756436981508783e-05 -0.00056516507523325622 -3.090925467637094e-05 0.00025283102637468452
leaf_weight=116 94 29 310 26 28 49 88
leaf_count=116 94 29 310 26 28 49 88
internal_value=0.00108108 0.00151703 0.000849057 -0.00172515 -0.00028169 0.00207521 0.00149123
internal_weight=740 646 530 171 142 359 114
internal_count=740 646 530 171 142 359 114
is_linear=0
shrinkage=0.05


Tree=45
num_leaves=8
num_cat=0
split_feature=10 10 10 6 9 10 14
split_gain=0.33719 0.614035 1.23419 0.381523 0.475351 0.330164 0.469386
threshold=0.015021948045267798 0.0066242939925211805 0.0057642081998183778 2.9271058882188652 -0.040749149299736213 -0.0042544588401209329 0.0037598780805861991
decision_type=2 2 2 2 8 2 2
left_child=1 2 3 4 -1 -6 -7
right_child=-2 -3 -4 -5 5 6 -8
leaf_value=-0.00019764572311801724 -0.00012696500360181526 0.00014844994720788801 -0.00040199621951315218 -0.0008863529717696877 0.00011058514808682831 9.6047193050781887e-05 -1.0958860564688834e-05
leaf_weight=56 26 133 32 25 137 213 124
leaf_count=56 26 133 32 25 137 213 124
internal_value=0.000978552 0.00118056 0.00048552 0.00103604 0.00132075 0.00183544 0.000994065
internal_weight=746 720 587 555 530 474 337
internal_count=746 720 587 555 530 474 337
is_linear=0
shrinkage=0.05


Tree=46
num_leaves=8
num_cat=0
split_feature=5 14 12 14 9 8 4
split_gain=0.486274 0.552407 0.52441 0.468728 0.415385 0.781369 0.356802
threshold=0.016798097245711498 -0.051474636784154308 -0.031331813818551983 -0.077913276979976895 0.087162445591517548 0.053836015744977102 0.023423634533153017
decision_type=2 2 2 2 10 10 2
left_child=6 3 -3 -2 -4 -6 -1
right_child=1 2 4 -5 5 -7 -8
leaf_value=-2.5790399015021364e-07 2.7458140158411699e-05 -0.0001337026485050206 9.8585899891982632e-05 -0.00018636618881983556 -0.00042664039726581079 3.6255213613911293e-05 0.00022006584988866582
leaf_weight=96 47 41 195 44 44 81 200
leaf_count=96 47 41 195 44 44 81 200
internal_value=0.000721925 -0.000309734 0.000567867 -0.00379121 0.00125 -0.001 0.0022973
internal_weight=748 452 361 91 320 125 296
internal_count=748 452 361 91 320 125 296
is_linear=0
shrinkage=0.05


Tree=47
num_leaves=8
num_cat=0
split_feature=13 9 10 9 8 4 7
split_gain=0.416142 0.450226 0.383461 0.506897 0.435659 0.726012 0.584817
threshold=14.824999809265138 0.17055325194810625 -0.0034865446870830925 0.041536512893890716 -0.077059987646804981 0.038772118482665582 -0.01115060062486911
decision_type=2 10 2 8 10 2 2
left_child=-1 2 3 -2 -4 6 -6
right_child=1 -3 4 -5 5 -7 -8
leaf_value=0.00012248839391376155 -7.5852313872689942e-07 -0.00046673338948118699 0.00013055120376962516 0.00020080026960704592 -0.00028396249017013041 -0.00043692305075543201 1.5227138092654778e-05
leaf_weight=214 58 33 61 87 62 29 195
leaf_count=214 58 33 61 87 62 29 195
internal_value=0.000805142 4.76192e-05 0.000426829 0.00258621 -0.000475504 -0.00129371 -0.000447471
internal_weight=739 525 492 145 347 286 257
internal_count=739 525 492 145 347 286 257
is_linear=0
shrinkage=0.05


Tree=48
num_leaves=8
num_cat=0
split_feature=9 12 13 8 8 9 7
split_gain=0.377029 0.410684 0.720256 0.36779 0.636273 0.528339 0.413586
threshold=-0.03505585886015327 0.0053623810378563572 21.724999427795414 1.0000000180025095e-35 0.019292116796736595 0.078696464742648922 -0.057617124671007373
decision_type=8 2 2 10 10 8 2
left_child=1 2 -1 6 5 -5 -2
right_child=3 -3 -4 4 -6 -7 -8
leaf_value=-0.00045947376242692597 -3.2172700170481635e-05 0.0005076812829611576 2.044261640930426e-05 0.00050346972531379946 2.8349788555354036e-05 -0.00023189249159733468 0.00017597333557820114
leaf_weight=25 49 26 39 25 376 33 167
leaf_count=25 49 26 39 25 376 33 167
internal_value=0.000810811 -0.00222222 -0.004375 0.00123077 0.000391705 -0.00448276 0.00291667
internal_weight=740 90 64 650 434 58 216
internal_count=740 90 64 650 434 58 216
is_linear=0
shrinkage=0.05


Tree=49
num_leaves=8
num_cat=0
split_feature=5 5 14 16 1 11 0
split_gain=0.376447 0.618016 0.526863 0.336693 0.483514 0.465521 0.406983
threshold=0.019730845652189591 0.020669659828488094 -0.01909405816599757 0.017632370145345248 -0.017376994960742239 0.0070762605113673391 0.0061602215240704758
decision_type=2 2 2 2 2 2 2
left_child=3 2 -2 4 -1 -6 -7
right_child=1 -3 -4 -5 5 6 -8
leaf_value=0.00013282974173951808 3.7250059528706912e-05 1.2440804582461265e-05 -0.00073660961402661346 0.00020068367910881118 1.7401825268615664e-05 -0.00028788936680715664 4.4814576939747807e-06
leaf_weight=125 29 161 35 172 148 34 29
leaf_count=125 29 161 35 172 148 34 29
internal_value=0.000702592 -0.001 -0.00515625 0.00145669 0.000535714 -0.00092417 -0.00452381
internal_weight=733 225 64 508 336 211 63
internal_count=733 225 64 508 336 211 63
is_linear=0
shrinkage=0.05


Tree=50
num_leaves=8
num_cat=0
split_feature=8 1 1 5 3 1 6
split_gain=0.325468 0.437162 0.65277 0.661946 0.769077 0.785455 0.457995
threshold=-0.11653329073894296 0.0068065738441551735 0.0018483989475657216 0.019695333162839657 -0.0054210458076010539 -0.033280598106861452 1.3398624127584651
decision_type=10 2 2 2 2 2 2
left_child=-1 2 3 6 -5 -6 -2
right_child=1 -3 -4 4 5 -7 -8
leaf_value=0.000107905235614138 0.0001096755942402217 6.1354987794048498e-05 -9.750944396509699e-05 -0.00056990781992782011 0.00017462256749191797 -0.00036183861067304963 -0.00042721918163458102
leaf_weight=64 180 361 26 29 30 25 25
leaf_count=64 180 361 26 29 30 25 25
internal_value=0.000810811 0.000488166 -0.000873016 -0.000190311 -0.00392857 -0.000454545 0.00134146
internal_weight=740 676 315 289 84 55 205
internal_count=740 676 315 289 84 55 205
is_linear=0
shrinkage=0.05


Tree=51
num_leaves=8
num_cat=0
split_feature=10 3 3 14 14 7 2
split_gain=0.416255 0.478113 0.441532 0.455692 0.523583 0.364491 0.554215
threshold=0.015021948045267798 0.0086279533949086291 0.0071944257339258142 -0.015515001009757 -0.0091057157714133346 -0.069174115327577487 -0.025312633293264494
decision_type=2 2 2 2 2 2 2
left_child=1 2 3 -1 -5 -6 -7
right_child=-2 -3 -4 4 5 6 -8
leaf_value=6.7537279547968921e-05 -0.00012244338737422601 0.00025351156101384171 -0.00040273304159734271 -0.00057680988341257233 -0.00027970179150418374 0.00022768890729236936 9.1048520499776682e-07
leaf_weight=209 31 118 29 31 31 68 245
leaf_count=209 31 118 29 31 31 68 245
internal_value=0.000997375 0.00123803 0.000676999 0.000976028 -6.66665e-05 0.000494186 0.00100639
internal_weight=762 731 613 584 375 344 313
internal_count=762 731 613 584 375 344 313
is_linear=0
shrinkage=0.05


Tree=52
num_leaves=8
num_cat=0
split_feature=5 10 10 10 5 0 9
split_gain=0.390844 0.428822 0.442517 1.19072 0.490581 0.41584 0.354085
threshold=0.015108842429039889 0.013109315021302749 0.0066242939925211805 0.0055837889125804905 0.015711731271706261 0.0071808700358598774 0.125516300747089
decision_type=2 2 2 2 2 2 10
left_child=-1 2 3 4 -2 6 -6
right_child=1 -3 -4 -5 5 -7 -8
leaf_value=6.7931299157529909e-05 -0.00036470012328943842 -0.00018103867739585665 0.00016754731473866662 -0.000332957109395302 5.0739131590958436e-05 0.00036941785165617953 -0.00025542834130425849
leaf_weight=193 28 28 104 31 199 113 52
leaf_count=193 28 28 104 31 199 113 52
internal_value=0.000989305 0.000315315 0.000635674 -8.27421e-05 0.000663265 0.00115385 1.99205e-05
internal_weight=748 555 527 423 392 364 251
internal_count=748 555 527 423 392 364 251
is_linear=0
shrinkage=0.05


Tree=53
num_leaves=8
num_cat=0
split_feature=5 14 14 3 3 4 9
split_gain=0.48853 0.72662 0.857448 0.487574 0.667794 0.328422 0.647763
threshold=0.016798097245711498 -0.05212825080923577 -0.077913276979976895 -0.0057288282800345139 -0.009746561390142126 0.028624997126008161 0.125516300747089
decision_type=2 2 2 2 2 2 8
left_child=-1 2 -2 4 -3 6 -5
right_child=1 3 -4 5 -6 -7 -8
leaf_value=5.3506069481453054e-05 7.8517696569876006e-06 0.00010879580078377843 -0.00019419632133138264 0.00020747645846644258 -0.00098562220284485768 0.00013991219918292041 -0.00055457287394020723
leaf_weight=304 42 60 36 33 35 203 30
leaf_count=304 42 60 36 33 35 203 30
internal_value=0.000827726 -0.00023918 -0.00461538 0.000706371 -0.00236842 0.00180451 -0.00134921
internal_weight=743 439 78 361 95 266 63
internal_count=743 439 78 361 95 266 63
is_linear=0
shrinkage=0.05


Tree=54
num_leaves=8
num_cat=0
split_feature=9 7 16 6 10 3 7
split_gain=0.597814 0.461017 0.630441 0.386433 0.411628 0.317287 0.365585
threshold=-0.02346352537748608 -0.082187766624333289 -0.0036059322625435759 2.7361389573655353 0.013109315021302749 0.0053705943249894314 -0.057617124671007373
decision_type=8 2 2 2 2 2 2
left_child=1 -1 -3 4 5 6 -2
right_child=3 2 -4 -5 -6 -7 -8
leaf_value=0.00019474402412694494 -9.7312430361352409e-05 -0.00031830997211509677 -1.0454516913132766e-05 -0.00079981269912907961 -1.3941938909807393e-05 0.00021555453777958182 2.9219761452239701e-05
leaf_weight=25 33 38 44 25 33 148 401
leaf_count=25 33 38 44 25 33 148 401
internal_value=0.000515395 -0.00294392 -0.0047561 0.00109375 0.00134146 0.00164948 0.000967742
internal_weight=747 107 82 640 615 582 434
internal_count=747 107 82 640 615 582 434
is_linear=0
shrinkage=0.05


Tree=55
num_leaves=8
num_cat=0
split_feature=15 15 7 15 15 10 11
split_gain=0.362741 0.513646 0.431949 0.353475 0.438777 0.358205 0.326826
threshold=-0.0065224067993626114 -0.0036845188651796752 -0.061836827700385281 -0.0019304155525075581 0.000226657355490989 0.013109315021302749 0.010411796556971999
decision_type=2 2 2 2 2 2 2
left_child=2 -2 -1 -3 -5 6 -6
right_child=1 3 -4 4 5 -7 -8
leaf_value=-4.9171124071125939e-05 -0.00058912104093423155 0.00030791449980186527 0.00015916013213961456 -0.00036181935311102359 -2.5863019575925914e-06 -6.4341973243956454e-05 0.00016760519915058513
leaf_weight=31 43 36 156 46 218 45 188
leaf_count=31 43 36 156 46 218 45 188
internal_value=0.000412844 -0.000208333 0.0023262 0.00021576 -0.000130785 0.000343681 0.000812808
internal_weight=763 576 187 533 497 451 406
internal_count=763 576 187 533 497 451 406
is_linear=0
shrinkage=0.05


Tree=56
num_leaves=8
num_cat=0
split_feature=0 14 13 11 10 10 4
split_gain=0.511527 0.839006 0.553575 0.407787 0.47926 0.910313 0.698682
threshold=0.022398983258727804 -0.058539441914538297 17.125000000000004 0.018972552338111019 -0.0016165810670417111 -0.00038722571471944128 0.035201686112447034
decision_type=2 2 2 2 2 2 2
left_child=3 -2 -3 4 -1 -6 -7
right_child=1 2 -4 -5 5 6 -8
leaf_value=5.8655343441973008e-05 -0.0001810179697923275 0.00023624634444002328 -2.802329295244378e-05 0.00016011304137446999 -0.00021548973774181474 2.8245017034197943e-05 -9.4594389719365295e-05
leaf_weight=229 25 47 27 107 32 232 40
leaf_count=229 25 47 27 107 32 232 40
internal_value=0.00026387 -0.00308081 -0.000405405 0.00078125 0.00021576 -0.00108553 -0.000147059
internal_weight=739 99 74 640 533 304 272
internal_count=739 99 74 640 533 304 272
is_linear=0
shrinkage=0.05


Tree=57
num_leaves=8
num_cat=0
split_feature=5 10 12 3 6 16 4
split_gain=0.451585 0.544265 0.462726 0.53688 0.339475 0.406167 0.283527
threshold=0.019695333162839657 0.011081136457212983 -0.031331813818551983 0.0071944257339258142 1.3664850658390679 0.0048345471215708322 0.02109736721427766
decision_type=2 2 2 2 2 2 2
left_child=4 2 -2 -4 6 -6 -1
right_child=1 -3 3 -5 5 -7 -8
leaf_value=-1.0812490344887685e-05 -0.00010755577875999736 -9.8089149285984957e-05 7.2056492956468427e-05 -1.6994169797618911e-05 -0.00064289590969444368 0.0003590582726744415 0.00010632287694069036
leaf_weight=25 48 28 128 31 26 32 417
leaf_count=25 48 28 128 31 26 32 417
internal_value=0.00085034 -0.000957447 -7.24636e-05 0.00122642 0.0017 -0.00189655 0.00217195
internal_weight=735 235 207 159 500 58 442
internal_count=735 235 207 159 500 58 442
is_linear=0
shrinkage=0.05


Tree=58
num_leaves=8
num_cat=0
split_feature=5 1 1 10 4 11 6
split_gain=0.601983 0.410026 1.45087 0.722164 0.646375 0.525611 0.495558
threshold=0.019730845652189591 0.0068065738441551735 -0.015249360045980874 0.00069580976977412512 0.040683111193961459 -0.017068833431084392 0.016822685245333081
decision_type=2 2 2 2 2 2 2
left_child=-1 2 4 -3 5 -2 -5
right_child=1 3 -4 6 -6 -7 -8
leaf_value=6.5744105304951661e-05 2.665180735518886e-05 0.00025177333285748848 -0.00052767336158413686 3.9895867217156291e-05 0.00048745297548084712 -9.182252683703487e-05 -0.00044760191343256494
leaf_weight=518 26 55 27 37 35 25 27
leaf_count=518 26 55 27 37 35 25 27
internal_value=0.000866667 -0.00125 -0.00340708 0.000798319 -0.000232558 -0.00382353 -0.0028125
internal_weight=750 232 113 119 86 51 64
internal_count=750 232 113 119 86 51 64
is_linear=0
shrinkage=0.05


Tree=59
num_leaves=8
num_cat=0
split_feature=5 8 4 16 5 13 2
split_gain=0.594235 0.403719 0.452294 0.40274 0.578973 0.466263 0.437176
threshold=0.013018129280262454 -0.10471848198725463 0.046641790170803825 0.017632370145345248 0.019920765069781254 17.445000648498539 0.13144099561473579
decision_type=2 8 2 2 2 2 2
left_child=-1 -2 3 6 -5 -6 -3
right_child=1 2 -4 4 5 -7 -8
leaf_value=-1.027369712190129e-05 0.00015537518937336261 1.1964932829007663e-05 -0.00022861231768954654 0.00026219032690313882 -0.0004146568152897738 0.00023237274499447199 -7.5912235297516905e-05
leaf_weight=25 54 349 28 176 32 26 68
leaf_count=25 54 349 28 176 32 26 68
internal_value=0.000580475 0.000839018 0.0005081 0.00077573 0.0024359 -0.00189655 -0.000155875
internal_weight=758 733 679 651 234 58 417
internal_count=758 733 679 651 234 58 417
is_linear=0
shrinkage=0.05


Tree=60
num_leaves=8
num_cat=0
split_feature=1 1 12 8 6 4 12
split_gain=0.479178 0.729643 0.658466 0.57178 0.542548 0.484998 0.545455
threshold=0.0066196948762458083 0.0015107782540384476 0.029255274233742638 -0.11871322843680925 1.2933274321195771 0.033449876722133738 0.016092642436075003
decision_type=2 2 2 10 2 2 2
left_child=1 2 3 -1 5 6 -5
right_child=-2 -3 -4 4 -6 -7 -8
leaf_value=0.00021725400955171977 4.4857702622059351e-05 -0.0001038687483636335 0.00029865011028231748 0.00012951894233553563 -0.00044995444126445214 -9.1286337314884893e-05 -0.00010654403436489583
leaf_weight=32 394 31 87 88 35 42 44
leaf_count=32 394 31 87 88 35 42 44
internal_value=0.000750332 -0.00057103 0.000121951 -0.00122407 -0.00217703 -0.00103448 0.000454546
internal_weight=753 359 328 241 209 174 132
internal_count=753 359 328 241 209 174 132
is_linear=0
shrinkage=0.05


Tree=61
num_leaves=8
num_cat=0
split_feature=16 16 7 6 6 11 0
split_gain=0.413539 0.988595 0.334688 0.3 0.269141 0.302871 0.390173
threshold=-0.024709865626900248 -0.03107418430642683 0.10407538508993043 -0.32358465185464907 2.5878358286550793 0.0039566049461625683 0.010221851828488672
decision_type=2 2 2 2 2 2 2
left_child=1 3 4 -1 5 6 -2
right_child=2 -3 -4 -5 -6 -7 -8
leaf_value=0.00016991216981196715 5.1791273478682685e-05 -0.00010948027139614386 -0.0001544849098779055 -2.6695386802194117e-05 -0.00057582421982203488 0.00012993757565220204 -1.5638791037251745e-05
leaf_weight=32 163 27 30 48 25 342 69
leaf_count=32 163 27 30 48 25 342 69
internal_value=0.00133152 -0.00154206 0.00182035 0.00125 0.00207846 0.00229965 0.000905173
internal_weight=736 107 629 80 599 574 232
internal_count=736 107 629 80 599 574 232
is_linear=0
shrinkage=0.05


end of trees

feature_importances:
dvol_z_20=60
dist_ma200=51
overnight_gap=34
parkinson_20=30
spy_ret_1d=27
sector_ret_5d=25
vix_chg_1d=24
sector_ret_1d=24
ret_5d=23
atr_pct=23
dist_ma50=23
dist_ma20=19
spy_ret_5d=18
spy_ret_20d=15
vix_level=15
ret_1d=13
ret_20d=10

parameters:
[boosting: gbdt]
[objective: quantile]
[metric: quantile]
[tree_learner: serial]
[device_type: cpu]
[data_sample_strategy: bagging]
[data: ]
[valid: ]
[num_iterations: 80]
[learning_rate: 0.05]
[num_leaves: 8]
[num_threads: 1]
[seed: 0]
[deterministic: 0]
[force_col_wise: 1]
[force_row_wise: 0]
[histogram_pool_size: -1]
[max_depth: -1]
[min_data_in_leaf: 25]
[min_sum_hessian_in_leaf: 0.001]
[bagging_fraction: 0.9]
[pos_bagging_fraction: 1]
[neg_bagging_fraction: 1]
[bagging_freq: 1]
[bagging_seed: 3]
[bagging_by_query: 0]
[feature_fraction: 0.9]
[feature_fraction_bynode: 1]
[feature_fraction_seed: 2]
[extra_trees: 0]
[extra_seed: 6]
[early_stopping_round: 0]
[early_stopping_min_delta: 0]
[first_metric_only: 0]
[max_delta_step: 0]
[lambda_l1: 0]
[lambda_l2: 0]
[linear_lambda: 0]
[min_gain_to_split: 0]
[drop_rate: 0.1]
[max_drop: 50]
[skip_drop: 0.5]
[xgboost_dart_mode: 0]
[uniform_drop: 0]
[drop_seed: 4]
[top_rate: 0.2]
[other_rate: 0.1]
[min_data_per_group: 100]
[max_cat_threshold: 32]
[cat_l2: 10]
[cat_smooth: 10]
[max_cat_to_onehot: 4]
[top_k: 20]
[monotone_constraints: ]
[monotone_constraints_method: basic]
[monotone_penalty: 0]
[feature_contri: ]
[forcedsplits_filename: ]
[refit_decay_rate: 0.9]
[cegb_tradeoff: 1]
[cegb_penalty_split: 0]
[cegb_penalty_feature_lazy: ]
[cegb_penalty_feature_coupled: ]
[path_smooth: 0]
[interaction_constraints: ]
[verbosity: -1]
[saved_feature_importance_type: 0]
[use_quantized_grad: 0]
[num_grad_quant_bins: 4]
[quant_train_renew_leaf: 0]
[stochastic_rounding: 1]
[linear_tree: 0]
[max_bin: 255]
[max_bin_by_feature: ]
[min_data_in_bin: 3]
[bin_construct_sample_cnt: 200000]
[data_random_seed: 1]
[is_enable_sparse: 1]
[enable_bundle: 1]
[use_missing: 1]
[zero_as_missing: 0]
[feature_pre_filter: 1]
[pre_partition: 0]
[two_round: 0]
[header: 0]
[label_column: ]
[weight_column: ]
[group_column: ]
[ignore_column: ]
[categorical_feature: ]
[forcedbins_filename: ]
[precise_float_parser: 0]
[parser_config_file: ]
[objective_seed: 5]
[num_class: 1]
[is_unbalance: 0]
[scale_pos_weight: 1]
[sigmoid: 1]
[boost_from_average: 1]
[reg_sqrt: 0]
[alpha: 0.1]
[fair_c: 1]
[poisson_max_delta_step: 0.7]
[tweedie_variance_power: 1.5]
[lambdarank_truncation_level: 30]
[lambdarank_norm: 1]
[label_gain: ]
[lambdarank_position_bias_regularization: 0]
[eval_at: ]
[multi_error_top_k: 1]
[auc_mu_weights: ]
[num_machines: 1]
[local_listen_port: 12400]
[time_out: 120]
[machine_list_filename: ]
[machines: ]
[gpu_platform_id: -1]
[gpu_device_id: -1]
[gpu_device_id_list: ]
[gpu_use_dp: 0]
[num_gpu: 1]

end of parameters

pandas_categorical:[]
