tree
version=v4
num_class=1
num_tree_per_iteration=1
label_index=0
max_feature_idx=16
objective=quantile
feature_names=ret_1d ret_5d ret_20d overnight_gap atr_pct parkinson_20 dvol_z_20 dist_ma20 dist_ma50 dist_ma200 spy_ret_1d spy_ret_5d spy_ret_20d vix_level vix_chg_1d sector_ret_1d sector_ret_5d
feature_infos=[-0.13382386755575992:0.14788532500709617] [-0.19024075666380047:0.21298068557508265] [-0.25572971548998946:0.40686175580221984] [-0.138192687974247:0.12156125921724348] [0.017739578454332564:0.067488707194589534] [0.010844009434503296:0.03583529631586458] [-1.8719083059130093:4.2502889470667382] [-0.19519151678731783:0.21042123118241585] [-0.22347508812434302:0.21049633848657456] [-0.22291563415561177:0.23074764578068141] [-0.058542947643003718:0.10501933612632941] [-0.11496158439845272:0.082843216242346029] [-0.12265592443394913:0.15756596870864792] [11.859999656677246:52.330001831054688] [-0.35753873962348437:0.74039073966007019] [-0.060397403108400582:0.10888057162300102] [-0.11617882919005618:0.10060180541624875]
tree_sizes=841 856 855 860 862 858 861 865 862 857 865 857 863 874 867 868 876 862 862 872 868 861 869 861

Tree=0
num_leaves=8
num_cat=0
split_feature=16 9 5 6 8 8 3
split_gain=1.56387 1.33601 0.789329 0.851281 0.754588 1.43316 0.599434
threshold=-0.046981688485124011 0.13088588722023867 0.020562769033510109 -0.42155619820603546 -0.061461205871506157 -0.0075326221935892992 -0.0037149852590803163
decision_type=2 8 2 2 8 8 2
left_child=-1 2 -2 -4 -3 -6 -7
right_child=1 4 3 -5 5 6 -8
leaf_value=-0.024994768998078919 -0.023275472128281863 -0.022972965629348037 -0.023382318371394512 -0.024117492406812224 -0.024412213726282554 -0.02385091312824051 -0.023590039826809343
leaf_weight=31 411 26 44 51 36 60 91
leaf_count=31 411 26 44 51 36 60 91
internal_value=-0.0237712 -0.0232971 -0.0218988 -0.0260063 -0.0266191 -0.0277288 -0.0255915
internal_weight=750 719 506 95 213 187 151
internal_count=750 719 506 95 213 187 151
is_linear=0
shrinkage=1


Tree=1
num_leaves=8
num_cat=0
split_feature=16 9 13 8 8 8 10
split_gain=1.17396 1.12603 0.801311 1.2218 1.21286 0.554308 0.52939
threshold=-0.046981688485124011 0.1419818685567881 13.894999980926515 -0.061461205871506157 -0.0075326221935892992 0.067399589952766195 0.001595000535659419
decision_type=2 8 2 8 8 10 2
left_child=-1 -2 -3 -4 -5 6 -6
right_child=1 2 3 4 5 -7 -8
leaf_value=-0.0013184522312426857 0.00020404977473983678 0.00018764374894533441 0.00063167007950302653 -0.00077606943460824241 0.00028252114344280179 -0.00046296098367459761 -0.00021461077769119511
leaf_weight=30 498 54 26 32 38 31 25
leaf_count=30 498 54 26 32 38 31 25
internal_value=-0.000313351 9.9432e-05 -0.00300971 -0.00486842 -0.00690476 -0.00404255 -0.00134921
internal_weight=734 704 206 152 126 94 63
internal_count=734 704 206 152 126 94 63
is_linear=0
shrinkage=0.05


Tree=2
num_leaves=8
num_cat=0
split_feature=4 9 9 13 13 8 2
split_gain=0.835513 0.598659 0.887052 0.635634 0.753756 0.915511 1.22028
threshold=0.030567117880662038 -0.042993048921556136 -0.015887092273444699 14.00500011444092 19.115000724792484 -0.061461205871506157 -0.030280860741299428
decision_type=2 8 8 2 2 10 2
left_child=-1 -2 -3 -4 5 -5 -7
right_child=1 2 3 4 -6 6 -8
leaf_value=0.00022451705989021912 0.00026034835932486363 -0.0004021190518642832 0.00031067258826723111 0.00053007720016498582 0.00018029293918764034 -0.00060481062198415613 -0.00041544440271742901
leaf_weight=401 87 28 43 26 68 25 71
leaf_count=401 87 28 43 26 68 25 71
internal_value=0.000327103 -0.00146552 -0.00266284 -0.00165236 -0.00289474 -0.0052459 -0.0075
internal_weight=749 348 261 233 190 122 96
internal_count=749 348 261 233 190 122 96
is_linear=0
shrinkage=0.05


Tree=3
num_leaves=8
num_cat=0
split_feature=16 9 13 16 13 13 3
split_gain=0.840205 0.851622 0.6192 0.853321 0.517186 0.591726 0.592261
threshold=-0.046981688485124011 0.13088588722023867 13.894999980926515 -0.017169294203700166 14.715000152587892 15.050000190734865 -0.013637498247779932
decision_type=2 8 2 2 2 2 2
left_child=-1 4 -3 -4 -2 -6 -7
right_child=1 2 3 -5 5 6 -8
leaf_value=-0.001203014558022525 0.00039419310283053698 0.00013396251634912768 0.00050601789170383836 -0.00026034528477337392 -0.0004918056613698146 -0.00049431958959865235 0.0002175397490822217
leaf_weight=31 115 56 32 121 26 28 334
leaf_count=31 115 56 32 121 26 28 334
internal_value=0.000154778 0.000505618 -0.00217703 -0.00382353 0.00162028 0.000747423 0.00127072
internal_weight=743 712 209 153 503 388 362
internal_count=743 712 209 153 503 388 362
is_linear=0
shrinkage=0.05


Tree=4
num_leaves=8
num_cat=0
split_feature=16 8 14 12 7 9 9
split_gain=0.933684 1.04711 1.03387 0.555959 0.600941 0.769983 0.923254
threshold=-0.046981688485124011 0.10038620337857863 0.023650626144740231 0.026209959433217581 0.035665997154280878 -0.042993048921556136 0.026137157025747707
decision_type=2 8 2 2 2 8 10
left_child=-1 3 -3 4 5 -2 -7
right_child=1 2 -4 -5 -6 6 -8
leaf_value=-0.0011755852748107842 0.00026180531305459846 -5.0757414481268875e-05 -0.0014925615901548066 0.00034079850360764323 0.00039782478091160433 -0.00040531386181458961 0.00015698436863370599
leaf_weight=30 120 66 25 252 55 137 61
leaf_count=30 120 66 25 252 55 137 61
internal_value=0.000308311 0.000670391 -0.00434066 0.0014 0.000174263 -0.000660377 -0.00257576
internal_weight=746 716 91 625 373 318 198
internal_count=746 716 91 625 373 318 198
is_linear=0
shrinkage=0.05


Tree=5
num_leaves=8
num_cat=0
split_feature=5 5 0 3 3 4 9
split_gain=0.778807 0.869734 1.03048 1.05861 0.736975 1.35396 0.412516
threshold=0.021286189459465563 0.022006720559483408 0.0070752169190806411 0.0043251379727821124 -0.013484913946304576 0.031835189986071925 -0.042993048921556136
decision_type=2 2 2 2 2 2 8
left_child=4 -2 -3 -4 5 -1 -6
right_child=1 2 3 -5 6 -7 -8
leaf_value=-0.00049228323173835316 -0.000607665256372071 0.00016039491150872471 -0.00078499668622830296 0.00010038416904971998 0.00034904258542617638 0.00031374876993740564 2.8153443308001002e-05
leaf_weight=25 38 74 28 26 141 27 378
leaf_count=25 38 74 28 26 141 27 378
internal_value=0.000183175 -0.00283133 -0.000859375 -0.00611111 0.00105954 -0.00461538 0.00162813
internal_weight=737 166 128 54 571 52 519
internal_count=737 166 128 54 571 52 519
is_linear=0
shrinkage=0.05


Tree=6
num_leaves=8
num_cat=0
split_feature=13 6 3 2 8 9 13
split_gain=0.652119 0.595747 0.832657 0.642418 0.72671 1.03501 0.80397
threshold=13.894999980926515 -0.45589506197374002 0.0087858920042416262 0.14330248262850301 0.0074861996482805679 -0.03434989367529883 15.234999656677248
decision_type=2 2 2 2 8 10 2
left_child=-1 2 -2 4 5 -3 -6
right_child=1 3 -4 -5 6 -7 -8
leaf_value=0.00027868742816975059 0.00018012139126165517 -0.00011140559449539391 -0.00023023702542905217 -0.00048843302176703493 -0.00040332823885484237 -0.00054897553447122763 0.00022267139393707583
leaf_weight=144 195 156 25 34 35 44 113
leaf_count=144 195 156 25 34 35 44 113
internal_value=0.000241287 -0.000481727 0.00159091 -0.00167539 -0.00103448 -0.003 0.00162162
internal_weight=746 602 220 382 348 200 148
internal_count=746 602 220 382 348 200 148
is_linear=0
shrinkage=0.05


Tree=7
num_leaves=8
num_cat=0
split_feature=4 0 12 6 2 3 0
split_gain=0.913113 0.470605 1.13477 0.86235 0.613764 0.448179 0.793651
threshold=0.030567117880662038 0.0070752169190806411 0.025155883078146649 -0.21439696766827596 0.13626922849903392 -0.00045345695363646627 -0.0056597513584893391
decision_type=2 2 2 2 2 2 2
left_child=-1 4 3 -3 5 -2 -7
right_child=1 2 -4 -5 -6 6 -8
leaf_value=0.00018411068380044012 0.00031024165116172084 -1.9316667458949631e-05 0.00015938904130167306 -0.00088130845934052463 -0.00033344048651485651 -0.00049853625143036952 0.00016442893726766283
leaf_weight=389 119 40 58 39 30 45 25
leaf_count=389 119 40 58 39 30 45 25
internal_value=0.000369128 -0.00146067 -0.00375912 -0.00765823 -2.28309e-05 0.00103175 -0.00214286
internal_weight=745 356 137 79 219 189 70
internal_count=745 356 137 79 219 189 70
is_linear=0
shrinkage=0.05


Tree=8
num_leaves=8
num_cat=0
split_feature=9 6 0 10 14 12 14
split_gain=0.849591 1.2392 0.621938 0.663674 1.03221 0.484169 0.374033
threshold=0.13088588722023867 2.3398958685387758 0.011617813436604731 -0.0050236559316604859 -0.001390218635627771 0.021636027658746174 -0.0052209332646739317
decision_type=8 2 2 2 2 2 2
left_child=1 5 3 -2 -5 6 -1
right_child=2 -3 -4 4 -6 -7 -8
leaf_value=-0.00027146370860523303 9.0192095671929072e-05 -0.0024241513236534186 0.00020287199679869369 -1.3227754409484273e-05 -0.001149032994911504 0.00028239313053201784 0.00016979944788856244
leaf_weight=129 46 29 70 60 39 251 140
leaf_count=129 46 29 70 60 39 251 140
internal_value=0.000222513 0.00126594 -0.00244186 -0.00431034 -0.00661616 0.00182692 0.00035316
internal_weight=764 549 215 145 99 520 269
internal_count=764 549 215 145 99 520 269
is_linear=0
shrinkage=0.05


Tree=9
num_leaves=8
num_cat=0
split_feature=9 4 4 6 0 7 9
split_gain=0.814006 1.11788 1.35583 0.739232 0.899706 0.72 0.619421
threshold=-0.042993048921556136 0.038304283160842868 0.046141134004454798 -0.4579703049776323 0.011617813436604731 -0.0068950652131786186 0.099761439007896593
decision_type=8 2 2 2 2 2 10
left_child=-1 3 5 -2 6 -3 -5
right_child=1 2 -4 4 -6 -7 -8
leaf_value=0.00026103550428777577 0.00017549948861503349 -0.0004234391604385746 0.00025969117817117003 -1.8469908570964069e-05 0.00025035967021029245 -0.00075281193503132942 -0.00053228917132548768
leaf_weight=195 184 25 26 152 102 25 35
leaf_count=195 184 25 26 152 102 25 35
internal_value=0.000430108 -0.000555555 -0.00618421 0.000348837 -0.00122837 -0.011 -0.00328877
internal_weight=744 549 76 473 289 50 187
internal_count=744 549 76 473 289 50 187
is_linear=0
shrinkage=0.05


Tree=10
num_leaves=8
num_cat=0
split_feature=5 6 6 1 8 16 8
split_gain=0.732488 0.770772 0.543198 0.500995 0.828756 0.572344 0.537202
threshold=0.021286189459465563 0.65282842446279898 2.8803368279654831 0.024476051614686137 0.087450112787280335 0.02969420508744414 -0.035609738903314141
decision_type=2 2 2 2 10 2 10
left_child=2 -2 3 4 5 6 -1
right_child=1 -3 -4 -5 -6 -7 -8
leaf_value=0.00042227141743602389 -1.192650108799513e-05 -0.00084057903997197521 -0.0028276526502205323 0.00023155461591654522 -0.00024532735299405086 -0.00052846525905205801 2.4487107112053952e-05
leaf_weight=112 127 35 28 162 33 28 224
leaf_count=112 127 35 28 162 33 28 224
internal_value=0.000260347 -0.00271605 0.00108177 0.00142218 0.000465995 0.00115385 0.00172619
internal_weight=749 162 587 559 397 364 336
internal_count=749 162 587 559 397 364 336
is_linear=0
shrinkage=0.05


Tree=11
num_leaves=8
num_cat=0
split_feature=9 6 8 11 5 0 0
split_gain=0.567113 0.722835 0.989104 1.07479 1.18843 0.83596 0.7605
threshold=-0.042993048921556136 -0.4579703049776323 0.019143515786147817 0.011915728697621366 0.017679970087859043 0.010942331470371937 -0.0049374277784623435
decision_type=8 2 10 2 2 2 2
left_child=-1 -2 3 5 -5 6 -3
right_child=1 2 -4 4 -6 -7 -8
leaf_value=0.00021507661814963911 7.9159624837222943e-05 -0.00020291711850817208 5.6960319013979645e-05 -1.8011158680778719e-05 -0.00066777599227025328 0.00046802592408996981 -0.00026416401579912617
leaf_weight=198 200 49 173 26 29 41 31
leaf_count=198 200 49 173 26 29 41 31
internal_value=0.000180723 -0.00064663 -0.00202006 -0.00465909 -0.0104545 -0.00202479 -0.005
internal_weight=747 549 349 176 55 121 80
internal_count=747 549 349 176 55 121 80
is_linear=0
shrinkage=0.05


Tree=12
num_leaves=8
num_cat=0
split_feature=6 9 4 0 10 6 15
split_gain=0.692739 0.537121 0.483125 1.22246 0.491626 0.729899 0.98994
threshold=2.6990909522599997 -0.07103281978048169 0.038084167161586739 0.0070752169190806411 -0.0001525908648420948 -0.51261055960987523 0.00097403380558125374
decision_type=2 8 2 2 2 2 2
left_child=1 -1 4 -4 5 -3 -7
right_child=-2 2 3 -5 -6 6 -8
leaf_value=0.00023912373720049492 -0.0023384675007662292 0.00012603623737089019 0.00012438740110039246 -0.00075949088103255825 0.00014679662953042923 -0.00060195504666752514 0.00076161825393633131
leaf_weight=88 35 83 57 36 311 97 27
leaf_count=88 35 83 57 36 311 97 27
internal_value=0.000435967 0.000779685 0.000253683 -0.00306452 0.000849421 -0.00103865 -0.00346774
internal_weight=734 699 611 93 518 207 124
internal_count=734 699 611 93 518 207 124
is_linear=0
shrinkage=0.05


Tree=13
num_leaves=8
num_cat=0
split_feature=4 2 12 10 10 7 15
split_gain=0.702007 0.957102 0.553558 0.485997 0.758047 1.02855 0.605814
threshold=0.038466309889500915 -0.044195900753646426 0.0359090683716582 -0.0051935654073162465 -0.0001525908648420948 0.028750136859093559 0.0059755018400843305
decision_type=2 2 2 2 2 2 2
left_child=2 -2 3 -1 5 -5 -6
right_child=1 -3 -4 4 6 -7 -8
leaf_value=0.00010553447268901213 8.4287772372468772e-05 -0.0010456877297748102 0.00010216991492602236 -0.00023384469935323521 0.00032214997909679499 -0.00081467964933350776 -2.5452588116140883e-05
leaf_weight=92 69 48 186 80 121 29 120
leaf_count=92 69 48 186 80 121 29 120
internal_value=0.000436242 -0.00311966 0.00109873 0.000135747 -0.000714286 -0.00417431 0.000850623
internal_weight=745 117 628 442 350 109 241
internal_count=745 117 628 442 350 109 241
is_linear=0
shrinkage=0.05


Tree=14
num_leaves=8
num_cat=0
split_feature=12 0 0 15 0 8 12
split_gain=0.421688 0.46287 0.85396 0.611846 0.422502 0.812408 0.372699
threshold=0.0359090683716582 0.0054278263198772611 0.011375266989905765 0.006576384018443516 -0.0095139371471969474 0.061303513241644299 1.0000000180025095e-35
decision_type=2 2 2 2 2 8 2
left_child=1 4 -3 -4 5 -1 -5
right_child=-2 2 3 6 -6 -7 -8
leaf_value=1.9775938928315986e-05 0.0001181413686612486 -0.00070194421859569019 0.00021342289413187011 5.179639389670659e-05 0.00016003532015158438 -0.00069345847573549591 -0.0002783874683036283
leaf_weight=142 194 58 57 37 165 25 41
leaf_count=142 194 58 57 37 165 25 41
internal_value=0.000688456 -4.76189e-05 -0.00199482 0.000185185 0.00108434 -0.000688623 -0.00269231
internal_weight=719 525 193 135 332 167 78
internal_count=719 525 193 135 332 167 78
is_linear=0
shrinkage=0.05


Tree=15
num_leaves=8
num_cat=0
split_feature=12 7 10 2 16 7 5
split_gain=0.577993 0.425524 0.693795 0.635564 0.662014 0.480769 0.452232
threshold=0.025155883078146649 0.0345214024948527 -0.0026276635212834072 -0.031259671701965634 -0.0020519121740447117 0.0068446241426273211 0.021509767634179566
decision_type=2 2 2 2 2 2 2
left_child=1 2 -1 6 -5 -6 -4
right_child=-2 -3 3 4 5 -7 -8
leaf_value=7.0260312199781416e-05 0.00010596723865920852 0.00021529555478036803 2.9642070039574426e-05 -0.00073860109960080663 0.0002188215225127827 -0.00025915329229644527 -0.00064093476755660639
leaf_weight=137 322 70 83 43 26 26 36
leaf_count=137 322 70 83 43 26 26 36
internal_value=0.00123149 1.18767e-05 -0.000698005 -0.00247664 -0.00552632 -0.00173077 -4.20166e-05
internal_weight=743 421 351 214 95 52 119
internal_count=743 421 351 214 95 52 119
is_linear=0
shrinkage=0.05


Tree=16
num_leaves=8
num_cat=0
split_feature=12 6 11 4 10 10 0
split_gain=0.605192 0.355587 0.650801 0.762513 0.700416 0.699661 0.926747
threshold=-0.052281388412141021 -0.26876031911265863 -0.0040062881878700765 0.038304283160842868 0.0077874097766411641 0.0054292570056242448 -0.016539483474656832
decision_type=2 2 2 2 2 2 2
left_child=-1 -2 -3 4 5 6 -4
right_child=1 2 3 -5 -6 -7 -8
leaf_value=-0.0017877874096602912 8.3238386722050872e-05 0.00010443844052120821 -0.00070490860069096579 -0.00040954464493535227 0.00010017022194570324 -0.00089449839692883721 0.00013386360231504806
leaf_weight=28 373 102 26 25 57 30 116
leaf_count=28 373 102 26 25 57 30 116
internal_value=0.00149934 0.00177641 0.000646068 -0.000708661 0.000196507 -0.00139535 7.04227e-05
internal_weight=757 729 356 254 229 172 142
internal_count=757 729 356 254 229 172 142
is_linear=0
shrinkage=0.05


Tree=17
num_leaves=8
num_cat=0
split_feature=12 12 8 3 8 6 14
split_gain=0.383542 0.478293 0.628551 0.440467 1.19584 0.433818 0.266321
threshold=0.017951110302837473 0.011040708270440904 0.020437023577294492 -0.0066493836118373664 0.073065176317857264 0.65282842446279898 0.0017102699334086149
decision_type=2 2 10 2 8 2 2
left_child=1 5 -3 4 -2 -1 -5
right_child=3 2 -4 6 -6 -7 -8
leaf_value=3.6679742905627673e-05 0.00028554619605072927 -0.00061472732451556505 0.00017560057011301581 0.0003285218643989319 -0.00038453846717220405 -0.0012112890734486063 3.6444699647377616e-05
leaf_weight=243 53 32 27 200 27 53 111
leaf_count=243 53 32 27 200 27 53 111
internal_value=0.000978552 -0.000211267 -0.00432203 0.00205882 -0.00125 0.000608108 0.00290997
internal_weight=746 355 59 391 80 296 311
internal_count=746 355 59 391 80 296 311
is_linear=0
shrinkage=0.05


Tree=18
num_leaves=8
num_cat=0
split_feature=4 2 3 6 2 1 2
split_gain=0.524581 0.614799 0.463408 0.674576 0.587398 0.820964 0.833761
threshold=0.031435177533301169 0.14768708104368802 -0.0053215014162018006 0.65282842446279898 -0.10673592162684435 0.011428695461364937 -0.0019255045584181116
decision_type=2 2 2 2 2 2 2
left_child=-1 2 -2 4 -4 6 -6
right_child=1 -3 3 -5 5 -7 -8
leaf_value=8.7627020311418461e-05 0.00015941821724531726 -0.00042372045729918484 0.00030447358108737373 -0.001194072374679658 -0.00071985319457625193 0.0001420033554094435 6.9178885159613394e-06
leaf_weight=435 96 33 41 25 34 58 31
leaf_count=435 96 33 41 25 34 58 31
internal_value=0.000883134 -0.000660377 8.77195e-05 -0.00134921 -0.000182927 -0.00191057 -0.00576923
internal_weight=753 318 285 189 164 123 65
internal_count=753 318 285 189 164 123 65
is_linear=0
shrinkage=0.05


Tree=19
num_leaves=8
num_cat=0
split_feature=15 15 4 2 15 14 16
split_gain=0.336329 0.461596 0.518635 0.793847 0.337204 0.290072 0.512326
threshold=-0.0051821609420597539 -0.0040004362206616509 0.038466309889500915 -0.060315710902421542 -0.020061582323004919 -0.0056306847578752031 0.021883257633099732
decision_type=2 2 2 2 2 2 2
left_child=4 -2 5 -4 -1 -3 -7
right_child=1 2 3 -5 -6 6 -8
leaf_value=-0.00080679931909423657 -0.00020704455763106576 0.00014548629958335745 0.00024314802000360738 -0.0011132873728548571 0.00020242904517102334 0.00011890476425115327 -0.00026954463606611968
leaf_weight=40 28 278 28 39 173 98 55
leaf_count=40 28 278 28 39 173 98 55
internal_value=0.0012111 0.00053232 0.000883534 -0.00320895 0.00288732 0.00151972 -0.000228758
internal_weight=739 526 498 67 213 431 153
internal_count=739 526 498 67 213 431 153
is_linear=0
shrinkage=0.05


Tree=20
num_leaves=8
num_cat=0
split_feature=5 16 11 15 5 14 14
split_gain=0.533201 0.388088 0.498131 0.536405 0.373932 0.312547 0.635165
threshold=0.020562769033510109 -0.034568665521355783 -0.0015936662875054017 -0.001732310717528107 0.022337014228738506 -0.054805799949304061 -0.083456210331023115
decision_type=2 2 2 2 2 2 2
left_child=5 -2 -3 -4 -5 6 -1
right_child=1 2 3 4 -6 -7 -8
leaf_value=0.00034652070337630719 -0.0011802839875025561 0.0002233499030221832 -9.706953247790987e-05 -8.4261345543922047e-05 0.00020025602899678046 9.3086423357238693e-05 -0.00037905230107625372
leaf_weight=39 25 60 31 42 36 473 45
leaf_count=39 25 60 31 42 36 473 45
internal_value=0.0010719 -0.00118557 -0.000325444 -0.00233945 -0.000128205 0.00185817 -0.000952381
internal_weight=751 194 169 109 78 557 84
internal_count=751 194 169 109 78 557 84
is_linear=0
shrinkage=0.05


Tree=21
num_leaves=8
num_cat=0
split_feature=3 16 12 16 0 8 0
split_gain=0.46456 1.46323 0.452569 0.456286 0.304341 0.369886 0.391985
threshold=-0.0097809232179432697 0.00020603606306812686 -0.05023266322533259 0.054444431748063134 0.010691504422648658 0.11331585801636158 0.0037497739417997615
decision_type=2 2 2 2 2 8 2
left_child=1 -1 -2 4 5 6 -4
right_child=2 -3 3 -5 -6 -7 -8
leaf_value=0.00010864134582042414 -0.0014754968465054532 -0.00056165989864260396 0.00023018171724212239 -5.2454311454237424e-05 0.00013866087798740533 -0.00044309671838283296 -1.9972788890407475e-05
leaf_weight=69 25 48 296 26 178 27 79
leaf_count=69 25 48 296 26 178 27 79
internal_value=0.00105615 -0.00183761 0.00159271 0.00186469 0.00215517 0.00139303 0.0018
internal_weight=748 117 631 606 580 402 375
internal_count=748 117 631 606 580 402 375
is_linear=0
shrinkage=0.05


Tree=22
num_leaves=8
num_cat=0
split_feature=9 1 16 12 14 1 16
split_gain=0.364654 0.474717 1.12435 0.507968 0.689458 1.13019 0.45462
threshold=0.1419818685567881 0.021081358854039171 0.021883257633099732 0.021636027658746174 -0.0046169142462271764 -0.017802833892717747 -0.0066474274285495674
decision_type=8 2 2 2 2 2 2
left_child=1 2 3 4 5 -1 -2
right_child=6 -3 -4 -5 -6 -7 -8
leaf_value=8.6839955391221444e-05 7.7949214232731187e-05 0.00034292358241103782 -0.00067158004105145961 0.00033675001075886106 0.00011944533059097642 -0.00081818178635104522 -9.8232573245971664e-05
leaf_weight=45 57 148 43 157 110 32 150
leaf_count=45 57 148 43 157 110 32 150
internal_value=0.00122642 0.00191589 0.000994832 0.00194767 0.000187166 -0.00344156 -0.000555555
internal_weight=742 535 387 344 187 77 207
internal_count=742 535 387 344 187 77 207
is_linear=0
shrinkage=0.05


Tree=23
num_leaves=8
num_cat=0
split_feature=12 11 12 13 13 9 7
split_gain=0.470986 0.439181 0.537182 0.596014 1.07006 0.65894 0.845913
threshold=-0.052281388412141021 -0.0040062881878700765 0.022394613632646724 19.98499965667725 17.615000724792484 -0.041422856735436879 0.012899087960531854
decision_type=2 2 2 2 2 8 2
left_child=-1 -2 3 4 5 -3 -7
right_child=1 2 -4 -5 -6 6 -8
leaf_value=-0.0015578023977047759 0.00011276845829189104 0.00024576133449706589 6.5239548187524566e-05 0.00023172081775875319 -0.00067900141847392016 -0.0005218751237859834 0.00043603738656606758
leaf_weight=30 209 38 319 30 36 56 33
leaf_count=30 209 38 319 30 36 56 33
internal_value=0.00113848 0.0013939 0.000605469 -0.00147668 -0.00266871 -0.000511811 -0.00286517
internal_weight=751 721 512 193 163 127 89
internal_count=751 721 512 193 163 127 89
is_linear=0
shrinkage=0.05


end of trees

feature_importances:
dist_ma200=16
dist_ma50=15
ret_1d=14
spy_ret_20d=14
dvol_z_20=13
sector_ret_5d=13
atr_pct=10
vix_level=10
ret_20d=9
overnight_gap=9
parkinson_20=8
spy_ret_1d=8
vix_chg_1d=8
sector_ret_1d=7
dist_ma20=6
ret_5d=4
spy_ret_5d=4

parameters:
[boosting: gbdt]
[objective: quantile]
[metric: quantile]
[tree_learner: serial]
[device_type: cpu]
[data_sample_strategy: bagging]
[data: ]
[valid: ]
[num_iterations: 80]
[learning_rate: 0.05]
[num_leaves: 8]
[num_threads: 1]
[seed: 0]
[deterministic: 0]
[force_col_wise: 1]
[force_row_wise: 0]
[histogram_pool_size: -1]
[max_depth: -1]
[min_data_in_leaf: 25]
[min_sum_hessian_in_leaf: 0.001]
[bagging_fraction: 0.9]
[pos_bagging_fraction: 1]
[neg_bagging_fraction: 1]
[bagging_freq: 1]
[bagging_seed: 3]
[bagging_by_query: 0]
[feature_fraction: 0.9]
[feature_fraction_bynode: 1]
[feature_fraction_seed: 2]
[extra_trees: 0]
[extra_seed: 6]
[early_stopping_round: 0]
[early_stopping_min_delta: 0]
[first_metric_only: 0]
[max_delta_step: 0]
[lambda_l1: 0]
[lambda_l2: 0]
[linear_lambda: 0]
[min_gain_to_split: 0]
[drop_rate: 0.1]
[max_drop: 50]
[skip_drop: 0.5]
[xgboost_dart_mode: 0]
[uniform_drop: 0]
[drop_seed: 4]
[top_rate: 0.2]
[other_rate: 0.1]
[min_data_per_group: 100]
[max_cat_threshold: 32]
[cat_l2: 10]
[cat_smooth: 10]
[max_cat_to_onehot: 4]
[top_k: 20]
[monotone_constraints: ]
[monotone_constraints_method: basic]
[monotone_penalty: 0]
[feature_contri: ]
[forcedsplits_filename: ]
[refit_decay_rate: 0.9]
[cegb_tradeoff: 1]
[cegb_penalty_split: 0]
[cegb_penalty_feature_lazy: ]
[cegb_penalty_feature_coupled: ]
[path_smooth: 0]
[interaction_constraints: ]
[verbosity: -1]
[saved_feature_importance_type: 0]
[use_quantized_grad: 0]
[num_grad_quant_bins: 4]
[quant_train_renew_leaf: 0]
[stochastic_rounding: 1]
[linear_tree: 0]
[max_bin: 255]
[max_bin_by_feature: ]
[min_data_in_bin: 3]
[bin_construct_sample_cnt: 200000]
[data_random_seed: 1]
[is_enable_sparse: 1]
[enable_bundle: 1]
[use_missing: 1]
[zero_as_missing: 0]
[feature_pre_filter: 1]
[pre_partition: 0]
[two_round: 0]
[header: 0]
[label_column: ]
[weight_column: ]
[group_column: ]
[ignore_column: ]
[categorical_feature: ]
[forcedbins_filename: ]
[precise_float_parser: 0]
[parser_config_file: ]
[objective_seed: 5]
[num_class: 1]
[is_unbalance: 0]
[scale_pos_weight: 1]
[sigmoid: 1]
[boost_from_average: 1]
[reg_sqrt: 0]
[alpha: 0.1]
[fair_c: 1]
[poisson_max_delta_step: 0.7]
[tweedie_variance_power: 1.5]
[lambdarank_truncation_level: 30]
[lambdarank_norm: 1]
[label_gain: ]
[lambdarank_position_bias_regularization: 0]
[eval_at: ]
[multi_error_top_k: 1]
[auc_mu_weights: ]
[num_machines: 1]
[local_listen_port: 12400]
[time_out: 120]
[machine_list_filename: ]
[machines: ]
[gpu_platform_id: -1]
[gpu_device_id: -1]
[gpu_device_id_list: ]
[gpu_use_dp: 0]
[num_gpu: 1]

end of parameters

pandas_categorical:[]
