tree
version=v4
num_class=1
num_tree_per_iteration=1
label_index=0
max_feature_idx=16
objective=quantile
feature_names=ret_1d ret_5d ret_20d overnight_gap atr_pct parkinson_20 dvol_z_20 dist_ma20 dist_ma50 dist_ma200 spy_ret_1d spy_ret_5d spy_ret_20d vix_level vix_chg_1d sector_ret_1d sector_ret_5d
feature_infos=[-0.18972242323501554:0.073069934786996527] [-0.18054597165257258:0.13995799442745449] [-0.2016073233779806:0.18940109849885856] [-0.16976374168329922:0.031929065991528116] [0.012614817513309192:0.05456565774964061] [0.0085095517222793793:0.025476966201009164] [-2.4695984404296962:4.3053620676827045] [-0.14776053006128931:0.08634986822846602] [-0.16100528278754545:0.12378759262911698] [-0.21541565932356299:0.22028545696355839] [-0.058542971330535654:0.10501930183911301] [-0.11496151859245618:0.082843162776128354] [-0.1226559005192206:0.15756591020035837] [11.859999656677246:52.330001831054688] [-0.35753873962348437:0.74039073966007019] [-0.055625943886246643:0.039932904849798945] [-0.11091775398112247:0.072664397618361631]
tree_sizes=856 848 853 855 860 861 860 857 859 854 860 849 851 851 862 853 861 848 863 848 860 869 850 862 856 848 853 859 862 862 861 858 853 860 862

Tree=0
num_leaves=8
num_cat=0
split_feature=12 8 2 6 7 2 4
split_gain=2.62978 2.10531 2.18948 3.42703 2.43471 2.21667 2.11683
threshold=-0.026522895581630176 -0.02793419986480444 -0.010825678308366114 0.13595436718301129 -0.0039373507940143595 -0.023179294140598824 0.015181470911688576
decision_type=2 8 2 2 2 2 2
left_child=-1 -2 4 6 5 -3 -4
right_child=1 2 3 -5 -6 -7 -8
leaf_value=0.00081556182412896301 0.00080788220220711087 0.00076339014340192084 0.00048677507729735228 0.00055714955960866068 0.00030991475505288686 0.00055056704150047153 0.00080883630726020779
leaf_weight=104 93 60 33 148 29 35 239
leaf_count=104 93 60 33 148 29 35 239
internal_value=6.70054e-05 -0.00113655 -0.00232506 -0.000601493 -0.00816294 -0.00429197 0.00273009
internal_weight=741 637 544 420 124 95 272
internal_count=741 637 544 420 124 95 272
is_linear=0
shrinkage=1


Tree=1
num_leaves=8
num_cat=0
split_feature=12 8 12 14 14 13 13
split_gain=3.02986 2.53379 1.92662 1.91725 2.03879 1.60278 1.80019
threshold=-0.026522895581630176 -0.02693925467666863 -0.015496687592758017 -0.00096971916429922078 -0.038288845342256843 25.010000228881839 20.500000000000004
decision_type=2 8 2 2 2 2 2
left_child=5 3 -3 4 -2 6 -1
right_child=1 2 -4 -5 -6 -7 -8
leaf_value=0.00019220810077968053 0.00010602879177895376 -0.00031659713873523289 -4.5325731043703861e-05 0.00019605553665314802 -0.00015432437226991168 0.00031741977014462466 -0.00025890191740472805
leaf_weight=46 30 27 494 47 25 32 27
leaf_count=46 30 27 494 47 25 32 27
internal_value=0 -0.00132424 -0.00273512 0.00588235 -0.000454545 0.00785714 0.00376712
internal_weight=728 623 521 102 55 105 73
internal_count=728 623 521 102 55 105 73
is_linear=0
shrinkage=0.05


Tree=2
num_leaves=8
num_cat=0
split_feature=13 8 5 7 6 6 12
split_gain=3.30849 2.72767 2.16469 1.43372 2.91919 1.87929 1.60652
threshold=25.19999980926514 -0.02693925467666863 0.015607559982777861 0.018656360498585437 0.098852986755597533 0.88147491790967014 -0.026522895581630176
decision_type=2 8 2 2 2 2 2
left_child=1 2 -1 6 -5 -6 -3
right_child=-2 3 -4 4 5 -7 -8
leaf_value=0.00011184040043008281 0.00020271492080792088 6.7240053678688136e-05 -0.000157933720976871 0.00015786229365039617 -0.00024784062980688762 7.7089835333026715e-05 -0.00013438052889250683
leaf_weight=115 32 26 34 132 36 30 336
leaf_count=115 32 26 34 132 36 30 336
internal_value=-0.000101215 -0.000811001 0.00520134 -0.00241071 0.0010101 -0.00757576 -0.00428177
internal_weight=741 709 149 560 198 66 362
internal_count=741 709 149 560 198 66 362
is_linear=0
shrinkage=0.05


Tree=3
num_leaves=8
num_cat=0
split_feature=13 8 2 8 2 1 9
split_gain=3.14869 2.74257 1.94382 3.04 2.66617 2.06057 1.82129
threshold=24.385000228881839 -0.02693925467666863 -0.010825678308366114 0.034396351092424345 -0.024356923177766551 0.0077294030343799678 0.049585957207345051
decision_type=2 8 2 8 2 2 8
left_child=1 -1 4 6 5 -3 -4
right_child=-2 2 3 -5 -6 -7 -8
leaf_value=9.2638787678515664e-05 0.00024341588905663232 8.2515954903828975e-05 0.0002339766749548289 -8.5873814278602373e-05 -0.00024960612889190088 -0.00019134675651075672 6.825129460776231e-06
leaf_weight=141 49 56 82 206 48 26 127
leaf_count=141 49 56 82 206 48 26 127
internal_value=0.000510204 -0.000364431 -0.00197248 -0.000301205 -0.00730769 -0.00182927 0.00394737
internal_weight=735 686 545 415 130 82 209
internal_count=735 686 545 415 130 82 209
is_linear=0
shrinkage=0.05


Tree=4
num_leaves=8
num_cat=0
split_feature=13 1 4 15 8 3 16
split_gain=3.5203 2.02466 1.6506 1.8248 1.48923 1.68368 1.19758
threshold=25.19999980926514 -0.042375119373120766 0.015181470911688576 -0.016700072954733077 0.053538516595067816 0.00072532965930005588 -1.0000000180025095e-35
decision_type=2 2 2 2 8 2 2
left_child=1 -1 -3 -4 6 -6 -5
right_child=-2 2 3 4 5 -7 -8
leaf_value=0.00013121441827372113 0.0002264887311905477 -0.00021152632159170028 -0.00024989748992100433 8.105906287210929e-05 1.643523927887154e-06 -0.00021927132130691464 -2.4512778250455079e-05
leaf_weight=37 35 49 27 201 61 62 264
leaf_count=37 35 49 27 201 61 62 264
internal_value=-0.000475543 -0.00124822 -0.00188253 -0.00117886 -0.000595238 -0.0054878 0.000698925
internal_weight=736 701 664 615 588 123 465
internal_count=736 701 664 615 588 123 465
is_linear=0
shrinkage=0.05


Tree=5
num_leaves=8
num_cat=0
split_feature=12 8 10 7 7 10 12
split_gain=2.85752 2.73316 2.14854 1.8992 2.68962 2.23824 2.64067
threshold=-0.026522895581630176 -0.025669881019853565 0.010655378584307098 0.018656360498585437 0.022258074824955124 0.005826349167175727 0.033921048279583095
decision_type=2 8 2 2 2 2 2
left_child=-1 -2 3 5 -5 -3 -7
right_child=1 2 -4 4 -6 6 -8
leaf_value=9.403259591962934e-05 8.018135671918026e-05 -0.00012222325295914335 -0.00031203216690983416 0.00020963912285475452 -3.3619178719363819e-06 0.00026104195561384906 -0.00013064505992743241
leaf_weight=109 108 244 46 26 143 25 28
leaf_count=109 108 244 46 26 143 25 28
internal_value=0.000102881 -0.00120968 -0.00273438 -0.00171674 0.00251479 -0.00412458 0.00518868
internal_weight=729 620 512 466 169 297 53
internal_count=729 620 512 466 169 297 53
is_linear=0
shrinkage=0.05


Tree=6
num_leaves=8
num_cat=0
split_feature=13 15 8 12 14 11 2
split_gain=2.83538 1.96987 2.34918 2.04655 1.91215 1.68382 1.76603
threshold=25.19999980926514 0.010867408837299421 0.044768932453055472 0.024150461568972496 0.078404529959544514 -0.0065232260485101326 -0.014073767483484099
decision_type=2 2 8 2 2 2 2
left_child=1 2 4 -3 5 -1 -7
right_child=-2 3 -4 -5 -6 6 -8
leaf_value=0.00020992610087470422 0.00011196998238924448 0.00031516053736905977 -0.00013821454338623258 -2.1742990222398273e-05 -0.00018442946974426405 -7.2805586506169862e-05 8.1278083646651187e-05
leaf_weight=79 36 53 150 47 50 141 182
leaf_count=79 36 53 150 47 50 141 182
internal_value=0.000203252 -0.000498575 -0.00157807 0.006 0.000221239 0.00136816 -0.000232198
internal_weight=738 702 602 100 452 402 323
internal_count=738 702 602 100 452 402 323
is_linear=0
shrinkage=0.05


Tree=7
num_leaves=8
num_cat=0
split_feature=4 15 11 5 5 12 15
split_gain=2.86238 2.62187 2.6432 2.57797 2.72474 2.44636 1.65994
threshold=0.016074175117226541 -0.016700072954733077 -0.017414661079240442 0.010531683428035577 0.010766179989687773 0.020963092201194859 -0.010209857594986103
decision_type=2 2 2 2 2 2 2
left_child=-1 -2 -3 5 -5 -4 -6
right_child=1 2 3 4 6 -7 -8
leaf_value=-0.00013903833720432611 -0.00021054479536096688 0.00021274595369906343 -1.882028650413823e-05 -0.00027236151707365298 8.675755170176947e-05 0.00024817306208200812 -7.3023412200527104e-06
leaf_weight=115 37 75 26 30 33 41 375
leaf_count=115 37 75 26 30 33 41 375
internal_value=6.8306e-05 0.00141815 0.00224138 0.000940594 -0.000456621 0.0100746 0.000612745
internal_weight=732 617 580 505 438 67 408
internal_count=732 617 580 505 438 67 408
is_linear=0
shrinkage=0.05


Tree=8
num_leaves=8
num_cat=0
split_feature=13 10 14 9 10 15 8
split_gain=3.59014 1.90014 2.16804 2.50092 2.16692 1.96623 2.82066
threshold=25.19999980926514 0.010655378584307098 -0.068623004427642229 0.12152509487273157 0.01436534903475606 0.012326394615741256 0.065083118139602339
decision_type=2 2 2 10 2 2 8
left_child=1 2 -1 5 -3 6 -4
right_child=-2 4 3 -5 -6 -7 -8
leaf_value=0.00023666835424017614 0.00019422686803062343 -0.00033709004548402785 8.2726650858663409e-06 -0.00018691926558899049 1.4970125261290883e-05 0.00024043280508401029 -0.00018513217220465347
leaf_weight=45 39 31 464 69 32 42 39
leaf_count=45 39 31 464 69 32 42 39
internal_value=-3.28515e-05 -0.000831025 -3.79363e-05 -0.000814332 -0.00912698 0.000321101 -0.00054672
internal_weight=761 722 659 614 63 545 503
internal_count=761 722 659 614 63 545 503
is_linear=0
shrinkage=0.05


Tree=9
num_leaves=8
num_cat=0
split_feature=13 15 8 9 10 5 12
split_gain=2.57581 2.1544 1.68433 1.75178 1.72696 2.26352 2.25268
threshold=25.319999694824222 0.010980014964311781 0.044768932453055472 0.11357328191405315 0.010263968374022882 0.0098503341179260861 0.029535426722854145
decision_type=2 2 8 10 2 2 2
left_child=1 2 3 4 5 6 -1
right_child=-2 -3 -4 -5 -6 -7 -8
leaf_value=-0.00025322414982922734 0.00024277024195568824 0.00016891814690194292 -0.00011179787349648838 -0.00028632276889396167 -0.00020162474956182081 7.0957137708482779e-05 3.121469176014115e-05
leaf_weight=28 34 91 156 28 39 326 32
leaf_count=28 34 91 156 28 39 326 32
internal_value=-0.00020436 -0.000857143 -0.00192939 -0.000386313 0.000411765 0.00142487 -0.0075
internal_weight=734 700 609 453 425 386 60
internal_count=734 700 609 453 425 386 60
is_linear=0
shrinkage=0.05


Tree=10
num_leaves=8
num_cat=0
split_feature=5 12 11 4 16 0 3
split_gain=1.68992 2.13041 1.67762 2.91791 1.51143 1.51092 1.37692
threshold=0.0099509259622912166 0.01609265809314964 0.0072247197872850064 0.017514154765835704 0.004858529623788522 -0.00041926595961100371 -0.004561942393679407
decision_type=2 2 2 2 2 2 2
left_child=1 -1 6 4 -4 -3 -2
right_child=2 5 3 -5 -6 -7 -8
leaf_value=-0.00050578036445853903 -0.00010802346989729339 8.8083556608899817e-05 0.00030316379016317589 -7.6717133327247169e-05 9.3617124068151201e-05 -5.0940410343321879e-05 9.4081382948756469e-05
leaf_weight=27 62 39 25 202 45 46 297
leaf_count=27 62 39 25 202 45 46 297
internal_value=0.000302826 -0.00535714 0.00130745 -0.00165441 0.00714286 -0.00147059 0.00355153
internal_weight=743 112 631 272 70 85 359
internal_count=743 112 631 272 70 85 359
is_linear=0
shrinkage=0.05


Tree=11
num_leaves=8
num_cat=0
split_feature=4 8 5 4 5 6 7
split_gain=2.15587 1.91764 1.6715 1.66162 1.65849 2.80326 1.49864
threshold=0.015181470911688576 0.058096963321074953 0.015353413111215597 0.020204100650756524 0.013017849120189389 0.1122404519667075 -0.039572955502975175
decision_type=2 8 2 2 2 2 2
left_child=-1 2 4 -3 6 -6 -2
right_child=1 3 -4 -5 5 -7 -8
leaf_value=-0.00017487768631070191 9.5235277721871222e-05 -0.00025312867146041009 -0.00014830573078954978 5.4570417364597545e-06 0.00037636574142886457 -0.00018814280226145104 1.3538501001549671e-05
leaf_weight=52 26 52 64 67 53 31 397
leaf_count=52 26 52 64 67 53 31 397
internal_value=0.000202156 0.000942029 0.00214536 -0.00483193 0.00310651 0.00952381 0.00183215
internal_weight=742 690 571 119 507 84 423
internal_count=742 690 571 119 507 84 423
is_linear=0
shrinkage=0.05


Tree=12
num_leaves=8
num_cat=0
split_feature=13 15 16 8 13 12 13
split_gain=3.38478 2.30428 1.80951 1.69496 2.15715 1.94304 1.86976
threshold=14.22499990463257 0.013989137692109523 -0.036911826269656549 -0.063608204146184941 24.19999980926514 0.059653246453553084 21.134999275207523
decision_type=2 2 2 10 2 2 2
left_child=-1 2 -2 -4 5 6 -5
right_child=1 -3 3 4 -6 -7 -8
leaf_value=-9.8257875028014447e-05 0.00022214100548553141 0.00032375792680600345 -0.00022721125232958665 4.2486345046342429e-05 0.00018510130907093306 -0.00016745529491014863 -0.00021409532843251106
leaf_weight=159 27 37 48 357 32 30 33
leaf_count=159 27 37 48 357 32 30 33
internal_value=0.000311203 0.00212766 0.00128083 0.0006 0.00154867 0.000595238 0.00153846
internal_weight=723 564 527 500 452 420 390
internal_count=723 564 527 500 452 420 390
is_linear=0
shrinkage=0.05


Tree=13
num_leaves=8
num_cat=0
split_feature=8 2 2 6 12 13 6
split_gain=1.51174 1.98473 1.9332 2.45504 2.75856 1.81248 1.71339
threshold=-0.026224900518497015 -0.080090300955840341 -0.010825678308366114 0.14433362848037382 0.0037862010061723299 17.605000495910648 -0.60183088412168884
decision_type=8 2 2 2 2 2 2
left_child=1 -1 -2 4 -4 6 -6
right_child=2 -3 3 -5 5 -7 -8
leaf_value=-0.00016455359550743732 -0.00010345534442247228 6.9997851115542682e-05 0.00019271095051840597 -9.7351070186409388e-05 0.00017104121029682613 -0.00013075863085380197 -1.6590775424795299e-05
leaf_weight=31 128 137 76 147 68 55 94
leaf_count=31 128 137 76 147 68 55 94
internal_value=0 0.00416667 -0.00123239 0.000340909 0.00298635 0.000115207 0.00277778
internal_weight=736 168 568 440 293 217 162
internal_count=736 168 568 440 293 217 162
is_linear=0
shrinkage=0.05


Tree=14
num_leaves=8
num_cat=0
split_feature=15 15 5 14 8 5 12
split_gain=2.05624 2.71677 2.44032 2.27685 2.05338 3.10346 1.49407
threshold=0.011479316665990448 -0.002767096596584417 0.0099509259622912166 -0.05212825080923577 0.06188271533508239 0.015607559982777861 0.024150461568972496
decision_type=2 2 2 2 8 2 2
left_child=1 3 -3 -1 5 -4 -2
right_child=6 2 4 -5 -6 -7 -8
leaf_value=0.00033416359880060882 0.00035871353042252251 -0.00034322713551935966 1.1359704478135952e-05 5.5252066567604726e-06 -0.00022647318122753814 -0.00020317359836427432 -3.1167926641805739e-06
leaf_weight=28 46 51 253 231 44 29 42
leaf_count=28 46 51 253 231 44 29 42
internal_value=-0.000345304 -0.00133648 -0.00404509 0.00260618 -0.00245399 -0.000886525 0.00681818
internal_weight=724 636 377 259 326 282 88
internal_count=724 636 377 259 326 282 88
is_linear=0
shrinkage=0.05


Tree=15
num_leaves=8
num_cat=0
split_feature=15 13 3 11 14 11 1
split_gain=1.84191 1.47101 1.61798 2.05225 1.99964 1.95625 1.73619
threshold=0.012326394615741256 25.505000114440922 0.0025832129202112424 0.0112108911500457 0.099742575354610077 0.020124579922904288 0.023887218593049545
decision_type=2 2 2 2 2 2 2
left_child=1 2 3 4 6 -5 -1
right_child=-2 -3 -4 5 -6 -7 -8
leaf_value=8.3515119261886868e-05 0.00017235249574971739 0.00010235959500538668 -8.9875605259488216e-05 -7.7461374121125161e-05 -0.00015713754276470176 6.0124114323016178e-05 -0.00011835833991972599
leaf_weight=217 73 28 180 85 31 72 40
leaf_count=217 73 28 180 85 31 72 40
internal_value=0.000344353 -0.000497703 -0.001 0.000617978 0.003125 -0.00398089 0.00457198
internal_weight=726 653 625 445 288 157 257
internal_count=726 653 625 445 288 157 257
is_linear=0
shrinkage=0.05


Tree=16
num_leaves=8
num_cat=0
split_feature=10 10 2 2 8 2 6
split_gain=1.72155 1.95921 1.79511 1.5836 2.0551 1.89211 2.59929
threshold=0.010655378584307098 0.01542612816856115 -0.046574264077563259 -0.036071068101274466 -0.02693925467666863 -0.014073767483484099 0.098852986755597533
decision_type=2 2 2 2 8 2 2
left_child=2 -2 -1 -4 -5 -6 -7
right_child=1 -3 3 4 5 6 -8
leaf_value=0.00012319774287080295 -0.00029977743627972246 5.2620062161928831e-05 -0.00010717704450797586 9.8743513000120627e-05 -0.00010266563803107496 7.8850423973196075e-05 -9.6946055725756993e-05
leaf_weight=98 39 27 42 53 66 274 147
leaf_count=98 39 27 42 53 66 274 147
internal_value=0.000134048 -0.00757576 0.000882353 -0.000171821 0.000555556 -0.000462012 0.000771971
internal_weight=746 66 680 582 540 487 421
internal_count=746 66 680 582 540 487 421
is_linear=0
shrinkage=0.05


Tree=17
num_leaves=8
num_cat=0
split_feature=4 15 6 15 6 4 12
split_gain=1.62406 2.11174 2.44488 1.58684 1.53222 1.57701 1.5
threshold=0.016333050802136605 0.010867408837299421 0.091530953164062276 -0.016700072954733077 -0.29715683734969439 0.015181470911688576 0.01609265809314964
decision_type=2 2 2 2 2 2 2
left_child=4 3 -3 -2 5 -1 -6
right_child=1 2 -4 -5 6 -7 -8
leaf_value=-0.00019819680084238314 -0.00020150395057370467 0.00024240093963458906 -1.8014320988277835e-05 -2.5208585751176385e-06 -0.00057262447965441101 0.00017335735011216996 -4.3087769905644415e-05
leaf_weight=27 34 48 34 473 25 43 50
leaf_count=27 34 48 34 473 25 43 50
internal_value=-0.00129428 -0.000127334 0.00731707 -0.00133136 -0.00603448 -0.000714286 -0.011
internal_weight=734 589 82 507 145 70 75
internal_count=734 589 82 507 145 70 75
is_linear=0
shrinkage=0.05


Tree=18
num_leaves=8
num_cat=0
split_feature=13 10 10 0 0 13 3
split_gain=1.77346 2.19287 1.71429 1.41603 1.40227 1.47316 2.38893
threshold=14.22499990463257 0.00074647751592549227 -0.0028726009264858905 -0.0010372683843019035 0.020549726071440681 17.164999961853031 0.0040432788966762176
decision_type=2 2 2 2 2 2 2
left_child=1 2 -1 -3 5 6 -2
right_child=4 3 -4 -5 -6 -7 -8
leaf_value=-1.5528616676567844e-05 7.5892514690460876e-05 0.00010244235331109877 -0.00016994069388478504 -8.3919666895822983e-05 0.00019335852934094426 -9.1578567958336635e-06 -0.00017545269793934592
leaf_weight=27 209 39 36 65 27 296 43
leaf_count=27 209 39 36 65 27 296 43
internal_value=-0.000404313 -0.00494012 -0.0123016 -0.000480769 0.000913043 0.000364964 0.0031746
internal_weight=742 167 63 104 575 548 252
internal_count=742 167 63 104 575 548 252
is_linear=0
shrinkage=0.05


Tree=19
num_leaves=8
num_cat=0
split_feature=5 12 13 10 12 3 9
split_gain=1.69605 1.63279 2.34859 1.501 2.09648 1.51338 1.7652
threshold=0.0099509259622912166 0.01609265809314964 13.744999885559084 0.010655378584307098 0.0062346359643689073 -0.0066235212662822942 0.11552727977999257
decision_type=2 2 2 2 2 2 10
left_child=1 -1 -3 5 -5 -2 -7
right_child=3 2 -4 4 -6 6 -8
leaf_value=-0.00047363757073617626 -8.7587230514167433e-05 -0.0001520942963909918 9.9985371197597385e-05 3.596425108215297e-05 -0.00024867871301648045 6.7613181993495948e-05 -0.000104151548111527
leaf_weight=28 53 37 46 32 34 437 73
leaf_count=28 53 37 46 32 34 437 73
internal_value=6.75676e-05 -0.00563063 -0.00210843 0.00107313 -0.00606061 0.00190941 0.0027451
internal_weight=740 111 83 629 66 563 510
internal_count=740 111 83 629 66 563 510
is_linear=0
shrinkage=0.05


Tree=20
num_leaves=8
num_cat=0
split_feature=0 11 3 10 14 5 3
split_gain=1.98288 1.88594 2.00983 1.69642 2.58006 1.62072 1.60839
threshold=0.020549726071440681 -0.0071962553700703471 0.0029012617515310484 0.010824112764753148 -0.068623004427642229 0.014482909934711715 0.0051181772402679746
decision_type=2 2 2 2 2 2 2
left_child=1 2 5 4 -3 -1 -4
right_child=-2 3 6 -5 -6 -7 -8
leaf_value=0.00015440387471216897 0.00016239761133586973 0.00022106255115214666 -0.0001697874186306668 -0.00017720555958599337 -3.293882326003261e-05 -0.00015094079548204304 0.00011753883382899665
leaf_weight=83 36 34 28 45 458 29 31
leaf_count=83 36 34 28 45 458 29 31
internal_value=-0.000336022 -0.000918079 0.00365497 -0.0023743 -0.00152439 0.00758929 -0.00381356
internal_weight=744 708 171 537 492 112 59
internal_count=744 708 171 537 492 112 59
is_linear=0
shrinkage=0.05


Tree=21
num_leaves=8
num_cat=0
split_feature=10 16 14 14 15 8 15
split_gain=1.84951 1.47227 1.41229 1.11685 1.68993 1.7937 1.98789
threshold=0.010824112764753148 0.007214071527596567 -0.068623004427642229 -0.01759756320211869 0.0070785633680677815 0.011240229972629081 0.0048074565953946111
decision_type=2 2 2 2 2 8 2
left_child=2 -2 -1 -4 5 -5 -7
right_child=1 -3 3 4 -6 6 -8
leaf_value=0.00015814413501714268 -0.00020915602261365325 -4.1243845106625142e-06 -7.5360576449218122e-05 4.8617288587173437e-05 0.00014347371349034618 -8.0647842832243825e-06 -0.00027021585556811757
leaf_weight=51 33 26 176 172 85 162 25
leaf_count=51 33 26 176 172 85 162 25
internal_value=-0.000410959 -0.00889831 0.00033532 -0.000322581 0.00101351 -0.000487465 -0.00387701
internal_weight=730 59 671 620 444 359 187
internal_count=730 59 671 620 444 359 187
is_linear=0
shrinkage=0.05


Tree=22
num_leaves=8
num_cat=0
split_feature=15 12 8 7 2 7 13
split_gain=1.66789 1.991 1.59188 1.58863 1.45186 3.02414 1.81791
threshold=0.011132274126033128 0.024150461568972496 0.060770468172703936 0.046301607552886377 -0.015734741708668228 -0.0024734450269462411 13.34500026702881
decision_type=2 2 8 2 2 2 2
left_child=2 -2 4 -4 5 -1 -6
right_child=1 -3 3 -5 6 -7 -8
leaf_value=-5.9479010969221927e-06 0.00030349296054450194 -1.377584268995892e-05 -0.00015533009367648762 2.5775137110971316e-05 -0.00012409748035408747 -0.00028330572630128336 5.7841279473105103e-05
leaf_weight=179 53 43 60 29 45 29 303
leaf_count=179 53 43 60 29 45 29 303
internal_value=0.000101215 0.00625 -0.000813953 -0.00702247 0.000179856 -0.003125 0.00215517
internal_weight=741 96 645 89 556 208 348
internal_count=741 96 645 89 556 208 348
is_linear=0
shrinkage=0.05


Tree=23
num_leaves=8
num_cat=0
split_feature=2 10 4 14 15 12 9
split_gain=1.65332 1.59202 1.89573 1.48367 1.0635 1.76787 1.64089
threshold=-0.080090300955840341 -0.013932241848525038 0.015181470911688576 0.072802606011034846 0.011479316665990448 0.024150461568972496 0.12152509487273157
decision_type=2 2 2 2 2 2 8
left_child=-1 -2 -3 4 6 -6 -4
right_child=1 2 3 -5 5 -7 -8
leaf_value=-0.00018602626718321313 0.00011816764314527932 -0.00013716118425762173 2.9206341581996058e-05 -8.7644536419527249e-05 0.00040132483284724169 -9.2777958653803966e-06 -6.2976072511102186e-05
leaf_weight=30 35 49 339 54 35 37 164
leaf_count=30 35 49 339 54 35 37 164
internal_value=-0.000168237 0.000315568 -0.000221239 0.000516693 0.00126087 0.00694444 0.000447316
internal_weight=743 713 678 629 575 72 503
internal_count=743 713 678 629 575 72 503
is_linear=0
shrinkage=0.05


Tree=24
num_leaves=8
num_cat=0
split_feature=11 3 3 5 4 0 15
split_gain=2.22341 1.3213 1.21761 1.19828 1.50678 1.18066 1.28121
threshold=-0.0071962553700703471 0.0029012617515310484 0.0051181772402679746 0.014325065403561859 0.017753783456622974 0.020549726071440681 0.0044911306313701891
decision_type=2 2 2 2 2 2 2
left_child=1 3 -3 4 -1 6 -2
right_child=5 2 -4 -5 -6 -7 -8
leaf_value=6.6166819303972991e-06 -3.6586874956836715e-07 -0.00010201587832818109 0.00010013582541027449 0.00011332958530423342 0.00021407276161415848 0.00019182997634886354 -0.00011086949315159317
leaf_weight=31 367 30 29 34 52 25 164
leaf_count=31 367 30 29 34 52 25 164
internal_value=-6.8306e-05 0.00482955 -0.00127119 0.00790598 0.0111446 -0.00161871 -0.00211864
internal_weight=732 176 59 117 83 556 531
internal_count=732 176 59 117 83 556 531
is_linear=0
shrinkage=0.05


Tree=25
num_leaves=8
num_cat=0
split_feature=7 7 6 10 15 16 9
split_gain=1.66292 2.47608 2.24704 1.82491 1.79872 1.92067 1.54025
threshold=0.018656360498585437 0.022258074824955124 0.13595436718301129 0.010655378584307098 0.0086441783419766178 0.013355357573953676 0.051169633559465695
decision_type=2 2 2 2 2 2 10
left_child=3 -2 4 -1 5 -3 -4
right_child=1 2 6 -5 -6 -7 -8
leaf_value=-3.2704314145317121e-06 9.5129034139760778e-05 0.00018038945088065726 -0.00022562712812940222 -0.00019946691500785489 0.00029767470079246035 -5.331397925033184e-05 1.5791976058873552e-05
leaf_weight=493 31 38 29 46 32 55 28
leaf_count=493 31 38 29 46 32 55 28
internal_value=0.000132979 0.00387324 0.00164835 -0.00134508 0.0054 0.00188172 -0.00657895
internal_weight=752 213 182 539 125 93 57
internal_count=752 213 182 539 125 93 57
is_linear=0
shrinkage=0.05


Tree=26
num_leaves=8
num_cat=0
split_feature=4 9 11 14 3 3 3
split_gain=1.35007 1.62 1.3134 2.86489 1.37561 1.63965 1.28313
threshold=0.015181470911688576 0.081693292464537506 -0.012158378577427352 0.076607678117126224 0.0051181772402679746 0.00067535751643599273 0.0024009692249701291
decision_type=2 10 2 2 2 2 2
left_child=1 -1 4 6 5 -2 -4
right_child=2 -3 3 -5 -6 -7 -8
leaf_value=-0.00021171444095000906 0.00012248602007390507 6.0679750852825995e-07 2.792783951110126e-05 -9.8525645095064358e-05 0.00022481971186471712 -6.9249640551815705e-05 -4.9496653440183671e-05
leaf_weight=25 64 25 339 42 29 35 177
leaf_count=25 64 25 339 42 29 35 177
internal_value=-6.79348e-05 -0.008 0.000510204 -0.000537634 0.00507813 0.00227273 0.000484496
internal_weight=736 50 686 558 128 99 516
internal_count=736 50 686 558 128 99 516
is_linear=0
shrinkage=0.05


Tree=27
num_leaves=8
num_cat=0
split_feature=13 13 3 14 12 10 6
split_gain=1.43413 1.77215 2.5602 2.1463 1.72295 2.24866 2.00531
threshold=14.920000076293947 17.304999351501468 0.0039351797671943753 -0.048915299030690522 0.033234518551448107 -0.0028726009264858905 -0.53556445657933904
decision_type=2 2 2 2 2 2 2
left_child=4 2 3 -2 5 -1 -6
right_child=1 -3 -4 -5 6 -7 -8
leaf_value=2.5467486539957539e-05 0.00026724030506962329 -1.0645108214332864e-05 -0.00014585034927004574 8.5064576513203629e-05 0.00013819268957098496 -0.00014407549781138783 -4.3407984984573471e-05
leaf_weight=25 32 307 37 146 48 85 61
leaf_count=25 32 307 37 146 48 85 61
internal_value=-0.00037112 0.00105364 0.00453488 0.00702247 -0.00376712 -0.00818182 0.000688073
internal_weight=741 522 215 178 219 110 109
internal_count=741 522 215 178 219 110 109
is_linear=0
shrinkage=0.05


Tree=28
num_leaves=8
num_cat=0
split_feature=3 10 10 16 7 14 7
split_gain=1.72205 1.15151 2.3802 1.4302 2.44298 2.19689 1.77302
threshold=-0.0084871893590403574 0.010655378584307098 0.01436534903475606 0.0078376163445099695 0.016837776626036919 0.076607678117126224 -0.0011794384895407182
decision_type=2 2 2 2 2 2 2
left_child=-1 3 -3 4 5 6 -2
right_child=1 2 -4 -5 -6 -7 -8
leaf_value=-0.00012834085672415576 0.00011348001274488131 -0.00023853169874208497 2.8695239319982897e-05 -1.0872094533150187e-05 0.00019478758385035847 -8.8139801026222665e-05 -6.415598607893156e-05
leaf_weight=39 194 33 34 274 44 49 81
leaf_count=39 194 33 34 274 44 49 81
internal_value=-0.000668449 -0.000105783 -0.00634328 0.000545171 0.00258152 0.00108025 0.00281818
internal_weight=748 709 67 642 368 324 275
internal_count=748 709 67 642 368 324 275
is_linear=0
shrinkage=0.05


Tree=29
num_leaves=8
num_cat=0
split_feature=0 13 13 8 2 2 13
split_gain=1.09365 1.07419 0.976395 2.0148 2.20151 1.63145 1.58594
threshold=-0.023983131490666661 25.505000114440922 17.445000648498539 -0.02693925467666863 -0.014073767483484099 0.0012421179801960227 16.510000228881839
decision_type=2 2 2 10 2 2 2
left_child=-1 2 3 -2 -5 -6 -7
right_child=1 -3 -4 4 5 6 -8
leaf_value=-0.00018934069505882882 8.2523058236538241e-05 0.00027068129214994914 -4.170506592094187e-05 -0.00014036774166238187 0.00027075600471261976 -1.5828671645893543e-05 0.00019921230545097879
leaf_weight=25 79 26 246 78 36 195 40
leaf_count=25 79 26 246 78 36 195 40
internal_value=-0.000724138 -0.000357143 -0.00074184 0.000700935 -0.000931232 0.00119926 -0.000319149
internal_weight=725 700 674 428 349 271 235
internal_count=725 700 674 428 349 271 235
is_linear=0
shrinkage=0.05


Tree=30
num_leaves=8
num_cat=0
split_feature=3 5 15 15 13 5 0
split_gain=1.46552 1.74767 1.45809 1.98577 1.54129 2.87942 1.92553
threshold=0.0028602528388761432 0.012756656809407513 0.010867408837299421 0.0046948212075681459 17.164999961853031 0.0097916240102885275 -0.0046164202773604215
decision_type=2 2 2 2 2 2 2
left_child=2 -2 3 4 5 -1 -7
right_child=1 -3 -4 -5 -6 6 -8
leaf_value=-0.0001386079520496734 -0.00010635008894024686 1.1893846340617629e-05 0.00026276366040367858 -9.1866328118637584e-05 -1.1317989314777632e-05 6.3986196815855155e-06 0.000120457687473807
leaf_weight=36 158 68 43 89 164 75 107
leaf_count=36 158 68 43 89 164 75 107
internal_value=-0.000405405 -0.00376106 0.00107004 0.000265393 0.00183246 0.00458716 0.00714286
internal_weight=740 226 514 471 382 218 182
internal_count=740 226 514 471 382 218 182
is_linear=0
shrinkage=0.05


Tree=31
num_leaves=8
num_cat=0
split_feature=10 12 16 10 10 8 14
split_gain=1.44618 2.81217 1.20216 2.2832 1.63953 1.99189 2.20559
threshold=0.010263968374022882 0.025155853289738354 -1.0000000180025095e-35 -0.0053735252204459285 -0.0021924638285548688 0.025331390297993365 -0.0070547548707520216
decision_type=2 2 2 2 2 10 2
left_child=2 -2 4 -4 -1 6 -6
right_child=1 -3 3 -5 5 -7 -8
leaf_value=-1.4503508095020874e-05 1.8726993760872227e-05 -0.00025824985957355193 5.2517165343303345e-05 -6.0347710364825085e-05 0.00010392979093178908 -7.007975875807951e-05 0.00034603961872744712
leaf_weight=126 44 25 65 295 81 48 43
leaf_count=126 44 25 65 295 81 48 43
internal_value=-0.000722146 -0.0076087 0 -0.00194444 0.00234899 0.00552326 0.00887097
internal_weight=727 69 658 360 298 172 124
internal_count=727 69 658 360 298 172 124
is_linear=0
shrinkage=0.05


Tree=32
num_leaves=8
num_cat=0
split_feature=8 7 8 7 16 4 8
split_gain=0.994806 1.09584 1.9166 1.83986 1.28063 1.57591 1.3377
threshold=0.10010819121316729 0.018656360498585437 0.034396351092424345 0.022258074824955124 0.029132384212255506 0.02016585875123109 0.043504517420177476
decision_type=8 2 10 2 2 2 10
left_child=1 2 -1 -3 5 6 -5
right_child=-2 3 -4 4 -6 -7 -8
leaf_value=5.5046967422180994e-07 -0.00010080184070573672 0.0001772925707684425 -0.00012573710653538585 2.8206229483147265e-05 -0.0001029398069161412 0.00013994409442989148 -9.0162861535668024e-05
leaf_weight=425 29 32 81 37 41 51 44
leaf_count=425 29 32 81 37 41 51 44
internal_value=-0.000405405 -3.51617e-05 -0.00128458 0.00304878 0.00101156 0.00340909 -0.000925926
internal_weight=740 711 506 205 173 132 81
internal_count=740 711 506 205 173 132 81
is_linear=0
shrinkage=0.05


Tree=33
num_leaves=8
num_cat=0
split_feature=3 16 13 13 15 14 3
split_gain=1.26777 1.41529 1.54937 1.59856 2.49414 1.71674 1.42214
threshold=0.0012610438524399694 -0.024376391046374509 16.819999694824222 20.154999732971195 -0.0034801773802964893 -0.01909405816599757 -0.0018987402488663261
decision_type=2 2 2 2 2 2 2
left_child=1 -1 6 4 -4 -6 -3
right_child=-2 2 3 -5 5 -7 -8
leaf_value=-1.952714884012911e-05 -1.9152493092861165e-05 1.2829778230058443e-05 0.00010983556492802453 0.00013750125016353856 -9.842332612219002e-06 -0.00030483668239662803 0.00025262271904879732
leaf_weight=57 323 101 40 66 25 36 92
leaf_count=57 323 101 40 66 25 36 92
internal_value=-0.000202703 0.00161871 0.00277778 -0.000748503 -0.00470297 -0.0110656 0.00582902
internal_weight=740 417 360 167 101 61 193
internal_count=740 417 360 167 101 61 193
is_linear=0
shrinkage=0.05


Tree=34
num_leaves=8
num_cat=0
split_feature=3 9 15 11 5 12 15
split_gain=1.18385 1.98363 1.67803 1.60201 1.5487 1.22905 1.541
threshold=-0.0043385769624585393 0.11357328191405315 0.0091700892346026092 0.0015109510563884323 0.011736677850639725 0.065716784169568623 -0.0081016909369232542
decision_type=2 8 2 2 2 2 2
left_child=-1 5 3 4 -3 6 -2
right_child=1 2 -4 -5 -6 -7 -8
leaf_value=-7.3326640639306289e-05 0.00032112360989593013 -3.7113174106319533e-05 0.00015608361034196491 -0.00013484410428176729 0.00021271161621376811 -7.154133043343212e-05 1.6746186306396463e-05
leaf_weight=126 48 57 41 92 30 31 313
leaf_count=126 48 57 41 92 30 31 313
internal_value=-0.000745257 0.000163399 -0.00363636 -0.00572626 -0.000862069 0.00229592 0.00311634
internal_weight=738 612 220 179 87 392 361
internal_count=738 612 220 179 87 392 361
is_linear=0
shrinkage=0.05


end of trees

feature_importances:
vix_level=25
sector_ret_1d=23
dist_ma50=22
spy_ret_20d=21
spy_ret_1d=20
overnight_gap=18
parkinson_20=15
vix_chg_1d=15
ret_20d=14
dist_ma20=13
atr_pct=12
dvol_z_20=11
spy_ret_5d=9
sector_ret_5d=9
dist_ma200=8
ret_1d=7
ret_5d=3

parameters:
[boosting: gbdt]
[objective: quantile]
[metric: quantile]
[tree_learner: serial]
[device_type: cpu]
[data_sample_strategy: bagging]
[data: ]
[valid: ]
[num_iterations: 80]
[learning_rate: 0.05]
[num_leaves: 8]
[num_threads: 1]
[seed: 0]
[deterministic: 0]
[force_col_wise: 1]
[force_row_wise: 0]
[histogram_pool_size: -1]
[max_depth: -1]
[min_data_in_leaf: 25]
[min_sum_hessian_in_leaf: 0.001]
[bagging_fraction: 0.9]
[pos_bagging_fraction: 1]
[neg_bagging_fraction: 1]
[bagging_freq: 1]
[bagging_seed: 3]
[bagging_by_query: 0]
[feature_fraction: 0.9]
[feature_fraction_bynode: 1]
[feature_fraction_seed: 2]
[extra_trees: 0]
[extra_seed: 6]
[early_stopping_round: 0]
[early_stopping_min_delta: 0]
[first_metric_only: 0]
[max_delta_step: 0]
[lambda_l1: 0]
[lambda_l2: 0]
[linear_lambda: 0]
[min_gain_to_split: 0]
[drop_rate: 0.1]
[max_drop: 50]
[skip_drop: 0.5]
[xgboost_dart_mode: 0]
[uniform_drop: 0]
[drop_seed: 4]
[top_rate: 0.2]
[other_rate: 0.1]
[min_data_per_group: 100]
[max_cat_threshold: 32]
[cat_l2: 10]
[cat_smooth: 10]
[max_cat_to_onehot: 4]
[top_k: 20]
[monotone_constraints: ]
[monotone_constraints_method: basic]
[monotone_penalty: 0]
[feature_contri: ]
[forcedsplits_filename: ]
[refit_decay_rate: 0.9]
[cegb_tradeoff: 1]
[cegb_penalty_split: 0]
[cegb_penalty_feature_lazy: ]
[cegb_penalty_feature_coupled: ]
[path_smooth: 0]
[interaction_constraints: ]
[verbosity: -1]
[saved_feature_importance_type: 0]
[use_quantized_grad: 0]
[num_grad_quant_bins: 4]
[quant_train_renew_leaf: 0]
[stochastic_rounding: 1]
[linear_tree: 0]
[max_bin: 255]
[max_bin_by_feature: ]
[min_data_in_bin: 3]
[bin_construct_sample_cnt: 200000]
[data_random_seed: 1]
[is_enable_sparse: 1]
[enable_bundle: 1]
[use_missing: 1]
[zero_as_missing: 0]
[feature_pre_filter: 1]
[pre_partition: 0]
[two_round: 0]
[header: 0]
[label_column: ]
[weight_column: ]
[group_column: ]
[ignore_column: ]
[categorical_feature: ]
[forcedbins_filename: ]
[precise_float_parser: 0]
[parser_config_file: ]
[objective_seed: 5]
[num_class: 1]
[is_unbalance: 0]
[scale_pos_weight: 1]
[sigmoid: 1]
[boost_from_average: 1]
[reg_sqrt: 0]
[alpha: 0.5]
[fair_c: 1]
[poisson_max_delta_step: 0.7]
[tweedie_variance_power: 1.5]
[lambdarank_truncation_level: 30]
[lambdarank_norm: 1]
[label_gain: ]
[lambdarank_position_bias_regularization: 0]
[eval_at: ]
[multi_error_top_k: 1]
[auc_mu_weights: ]
[num_machines: 1]
[local_listen_port: 12400]
[time_out: 120]
[machine_list_filename: ]
[machines: ]
[gpu_platform_id: -1]
[gpu_device_id: -1]
[gpu_device_id_list: ]
[gpu_use_dp: 0]
[num_gpu: 1]

end of parameters

pandas_categorical:[]
