tree
version=v4
num_class=1
num_tree_per_iteration=1
label_index=0
max_feature_idx=16
objective=quantile
feature_names=ret_1d ret_5d ret_20d overnight_gap atr_pct parkinson_20 dvol_z_20 dist_ma20 dist_ma50 dist_ma200 spy_ret_1d spy_ret_5d spy_ret_20d vix_level vix_chg_1d sector_ret_1d sector_ret_5d
feature_infos=[-0.11491616666058557:0.13439140926775472] [-0.13999968946081776:0.13642705624465767] [-0.18514378815478538:0.24117023254340819] [-0.084056721611053375:0.092702458079268357] [0.012111524269513143:0.073455013460655041] [0.0078519876490113789:0.038937196925820337] [-2.092223616140521:4.0506348737998499] [-0.15381805719647645:0.12116168031005592] [-0.20267034420823016:0.14469172718663947] [-0.16804162359337249:0.2999888466152254] [-0.058542971330535654:0.10501930183911301] [-0.11496151859245618:0.082843162776128354] [-0.1226559005192206:0.15756591020035837] [11.859999656677246:52.330001831054688] [-0.35753873962348437:0.74039073966007019] [-0.062852571542473257:0.088816390052506744] [-0.11675896877857916:0.085294626879873769]
tree_sizes=837 856 860 855 859 859 875 862 860 867 874

Tree=0
num_leaves=8
num_cat=0
split_feature=8 1 4 6 8 3 6
split_gain=1.54507 0.8377 0.862181 0.777446 0.553212 0.685549 0.750944
threshold=0.015210341966206299 0.037301587157527412 0.023387359099574689 1.4159249088194286 -0.05198581442415267 -0.0014815579098339524 -0.48704661416006229
decision_type=10 2 2 2 8 2 2
left_child=3 -2 -3 4 -1 6 -6
right_child=1 2 -4 -5 5 -7 -8
leaf_value=-0.017050104323871336 -0.016952056158139533 -0.017416109046093926 -0.016906337673108472 -0.018311549292624778 -0.017147418678155345 -0.017207678207576009 -0.018257631789683034
leaf_weight=62 365 46 45 39 33 111 40
leaf_count=62 365 46 45 39 33 111 40
internal_value=-0.0168474 -0.0150424 -0.0193344 -0.0197354 -0.0186956 -0.0200719 -0.0238353
internal_weight=741 456 91 285 246 184 73
internal_count=741 456 91 285 246 184 73
is_linear=0
shrinkage=1


Tree=1
num_leaves=8
num_cat=0
split_feature=5 5 9 13 13 11 1
split_gain=1.26703 0.888378 1.60767 2.17331 0.899558 0.739744 0.616896
threshold=0.013117247659341634 0.014377187540105594 0.12175178063898863 17.195000648498539 16.355000495910648 0.018027346802980907 0.0025740183434670443
decision_type=2 2 8 2 2 2 2
left_child=5 2 -2 -4 -3 -1 -6
right_child=1 4 3 -5 6 -7 -8
leaf_value=0.00023538898381358626 0.00031670844324976325 0.00040283905478610463 -0.00087452662385921042 -5.1866671739653615e-05 -0.00058669352420544045 -0.0002090025894344691 5.5338797733414419e-05
leaf_weight=316 29 57 29 30 108 55 104
leaf_count=316 29 57 29 30 108 55 104
internal_value=0.000123627 -0.0020028 -0.00636364 -0.0111017 -0.000576208 0.00216981 -0.00207547
internal_weight=728 357 88 59 269 371 212
internal_count=728 357 88 59 269 371 212
is_linear=0
shrinkage=0.05


Tree=2
num_leaves=8
num_cat=0
split_feature=12 3 3 6 14 16 6
split_gain=1.24783 0.952915 1.09265 0.84885 0.490171 0.851583 0.456054
threshold=-0.029032351633034689 -0.0047044482911295918 -0.0095813617699606595 0.62223727651259686 -0.002881845028274765 0.00097369828859239515 -0.61358323083747857
decision_type=2 2 2 2 2 2 2
left_child=3 2 -2 -1 -4 -6 -3
right_child=1 6 4 -5 5 -7 -8
leaf_value=-0.00023318565391012024 0.00041379138989258534 0.00034346144680802893 0.0001377207662125879 -0.0011760095778759647 -0.00027174856086338155 -0.00039468127302284519 5.1518702391084982e-05
leaf_weight=69 40 148 26 25 26 27 380
leaf_count=69 40 148 26 25 26 27 380
internal_value=0.000276653 0.00105873 -0.00298319 -0.00510638 -0.0063924 -0.00915094 0.0019697
internal_weight=741 647 119 94 79 53 528
internal_count=741 647 119 94 79 53 528
is_linear=0
shrinkage=0.05


Tree=3
num_leaves=8
num_cat=0
split_feature=8 1 1 4 13 9 10
split_gain=1.12719 0.550191 1.33199 1.39942 1.04836 0.913303 0.66932
threshold=0.017792920925134074 -0.021690226333193671 0.0030697514689851384 0.025356012004598551 22.930000305175785 0.12491414514845957 0.0055888107341444124
decision_type=10 2 2 2 2 8 2
left_child=1 4 3 5 -1 -3 -4
right_child=-2 2 6 -5 -6 -7 -8
leaf_value=0.00032511159862846001 0.00016095797079944185 0.00036748641284410752 -0.00020209678207245825 -0.0010177979137105757 -0.0011866499559606163 -0.00080955411999661983 0.00057861507081842175
leaf_weight=73 440 25 68 26 36 26 41
leaf_count=73 440 25 68 26 36 26 41
internal_value=0.000442177 -0.00194915 -0.00360215 -0.00863636 0.00087156 -0.00382353 -4.58714e-05
internal_weight=735 295 186 77 109 51 109
internal_count=735 295 186 77 109 51 109
is_linear=0
shrinkage=0.05


Tree=4
num_leaves=8
num_cat=0
split_feature=8 8 6 1 4 14 8
split_gain=0.946528 1.08752 1.02716 0.772613 0.903852 0.573048 0.37497
threshold=0.017792920925134074 -0.005670047072360628 -0.19603233288475952 0.037301587157527412 0.020704369966673391 -0.081825770158787711 -0.05198581442415267
decision_type=10 10 2 2 2 2 8
left_child=1 5 -3 -2 -5 -1 -7
right_child=3 2 -4 4 -6 6 -8
leaf_value=-0.00075218473133639686 0.00021052822448614116 0.00052436881766497803 -0.00070040594150506225 -0.00027171184388311752 1.9326627548183575e-05 0.0003863574635959297 -1.8950828735520052e-05
leaf_weight=25 354 31 45 27 64 63 127
leaf_count=25 354 31 45 27 64 63 127
internal_value=0.000516305 -0.00170103 -0.0068421 0.00196629 -0.00214286 0.000116279 0.00105263
internal_weight=736 291 76 445 91 215 190
internal_count=736 291 76 445 91 215 190
is_linear=0
shrinkage=0.05


Tree=5
num_leaves=8
num_cat=0
split_feature=8 8 3 14 1 1 3
split_gain=1.05266 0.906376 0.964286 0.797962 0.625713 0.695417 0.551702
threshold=0.016562187056823444 -0.0043844803763316001 0.0007787259300374717 -0.083456210331023115 0.037301587157527412 0.047618856691425522 0.0055581214576065916
decision_type=10 10 2 2 2 2 2
left_child=1 3 -3 -1 -2 -6 -7
right_child=4 2 -4 -5 5 6 -8
leaf_value=-0.00079964750384490114 0.00018067321746984542 -0.0010413782493159786 -8.0868568118540559e-05 1.8556168906660573e-05 -0.00022955836545585545 0.0003854672370780735 -0.0002369645512824141
leaf_weight=25 359 25 35 199 25 35 26
leaf_count=25 359 25 35 199 25 35 26
internal_value=0.000336077 -0.00204225 -0.0075 -0.000580357 0.00185393 -0.00197674 0.00090164
internal_weight=729 284 60 224 445 86 61
internal_count=729 284 60 224 445 86 61
is_linear=0
shrinkage=0.05


Tree=6
num_leaves=8
num_cat=0
split_feature=3 10 14 8 16 11 16
split_gain=1.20328 0.972554 0.855009 0.825021 0.805826 1.10082 0.779189
threshold=-0.0047044482911295918 -0.0056690374548943314 0.019226293465225867 0.039634617163200721 -0.0071335133968779543 0.0035321507356639308 0.0079637975345664431
decision_type=2 2 2 10 2 2 2
left_child=1 -1 -3 4 -2 -6 -7
right_child=3 2 -4 -5 5 6 -8
leaf_value=0.00017903221965395746 0.00021912442322583755 -0.00049178367066421435 -0.00080555054626168469 0.00020518160885349952 -0.00078475495416724524 0.00039615860547002901 -0.00016605331167872904
leaf_weight=66 118 56 33 291 41 46 87
leaf_count=66 118 56 33 291 41 46 87
internal_value=0.000528455 -0.0033871 -0.00679775 0.00156947 -0.000308219 -0.00247126 -0.000263158
internal_weight=738 155 89 583 292 174 133
internal_count=738 155 89 583 292 174 133
is_linear=0
shrinkage=0.05


Tree=7
num_leaves=8
num_cat=0
split_feature=8 1 4 8 5 4 4
split_gain=0.920893 0.985172 0.996633 0.907152 0.830206 1.02428 0.738182
threshold=0.016562187056823444 0.037301587157527412 0.020704369966673391 0.0041477113233433513 0.012458808303671505 0.027904642154301964 0.031401412107380428
decision_type=10 2 2 10 2 2 2
left_child=3 -2 -3 4 -1 -6 -7
right_child=1 2 -4 -5 5 6 -8
leaf_value=-0.00074325156358030959 0.00019458761628742916 -0.00026865781951661088 4.5340073148083087e-05 -0.00054229136367939799 0.00010746354530389164 -0.00091061416077531225 -0.00014429129815919235
leaf_weight=25 355 25 69 41 119 26 72
leaf_count=25 355 25 69 41 119 26 72
internal_value=0.000696721 0.00210468 -0.00244681 -0.0015371 -0.000371901 0.00062212 -0.00316327
internal_weight=732 449 94 283 242 217 98
internal_count=732 449 94 283 242 217 98
is_linear=0
shrinkage=0.05


Tree=8
num_leaves=8
num_cat=0
split_feature=6 8 8 4 12 8 1
split_gain=0.840828 0.682128 1.29742 0.61223 0.594151 1.06123 0.483541
threshold=-0.49401768197446877 0.017792920925134074 0.0041477113233433513 0.026644152296805196 -0.029032351633034689 -0.046263863870367732 0.0072230672408173388
decision_type=2 10 10 2 2 8 2
left_child=3 2 4 -1 5 -2 -5
right_child=1 -3 -4 6 -6 -7 -8
leaf_value=0.00026995293659057892 0.00029453225026103213 4.9661824995583653e-05 -0.00056278250170289131 -0.00053511784135550338 1.4076880439952968e-05 -0.0010126220305378879 0.00049928637730050252
leaf_weight=202 27 302 36 32 110 25 27
leaf_count=202 27 302 36 32 110 25 27
internal_value=0.000400789 -0.0008 -0.00308081 0.00270115 -0.00117284 -0.00557692 -0.00177966
internal_weight=761 500 198 261 162 52 59
internal_count=761 500 198 261 162 52 59
is_linear=0
shrinkage=0.05


Tree=9
num_leaves=8
num_cat=0
split_feature=6 7 6 11 10 9 12
split_gain=0.918685 0.57619 0.505505 0.520973 0.477565 0.749934 0.776911
threshold=1.6922658541150282 -0.0064116533141609913 -0.61358323083747857 -0.012789082312227194 0.0063312196970309884 0.17062258412820955 0.035394103010096385
decision_type=2 2 2 2 2 10 2
left_child=2 -2 3 -1 5 6 -4
right_child=1 -3 4 -5 -6 -7 -8
leaf_value=-6.6626037243988284e-05 -0.0012663807333515679 -4.4870182793259135e-05 -0.00025136137047494941 0.000262814186542781 0.00016814197093864298 0.00013665414538532023 0.00013358950014146217
leaf_weight=30 28 32 165 169 119 119 72
leaf_count=30 28 32 165 169 119 119 72
internal_value=9.5368e-05 -0.00583333 0.000623146 0.00273869 -0.000263158 -0.00117978 -0.00280591
internal_weight=734 60 674 199 475 356 237
internal_count=734 60 674 199 475 356 237
is_linear=0
shrinkage=0.05


Tree=10
num_leaves=8
num_cat=0
split_feature=6 12 10 10 12 2 1
split_gain=1.08008 0.739901 0.50175 1.34397 0.630542 0.456768 0.709199
threshold=-0.24937867003305972 -0.037046010161181635 -0.0056690374548943314 -0.002826478806265686 -0.005215251084133842 0.0069673387795478057 0.037301587157527412
decision_type=2 2 2 2 2 2 2
left_child=5 -2 -3 -4 -5 -1 -7
right_child=1 2 3 4 -6 6 -8
leaf_value=3.3054930718432678e-06 -0.00075229789292712782 0.00035441543219745514 -0.0004973937880556207 -0.00026723354186118257 5.0860866181505269e-05 0.00025756908017298048 -0.00010721367477860305
leaf_weight=129 33 72 49 29 203 199 29
leaf_count=129 33 72 49 29 203 199 29
internal_value=0.000356662 -0.00147668 -0.000807365 -0.00176157 -0.000172414 0.00233894 0.00368421
internal_weight=743 386 353 281 232 357 228
internal_count=743 386 353 281 232 357 228
is_linear=0
shrinkage=0.05


end of trees

feature_importances:
dist_ma50=14
ret_5d=10
dvol_z_20=9
atr_pct=7
overnight_gap=6
spy_ret_1d=5
spy_ret_20d=5
vix_chg_1d=4
parkinson_20=3
dist_ma200=3
spy_ret_5d=3
vix_level=3
sector_ret_5d=3
ret_20d=1
dist_ma20=1

parameters:
[boosting: gbdt]
[objective: quantile]
[metric: quantile]
[tree_learner: serial]
[device_type: cpu]
[data_sample_strategy: bagging]
[data: ]
[valid: ]
[num_iterations: 80]
[learning_rate: 0.05]
[num_leaves: 8]
[num_threads: 1]
[seed: 0]
[deterministic: 0]
[force_col_wise: 1]
[force_row_wise: 0]
[histogram_pool_size: -1]
[max_depth: -1]
[min_data_in_leaf: 25]
[min_sum_hessian_in_leaf: 0.001]
[bagging_fraction: 0.9]
[pos_bagging_fraction: 1]
[neg_bagging_fraction: 1]
[bagging_freq: 1]
[bagging_seed: 3]
[bagging_by_query: 0]
[feature_fraction: 0.9]
[feature_fraction_bynode: 1]
[feature_fraction_seed: 2]
[extra_trees: 0]
[extra_seed: 6]
[early_stopping_round: 0]
[early_stopping_min_delta: 0]
[first_metric_only: 0]
[max_delta_step: 0]
[lambda_l1: 0]
[lambda_l2: 0]
[linear_lambda: 0]
[min_gain_to_split: 0]
[drop_rate: 0.1]
[max_drop: 50]
[skip_drop: 0.5]
[xgboost_dart_mode: 0]
[uniform_drop: 0]
[drop_seed: 4]
[top_rate: 0.2]
[other_rate: 0.1]
[min_data_per_group: 100]
[max_cat_threshold: 32]
[cat_l2: 10]
[cat_smooth: 10]
[max_cat_to_onehot: 4]
[top_k: 20]
[monotone_constraints: ]
[monotone_constraints_method: basic]
[monotone_penalty: 0]
[feature_contri: ]
[forcedsplits_filename: ]
[refit_decay_rate: 0.9]
[cegb_tradeoff: 1]
[cegb_penalty_split: 0]
[cegb_penalty_feature_lazy: ]
[cegb_penalty_feature_coupled: ]
[path_smooth: 0]
[interaction_constraints: ]
[verbosity: -1]
[saved_feature_importance_type: 0]
[use_quantized_grad: 0]
[num_grad_quant_bins: 4]
[quant_train_renew_leaf: 0]
[stochastic_rounding: 1]
[linear_tree: 0]
[max_bin: 255]
[max_bin_by_feature: ]
[min_data_in_bin: 3]
[bin_construct_sample_cnt: 200000]
[data_random_seed: 1]
[is_enable_sparse: 1]
[enable_bundle: 1]
[use_missing: 1]
[zero_as_missing: 0]
[feature_pre_filter: 1]
[pre_partition: 0]
[two_round: 0]
[header: 0]
[label_column: ]
[weight_column: ]
[group_column: ]
[ignore_column: ]
[categorical_feature: ]
[forcedbins_filename: ]
[precise_float_parser: 0]
[parser_config_file: ]
[objective_seed: 5]
[num_class: 1]
[is_unbalance: 0]
[scale_pos_weight: 1]
[sigmoid: 1]
[boost_from_average: 1]
[reg_sqrt: 0]
[alpha: 0.1]
[fair_c: 1]
[poisson_max_delta_step: 0.7]
[tweedie_variance_power: 1.5]
[lambdarank_truncation_level: 30]
[lambdarank_norm: 1]
[label_gain: ]
[lambdarank_position_bias_regularization: 0]
[eval_at: ]
[multi_error_top_k: 1]
[auc_mu_weights: ]
[num_machines: 1]
[local_listen_port: 12400]
[time_out: 120]
[machine_list_filename: ]
[machines: ]
[gpu_platform_id: -1]
[gpu_device_id: -1]
[gpu_device_id_list: ]
[gpu_use_dp: 0]
[num_gpu: 1]

end of parameters

pandas_categorical:[]
