tree
version=v4
num_class=1
num_tree_per_iteration=1
label_index=0
max_feature_idx=16
objective=quantile
feature_names=ret_1d ret_5d ret_20d overnight_gap atr_pct parkinson_20 dvol_z_20 dist_ma20 dist_ma50 dist_ma200 spy_ret_1d spy_ret_5d spy_ret_20d vix_level vix_chg_1d sector_ret_1d sector_ret_5d
feature_infos=[-0.06730259671436134:0.18110236220472431] [-0.11779242174629323:0.21951219512195119] [-0.20107858243451471:0.20391916717697511] [-0.046180159635119677:0.054913294797687806] [0.01433829186971017:0.043482952093223975] [0.0090116716730184732:0.026178848650224684] [-2.4008545422354644:4.3003497592903663] [-0.13108735776727576:0.16619819388792534] [-0.19637395028085203:0.17211166519084675] [-0.26914155858500166:0.18271294908663771] [-0.058542947643003718:0.10501933612632941] [-0.11496158439845272:0.082843216242346029] [-0.12265592443394913:0.15756596870864792] [11.859999656677246:52.330001831054688] [-0.35753873962348437:0.74039073966007019] [-0.045565899069083815:0.057443365695792892] [-0.11461318051575942:0.085316846986089656]
tree_sizes=818 863 866 863 858 857 867 860 861 867 858 869 870 866 866 878 874 882 872 870 862 873 866 875 860 864 868 863 868 872 874 866 868 868 876 865 860 866 871 876 865 864 867 868 872 868 859 873 868 860 867 864 866 869 856 866 864 858 862 875 869 863 867 868 870 866 862 867 868 867

Tree=0
num_leaves=8
num_cat=0
split_feature=8 6 5 4 9 13 4
split_gain=2.02968 1.10661 1.47521 0.914887 0.26392 0.440517 0.924304
threshold=-0.11675788564759558 0.84862589823002965 0.016010382424788326 0.019333674113373726 0.043824472155235557 13.59500026702881 0.025279456279965116
decision_type=8 2 2 2 10 2 2
left_child=-1 4 3 -3 5 6 -2
right_child=1 2 -4 -5 -6 -7 -8
leaf_value=0.024825069995391934 0.024500983559095958 0.024503471898437289 0.025381241002025257 0.024210395605899049 0.024091248175027492 0.024246846587971403 0.024121317159102595
leaf_weight=32 33 25 26 70 116 417 31
leaf_count=32 33 25 26 70 116 417 31
internal_value=0.0241755 0.0236264 0.0279865 0.0250983 0.0227427 0.0232589 0.0271213
internal_weight=750 718 121 95 597 481 64
internal_count=750 718 121 95 597 481 64
is_linear=0
shrinkage=1


Tree=1
num_leaves=8
num_cat=0
split_feature=8 11 9 10 0 3 13
split_gain=1.86809 0.947048 1.67993 1.15469 0.317235 0.665534 0.454015
threshold=-0.11675788564759558 -0.013447724126553815 0.11567171163085212 -0.0069332481569183138 0.0065676812784292169 -0.0012706669532409063 13.194999694824221
decision_type=8 2 8 2 2 2 2
left_child=-1 2 3 -2 -3 -6 -7
right_child=1 4 -4 -5 5 6 -8
leaf_value=0.00048259789020169039 3.4639792142958716e-05 -0.0001535234675843859 -0.00034166898295864227 0.00043009031280747854 0.00052549261268471374 0.00017705585740439612 -0.00013122192881353389
leaf_weight=33 38 387 38 40 41 25 132
leaf_count=33 38 387 38 40 41 25 132
internal_value=4.08707e-05 -0.000506421 0.00362069 0.00782051 -0.00132479 0.000303029 -0.00117835
internal_weight=734 701 116 78 585 198 157
internal_count=734 701 116 78 585 198 157
is_linear=0
shrinkage=0.05


Tree=2
num_leaves=8
num_cat=0
split_feature=9 11 6 6 0 7 9
split_gain=1.15514 1.44448 0.73167 0.414891 0.571788 0.991307 0.384248
threshold=-0.050156198992399419 -0.0093898392090148147 0.71215319234029983 0.84862589823002965 -0.0011661906704747425 -0.026673089404594782 -0.085783129419715096
decision_type=8 2 2 2 2 2 10
left_child=1 -1 6 4 -2 -6 -3
right_child=3 2 -4 -5 5 -7 -8
leaf_value=0.00051356332072257629 -0.00021537428629726931 -0.00023233863102655475 0.0005724193696673871 0.00010008546754954368 0.00013069694714159001 -0.00012623170456263147 0.0001046574667734954
leaf_weight=35 206 87 42 91 25 203 60
leaf_count=35 206 87 42 91 25 203 60
internal_value=-0.000193593 0.0028125 0.00108465 -0.00147619 -0.00211982 -0.000394738 -0.000578232
internal_weight=749 224 189 525 434 228 147
internal_count=749 224 189 525 434 228 147
is_linear=0
shrinkage=0.05


Tree=3
num_leaves=8
num_cat=0
split_feature=8 13 1 6 16 16 3
split_gain=1.32961 0.677617 0.529733 1.05035 0.588701 0.553466 0.429851
threshold=-0.11675788564759558 26.284999847412113 0.0011209041080665341 0.96445371687584691 -0.0061118166948597721 -0.037565578722210329 0.0084365943116935255
decision_type=8 2 2 2 2 2 2
left_child=-1 2 5 4 -4 -2 -6
right_child=1 -3 3 -5 6 -7 -8
leaf_value=0.0003561658967434161 0.0001352651871048828 0.00072234146607112531 0.00040682779015595001 0.00063423454673794052 -0.00017411773918938277 -0.00011563963020515038 6.9423312446969938e-05
leaf_weight=34 25 29 32 48 241 309 25
leaf_count=34 25 29 32 48 241 309 25
internal_value=4.71051e-05 -0.00041608 -0.000735295 0.000635837 -0.0004698 -0.00215569 -0.0012406
internal_weight=743 709 680 346 298 334 266
internal_count=743 709 680 346 298 334 266
is_linear=0
shrinkage=0.05


Tree=4
num_leaves=8
num_cat=0
split_feature=8 6 5 5 5 8 0
split_gain=1.31653 0.760992 0.612553 1.52306 0.751112 1.28426 1.58572
threshold=-0.11675788564759558 -0.53691259823433757 0.016845462624778335 0.018816731713120104 0.012096243728018175 0.025081729652703614 -0.0043158577699409775
decision_type=8 2 2 2 2 10 2
left_child=-1 -2 4 -4 5 6 -3
right_child=1 2 3 -5 -6 -7 -8
leaf_value=0.00043870352269592271 -0.00011569150661122065 -0.00019785820798153724 0.00099284901283576204 -0.00010163448800418711 -0.00011080545974117314 -0.00015275122706650486 0.00058541912247366944
leaf_weight=34 237 25 25 44 303 44 34
leaf_count=34 237 25 25 44 303 44 34
internal_value=9.38326e-05 -0.00036517 0.000789472 0.00514493 4.92599e-05 0.00373786 0.00855932
internal_weight=746 712 475 69 406 103 59
internal_count=746 712 475 69 406 103 59
is_linear=0
shrinkage=0.05


Tree=5
num_leaves=8
num_cat=0
split_feature=8 6 5 4 11 0 11
split_gain=0.915102 0.816462 1.01455 0.822686 0.553371 1.4846 0.324592
threshold=-0.11675788564759558 0.84862589823002965 0.015840465417773831 0.019248379677399233 -0.01262108781240978 1.0000000180025095e-35 0.01613839302739695
decision_type=8 2 2 2 2 2 2
left_child=-1 4 3 -3 5 -2 -6
right_child=1 2 -4 -5 6 -7 -8
leaf_value=0.00041676834656112651 -4.7840252077086278e-05 0.00043433182880699118 0.00089574463994417097 -7.573962971663676e-05 -0.00016001550535126052 0.00041623451567712988 1.0934368086656057e-05
leaf_weight=34 57 25 26 72 350 35 138
leaf_count=34 57 25 26 72 350 35 138
internal_value=0.000223879 -0.000163586 0.00353658 0.00118557 -0.000948277 0.00260869 -0.00161885
internal_weight=737 703 123 97 580 92 488
internal_count=737 703 123 97 580 92 488
is_linear=0
shrinkage=0.05


Tree=6
num_leaves=8
num_cat=0
split_feature=16 8 7 2 0 4 12
split_gain=1.23206 0.478617 0.409541 0.788491 0.644084 0.586081 0.854785
threshold=-0.046094549433304259 -0.11675788564759558 -0.021629731601358278 -0.014074872458600117 -0.014540911252781617 0.020582944452083057 0.029689581325769047
decision_type=2 8 2 2 2 2 2
left_child=-1 -2 -3 5 -5 -4 -7
right_child=1 2 3 4 -6 6 -8
leaf_value=0.0003286334146862884 0.00042489627617193983 -0.00011154783584527829 0.00037061505924595073 0.00015185113067835924 -0.00010814086306314654 -8.625277255757866e-05 0.00049130832217065754
leaf_weight=26 28 192 42 42 338 51 27
leaf_count=26 28 192 42 42 338 51 27
internal_value=-0.000308312 -0.000694446 -0.000953758 -0.000200001 -0.00131579 0.00333333 0.00076923
internal_weight=746 720 692 500 380 120 78
internal_count=746 720 692 500 380 120 78
is_linear=0
shrinkage=0.05


Tree=7
num_leaves=8
num_cat=0
split_feature=1 0 6 7 1 9 3
split_gain=1.31121 1.65187 0.52232 0.562876 1.14459 0.670707 0.56963
threshold=-0.049048726719878359 -0.013906587239920552 -0.51772575061268189 0.012097967466111472 0.0046283528515269632 -0.10780712153574805 -0.0061982005700791367
decision_type=2 2 2 2 2 10 2
left_child=1 -1 -2 4 6 -6 -4
right_child=2 -3 3 -5 5 -7 -8
leaf_value=-0.00015015561226817812 -7.4637944043146997e-05 0.00041995801210249008 0.00016309444749270708 -0.00015272959710416504 1.4773263975501718e-05 0.00062643566690956485 -0.00010634470762933151
leaf_weight=38 250 34 34 173 31 40 145
leaf_count=38 250 34 34 173 31 40 145
internal_value=-0.000302015 0.00611111 -0.000988114 8.27411e-05 0.0016 0.00697183 -0.000530727
internal_weight=745 72 673 423 250 71 179
internal_count=745 72 673 423 250 71 179
is_linear=0
shrinkage=0.05


Tree=8
num_leaves=8
num_cat=0
split_feature=1 0 6 9 4 13 7
split_gain=1.25834 1.30201 0.689786 0.52717 0.702305 0.551375 0.752446
threshold=-0.049048726719878359 -0.013906587239920552 -0.53691259823433757 0.13140034277156223 0.017666764531091443 13.050000190734865 0.013920095857331562
decision_type=2 2 2 10 2 2 2
left_child=1 -1 -2 4 -4 -6 -7
right_child=2 -3 3 -5 5 6 -8
leaf_value=-0.0001171123962175939 -6.4955823620475075e-05 0.00039736083942295365 0.00017997799265139264 -0.00038344245588577364 0.00052319069358665955 0.00012568996852570791 -0.0001784008885111035
leaf_weight=34 244 36 35 39 35 233 108
leaf_count=34 244 36 35 39 35 233 108
internal_value=3.92658e-05 0.00642857 -0.000605189 0.000555554 0.00108272 0.000452126 -0.000161292
internal_weight=764 70 694 450 411 376 341
internal_count=764 70 694 450 411 376 341
is_linear=0
shrinkage=0.05


Tree=9
num_leaves=8
num_cat=0
split_feature=16 0 7 8 0 8 7
split_gain=1.22771 0.569355 1.09579 0.560802 0.976213 0.496699 0.64332
threshold=-0.046094549433304259 -0.0043158577699409775 -0.049946263769792325 0.0098278543148451209 -0.012729516008075091 0.056184148098703209 -0.017972108635665725
decision_type=2 2 2 10 2 8 2
left_child=-1 3 -3 -2 -5 6 -4
right_child=1 2 5 4 -6 -7 -8
leaf_value=0.00030393752059324034 -0.00017249964205901306 0.00035072037334633833 -0.00014447142372666914 0.00036254099946784573 -0.00015718460730920379 -0.00016654004681838897 9.7654899070400279e-05
leaf_weight=25 197 25 75 29 47 84 262
leaf_count=25 197 25 75 29 47 84 262
internal_value=0.000107526 -0.000271211 0.000829595 -0.0020696 0.00157895 0.000225652 0.00108308
internal_weight=744 719 446 273 76 421 337
internal_count=744 719 446 273 76 421 337
is_linear=0
shrinkage=0.05


Tree=10
num_leaves=8
num_cat=0
split_feature=1 8 6 0 8 14 5
split_gain=0.94529 1.34475 0.582714 0.53284 0.930122 0.62017 0.821934
threshold=-0.049048726719878359 -0.090883767956603287 -0.53691259823433757 -0.0059078386478286773 0.042317726771877735 0.042440575684467692 0.012070944808538273
decision_type=2 8 2 2 8 2 2
left_child=1 -1 -2 -4 5 6 -5
right_child=2 -3 3 4 -6 -7 -8
leaf_value=0.00077846291860671386 -0.000135191567175142 -9.7253690141438056e-05 -0.00014442309350989741 0.00050960175270777603 -0.00016815687865390729 -0.0002621117764373841 5.1533936103722386e-05
leaf_weight=26 237 42 136 38 83 41 146
leaf_count=26 237 42 136 38 83 41 146
internal_value=-0.000327104 0.00529412 -0.000888401 0.000180179 0.00133117 0.003 0.00423913
internal_weight=749 68 681 444 308 225 184
internal_count=749 68 681 444 308 225 184
is_linear=0
shrinkage=0.05


Tree=11
num_leaves=8
num_cat=0
split_feature=8 6 5 9 16 16 8
split_gain=0.763513 0.68507 1.27399 0.691606 0.444444 0.960187 1.47997
threshold=-0.11675788564759558 0.84862589823002965 0.015645244114401224 0.034119664375463772 -0.00080971076423991251 -0.016232544238226228 -0.046962765744195327
decision_type=8 2 2 8 2 2 8
left_child=-1 4 3 -3 5 -2 -7
right_child=1 2 -4 -5 -6 6 -8
leaf_value=0.00030620315200879575 -6.3119276076073437e-05 -0.00010634079383305576 0.00053421099083613961 0.00028232624149536961 -0.00013810386383582098 0.00021502986795276762 -5.5889922890764325e-07
leaf_weight=31 101 48 33 47 336 39 112
leaf_count=31 101 48 33 47 336 39 112
internal_value=0.000220882 -0.000111733 0.00320312 0.000263157 -0.000833335 0.000753967 0.00327814
internal_weight=747 716 128 95 588 252 151
internal_count=747 716 128 95 588 252 151
is_linear=0
shrinkage=0.05


Tree=12
num_leaves=8
num_cat=0
split_feature=8 0 0 9 5 12 4
split_gain=0.504565 0.293922 0.471769 0.528011 0.448007 0.739224 0.733267
threshold=-0.11675788564759558 0.013683422168222716 0.0089777370033015131 0.0070431264523782575 0.014842651669355294 0.042234470374777462 0.025032073362019614
decision_type=8 2 2 8 2 2 2
left_child=-1 2 4 -4 -2 6 -6
right_child=1 -3 3 -5 5 -7 -8
leaf_value=0.00027166423190285767 -6.4570475921195804e-05 -7.2073063672725783e-05 -5.8361414160688586e-05 0.00025595163554897985 0.00021699101551575221 -0.00024128143871382071 4.6681169499528409e-05
leaf_weight=33 343 122 33 29 25 48 101
leaf_count=33 343 122 33 29 25 48 101
internal_value=-0.000435968 -0.000720401 -0.000250433 0.00387097 -0.000744682 0.00132184 0.00333333
internal_weight=734 701 579 62 517 174 126
internal_count=734 701 579 62 517 174 126
is_linear=0
shrinkage=0.05


Tree=13
num_leaves=8
num_cat=0
split_feature=1 8 6 7 7 8 13
split_gain=0.594599 0.70127 0.440293 0.476483 0.438523 0.878233 0.636618
threshold=-0.049048726719878359 -0.090883767956603287 -0.53691259823433757 0.0097850604123691527 0.0028233868363224395 0.0046952234542968494 13.050000190734865
decision_type=2 8 2 2 2 10 2
left_child=1 -1 3 -2 5 -4 -6
right_child=2 -3 4 -5 6 -7 -8
leaf_value=0.00042318327930058628 -0.0001258141961373904 6.6661161297732553e-05 1.3204185236512989e-05 1.2405287500606202e-05 0.00032354432835635544 0.00020749639101963905 -0.00010225605318987807
leaf_weight=25 150 45 170 89 27 35 204
leaf_count=25 150 45 170 89 27 35 204
internal_value=-0.000100672 0.00428571 -0.000555557 -0.00228034 0.000389907 0.00207317 -0.0011039
internal_weight=745 70 675 239 436 205 231
internal_count=745 70 675 239 436 205 231
is_linear=0
shrinkage=0.05


Tree=14
num_leaves=8
num_cat=0
split_feature=8 14 5 5 14 0 0
split_gain=0.575857 0.474229 0.654064 0.752663 0.430016 0.847557 0.395081
threshold=-0.11675788564759558 -0.0049345356588886271 0.015840465417773831 0.016950683412920328 0.028010740507291913 -0.0021810276755048759 0.0073219940985622687
decision_type=8 2 2 2 2 2 2
left_child=-1 -2 4 -4 5 -3 -7
right_child=1 2 3 -5 -6 6 -8
leaf_value=0.00024653623759543448 -6.0044415244899063e-05 -0.00021219025004867465 0.00030798115058478062 -4.6099598057732035e-06 -0.00011110144741650298 0.00013279256659430613 1.1120413385002338e-05
leaf_weight=32 356 51 38 42 145 26 29
leaf_count=32 356 51 38 42 145 26 29
internal_value=-0.000618916 -0.00092431 0.000438065 0.004375 -0.000816734 0.00160377 0.00590909
internal_weight=719 687 331 80 251 106 55
internal_count=719 687 331 80 251 106 55
is_linear=0
shrinkage=0.05


Tree=15
num_leaves=8
num_cat=0
split_feature=1 8 16 16 1 14 7
split_gain=0.56515 0.723197 0.486829 0.692981 0.657895 0.513638 0.474976
threshold=-0.049048726719878359 -0.090883767956603287 -0.016232544238226228 -0.0079146391076633776 -0.0081418091395339381 0.028010740507291913 -0.0029288656808944542
decision_type=2 8 2 2 2 2 2
left_child=1 -1 -2 4 -4 6 -5
right_child=2 -3 3 5 -6 -7 -8
leaf_value=0.00073077658978354279 -0.00010295411618206859 4.4869160801255327e-05 -2.0027324456502597e-06 0.00019812399916899876 0.00025341940448955145 -0.00023169553476909424 -0.00011964658442863625
leaf_weight=25 108 46 50 132 45 113 224
leaf_count=25 108 46 50 132 45 113 224
internal_value=-8.74844e-05 0.00415493 -0.000535715 5.31903e-05 0.00394737 -0.000735609 0.000196628
internal_weight=743 71 672 564 95 469 356
internal_count=743 71 672 564 95 469 356
is_linear=0
shrinkage=0.05


Tree=16
num_leaves=8
num_cat=0
split_feature=8 6 16 8 15 10 1
split_gain=0.517186 0.562209 0.828049 0.971211 0.790123 0.789199 0.489508
threshold=0.046452789303647275 -0.40788096602359181 -0.0057428218311892923 0.0079739244691057216 0.0025991061641812423 0.0059228912076465532 0.0046283528515269632
decision_type=8 2 2 10 2 2 2
left_child=1 -1 3 4 -3 -4 -7
right_child=-2 2 5 -5 -6 6 -8
leaf_value=-4.5290258054150594e-05 -9.447792936082671e-05 -1.5742376585739476e-05 -0.00011732269173934664 0.00029103348946073247 0.00014959871288520562 -0.00034844218565635533 0.00047866501398923254
leaf_weight=250 153 81 144 28 27 28 46
leaf_count=250 153 81 144 28 27 28 46
internal_value=-0.000442538 0.000215231 0.00149717 0.00455882 0.00240741 -0.000412845 0.00378378
internal_weight=757 604 354 136 108 218 74
internal_count=757 604 354 136 108 218 74
is_linear=0
shrinkage=0.05


Tree=17
num_leaves=8
num_cat=0
split_feature=11 3 11 11 14 15 14
split_gain=0.58166 0.65001 0.540554 0.793061 0.514099 0.457779 0.501074
threshold=-0.020756034341227022 -0.00097428606139754448 0.00023772449314352076 0.0019507680783907857 0.041854253665611248 -0.0085126174091655887 0.0080830591469587282
decision_type=2 2 2 2 2 2 2
left_child=1 -1 -2 -4 5 -5 -7
right_child=2 -3 3 4 -6 6 -8
leaf_value=0.00029739288076858513 -8.2135797005673873e-05 -2.3238920590075664e-05 0.00016110464521390864 -0.00011202610645361085 -0.00013017929833620989 -2.0866567046528493e-05 0.00022233277276367155
leaf_weight=32 209 43 26 39 56 273 68
leaf_count=32 209 43 26 39 56 273 68
internal_value=-0.000509385 0.00366667 -0.000976156 -2.16462e-05 -0.000527524 0.000131578 0.000718474
internal_weight=746 75 671 462 436 380 341
internal_count=746 75 671 462 436 380 341
is_linear=0
shrinkage=0.05


Tree=18
num_leaves=8
num_cat=0
split_feature=11 0 2 2 0 2 6
split_gain=0.449253 0.586423 0.353462 0.669713 0.328255 0.486944 0.640607
threshold=-0.020756034341227022 -0.011054210807601659 0.098778415429696023 0.13825962688909946 -0.0043158577699409775 1.0000000180025095e-35 -0.30914226436521786
decision_type=2 2 2 2 2 2 2
left_child=1 -1 4 -4 -2 6 -6
right_child=2 -3 3 -5 5 -7 -8
leaf_value=0.00034639707854564842 -0.00015870279737898084 -1.5808338725078434e-05 0.00013565888781371323 -0.00018190153941425224 -2.0878242276236236e-05 -6.9935181034968077e-05 0.00021037663169566129
leaf_weight=30 226 46 26 25 105 194 101
leaf_count=30 226 46 26 25 105 194 101
internal_value=-0.000750333 0.00289474 -0.00115953 0.00284314 -0.00148562 -0.000625001 0.00106796
internal_weight=753 76 677 51 626 400 206
internal_count=753 76 677 51 626 400 206
is_linear=0
shrinkage=0.05


Tree=19
num_leaves=8
num_cat=0
split_feature=11 13 16 7 12 12 2
split_gain=0.403114 0.341747 0.372824 0.369934 0.322 0.391034 0.487379
threshold=-0.028866681392767265 20.865000724792484 -0.015578031479648645 -0.051553001029739413 -0.026522918814270154 0.029468566644150655 0.056214227922447686
decision_type=2 2 2 2 2 2 2
left_child=-1 2 -2 -4 -5 -6 -7
right_child=1 -3 3 4 5 6 -8
leaf_value=0.00034242185097159601 -8.9255380073385198e-05 -0.00019156231960442544 0.00023427736553973059 0.00017443291962085996 -0.00010267071013971279 -1.3617158849021e-05 0.000152463601592698
leaf_weight=38 100 73 36 25 260 136 71
leaf_count=38 100 73 36 25 260 136 71
internal_value=-0.000805143 -0.00107703 -0.000700638 -0.000170456 -0.000528456 -0.000824412 0.0007971
internal_weight=739 701 628 528 492 467 207
internal_count=739 701 628 528 492 467 207
is_linear=0
shrinkage=0.05


Tree=20
num_leaves=8
num_cat=0
split_feature=2 13 7 2 2 5 9
split_gain=0.527705 0.448606 0.366968 0.548338 0.370221 0.348453 0.87472
threshold=0.098778415429696023 26.284999847412113 0.037482180716415743 0.064397154591342889 0.029290735440415164 0.011918126660638486 0.054183791412670053
decision_type=2 2 2 2 2 2 8
left_child=1 2 3 4 5 6 -1
right_child=-2 -3 -4 -5 -6 -7 -8
leaf_value=0.00048901190964350106 5.2103059176490198e-05 0.00041189139526568271 -0.00031812577873159054 0.00053442519037639785 -0.0002212220551897356 -8.7356819610037356e-06 -5.1579561943468268e-05
leaf_weight=27 46 29 53 33 74 427 62
leaf_count=27 46 29 53 33 74 427 62
internal_value=-0.000406126 -0.000744682 -0.00100592 -0.000666133 -0.00101695 -0.000542637 0.00230337
internal_weight=751 705 676 623 590 516 89
internal_count=751 705 676 623 590 516 89
is_linear=0
shrinkage=0.05


Tree=21
num_leaves=8
num_cat=0
split_feature=7 0 7 7 6 14 13
split_gain=0.57514 0.621256 0.459209 0.428309 1.03094 0.435655 0.50436
threshold=-0.068088914923249907 -0.020927005695036412 -0.021629731601358278 -0.0003726453588928646 -0.0043093981058385548 -0.015515001009757 13.444999694824221
decision_type=2 2 2 2 2 2 2
left_child=-1 -2 -3 4 -4 -5 -7
right_child=1 2 3 5 -6 6 -8
leaf_value=0.00031914275088550635 8.5931533536590018e-05 -0.00010925669378124095 -2.8491586368798801e-05 -0.0001612119483297646 0.00032217663846177859 0.0004765898036804266 -1.4070228904469724e-05
leaf_weight=39 47 175 100 145 41 40 161
leaf_count=39 47 175 100 145 41 40 161
internal_value=-0.000655081 -0.000980255 -0.00137462 -0.000585217 0.00173759 -0.00153179 -2.48768e-05
internal_weight=748 709 662 487 141 346 201
internal_count=748 709 662 487 141 346 201
is_linear=0
shrinkage=0.05


Tree=22
num_leaves=8
num_cat=0
split_feature=12 13 9 13 9 4 13
split_gain=0.468199 0.475514 0.615751 0.540818 0.474801 0.777412 0.515508
threshold=-0.049048441539310476 13.484999656677248 -0.024378937991778978 14.340000152587892 0.13140034277156223 0.018021484675432384 15.684999942779543
decision_type=2 2 10 2 10 2 2
left_child=-1 2 -2 -3 5 -5 -7
right_child=1 3 -4 4 -6 6 -8
leaf_value=0.00048199443619258728 0.00054327818747850376 -0.00012966961567505367 -4.1670180927862569e-05 0.00025294711109672823 -0.0003419215941545833 0.00014771739012151266 -7.2584954041577274e-05
leaf_weight=33 40 75 65 44 52 73 360
leaf_count=33 40 75 65 44 52 73 360
internal_value=-0.000215635 -0.000486602 0.00261905 -0.00102649 -0.000463139 3.14453e-05 -0.00061201
internal_weight=742 709 105 604 529 477 433
internal_count=742 709 105 604 529 477 433
is_linear=0
shrinkage=0.05


Tree=23
num_leaves=8
num_cat=0
split_feature=9 11 3 14 10 15 11
split_gain=0.528592 1.35585 0.687502 0.40108 1.12995 0.349078 0.303389
threshold=-0.050156198992399419 -0.01262108781240978 0.0048604469363328082 0.042440575684467692 -0.0037293651666452927 0.0046364546621938682 0.01613839302739695
decision_type=8 2 2 2 2 2 2
left_child=1 -1 5 4 -2 -3 -6
right_child=3 2 -4 -5 6 -7 -8
leaf_value=0.00030332888148295315 9.5584201744454758e-05 -0.00020075780130428299 0.00064459927173692835 -0.00011779862787819785 -0.00012002228377703774 0.00015284362574166738 1.5960000480048306e-05
leaf_weight=31 48 119 36 113 255 40 109
leaf_count=31 48 119 36 113 255 40 109
internal_value=-0.00060586 0.00141593 -0.000128206 -0.00147619 -0.000752428 -0.00154088 -0.0017033
internal_weight=751 226 195 525 412 159 364
internal_count=751 226 195 525 412 159 364
is_linear=0
shrinkage=0.05


Tree=24
num_leaves=8
num_cat=0
split_feature=5 5 6 2 0 1 14
split_gain=0.503752 0.562171 1.29905 0.54697 0.480589 0.623385 0.678463
threshold=0.014842651669355294 0.015574523355440597 0.74970851361874946 -0.02203755995118761 -0.0023180230996507341 0.034551889327723358 0.028010740507291913
decision_type=2 2 2 2 2 2 2
left_child=4 3 -3 -2 -1 6 -6
right_child=1 2 -4 -5 5 -7 -8
leaf_value=-0.00013914557490149105 2.25271292946462e-05 -2.6196455849022017e-05 0.00051846217975272499 6.1398388946269395e-05 0.00010062857672071605 -0.00029088569787245162 -0.0001039053420909185
leaf_weight=213 27 176 47 33 152 45 56
leaf_count=213 27 176 47 33 152 45 56
internal_value=-0.000126837 0.0015371 0.000381165 0.00583333 -0.00113734 0.000335967 0.00149038
internal_weight=749 283 223 60 466 253 208
internal_count=749 283 223 60 466 253 208
is_linear=0
shrinkage=0.05


Tree=25
num_leaves=8
num_cat=0
split_feature=6 5 9 12 12 9 6
split_gain=0.455688 1.15767 0.400346 0.346533 0.589374 1.43792 0.588035
threshold=0.84862589823002965 0.015840465417773831 0.034119664375463772 0.029468566644150655 0.036367400573910087 -0.028791842840727163 -0.50239507619652601
decision_type=2 2 8 2 2 10 2
left_child=3 2 -2 -1 5 -5 -6
right_child=1 -3 -4 4 6 -7 -8
leaf_value=-5.0274491671130005e-05 -7.8487113983350654e-05 0.00072531849764031228 0.00019217987648707178 0.00031288200405917357 1.8145246868148682e-05 -4.868375608683593e-05 -0.00016807396458474869
leaf_weight=390 55 32 50 27 65 41 97
leaf_count=390 55 32 50 27 65 41 97
internal_value=-0.000310437 0.00229927 -0.000238096 -0.000887098 0.000652173 0.00455882 -0.000987656
internal_weight=757 137 105 620 230 68 162
internal_count=757 137 105 620 230 68 162
is_linear=0
shrinkage=0.05


Tree=26
num_leaves=8
num_cat=0
split_feature=16 6 5 11 4 6 5
split_gain=0.499032 0.878339 1.09779 0.838377 0.582987 1.01444 0.446912
threshold=-0.0053772616077245585 -0.30914226436521786 0.011511254044952462 -0.020756034341227022 0.023780691285499502 0.96445371687584691 0.013407570454595372
decision_type=2 2 2 2 2 2 2
left_child=1 -1 -3 -4 -2 -6 -5
right_child=4 2 3 6 5 -7 -8
leaf_value=-1.5223410592296009e-05 -0.00014991304831313732 0.00024219740786821255 0.00030169062461348205 -0.00015310812546722032 -2.6767239073577988e-05 0.00065132851982985891 1.4374521732978491e-05
leaf_weight=123 252 28 32 33 171 27 71
leaf_count=123 252 28 32 33 171 27 71
internal_value=-0.000183176 0.00144599 0.00384146 0.00198529 -0.00122222 0.00080808 -0.000192309
internal_weight=737 287 164 136 450 198 104
internal_count=737 287 164 136 450 198 104
is_linear=0
shrinkage=0.05


Tree=27
num_leaves=8
num_cat=0
split_feature=9 4 6 6 14 14 2
split_gain=0.548051 0.824685 1.20198 0.487162 0.395087 1.18958 0.351855
threshold=-0.050156198992399419 0.027441695539279276 0.18521700371908287 -0.71411782550051772 0.028010740507291913 0.0080830591469587282 0.010757554025626283
decision_type=8 2 2 2 2 2 2
left_child=1 3 -3 -1 5 -2 -7
right_child=4 2 -4 -5 -6 6 -8
leaf_value=0.00017677914984844944 -5.1780331431326918e-05 6.9670577495425804e-05 0.00075153333099961831 -5.6840227947978233e-05 -9.2099751420910046e-05 6.5644727942023781e-05 0.00034148071907454716
leaf_weight=37 324 49 29 107 152 26 25
leaf_count=37 324 49 29 107 152 26 25
internal_value=-0.000327104 0.00175676 0.00589743 -0.000486112 -0.00120493 -0.000333335 0.0067647
internal_weight=749 222 78 144 527 375 51
internal_count=749 222 78 144 527 375 51
is_linear=0
shrinkage=0.05


Tree=28
num_leaves=8
num_cat=0
split_feature=1 0 16 16 3 4 4
split_gain=0.407696 0.486486 0.397429 0.599987 1.00409 1.01333 0.362897
threshold=-0.049048726719878359 -0.013906587239920552 -0.016232544238226228 -0.0053772616077245585 -0.0013739934430905263 0.022115196940567166 0.023780691285499502
decision_type=2 2 2 2 2 2 2
left_child=1 -1 -2 4 -4 -6 -5
right_child=2 -3 3 6 5 -7 -8
leaf_value=-0.00012164266656540794 -4.5626808328965882e-05 0.00025836470576617209 -3.0913978522826278e-05 -0.00013982838354416864 0.00037981746803656714 6.8487659940374385e-06 1.2799297819401482e-05
leaf_weight=37 107 37 54 262 33 34 200
leaf_count=37 107 37 54 262 33 34 200
internal_value=-0.000418849 0.00310811 -0.000797103 -0.00028302 0.00285124 0.0069403 -0.0011039
internal_weight=764 74 690 583 121 67 462
internal_count=764 74 690 583 121 67 462
is_linear=0
shrinkage=0.05


Tree=29
num_leaves=8
num_cat=0
split_feature=9 11 3 3 4 4 3
split_gain=0.533787 0.794322 0.612569 0.409829 0.394863 0.625124 0.623174
threshold=-0.050156198992399419 -0.01262108781240978 0.0048604469363328082 -0.0050593200363663873 0.024660827462351046 0.023780691285499502 0.0056381579897987208
decision_type=8 2 2 2 2 2 2
left_child=1 -1 3 -3 5 6 -2
right_child=4 2 -4 -5 -6 -7 -8
leaf_value=0.00026918197876826691 -9.805440443030143e-05 0.00018427501212560235 0.00060644195696857566 -0.00017137635966945017 -9.1361496279395598e-05 8.9449002850806956e-05 4.8308813460308362e-05
leaf_weight=33 247 44 36 111 164 45 52
leaf_count=33 247 44 36 111 164 45 52
internal_value=-0.00056011 0.00147321 0.000235601 -0.00112903 -0.00145669 -0.000494187 -0.00132107
internal_weight=732 224 191 155 508 344 299
internal_count=732 224 191 155 508 344 299
is_linear=0
shrinkage=0.05


Tree=30
num_leaves=8
num_cat=0
split_feature=9 0 3 8 9 8 12
split_gain=0.653476 0.816669 0.651544 0.720238 0.479497 0.410735 0.517282
threshold=-0.050156198992399419 -0.00057709630315366789 -0.0023226106456539215 -0.025815705081907555 -0.12634476498780919 0.058871566527078374 0.02096310075060959
decision_type=8 2 2 8 10 8 2
left_child=1 -1 -3 4 -4 6 -2
right_child=5 2 3 -5 -6 -7 -8
leaf_value=-7.0462498954536952e-05 -4.8518472871826682e-05 0.00052810654558797538 2.0990340940962746e-05 0.00059104548223740615 -0.00052783876403327413 -0.00018579687588758781 1.6855949807970827e-05
leaf_weight=106 253 27 27 28 29 109 159
leaf_count=106 253 27 27 28 29 109 159
internal_value=-0.000392955 0.00191244 0.00490991 0.00273809 -0.000535715 -0.00135317 -0.000631069
internal_weight=738 217 111 84 56 521 412
internal_count=738 217 111 84 56 521 412
is_linear=0
shrinkage=0.05


Tree=31
num_leaves=8
num_cat=0
split_feature=15 12 13 3 15 16 6
split_gain=0.504398 0.666667 0.431956 0.75987 0.392421 0.883515 0.759484
threshold=-0.014057961069557865 -0.016904021540445843 13.484999656677248 0.0053208300839813214 0.0034350713322689468 -0.01339182089919899 0.74970851361874946
decision_type=2 2 2 2 2 2 2
left_child=1 -1 3 -2 -4 -6 -7
right_child=2 -3 4 -5 5 6 -8
leaf_value=0.00015908204093918602 -2.2646286372696755e-05 -8.757904482482702e-05 -8.4159930901536308e-05 0.00053934653048036917 8.4643705103683661e-05 -8.3941612471453899e-05 0.00050629897849114377
leaf_weight=27 67 27 354 28 30 167 38
leaf_count=27 67 27 354 28 30 167 38
internal_value=-0.000392955 0.00425926 -0.000760235 0.00236842 -0.00126486 0.000319148 -0.00085366
internal_weight=738 54 684 95 589 235 205
internal_count=738 54 684 95 589 235 205
is_linear=0
shrinkage=0.05


Tree=32
num_leaves=8
num_cat=0
split_feature=13 9 2 2 8 8 2
split_gain=0.615496 0.452682 0.589239 0.633573 0.486976 0.552169 0.417632
threshold=26.284999847412113 0.13140034277156223 0.064397154591342889 0.081592273888481684 0.046452789303647275 0.023793386467836911 0.0064485142434216334
decision_type=2 10 2 2 8 10 2
left_child=1 2 4 -4 5 6 -1
right_child=-2 -3 3 -5 -6 -7 -8
leaf_value=1.9106511840623824e-06 0.00029622751550515222 -0.0003055640859366336 0.00043324428587872922 2.6804747935315274e-07 -0.00016239571367446845 5.3860851593569292e-05 -7.3738004891517195e-05
leaf_weight=380 29 49 31 61 57 44 100
leaf_count=380 29 49 31 61 57 44 100
internal_value=-7.32369e-05 -0.000360112 -2.22895e-05 0.00369565 -0.000611017 -0.000133589 -0.000625001
internal_weight=751 722 673 92 581 524 480
internal_count=751 722 673 92 581 524 480
is_linear=0
shrinkage=0.05


Tree=33
num_leaves=8
num_cat=0
split_feature=16 10 5 16 11 10 6
split_gain=0.490526 0.573064 0.78208 0.707768 0.548937 1.49541 0.487104
threshold=-0.0053772616077245585 -0.001746991736331027 0.015840465417773831 -0.016043096985580371 -0.0098148245313025555 -0.0077272822899705487 -0.30914226436521786
decision_type=2 2 2 2 2 2 2
left_child=1 2 4 -3 5 -1 -5
right_child=-2 3 -4 6 -6 -7 -8
leaf_value=-9.6916973659039006e-05 -6.6300997298853132e-05 -9.3865684241292867e-05 0.00019786124736759447 -0.00022901599422737204 -0.00015233263454293974 0.00014213942966689592 0.00015330314746006069
leaf_weight=35 469 74 28 25 43 27 47
leaf_count=35 469 74 28 25 43 27 47
internal_value=-0.000387702 0.0012724 0.00364662 -0.000890412 0.00166667 0.00467742 0.00263889
internal_weight=748 279 133 146 105 62 72
internal_count=748 279 133 146 105 62 72
is_linear=0
shrinkage=0.05


Tree=34
num_leaves=8
num_cat=0
split_feature=15 8 2 8 7 11 1
split_gain=0.607157 0.400672 0.503477 0.772939 0.432692 0.371064 0.317789
threshold=-0.020664816301631302 0.049630041342424665 -0.062133005330121165 -0.063239579525700959 -0.066701852793841984 0.011840837646133974 0.028875604883396803
decision_type=2 8 2 10 2 2 2
left_child=-1 2 4 -4 -2 -3 -5
right_child=1 5 3 6 -6 -7 -8
leaf_value=8.3606528708313199e-05 8.8860514328421337e-05 -0.00010820858814450715 0.00017133153973611858 4.0240900301721101e-06 -0.00015215618252365369 -1.6620018296941504e-06 -0.00013061162701299365
leaf_weight=25 26 99 25 349 104 46 75
leaf_count=25 26 99 25 349 104 46 75
internal_value=-0.000660882 -0.000925416 -0.000336789 0.000456569 -0.00307692 -0.00327586 -4.7171e-05
internal_weight=749 724 579 449 130 145 424
internal_count=749 724 579 449 130 145 424
is_linear=0
shrinkage=0.05


Tree=35
num_leaves=8
num_cat=0
split_feature=7 0 14 12 13 14 11
split_gain=0.496376 0.686433 0.97951 0.445742 0.526985 0.768128 0.883034
threshold=-0.047588164517539604 -0.0020346306345930816 0.035942894407802857 0.029126747512220778 17.164999961853031 -0.015515001009757 0.0033857375272920991
decision_type=2 2 2 2 2 2 2
left_child=1 2 -1 -2 5 -5 -7
right_child=3 -3 -4 4 -6 6 -8
leaf_value=-0.00015264955797185333 -2.9182473670747244e-05 0.00010218405190102205 0.00014031969289377176 -0.00012757350073239049 -0.00010717203010466642 0.00028073796449422432 7.6916344664762436e-05
leaf_weight=40 396 37 29 71 78 28 74
leaf_count=40 396 37 29 71 78 28 74
internal_value=-0.000152724 0.00301887 7.24626e-05 -0.000672335 0.000976094 0.00251445 0.00529412
internal_weight=753 106 69 647 251 173 102
internal_count=753 106 69 647 251 173 102
is_linear=0
shrinkage=0.05


Tree=36
num_leaves=8
num_cat=0
split_feature=13 3 3 6 6 3 8
split_gain=0.445788 0.259587 0.529955 0.406116 0.674795 0.452525 0.304792
threshold=26.284999847412113 0.010309076978137989 0.0084365943116935255 0.90903601476633489 1.2247045457515398 -0.0024692712906057008 0.075730979561305048
decision_type=2 2 2 2 2 2 8
left_child=1 2 3 6 -5 -6 -1
right_child=-2 -3 -4 4 5 -7 -8
leaf_value=-1.2524140205331556e-05 0.0002732605878906937 -0.00016220887182942588 7.6879744416075583e-05 0.0010784652643933026 -0.00012392308334950475 3.4194957428208599e-05 -0.00022183270186194824
leaf_weight=496 29 38 27 25 32 45 58
leaf_count=496 29 38 27 25 32 45 58
internal_value=-0.000733335 -0.00097781 -0.000754028 -0.00103659 0.00186274 -0.000454547 -0.0015704
internal_weight=750 721 683 656 102 77 554
internal_count=750 721 683 656 102 77 554
is_linear=0
shrinkage=0.05


Tree=37
num_leaves=8
num_cat=0
split_feature=7 13 9 13 13 8 10
split_gain=0.584188 0.350392 0.84415 0.47508 0.381935 0.316856 0.309689
threshold=-0.068088914923249907 13.484999656677248 -0.0024435836141043494 14.315000057220461 12.804999828338625 0.07675675509757153 0.0014013952122059472
decision_type=2 2 10 2 2 8 2
left_child=-1 2 -2 -3 -4 6 -5
right_child=1 3 4 5 -6 -7 -8
leaf_value=9.5783224090491457e-05 0.00032090044189804013 -0.00010681864861063352 -0.0002013861954660871 6.1154526041249439e-06 9.7819260732217019e-05 -0.00039384836752879399 -7.3752951078471588e-05
leaf_weight=37 45 69 37 272 25 38 235
leaf_count=37 45 69 37 272 25 38 235
internal_value=-0.000316624 -0.000631069 0.00200934 -0.00109121 -0.00177419 -0.000596331 -0.000266273
internal_weight=758 721 107 614 62 545 507
internal_count=758 721 107 614 62 545 507
is_linear=0
shrinkage=0.05


Tree=38
num_leaves=8
num_cat=0
split_feature=7 11 3 15 16 6 6
split_gain=0.405417 0.315344 0.664361 0.357163 0.802222 0.676621 0.560958
threshold=-0.068088914923249907 -0.020756034341227022 -0.0005963037700123518 0.0043137756316522511 -0.010280436203703945 0.96445371687584691 -0.38848997329270546
decision_type=2 2 2 2 2 2 2
left_child=-1 2 -2 -3 -5 6 -6
right_child=1 3 -4 4 5 -7 -8
leaf_value=9.4808584145540537e-05 0.00020913621369987126 -3.6302318424714831e-05 -3.3779690351846391e-05 6.1464145648006181e-05 3.1731844923934269e-05 0.00057162348478796427 -0.00011681299656024805
leaf_weight=36 25 421 41 25 79 31 90
leaf_count=36 25 421 41 25 79 31 90
internal_value=-0.000454547 -0.000716293 0.00257576 -0.00105263 0.000555554 -0.000500001 -0.00174556
internal_weight=748 712 66 646 225 200 169
internal_count=748 712 66 646 225 200 169
is_linear=0
shrinkage=0.05


Tree=39
num_leaves=8
num_cat=0
split_feature=12 9 15 2 12 13 0
split_gain=0.363901 0.376729 0.304173 0.479519 0.343464 0.545839 0.644598
threshold=-0.049048441539310476 0.13140034277156223 -0.0004992045621054485 0.10627705811497813 -0.015496668614707719 15.574999809265138 0.013683422168222716
decision_type=2 10 2 2 2 2 2
left_child=-1 2 -2 4 -4 -6 -7
right_child=1 -3 3 -5 5 6 -8
leaf_value=0.00014068415975385164 -1.1697666117607813e-05 -0.00027770181944799919 -1.3039286123051401e-05 9.4219022373964945e-05 -7.6060276430554838e-05 0.00010282101844193576 -7.3165651439977531e-05
leaf_weight=39 287 54 50 25 129 110 43
leaf_count=39 287 54 50 25 129 110 43
internal_value=-0.000725917 -0.00098854 -0.000652175 0.000322128 -0.000180724 0.000496453 0.00251634
internal_weight=737 698 644 357 332 282 153
internal_count=737 698 644 357 332 282 153
is_linear=0
shrinkage=0.05


Tree=40
num_leaves=8
num_cat=0
split_feature=2 8 7 7 4 5 4
split_gain=0.580222 0.86561 0.365692 0.604152 0.656243 1.23504 0.717984
threshold=0.056214227922447686 0.049630041342424665 0.013826420347831549 -0.014623809020706867 0.023412744494786506 0.015591208232617238 0.019578689238996382
decision_type=2 10 2 2 2 2 2
left_child=2 -2 3 -1 6 -6 -5
right_child=1 -3 -4 4 5 -7 -8
leaf_value=-3.5922387611821321e-05 0.00043519463571231061 -3.6851191730502253e-06 -0.00012606544484375051 0.00016986751318689603 0.00025089253800991863 -3.6501006579238864e-05 -0.00021311638545787835
leaf_weight=285 42 82 130 57 27 35 92
leaf_count=285 42 82 130 57 27 35 92
internal_value=-0.000866668 0.00225806 -0.00148562 -0.000866937 0.00116114 0.00548387 -0.000637585
internal_weight=750 124 626 496 211 62 149
internal_count=750 124 626 496 211 62 149
is_linear=0
shrinkage=0.05


Tree=41
num_leaves=8
num_cat=0
split_feature=7 0 14 12 14 0 9
split_gain=0.520364 0.933493 0.910588 0.467778 0.530124 0.668182 0.436387
threshold=-0.049946263769792325 -0.0020346306345930816 0.040951993391927573 0.027544140346580596 0.0080830591469587282 -0.0021810276755048759 -0.047862821812784388
decision_type=2 2 2 2 2 2 10
left_child=1 2 -1 -2 6 -6 -5
right_child=3 -3 -4 4 5 -7 -8
leaf_value=-0.00028035426368366406 -4.891360744024609e-05 0.0001269248870296142 0.00014553074827234786 3.3514791671563e-05 -7.3584135474201822e-05 0.00023360195119202331 -8.5285965654888376e-05
leaf_weight=43 382 30 25 99 40 48 85
leaf_count=43 382 30 25 99 40 48 85
internal_value=-0.000744682 0.00265306 -0.000588236 -0.00125382 0.000330881 0.00352273 -0.00119565
internal_weight=752 98 68 654 272 88 184
internal_count=752 98 68 654 272 88 184
is_linear=0
shrinkage=0.05


Tree=42
num_leaves=8
num_cat=0
split_feature=11 8 9 6 7 5 15
split_gain=0.556923 0.833086 0.576271 0.361917 0.544655 0.93703 1.12061
threshold=-0.017686145420045315 -0.046962765744195327 -0.026114588224241116 -0.40788096602359181 0.018200326418599703 0.012070944808538273 -0.0024067394264639104
decision_type=2 8 10 2 2 2 2
left_child=1 -1 -3 -2 5 6 -5
right_child=3 2 -4 4 -6 -7 -8
leaf_value=0.00021184534141620127 -7.7547932936115373e-05 -0.0001268329423751216 0.00031020722282194347 -5.9970342528101096e-06 -7.681126310683922e-05 -8.5711436276945238e-06 0.00041058906972890564
leaf_weight=36 257 34 25 25 125 221 30
leaf_count=36 257 34 25 25 125 221 30
internal_value=-0.000683932 0.00289474 -0.000762713 -0.00120061 -0.000261847 0.00097826 0.00681818
internal_weight=753 95 59 658 401 276 55
internal_count=753 95 59 658 401 276 55
is_linear=0
shrinkage=0.05


Tree=43
num_leaves=8
num_cat=0
split_feature=5 5 0 12 2 6 6
split_gain=0.399791 0.887662 0.687545 0.850373 0.588565 0.444201 0.923462
threshold=0.013612634838780996 0.013901655394291694 -0.0023180230996507341 0.044456932771925313 -0.0049964777736624657 -0.90208187574968124 -1.0734927171145614
decision_type=2 2 2 2 2 2 2
left_child=2 -2 -1 4 -4 6 -3
right_child=1 5 3 -5 -6 -7 -8
leaf_value=-0.0002536334925672368 0.0001637566052707873 -5.7122068866537757e-05 0.00017643556159052708 0.00029653640475931669 -0.00014348723007395373 -1.044341743046642e-05 0.00016839237039665731
leaf_weight=135 40 40 49 26 101 330 25
leaf_count=135 40 40 49 26 101 330 25
internal_value=-0.000576409 0.000402298 -0.00194534 0.000113635 -0.00133333 -0.000316457 0.00346154
internal_weight=746 435 311 176 150 395 65
internal_count=746 435 311 176 150 395 65
is_linear=0
shrinkage=0.05


Tree=44
num_leaves=8
num_cat=0
split_feature=3 11 3 3 10 16 16
split_gain=0.356571 0.448384 1.38205 0.29608 0.271579 0.308794 0.551956
threshold=0.010005038949719493 0.025734816417073651 -0.0012706669532409063 0.0069914534627951727 0.0012069749261046649 -0.0021618110425182242 -0.0091828544564230268
decision_type=2 2 2 2 2 2 2
left_child=1 3 -3 4 5 6 -1
right_child=-2 2 -4 -5 -6 -7 -8
leaf_value=-3.4229470580816579e-06 -9.9134124321015413e-05 0.00038964559333929186 -0.00011271111495304039 0.00018992338287546299 -7.2848562342436117e-05 -7.5285135084547913e-05 6.1209864103765351e-05
leaf_weight=132 49 26 40 44 246 163 40
leaf_count=132 49 26 40 44 246 163 40
internal_value=-0.00087838 -0.000586108 0.00333333 -0.001 -0.00129948 -0.000373136 0.00110465
internal_weight=740 691 66 625 581 335 172
internal_count=740 691 66 625 581 335 172
is_linear=0
shrinkage=0.05


Tree=45
num_leaves=8
num_cat=0
split_feature=15 15 2 12 11 9 5
split_gain=0.4512 0.767611 0.847471 0.512843 0.423596 0.236657 0.376505
threshold=0.0089421778448571815 0.004178695178119086 0.055328053477622159 0.016092642436075003 -0.023324980459216712 0.047709785593297756 0.01083547062915931
decision_type=2 2 2 2 2 10 2
left_child=1 4 3 -3 -1 6 -6
right_child=-2 2 -4 -5 5 -7 -8
leaf_value=0.00011191690870606965 -0.00010536707116009609 0.00014569302752356989 0.00019950014129429861 -3.6452617309463166e-05 5.8570596905667602e-06 -0.00014921760905936871 -2.199221989002293e-05
leaf_weight=47 127 38 28 52 25 86 343
leaf_count=47 127 38 28 52 25 86 343
internal_value=-0.000710457 -0.000153475 0.00347458 0.00111111 -0.00100799 -0.00147577 -0.000923914
internal_weight=746 619 118 90 501 454 368
internal_count=746 619 118 90 501 454 368
is_linear=0
shrinkage=0.05


Tree=46
num_leaves=8
num_cat=0
split_feature=4 4 3 6 9 4 1
split_gain=0.687647 1.09761 0.850552 0.561552 0.47972 0.351284 0.671209
threshold=0.023780691285499502 0.024201815490252073 -0.0063221209948696169 0.96445371687584691 -0.12634476498780919 0.020355452767416817 0.014865803157252168
decision_type=2 2 2 2 10 2 2
left_child=5 -2 4 -4 -3 6 -1
right_child=1 2 3 -5 -6 -7 -8
leaf_value=8.0233456116850685e-05 6.3981192133083595e-05 0.00024654499330882697 -5.474737036797109e-05 0.00028045684686095658 5.5389279967579191e-05 -7.9318329543580306e-05 -0.00021894979318349598
leaf_weight=106 25 26 215 37 44 208 87
leaf_count=106 25 26 215 37 44 208 87
internal_value=-0.000721926 0.00090778 0.000124222 -0.00123016 0.005 -0.00213217 -0.000595856
internal_weight=748 347 322 252 70 401 193
internal_count=748 347 322 252 70 401 193
is_linear=0
shrinkage=0.05


Tree=47
num_leaves=8
num_cat=0
split_feature=6 0 10 0 0 11 12
split_gain=0.370428 0.68784 0.438676 0.429127 0.708082 0.280976 0.390407
threshold=0.84862589823002965 -0.012328979349635559 0.0059451726660438861 -0.00057709630315366789 0.0020030170632580062 -0.01262108781240978 0.0098181049461038023
decision_type=2 2 2 2 2 2 2
left_child=3 -2 -3 -1 -5 -6 -7
right_child=1 2 -4 4 5 6 -8
leaf_value=-6.5573185421994996e-05 0.0001020291150805438 -0.00011282542467897213 0.00047539369243116173 0.00010987029762267846 0.00025781071470753537 -0.00013287057434310191 -6.0914797924234483e-06
leaf_weight=300 36 67 25 47 29 62 173
leaf_count=300 36 67 25 47 29 62 173
internal_value=-0.000805143 0.00164062 -0.000652175 -0.00131751 -1.60784e-05 -0.00102273 -0.00159575
internal_weight=739 128 92 611 311 264 235
internal_count=739 128 92 611 311 264 235
is_linear=0
shrinkage=0.05


Tree=48
num_leaves=8
num_cat=0
split_feature=13 3 13 0 0 1 1
split_gain=0.648049 0.583434 0.423876 0.311494 0.756805 0.351909 0.874122
threshold=13.484999656677248 0.0020592185676319157 14.340000152587892 -0.00057709630315366789 0.00057137727873612942 0.028875604883396803 0.020746604823393636
decision_type=2 2 2 2 2 2 2
left_child=1 -1 -2 -4 -5 6 -6
right_child=2 -3 3 4 5 -7 -8
leaf_value=-1.3583007206326026e-05 -8.4039907930985073e-05 0.00014829636359363005 -2.3666282521744548e-05 0.00016073061620333479 -4.3874313206733165e-06 -0.00019563815488391021 0.00014743161801025813
leaf_weight=55 70 45 299 26 161 54 30
leaf_count=55 70 45 299 26 161 54 30
internal_value=-0.000743244 0.003 -0.00132813 -0.000877194 0.000350552 -0.000510205 0.000497381
internal_weight=740 100 640 570 271 245 191
internal_count=740 100 640 570 271 245 191
is_linear=0
shrinkage=0.05


Tree=49
num_leaves=8
num_cat=0
split_feature=9 11 2 6 4 4 8
split_gain=0.558589 0.704368 0.552729 0.536293 0.424139 0.394636 0.338158
threshold=-0.050156198992399419 -0.01262108781240978 0.053809734712192754 -0.23764682594709824 0.025187472264967248 0.030415610675770786 -0.046962765744195327
decision_type=8 2 2 2 2 2 8
left_child=1 -1 3 -3 -5 -6 -2
right_child=6 2 -4 4 5 -7 -8
leaf_value=0.00022045193596013314 6.2057508692429429e-06 -0.00021421766314989456 0.00052778326138095267 -4.0605755271622792e-05 0.00016109222512761121 8.4586538132049331e-05 -2.8638825026192931e-05
leaf_weight=30 70 70 25 39 25 28 446
leaf_count=30 70 70 25 39 25 28 446
internal_value=-0.000907232 0.0012212 8.02127e-05 -0.000987656 0.00152174 0.00443396 -0.00180233
internal_weight=733 217 187 162 92 53 516
internal_count=733 217 187 162 92 53 516
is_linear=0
shrinkage=0.05


Tree=50
num_leaves=8
num_cat=0
split_feature=3 11 4 3 11 0 3
split_gain=0.476577 1.05984 0.547556 0.640614 0.815977 1.17071 0.636024
threshold=-0.0012706669532409063 0.025734816417073651 0.024034955210914262 -0.0051020527692823272 0.0025776305361616685 -0.013906587239920552 -0.0025396489635032822
decision_type=2 2 2 2 2 2 2
left_child=1 2 6 4 5 -4 -1
right_child=-2 -3 3 -5 -6 -7 -8
leaf_value=-0.00014563870897484906 -1.5223030762538091e-05 0.000345794807321235 3.6281302525600363e-05 -0.00014834221173234957 -5.9177128655806155e-05 0.00020073904817612741 6.4060633427501565e-05
leaf_weight=121 444 26 25 43 30 26 25
leaf_count=121 444 26 25 43 30 26 25
internal_value=-0.000810812 0.000743242 -0.000185186 0.00225806 0.00487654 0.00872549 -0.00226028
internal_weight=740 296 270 124 81 51 146
internal_count=740 296 270 124 81 51 146
is_linear=0
shrinkage=0.05


Tree=51
num_leaves=8
num_cat=0
split_feature=2 10 4 13 9 0 16
split_gain=0.455744 0.39535 0.391016 0.954658 0.318091 0.328222 0.213953
threshold=0.098778415429696023 -0.01521359351313417 0.019578689238996382 16.579999923706058 -0.13426632361399951 -0.00055718676248422961 0.0021102567083259864
decision_type=2 2 2 2 8 2 2
left_child=1 -1 3 6 5 -4 -3
right_child=-2 2 4 -5 -6 -7 -8
leaf_value=0.00010285194219014651 9.5064993654327107e-06 -1.1316449437132081e-06 -7.1895014874939742e-05 0.00028624070914267345 -4.0019289097175667e-05 0.00015384842188673691 -0.00021663761740564611
leaf_weight=34 46 40 37 56 472 31 46
leaf_count=34 46 40 37 56 472 31 46
internal_value=-0.00112861 -0.00143855 -0.00170088 0.000633802 -0.00231482 0.000882352 -0.00267442
internal_weight=762 716 682 142 540 68 86
internal_count=762 716 682 142 540 68 86
is_linear=0
shrinkage=0.05


Tree=52
num_leaves=8
num_cat=0
split_feature=13 12 2 8 15 0 1
split_gain=0.472041 0.593547 0.641816 1.02997 0.437446 0.477019 0.520305
threshold=26.284999847412113 0.020704081019033652 0.07430794090870986 0.07788168918419526 0.007308700076902209 -0.0011661906704747425 0.022741823663511965
decision_type=2 2 2 10 2 2 2
left_child=1 -1 4 -4 5 -3 -7
right_child=-2 2 3 -5 -6 6 -8
leaf_value=-2.3893791381487641e-05 0.00022394189005821722 -4.9452683408605484e-05 0.00049502993059663146 -2.0164892049540581e-05 -6.5374768756751143e-05 3.6448969080410708e-06 0.00030926060545124427
leaf_weight=358 28 138 25 33 61 76 29
leaf_count=358 28 138 25 33 61 76 29
internal_value=-0.000655081 -0.000902779 0.000524861 0.00534483 -0.000394738 0.000555554 0.00309524
internal_weight=748 720 362 58 304 243 105
internal_count=748 720 362 58 304 243 105
is_linear=0
shrinkage=0.05


Tree=53
num_leaves=8
num_cat=0
split_feature=10 3 15 0 14 14 16
split_gain=0.329487 0.314511 0.50435 0.44082 0.403945 0.530513 0.370256
threshold=-0.01521359351313417 -0.0012706669532409063 0.0043137756316522511 0.0050821096125178719 0.0037598780805861991 0.049298283120689408 -0.0028615966883308581
decision_type=2 2 2 2 2 2 2
left_child=-1 2 4 -4 -2 6 -6
right_child=1 -3 3 -5 5 -7 -8
leaf_value=9.4614651499002261e-05 -5.7555020692723129e-05 -2.9582345711479879e-05 0.00015142743972820736 0.0001006078368166545 0.00011058353014313586 -9.9118836682156604e-05 -4.4045624863337172e-06
leaf_weight=35 116 421 25 37 25 57 27
leaf_count=35 116 421 25 37 25 57 27
internal_value=-0.0011642 -0.00139831 -0.000121952 0.00387097 -0.00122222 0.000963302 0.00461538
internal_weight=743 708 287 62 225 109 52
internal_count=743 708 287 62 225 109 52
is_linear=0
shrinkage=0.05


Tree=54
num_leaves=8
num_cat=0
split_feature=13 9 13 13 4 12 4
split_gain=0.286489 0.704085 0.361936 0.485132 1.16123 0.281241 0.217143
threshold=13.484999656677248 -0.0032273035158441594 14.340000152587892 15.75500011444092 0.023780691285499502 -0.046452019388258541 0.018021484675432384
decision_type=2 10 2 2 2 2 2
left_child=1 -1 -2 4 6 -5 -4
right_child=2 -3 3 5 -6 -7 -8
leaf_value=0.00020906257226148363 -8.5064461191954944e-05 -1.2004429890302042e-05 -6.8212346627248855e-06 1.2005446046540638e-05 0.00025160684184221831 -3.2725759210440381e-05 -0.00013297746448076578
leaf_weight=46 69 58 25 43 47 421 38
leaf_count=46 69 58 25 43 47 421 38
internal_value=-0.00118474 0.00125 -0.00157854 -0.00116725 0.00181818 -0.001875 -0.00261905
internal_weight=747 104 643 574 110 464 63
internal_count=747 104 643 574 110 464 63
is_linear=0
shrinkage=0.05


Tree=55
num_leaves=8
num_cat=0
split_feature=6 15 16 0 0 16 11
split_gain=0.355746 0.838906 0.792747 0.322439 0.819146 1.03226 0.407563
threshold=0.84862589823002965 -0.0092785266139075433 0.018709897059502326 -0.0011661906704747425 0.0020030170632580062 0.006871573747609939 0.01613839302739695
decision_type=2 2 2 2 2 2 2
left_child=3 -2 -3 6 5 -5 -1
right_child=1 2 -4 4 -6 -7 -8
leaf_value=-0.00010710742958118284 9.9956828715624515e-05 -5.5033133429062564e-05 0.0005475429279429661 0.00015256598016505103 -1.4616689425358486e-05 -8.6350758727554293e-05 4.1201317686297503e-05
leaf_weight=234 29 82 25 31 272 31 59
leaf_count=234 29 82 25 31 272 31 59
internal_value=-0.00106815 0.00125 -0.000794394 -0.00157097 -0.000508983 0.00467742 -0.00278157
internal_weight=763 136 107 627 334 62 293
internal_count=763 136 107 627 334 62 293
is_linear=0
shrinkage=0.05


Tree=56
num_leaves=8
num_cat=0
split_feature=9 11 5 8 1 11 8
split_gain=0.55155 0.804937 0.396884 0.653333 0.426667 0.28731 0.48641
threshold=-0.050156198992399419 -0.0093898392090148147 0.015368166407238053 -0.035831161941490157 -0.029074626000512079 0.01613839302739695 -0.046962765744195327
decision_type=8 2 2 10 2 2 8
left_child=1 -1 -3 4 -4 6 -2
right_child=5 2 3 -5 -6 -7 -8
leaf_value=0.00010461471030460059 1.9162232525063932e-05 -9.6491648983584261e-05 6.6626914529827405e-05 0.00062824149976253472 -5.5242556524246531e-05 5.6109659319214019e-06 -4.7298123286564253e-05
leaf_weight=34 60 85 25 25 50 123 337
leaf_count=34 60 85 25 25 50 123 337
internal_value=-0.000940461 0.00116438 -0.000135136 0.002 -0.000333335 -0.00182692 -0.00248111
internal_weight=739 219 185 100 75 520 397
internal_count=739 219 185 100 75 520 397
is_linear=0
shrinkage=0.05


Tree=57
num_leaves=8
num_cat=0
split_feature=15 5 9 9 0 0 3
split_gain=0.41931 0.68848 0.308611 0.45695 0.475097 0.500291 0.34537
threshold=-0.014057961069557865 0.014842651669355294 -0.06872940168536372 -0.081105915670186365 -0.00055718676248422961 0.011350971790064947 0.0017659218076195862
decision_type=2 2 8 10 2 2 2
left_child=1 -1 3 4 -2 6 -6
right_child=2 -3 -4 -5 5 -7 -8
leaf_value=-4.3259975102236884e-05 -0.00017888434376788325 2.8549984176408637e-05 -1.7768035730396438e-05 0.00039535245897539715 0.0003053713690037397 -5.2089886319652981e-05 3.0577629595607903e-05
leaf_weight=34 58 30 506 26 25 30 26
leaf_count=34 58 30 506 26 25 30 26
internal_value=-0.00105442 0.0028125 -0.00142325 0.000454544 -0.000683454 0.00179012 0.00480392
internal_weight=735 64 671 165 139 81 51
internal_count=735 64 671 165 139 81 51
is_linear=0
shrinkage=0.05


Tree=58
num_leaves=8
num_cat=0
split_feature=11 2 13 3 13 13 15
split_gain=0.38691 0.461687 0.297182 0.494613 0.470133 0.505114 0.672359
threshold=-0.020756034341227022 -0.062133005330121165 13.444999694824221 0.0012683398620065847 14.340000152587892 14.824999809265138 0.0068808223629294183
decision_type=2 2 2 2 2 2 2
left_child=1 -1 -2 4 -4 -6 -7
right_child=2 -3 3 -5 5 6 -8
leaf_value=-2.1970810313798043e-05 7.6429317437900587e-05 0.00016112843454363799 -0.00019846631327951792 -3.8630778092807553e-05 0.00067447769697866276 -3.6895513595584327e-05 0.00026585850142259062
leaf_weight=33 97 41 51 240 25 226 37
leaf_count=33 97 41 51 240 25 226 37
internal_value=-0.001 0.00243243 -0.00137574 -0.00180484 -0.000575222 0.000208332 -0.000437264
internal_weight=750 74 676 579 339 288 263
internal_count=750 74 676 579 339 288 263
is_linear=0
shrinkage=0.05


Tree=59
num_leaves=8
num_cat=0
split_feature=7 15 12 12 12 9 0
split_gain=0.447182 0.259446 0.290021 0.538125 0.439024 0.714583 0.419688
threshold=-0.068088914923249907 0.0089421778448571815 0.020704081019033652 0.024727587984372471 -0.028469952569234454 -0.038526842512565267 0.0085751237067025494
decision_type=2 2 2 2 2 10 2
left_child=-1 2 4 -4 5 -2 -5
right_child=1 -3 3 6 -6 -7 -8
leaf_value=2.2647339728900341e-05 -1.5867508693279576e-05 -8.3272130501437075e-05 0.00014522579420491125 -1.024781639905973e-05 -3.6953867592844176e-05 0.00022018276273703502 0.00024177664636383761
leaf_weight=39 32 134 31 200 239 28 55
leaf_count=39 32 134 31 200 239 28 55
internal_value=-0.00124011 -0.00152295 -0.00106838 6.99289e-05 -0.00215719 0.00166667 -0.000686276
internal_weight=758 719 585 286 299 60 255
internal_count=758 719 585 286 299 60 255
is_linear=0
shrinkage=0.05


Tree=60
num_leaves=8
num_cat=0
split_feature=11 0 3 8 12 7 7
split_gain=0.390165 0.300197 0.278015 0.327178 0.298357 0.488697 0.542691
threshold=-0.023324980459216712 -0.010078977543984678 0.010005038949719493 -0.1241994209244922 0.020704081019033652 -0.021629731601358278 -0.0038290785103224363
decision_type=2 2 2 10 2 2 2
left_child=1 -1 3 -2 -5 -6 -7
right_child=2 -3 -4 4 5 6 -8
leaf_value=9.3492443095123884e-05 4.2432272181450599e-05 -3.694143115372226e-05 -9.0442917826998959e-05 -2.1401459260460564e-05 -0.0001311406398651934 0.00024520684711231078 -4.092815607208257e-06
leaf_weight=25 35 32 50 288 65 48 210
leaf_count=25 35 32 50 288 65 48 210
internal_value=-0.00108234 0.00289474 -0.00140805 -0.00113003 -0.00139935 -0.000356038 0.000620154
internal_weight=753 57 696 646 611 323 258
internal_count=753 57 696 646 611 323 258
is_linear=0
shrinkage=0.05


Tree=61
num_leaves=8
num_cat=0
split_feature=5 4 1 9 8 6 5
split_gain=0.394565 0.57573 1.16066 0.493921 0.369726 0.478827 0.512928
threshold=0.014842651669355294 0.025012536959228129 0.0087409946469133599 -0.1366940612276378 0.049630041342424665 -0.40788096602359181 0.014161791101508179
decision_type=2 2 2 8 8 2 2
left_child=4 2 -2 -3 5 -1 -7
right_child=1 3 -4 -5 -6 6 -8
leaf_value=-8.2235046133405392e-05 0.00015589393927701591 0.00037142165505240168 -3.9035949233199503e-06 -3.0731428697769504e-05 -0.00014192626682561931 8.7991953076642691e-06 -0.0001745684495161987
leaf_weight=157 25 37 37 177 82 182 39
leaf_count=157 25 37 37 177 82 182 39
internal_value=-0.00105978 0.000434781 0.00467742 -0.000794394 -0.00195652 -0.0012963 0.000203619
internal_weight=736 276 62 214 460 378 221
internal_count=736 276 62 214 460 378 221
is_linear=0
shrinkage=0.05


Tree=62
num_leaves=8
num_cat=0
split_feature=13 3 13 3 13 15 10
split_gain=0.295547 0.535185 0.40628 0.382 0.775838 0.384639 0.44143
threshold=13.484999656677248 0.0020592185676319157 14.244999885559084 0.0012683398620065847 14.795000076293947 0.0068808223629294183 -0.0032012772633666082
decision_type=2 2 2 2 2 2 2
left_child=1 -1 -2 4 -4 6 -6
right_child=2 -3 3 -5 5 -7 -8
leaf_value=-4.690272444409046e-06 -0.00014037426691114428 0.00012555228992115026 0.00060179070547997234 -1.6943511402861234e-05 7.7846599785242749e-06 0.00022815150635968368 -7.0380801108668687e-05
leaf_weight=60 68 48 26 236 103 46 164
leaf_count=60 68 48 26 236 103 46 164
internal_value=-0.00093875 0.00148148 -0.00134526 -0.000913045 0.000162241 -0.000527158 -0.00125468
internal_weight=751 108 643 575 339 313 267
internal_count=751 108 643 575 339 313 267
is_linear=0
shrinkage=0.05


Tree=63
num_leaves=8
num_cat=0
split_feature=8 6 13 9 14 0 3
split_gain=0.381039 0.295083 0.673544 0.56641 0.256414 0.320718 0.595487
threshold=0.046452789303647275 0.98420687863826861 17.994999885559086 -0.036251260010014545 -0.077913276979976895 -0.0011661906704747425 -0.005186356211547615
decision_type=10 2 2 8 2 2 2
left_child=1 4 3 -3 -1 -6 -7
right_child=-2 2 -4 -5 5 6 -8
leaf_value=-5.6919539299205603e-05 -7.7226197998291979e-05 0.00021518547423291401 -3.313024845939574e-05 0.00018603864067663441 -5.8634154593246646e-05 0.00021512976927913548 -3.3164260261971997e-06
leaf_weight=43 128 27 45 25 251 29 204
leaf_count=43 128 27 45 25 251 29 204
internal_value=-0.00134309 -0.000833335 0.00170103 0.00557692 -0.00129981 -0.000971076 0.000364806
internal_weight=752 624 97 52 527 484 233
internal_count=752 624 97 52 527 484 233
is_linear=0
shrinkage=0.05


Tree=64
num_leaves=8
num_cat=0
split_feature=13 1 14 13 3 11 8
split_gain=0.371493 0.628034 0.638514 0.373433 0.342164 0.80334 0.423619
threshold=13.444999694824221 -0.0092794007920565229 -0.0049345356588886271 14.444999694824221 0.00059384516862515124 0.025734816417073651 0.014760624592789597
decision_type=2 2 2 2 2 2 10
left_child=1 -1 -3 -2 5 -5 -6
right_child=3 2 -4 4 6 -7 -8
leaf_value=0.00010969156027255984 -2.8802706955381551e-05 -0.00020713979807177523 0.00032619966960682084 -2.1026303514574945e-05 -8.7407067764774462e-05 0.00021377493357154994 1.3375946853785515e-06
leaf_weight=27 81 42 32 272 171 33 74
leaf_count=27 81 42 32 272 171 33 74
internal_value=-0.00137978 0.00143564 -0.000945947 -0.00183043 -0.00136364 -0.000245903 -0.0027551
internal_weight=732 101 74 631 550 305 245
internal_count=732 101 74 631 550 305 245
is_linear=0
shrinkage=0.05


Tree=65
num_leaves=8
num_cat=0
split_feature=13 9 6 1 3 3 16
split_gain=0.458484 0.411173 0.366179 0.991442 0.368876 0.457875 0.443077
threshold=26.284999847412113 0.039241153566892846 0.96445371687584691 0.0029898946255843 -0.0066030332336158839 -0.005186356211547615 -0.013168087426008888
decision_type=2 10 2 2 2 2 2
left_child=1 2 4 -4 -1 -6 -7
right_child=-2 -3 3 -5 5 6 -8
leaf_value=-4.5223148032449252e-05 0.00014954523716838764 -8.4382957774183808e-05 -9.1838161355133963e-05 0.00048643698476176511 0.00013607712401298409 4.1610489628150363e-06 -4.9300811879519525e-05
leaf_weight=65 31 142 62 32 30 90 300
leaf_count=65 31 142 62 32 30 90 300
internal_value=-0.0012766 -0.00153259 -0.000941279 0.00191489 -0.00149485 -0.000952382 -0.00141026
internal_weight=752 721 579 94 485 420 390
internal_count=752 721 579 94 485 420 390
is_linear=0
shrinkage=0.05


Tree=66
num_leaves=8
num_cat=0
split_feature=1 9 4 1 3 1 13
split_gain=0.334657 0.357966 0.514793 0.836358 1.28504 0.816218 0.585963
threshold=0.034551889327723358 0.13140034277156223 0.020355452767416817 0.014865803157252168 0.0032094659359410698 0.022741823663511965 16.579999923706058
decision_type=2 10 2 2 2 2 2
left_child=1 2 3 4 6 -4 -1
right_child=-2 -3 5 -5 -6 -7 -8
leaf_value=-0.00012919077491374193 -7.3543772818851147e-05 -0.00030711890296143966 -1.5401560936537783e-05 -0.00013502984135989714 0.00038837264370034785 9.5893889713098265e-05 0.00016855937242682195
leaf_weight=38 101 40 430 47 25 35 29
leaf_count=38 101 40 430 47 25 35 29
internal_value=-0.000838927 -0.000419256 -0.000115895 0.00255396 0.00532609 -0.00091398 0.00171642
internal_weight=745 644 604 139 92 465 67
internal_count=745 644 604 139 92 465 67
is_linear=0
shrinkage=0.05


Tree=67
num_leaves=8
num_cat=0
split_feature=8 11 8 16 16 9 13
split_gain=0.297368 0.311933 0.720764 0.390091 0.395573 0.274046 0.5236
threshold=-0.1241994209244922 -0.020756034341227022 -0.046962765744195327 -0.015578031479648645 -0.01339182089919899 0.047709785593297756 13.305000305175783
decision_type=8 2 8 2 2 8 2
left_child=-1 2 -2 -3 -5 6 -6
right_child=1 3 -4 4 5 -7 -8
leaf_value=1.3454334171814505e-05 0.00012344629792569858 -3.079774460151531e-05 -1.1907623415628737e-05 1.2923292996524149e-05 0.00026647647900694064 -8.6155952658248123e-05 -3.0759420711121981e-05
leaf_weight=28 26 102 48 25 41 209 283
leaf_count=28 26 102 48 25 41 209 283
internal_value=-0.00112861 -0.00132153 0.00175676 -0.00166667 -0.00114695 -0.00143527 -0.000524693
internal_weight=762 734 74 660 558 533 324
internal_count=762 734 74 660 558 533 324
is_linear=0
shrinkage=0.05


Tree=68
num_leaves=8
num_cat=0
split_feature=5 10 1 10 12 5 2
split_gain=0.288141 0.463238 0.346913 0.333589 0.439197 0.80708 0.842919
threshold=0.012719888929478129 0.0046724002397113837 0.014865803157252168 -0.01521359351313417 0.020229769594439787 0.01411436241953783 -1.0000000180025095e-35
decision_type=2 2 2 2 2 2 2
left_child=1 -1 -3 -2 -5 6 -6
right_child=3 2 -4 4 5 -7 -8
leaf_value=-5.5262554206844059e-05 5.951807323546169e-05 0.00020990947482698777 -0.00025776375077229881 -1.4013706944351909e-05 0.00022283182539961101 -2.0188494671278813e-05 -2.9941291234113963e-05
leaf_weight=157 30 37 26 267 29 172 35
leaf_count=157 30 37 26 267 29 172 35
internal_value=-0.000750333 -0.00227273 0.00134921 -0.000121952 -0.000427437 0.00114407 0.0059375
internal_weight=753 220 63 533 503 236 64
internal_count=753 220 63 533 503 236 64
is_linear=0
shrinkage=0.05


Tree=69
num_leaves=8
num_cat=0
split_feature=13 13 13 12 10 0 1
split_gain=0.390515 0.631233 0.569753 0.4121 0.306639 0.413774 0.800176
threshold=13.444999694824221 13.174999713897707 14.715000152587892 0.046695407011373098 -0.01521359351313417 -0.00057709630315366789 0.028875604883396803
decision_type=2 2 2 2 2 2 2
left_child=1 3 -2 -1 -4 -6 -7
right_child=2 -3 4 -5 5 6 -8
leaf_value=-2.9141761096835679e-05 -4.0439592782229448e-05 9.3375067476146882e-05 4.2808944833529449e-05 0.00043472118185016454 -3.4765906766366295e-05 8.8607655239123658e-06 -0.00026459373007722869
leaf_weight=48 109 25 33 25 246 211 53
leaf_count=48 109 25 33 25 246 211 53
internal_value=-0.000800001 0.00214286 -0.00124233 -0.000205481 -0.000580112 -0.000882354 0.000492423
internal_weight=750 98 652 73 543 510 264
internal_count=750 98 652 73 543 510 264
is_linear=0
shrinkage=0.05


end of trees

feature_importances:
ret_1d=42
vix_level=41
dist_ma50=40
dvol_z_20=37
dist_ma200=37
overnight_gap=34
spy_ret_5d=31
parkinson_20=28
atr_pct=26
sector_ret_5d=26
ret_5d=25
dist_ma20=25
spy_ret_20d=24
ret_20d=23
vix_chg_1d=19
sector_ret_1d=18
spy_ret_1d=14

parameters:
[boosting: gbdt]
[objective: quantile]
[metric: quantile]
[tree_learner: serial]
[device_type: cpu]
[data_sample_strategy: bagging]
[data: ]
[valid: ]
[num_iterations: 80]
[learning_rate: 0.05]
[num_leaves: 8]
[num_threads: 1]
[seed: 0]
[deterministic: 0]
[force_col_wise: 1]
[force_row_wise: 0]
[histogram_pool_size: -1]
[max_depth: -1]
[min_data_in_leaf: 25]
[min_sum_hessian_in_leaf: 0.001]
[bagging_fraction: 0.9]
[pos_bagging_fraction: 1]
[neg_bagging_fraction: 1]
[bagging_freq: 1]
[bagging_seed: 3]
[bagging_by_query: 0]
[feature_fraction: 0.9]
[feature_fraction_bynode: 1]
[feature_fraction_seed: 2]
[extra_trees: 0]
[extra_seed: 6]
[early_stopping_round: 0]
[early_stopping_min_delta: 0]
[first_metric_only: 0]
[max_delta_step: 0]
[lambda_l1: 0]
[lambda_l2: 0]
[linear_lambda: 0]
[min_gain_to_split: 0]
[drop_rate: 0.1]
[max_drop: 50]
[skip_drop: 0.5]
[xgboost_dart_mode: 0]
[uniform_drop: 0]
[drop_seed: 4]
[top_rate: 0.2]
[other_rate: 0.1]
[min_data_per_group: 100]
[max_cat_threshold: 32]
[cat_l2: 10]
[cat_smooth: 10]
[max_cat_to_onehot: 4]
[top_k: 20]
[monotone_constraints: ]
[monotone_constraints_method: basic]
[monotone_penalty: 0]
[feature_contri: ]
[forcedsplits_filename: ]
[refit_decay_rate: 0.9]
[cegb_tradeoff: 1]
[cegb_penalty_split: 0]
[cegb_penalty_feature_lazy: ]
[cegb_penalty_feature_coupled: ]
[path_smooth: 0]
[interaction_constraints: ]
[verbosity: -1]
[saved_feature_importance_type: 0]
[use_quantized_grad: 0]
[num_grad_quant_bins: 4]
[quant_train_renew_leaf: 0]
[stochastic_rounding: 1]
[linear_tree: 0]
[max_bin: 255]
[max_bin_by_feature: ]
[min_data_in_bin: 3]
[bin_construct_sample_cnt: 200000]
[data_random_seed: 1]
[is_enable_sparse: 1]
[enable_bundle: 1]
[use_missing: 1]
[zero_as_missing: 0]
[feature_pre_filter: 1]
[pre_partition: 0]
[two_round: 0]
[header: 0]
[label_column: ]
[weight_column: ]
[group_column: ]
[ignore_column: ]
[categorical_feature: ]
[forcedbins_filename: ]
[precise_float_parser: 0]
[parser_config_file: ]
[objective_seed: 5]
[num_class: 1]
[is_unbalance: 0]
[scale_pos_weight: 1]
[sigmoid: 1]
[boost_from_average: 1]
[reg_sqrt: 0]
[alpha: 0.9]
[fair_c: 1]
[poisson_max_delta_step: 0.7]
[tweedie_variance_power: 1.5]
[lambdarank_truncation_level: 30]
[lambdarank_norm: 1]
[label_gain: ]
[lambdarank_position_bias_regularization: 0]
[eval_at: ]
[multi_error_top_k: 1]
[auc_mu_weights: ]
[num_machines: 1]
[local_listen_port: 12400]
[time_out: 120]
[machine_list_filename: ]
[machines: ]
[gpu_platform_id: -1]
[gpu_device_id: -1]
[gpu_device_id_list: ]
[gpu_use_dp: 0]
[num_gpu: 1]

end of parameters

pandas_categorical:[]
