tree
version=v4
num_class=1
num_tree_per_iteration=1
label_index=0
max_feature_idx=16
objective=quantile
feature_names=ret_1d ret_5d ret_20d overnight_gap atr_pct parkinson_20 dvol_z_20 dist_ma20 dist_ma50 dist_ma200 spy_ret_1d spy_ret_5d spy_ret_20d vix_level vix_chg_1d sector_ret_1d sector_ret_5d
feature_infos=[-0.28271675998116264:0.26213022710131573] [-0.2823308270676691:0.3392872404068028] [-0.35242628992628999:0.87801899592944355] [-0.19371042854900322:0.19478260869565212] [0.0038556599110232477:0.11596638268174814] [0.0026905570036636619:0.055294172765416885] [-2.7766085648473053:4.3476992857154855] [-0.26404824844262709:0.38707193372219617] [-0.33207791903359141:0.56173132038002382] [-0.39165408213588848:1.2092229859042423] [-0.058542947643003718:0.10501933612632941] [-0.11496158439845272:0.082843216242346029] [-0.12265592443394913:0.15756596870864792] [11.859999656677246:52.330001831054688] [-0.35753873962348437:0.74039073966007019] [-0.055499239736441885:0.039932885906040161] [-0.11075949367088611:0.072664359861591699]
tree_sizes=2921 3013 3046 2994 3002 3008 3020 3025 3006 3037 3030 3009 3051 3024 3031 2988 3014 2996 3022 3012 2999 3011 3029 3046 3030

Tree=0
num_leaves=31
num_cat=0
split_feature=4 10 16 16 8 8 12 14 13 14 10 12 3 13 16 15 9 13 10 12 14 12 14 14 10 3 13 13 15 12
split_gain=33.7289 19.5168 27.7402 10.6219 7.38211 5.24779 4.67435 5.39782 11.8393 12.4723 10.684 7.23057 8.42145 8.27179 7.56436 5.96977 5.00203 8.11185 13.1903 10.9291 8.04592 9.59631 4.61556 7.85924 9.57088 3.86832 3.45964 3.03966 3.48072 2.87228
threshold=0.032771879413803412 -0.017312021268647334 0.019344740143780185 0.064675615437763026 -0.078068877156468916 0.079235607829723512 0.043286843097797296 -0.031629138048926246 12.555000305175783 0.023650626144740231 0.0060647119333787644 0.044995713413884093 0.0001623113515832886 17.250000000000004 0.0022696551102643352 0.0071498220096308804 -0.045648348377021079 20.659999847412113 0.0095885339556018873 -0.05023266322533259 0.11068884178819839 0.015760978706321874 0.052213768787031663 -0.041810588725082691 0.012727051103036626 -1.0000000180025095e-35 21.555000305175785 39.645000457763679 0.010302766187873071 -0.0052152181904612785
decision_type=2 2 2 2 10 8 2 2 2 2 2 2 2 2 2 2 10 2 2 2 2 2 2 2 2 2 2 2 2 2
left_child=1 2 5 4 22 27 16 11 9 10 -9 12 -8 -13 -15 -16 17 19 26 -6 -21 -22 23 -3 29 -20 -19 28 -1 -25
right_child=-2 3 -4 -5 6 -7 7 8 -10 -11 -12 13 -14 14 15 -17 -18 18 25 20 21 -23 -24 24 -26 -27 -28 -29 -30 -31
leaf_value=-0.015397726558592277 -0.016777358970807742 -0.01552275606289856 -0.018207229773212534 -0.01662834287167279 -0.017155073469469519 -0.016557613527405944 -0.016457282341667726 -0.015710212117784055 -0.015718989638903468 -0.016620001522528727 -0.016477168647395683 -0.015698707747368909 -0.015974243762661846 -0.016493865229878064 -0.016291677127379924 -0.015434629064556626 -0.015737402839723042 -0.016380553668922181 -0.016246726865463874 -0.015790772994797933 -0.015889202036993934 -0.016713084745688344 -0.015504397974224551 -0.016360443885683827 -0.016495251222906744 -0.01667526052318271 -0.015788808804091954 -0.016498086135244186 -0.016426958082425891 -0.01598563778979669
leaf_weight=208 1889 250 52 70 65 85 48 145 2200 48 53 530 53 45 214 97 10743 54 40 3701 90 66 216 255 57 42 176 40 60 273
leaf_count=208 1889 250 52 70 65 85 48 145 2200 48 53 530 53 45 214 97 10743 54 40 3701 90 66 216 255 57 42 176 40 60 273
internal_value=-0.0158793 -0.0152754 -0.0256292 -0.0150395 -0.0149695 -0.0210882 -0.0147368 -0.0164009 -0.0151415 -0.0255443 -0.020001 -0.0195221 -0.0321973 -0.0180772 -0.0239719 -0.0211995 -0.0143554 -0.0158109 -0.0235704 -0.0151937 -0.014851 -0.0259742 -0.0190452 -0.0207305 -0.0239016 -0.0407882 -0.0174319 -0.018053 -0.016134 -0.0218003
internal_weight=21865 19976 445 19531 19461 393 18410 3433 2446 246 198 987 101 886 356 311 14977 4234 312 3922 3857 156 1051 835 585 82 230 308 268 528
internal_count=21865 19976 445 19531 19461 393 18410 3433 2446 246 198 987 101 886 356 311 14977 4234 312 3922 3857 156 1051 835 585 82 230 308 268 528
is_linear=0
shrinkage=1


Tree=1
num_leaves=31
num_cat=0
split_feature=5 10 16 16 8 12 14 4 16 8 11 12 13 12 11 11 0 14 10 14 12 12 4 0 14 11 11 12 11 14
split_gain=27.3789 12.2656 27.5117 10.3329 6.12991 5.24117 5.81806 4.64546 5.77443 4.34716 4.311 13.8693 5.20871 5.22412 4.74619 3.80682 3.73506 3.45902 8.93078 3.65407 3.74096 5.87724 3.14124 2.96666 3.55143 2.93843 6.52421 4.70175 3.45273 2.83942
threshold=0.022636845397783916 -0.017312021268647334 0.019344740143780185 0.064675615437763026 -0.078068877156468916 0.043286843097797296 -0.10816573528732347 0.021466562587182852 -0.056920326002612258 0.07795375750274737 0.0026615603308526308 0.044456932771925313 13.34500026702881 0.073733848686565309 0.0013310073142193126 0.011915728697621366 -0.03026915797106788 -0.041810588725082691 0.012727051103036626 0.052213768787031663 -0.0052152181904612785 -0.019977139710358579 0.024032802888524506 -0.023043826895993044 -0.033094273980848292 0.01562981784988882 0.014107159275651539 0.061412556981192197 0.012210524759260101 0.076607678117126224
decision_type=2 2 2 2 10 2 2 2 2 8 2 2 2 2 2 2 2 2 2 2 2 2 2 2 2 2 2 2 2 2
left_child=1 2 9 4 17 7 -7 8 -6 16 11 -8 14 -14 -13 -12 -1 -3 19 20 21 -19 -23 24 -9 26 28 -28 -17 -27
right_child=-2 3 -4 -5 5 6 10 23 -10 -11 15 12 13 -15 -16 25 -18 18 -20 -21 -22 22 -24 -25 -26 29 27 -29 -30 -31
leaf_value=-0.00061741533523242186 -0.00096478376928025526 0.00024641104481182497 -0.0019815683683777844 -0.00076684857524193328 -0.0012862562895952776 -0.00034032043879444373 -0.00054184654706223927 -0.00047886872310839816 0.00014811220730868643 -0.00069075074400280941 0.00028085925744452577 -0.0004659877008374154 0.00026609796187432262 -0.00097726545195180622 9.4045039747951361e-05 -0.00024924394108397606 0.00013879984719527839 -0.00026813843678506928 -0.00057630922550149476 0.00030120600189489992 -6.017480517286518e-05 -0.0004634948027062828 -0.00040658950424691154 1.9145989993477814e-05 -0.00010193634336391946 5.581066264861716e-05 -0.00036544702443426312 -8.438347081941405e-05 0.00028599393083815239 -0.00028909860846739361
leaf_weight=40 1543 293 49 67 54 66 54 48 11810 84 1174 82 419 70 57 44 285 171 53 241 277 71 41 3089 167 1146 72 47 144 76
leaf_count=40 1543 293 49 67 54 66 54 48 11810 84 1174 82 419 70 57 44 285 171 53 241 277 71 41 3089 167 1146 72 47 144 76
internal_value=4.67163e-05 0.000534966 -0.00755458 0.000721777 0.000788222 0.00100677 -0.000751956 0.00140691 0.00186868 -0.00331296 -0.000465288 -0.0040176 -0.00192675 0.000501023 -0.0104676 0.000431003 -0.000692307 -0.00275937 -0.00436768 -0.00305243 -0.00526786 -0.00931095 -0.0182143 -0.00025121 -0.00593023 -0.00121321 -0.00558632 -0.0147479 0.000212766 -0.000114566
internal_weight=21834 20291 458 19833 19766 18619 3451 15168 11864 409 3385 682 628 489 139 2703 325 1147 854 801 560 283 112 3304 215 1529 307 119 188 1222
internal_count=21834 20291 458 19833 19766 18619 3451 15168 11864 409 3385 682 628 489 139 2703 325 1147 854 801 560 283 112 3304 215 1529 307 119 188 1222
is_linear=0
shrinkage=0.05


Tree=2
num_leaves=31
num_cat=0
split_feature=4 16 8 11 16 3 11 5 4 11 12 11 12 11 9 11 11 16 12 0 16 16 13 9 12 11 2 16 16 16
split_gain=25.2004 6.61205 5.77643 6.99069 5.17936 10.1828 4.77776 4.48206 4.03333 3.79515 3.4353 4.85184 11.4465 5.63571 8.15809 3.43563 5.79259 2.97947 2.86162 2.98733 2.70331 3.86195 6.39228 5.5132 5.09648 8.35906 5.17512 4.91587 4.06614 8.20179
threshold=0.037421705241340794 0.064675615437763026 0.10133595614458159 -0.043674056524097109 -0.056920326002612258 0.0048924676891928262 0.029305077851743303 0.013682087305882768 0.020597089648204007 -0.019621602504463761 0.043286843097797296 0.0026615603308526308 0.044456932771925313 -0.0065232483108689778 0.024219961375782643 0.014107159275651539 0.01562981784988882 -0.0031347923177756916 0.12384637745116912 -0.025857015432663385 0.0042364834636962065 -0.00040785437260415497 12.694999694824221 0.10504474337323923 -0.0011596324607267003 0.00053834779161687784 -0.035695940341412762 0.0039629574884485494 -0.018420588780423405 -0.017626754491022353
decision_type=2 2 8 2 2 2 2 2 2 2 2 2 2 2 10 2 2 2 2 2 2 2 2 8 2 2 2 2 2 2
left_child=1 2 3 8 5 -5 -4 10 -1 -2 20 12 -12 -14 17 -13 -17 -15 19 -9 21 23 -23 -6 25 26 -24 -27 -25 -30
right_child=9 -3 6 4 7 -7 -8 18 -10 -11 11 15 13 14 -16 16 -18 -19 -20 -21 -22 22 24 28 -26 27 -28 -29 29 -31
leaf_value=-0.0018309530085950177 -0.00060641969893485961 -0.00063864790668236764 -0.00010890574354166341 -4.2111990891781148e-05 0.00020955443744716381 -0.0018190246867976921 -0.00057724506221664589 -0.0004766499866689347 -0.00036539674879784625 -0.0010034817494259946 -0.00049320775704781393 0.00022759636926138473 0.00038767800113068764 -0.00020600018728769189 -0.00061489771101981778 -0.00026400923799336492 -2.618501138491037e-06 0.0002833492439877649 -0.0005320450354020554 -9.0878760127720278e-06 0.00019115253547995637 -0.00075787159792353005 -0.00023856476545208087 0.00015948099783149388 7.3753968143608708e-05 0.00040424757767936977 -0.0010337608014216637 -0.00033275243677100106 -0.00094241257804866655 -8.0763191564807134e-05
leaf_weight=45 220 71 1178 109 3577 40 79 197 90 1157 47 1154 213 83 105 94 973 131 48 3647 5553 46 40 904 711 156 55 40 64 1023
leaf_count=45 220 71 1178 109 3577 40 79 197 90 1157 47 1154 213 83 105 94 973 131 48 3647 5553 46 40 904 711 156 55 40 64 1023
internal_value=7.32267e-05 0.000513603 0.000566611 0.000782189 0.000862704 -0.00842282 -0.00271679 0.000936059 -0.0105556 -0.00647422 0.00132908 -0.00025 -0.00432642 -0.00223684 -0.00644201 0.000812697 -0.00123243 -0.000841121 -0.000575539 -0.000424037 0.00169242 0.00100967 -0.00177481 0.00153376 -0.000938124 -0.00651203 -0.0186842 -0.000612245 -0.000575088 -0.00263569
internal_weight=21850 20473 20402 19145 19010 149 1257 18861 135 1377 14969 2800 579 532 319 2221 1067 214 3892 3844 12169 6616 1048 5568 1002 291 95 196 1991 1087
internal_count=21850 20473 20402 19145 19010 149 1257 18861 135 1377 14969 2800 579 532 319 2221 1067 214 3892 3844 12169 6616 1048 5568 1002 291 95 196 1991 1087
is_linear=0
shrinkage=0.05


Tree=3
num_leaves=31
num_cat=0
split_feature=14 12 16 13 9 0 8 8 16 0 12 13 13 13 14 12 13 11 14 16 2 10 10 10 1 11 13 1 13 9
split_gain=10.9968 15.6271 15.8059 9.39613 8.85313 8.83454 8.23886 7.45465 5.84335 4.47678 4.2808 5.19876 5.67562 3.60678 7.29189 8.01941 7.96003 5.97248 4.71728 3.59895 3.15198 2.97276 3.06373 8.90245 2.9254 2.86225 6.6823 2.81925 2.80372 10.0532
threshold=0.15436855290822041 -0.027198367137832798 0.019344740143780185 18.035000801086429 0.22319982478116032 -0.0030339450730897939 -0.056644764657022444 0.06139673309103278 0.064675615437763026 0.045671114334168823 0.066100470646601531 17.250000000000004 17.445000648498539 12.694999694824221 0.023650626144740231 0.048152428754814187 12.644999980926515 0.023061662230793093 -0.0067330833557224237 0.019763638151547473 0.036718887069873703 -0.0042544588401209329 -0.0023625284956628185 -0.0026276635212834072 -0.099446697111486057 0.016901254843129102 18.595000267028812 0.028149145117753575 21.134999275207523 0.22319982478116032
decision_type=2 2 2 2 10 2 10 8 2 2 2 2 2 2 2 2 2 2 2 2 2 2 2 2 2 2 2 2 2 8
left_child=4 2 7 5 6 -3 21 -2 10 -6 13 -12 -13 14 16 -16 17 19 28 -8 27 -1 23 -23 -24 -26 -27 -14 -15 -30
right_child=1 3 -4 -5 9 -7 8 -9 -10 -11 11 12 20 18 15 -17 -18 -19 -20 -21 -22 22 24 -25 25 26 -28 -29 29 -31
leaf_value=6.7071250955062133e-05 -0.00025641914795646877 -0.00040386330350483142 -0.0024221952392962909 0.00024082807472830477 -0.00044219460895461213 -0.00077867261985748977 0.00029089961063238473 -0.00082129448537999127 -0.00060716818258457696 -0.0015639731178735969 0.00024541587768067187 -0.00056236435063579415 3.5806225526711309e-05 6.1755373720801939e-05 -2.85092881415705e-05 -0.00060804738606250403 -0.00080709122456575771 -0.00039371179240342644 0.00016301874659302575 -0.0003062808393170941 -0.0005730403120216258 -0.00021342555976204032 -0.0015527714837564614 -0.0016462126215762451 -3.9248572890093492e-05 -0.00016584399680081828 -0.00041350209887236586 -0.00029101562918901013 -3.4000271281886745e-05 -0.00059050910479013753
leaf_weight=659 121 62 56 359 1001 45 643 64 66 67 352 62 402 6827 47 48 51 64 7891 70 156 171 72 49 1011 265 112 44 928 89
leaf_count=659 121 62 56 359 1001 45 643 64 66 67 352 62 402 6827 47 48 51 64 7891 70 156 171 72 49 1011 265 112 44 928 89
internal_value=0.000101583 -0.00603253 -0.0163693 -0.000686695 0.000306663 -0.0136916 0.000542607 -0.00932432 0.000910372 -0.00412921 0.000965826 -0.00218504 -0.00478916 0.001158 -0.00187974 -0.015 -0.000374396 0.000881596 0.00133619 0.00219495 -0.00330565 -0.00224669 -0.00336309 -0.00886364 -0.00253425 -0.0020245 -0.00574271 -0.00116592 0.000467874 -0.00198132
internal_weight=21854 707 241 466 21147 107 20079 185 17740 1068 17674 1016 664 16658 923 95 828 777 15735 713 602 2339 1680 220 1460 1388 377 446 7844 1017
internal_count=21854 707 241 466 21147 107 20079 185 17740 1068 17674 1016 664 16658 923 95 828 777 15735 713 602 2339 1680 220 1460 1388 377 446 7844 1017
is_linear=0
shrinkage=0.05


Tree=4
num_leaves=31
num_cat=0
split_feature=4 14 3 13 13 16 15 16 8 4 14 14 16 14 7 15 15 9 16 16 15 13 13 14 14 14 13 16 16 13
split_gain=22.1148 9.62343 7.11912 5.63465 6.61502 6.23841 9.69625 5.59421 4.58744 3.51839 3.35376 4.86309 4.6902 5.32462 2.52471 2.49697 8.64886 8.89024 2.58845 15.7718 13.7247 2.98377 4.88173 4.12129 6.2196 6.15337 5.52274 4.88869 5.40615 4.4589
threshold=0.036545290976373372 0.15436855290822041 0.011229707238381128 17.530000686645511 22.429999351501468 -0.015336414121764006 -0.0078921159811177737 0.064675615437763026 -0.056644764657022444 0.024895061025123028 -0.041810588725082691 0.052213768787031663 -0.056920326002612258 0.047546513885702975 0.013026545348990283 0.010633547695277914 0.010302766187873071 0.012281857871434322 -0.018420588780423405 -0.018098011019123058 -0.0041834097358540148 18.719999313354496 18.82499980926514 -0.0067330833557224237 -0.062752290881895975 -0.03897851358283843 23.529999732971195 0.016107503162616225 -0.0076046514022693459 19.72500038146973
decision_type=2 2 2 2 2 2 2 2 10 2 2 2 2 2 2 2 2 10 2 2 2 2 2 2 2 2 2 2 2 2
left_child=1 7 3 -3 -5 -6 -7 8 10 15 -1 12 -12 -14 -8 16 18 -18 -10 20 -20 -21 -23 24 -24 26 -26 28 -27 -30
right_child=-2 2 -4 4 5 6 14 -9 9 -11 11 -13 13 -15 -16 -17 17 -19 19 21 -22 22 23 -25 25 27 -28 -29 29 -31
leaf_value=0.00026207678387180062 -0.00086360811633516977 -0.00073878125396751237 -0.00089961475733680771 0.0001460830209196578 2.9895392057062438e-05 0.00054576977180545959 -0.0011031487239498289 -0.00059020212185988694 0.0002125379324556697 -0.00011089615886586277 -0.0012479529587990773 0.00025526470913056644 -0.0001492897534055615 -0.00042786845343530702 -0.0013198689155488989 0.00024085284486057994 0.00043830401888079735 -0.00081275452769275923 -9.4752323345497814e-05 0.00010059357914403327 -0.00094044190797273788 -0.00045325693670340649 0.00015965027095566424 0.00013587519112906755 -0.00014674345589302408 0.00029174554949857505 -0.00082224713032085428 0.00038166961426765102 -0.00020945985635169428 -0.00067552949871863433
leaf_weight=483 1464 47 51 297 101 42 42 67 2392 1842 77 414 890 58 47 2041 41 41 52 8947 45 46 437 1120 98 79 79 183 107 66
leaf_count=483 1464 47 51 297 101 42 42 67 2392 1842 77 414 890 58 47 2041 41 41 52 8947 45 46 437 1120 98 79 79 183 107 66
internal_value=0.000141962 0.000571372 -0.00552632 -0.00394097 -0.00246692 -0.0087931 -0.0159924 0.000766386 0.000815846 0.00106891 -0.00150364 -0.00271369 -0.00456098 -0.00359705 -0.0253371 0.00131038 0.00106787 -0.015122 0.00116512 0.000847766 -0.0192268 0.00102222 -0.000620767 -0.00027893 -0.00253098 -0.00578431 -0.0136441 -0.00258621 -0.00710317 -0.012052
internal_weight=21696 20232 627 576 529 232 131 19605 19538 17616 1922 1439 1025 948 89 15774 13733 82 13651 11259 97 11162 2215 2169 1049 612 177 435 252 173
internal_count=21696 20232 627 576 529 232 131 19605 19538 17616 1922 1439 1025 948 89 15774 13733 82 13651 11259 97 11162 2215 2169 1049 612 177 435 252 173
is_linear=0
shrinkage=0.05


Tree=5
num_leaves=31
num_cat=0
split_feature=5 10 16 16 16 16 5 12 10 10 3 10 5 8 9 15 12 10 15 11 15 12 15 4 8 8 10 3 4 3
split_gain=17.0667 12.162 18.8048 7.09089 4.09629 8.04305 7.05201 3.8121 7.40379 5.7542 6.52261 4.6096 3.46652 3.42902 3.41797 3.29882 3.78567 3.9984 12.7172 7.57732 4.95565 5.07028 11.948 4.58897 3.83866 3.27601 2.60764 2.21169 2.16455 2.50533
threshold=0.017186956927867838 -0.017312021268647334 0.019344740143780185 0.064675615437763026 -0.056920326002612258 -0.070608736806686542 0.012821724711580973 0.05735486248043898 0.0078861998307097076 0.0081956956278671517 -0.0088746636099200065 0.012727051103036626 0.025724245364013628 0.079235607829723512 -0.043765009033167983 0.0093608867568876226 0.024521717099064925 0.00063381300570131149 -0.011864917404437845 -0.020171836765592806 0.0082859921183273694 0.015760978706321874 -0.0011776004334795862 0.020002019056710774 -0.1018441018301801 0.063157045964769468 0.010824096152379449 0.0011615076408301175 0.051169171550889382 0.0070921985815602948
decision_type=2 2 2 2 2 2 2 2 2 2 2 2 2 8 10 2 2 2 2 2 2 2 2 2 10 8 2 2 2 2
left_child=1 2 13 4 5 -3 -7 14 -9 -10 -11 -12 -2 -1 15 16 17 20 -19 23 21 -6 -23 -20 -21 -13 -18 -14 -29 -30
right_child=12 3 -4 -5 7 6 -8 8 9 10 11 25 27 -15 -16 -17 26 18 19 24 -22 22 -24 -25 -26 -27 -28 28 29 -31
leaf_value=-0.00019617562686037972 -0.00027036353714062985 0.00059036407518587674 -0.0018790722403344848 -0.00055216597237600325 0.00011189150570243688 -0.0012095463892046281 -0.00020823670615243152 6.4591740903933683e-05 -0.00057675070131751329 -0.00067467116269905242 0.00014784320607558101 -0.00010368976577936566 -0.00078499675543081961 -0.00050614602293919749 0.0001301920209300662 0.00028002011887429416 0.00015192670464563439 -0.00042324841600677849 -0.00089279844298200393 -0.00035267514518069661 -0.00043774905447040662 2.9717274788637984e-05 -0.00070375766084927217 -0.00028300924293396204 5.4152819263868445e-07 -0.00037060806965539205 -0.00019030288352516077 -0.00060254053379972484 -0.0015448892265276194 -0.0009762126912166698
leaf_weight=288 1918 85 47 70 1362 44 47 1253 48 48 224 79 507 80 11226 934 1662 80 42 61 44 221 73 44 797 47 57 303 55 135
leaf_count=288 1918 85 47 70 1362 44 47 1253 48 48 224 79 507 80 11226 934 1662 80 42 61 44 221 73 44 797 47 57 303 55 135
internal_value=0.000146474 0.000694247 -0.00777108 0.000883653 0.000943825 -0.00664773 -0.016978 0.00101683 -0.00123896 -0.0067713 -0.00479899 -0.00242857 -0.0034133 -0.00396739 0.00124767 0.000211084 -0.000356741 -0.00151615 -0.00398437 -0.00236229 -2.94116e-05 0.000410628 -0.00554422 -0.0165116 -0.000944056 -0.0100794 0.00148051 -0.0058 -0.00818458 -0.0123684
internal_weight=21881 18963 415 18548 18478 176 91 18302 1699 446 398 350 2918 368 16603 5377 4443 2724 1024 944 1700 1656 294 86 858 126 1719 1000 493 190
internal_count=21881 18963 415 18548 18478 176 91 18302 1699 446 398 350 2918 368 16603 5377 4443 2724 1024 944 1700 1656 294 86 858 126 1719 1000 493 190
is_linear=0
shrinkage=0.05


Tree=6
num_leaves=31
num_cat=0
split_feature=4 10 16 10 15 12 11 10 15 15 15 8 14 15 12 15 9 13 14 12 14 14 15 12 13 11 11 12 13 12
split_gain=15.4867 10.2583 6.47028 4.40042 15.247 7.17816 11.1246 4.73416 4.79933 6.17913 4.53556 4.26998 4.96002 4.23683 20.7492 3.89602 3.54902 14.4236 9.34729 9.73764 11.8867 15.4164 9.36136 8.93732 7.60308 8.1572 4.70263 4.44689 5.82164 3.90084
threshold=0.028380212778952297 -0.029463617054616639 0.064675615437763026 0.010510729988004066 -0.014626787441218423 0.038282050085224013 0.014319949991421945 -0.017312021268647334 0.0014238691134920158 0.0017460006387365337 0.0085132820201773169 0.030998502813454069 -0.067583665573298909 0.007944695406372106 0.018300585025284647 0.010302766187873071 0.31331332208352874 13.234999656677248 0.11068884178819839 -0.0016966632192755291 0.014555585659076444 0.00619378828642947 -0.0011776004334795862 -0.0026166681708668089 20.659999847412113 -0.020756034341227022 -0.0070947588285928389 0.048152428754814187 21.82499980926514 0.04833072164899422
decision_type=2 2 2 2 2 2 2 2 2 2 2 8 2 2 2 2 8 2 2 2 2 2 2 2 2 2 2 2 2 2
left_child=1 -1 3 7 -5 -6 -7 8 -3 -10 13 -8 -13 16 -15 -11 27 -18 19 20 21 23 -20 24 25 -19 -26 -9 29 -29
right_child=-2 2 -4 4 5 6 11 10 9 15 -12 12 -14 14 -16 -17 17 18 22 -21 -22 -23 -24 -25 26 -27 -28 28 -30 -31
leaf_value=-0.0015109883890680118 -0.00050529044891927202 4.9808718598303578e-05 -0.00052897131394955747 -0.00038958941598936516 5.1932558103756112e-05 -0.00027241205186658875 0.00014516098527571887 0.00013168847977138858 -0.00076981048355175268 0.00066489351192691715 0.00022247077141989953 0.00038108419565869385 -0.0004222678617361876 -0.00046699148332564544 0.00020421491577415075 -0.00053341540711177797 -0.00053740470401983972 -0.00074001697621484282 6.0127332623904205e-05 0.00019091931535517536 0.00028562471795548706 -0.0012297650415245475 -0.00070273285359768458 -0.000542145104970859 -0.00016793507143332518 0.00010020803809952678 -0.00065479027892656092 -0.00039983533407867528 -0.00079981885061276349 -5.7967188052227708e-06
leaf_weight=67 2675 170 69 48 1322 94 195 9006 41 51 2856 52 100 47 135 65 105 80 47 1944 416 44 57 51 49 410 50 45 65 1502
leaf_count=67 2675 170 69 48 1322 94 195 9006 41 51 2856 52 100 47 135 65 105 80 47 1944 416 44 57 51 49 410 50 45 65 1502
internal_value=0.000152805 0.000649794 0.000718247 0.000773613 -0.00157096 -0.000813953 -0.00633787 0.00101996 -0.00493884 -0.011242 0.00113519 -0.00220461 -0.00848684 0.000766029 -0.00681319 -0.00534483 0.000865475 -0.000579465 2.85898e-05 0.000532195 -0.00322727 -0.0072807 -0.0147115 -0.0053125 -0.00357385 -0.00102041 -0.0162121 0.00130816 -0.00111042 -0.000494505
internal_weight=21858 19183 19116 19047 1811 1763 441 17236 327 157 16909 347 152 14053 182 116 13871 3253 3148 3044 1100 684 104 640 589 490 99 10618 1612 1547
internal_count=21858 19183 19116 19047 1811 1763 441 17236 327 157 16909 347 152 14053 182 116 13871 3253 3148 3044 1100 684 104 640 589 490 99 10618 1612 1547
is_linear=0
shrinkage=0.05


Tree=7
num_leaves=31
num_cat=0
split_feature=5 10 11 2 10 15 12 11 12 15 11 9 15 9 14 15 12 0 14 12 14 10 12 5 15 12 12 11 11 1
split_gain=17.7281 8.63039 6.05837 6.23696 3.40029 15.1858 7.83342 8.56858 5.49398 3.57577 4.36949 3.28842 2.82079 3.0015 9.09885 8.62897 7.37032 7.63541 5.74633 9.18858 9.75126 7.58551 15.0489 5.68605 3.97521 13.0655 3.20737 3.90473 9.90603 3.59656
threshold=0.018421201481536992 -0.017312021268647334 -0.043674056524097109 0.076622635302770928 0.010510729988004066 -0.014626787441218423 0.037928196515582775 0.014319949991421945 0.082959712719514869 -0.0059554537967125834 0.018680357320368105 0.71856366256308535 0.0085132820201773169 0.20977203497396682 0.11068884178819839 -0.0011776004334795862 -0.05023266322533259 -0.0097721510513302228 0.0066946732173895915 -0.0016966632192755291 0.005094684764536229 0.0033676747236286446 -0.017790362048334726 0.012132128531633205 0.007944695406372106 0.018300585025284647 0.048152428754814187 0.00036207217257600016 -0.0043480810751578827 0.031457057006537677
decision_type=2 2 2 2 2 2 2 2 2 2 2 10 2 8 2 2 2 2 2 2 2 2 2 2 2 2 2 2 2 2
left_child=1 2 -1 -4 12 -6 9 -8 -9 10 -7 -2 13 24 16 -16 17 -15 19 20 21 -18 23 -23 26 -26 -3 28 -28 -29
right_child=11 4 3 -5 5 6 7 8 -10 -11 -12 -13 -14 14 15 -17 18 -19 -20 -21 -22 22 -24 -25 25 -27 27 29 -30 -31
leaf_value=-0.0014118555293227829 -0.00054955830711735901 0.00012694397463815436 -6.8181927276378257e-05 -0.00055564515942143787 -0.00037366595698252797 -0.00058234560732608358 -0.00026717365266306915 4.751630172870277e-05 -0.00039718496108412079 0.00016219682056341973 0.00010540670838886449 -0.0013770520757369811 0.00018846891851999432 -9.4250173395474872e-05 -4.8571361863012102e-05 -0.00063946099003421401 7.0834586732450216e-05 -0.0015068791482432961 0.00018348201827590534 5.8929465961266138e-05 -0.00035640262962486659 0.00042862354291689969 -0.00083194005893805461 -0.00052472085067130196 -0.00053675751485960353 0.00025849216881535376 0.00013571171776772311 4.8093042625358574e-05 -0.00097589432267431288 -0.00040004678159912059
leaf_weight=71 2419 8872 310 53 44 42 99 269 70 1261 43 69 2928 63 67 63 316 47 1442 1299 77 99 65 89 40 87 89 1306 43 126
leaf_count=71 2419 8872 310 53 44 42 99 269 70 1261 43 69 2928 63 67 63 316 47 1442 1299 77 99 65 89 40 87 89 1306 43 126
internal_value=0.000171026 0.000681115 -0.00629032 -0.00367769 0.000840811 -0.00120897 -0.000493273 -0.00630137 -0.00252212 0.00139673 -0.00852941 -0.00380225 0.0010597 0.000768147 -0.000472842 -0.0134615 1.00088e-05 -0.0127273 0.000423679 -0.00134961 -0.00622291 -0.00396309 -0.010415 -0.00324468 0.00119426 -0.00759842 0.00130127 -0.000786445 -0.00901515 -2.79328e-05
internal_weight=21868 19380 434 363 18946 1828 1784 438 339 1346 85 2488 17118 14190 3627 130 3497 110 3387 1945 646 569 253 188 10563 127 10436 1564 132 1432
internal_count=21868 19380 434 363 18946 1828 1784 438 339 1346 85 2488 17118 14190 3627 130 3497 110 3387 1945 646 569 253 188 10563 127 10436 1564 132 1432
is_linear=0
shrinkage=0.05


Tree=8
num_leaves=31
num_cat=0
split_feature=4 10 11 8 12 10 15 12 14 10 14 13 11 3 13 13 9 15 12 15 14 14 15 15 14 12 13 12 8 13
split_gain=14.2212 8.99969 8.03851 7.46581 3.61561 8.12037 5.26094 9.18886 6.03633 4.91295 4.09865 4.04605 4.6188 4.75759 4.37722 5.81516 3.98279 3.93794 3.5049 4.73464 3.75148 8.15261 4.4763 10.6548 10.684 10.4867 7.46747 6.40155 3.73681 3.15986
threshold=0.037421705241340794 -0.017312021268647334 -0.043674056524097109 0.079235607829723512 0.05735486248043898 0.0056625653487155656 0.0076542272887412119 0.076145599776237818 -0.062752290881895975 0.014545922873123287 0.078404529959544514 12.765000343322756 0.022655282977909755 0.0020663097768456322 12.644999980926515 12.694999694824221 -0.045648348377021079 0.0073285442440219626 0.024521717099064925 0.010423810831923676 -0.091137781806863202 -0.11544121967691799 -0.0018699272977626411 -0.0012575965044297475 0.11068884178819839 -0.049048441539310476 20.659999847412113 -0.02797294646846021 0.0046814705804077992 21.82499980926514
decision_type=2 2 2 10 2 2 2 2 2 2 2 2 2 2 2 2 10 2 2 2 2 2 2 2 2 2 2 2 8 2
left_child=1 2 -1 -4 11 10 7 8 -7 -9 29 12 14 -14 17 -16 18 -3 19 20 21 -13 -22 -24 25 -25 28 -28 -27 -6
right_child=-2 4 3 -5 5 6 -8 9 -10 -11 -12 16 13 -15 15 -17 -18 -19 -20 -21 22 -23 23 24 -26 26 27 -29 -30 -31
leaf_value=-0.001438487299082138 -0.00072805600038661547 0.00017766474466038269 -8.4673167967744918e-05 -0.00049100147859585178 0.00022378828925992785 -9.6960569485592194e-05 0.00027723959070441483 0.0001206363001449539 -0.00048702472670032022 -0.00042330891580319121 -0.00024998491593946427 1.1259386510042644e-05 -0.00024467820145540343 -0.00065390028706668077 -0.00079120756606165213 -4.453700344967697e-05 0.00012257564919473471 -0.00036411932740081923 9.75072895809975e-05 0.00044418695140094203 2.2426864532191324e-05 -0.00042581939554365558 -0.00075483906657098092 -0.0011103239094004502 -0.00059810801362806707 0.00015491890791160463 -0.00060252898977802621 3.0602957053145477e-05 -0.00016518962528227083 -0.0004503180194109633
leaf_weight=71 1396 634 364 51 1046 77 155 221 144 52 50 67 74 44 51 98 11355 71 2197 547 1711 40 42 44 60 759 54 47 309 95
leaf_count=71 1396 634 364 51 1046 77 155 221 144 52 50 67 74 44 51 98 11355 71 2197 547 1711 40 42 44 60 759 54 47 309 95
internal_value=0.000176959 0.000509011 -0.00621399 -0.00355422 0.000672022 -0.00144022 -0.00593991 -0.00846154 -0.0160407 -0.00232601 0.00101175 0.00088552 -0.00225309 -0.0115254 -0.000971897 -0.00875839 0.00106256 0.000673759 5.95561e-06 -0.0009375 -0.00168688 -0.0108879 -0.00136153 -0.00355513 -0.00273763 -0.00171888 -0.000816937 -0.0138119 0.000411985 0.00162577
internal_weight=21926 20530 486 415 20044 1840 649 494 221 273 1191 18204 972 118 854 149 17232 705 5877 3680 3133 107 3026 1315 1273 1213 1169 101 1068 1141
internal_count=21926 20530 486 415 20044 1840 649 494 221 273 1191 18204 972 118 854 149 17232 705 5877 3680 3133 107 3026 1315 1273 1213 1169 101 1068 1141
is_linear=0
shrinkage=0.05


Tree=9
num_leaves=31
num_cat=0
split_feature=4 10 16 16 8 10 10 16 0 15 10 16 11 10 14 5 12 11 12 8 14 16 14 14 11 12 15 11 11 3
split_gain=13.03 8.9749 18.5349 4.26116 3.97316 3.11078 4.93122 4.45229 7.21511 2.89132 12.862 5.23633 2.79528 3.74405 5.14991 3.46517 2.68753 6.66901 12.3804 3.90337 4.20074 3.69009 2.83609 6.48992 19.6042 5.27037 2.87873 2.93114 9.71413 10.2722
threshold=0.036545290976373372 -0.017312021268647334 0.019344740143780185 0.064675615437763026 0.07795375750274737 -0.0042544588401209329 -0.0041029098949924561 -0.056920326002612258 -0.0054812249034946183 -0.017481033476577031 0.010510729988004066 -0.028125627946072925 -0.026323621770933166 -0.013327773622425541 0.10157519013318318 0.014345525656649464 0.043286843097797296 0.0026615603308526308 0.04833072164899422 0.10673365874103459 0.076607678117126224 0.0071535270211617883 -0.05546753287916955 -0.048319541899194234 0.020793273633493151 0.040552119316072284 0.013132485101928106 0.001067718638755544 0.00053834779161687784 0.0010235417215038736
decision_type=2 2 2 2 8 2 2 2 2 2 2 2 2 2 2 2 2 2 2 8 2 2 2 2 2 2 2 2 2 2
left_child=1 2 4 5 -1 12 -7 8 -8 10 11 -9 13 -3 15 -15 22 18 -18 20 -19 -21 -11 24 25 -24 27 28 -25 -30
right_child=-2 3 -4 -5 -6 6 7 9 -10 16 -12 -13 -14 14 -16 -17 17 19 -20 21 -22 -23 23 26 -26 -27 -28 -29 29 -31
leaf_value=-4.6886741640108401e-05 -0.00068208471181745135 0.00020923640097171093 -0.0015703061249843918 -0.00051735070560625309 -0.00047721417310017591 -0.00054239061450575912 -9.5342940813356877e-05 -0.00035929222111132195 -0.0014064688201036936 0.00020171322197228052 -0.00040986992543500731 0.00022268948302572004 0.00019927400652266131 8.797471280440355e-05 -0.00047559035824132887 -0.00020425224469021431 -0.00047432917831421062 0.00010515748542306138 -0.00010718219069493466 -0.00059749507544360923 -0.00025055252810376533 -9.4145282890206486e-05 0.00015348829651264966 -1.3671367517176415e-07 -0.00076779318758809936 -0.00052773832999554069 0.00036185813708876341 8.2660155003289268e-05 -4.5416774621291156e-05 -0.0007643940749928348
leaf_weight=326 1453 221 52 69 87 66 109 51 40 2806 49 248 3705 136 43 55 79 2380 402 74 77 111 398 2472 99 52 669 5291 72 48
leaf_count=326 1453 221 52 69 87 66 109 51 40 2806 49 248 3705 136 43 55 79 2380 402 74 77 111 398 2472 99 52 669 5291 72 48
internal_value=0.00024839 0.000575985 -0.00629032 0.00073706 -0.00274818 0.000780388 0.000456295 0.000514266 -0.00808725 0.000597607 -0.00390805 -1.67222e-05 0.00199519 -0.0017033 -0.00611111 -0.00259162 0.00070193 -0.000603586 -0.00601871 0.000382286 0.000909646 -0.00662162 0.00104434 0.000615867 -0.00465392 -0.000222222 0.000954163 0.000686921 -0.000690586 -0.0145833
internal_weight=21740 20287 465 19822 413 19753 15593 15527 149 15378 348 299 4160 455 234 191 15030 3123 481 2642 2457 185 11907 9101 549 450 8552 7883 2592 120
internal_count=21740 20287 465 19822 413 19753 15593 15527 149 15378 348 299 4160 455 234 191 15030 3123 481 2642 2457 185 11907 9101 549 450 8552 7883 2592 120
is_linear=0
shrinkage=0.05


Tree=10
num_leaves=31
num_cat=0
split_feature=5 14 12 16 11 16 8 10 16 10 16 10 12 10 10 12 10 10 10 4 11 11 8 14 4 12 12 12 11 16
split_gain=12.6996 6.99154 10.1753 8.92278 5.19514 7.21423 5.13077 3.94018 4.2858 6.08229 3.04199 2.66873 2.55828 4.05101 6.17662 3.81294 5.05757 4.96133 4.06635 3.50169 3.07078 7.425 8.21243 5.68761 3.01419 3.00504 3.89223 7.47409 8.12857 7.14343
threshold=0.022196319694623563 0.15436855290822041 -0.027198367137832798 0.019344740143780185 -0.011940064700992346 0.0025542103189161174 0.06139673309103278 -0.0042544588401209329 -0.056920326002612258 -0.00045044795983173452 0.064675615437763026 -0.0041029098949924561 0.05735486248043898 0.0056625653487155656 -0.00071796458931633323 0.076145599776237818 0.0095076274836749537 0.006164585920325428 0.014545922873123287 0.023160949898064293 0.001067718638755544 0.00053834779161687784 -0.0092748805049585031 -0.014609583018452553 0.01938212849909865 -0.036853049265853803 -0.0081213337469206431 -0.017790362048334726 -0.026323621770933166 0.00067941270134674891
decision_type=2 2 2 2 2 2 8 2 2 2 2 2 2 2 2 2 2 2 2 2 2 2 10 2 2 2 2 2 2 2
left_child=1 7 3 6 -4 -6 -3 -1 9 -9 11 -10 19 14 -14 16 17 -15 -17 20 21 25 -23 -24 -18 -13 27 29 -29 -27
right_child=-2 2 4 -5 5 -7 -8 8 10 -11 -12 12 13 15 -16 18 24 -19 -20 -21 -22 22 23 -25 -26 26 -28 28 -30 -31
leaf_value=0.00015228544541488973 -0.00069005110791839309 -7.5906811939818196e-05 0.00024410532288084066 -0.0014928521287819047 -0.0005837436500484149 6.5547553353516221e-05 -0.00046576871063619521 -0.0010826300389046068 -0.00038348911489700189 -6.4492218585113231e-05 -0.00053479127532808928 0.00059095940334019702 -0.00022280450967329877 -0.00022586893953803271 0.00027888488353094081 0.00013636663322986442 5.9108901814975036e-05 -0.0004883105384812155 -0.00044264138757954248 -0.0001237037985386942 0.00011292004978041095 0.00014785220835628832 -0.00034602159249894245 -0.00059924442704821241 -0.00043841531823683125 0.00020778607833387997 3.3691500798352311e-05 0.00016972640848499725 -0.00068062042865864119 -0.00060923383735712064
leaf_weight=4015 1633 100 298 46 69 66 67 46 70 97 65 366 279 50 741 266 124 75 47 2115 7783 86 61 64 69 343 2588 43 67 153
leaf_count=4015 1633 100 298 46 69 66 67 46 70 97 65 366 279 50 741 266 124 75 47 2115 7783 86 61 64 69 343 2588 43 67 153
internal_value=0.000178604 0.00052051 -0.00459752 -0.0135446 -0.000196305 -0.00833333 -0.00817365 0.000689084 0.00032953 -0.00828671 0.000409253 0.000454841 0.000499347 -0.00135978 0.000588235 -0.00450872 -0.00836478 -0.0162 -0.000591054 0.000723901 0.0010663 -0.000104747 -0.00921801 -0.0174 -0.00329016 0.000435393 -5.63555e-05 -0.00366337 -0.0154545 -0.00104839
internal_weight=21892 20259 646 213 433 135 167 19613 15598 143 15455 15390 15320 1651 1020 631 318 125 313 13669 11554 3771 211 125 193 3560 3194 606 110 496
internal_count=21892 20259 646 213 433 135 167 19613 15598 143 15455 15390 15320 1651 1020 631 318 125 313 13669 11554 3771 211 125 193 3560 3194 606 110 496
is_linear=0
shrinkage=0.05


Tree=11
num_leaves=31
num_cat=0
split_feature=5 10 16 16 15 12 10 12 10 10 4 12 9 12 15 15 11 15 16 12 9 11 8 10 16 10 12 12 16 4
split_gain=12.1001 7.2959 10.8495 3.74265 3.22244 3.3528 8.028 7.83104 5.80103 3.71745 3.5993 3.54157 3.26012 4.74432 7.84938 3.74964 10.5513 3.20228 2.80343 11.6446 2.7217 2.60768 2.53873 3.13394 2.40202 2.33521 10.2007 13.8585 8.28634 4.4157
threshold=0.018115812905766884 -0.017312021268647334 0.019344740143780185 0.064675615437763026 0.0085132820201773169 0.05735486248043898 0.0056625653487155656 0.076145599776237818 0.0095076274836749537 0.014545922873123287 0.01938212849909865 0.073733848686565309 -0.062727813807517227 -0.05023266322533259 -0.015309736241797709 0.007944695406372106 -0.0047498302938579475 0.010302766187873071 0.037174646310568223 0.027083039342927776 0.71856366256308535 0.00036207217257600016 0.070933525816042634 -0.01853412807423643 0.014370224456108584 0.0028352827684376973 1.0000000180025095e-35 -0.017790362048334726 -0.0044961588723289028 0.019775600945835831
decision_type=2 2 2 2 2 2 2 2 2 2 2 2 10 2 2 2 2 2 2 2 10 2 8 2 2 2 2 2 2 2
left_child=1 2 17 4 5 12 11 8 -8 -9 -10 -7 13 14 -3 18 -17 22 -14 -20 -2 -13 -1 -24 -23 -15 27 29 -29 -27
right_child=20 3 -4 -5 -6 6 7 9 10 -11 -12 21 15 25 -16 16 -18 -19 19 -21 -22 24 23 -25 -26 26 -28 28 -30 -31
leaf_value=0.00033615633541917074 -0.00041623248341341053 -2.1690665824160567e-05 -0.0012698526490017934 -0.00046023943249835412 0.00018187361218592463 0.00029837357341812721 -0.00056312022255482848 0.0001257428231368017 -1.0050369208601518e-06 -0.00045188589677615053 -0.00041724748778804421 -0.00078452586622376806 0.00010461401097519054 4.5470748404964964e-05 -0.00091422704676775491 -0.00039091830172957977 0.00038756768768913433 -0.00048990798422781474 7.7718943645852163e-05 -0.00048930503929351754 -0.0011798735581311937 0.00012427681234749948 0.00044744544842382074 -0.00063183847409974819 -0.00024465672242964025 0.00027324403062008038 6.5790966572348437e-05 -0.00063155935348788855 -0.00024160110210717366 -0.00040724599852013472
leaf_weight=228 2539 77 46 70 3508 520 97 212 84 45 58 46 9202 2718 41 59 87 71 180 46 71 326 47 41 133 131 906 76 57 126
leaf_count=228 2539 77 46 70 3508 520 97 212 84 45 58 46 9202 2718 41 59 87 71 180 46 71 326 47 41 133 131 906 76 57 126
internal_value=0.000244416 0.000677825 -0.00573903 0.000825578 0.000868695 0.00055395 -0.00167324 -0.00689516 -0.01341 -0.000836576 -0.00697183 0.000853659 0.000801109 -0.000372701 -0.0102542 0.00130771 -0.00664384 -0.00301034 0.00143084 -0.0040708 -0.00295019 -0.00212871 -0.00085443 -0.00806818 -0.000991285 -8.22121e-05 -0.0018287 -0.00858974 -0.0216917 -0.00180934
internal_weight=21848 19238 433 18805 18735 15227 1521 496 239 257 142 1025 13706 4132 118 9574 146 387 9428 226 2610 505 316 88 459 4014 1296 390 133 257
internal_count=21848 19238 433 18805 18735 15227 1521 496 239 257 142 1025 13706 4132 118 9574 146 387 9428 226 2610 505 316 88 459 4014 1296 390 133 257
is_linear=0
shrinkage=0.05


Tree=12
num_leaves=31
num_cat=0
split_feature=4 10 16 16 16 0 10 16 15 10 11 15 9 10 15 10 16 15 10 11 11 8 10 10 16 16 10 11 11 13
split_gain=7.74883 5.49299 3.99267 6.8084 3.71475 3.21815 2.99377 4.06584 5.13599 3.90714 5.89535 3.48038 3.43929 2.59529 6.52901 3.49831 3.30639 7.5603 3.14578 2.64407 6.75634 7.02596 6.67382 5.28144 10.9877 7.95051 7.38218 4.40931 4.34948 10.7986
threshold=0.02329604008517407 -0.029463617054616639 -0.056920326002612258 -0.070608736806686542 0.064675615437763026 -0.061421715302185147 0.010510729988004066 0.010341062464514496 0.018631473519580725 0.011081136457212983 0.023193320881576888 0.013132485101928106 0.080534087950520208 -0.011742889521192066 0.0082859921183273694 -0.0042544588401209329 -0.028125627946072925 -0.0092902250186009932 0.0063549494884102007 0.001067718638755544 0.00053834779161687784 -0.0092748805049585031 -0.0037293651666452927 0.0052648731180522388 -0.00040785437260415497 0.00090960997569233825 0.0055837889125804905 0.01613839302739695 -0.0095143176561332515 20.659999847412113
decision_type=2 2 2 2 2 2 2 2 2 2 2 2 8 2 2 2 2 2 2 2 2 10 2 2 2 2 2 2 2 2
left_child=1 -1 3 -3 6 -2 11 9 -9 10 -8 13 -11 14 16 -15 17 -4 19 20 28 -22 -21 -24 -25 -26 -27 -28 -17 -30
right_child=5 2 4 -5 -6 -7 7 8 -10 12 -12 -13 -14 15 -16 18 -18 -19 -20 22 21 -23 23 24 25 26 27 -29 29 -31
leaf_value=-0.0010773741926003312 -0.0017414168192642354 0.00059771479681181873 4.9521393871519759e-05 -0.0007884330841836485 -0.00045524415778933763 -0.00014888245785315741 -0.00025657916979359785 0.00034269443424374583 -0.00026859776504706295 -0.00016966282947603335 0.00041582135660874408 0.00036995562467080043 2.1100107287450115e-05 0.00019460214658553396 -0.00038345844975537697 0.00021998078217749532 8.8979009221874881e-05 -0.000493161345339972 0.00025126823645649449 -0.00036227144749374242 0.00011330375844112232 -0.00042846185792634763 0.00010521718389573761 0.00053478056753742027 -0.00070488986267801073 -0.00073617530125504212 -0.00025592425345607924 0.00024711580944417679 -3.2823752361044925e-05 -0.00070677744462741476
leaf_weight=55 83 58 71 63 56 4682 86 487 78 287 43 1038 530 2343 83 1058 899 41 1955 65 67 103 5344 258 48 63 170 129 1366 153
leaf_count=55 83 58 71 63 56 4682 86 487 78 287 43 1038 530 2343 83 1058 899 41 1955 65 67 103 5344 258 48 63 170 129 1366 153
internal_value=0.00027617 0.000775725 0.000826939 -0.00822314 0.00089204 -0.00150577 0.000934984 -0.00118795 0.00216814 -0.00319239 -0.0112791 0.00114527 -0.00191554 0.000941193 -0.00139854 0.00113626 -0.00029179 -0.00839286 0.000755636 0.000353581 -0.000933746 -0.0105882 0.000935495 0.00110778 -0.00308383 -0.00817073 -0.00563536 -0.00235786 -0.000296857 -0.00201119
internal_weight=21762 16997 16942 121 16821 4765 16765 1511 565 946 129 15254 817 14216 1094 13122 1011 112 10779 8824 2747 170 6077 6012 668 410 362 299 2577 1519
internal_count=21762 16997 16942 121 16821 4765 16765 1511 565 946 129 15254 817 14216 1094 13122 1011 112 10779 8824 2747 170 6077 6012 668 410 362 299 2577 1519
is_linear=0
shrinkage=0.05


Tree=13
num_leaves=31
num_cat=0
split_feature=4 14 12 13 12 16 16 8 12 14 14 8 16 3 1 15 13 12 15 12 12 16 7 14 14 12 15 15 15 5
split_gain=10.2742 5.35171 8.81063 7.09965 7.92647 6.91699 3.24164 2.81667 2.63795 4.02203 3.4461 3.65638 3.55141 3.75586 3.01475 2.65665 2.54168 3.92953 7.58792 3.23959 5.52062 6.95147 4.52299 3.20758 5.02458 16.1934 3.9649 6.40184 3.13129 5.8822
threshold=0.037421705241340794 0.15436855290822041 -0.027198367137832798 18.035000801086429 -0.0033130275344189215 0.019344740143780185 0.064675615437763026 0.06139673309103278 0.05735486248043898 0.078404529959544514 -0.033094273980848292 0.074281621958716362 -0.0039647489012512574 -0.0076806679195629548 -0.087341701252752188 0.002279013983983114 12.925000190734865 0.048152428754814187 -0.0040895520339909721 0.027728982804785422 0.027083039342927776 0.021861820641362332 -0.021588468565098769 0.012431899030548645 0.005094684764536229 -0.0021779989337359913 -0.016833267316055608 -0.020787126902410909 -0.00031338387806417728 0.010500141795124486
decision_type=2 2 2 2 2 2 2 8 2 2 2 8 2 2 2 2 2 2 2 2 2 2 2 2 2 2 2 2 2 2
left_child=1 6 5 4 -4 7 8 -3 14 10 12 -12 -10 -14 -1 -13 17 28 -19 20 23 22 -22 24 26 -26 27 -18 -16 -30
right_child=-2 2 3 -5 -6 -7 -8 -9 9 -11 11 15 13 -15 16 -17 19 18 -20 -21 21 -23 -24 -25 25 -27 -28 -29 29 -31
leaf_value=-0.0010314318684396205 -0.000603749540961101 -0.0001215910818270315 0.00015296395803976839 0.00023336229441959825 -0.00059493438128549578 -0.0012792713318913269 -0.00040909271997390103 -0.00040005375291015305 -0.00042051366970557552 -0.00023223407846310851 0.00013332572631852689 -4.3412444422567673e-05 -0.00064533819386735562 -2.7110050882235779e-05 0.00019427527888826957 -0.00039683922765973054 3.6136389025826988e-05 -0.00040292746939280362 -1.1617949790518682e-05 0.00015295903183468748 -0.00054279023176975619 -0.00035257280284755146 3.0273255864114946e-05 0.00013691198872424167 -0.00079790164425870233 2.0287192623837573e-05 4.9241839429807706e-05 -0.00029672782112029301 7.386751040451801e-05 -0.00068396553216404203
leaf_weight=80 1398 96 51 342 48 51 75 64 101 46 1083 66 46 451 596 49 125 76 151 5098 42 50 214 4296 81 285 6129 77 334 174
leaf_count=80 1398 96 51 342 48 51 75 64 101 46 1083 66 46 451 596 49 125 76 151 5098 42 50 214 4296 81 285 6129 77 334 174
internal_value=0.000276694 0.000561172 -0.00389571 0.000124717 -0.0116667 -0.0122986 0.000708492 -0.0071875 0.000748092 -0.0010532 -0.000679287 0.000868114 -0.00377926 -0.00204225 0.000934412 -0.0076087 0.000978114 -0.00112322 -0.00711454 0.00114869 0.000676609 -0.00594771 -0.00261719 0.000861003 0.000176945 -0.00551913 0.000506239 -0.00638614 0.000108696 -0.00277559
internal_weight=21775 20377 652 441 99 211 19725 160 19650 1842 1796 1198 598 497 17808 115 17728 1331 227 16397 11299 306 256 10993 6697 366 6331 202 1104 508
internal_count=21775 20377 652 441 99 211 19725 160 19650 1842 1796 1198 598 497 17808 115 17728 1331 227 16397 11299 306 256 10993 6697 366 6331 202 1104 508
is_linear=0
shrinkage=0.05


Tree=14
num_leaves=31
num_cat=0
split_feature=5 14 12 16 14 16 8 16 13 13 3 11 8 14 14 14 12 12 4 5 16 12 12 16 11 11 12 12 13 13
split_gain=8.17055 3.07609 3.81472 4.39482 10.265 3.84056 3.93933 2.71711 2.6342 3.9727 4.54989 4.99332 2.6555 2.56742 2.30986 2.69354 1.9345 2.1085 1.92091 1.80663 2.12859 1.86817 5.36924 11.0628 2.95117 12.4642 1.73591 3.44606 1.75449 3.80259
threshold=0.022636845397783916 0.13518549268873961 -0.027198367137832798 -0.014737831600570626 0.15797637088179853 0.019344740143780185 0.060543718268715303 0.064675615437763026 24.695000648498539 23.965000152587894 -0.00086200704417216379 -0.0095143176561332515 -0.088538640091428797 -0.040011250304013861 0.052213768787031663 0.038811658900465458 -0.0041728615781457248 -0.019977139710358579 0.021547253985816941 0.013682087305882768 -0.056920326002612258 -0.026522918814270154 -0.024923453703148576 0.031178984902583199 -0.025492128925019227 -0.028186613773187038 -0.0031637025986434027 -0.0021779989337359913 18.719999313354496 18.82499980926514
decision_type=2 2 2 2 2 2 10 2 2 2 2 2 10 2 2 2 2 2 2 2 2 2 2 2 2 2 2 2 2 2
left_child=1 7 5 4 -4 6 -3 8 9 12 -11 -12 13 -1 15 16 17 -15 -19 20 -14 -22 23 -23 25 -24 -26 -28 -29 -30
right_child=-2 2 3 -5 -6 -7 -8 -9 -10 10 11 -13 19 14 -16 -17 -18 18 -20 -21 21 22 24 -25 26 -27 27 28 29 -31
leaf_value=0.00023661755712997115 -0.00056744743644509871 -2.5796383330356401e-05 -0.00073851081600971287 0.00018242441210125588 2.0556448312226031e-05 -0.00096174773538231612 -0.00044487797411376772 -0.00044667270236815919 0.00030967072116892602 0.00010330231357020451 -0.00016442425757990959 -0.00067294495202840996 -0.00052705095514476638 -0.00012125997584297413 0.00019095410976208564 -0.00038383257055352041 -2.4070718166416782e-05 -0.00032035321569012331 -0.00027386879065135681 -1.7986046888422334e-05 0.00026042065256642589 -0.00053165215675414783 0.00031128772614646277 0.00045907271514481591 0.00024526211226923617 -0.00061126731993720691 -0.00015975785477039331 7.3979061173940985e-05 -0.00025290553843257369 -6.0506474549763492e-06
leaf_weight=243 1529 142 52 460 126 41 40 71 857 132 64 45 78 149 144 64 252 49 48 3205 961 41 152 48 925 70 80 10516 45 1212
leaf_count=243 1529 142 52 460 126 41 40 71 857 132 64 45 78 149 144 64 252 49 48 3205 961 41 152 48 925 70 80 10516 45 1212
internal_value=0.000284099 0.000549429 -0.00237514 -0.000407523 -0.00707865 -0.00800448 -0.00489011 0.000678886 0.000714654 0.000589268 -0.00578838 -0.0133486 0.00067334 -0.001902 -0.00342776 -0.00487544 -0.00363454 -0.00678862 -0.0125258 0.000814343 0.00105747 0.0011032 0.000946979 -0.0112921 0.00103077 -0.00468468 0.00113007 0.000967266 0.00103754 -0.000727923
internal_weight=21841 20312 861 638 178 223 182 19451 19380 18523 241 109 18282 949 706 562 498 246 97 17333 14128 14050 13089 89 13000 222 12778 11853 11773 1257
internal_count=21841 20312 861 638 178 223 182 19451 19380 18523 241 109 18282 949 706 562 498 246 97 17333 14128 14050 13089 89 13000 222 12778 11853 11773 1257
is_linear=0
shrinkage=0.05


Tree=15
num_leaves=31
num_cat=0
split_feature=5 10 2 16 15 9 13 9 14 12 12 13 11 11 15 12 13 5 12 16 15 13 13 12 1 14 13 14 3 11
split_gain=8.35349 4.57683 5 2.50142 2.83173 2.47545 6.14071 8.65711 4.81759 9.77444 3.77289 3.33293 8.11831 5.48794 3.14515 3.14308 2.64659 2.58751 2.13686 3.86601 5.19123 5.00404 7.07159 4.42368 3.26153 3.20503 3.07918 2.50525 2.40146 2.31068
threshold=0.017186956927867838 -0.029463617054616639 -0.0018254188723691442 0.064675615437763026 0.013132485101928106 0.23220933454611484 13.194999694824221 0.37383077950743443 0.11068884178819839 0.0011335469917099774 -0.05023266322533259 19.625000000000004 -0.023775986944761848 0.011915728697621366 -0.016171307707066592 0.082959712719514869 20.060000419616703 0.012698767222945819 0.047608041860818802 -0.016139620609877999 -0.0086547425044391484 16.765000343322757 17.615000724792484 0.056550546731705904 0.038220132386050494 0.035115678917499234 17.250000000000004 -0.037374592254897913 0.00011994015464611431 0.045591132552592513
decision_type=2 2 2 2 2 8 2 8 2 2 2 2 2 2 2 2 2 2 2 2 2 2 2 2 2 2 2 2 2 2
left_child=1 2 -1 4 5 18 7 -7 10 -10 14 12 -12 16 -8 -14 17 -13 29 -20 23 25 26 -21 27 -22 -23 28 -24 -3
right_child=-2 3 -4 -5 -6 6 8 -9 9 -11 11 13 15 -15 -16 -17 -18 -19 19 20 21 22 24 -25 -26 -27 -28 -29 -30 -31
leaf_value=0.00025111798369899788 -0.00035219539824559278 8.7782128130780001e-05 -0.0011715528327433642 -0.0003654360854684843 0.00023555489864377931 5.2819530205625217e-05 -2.3929135108621527e-05 -0.00041938222225155114 -7.5539369384619148e-05 -0.00050415441291674164 -0.00062286958243589331 -0.0001915256835663785 8.2862183483135648e-05 -0.00041939244980269334 -0.0007619700348188847 -0.00021698841801156001 1.8175567611458328e-05 -2.4331260742782195e-05 0.00030218101700524134 -0.00048142397774419336 0.0001972504722260257 -0.00014537476536995126 -0.00051113816514046224 -0.00016323269841555057 -0.00045993740696417579 -0.00033150647994614047 -0.00042562925497765684 0.00011834983537966898 2.5000642427785981e-05 -0.00028815124363654117
leaf_weight=40 2905 10729 40 69 1570 78 51 81 152 56 58 47 3243 47 46 45 376 50 371 48 795 45 51 180 40 43 69 336 55 212
leaf_count=40 2905 10729 40 69 1570 78 51 81 152 56 58 47 3243 47 46 45 376 50 371 48 795 45 51 180 40 43 69 336 55 212
internal_value=0.000302809 0.000684172 -0.01125 0.000734572 0.000769312 0.000584836 -0.000450346 -0.0100943 -8.27138e-05 -0.0075 0.000306586 0.000550957 0.00112971 -0.00317308 -0.00943299 0.00145681 -0.00155391 -0.00891753 0.000930322 -0.000558288 -0.00158845 -0.000474198 -0.00397651 -0.00859649 -0.0013278 0.00201671 -0.0151754 -9.04975e-05 -0.00679245 0.00120693
internal_weight=21928 19023 80 18943 18874 17304 4330 159 4171 208 3963 3866 3346 520 97 3288 473 97 12974 2033 1662 1434 596 228 482 838 114 442 106 10941
internal_count=21928 19023 80 18943 18874 17304 4330 159 4171 208 3963 3866 3346 520 97 3288 473 97 12974 2033 1662 1434 596 228 482 838 114 442 106 10941
is_linear=0
shrinkage=0.05


Tree=16
num_leaves=31
num_cat=0
split_feature=4 10 11 4 13 13 15 10 11 10 14 14 11 11 15 15 15 13 11 10 15 14 11 8 1 3 14 10 13 10
split_gain=7.70058 4.15149 7.56989 2.23688 2.50355 4.95834 3.07097 9.61179 2.2235 4.62284 4.88762 9.7668 2.72325 6.7894 4.95797 2.2674 4.0959 5.76133 3.16109 3.0498 3.00914 3.26604 3.26661 2.33744 1.84057 2.88646 2.42951 2.34107 4.93833 3.75834
threshold=0.037421705241340794 -0.029463617054616639 -0.035697705395590577 0.019426264500514632 24.19999980926514 23.965000152587894 -0.017481033476577031 0.010510729988004066 0.031976499172701407 9.4862369999448873e-05 -0.042837654521053752 -0.060408912479391223 0.0026615603308526308 0.0023966928807116488 -0.0041834097358540148 0.0074541937545147272 0.0071498220096308804 14.84500026702881 0.016536757711404618 0.013109315021302749 0.0050862550746449972 0.047546513885702975 0.016655619165508066 0.017128863146383514 -0.025362665391359781 0.0067038377119865719 0.13518549268873961 0.0011106399623194154 12.765000343322756 0.0012069749261046649
decision_type=2 2 2 2 2 2 2 2 2 2 2 2 2 2 2 2 2 2 2 2 2 2 2 10 2 2 2 2 2 2
left_child=1 2 -1 8 5 6 7 -5 12 -10 11 -11 13 24 -15 16 18 -18 19 -14 21 22 -20 -22 25 26 -3 28 -26 -29
right_child=-2 3 -4 4 -6 -7 -8 -9 9 10 -12 -13 15 14 -16 -17 17 -19 20 -21 23 -23 -24 -25 27 -27 -28 29 -30 -31
leaf_value=-0.0011612179442823448 -0.0005990652517687136 -6.7862182884495473e-06 0.0008855232178801957 -4.718663508842806e-05 0.00023704848086129006 -0.00072437564461592485 -1.4416381627043727e-06 -0.00036631858414384747 -0.00021917453044735356 0.00019665277814265704 0.00018559698230824644 -0.0007002850059975624 0.00015006357422849418 0.0002512477547377266 -0.00052931658857111421 0.00026676812525736461 -0.00050193707075447827 0.00010758094164606974 -0.0006172886535249552 -0.00011765672671575645 -0.00037820318869246017 -0.0002670157753015601 6.69435992533225e-05 -4.5893208304975349e-05 -0.00031387957204954498 -0.00055282000584851968 -0.00044409454750634107 -0.00043821016808226877 0.00012898879549662137 -5.9679617046869923e-06
leaf_weight=49 1387 558 44 369 821 78 6739 50 62 76 275 42 3563 44 73 1390 58 57 60 56 41 48 1271 45 55 52 43 66 2988 1409
leaf_count=49 1387 558 44 369 821 78 6739 50 62 76 275 42 3563 44 73 1390 58 57 60 56 41 48 1271 45 55 52 43 66 2988 1409
internal_value=0.000242124 0.000486281 -0.0100538 0.000534357 -0.000113566 -0.000410448 -0.000273819 -0.00442721 0.000957671 -0.00247253 -0.000470738 -0.00898305 0.00108908 0.000243949 -0.0116667 0.00176734 0.00128775 -0.00804348 0.00149882 0.00229207 -0.000460751 0.000105149 0.000567243 -0.00953488 0.000513441 -0.00196784 -0.000990016 0.000872067 0.00166448 -0.000762712
internal_weight=21869 20482 93 20389 8057 7236 7158 419 12332 455 393 118 11877 5288 117 6589 5199 115 5084 3619 1465 1379 1331 86 5171 653 601 4518 3043 1475
internal_count=21869 20482 93 20389 8057 7236 7158 419 12332 455 393 118 11877 5288 117 6589 5199 115 5084 3619 1465 1379 1331 86 5171 653 601 4518 3043 1475
is_linear=0
shrinkage=0.05


Tree=17
num_leaves=31
num_cat=0
split_feature=5 10 14 10 15 10 15 11 15 11 7 9 10 12 3 3 16 16 12 14 12 15 15 12 14 10 12 16 10 15
split_gain=6.63825 3.37952 7.71187 4.99998 5.44978 3.35064 3.78455 3.79211 7.87616 3.01084 4.99532 3.00823 5.68495 10.9417 7.08643 4.60835 4.5125 4.09026 8.45792 3.49066 7.98667 2.80618 2.88821 2.77458 4.54041 3.31279 2.75742 2.57727 2.21676 2.63415
threshold=0.013682087305882768 0.010510729988004066 -0.040011250304013861 0.011197941469223484 0.018631473519580725 0.0063179142328150259 0.013132485101928106 0.045591132552592513 0.0027672115581574013 -0.0082927789735435225 0.0016665270253889421 0.33177196943666926 0.0033676747236286446 0.00075809453830288931 0.0001623113515832886 0.0074293237923789288 -0.0090722217293689438 0.037174646310568223 0.027083039342927776 0.11068884178819839 0.015760978706321874 0.0061215016418697541 0.002279013983983114 0.059758756541204668 -0.033094273980848292 0.0090796320143422555 0.12384637745116912 0.042645289690583572 -0.017312021268647334 -0.0063037824284076218
decision_type=2 2 2 2 2 2 2 2 2 2 2 8 2 2 2 2 2 2 2 2 2 2 2 2 2 2 2 2 2 2
left_child=1 5 9 -4 21 6 7 11 -9 10 -3 17 15 14 -14 19 -17 28 -19 -13 -21 22 -5 27 25 -25 -2 -7 29 -1
right_child=26 2 3 4 -6 23 -8 8 -10 -11 -12 12 13 -15 -16 16 -18 18 -20 20 -22 -23 -24 24 -26 -27 -28 -29 -30 -31
leaf_value=0.00041674606800192116 -0.00011500486418121157 -0.00029046655232158953 -0.00021913154127224562 -0.00010392510246298465 -0.00044884567623786954 0.0002959034751397776 0.00031532598075740458 0.00023254658367087233 -0.00066795950349256511 9.5562931728054482e-05 -1.1690077242015296e-05 3.8965082221237479e-05 -0.00062196516834283147 -2.0445749293957235e-05 -0.00030331900387647756 -0.00069552943246673122 4.8856497834883094e-05 1.7716948212906947e-05 -0.00033100930090820916 3.3079148055157062e-05 -0.00059824531509408826 0.00039525865853696335 -0.00049255893334891631 -0.000477339510514059 0.00044770201987496226 -0.00017876986502291664 -0.00051270958379807236 -0.00028746366289564962 7.7002554504985052e-05 -0.00031434122246534095
leaf_weight=82 5999 54 47 75 45 1878 785 47 40 855 142 1958 41 203 69 40 40 165 80 104 46 86 41 43 112 65 68 59 8477 164
leaf_count=82 5999 54 47 75 45 1878 785 47 40 855 142 1958 41 203 69 40 40 165 80 104 46 86 41 43 112 65 68 59 8477 164
internal_value=0.000241899 0.000780471 -0.0016171 -0.00877551 -0.00593117 0.0010029 0.000685115 0.000456906 -0.00994253 0.000385347 -0.00520408 0.000535792 -0.000997601 -0.00730032 -0.02 -9.59779e-05 -0.011875 0.000963426 -0.00540816 0.000351044 -0.007 -0.00242574 -0.0075 0.00282105 -0.0025 -0.00981481 -0.0011645 0.0034254 0.00114238 -0.00353659
internal_weight=21910 15843 1345 294 247 14498 12341 11556 87 1051 196 11469 2501 313 110 2188 80 8968 245 2108 150 202 116 2157 220 108 6067 1937 8723 246
internal_count=21910 15843 1345 294 247 14498 12341 11556 87 1051 196 11469 2501 313 110 2188 80 8968 245 2108 150 202 116 2157 220 108 6067 1937 8723 246
is_linear=0
shrinkage=0.05


Tree=18
num_leaves=31
num_cat=0
split_feature=4 10 11 15 15 11 13 13 12 12 12 0 0 10 14 1 10 10 6 13 14 10 14 12 14 12 12 15 0 13
split_gain=6.2237 3.7705 7.12223 2.16282 4.83855 11.2649 2.8548 3.23597 4.69665 18.4209 3.81146 3.47236 2.21856 2.02636 5.33634 2.88125 2.37542 4.6771 7.01853 4.72819 8.73491 4.26556 4.85714 3.65349 5.15873 2.55597 4.48179 2.34195 2.31188 2.20371
threshold=0.037421705241340794 -0.029463617054616639 -0.035697705395590577 0.010869800496443928 0.010302766187873071 0.0086495995411973742 24.695000648498539 20.659999847412113 -0.02797294646846021 -0.037333173257957868 -0.036045900478668118 0.003913765809687165 0.020293760749150128 0.010510729988004066 -0.0022749768251851816 0.00063744185902892003 0.0063179142328150259 0.0052648731180522388 -1.4715277064136945 12.925000190734865 0.022797718540964799 0.0055837889125804905 -0.001390218635627771 0.059758756541204668 -0.031629138048926246 -0.049048441539310476 -0.052281388412141021 0.0097870122151148004 0.00053916563409561757 14.244999885559084
decision_type=2 2 2 2 2 2 2 2 2 2 2 2 2 2 2 2 2 2 2 2 2 2 2 2 2 2 2 2 2 2
left_child=1 2 -1 4 6 -6 7 12 9 -9 -11 -12 13 16 15 29 17 25 -19 20 -20 22 -21 27 28 26 -3 -18 -25 -15
right_child=-2 3 -4 -5 5 -7 -8 8 -10 10 11 -13 -14 14 -16 -17 23 18 19 21 -22 -23 -24 24 -26 -27 -28 -29 -30 -31
leaf_value=-0.0010894333488149193 -0.00050726788643650855 0.00016719820389078335 0.00082193083862684311 0.00015758729240971888 -0.00053404561289859562 0.00054130423270857912 0.00032709741717031591 8.3234215992211865e-05 -1.6168171021680409e-06 -0.00096098966095019874 -0.00025550053786234817 -0.00055776272270001718 -0.00019051594608220264 -0.00026134653950619327 -0.00026367561855555985 0.00011596622708589209 0.00030067634272067128 -0.0006401963314107028 -0.00070281638025571688 -0.00023869441087311547 0.00037954054528033525 0.00010189662574311317 -0.00036060304207494051 -0.00018570743742725622 0.00026485158188734541 5.7024763362859403e-05 -0.0006043601829607767 -0.00015361629055722127 -0.00048754494096983489 -7.0921692766823109e-05
leaf_weight=49 1369 68 45 2775 118 106 779 291 1238 52 62 50 319 69 76 617 1589 41 75 79 52 581 51 49 117 10689 51 48 42 368
leaf_count=49 1369 68 45 2775 118 106 779 291 1238 52 62 50 319 69 76 617 1589 41 75 79 52 581 51 49 117 10689 51 48 42 368
internal_value=0.000411819 0.00062932 -0.0093617 0.00067524 0.000471517 -0.00683036 0.000565233 0.000427012 -0.00164501 -0.00598901 -0.0193902 -0.0141964 0.000661171 0.000750921 -0.00128319 -0.000360531 0.000920781 0.000657568 -0.00284983 -0.00186157 -0.010748 -0.000274261 -0.00846154 0.00258808 -0.00365385 0.00094282 -0.00634454 0.00338119 -0.0125824 -0.00346682
internal_weight=21915 20546 94 20452 17677 224 17453 16674 1693 455 164 112 14981 14662 1130 1054 13532 11687 879 838 127 711 130 1845 208 10808 119 1637 91 437
internal_count=21915 20546 94 20452 17677 224 17453 16674 1693 455 164 112 14981 14662 1130 1054 13532 11687 879 838 127 711 130 1845 208 10808 119 1637 91 437
is_linear=0
shrinkage=0.05


Tree=19
num_leaves=31
num_cat=0
split_feature=4 14 10 10 11 10 14 5 16 15 12 3 12 3 8 14 15 15 12 2 16 12 10 16 15 16 16 13 13 4
split_gain=6.23449 2.68447 2.98483 3.92641 2.85325 3.06088 4.70374 3.12601 2.77015 6.33355 3.57669 3.18226 2.61388 4.11483 2.08634 3.59886 2.72803 1.9335 1.77352 3.42183 1.75544 3.34147 5.80686 3.02042 5.34422 4.4359 8.69774 14.3123 6.37575 3.87233
threshold=0.037421705241340794 0.13518549268873961 -0.0042544588401209329 -0.0041029098949924561 -0.026323621770933166 -0.013327773622425541 0.10157519013318318 0.013057901279684437 -0.014737831600570626 -1.0000000180025095e-35 -0.027198367137832798 0.002121774959713441 -0.067575667738432196 0.0029290562390750234 -0.12176422800190732 -0.040011250304013861 0.0051744607108956684 0.00031333582380055352 0.061412556981192197 0.15795513281741694 -0.019058668889493088 -0.05023266322533259 -0.00045044795983173452 0.005212364806023718 -0.014626787441218423 -0.00040785437260415497 0.0015020738091102717 19.055000305175785 12.994999885559084 0.022145781686855489
decision_type=2 2 2 2 2 2 2 2 2 2 2 2 2 2 10 2 2 2 2 2 2 2 2 2 2 2 2 2 2 2
left_child=1 2 4 -4 5 -1 7 -7 9 11 12 -3 -10 -14 15 -5 17 -17 -2 -20 21 22 -16 24 29 -26 27 28 -27 -22
right_child=18 8 3 14 -6 6 -8 -9 10 -11 -12 -13 13 -15 20 16 -18 -19 19 -21 23 -23 -24 -25 25 26 -28 -29 -30 -31
leaf_value=0.00025606089206129111 -0.00052893900534707378 0.00019986025420049979 -0.00041327215517287185 0.00040447724653348426 0.00018019880092753901 0.00015273104613418249 -0.00040255762163022977 -0.00014241689181353784 0.001050034375637932 -0.00066533013290478559 0.000151757424083901 -0.00047670027502288325 -0.0012554894417809502 -0.00020160673769789472 -0.00063671977606883983 -0.00021354706473631198 -1.5202349231608504e-05 -0.00042536069317935062 -0.00090421834051001562 0.00012004350494521253 -0.00010522655805910594 0.00018055590055032793 9.4121435674722633e-05 6.0564586415348279e-05 4.293744148857979e-05 -0.00060443022931249411 2.6693395383135192e-06 -0.0009379646878731623 -8.9079279642589242e-05 -0.00037230023836521981
leaf_weight=211 1283 132 75 181 3363 112 46 82 43 73 455 40 43 76 49 158 168 67 59 43 78 2131 71 7735 3568 77 980 47 359 40
leaf_count=211 1283 132 75 181 3363 112 46 82 43 73 455 40 43 76 49 158 168 67 59 43 78 2131 71 7735 3568 77 980 47 359 40
internal_value=0.000376517 0.000596286 0.0007164 0.000413077 0.00197168 -0.00176275 -0.005625 -0.00221649 -0.00213457 -0.00663265 -0.00034846 -0.00139535 -0.00672839 -0.0105462 0.000467567 -0.00249129 -0.00517812 -0.00877778 -0.00287004 -0.00921569 0.000579782 0.00186806 -0.00625 0.000354704 -0.000583608 -0.000336911 -0.0026555 -0.008147 -0.0053211 -0.0111017
internal_weight=21845 20460 19598 15784 3814 451 240 194 862 245 617 172 162 119 15709 574 393 225 1385 102 15135 2251 120 12884 5149 5031 1463 483 436 118
internal_count=21845 20460 19598 15784 3814 451 240 194 862 245 617 172 162 119 15709 574 393 225 1385 102 15135 2251 120 12884 5149 5031 1463 483 436 118
is_linear=0
shrinkage=0.05


Tree=20
num_leaves=31
num_cat=0
split_feature=4 0 16 14 12 13 0 11 13 12 12 15 14 5 13 15 12 16 12 12 11 15 14 9 15 15 16 16 14 11
split_gain=4.98298 2.02786 1.76193 1.79235 3.536 2.77999 3.71313 2.20548 2.90775 2.20311 4.40597 6.70905 6.68517 2.62707 2.52428 1.58602 1.57797 3.14959 2.5318 5.02757 4.98079 6.11753 5.03833 2.155 4.47189 4.32701 3.38479 3.14804 4.41 3.10438
threshold=0.025656358020464735 -0.032641084108391831 0.064675615437763026 0.15436855290822041 -0.027198367137832798 18.035000801086429 -0.002556288101787096 -0.021243764887310997 38.065000534057624 -0.039191737143437648 -0.036045900478668118 0.0028387368270256235 -0.037778052319122728 0.013258318596767822 17.605000495910648 -0.00047937713700069157 0.041226484541621485 -0.016139620609877999 0.027728982804785422 0.027083039342927776 0.0023966928807116488 -0.0041834097358540148 0.06028471113356227 0.025890482624156833 0.0051744607108956684 0.018631473519580725 0.0092847338947306141 0.0058026218147626549 -0.016284077904727075 0.016901254843129102
decision_type=2 2 2 2 2 2 2 2 2 2 2 2 2 2 2 2 2 2 2 2 2 2 2 10 2 2 2 2 2 2
left_child=2 15 3 9 7 6 -6 8 -5 14 11 12 -11 -13 -1 -2 18 -18 19 -12 -21 -22 -23 25 26 -19 27 29 -29 -25
right_child=1 -3 -4 4 5 -7 -8 -9 -10 10 16 13 -14 -15 -16 -17 17 23 -20 20 21 22 -24 24 -26 -27 -28 28 -30 -31
leaf_value=-0.00055917143603317118 -0.0004087362284375725 -0.0001104626287816005 -0.00034179601320059112 -0.00083924250100649218 8.9476804569372289e-05 0.00020268275333727378 -0.00037574779406961942 -3.7393601403604325e-05 -0.00013499848162450555 -0.00082874674648134429 4.8886327577945637e-05 0.00035199202032066185 -0.00019602576563305317 -0.00019482679477307886 0.00034414751793314645 -0.0013974558459796155 0.00021996952571759433 4.6894439000046427e-05 0.00015384175524926874 0.00029381184358548385 5.8614974885880591e-05 -0.00026067018522750164 -0.00057276428849933967 -0.00013123603830888174 9.5699072761185321e-05 -0.00047035412738790326 -4.6687435490950791e-05 -0.00070438986330080382 -0.00014622412792898349 -0.00031444057102133463
leaf_weight=68 227 3280 64 58 47 298 45 67 44 41 8617 130 94 53 875 72 627 2000 3594 89 48 96 47 179 425 58 391 50 50 110
leaf_count=68 227 3280 64 58 47 298 45 67 44 41 8617 130 94 53 875 72 627 2000 3594 89 48 96 47 179 425 58 391 50 50 110
internal_value=0.000447263 -0.00125873 0.00078155 0.00081067 -0.00197674 0.000641026 -0.00695652 -0.00801775 -0.0126471 0.000898991 0.000766214 -0.00506289 -0.0135185 0.00117486 0.00325027 -0.00520067 0.000879373 1.86265e-10 0.00115323 0.000700798 -0.00589286 -0.010445 -0.0156294 -0.000623659 -0.0023029 0.000359573 -0.00455128 -0.00785347 -0.0155 -0.00520761
internal_weight=21844 3579 18265 18201 559 390 92 169 102 17642 16699 318 135 183 943 299 16381 3890 12491 8897 280 191 143 3263 1205 2058 780 389 100 289
internal_count=21844 3579 18265 18201 559 390 92 169 102 17642 16699 318 135 183 943 299 16381 3890 12491 8897 280 191 143 3263 1205 2058 780 389 100 289
is_linear=0
shrinkage=0.05


Tree=21
num_leaves=31
num_cat=0
split_feature=4 10 15 14 16 15 14 8 13 16 3 7 12 12 10 14 14 16 6 12 4 15 12 8 14 15 16 16 16 15
split_gain=5.8736 2.22823 6.7092 3.56169 4.22578 4.12472 3.87244 4.24561 3.44081 2.38828 2.11546 2.75374 2.07722 3.47143 1.81097 1.74562 3.97919 13.1474 7.0145 6.00675 5.02678 3.26095 2.01094 1.95823 1.8712 2.352 1.68219 4.08949 11.0007 14.0109
threshold=0.032187354367411179 0.010510729988004066 -0.014626787441218423 -0.040011250304013861 0.010341062464514496 -0.0061317779410346432 -0.025685626403374347 0.013917472084633455 14.244999885559084 0.0097392109317250303 0.0091847164096803286 0.058078594285177816 -0.05023266322533259 -0.067575667738432196 0.013109315021302749 -0.066405515647089006 -0.048319541899194234 0.010722990015019864 -1.0630184732526089 0.040552119316072284 0.022612510035303238 0.013132485101928106 0.048152428754814187 -0.074235498956167142 -0.051474636784154308 -1.0000000180025095e-35 0.0042364834636962065 -0.018420588780423405 -0.018098011019123058 -0.0041834097358540148
decision_type=2 2 2 2 2 2 2 8 2 2 2 2 2 2 2 2 2 2 2 2 2 2 2 10 2 2 2 2 2 2
left_child=1 10 -3 4 5 -4 7 -5 -7 -10 15 12 13 -12 -8 -1 17 24 -19 20 -20 23 -21 -18 -17 -26 27 -25 29 -29
right_child=-2 2 3 6 -6 8 14 -9 9 -11 11 -13 -14 -15 -16 16 21 18 19 22 -22 -23 -24 26 25 -27 -28 28 -30 -31
leaf_value=0.00023469174677084761 -0.00038560879858330545 -0.00020502171924065692 -0.0003741842372060307 -0.00042035404035045221 0.00028528624340812275 -0.00022902383277002399 0.0001810151499100519 -9.5042755353511404e-05 7.3508453315712389e-05 -0.00023892409500218977 0.0001191743283816649 -0.0004479387004264273 4.0188693813589042e-05 -0.0010202556776231647 -0.00025041023651558924 0.00021088979051383377 -8.1919781764656441e-05 -0.00060185236200855957 2.4857472586408899e-05 -0.00054793004664874614 -0.00040877836509122878 0.00034758370881872469 -0.0004297786784124328 0.00013808792220257516 0.0003505653021255133 -0.00034319413392799435 8.6464448942253575e-05 -4.8335513884300243e-06 9.7049002641649806e-07 -0.00058119958938182895
leaf_weight=1117 1986 50 67 57 669 71 105 57 646 44 56 76 542 40 132 642 769 57 233 45 67 957 77 2456 50 75 6096 66 4476 51
leaf_count=1117 1986 50 67 57 669 71 105 57 646 44 56 76 542 40 132 642 769 57 233 45 67 957 77 2456 50 75 6096 66 4476 51
internal_value=0.00044247 0.000701905 -0.000927292 -0.000438311 0.000624583 -0.00176328 -0.00497151 -0.0125439 -0.000716163 0.000362319 0.000874192 -0.00179272 -0.000721003 -0.0075 -0.00132911 0.000984682 0.000852206 -0.00186196 -0.00836117 -0.00613744 -0.00233333 0.00107962 -0.0154918 0.000885439 0.00219687 -0.0034 0.00102891 0.000502908 -0.000377749 -0.0155128
internal_weight=21832 19846 1898 1848 1497 828 351 114 761 690 17948 714 638 96 237 17234 16117 1246 479 422 300 14871 122 13914 767 125 13145 7049 4593 117
internal_count=21832 19846 1898 1848 1497 828 351 114 761 690 17948 714 638 96 237 17234 16117 1246 479 422 300 14871 122 13914 767 125 13145 7049 4593 117
is_linear=0
shrinkage=0.05


Tree=22
num_leaves=31
num_cat=0
split_feature=4 14 13 12 16 10 13 11 13 10 14 11 11 10 16 11 16 11 16 15 9 14 8 10 10 11 0 13 16 14
split_gain=4.81119 2.16214 2.7333 3.5673 2.32946 2.03822 2.34803 4.72796 3.74641 1.99543 7.85872 4.0895 5.6489 2.83358 2.86985 3.68207 6.01674 2.96074 2.18593 2.35529 5.74746 2.34597 1.9048 1.82635 2.39412 5.06274 3.50127 3.87047 1.79903 3.36841
threshold=0.028380212778952297 0.15436855290822041 17.530000686645511 -0.027198367137832798 0.019344740143780185 -0.0042544588401209329 18.719999313354496 0.021985300450528603 18.974999427795414 -0.0023625284956628185 -0.041031725575055404 -0.0082927789735435225 -0.0061809109481818494 -0.0041029098949924561 0.037677712945001336 0.00081107941047609 0.0064522728770125557 -0.00023800871931395348 -0.019058668889493088 -0.012469312586387281 -0.025816990725678054 -0.0022749768251851816 0.06139673309103278 -0.0069332481569183138 -0.013327773622425541 -0.029337465505850421 -0.0037699975232510226 20.610000610351566 0.024247054686317718 -0.042837654521053752
decision_type=2 2 2 2 2 2 2 2 2 2 2 2 2 2 2 2 2 2 2 2 10 2 8 2 2 2 2 2 2 2
left_child=1 5 -3 4 22 6 7 -1 -8 10 -7 -12 -13 -14 15 16 17 -15 -11 20 21 -20 -4 24 -10 -26 27 -27 -2 -30
right_child=28 2 3 -5 -6 9 8 -9 23 18 11 12 13 14 -16 -17 -18 -19 19 -21 -22 -23 -24 -25 25 26 -28 -29 29 -31
leaf_value=0.00022271652070412346 -0.00018156221349499479 -0.00033958293699790532 8.5415877999914182e-05 8.1627802715503994e-05 -0.0008819345057856174 -0.00078735793336979294 -0.00036668907718179883 -0.00027809412826387191 0.0002032781804844672 0.0001828738644769169 0.00043655589680951774 -0.00049622417898648066 -0.00042276622035084812 -8.7542448431121808e-05 -0.00022918458850033614 9.1391006938933701e-05 5.7151275018979888e-05 -0.0003751945838743617 -9.9052883264032308e-05 3.2649830832216399e-05 3.8012638870096963e-05 -0.00054183956077160712 -0.00024122454855703644 0.00030995885400412972 -0.00032947332619972174 -0.00015638090686353499 0.0001690433295335231 1.4711113076296058e-05 -0.00097662171046886451 -0.00034555079434653145
leaf_weight=2268 2289 52 78 343 50 51 49 53 519 1927 330 74 43 67 49 746 162 72 41 10880 273 57 64 347 69 94 254 134 120 309
leaf_count=2268 2289 52 78 343 50 51 49 53 519 1927 330 74 43 67 49 746 162 72 41 10880 273 57 64 347 69 94 254 134 120 309
internal_value=0.000382821 0.000662279 -0.00232538 -0.00126168 -0.00671875 0.000756776 0.00179166 0.00278113 0.000225103 0.000491471 -0.00117942 -0.000541153 -0.00188376 -0.00101405 -0.000520073 3.3429e-05 -0.00463455 -0.0122662 0.00069358 0.000427073 -0.00349057 -0.0138776 -0.0034507 0.000695131 -0.000327103 -0.0026225 -0.000809128 -0.00530702 -0.00158572 -0.00455711
internal_weight=21864 19146 587 535 192 18559 3787 2321 1466 14772 1594 1543 1213 1139 1096 1047 301 139 13178 11251 371 98 142 1417 1070 551 482 228 2718 429
internal_count=21864 19146 587 535 192 18559 3787 2321 1466 14772 1594 1543 1213 1139 1096 1047 301 139 13178 11251 371 98 142 1417 1070 551 482 228 2718 429
is_linear=0
shrinkage=0.05


Tree=23
num_leaves=31
num_cat=0
split_feature=5 16 15 12 15 14 1 14 14 10 14 14 11 10 10 11 11 16 12 11 16 14 16 15 15 11 12 15 10 10
split_gain=4.15737 2.83495 2.06692 1.8425 2.2535 2.96126 2.77291 1.86675 3.60396 2.71082 1.95194 4.54193 8.82158 9.11182 6.24105 3.02146 4.50294 3.39635 3.70605 7.9819 3.41917 11.6055 5.20887 4.71065 9.6195 5.04886 17.6492 3.0717 2.82743 2.72741
threshold=0.017186956927867838 0.064675615437763026 0.013132485101928106 0.089699133089243169 -0.0048959899972514367 -0.037778052319122728 0.029177182262882021 0.11068884178819839 0.11108526702174228 -0.0042544588401209329 -0.054805799949304061 -0.048319541899194234 0.020793273633493151 0.0011530203210341485 0.0054292570056242448 0.001067718638755544 0.00053834779161687784 0.0064522728770125557 0.048152428754814187 -0.0043480810751578827 -1.0000000180025095e-35 -0.03897851358283843 0.0015020738091102717 -0.0016193060591091488 -0.00082400209658234347 -0.0068475574788619533 0.01743897700487718 0.0006655040521490464 -0.0023625284956628185 -0.0037293651666452927
decision_type=2 2 2 2 2 2 2 2 2 2 2 2 2 2 2 2 2 2 2 2 2 2 2 2 2 2 2 2 2 2
left_child=1 2 3 7 -5 -6 -7 9 -9 -1 -11 12 13 -12 -14 16 17 18 20 -20 23 -22 -23 28 -25 -26 -27 -28 -13 -17
right_child=-2 -3 -4 4 5 6 -8 8 -10 10 11 15 14 -15 -16 29 -18 -19 19 -21 21 22 -24 24 25 26 27 -29 -30 -31
leaf_value=0.00013611338921406068 -0.00023331421577996037 -0.00035051656303944177 0.0002060757201557528 -0.00022369472528303128 -0.00038687948940536879 0.00023076545761251886 -0.00027383740143233472 -0.00029272505108545257 -2.3583447155363339e-05 0.00011221759052768861 -0.00051999089561770913 -0.00012002703284012371 -0.00029990274178234286 0.00018719724626692141 -0.00062181918214074304 -0.00026797557188829073 -0.00042083840519681201 0.00013983875729013776 0.0007885190449648295 -0.00045519513540548943 -0.00077414559469726448 -0.00020034884952587815 7.2151822359410326e-05 -0.00055802761373951548 0.00027108517033873862 -0.00057742910296210593 -0.00022120407769958829 0.00018086921840154786 0.00031954512176163654 5.9534003767907545e-05
leaf_weight=2798 2895 64 1562 92 41 230 41 78 1134 2508 70 191 50 364 45 57 120 974 49 68 45 74 191 48 260 49 50 149 718 6770
leaf_count=2798 2895 64 1562 92 41 230 41 78 1134 2508 70 191 50 364 45 57 120 974 49 68 45 74 191 48 260 49 50 149 718 6770
internal_value=0.000391324 0.000661726 0.00069744 0.000539852 -0.00279703 -0.000769231 0.00112546 0.00061981 -0.00127063 0.000766232 0.000459144 0.000155676 -0.00435728 -0.00133641 -0.0181579 0.000398961 -0.000927662 -0.000530356 -0.00176533 -0.0103846 -0.00119718 -0.00596774 -0.00198113 -0.000187713 -0.00381295 -0.00179134 -0.00689516 -0.000276382 0.0020297 0.0009792
internal_weight=21785 18890 18826 17264 404 312 271 16860 1212 15648 12850 10342 529 434 95 9813 2986 2866 1892 117 1775 310 265 1465 556 508 248 199 909 6827
internal_count=21785 18890 18826 17264 404 312 271 16860 1212 15648 12850 10342 529 434 95 9813 2986 2866 1892 117 1775 310 265 1465 556 508 248 199 909 6827
is_linear=0
shrinkage=0.05


Tree=24
num_leaves=31
num_cat=0
split_feature=0 5 5 13 13 15 14 16 16 14 3 14 10 10 14 15 15 14 13 10 16 15 13 10 5 5 14 14 14 16
split_gain=3.60237 2.2329 1.94938 1.8952 2.63024 5.84898 2.36648 4.50503 2.79575 3.94326 3.4608 2.77448 2.30381 2.24104 2.22552 2.21692 3.01668 8.76242 4.54282 3.63788 3.93344 4.08669 3.7285 2.63934 2.50624 2.4122 2.40704 4.59002 2.5974 2.46556
threshold=-0.040042254290389649 0.0085788279594004955 0.023615445725836313 24.695000648498539 23.965000152587894 -0.0037267514744582782 0.11068884178819839 -0.014737831600570626 0.043360056119399311 -0.023978062109039463 0.0045207554402371128 0.11108526702174228 0.0074825472221409237 -0.0042544588401209329 0.29251442523831755 0.0074541937545147272 0.0070831629175186492 -0.021011062487688355 14.84500026702881 0.010510729988004066 0.0076697196060696591 -0.0061317779410346432 14.244999885559084 0.0084135321607602415 0.013113706552605168 0.013820003476124698 -0.051474636784154308 -0.048319541899194234 -0.048564324883399894 0.0092847338947306141
decision_type=2 2 2 2 2 2 2 2 2 2 2 2 2 2 2 2 2 2 2 2 2 2 2 2 2 2 2 2 2 2
left_child=-1 -2 3 4 6 -6 8 -8 13 10 -10 -9 -7 -3 -5 16 19 18 -18 23 21 25 -23 26 -20 -21 -15 28 -28 -29
right_child=1 2 -4 14 5 12 7 11 9 -11 -12 -13 -14 15 -16 -17 17 -19 24 20 -22 22 -24 -25 -26 -27 27 29 -30 -31
leaf_value=-0.0005989078151458037 0.0001116778041479974 0.00012543899073320819 -0.00031166537046695483 0.0002827153776548404 -0.00069765392576294017 0.00057035282027342209 -0.00033172448514537481 -0.00028551431614221148 -7.5361954817922128e-05 0.00017579237047287056 -0.00084471985093286417 3.4604560758195089e-05 -0.00032839907038835964 0.00016375195656179506 -0.00053654049507016158 0.00010979652090124326 -0.00066011314698834005 0.0001915221549929407 -0.00049128516667386931 -0.00016481565823004608 0.00017878449113154128 -0.00014948557623189698 -4.1156895132398614e-05 0.00030563956561911369 0.00022683823404935047 -0.00058973730121846478 -0.00012391573099334411 -4.412145656971165e-05 -0.00037595043350754681 7.4703403111723207e-05
leaf_weight=278 1378 2837 1248 965 67 129 196 52 69 120 72 666 49 922 74 3158 49 153 40 82 251 99 475 821 41 52 77 4748 77 2598
leaf_count=278 1378 2837 1248 965 67 129 196 52 69 120 72 666 49 922 74 3158 49 153 40 82 251 99 475 821 41 52 77 4748 77 2598
internal_value=0.000403562 0.000476467 0.000343538 0.000469666 0.000349162 -0.00479592 0.000420561 -0.00205689 0.000555821 -0.00457854 -0.0102482 -0.000222841 -5.61796e-05 0.000637136 0.00254572 0.000371253 2.14594e-05 -0.00507067 -0.0146154 0.000162713 -0.00276851 -0.00467514 -0.00283972 0.00046684 -0.00734568 -0.0125373 0.00020304 -9.33331e-05 -0.00863636 8.57611e-05
internal_weight=21843 21565 20187 18939 17900 245 17655 914 16741 261 141 718 178 16480 1039 13643 10485 283 130 10202 959 708 574 9243 81 134 8422 7500 154 7346
internal_count=21843 21565 20187 18939 17900 245 17655 914 16741 261 141 718 178 16480 1039 13643 10485 283 130 10202 959 708 574 9243 81 134 8422 7500 154 7346
is_linear=0
shrinkage=0.05


end of trees

feature_importances:
spy_ret_20d=103
sector_ret_5d=93
vix_chg_1d=92
spy_ret_1d=90
sector_ret_1d=83
spy_ret_5d=74
vix_level=63
dist_ma50=29
atr_pct=28
parkinson_20=23
overnight_gap=19
dist_ma200=19
ret_1d=15
ret_5d=8
ret_20d=5
dist_ma20=4
dvol_z_20=2

parameters:
[boosting: gbdt]
[objective: quantile]
[metric: quantile]
[tree_learner: serial]
[device_type: cpu]
[data_sample_strategy: bagging]
[data: ]
[valid: ]
[num_iterations: 120]
[learning_rate: 0.05]
[num_leaves: 31]
[num_threads: -1]
[seed: 0]
[deterministic: 0]
[force_col_wise: 1]
[force_row_wise: 0]
[histogram_pool_size: -1]
[max_depth: -1]
[min_data_in_leaf: 40]
[min_sum_hessian_in_leaf: 0.001]
[bagging_fraction: 0.85]
[pos_bagging_fraction: 1]
[neg_bagging_fraction: 1]
[bagging_freq: 1]
[bagging_seed: 3]
[bagging_by_query: 0]
[feature_fraction: 0.85]
[feature_fraction_bynode: 1]
[feature_fraction_seed: 2]
[extra_trees: 0]
[extra_seed: 6]
[early_stopping_round: 0]
[early_stopping_min_delta: 0]
[first_metric_only: 0]
[max_delta_step: 0]
[lambda_l1: 0]
[lambda_l2: 0]
[linear_lambda: 0]
[min_gain_to_split: 0]
[drop_rate: 0.1]
[max_drop: 50]
[skip_drop: 0.5]
[xgboost_dart_mode: 0]
[uniform_drop: 0]
[drop_seed: 4]
[top_rate: 0.2]
[other_rate: 0.1]
[min_data_per_group: 100]
[max_cat_threshold: 32]
[cat_l2: 10]
[cat_smooth: 10]
[max_cat_to_onehot: 4]
[top_k: 20]
[monotone_constraints: ]
[monotone_constraints_method: basic]
[monotone_penalty: 0]
[feature_contri: ]
[forcedsplits_filename: ]
[refit_decay_rate: 0.9]
[cegb_tradeoff: 1]
[cegb_penalty_split: 0]
[cegb_penalty_feature_lazy: ]
[cegb_penalty_feature_coupled: ]
[path_smooth: 0]
[interaction_constraints: ]
[verbosity: -1]
[saved_feature_importance_type: 0]
[use_quantized_grad: 0]
[num_grad_quant_bins: 4]
[quant_train_renew_leaf: 0]
[stochastic_rounding: 1]
[linear_tree: 0]
[max_bin: 255]
[max_bin_by_feature: ]
[min_data_in_bin: 3]
[bin_construct_sample_cnt: 200000]
[data_random_seed: 1]
[is_enable_sparse: 1]
[enable_bundle: 1]
[use_missing: 1]
[zero_as_missing: 0]
[feature_pre_filter: 1]
[pre_partition: 0]
[two_round: 0]
[header: 0]
[label_column: ]
[weight_column: ]
[group_column: ]
[ignore_column: ]
[categorical_feature: ]
[forcedbins_filename: ]
[precise_float_parser: 0]
[parser_config_file: ]
[objective_seed: 5]
[num_class: 1]
[is_unbalance: 0]
[scale_pos_weight: 1]
[sigmoid: 1]
[boost_from_average: 1]
[reg_sqrt: 0]
[alpha: 0.1]
[fair_c: 1]
[poisson_max_delta_step: 0.7]
[tweedie_variance_power: 1.5]
[lambdarank_truncation_level: 30]
[lambdarank_norm: 1]
[label_gain: ]
[lambdarank_position_bias_regularization: 0]
[eval_at: ]
[multi_error_top_k: 1]
[auc_mu_weights: ]
[num_machines: 1]
[local_listen_port: 12400]
[time_out: 120]
[machine_list_filename: ]
[machines: ]
[gpu_platform_id: -1]
[gpu_device_id: -1]
[gpu_device_id_list: ]
[gpu_use_dp: 0]
[num_gpu: 1]

end of parameters

pandas_categorical:[]
