tree
version=v4
num_class=1
num_tree_per_iteration=1
label_index=0
max_feature_idx=16
objective=quantile
feature_names=ret_1d ret_5d ret_20d overnight_gap atr_pct parkinson_20 dvol_z_20 dist_ma20 dist_ma50 dist_ma200 spy_ret_1d spy_ret_5d spy_ret_20d vix_level vix_chg_1d sector_ret_1d sector_ret_5d
feature_infos=[-0.066131114617701936:0.048145991069695304] [-0.10629751829005873:0.11104639875752276] [-0.15667311411992257:0.18139700641482537] [-0.033534189153785698:0.048645660585959094] [0.010788844778890415:0.031131167268351415] [0.0068522435515972341:0.017584863941353685] [-2.5465562234329542:4.0922954865251677] [-0.10346701525310464:0.097606690935747809] [-0.13180023440255795:0.13045988070040426] [-0.17979111026363803:0.086660607477837548] [-0.058542947643003718:0.10501933612632941] [-0.11496158439845272:0.082843216242346029] [-0.12265592443394913:0.15756596870864792] [11.859999656677246:52.330001831054688] [-0.35753873962348437:0.74039073966007019] [-0.043404047793221157:0.03876882776686319] [-0.066511798508375297:0.073218480814408737]
tree_sizes=854 858 864 856 872 867 867 855 861 862 868 872 867 854 859 869 862 860 855 859 861 875 867 853 853 858 864

Tree=0
num_leaves=8
num_cat=0
split_feature=16 3 3 9 7 7 15
split_gain=2.33528 1.9663 2.43306 2.35064 1.57982 1.6245 2.03072
threshold=-0.024367059028085222 -0.0062838786995712539 -0.0079639357673358373 0.038833568397157799 0.03416294679511956 0.025239698283532012 -0.008911836170713448
decision_type=2 2 2 10 2 2 2
left_child=-1 2 -2 4 5 6 -3
right_child=1 3 -4 -5 -6 -7 -8
leaf_value=-0.00015863423468545081 0.00010671757700038144 0.0002012307057157159 -0.00034224945120513444 -0.00014586709439754487 0.00019094891031272711 -0.00014517579693347217 2.4696456966921688e-05
leaf_weight=43 30 44 26 47 84 32 444
leaf_count=43 30 44 26 47 84 32 444
internal_value=0.000266667 0.000954738 -0.00803571 0.00172811 0.00256623 0.00153846 0.0022541
internal_weight=750 707 56 651 604 520 488
internal_count=750 707 56 651 604 520 488
is_linear=0
shrinkage=0.05


Tree=1
num_leaves=8
num_cat=0
split_feature=16 5 13 16 1 4 3
split_gain=2.03962 1.99186 2.69274 2.17861 1.75398 1.18616 1.22761
threshold=-0.024367059028085222 0.013468108320999522 19.329999923706058 -0.019543775500436452 0.022115042199524652 0.021306810980008802 0.0053815216234861527
decision_type=2 2 2 2 2 2 2
left_child=-1 3 -3 -2 -4 6 -5
right_child=1 2 4 5 -6 -7 -8
leaf_value=-0.00015070252295117827 0.00018882248579757288 0.00034291415355255597 0.00018070830978103916 -2.5917494640452793e-05 -0.00017761213923222387 -0.00019453379180049525 -0.00015755049767903983
leaf_weight=41 30 57 52 448 28 33 45
leaf_count=41 30 57 52 448 28 33 45
internal_value=-0.000749319 -0.000108225 0.00529197 -0.00143885 -0.000625 -0.00218631 -0.00157201
internal_weight=734 693 137 556 80 526 493
internal_count=734 693 137 556 80 526 493
is_linear=0
shrinkage=0.05


Tree=2
num_leaves=8
num_cat=0
split_feature=16 3 1 0 0 2 9
split_gain=2.34417 1.58971 3.67121 1.71849 1.67047 1.52652 1.51704
threshold=-0.024367059028085222 -0.0044990917476104833 0.013427144596943387 -0.00076320324143064322 0.0016646657226506714 -0.015702833494608489 0.033448472898260036
decision_type=2 2 2 2 2 2 10
left_child=-1 2 5 -3 -5 -2 -6
right_child=1 3 -4 4 6 -7 -8
leaf_value=-0.00013634269990143367 -0.00036558421192603419 9.0957430853450211e-05 0.00029053475707951297 -0.00010681227729219246 5.125841572316858e-05 -5.2247673091187607e-05 -0.00026631699651625244
leaf_weight=44 38 255 29 53 270 30 30
leaf_count=44 38 255 29 53 270 30 30
internal_value=-0.000166889 0.000531915 -0.00541237 0.00148026 -0.000779037 -0.0117647 0.000666667
internal_weight=749 705 97 608 353 68 300
internal_count=749 705 97 608 353 68 300
is_linear=0
shrinkage=0.05


Tree=3
num_leaves=8
num_cat=0
split_feature=16 6 11 11 4 9 6
split_gain=1.95771 1.6122 1.55508 1.7232 1.61046 1.57105 1.10021
threshold=-0.020784542574484918 -1.2784431942586267 0.037714615631601174 -0.010415571186439985 0.017414656816101198 -0.028283913691254877 0.40260473179840212
decision_type=2 2 2 2 2 8 2
left_child=-1 -2 3 4 -3 -6 -5
right_child=1 2 -4 6 5 -7 -8
leaf_value=-0.00011203399203059235 -0.00020232325179990766 0.00028747406301881713 0.00020895969228865849 2.1982878235462524e-05 0.00016011728705525455 -0.00020065057134474956 -6.2682103856423062e-05
leaf_weight=70 33 39 26 370 47 30 128
leaf_count=70 33 39 26 370 47 30 128
internal_value=0.000100942 0.000928678 0.00148438 0.000977199 0.00646552 0.00227273 -0.000301205
internal_weight=743 673 640 614 116 77 498
internal_count=743 673 640 614 116 77 498
is_linear=0
shrinkage=0.05


Tree=4
num_leaves=8
num_cat=0
split_feature=15 15 7 0 3 12 12
split_gain=2.03728 2.7583 1.7497 1.92678 2.58943 1.62998 2.23263
threshold=0.0031826391858140739 0.00065313560113677848 0.038575520853048169 -0.0072260526060415877 -0.0047638955732997026 -0.00052819005217041848 0.021751379698535137
decision_type=2 2 2 2 2 2 2
left_child=1 2 3 4 -1 -5 -7
right_child=-2 -3 -4 5 -6 6 -8
leaf_value=-5.1920555178361384e-05 6.0668311586749162e-05 -0.00019201772275631072 0.00018866889799623837 5.6475884542190338e-05 0.00013445044615000939 -0.0002447235976993488 -7.7748135355805057e-05
leaf_weight=43 244 116 32 56 113 59 83
leaf_count=43 244 116 32 56 113 59 83
internal_value=-0.000469169 -0.00229084 -0.000259067 -0.00127119 0.00288462 -0.00454545 -0.00739437
internal_weight=746 502 386 354 156 198 142
internal_count=746 502 386 354 156 198 142
is_linear=0
shrinkage=0.05


Tree=5
num_leaves=8
num_cat=0
split_feature=14 9 7 7 3 0 0
split_gain=2.29102 2.03653 1.86119 1.75558 1.65936 2.39621 2.23832
threshold=0.12708615320093045 0.029840631778017327 0.03416294679511956 0.023074043169964979 -0.0047267728283612023 -0.00068263766200182807 0.0016646657226506714
decision_type=2 10 2 2 2 2 2
left_child=1 2 3 4 -1 -6 -7
right_child=-2 -3 -4 -5 5 6 -8
leaf_value=-0.00010489559720854212 -0.00017682864846091463 -0.00012151292445901358 0.00017470447960200782 -0.00014174657902235791 0.00012772792384250893 -0.00025885499969642393 9.6250905194071675e-06
leaf_weight=86 37 71 77 33 207 40 186
leaf_count=86 37 71 77 33 207 40 186
internal_value=-0.000712347 -7.14286e-05 0.000834658 -0.000181159 0.000529865 0.00178984 -0.00176991
internal_weight=737 700 629 552 519 433 226
internal_count=737 700 629 552 519 433 226
is_linear=0
shrinkage=0.05


Tree=6
num_leaves=8
num_cat=0
split_feature=7 9 0 10 10 10 10
split_gain=1.45558 2.60746 2.09082 1.61804 1.57127 1.9683 1.82612
threshold=0.03416294679511956 0.0063713100273494758 0.007686880569399702 -0.0040208164286187889 -0.00032911889046416393 -0.0016165810670417111 0.00038115432096208496
decision_type=2 10 2 2 2 2 2
left_child=3 2 -2 -1 5 -5 -6
right_child=1 -3 -4 4 6 -7 -8
leaf_value=6.3587510011863579e-05 0.00036320754763086345 -0.00011282115673172875 3.7474459550366843e-05 -0.00010123716721690214 0.00024823693657174788 -0.00035575740548284582 -4.4164625394429839e-05
leaf_weight=160 39 30 29 73 29 34 352
leaf_count=160 39 30 29 73 29 34 352
internal_value=-6.70241e-05 0.00561224 0.0110294 -0.000925926 -0.00235656 -0.00771028 -0.000853018
internal_weight=746 98 68 648 488 107 381
internal_count=746 98 68 648 488 107 381
is_linear=0
shrinkage=0.05


Tree=7
num_leaves=8
num_cat=0
split_feature=6 6 9 8 4 6 14
split_gain=2.01061 2.05721 2.21951 2.50582 1.97001 1.53864 1.47333
threshold=2.5799816288890924 1.6694345741254646 -0.042989912330044448 -0.028476991297441353 0.017816900402302292 -0.026387383350282363 -0.0056306847578752031
decision_type=2 2 8 10 2 2 2
left_child=1 2 3 4 6 -6 -1
right_child=-2 -3 -4 -5 5 -7 -8
leaf_value=1.0632186110003497e-06 0.00031111917060571705 -0.00027693578965223923 -4.7109366063299301e-05 0.00023954717913682728 1.1122032655966005e-05 -0.00012784777852199315 0.00026379867948563089
leaf_weight=26 31 25 497 55 51 35 25
leaf_count=26 31 25 497 55 51 35 25
internal_value=-0.000369128 -0.000910364 -0.000399129 0.00416667 0.000547445 -0.00406977 0.00833333
internal_weight=745 714 689 192 137 86 51
internal_count=745 714 689 192 137 86 51
is_linear=0
shrinkage=0.05


Tree=8
num_leaves=8
num_cat=0
split_feature=15 0 8 15 9 8 9
split_gain=1.72326 2.14139 2.06238 1.9996 1.99467 1.69037 1.39087
threshold=0.0031208773578668141 -0.0072260526060415877 0.032052628717666017 -0.0028581613017313319 0.024379352203906971 -0.050668253662624667 -0.040724040515366426
decision_type=2 2 10 2 8 10 8
left_child=1 3 -3 5 -4 -1 -2
right_child=6 2 4 -5 -6 -7 -8
leaf_value=0.00015118195635322433 0.00017707828066791046 -0.00014321162440151454 0.00026122747988788453 -0.00012539265198440073 -5.8560923859086755e-05 7.9821012423298996e-05 2.821209977286758e-05
leaf_weight=35 69 235 45 46 48 94 192
leaf_count=35 69 235 45 46 48 94 192
internal_value=-0.000327225 -0.00203777 -0.00442073 0.00242857 0.00188172 0.00562016 0.00296935
internal_weight=764 503 328 175 93 129 261
internal_count=764 503 328 175 93 129 261
is_linear=0
shrinkage=0.05


Tree=9
num_leaves=8
num_cat=0
split_feature=15 0 10 3 3 8 4
split_gain=2.72446 2.31435 1.91022 1.97757 1.50832 1.79615 1.36513
threshold=0.0031208773578668141 -0.00076320324143064322 0.0012830359695055196 -1.0000000180025095e-35 -0.0044359237359209427 -0.01048451417147611 0.014710865253360007
decision_type=2 2 2 2 2 10 2
left_child=1 4 3 -3 5 -1 -6
right_child=-2 2 -4 -5 6 -7 -8
leaf_value=-0.00017813562522491793 7.0908092356354612e-05 0.00021906025623971541 -0.00022248861151057434 -0.0001727480948027644 -4.893906347305287e-05 6.2073718737958622e-05 9.149839106369145e-05
leaf_weight=51 245 48 83 50 68 29 170
leaf_count=51 245 48 83 50 68 29 170
internal_value=-0.000134409 -0.00225451 -0.00676796 -0.00204082 0.000314465 -0.005625 0.00231092
internal_weight=744 499 181 98 318 80 238
internal_count=744 499 181 98 318 80 238
is_linear=0
shrinkage=0.05


Tree=10
num_leaves=8
num_cat=0
split_feature=5 14 10 10 14 14 3
split_gain=1.75711 1.49818 1.98523 1.79741 1.7056 1.6287 1.47749
threshold=0.013851614041051291 0.12708615320093045 -0.0040208164286187889 -0.00038722571471944128 0.0012326341754252958 0.038811658900465458 -0.0010997596274226471
decision_type=2 2 2 2 2 2 2
left_child=1 2 5 -4 -5 -1 -6
right_child=-2 -3 3 4 6 -7 -8
leaf_value=0.00021899266226232963 0.00013871842387128846 -0.00019648803000743765 -0.00014273014668505599 -5.1465176684922866e-05 0.00028144395672557884 1.784765854334077e-05 -1.7233473344359154e-06
leaf_weight=37 130 25 111 288 41 67 50
leaf_count=37 130 25 111 288 41 67 50
internal_value=0.000100134 -0.00100969 -0.000505051 -0.00183673 -0.000197889 0.00576923 0.00576923
internal_weight=749 619 594 490 379 104 91
internal_count=749 619 594 490 379 104 91
is_linear=0
shrinkage=0.05


Tree=11
num_leaves=8
num_cat=0
split_feature=5 16 16 15 0 7 14
split_gain=1.75993 2.15245 1.63252 1.43802 2.74901 2.00249 1.38369
threshold=0.013851614041051291 -0.024367059028085222 -0.019543775500436452 0.0031208773578668141 -0.0072260526060415877 -0.0056922199636989515 -0.010446241084373918
decision_type=2 2 2 2 2 2 2
left_child=1 -1 -3 4 5 -4 -6
right_child=-2 2 3 -5 6 -7 -8
leaf_value=-0.00014114913463604431 0.00013550069294760963 0.00018914850442727321 -2.5582875361995875e-05 3.0030302201608751e-05 -0.00018843541850758312 9.6407462279211547e-05 -5.5111039386618792e-05
leaf_weight=26 135 31 74 183 98 47 153
leaf_count=26 135 31 74 183 98 47 153
internal_value=-0.000167336 -0.00130719 -0.000682594 -0.00130631 -0.0030914 0.00309917 -0.0060757
internal_weight=747 612 586 555 372 121 251
internal_count=747 612 586 555 372 121 251
is_linear=0
shrinkage=0.05


Tree=12
num_leaves=8
num_cat=0
split_feature=16 5 10 5 10 10 4
split_gain=1.80756 1.67541 2.05411 2.71926 1.83475 1.80032 1.81003
threshold=-0.022789012700087038 0.013468108320999522 -0.0040208164286187889 0.0081974064171102291 -0.0055512367619247596 -0.00025977690608347531 0.01440546711190295
decision_type=2 2 2 2 2 2 2
left_child=-1 2 4 -4 -2 -5 -7
right_child=1 -3 3 5 -6 6 -8
leaf_value=-0.00010174546828114904 1.9710827585504672e-05 0.00012500746803034354 0.00021618024122008336 -0.0001481434369853114 0.00021079858111854412 -0.0002007414373872113 5.978993902100198e-06
leaf_weight=53 77 132 52 99 29 48 244
leaf_count=53 77 132 52 99 29 48 244
internal_value=-6.81199e-05 0.000624082 -0.000591985 -0.00208804 0.00566038 -0.00351662 -0.0015411
internal_weight=734 681 549 443 106 391 292
internal_count=734 681 549 443 106 391 292
is_linear=0
shrinkage=0.05


Tree=13
num_leaves=8
num_cat=0
split_feature=6 6 12 2 16 6 6
split_gain=1.73136 1.74229 1.56348 1.80794 2.06997 1.34744 2.58271
threshold=2.5799816288890924 1.3842850907438236 -0.00052819005217041848 -0.062757372564002364 -0.014143396508952076 -0.35709334112636976 -0.68314433168467381
decision_type=2 2 2 2 2 2 2
left_child=1 2 3 -1 -5 6 -6
right_child=-2 -3 -4 4 5 -7 -8
leaf_value=0.00022958294788645724 0.00030807254709519017 -0.00016567539105643111 -2.232046539075049e-05 -0.00019814679114874779 3.8565858960888881e-05 -4.4696423634204756e-05 0.00031972339337563757
leaf_weight=39 30 49 470 35 35 60 27
leaf_count=39 30 49 470 35 35 60 27
internal_value=-0.000100671 -0.000594406 7.50751e-05 0.00382653 0.00143312 0.0045082 0.00967742
internal_weight=745 715 666 196 157 122 62
internal_count=745 715 666 196 157 122 62
is_linear=0
shrinkage=0.05


Tree=14
num_leaves=8
num_cat=0
split_feature=16 6 6 5 16 11 4
split_gain=1.40227 1.59249 1.75916 1.29727 1.53386 1.36052 1.70195
threshold=-0.024367059028085222 2.3035842454722468 1.4782765480588196 0.013468108320999522 -0.019543775500436452 0.019179064165315788 0.016050341195008467
decision_type=2 2 2 2 2 2 2
left_child=-1 2 3 4 -2 -6 -7
right_child=1 -3 -4 -5 5 6 -8
leaf_value=-0.00012074370741186631 0.0001468490043465882 0.00020786258565568935 -0.00015227819773298796 0.00010091110016438258 -5.1379310345459303e-05 0.00017895653796301395 -8.6324367495289661e-06
leaf_weight=36 28 30 33 123 382 31 56
leaf_count=36 28 30 33 123 382 31 56
internal_value=-0.000104312 0.000402635 -0.000114855 0.000483871 -0.000653924 -0.00133262 0.00431034
internal_weight=719 683 653 620 497 469 87
internal_count=719 683 653 620 497 469 87
is_linear=0
shrinkage=0.05


Tree=15
num_leaves=8
num_cat=0
split_feature=16 15 2 15 1 2 9
split_gain=1.41117 1.20649 1.77707 2.75037 1.97157 1.87783 1.49055
threshold=-0.022789012700087038 0.0031826391858140739 0.052220639782084251 -0.0018045804465308677 -0.024460455254705967 0.082642880710216873 -0.00044098292491928642
decision_type=2 2 2 2 2 2 10
left_child=-1 2 3 -2 -5 -4 -3
right_child=1 6 5 4 -6 -7 -8
leaf_value=-8.9504986226960736e-05 1.2358119511250208e-05 0.00013986805748145408 0.00017450980471995638 0.0001396484516296806 -0.00017026876255161392 -2.0976413259315884e-05 -0.00011321679824413227
leaf_weight=57 210 157 38 25 139 36 81
leaf_count=57 210 157 38 25 139 36 81
internal_value=-0.00077389 -0.000145773 -0.00167411 -0.00307487 -0.00792683 0.00540541 0.00273109
internal_weight=743 686 448 374 164 74 238
internal_count=743 686 448 374 164 74 238
is_linear=0
shrinkage=0.05


Tree=16
num_leaves=8
num_cat=0
split_feature=6 6 0 15 15 8 6
split_gain=1.64748 1.87876 1.62104 3.00877 2.51058 1.62784 1.36299
threshold=2.5799816288890924 1.6694345741254646 -0.0072260526060415877 -0.0027794416833945008 0.0026262779719000711 -0.047036061184137661 -0.16551888024935482
decision_type=2 2 2 2 2 10 2
left_child=1 2 3 5 -4 -1 -5
right_child=-2 -3 4 6 -6 -7 -8
leaf_value=0.00015189738991504644 0.00023279062013425924 -0.00018838263351787993 -8.7709075672108672e-05 -0.00021081575546193335 2.7179271333379296e-05 0.00010744715042711468 5.0008461977909201e-05
leaf_weight=31 32 32 285 29 240 83 25
leaf_count=31 32 32 285 29 240 83 25
internal_value=-0.000165125 -0.000655172 -0.000108225 0.00416667 -0.00147619 0.00877193 -0.00555556
internal_weight=757 725 693 168 525 114 54
internal_count=757 725 693 168 525 114 54
is_linear=0
shrinkage=0.05


Tree=17
num_leaves=8
num_cat=0
split_feature=5 11 7 12 1 7 8
split_gain=1.44417 1.20441 1.17204 1.34914 1.38889 1.33342 1.31964
threshold=0.0076066000742378605 0.039322955344760387 0.03655176121324822 -0.02797294646846021 -0.013131016143839767 0.020175944471501731 -0.035277608922871066
decision_type=2 2 2 2 2 2 10
left_child=-1 2 3 4 -2 6 -5
right_child=1 -3 -4 5 -6 -7 -8
leaf_value=0.00036143875992640452 -0.00029522513608149094 0.0001475019354607415 8.1870559863151147e-05 -8.0380929378402266e-05 0.00024911133408329103 -0.00013138054712133631 9.7948470907540882e-06
leaf_weight=29 27 27 89 182 54 63 275
leaf_count=29 27 27 89 182 54 63 275
internal_value=0.000268097 -0.000174338 -0.00057971 -0.00137271 0.00462963 -0.00230769 -0.00136761
internal_weight=746 717 690 601 81 520 457
internal_count=746 717 690 601 81 520 457
is_linear=0
shrinkage=0.05


Tree=18
num_leaves=8
num_cat=0
split_feature=6 6 9 16 0 2 2
split_gain=1.61316 2.55744 1.73221 1.26863 1.79703 1.55237 1.46269
threshold=2.5799816288890924 1.1237787132173669 0.039732679043958725 -0.022789012700087038 -0.013179216671873549 0.037880645741934511 0.069609338485578279
decision_type=2 2 10 2 2 2 2
left_child=1 2 3 -1 -5 -6 -7
right_child=-2 -3 -4 4 5 6 -8
leaf_value=-8.3645793467145859e-05 0.00022406977155311222 -0.00017011777916920736 -0.00012613198108402777 0.00017370817760813486 -2.2846208049492349e-05 0.00019367751530077442 4.7276008053963925e-06
leaf_weight=42 35 58 39 55 390 67 67
leaf_count=42 35 58 39 55 390 67 67
internal_value=0.000232404 -0.000278552 0.000606061 0.00124799 0.00185665 0.000954198 0.00559701
internal_weight=753 718 660 621 579 524 134
internal_count=753 718 660 621 579 524 134
is_linear=0
shrinkage=0.05


Tree=19
num_leaves=8
num_cat=0
split_feature=14 14 16 8 9 4 2
split_gain=1.00882 1.48248 1.40286 1.38178 2.83713 1.6822 1.90604
threshold=-0.098691693357393515 -0.069744182185856193 0.024083105769827532 -0.039995450028576733 -0.042989912330044448 0.017465577084574902 -0.052347333747578766
decision_type=2 2 2 8 8 2 2
left_child=-1 -2 3 5 -5 6 -3
right_child=1 2 -4 4 -6 -7 -8
leaf_value=-0.0001745282871427413 0.00012304487941503385 9.0370770293252663e-05 -0.00013760116647478846 0.0002323666070337371 1.5816392900334324e-06 -9.0469746438051604e-05 -0.00016113508960415428
leaf_weight=41 39 25 39 52 420 90 33
leaf_count=41 39 25 39 52 420 90 33
internal_value=-0.000304465 0.000143266 -0.000417299 0.00016129 0.00148305 -0.00405405 0.00258621
internal_weight=739 698 659 620 472 148 58
internal_count=739 698 659 620 472 148 58
is_linear=0
shrinkage=0.05


Tree=20
num_leaves=8
num_cat=0
split_feature=14 5 13 1 4 1 1
split_gain=1.52545 2.12662 2.26688 2.04537 1.67862 2.61555 2.45894
threshold=-0.096084571305829466 0.013851614041051291 19.329999923706058 0.021120002162688171 0.018961980877939027 -0.025764486880534506 -0.020977190793758257
decision_type=2 2 2 2 2 2 2
left_child=-1 4 -3 -4 5 -2 -7
right_child=1 2 3 -5 -6 6 -8
leaf_value=-0.00022058598058531973 0.00016932687579659955 0.00030835556787872469 0.00021311008157518701 -0.00012608488538499158 -0.00010514221154001866 -0.00033322358082666357 -2.3459509471641399e-06
leaf_weight=40 55 45 45 27 128 27 384
leaf_count=40 55 45 45 27 128 27 384
internal_value=-0.000499334 3.51617e-05 0.00619658 0.000694444 -0.00117845 0.000214592 -0.00115572
internal_weight=751 711 117 72 594 466 411
internal_count=751 711 117 72 594 466 411
is_linear=0
shrinkage=0.05


Tree=21
num_leaves=8
num_cat=0
split_feature=16 8 3 3 15 15 15
split_gain=1.41694 1.77118 1.73929 2.27596 2.16488 1.50582 1.94311
threshold=-0.024367059028085222 -0.082319208375322903 -0.0060000539381430676 -0.0075322394703377085 -0.0085845119308592382 0.0022091487076685294 0.0010880249183449211
decision_type=2 8 2 2 2 2 2
left_child=-1 -2 3 -3 -4 6 -6
right_child=1 2 4 -5 5 -7 -8
leaf_value=-9.173548072350041e-05 0.00028921536852233841 -2.4939582211459261e-06 0.00013220501770842041 -0.00026945973675296186 -1.6170832666637734e-05 2.3487883486071222e-05 -0.00016792396308146115
leaf_weight=42 25 34 53 27 253 272 42
leaf_count=42 25 34 53 27 253 272 42
internal_value=-0.000601604 -7.08215e-05 -0.000550661 -0.00860656 0.000241935 -0.000661376 -0.00313559
internal_weight=748 706 681 61 620 567 295
internal_count=748 706 681 61 620 567 295
is_linear=0
shrinkage=0.05


Tree=22
num_leaves=8
num_cat=0
split_feature=14 10 10 15 11 14 8
split_gain=1.52979 1.08296 1.66826 1.52635 1.38035 2.29105 1.30486
threshold=0.13936216153879713 -0.0040208164286187889 0.0007464509492582928 0.0010880249183449211 -0.017686145420045315 0.038811658900465458 0.0057589864083885675
decision_type=2 2 2 2 2 2 8
left_child=1 4 3 6 -1 -6 -3
right_child=-2 2 -4 -5 5 -7 -8
leaf_value=0.00016346441440789279 -0.00017736228311286703 -0.00013762804767355279 7.4866138890251233e-06 -0.00015951792631886308 0.0001949303662818108 -5.3579114088733791e-05 0.00014417315866990351
leaf_weight=38 30 64 377 68 41 75 49
leaf_count=38 30 64 377 68 41 75 49
internal_value=-0.000606469 -0.000140449 -0.00116487 -0.0051105 0.00357143 0.000862069 -0.00154867
internal_weight=742 712 558 181 154 116 113
internal_count=742 712 558 181 154 116 113
is_linear=0
shrinkage=0.05


Tree=23
num_leaves=8
num_cat=0
split_feature=3 1 3 16 5 5 13
split_gain=1.32093 2.35586 1.74204 1.86012 1.70296 1.40162 1.27626
threshold=-0.0044990917476104833 0.013427144596943387 -0.0033253501723637942 0.020824322154676892 0.013468108320999522 0.012697639151144051 19.055000305175785
decision_type=2 2 2 2 2 2 2
left_child=1 -1 -2 4 5 -4 -6
right_child=2 -3 3 -5 6 -7 -8
leaf_value=-0.00012527132178473819 0.00014095422323968438 0.00021035316158381885 1.3046906591699861e-05 -0.00012083505800490869 0.000268730502744581 -8.5794144469237543e-05 8.1096488631412022e-05
leaf_weight=86 48 29 402 54 35 33 64
leaf_count=86 48 29 402 54 35 33 64
internal_value=0.000366178 -0.00456522 0.00125786 0.000510204 0.00140449 5.74713e-05 0.00732323
internal_weight=751 115 636 588 534 435 99
internal_count=751 115 636 588 534 435 99
is_linear=0
shrinkage=0.05


Tree=24
num_leaves=8
num_cat=0
split_feature=5 13 5 7 15 1 15
split_gain=1.56985 1.65579 1.42263 2.57227 2.12287 2.45932 1.89233
threshold=0.013962666581114044 19.329999923706058 0.011403428979363273 -0.038968472866068908 -0.0012428631292118462 -0.018114005207818081 0.0022091487076685294
decision_type=2 2 2 2 2 2 2
left_child=2 -2 3 -1 5 -4 -6
right_child=1 -3 4 -5 6 -7 -8
leaf_value=0.0001349949395260214 0.00025029975704602119 4.5538459204082445e-06 -0.00040814566197269026 -6.7743294567618932e-06 -0.00032518314210553567 0.00020872523048437675 -4.3944711780225944e-05
leaf_weight=26 47 77 25 434 27 43 70
leaf_count=26 47 77 25 434 27 43 70
internal_value=-0.000300401 0.00483871 -0.00132 0.000108696 -0.00530303 0.00147059 -0.0100515
internal_weight=749 124 625 460 165 68 97
internal_count=749 124 625 460 165 68 97
is_linear=0
shrinkage=0.05


Tree=25
num_leaves=8
num_cat=0
split_feature=7 9 5 10 10 0 3
split_gain=1.57565 2.86376 1.54232 1.57999 2.04462 1.30842 1.22919
threshold=0.03655176121324822 0.0063713100273494758 0.0081974064171102291 -0.0037293651666452927 -0.0063062560979271201 0.0070563849567402146 0.0011120211297044327
decision_type=2 10 2 2 2 2 2
left_child=2 5 -1 4 6 -2 -4
right_child=1 -3 3 -5 -6 -7 -8
leaf_value=0.0001559790206868013 0.00027267889804109531 -7.7767584102174088e-05 -5.0566744064065756e-05 -6.0715767197155967e-05 0.00019394420964503743 2.5624045146108991e-06 5.4392978784814392e-05
leaf_weight=59 41 25 57 453 49 29 44
leaf_count=59 41 25 57 453 49 29 44
internal_value=-0.000495376 0.00552632 -0.00135952 -0.00211443 0.00233333 0.0107143 -0.00173267
internal_weight=757 95 662 603 150 70 101
internal_count=757 95 662 603 150 70 101
is_linear=0
shrinkage=0.05


Tree=26
num_leaves=8
num_cat=0
split_feature=5 4 10 9 2 2 14
split_gain=1.50895 1.27798 1.28459 1.14098 1.58259 2.13421 1.69138
threshold=0.0081974064171102291 0.01440546711190295 -0.0020521313117868862 0.029840631778017327 0.045026496135150092 0.015168293358442055 -0.0022749768251851816
decision_type=2 2 2 10 2 2 2
left_child=-1 2 -2 4 5 -3 -7
right_child=1 3 -4 -5 -6 6 -8
leaf_value=0.00014645205814769083 1.817622567269279e-05 3.9358831196592594e-06 -0.00020384161838202724 -5.5657943266136118e-05 9.5204168560464894e-05 -0.00028109826771747967 -1.0118027253653299e-05
leaf_weight=64 36 352 65 53 99 32 36
leaf_count=64 36 352 65 53 99 32 36
internal_value=-0.000305292 -0.00100297 -0.00618812 -8.74126e-05 0.000626204 -0.000714286 -0.00882353
internal_weight=737 673 101 572 519 420 68
internal_count=737 673 101 572 519 420 68
is_linear=0
shrinkage=0.05


end of trees

feature_importances:
sector_ret_1d=17
dvol_z_20=16
sector_ret_5d=16
spy_ret_1d=15
overnight_gap=14
parkinson_20=14
dist_ma200=13
ret_1d=12
vix_chg_1d=12
dist_ma20=11
ret_5d=9
ret_20d=9
atr_pct=9
dist_ma50=9
spy_ret_5d=5
spy_ret_20d=4
vix_level=4

parameters:
[boosting: gbdt]
[objective: quantile]
[metric: quantile]
[tree_learner: serial]
[device_type: cpu]
[data_sample_strategy: bagging]
[data: ]
[valid: ]
[num_iterations: 80]
[learning_rate: 0.05]
[num_leaves: 8]
[num_threads: 1]
[seed: 0]
[deterministic: 0]
[force_col_wise: 1]
[force_row_wise: 0]
[histogram_pool_size: -1]
[max_depth: -1]
[min_data_in_leaf: 25]
[min_sum_hessian_in_leaf: 0.001]
[bagging_fraction: 0.9]
[pos_bagging_fraction: 1]
[neg_bagging_fraction: 1]
[bagging_freq: 1]
[bagging_seed: 3]
[bagging_by_query: 0]
[feature_fraction: 0.9]
[feature_fraction_bynode: 1]
[feature_fraction_seed: 2]
[extra_trees: 0]
[extra_seed: 6]
[early_stopping_round: 0]
[early_stopping_min_delta: 0]
[first_metric_only: 0]
[max_delta_step: 0]
[lambda_l1: 0]
[lambda_l2: 0]
[linear_lambda: 0]
[min_gain_to_split: 0]
[drop_rate: 0.1]
[max_drop: 50]
[skip_drop: 0.5]
[xgboost_dart_mode: 0]
[uniform_drop: 0]
[drop_seed: 4]
[top_rate: 0.2]
[other_rate: 0.1]
[min_data_per_group: 100]
[max_cat_threshold: 32]
[cat_l2: 10]
[cat_smooth: 10]
[max_cat_to_onehot: 4]
[top_k: 20]
[monotone_constraints: ]
[monotone_constraints_method: basic]
[monotone_penalty: 0]
[feature_contri: ]
[forcedsplits_filename: ]
[refit_decay_rate: 0.9]
[cegb_tradeoff: 1]
[cegb_penalty_split: 0]
[cegb_penalty_feature_lazy: ]
[cegb_penalty_feature_coupled: ]
[path_smooth: 0]
[interaction_constraints: ]
[verbosity: -1]
[saved_feature_importance_type: 0]
[use_quantized_grad: 0]
[num_grad_quant_bins: 4]
[quant_train_renew_leaf: 0]
[stochastic_rounding: 1]
[linear_tree: 0]
[max_bin: 255]
[max_bin_by_feature: ]
[min_data_in_bin: 3]
[bin_construct_sample_cnt: 200000]
[data_random_seed: 1]
[is_enable_sparse: 1]
[enable_bundle: 1]
[use_missing: 1]
[zero_as_missing: 0]
[feature_pre_filter: 1]
[pre_partition: 0]
[two_round: 0]
[header: 0]
[label_column: ]
[weight_column: ]
[group_column: ]
[ignore_column: ]
[categorical_feature: ]
[forcedbins_filename: ]
[precise_float_parser: 0]
[parser_config_file: ]
[objective_seed: 5]
[num_class: 1]
[is_unbalance: 0]
[scale_pos_weight: 1]
[sigmoid: 1]
[boost_from_average: 1]
[reg_sqrt: 0]
[alpha: 0.5]
[fair_c: 1]
[poisson_max_delta_step: 0.7]
[tweedie_variance_power: 1.5]
[lambdarank_truncation_level: 30]
[lambdarank_norm: 1]
[label_gain: ]
[lambdarank_position_bias_regularization: 0]
[eval_at: ]
[multi_error_top_k: 1]
[auc_mu_weights: ]
[num_machines: 1]
[local_listen_port: 12400]
[time_out: 120]
[machine_list_filename: ]
[machines: ]
[gpu_platform_id: -1]
[gpu_device_id: -1]
[gpu_device_id_list: ]
[gpu_use_dp: 0]
[num_gpu: 1]

end of parameters

pandas_categorical:[]
