tree
version=v4
num_class=1
num_tree_per_iteration=1
label_index=0
max_feature_idx=16
objective=quantile
feature_names=ret_1d ret_5d ret_20d overnight_gap atr_pct parkinson_20 dvol_z_20 dist_ma20 dist_ma50 dist_ma200 spy_ret_1d spy_ret_5d spy_ret_20d vix_level vix_chg_1d sector_ret_1d sector_ret_5d
feature_infos=[-0.066131114617701936:0.048145991069695304] [-0.10629751829005873:0.11104639875752276] [-0.15667311411992257:0.18139700641482537] [-0.033534189153785698:0.048645660585959094] [0.010788844778890415:0.031131167268351415] [0.0068522435515972341:0.017584863941353685] [-2.5465562234329542:4.0922954865251677] [-0.10346701525310464:0.097606690935747809] [-0.13180023440255795:0.13045988070040426] [-0.17979111026363803:0.086660607477837548] [-0.058542947643003718:0.10501933612632941] [-0.11496158439845272:0.082843216242346029] [-0.12265592443394913:0.15756596870864792] [11.859999656677246:52.330001831054688] [-0.35753873962348437:0.74039073966007019] [-0.043404047793221157:0.03876882776686319] [-0.066511798508375297:0.073218480814408737]
tree_sizes=823 865 862 861 859 849 866 868 876 859 864 870 867 866 870 875 870 876 874 872 864 869 868 850 870 872 865 872 870 872 873 866 872 860 859 865 871 874 875 866 865 875 866 875 872 870 866 868 871 875 873 873 868 870 863 878 868 857 858 864

Tree=0
num_leaves=8
num_cat=0
split_feature=5 1 3 9 13 2 12
split_gain=1.49774 1.2837 0.899353 0.816072 0.4974 0.416639 0.408131
threshold=0.013991541608875351 0.00067109294389589025 -0.0083058319500940985 -0.13900556967693836 21.295000076293949 0.056149464117962629 0.066100470646601531
decision_type=2 2 2 8 2 2 2
left_child=2 -2 -1 -4 -3 6 -5
right_child=1 4 3 5 -6 -7 -8
leaf_value=0.014493804656604192 0.014850151841588933 0.014498304812434793 0.014660215680127098 0.014248195188064982 0.014244696607712099 0.014034768618457361 0.015017956261882404
leaf_weight=27 49 48 30 451 34 86 25
leaf_count=27 49 48 30 451 34 86 25
internal_value=0.0144155 0.0192725 0.0133876 0.0129805 0.0154464 0.0125516 0.0131303
internal_weight=750 131 619 592 82 562 476
internal_count=750 131 619 592 82 562 476
is_linear=0
shrinkage=1


Tree=1
num_leaves=8
num_cat=0
split_feature=9 10 7 12 11 14 16
split_gain=1.06457 1.22305 0.710012 0.534933 0.67923 0.74652 0.406189
threshold=-0.038569220014006748 -0.011742889521192066 0.0072426900865348873 -0.0086076797691169143 -0.010779002929662549 -0.022227674526148929 -0.0052053787722181047
decision_type=8 2 2 2 2 2 2
left_child=2 -2 6 4 -3 -6 -1
right_child=1 3 -4 -5 5 -7 -8
leaf_value=-4.595649108493207e-05 0.00014941877348381797 -0.00012683866114729432 0.00028309070354040953 -0.00017629016683905059 -2.9054250678406577e-05 0.00058554845198700032 0.00025720345858327114
leaf_weight=88 43 28 40 392 33 25 85
leaf_count=88 43 28 40 392 33 25 85
internal_value=-0.000231609 -0.00144914 0.00274648 -0.00217573 0.00139535 0.00448276 0.00135838
internal_weight=734 521 213 478 86 58 173
internal_count=734 521 213 478 86 58 173
is_linear=0
shrinkage=0.05


Tree=2
num_leaves=8
num_cat=0
split_feature=12 14 0 3 5 9 2
split_gain=1.31781 1.58734 1.43921 1.31081 0.709528 0.460266 0.375798
threshold=-0.026522918814270154 -0.022227674526148929 -0.00087343108186299634 -0.0086016005900186859 0.01501291217577826 -0.13900556967693836 0.054701271912846579
decision_type=2 2 2 2 2 8 2
left_child=1 -1 -3 -2 5 -5 -7
right_child=3 2 -4 4 -6 6 -8
leaf_value=-0.00031519736663255122 0.0001925312165093888 0.00038338758913423712 3.4205625288413334e-05 0.00020941344746424037 0.00060437906681032967 -0.00010475972893609806 -0.00024382403115405266
leaf_weight=41 27 34 29 26 40 454 98
leaf_count=41 27 34 29 26 40 454 98
internal_value=-0.000126837 0.00509615 0.0100794 -0.000968993 -0.00144013 -0.00188581 -0.00219203
internal_weight=749 104 63 645 618 578 552
internal_count=749 104 63 645 618 578 552
is_linear=0
shrinkage=0.05


Tree=3
num_leaves=8
num_cat=0
split_feature=1 10 2 12 9 8 0
split_gain=1.23874 1.07883 0.68101 0.675625 0.643813 1.5101 0.525412
threshold=-0.047188897607506768 -0.010705867226747377 0.010941011386836787 -0.017790362048334726 -0.051009570259964991 -0.034170365247338623 -0.0010480619327869476
decision_type=2 2 2 2 8 10 2
left_child=-1 2 -2 6 5 -5 -3
right_child=1 3 -4 4 -6 -7 -8
leaf_value=0.00060513319283813684 8.0921620716336691e-06 0.00046973018978654088 0.00026245586062393446 -0.00011666502430163417 -0.00012030739623717745 0.00043169469028777577 -1.0975258750706231e-05
leaf_weight=30 34 35 31 90 441 31 51
leaf_count=30 34 35 31 90 441 31 51
internal_value=4.71051e-05 -0.00037167 0.00576923 -0.000987656 -0.00161922 0.00161157 0.00313953
internal_weight=743 713 65 648 562 121 86
internal_count=743 713 65 648 562 121 86
is_linear=0
shrinkage=0.05


Tree=4
num_leaves=8
num_cat=0
split_feature=3 12 1 9 16 2 3
split_gain=1.36334 1.10958 1.04193 0.868444 0.843292 0.742791 0.662162
threshold=-0.0089617112628024281 -0.017790362048334726 -0.025764486880534506 -0.038569220014006748 0.010447839546789075 -0.035143713597417907 -0.0014246030726452472
decision_type=2 2 2 8 2 2 2
left_child=-1 2 -2 5 6 -3 -4
right_child=1 3 4 -5 -6 -7 -8
leaf_value=0.00015324572749355212 0.00028145412574365837 -9.230244725487872e-05 0.00041120911471674224 -0.00017492211642743149 0.00026211146715114723 0.00022217730308748547 -0.00013062487228086803
leaf_weight=30 26 104 25 411 25 76 49
leaf_count=30 26 104 25 411 25 76 49
internal_value=-0.00044236 -0.000879889 0.0034 -0.00178511 0.0010606 0.00111111 -0.00162162
internal_weight=746 716 125 591 99 180 74
internal_count=746 716 125 591 99 180 74
is_linear=0
shrinkage=0.05


Tree=5
num_leaves=8
num_cat=0
split_feature=10 1 16 6 5 1 4
split_gain=0.97399 1.00727 1.17529 1.47665 0.641612 0.828105 0.76975
threshold=-0.0026894294731198971 -0.027207618438073618 0.0015355862553321222 0.56017808311106809 0.012343193212485211 0.0029778069117973875 0.023706847758088876
decision_type=2 2 2 2 2 2 2
left_child=1 -1 -3 -4 -2 6 -6
right_child=4 2 3 -5 5 -7 -8
leaf_value=0.00026807105446844152 -0.00019588753314801998 -0.00010405020112883441 7.4979963365039951e-05 0.00078086048970523153 0.00041859931075712524 -4.7618065590767671e-05 -2.2082769018814004e-05
leaf_weight=40 368 82 67 28 40 73 39
leaf_count=40 368 82 67 28 40 73 39
internal_value=2.03516e-05 0.0028341 0.00121469 0.005 -0.00115385 0.00157895 0.00512658
internal_weight=737 217 177 95 520 152 79
internal_count=737 217 177 95 520 152 79
is_linear=0
shrinkage=0.05


Tree=6
num_leaves=8
num_cat=0
split_feature=3 12 14 0 9 16 13
split_gain=1.21038 1.39176 1.19971 0.888777 0.490312 0.957313 0.311249
threshold=-0.0089617112628024281 -0.026522918814270154 -0.022227674526148929 -0.00087343108186299634 -0.10594311762481427 0.0068317997519055105 16.644999504089359
decision_type=2 2 2 2 8 2 2
left_child=-1 2 -2 -4 5 -3 -6
right_child=1 4 3 -5 6 -7 -8
leaf_value=0.00012505044418580774 -3.8250047237629574e-05 -0.00026778366933679064 0.00032838063957558729 9.0543274162697472e-05 -0.00014872804728167813 0.00028967580125881042 -2.3716275392795842e-05
leaf_weight=30 42 45 32 30 307 26 234
leaf_count=30 42 45 32 30 307 26 234
internal_value=0.000160857 -0.000251398 0.00509615 0.00951613 -0.00116013 0.00274648 -0.00167283
internal_weight=746 716 104 62 612 71 541
internal_count=746 716 104 62 612 71 541
is_linear=0
shrinkage=0.05


Tree=7
num_leaves=8
num_cat=0
split_feature=2 9 5 9 11 2 0
split_gain=0.939352 0.762508 0.700596 1.09307 0.980335 0.752935 0.845491
threshold=0.056149464117962629 -0.14481130934983313 0.013991541608875351 -0.075494087554456343 0.0069843130840521192 -0.028184301322599189 0.0038559533946987972
decision_type=2 8 2 10 2 2 2
left_child=1 -1 5 -4 -5 -3 -7
right_child=-2 2 3 4 -6 6 -8
leaf_value=0.00037702239587296697 -0.00010364124510175765 -0.0002056142970559941 0.00040004574421858381 -8.0887040171417638e-05 0.00046463322006184071 8.2874678872504727e-05 -0.00013088210351644007
leaf_weight=25 130 189 25 43 26 189 118
leaf_count=25 130 189 25 43 26 189 118
internal_value=-0.000369129 0.000447153 8.47446e-05 0.00404255 0.0007971 -0.000665324 0.000863191
internal_weight=745 615 590 94 69 496 307
internal_count=745 615 590 94 69 496 307
is_linear=0
shrinkage=0.05


Tree=8
num_leaves=8
num_cat=0
split_feature=3 12 2 11 2 3 3
split_gain=1.40776 0.846236 1.18567 0.776161 0.383278 0.330546 0.486334
threshold=-0.0089617112628024281 -0.027198367137832798 -0.038589764023813915 -0.0098148245313025555 0.054701271912846579 -0.0022353351620335578 -0.0015709565145062829
decision_type=2 2 2 2 2 2 2
left_child=-1 2 -2 -4 5 -3 -7
right_child=1 4 3 -5 -6 6 -8
leaf_value=0.00011738496513652465 0.00038004345700765469 -0.00016319185307090621 -4.8956557079001808e-05 0.00018242197524816596 -0.00015196002231509132 0.00024441848727420985 -2.9253370612308372e-05
leaf_weight=29 25 142 35 39 109 26 359
leaf_count=29 25 142 35 39 109 26 359
internal_value=-0.000287959 -0.000714287 0.00358586 0.000405404 -0.00138365 -0.000825428 -6.49363e-05
internal_weight=764 735 99 74 636 527 385
internal_count=764 735 99 74 636 527 385
is_linear=0
shrinkage=0.05


Tree=9
num_leaves=8
num_cat=0
split_feature=3 5 13 0 16 7 13
split_gain=0.666685 0.594787 0.841141 0.407418 0.385325 0.33459 0.282611
threshold=-0.0089617112628024281 0.014051454380908959 19.72500038146973 0.01815786477613435 -0.0043440735609427397 0.023074043169964979 19.625000000000004
decision_type=2 2 2 2 2 2 2
left_child=-1 3 -3 5 -4 6 -2
right_child=1 2 4 -5 -6 -7 -8
leaf_value=0.00011151571687969843 -5.9911669737578997e-05 0.00038405101917447906 0.00049538254274154479 0.00025613312227180783 -8.1643237617854e-05 -0.00023324849553422598 0.00016340345532475729
leaf_weight=29 419 47 29 33 43 89 55
leaf_count=29 419 47 29 33 43 89 55
internal_value=-0.000362904 -0.000664337 0.00256302 -0.00130873 -0.000833335 -0.00162522 -0.00109705
internal_weight=744 715 119 596 72 563 474
internal_count=744 715 119 596 72 563 474
is_linear=0
shrinkage=0.05


Tree=10
num_leaves=8
num_cat=0
split_feature=2 12 12 2 9 9 6
split_gain=0.644935 0.608337 1.03657 0.6423 1.3457 0.609879 0.566668
threshold=0.06049827843468681 -0.026522918814270154 -0.034828232656023965 -0.020068704265377876 -0.051009570259964991 -0.14401562485172056 0.20246747311652982
decision_type=2 2 2 2 8 8 2
left_child=1 2 -1 5 -5 -3 -6
right_child=-2 3 -4 4 6 -7 -8
leaf_value=2.2752473699512125e-06 -7.5824341997990025e-05 0.00035308756552576297 0.00036853796975920431 0.00028833018974480705 -9.4910394714137051e-05 -0.00011947822715751708 0.0002137205521389185
leaf_weight=64 109 25 26 27 205 226 67
leaf_count=64 109 25 26 27 205 226 67
internal_value=-0.000527371 7.81238e-05 0.00388889 -0.000545456 0.00102007 -0.00241036 -3.67659e-05
internal_weight=749 640 90 550 299 251 272
internal_count=749 640 90 550 299 251 272
is_linear=0
shrinkage=0.05


Tree=11
num_leaves=8
num_cat=0
split_feature=2 10 8 7 11 11 16
split_gain=0.894837 0.552715 0.761032 0.81882 0.700395 0.600565 0.509979
threshold=0.056149464117962629 -0.0016165810670417111 0.0057589864083885675 -0.03982980990012041 0.0019507680783907857 0.025734816417073651 -0.0052053787722181047
decision_type=2 2 8 2 2 2 2
left_child=1 2 3 -1 -4 -3 -5
right_child=-2 5 4 6 -6 -7 -8
leaf_value=0.00023112169108877677 -0.00015865189981196723 -5.0900682721255618e-05 4.3256583156887641e-05 -0.00016405439400833405 0.000288839581372513 0.00021053622254040127 6.6016025686581781e-05
leaf_weight=26 124 348 41 53 32 54 69
leaf_count=26 124 348 41 53 32 54 69
internal_value=-0.000314593 0.000457463 0.00246606 0.000405404 0.00664383 -0.000646767 -0.00131148
internal_weight=747 623 221 148 73 402 122
internal_count=747 623 221 148 73 402 122
is_linear=0
shrinkage=0.05


Tree=12
num_leaves=8
num_cat=0
split_feature=3 5 3 0 4 0 6
split_gain=1.26481 0.613912 0.481628 0.799004 1.14376 1.15714 0.389487
threshold=-0.0089617112628024281 0.010336034631570287 -0.0039278125748374295 -0.0027027673730166675 0.023327848039634922 -0.0081652853472826119 0.15523704423009468
decision_type=2 2 2 2 2 2 2
left_child=-1 6 -3 4 5 -4 -2
right_child=1 2 3 -5 -6 -7 -8
leaf_value=6.6350890091685795e-05 -0.00019292953238608833 -0.00019108331116165719 0.00013903145857289151 -5.9123224171186367e-06 -2.9080332109222677e-05 0.00024975353232137981 3.2164364822640196e-05
leaf_weight=31 217 50 35 220 37 35 109
leaf_count=31 217 50 35 220 37 35 109
internal_value=-0.000367849 -0.0008037 0.000570291 0.00126911 0.00481308 0.00857143 -0.00239264
internal_weight=734 703 377 327 107 70 326
internal_count=734 703 377 327 107 70 326
is_linear=0
shrinkage=0.05


Tree=13
num_leaves=8
num_cat=0
split_feature=3 12 8 16 16 14 6
split_gain=0.803239 0.56183 0.855625 0.891579 0.821272 0.601043 1.15907
threshold=-0.0089617112628024281 0.011595821830406862 0.053762514262864609 -0.020784542574484918 -0.012093883450299934 -0.023978062109039463 -0.39833462683258242
decision_type=2 2 8 2 2 2 2
left_child=-1 2 3 -2 -5 -6 -7
right_child=1 -3 -4 4 5 6 -8
leaf_value=0.0001281405164298673 -4.0020626646947806e-05 -0.00010288481130990362 -0.00011166160941153701 0.00078379967097474816 -4.1746157245986038e-05 -4.5659780933982016e-05 0.00024177796775091081
leaf_weight=27 35 429 64 31 68 41 50
leaf_count=27 35 429 64 31 68 41 50
internal_value=-0.000503357 -0.000821728 0.000882352 0.00233333 0.00368421 0.0022327 0.00489011
internal_weight=745 718 289 225 190 159 91
internal_count=745 718 289 225 190 159 91
is_linear=0
shrinkage=0.05


Tree=14
num_leaves=8
num_cat=0
split_feature=15 5 13 12 8 4 11
split_gain=0.600727 0.885929 1.39685 0.407007 0.714958 0.864875 0.391945
threshold=-0.0016729545353168505 0.013468108320999522 21.555000305175785 0.0086975765073127338 0.0022442882048405726 0.017414656816101198 0.00066759209085187632
decision_type=2 2 2 2 8 2 2
left_child=1 6 -3 4 5 -2 -1
right_child=3 2 -4 -5 -6 -7 -8
leaf_value=-1.3070299166644266e-05 0.0002726885394804855 0.00039597251351664676 -8.5587907649998447e-05 -0.00016326573027072771 -5.1881055017301763e-05 -6.2797335131685554e-06 3.3255149183876935e-05
leaf_weight=102 29 28 27 290 78 45 120
leaf_count=102 29 28 27 290 78 45 120
internal_value=-0.000688457 0.00113718 0.00681818 -0.00183258 0.000263157 0.00378378 -0.000270271
internal_weight=719 277 55 442 152 74 222
internal_count=719 277 55 442 152 74 222
is_linear=0
shrinkage=0.05


Tree=15
num_leaves=8
num_cat=0
split_feature=10 15 10 11 2 11 9
split_gain=0.518159 0.805247 0.833205 0.454301 0.437758 0.469213 0.525611
threshold=-0.0026894294731198971 0.0046237545296068392 -0.0051366916161676426 0.00066759209085187632 0.054701271912846579 0.025734816417073651 -0.032057152147237193
decision_type=2 2 2 2 2 2 10
left_child=1 2 3 -1 5 -2 -7
right_child=4 -3 -4 -5 -6 6 -8
leaf_value=-8.1668197076227534e-05 -3.3108690148535281e-05 0.00050685349215265059 0.00019866770610698888 3.0709599356213864e-05 -0.0001618790850166082 -0.00011067978860799382 0.00024034940412502749
leaf_weight=93 377 38 60 31 93 26 25
leaf_count=93 377 38 60 31 93 26 25
internal_value=-0.000491253 0.00153153 0.000163042 -0.00217742 -0.00135317 -0.000677571 0.00382353
internal_weight=743 222 184 124 521 428 51
internal_count=743 222 184 124 521 428 51
is_linear=0
shrinkage=0.05


Tree=16
num_leaves=8
num_cat=0
split_feature=2 13 16 8 16 16 3
split_gain=0.558819 0.655498 1.02255 0.511268 0.56051 0.869899 1.45386
threshold=0.051405816949871348 16.550000190734867 0.011141084668589764 0.031712104118553859 -0.00042833741323167191 -0.012957754856899371 -0.00034752474219162938
decision_type=2 2 2 10 2 2 2
left_child=1 -1 3 4 5 -3 -7
right_child=-2 2 -4 -5 -6 6 -8
leaf_value=-9.8345942940489031e-05 -0.0001134828144163598 -3.5774045705018729e-05 0.00045423767672273744 0.00023764779718656677 -7.4551737588781947e-05 0.00037268630926667428 -8.0742200521166339e-06
leaf_weight=320 146 76 48 30 64 29 44
leaf_count=320 146 76 48 30 64 29 44
internal_value=-0.000508588 0.000155482 0.00187285 0.000555554 -0.000305166 0.00137584 0.00527397
internal_weight=757 611 291 243 213 149 73
internal_count=757 611 291 243 213 149 73
is_linear=0
shrinkage=0.05


Tree=17
num_leaves=8
num_cat=0
split_feature=1 10 2 12 5 9 2
split_gain=0.985089 0.553089 0.846079 0.444625 0.498303 0.518412 0.803308
threshold=-0.047188897607506768 -0.011742889521192066 0.019322839655438909 0.042111122308508782 0.0081471222275668002 0.016216251488227255 -0.027293259133004674
decision_type=2 2 2 2 2 8 2
left_child=-1 2 -2 4 -3 6 -6
right_child=1 3 -4 -5 5 -7 -8
leaf_value=0.00046741216232173109 -0.00016442540262166477 0.00021395271391555374 0.00019146839900528723 -0.00018268049705838396 -4.239759859497315e-05 -0.00015080549876558187 0.00014436220503628261
leaf_weight=29 29 33 25 137 160 158 175
leaf_count=29 29 33 25 137 160 158 175
internal_value=-0.000241288 -0.000606696 0.00425926 -0.00100302 -0.000342207 -0.000740366 0.000373133
internal_weight=746 717 54 663 526 493 335
internal_count=746 717 54 663 526 493 335
is_linear=0
shrinkage=0.05


Tree=18
num_leaves=8
num_cat=0
split_feature=10 2 8 9 12 1 3
split_gain=0.657406 0.427185 0.487659 1.68497 0.483156 0.374727 1.05857
threshold=-0.0026894294731198971 0.054701271912846579 -0.030444202588486399 -0.045029924229475986 -0.018676010215707358 0.011187001324441616 -0.0011156081845907215
decision_type=2 2 10 8 2 2 2
left_child=5 2 -2 -4 -5 -1 -7
right_child=1 -3 3 4 -6 6 -8
leaf_value=3.2461652109615155e-06 -8.9637125136458103e-05 -0.00012285524931402388 0.00023912024804004315 0.00021272148721327694 -0.00016304691359850425 0.00024367348599039856 -1.5660643353185686e-05
leaf_weight=144 169 98 30 30 203 25 54
leaf_count=144 169 98 30 30 203 25 54
internal_value=-0.00055113 -0.00150944 -0.000833335 0.000513307 -0.000922748 0.00172646 0.00449367
internal_weight=753 530 432 263 233 223 79
internal_count=753 530 432 263 233 223 79
is_linear=0
shrinkage=0.05


Tree=19
num_leaves=8
num_cat=0
split_feature=10 9 11 11 14 3 13
split_gain=0.64083 0.645737 0.539075 0.755797 0.515313 0.840393 0.523638
threshold=-0.0026894294731198971 -1.0000000180025095e-35 0.010813393583964605 0.013609054079026685 0.027028120883943799 -0.00032512575995463639 18.260000228881839
decision_type=2 8 2 2 2 2 2
left_child=4 2 -2 -4 5 -1 -6
right_child=1 -3 3 -5 6 -7 -8
leaf_value=0.00027076480582201057 -5.4286457491102734e-06 -0.00019990659349551542 0.00028308487891711353 8.6684616353976116e-06 -0.00010651487896616757 -4.2013013133323658e-05 8.6308061696510477e-05
leaf_weight=30 150 254 26 88 72 37 82
leaf_count=30 150 254 26 88 72 37 82
internal_value=-0.000466848 -0.00142857 0.000303029 0.00289474 0.00178733 0.00544776 0.000194804
internal_weight=739 518 264 114 221 67 154
internal_count=739 518 264 114 221 67 154
is_linear=0
shrinkage=0.05


Tree=20
num_leaves=8
num_cat=0
split_feature=2 13 0 4 7 2 5
split_gain=0.905512 0.535539 0.557441 1.02772 0.92984 0.578814 0.526072
threshold=0.056149464117962629 16.550000190734867 0.00015352952471636708 0.023614447825572555 0.0023441522039432399 -0.048408545889773995 0.012454968178559267
decision_type=2 2 2 2 2 2 2
left_child=1 6 3 4 5 -3 -1
right_child=-2 2 -4 -5 -6 -7 -8
leaf_value=-8.6209648230975558e-05 -9.9673438097617475e-05 0.00021526434878523524 -9.2210219549388337e-06 -7.0020794579026867e-05 0.0002861313153201107 8.2778101982395216e-07 9.1201977857378969e-05
leaf_weight=287 126 28 140 43 36 55 36
leaf_count=287 126 28 140 43 36 55 36
internal_value=-0.000339548 0.000439999 0.00195364 0.00395062 0.00634454 0.00343373 -0.000975233
internal_weight=751 625 302 162 119 83 323
internal_count=751 625 302 162 119 83 323
is_linear=0
shrinkage=0.05


Tree=21
num_leaves=8
num_cat=0
split_feature=12 1 11 11 7 8 4
split_gain=0.826802 0.867752 0.653345 0.873058 0.499527 0.736765 0.493235
threshold=0.011595821830406862 -0.038636626299928305 -0.010779002929662549 -0.0070947588285928389 -0.008954312247280936 0.0022442882048405726 0.012774937091061053
decision_type=2 2 2 2 2 8 2
left_child=1 -1 -3 -4 -5 -6 -2
right_child=6 2 3 4 5 -7 -8
leaf_value=0.00086969915670890489 0.00017152037565533731 -3.7559625566910255e-05 0.00040602153635350751 -0.00028343958586565663 0.00012760906935141552 3.3964282070271076e-07 -9.7168556412045726e-05
leaf_weight=27 35 106 25 41 27 69 418
leaf_count=27 35 106 25 41 27 69 418
internal_value=-0.000788771 0.00127119 0.000410447 0.00240741 0.000839415 0.0028125 -0.00213024
internal_weight=748 295 268 162 137 96 453
internal_count=748 295 268 162 137 96 453
is_linear=0
shrinkage=0.05


Tree=22
num_leaves=8
num_cat=0
split_feature=2 13 16 16 9 7 9
split_gain=0.47699 0.492923 0.37421 0.587531 0.508796 1.27486 0.556652
threshold=0.06049827843468681 13.085000038146974 -0.01560351512086827 -0.012093883450299934 0.016216251488227255 0.012598388263542872 -0.0029644421871581335
decision_type=2 2 2 2 8 2 10
left_child=1 -1 -3 -4 5 6 -5
right_child=-2 2 3 4 -6 -7 -8
leaf_value=-0.00023346836847962533 -0.00010354865331863757 -6.4222821844266682e-05 0.00044757550229782304 -1.5482265337953149e-05 -0.00013927200366995151 0.00016843300953484089 0.00012624971431596141
leaf_weight=61 104 94 37 185 182 49 30
leaf_count=61 104 94 37 185 182 49 30
internal_value=-0.000417791 9.40427e-05 0.000545926 0.00110766 0.00060538 0.00200757 0.000348836
internal_weight=742 638 577 483 446 264 215
internal_count=742 638 577 483 446 264 215
is_linear=0
shrinkage=0.05


Tree=23
num_leaves=8
num_cat=0
split_feature=5 1 13 6 10 16 6
split_gain=0.804 1.34817 1.28056 0.743625 0.62775 1.21064 1.81337
threshold=0.013991541608875351 0.026341562056414251 19.72500038146973 -0.46270004273048954 -0.0027475813947746004 -0.00067332035602601914 0.56017808311106809
decision_type=2 2 2 2 2 2 2
left_child=4 2 -2 -4 5 -1 -7
right_child=1 -3 3 -5 -6 6 -8
leaf_value=-9.8931793225305175e-05 0.00039541968991632019 -0.00012378187385251541 -0.00014436205052927869 0.00039418284628416609 -7.4197316373348236e-05 3.7253032533056961e-05 0.00075143544861212483
leaf_weight=87 34 36 31 27 452 59 25
leaf_count=87 34 36 31 27 452 59 25
internal_value=-0.000406126 0.00320312 0.00641304 0.00189655 -0.00114767 0.00143275 0.00571428
internal_weight=751 128 92 58 623 171 84
internal_count=751 128 92 58 623 171 84
is_linear=0
shrinkage=0.05


Tree=24
num_leaves=8
num_cat=0
split_feature=1 2 8 11 14 6 5
split_gain=0.62545 0.426787 0.618307 0.639258 0.599582 0.760755 0.537891
threshold=-0.046211506022925446 -0.020068704265377876 0.012538078949528299 0.00023772449314352076 -0.013693091090924312 -0.39833462683258242 0.012650833801230233
decision_type=2 2 8 2 2 2 2
left_child=-1 6 3 -3 5 -5 -2
right_child=1 2 -4 4 -6 -7 -8
leaf_value=0.00039288430725034406 -0.00016550533368356701 -5.3594115727784657e-05 -3.0517676843064207e-05 0.00021479687404854096 0.00017600450478818454 -0.00030110844760203927 1.2650063845975616e-05
leaf_weight=37 198 52 287 25 62 28 60
leaf_count=37 198 52 287 25 62 28 60
internal_value=-0.000527371 -0.000856743 6.60781e-05 0.00248503 0.00456522 0.000660376 -0.00248062
internal_weight=749 712 454 167 115 53 258
internal_count=749 712 454 167 115 53 258
is_linear=0
shrinkage=0.05


Tree=25
num_leaves=8
num_cat=0
split_feature=9 3 3 6 5 8 2
split_gain=0.410346 0.411259 1.19036 0.945469 0.529766 0.712733 0.834194
threshold=0.021541513411916128 -0.0022353351620335578 -0.00043465670338732604 -0.52708208471730711 0.012271026819755266 -0.059980170991410113 0.048088228726129841
decision_type=10 2 2 2 2 10 2
left_child=1 -1 3 -3 -4 -6 -7
right_child=-2 2 4 -5 5 6 -8
leaf_value=-4.6846182049663063e-05 -0.00020629047297001941 -1.1743858608110128e-05 -7.8187398936634502e-05 0.00022745211647788024 -0.00025721821514541291 0.00034831731212856475 -2.642496664164435e-05
leaf_weight=203 104 34 244 53 27 65 27
leaf_count=203 104 34 244 53 27 65 27
internal_value=-0.000640688 -0.000176111 0.000666665 0.00591954 -0.000592288 0.00214286 0.00423913
internal_weight=757 653 450 87 363 119 92
internal_count=757 653 450 87 363 119 92
is_linear=0
shrinkage=0.05


Tree=26
num_leaves=8
num_cat=0
split_feature=10 14 3 6 6 7 1
split_gain=0.374816 0.539955 1.13091 0.603934 1.00337 0.408941 0.373382
threshold=-0.0026894294731198971 0.027028120883943799 -0.00032512575995463639 -0.23114679035729344 0.1480737654421633 0.019699900142696628 0.021718923540944738
decision_type=2 2 2 2 2 2 2
left_child=1 2 -1 -3 -5 6 -2
right_child=5 3 -4 4 -6 -7 -8
leaf_value=0.00022183935353963229 -1.4994050667729287e-05 -0.00017842837284458052 -0.0001074279279975784 0.00035863686534086582 -1.8428783960530672e-05 -3.9004650421956584e-05 0.00012085042809971069
leaf_weight=29 354 65 37 26 66 129 31
leaf_count=29 354 65 37 26 66 129 31
internal_value=-0.000658074 0.00105381 0.00484848 -0.000541402 0.00206522 -0.00140078 -0.000584417
internal_weight=737 223 66 157 92 514 385
internal_count=737 223 66 157 92 514 385
is_linear=0
shrinkage=0.05


Tree=27
num_leaves=8
num_cat=0
split_feature=2 12 16 2 9 6 6
split_gain=0.679596 0.484725 1.19762 0.641852 0.759969 0.601109 0.809365
threshold=0.056149464117962629 -0.0086076797691169143 0.011141084668589764 -0.020068704265377876 -0.038569220014006748 -0.033238739077120875 -0.46270004273048954
decision_type=2 2 2 2 8 2 2
left_child=1 2 5 -3 -5 6 -1
right_child=-2 3 -4 4 -6 -7 -8
leaf_value=-6.5425524991939696e-05 -7.4921736165904897e-05 -4.3960425997277424e-05 0.00026279907946567029 0.00020684093064130636 -1.3459173649753256e-05 -9.008317766078948e-05 0.00043465059201734885
leaf_weight=46 115 219 26 41 229 47 26
leaf_count=46 115 219 26 41 229 47 26
internal_value=-0.000594127 4.73174e-05 0.00258621 -0.000705523 0.000925925 0.000462184 0.00333333
internal_weight=749 634 145 489 270 119 72
internal_count=749 634 145 489 270 119 72
is_linear=0
shrinkage=0.05


Tree=28
num_leaves=8
num_cat=0
split_feature=1 2 13 16 0 0 5
split_gain=0.57708 0.337667 0.593366 0.71958 0.586707 0.896988 0.581447
threshold=-0.047188897607506768 0.056149464117962629 16.550000190734867 0.011141084668589764 -0.0017145987194416288 -0.0060141513002793792 0.012454968178559267
decision_type=2 2 2 2 2 2 2
left_child=-1 2 6 4 5 -4 -2
right_child=1 -3 3 -5 -6 -7 -8
leaf_value=0.00042412625072419952 -0.00014644768829999557 -3.9786092993741683e-05 -1.0645035827909642e-05 0.00028431235379106209 -4.5357947708139924e-05 0.00028560969642181473 4.9092465460087062e-05
leaf_weight=34 288 122 75 55 119 37 34
leaf_count=34 288 122 75 55 119 37 34
internal_value=-0.0010733 -0.00136986 -0.000888159 0.00076923 -0.000454547 0.00214286 -0.00236025
internal_weight=764 730 608 286 231 112 322
internal_count=764 730 608 286 231 112 322
is_linear=0
shrinkage=0.05


Tree=29
num_leaves=8
num_cat=0
split_feature=9 11 6 8 9 8 11
split_gain=0.34779 0.632066 0.827497 0.849855 0.680773 0.82903 0.55138
threshold=0.021541513411916128 0.0028224343190543792 -0.58751135191937942 -0.053554247291565153 -0.037716834158341754 0.0057589864083885675 0.0021655828678432969
decision_type=8 2 2 10 10 10 2
left_child=1 -1 -3 -4 -5 -6 -2
right_child=6 2 3 4 5 -7 -8
leaf_value=-2.8941098459328343e-05 1.0468831502267561e-05 -3.785793663388761e-05 -0.00014254618707257007 0.00046549709504816898 -3.9173733966208847e-05 0.00023706305094225644 -0.0001866595522439211
leaf_weight=222 101 100 40 36 48 35 150
leaf_count=222 101 100 40 36 48 35 150
internal_value=-0.000901641 -0.000114346 0.00156371 0.00380503 0.00592437 0.00343373 -0.00241036
internal_weight=732 481 259 159 119 83 251
internal_count=732 481 259 159 119 83 251
is_linear=0
shrinkage=0.05


Tree=30
num_leaves=8
num_cat=0
split_feature=2 2 9 2 2 9 13
split_gain=0.398168 0.423413 0.659228 0.442513 0.785624 0.435262 0.403885
threshold=0.056149464117962629 -0.020068704265377876 -0.049709813071701851 -0.048408545889773995 -0.057095974121047326 -0.08867694598031016 16.644999504089359
decision_type=2 2 8 2 2 8 2
left_child=1 3 -3 4 5 -1 -4
right_child=-2 2 6 -5 -6 -7 -8
leaf_value=0.00031763295354588828 -6.950481478247332e-05 0.00024607589582228794 -8.3394715704226334e-05 -0.00010738843992941466 0.00030635995052035841 -0.00013670716254912064 0.00012401562395103176
leaf_weight=39 114 25 158 135 39 80 148
leaf_count=39 114 25 158 135 39 80 148
internal_value=-0.000528456 -3.20525e-05 0.00119335 -0.00141638 0.000379746 -0.00163866 0.000555554
internal_weight=738 624 331 293 158 119 306
internal_count=738 624 331 293 158 119 306
is_linear=0
shrinkage=0.05


Tree=31
num_leaves=8
num_cat=0
split_feature=9 2 12 0 0 6 12
split_gain=0.393196 0.393195 0.610084 0.568244 0.988342 0.847089 1.04776
threshold=0.029840631778017327 -0.019593188703511951 -0.026522918814270154 0.0079355653493994333 -0.006204483668544424 0.20246747311652982 0.012544091383750124
decision_type=8 2 2 2 2 2 2
left_child=1 2 -1 4 -3 6 -6
right_child=-2 3 -4 -5 5 -7 -8
leaf_value=0.00010154678802923755 -9.2329538459507861e-05 -2.8708278199590298e-05 -3.1909243144533088e-05 -7.1436172644571231e-05 0.00017944578925941669 0.00044145365278313692 -8.1261700104483359e-05
leaf_weight=28 234 57 210 81 37 31 60
leaf_count=28 234 57 210 81 37 31 60
internal_value=-0.000528456 0.000257935 -0.00121849 0.00157895 0.00310811 0.00554687 0.00324742
internal_weight=738 504 238 266 185 128 97
internal_count=738 504 238 266 185 128 97
is_linear=0
shrinkage=0.05


Tree=32
num_leaves=8
num_cat=0
split_feature=3 2 2 13 3 6 8
split_gain=0.294986 0.303037 0.269695 0.35309 0.639735 0.554388 1.38889
threshold=0.0087946751348240166 0.054701271912846579 -0.086295838019625523 16.550000190734867 -0.0021393675004446884 0.25242629120400489 -0.017109987228121234
decision_type=2 2 2 2 2 2 10
left_child=1 2 -1 4 -4 -5 -7
right_child=-2 -3 3 5 -6 6 -8
leaf_value=-0.00015943134771027596 0.00031069808669730801 -0.00010233460391404048 -0.00015173265620778648 -4.3877237387695124e-06 -4.0018183285837293e-06 -3.7268017600571658e-05 0.00065828703276572538
leaf_weight=33 27 121 92 196 210 36 36
leaf_count=33 27 121 92 196 210 36 36
internal_value=-0.000872172 -0.00106354 -0.000605308 -0.000350878 -0.00152318 0.000970148 0.00472222
internal_weight=751 724 603 570 302 268 72
internal_count=751 724 603 570 302 268 72
is_linear=0
shrinkage=0.05


Tree=33
num_leaves=8
num_cat=0
split_feature=12 12 6 3 10 16 8
split_gain=0.316581 0.625 0.97906 0.422794 0.308724 0.660338 0.582523
threshold=-0.0086076797691169143 -0.032606215925707109 -0.06267379838802703 0.0013722678788533618 -0.001991975985961902 -0.00067332035602601914 1.0000000180025095e-35
decision_type=2 2 2 2 2 2 10
left_child=1 3 -3 -1 5 -2 -7
right_child=4 2 -4 -5 -6 6 -8
leaf_value=-2.7388070223795867e-05 -4.4998801037496769e-05 0.00037160643569993161 -0.00017245445339129483 1.4079102923940162e-05 -4.8067369392710483e-05 -1.7794902544050292e-05 0.00025001686044716235
leaf_weight=46 75 46 34 34 416 53 44
leaf_count=46 75 46 34 34 416 53 44
internal_value=-0.000721926 0.00125 0.004375 -0.001875 -0.0012585 0.000523255 0.00324742
internal_weight=748 160 80 80 588 172 97
internal_count=748 160 80 80 588 172 97
is_linear=0
shrinkage=0.05


Tree=34
num_leaves=8
num_cat=0
split_feature=1 2 7 5 6 6 9
split_gain=0.449224 0.281121 0.314055 0.615794 0.626431 0.428061 1.03091
threshold=-0.047188897607506768 0.056149464117962629 -0.0078620752103987206 0.012650833801230233 -0.18302270250942426 0.15523704423009468 0.029840631778017327
decision_type=2 2 2 2 2 2 8
left_child=-1 2 3 -2 -5 -4 -7
right_child=1 -3 5 4 -6 6 -8
leaf_value=0.00025994066712857304 -3.9691264135278276e-05 -7.8611608615886174e-05 -1.9025260480492653e-05 9.5522455581086471e-05 -2.5621808407487149e-05 0.00022789093715063478 -2.9937921253238159e-05
leaf_weight=30 223 125 211 33 27 56 44
leaf_count=30 223 125 211 33 27 56 44
internal_value=-0.000994661 -0.00124479 -0.000791247 -0.00199647 0.0025 0.000305465 0.003
internal_weight=749 719 594 283 60 311 100
internal_count=749 719 594 283 60 311 100
is_linear=0
shrinkage=0.05


Tree=35
num_leaves=8
num_cat=0
split_feature=3 7 11 7 11 14 6
split_gain=0.294993 0.380308 0.703488 0.453708 0.441548 0.376863 0.32
threshold=-0.00564672079374856 0.019699900142696628 0.025734816417073651 0.016084041140847164 -0.025492128925019227 0.023814289245349455 0.22360680596210528
decision_type=2 2 2 2 2 2 2
left_child=-1 2 3 4 -2 -3 -7
right_child=1 5 -4 -5 -6 6 -8
leaf_value=-2.1583058339531187e-05 1.111467133432179e-05 -0.00010476940357336076 0.00018092123637891122 0.00017770926593058524 -1.550856807891655e-05 2.3324679042398315e-05 -0.00015654920585968227
leaf_weight=82 30 120 39 28 404 25 25
leaf_count=82 30 120 39 28 404 25 25
internal_value=-0.000949536 -0.000603578 8.98192e-05 -0.000454547 -0.000852536 -0.00264706 0.000999999
internal_weight=753 671 501 462 434 170 50
internal_count=753 671 501 462 434 170 50
is_linear=0
shrinkage=0.05


Tree=36
num_leaves=8
num_cat=0
split_feature=3 0 13 15 13 5 0
split_gain=0.286803 0.338639 0.367887 0.617712 0.3882 0.662347 0.336903
threshold=0.0080144082820556867 0.0069687645546822061 18.564999580383304 0.0017711090839322987 17.289999961853031 0.012650833801230233 0.0021929519538191893
decision_type=2 2 2 2 2 2 2
left_child=1 2 4 -4 5 6 -1
right_child=-2 -3 3 -5 -6 -7 -8
leaf_value=-6.1014519587749944e-05 0.00018517077702360975 -5.9245799486715389e-05 7.0962827915773716e-07 0.00020423422064018583 -0.00013717279578975478 8.871669951007528e-05 0.00012705013585043862
leaf_weight=226 33 169 114 35 69 42 62
leaf_count=226 33 169 114 35 69 42 62
internal_value=-0.000466668 -0.000676431 -7.29939e-05 0.00204698 -0.000864663 -0.000151516 -0.00100695
internal_weight=750 717 548 149 399 330 288
internal_count=750 717 548 149 399 330 288
is_linear=0
shrinkage=0.05


Tree=37
num_leaves=8
num_cat=0
split_feature=2 8 9 2 12 11 7
split_gain=0.395049 0.510248 0.471625 0.898394 1.32233 0.475408 0.485974
threshold=0.054701271912846579 0.057808342850975032 0.016216251488227255 0.01857884977741742 -0.027198367137832798 -0.0078155489533487926 -0.03982980990012041
decision_type=2 10 8 2 2 2 2
left_child=1 2 3 4 -1 -6 -7
right_child=-2 -3 -4 -5 5 6 -8
leaf_value=0.00019171274829450589 -7.4062808191764024e-05 2.811324821897251e-05 -7.6266812958866029e-05 0.00022048543706520656 -8.328440750644429e-05 0.00023657895118691445 -1.3202880535740235e-05
leaf_weight=36 128 25 213 50 66 27 213
leaf_count=36 128 25 213 50 66 27 213
internal_value=-0.000514513 -1.19209e-09 -0.000289257 0.000739795 -0.00017544 -0.00124183 -0.000208335
internal_weight=758 630 605 392 342 306 240
internal_count=758 630 605 392 342 306 240
is_linear=0
shrinkage=0.05


Tree=38
num_leaves=8
num_cat=0
split_feature=3 2 2 9 11 11 12
split_gain=0.459456 0.422847 0.355645 0.648721 0.710099 0.503096 0.462778
threshold=0.0080144082820556867 0.054701271912846579 -0.028184301322599189 -0.038569220014006748 0.011124085891359938 -0.022024013564940267 0.035783081956657366
decision_type=2 2 2 8 2 2 2
left_child=1 2 5 4 -4 -1 -5
right_child=-2 -3 3 6 -6 -7 -8
leaf_value=0.00015146094313770798 0.0001190627178695199 -8.9242804045597582e-05 -1.4393677286187338e-05 5.1151612750069202e-06 0.00028179644793933158 -3.299790148453704e-05 -0.00010478323481751846
leaf_weight=26 36 121 30 181 28 221 105
leaf_count=26 36 121 30 181 28 221 105
internal_value=-0.000788771 -0.00106742 -0.000516076 0.000523255 0.00534483 -0.00196356 -0.000454547
internal_weight=748 712 591 344 58 247 286
internal_count=748 712 591 344 58 247 286
is_linear=0
shrinkage=0.05


Tree=39
num_leaves=8
num_cat=0
split_feature=13 0 15 13 9 0 12
split_gain=0.288494 0.554395 0.683717 0.64184 1.07244 0.381109 0.381737
threshold=18.260000228881839 0.00015352952471636708 -0.0084167716564676458 21.664999961853031 -0.040724040515366426 0.01784718904284122 0.037030604996718515
decision_type=2 2 2 2 10 2 2
left_child=5 2 -2 4 -4 6 -1
right_child=1 -3 3 -5 -6 -7 -8
leaf_value=-1.0150764001940819e-05 -0.00015372783596725089 -1.6984701433642061e-05 3.3632795097161693e-05 -3.9119460708776897e-05 0.00037465935943054263 0.00020725178823662954 -9.0978065169692216e-05
leaf_weight=338 38 118 33 25 26 26 133
leaf_count=338 38 118 33 25 26 26 133
internal_value=-0.000590232 0.000833332 0.00319672 0.00571428 0.00855932 -0.00127767 -0.00160297
internal_weight=737 240 122 84 59 497 471
internal_count=737 240 122 84 59 497 471
is_linear=0
shrinkage=0.05


Tree=40
num_leaves=8
num_cat=0
split_feature=9 2 4 11 0 5 0
split_gain=0.385894 0.637052 0.531473 0.727698 0.470082 0.680134 0.770329
threshold=0.0093945696895719761 -0.019593188703511951 0.013387624239214172 0.0013310073142193126 0.0079355653493994333 0.010336034631570287 -0.0074598618401690566
decision_type=8 2 2 2 2 2 2
left_child=1 -1 3 -2 5 -3 -7
right_child=2 4 -4 -5 -6 6 -8
leaf_value=-1.7700679426774993e-05 0.00038569906347446292 -2.894670653183308e-05 -0.00012275747407413087 -0.0001544433335061315 -3.5528813602352769e-05 -2.5317158980349117e-05 0.00023238569612497387
leaf_weight=234 32 33 250 41 63 31 66
leaf_count=234 32 33 250 41 63 31 66
internal_value=-0.000600001 0.000386416 -0.00190403 0.00184931 0.00251295 0.00423077 0.0063402
internal_weight=750 427 323 73 193 130 97
internal_count=750 427 323 73 193 130 97
is_linear=0
shrinkage=0.05


Tree=41
num_leaves=8
num_cat=0
split_feature=1 11 12 8 1 12 12
split_gain=0.408714 0.470747 0.879336 0.371426 0.534729 0.35276 0.413082
threshold=-0.047188897607506768 -0.010779002929662549 -0.0081213337469206431 0.020493504871570315 -0.0053672145648470107 0.042111122308508782 0.022913154082998658
decision_type=2 2 2 10 2 2 2
left_child=-1 -2 3 4 -3 6 -4
right_child=1 2 5 -5 -6 -7 -8
leaf_value=0.00038341482630377687 -5.9766226496688297e-05 8.4816236813659725e-06 -5.0225791428454315e-05 0.00032598521824813028 -0.00011233356610940936 -0.00015637693296581152 6.955598932148976e-06
leaf_weight=31 133 25 182 29 27 136 189
leaf_count=31 133 25 182 29 27 136 189
internal_value=-0.00094415 -0.00118585 -0.000578232 0.00425926 0.00173077 -0.00135109 -0.000552562
internal_weight=752 721 588 81 52 507 371
internal_count=752 721 588 81 52 507 371
is_linear=0
shrinkage=0.05


Tree=42
num_leaves=8
num_cat=0
split_feature=3 1 3 3 11 14 6
split_gain=0.487329 0.524977 0.330795 0.420672 0.723324 0.65157 0.5
threshold=-0.0094914262998613257 -0.047188897607506768 -0.00564672079374856 -0.00034752474219162938 0.02550883970860263 -0.0082882010072965456 -0.52708208471730711
decision_type=2 2 2 2 2 2 2
left_child=-1 -2 -3 4 5 -4 -7
right_child=1 2 3 -5 -6 6 -8
leaf_value=1.4471428562259334e-05 0.00044243571490131304 -0.00023343399165278337 -4.6599260243961803e-05 -2.3723586151125727e-05 0.00017141453870946343 -8.2388161647953132e-05 0.00014538578507134031
leaf_weight=27 27 48 99 407 25 45 75
leaf_count=27 27 48 99 407 25 45 75
internal_value=-0.000484729 -0.000730029 -0.000994279 -0.000698926 0.000942622 2.28299e-05 0.0025
internal_weight=753 726 699 651 244 219 120
internal_count=753 726 699 651 244 219 120
is_linear=0
shrinkage=0.05


Tree=43
num_leaves=8
num_cat=0
split_feature=3 3 3 1 2 8 8
split_gain=0.823346 0.538833 0.288447 0.335491 0.343715 0.230736 0.741244
threshold=-0.0089617112628024281 0.0080144082820556867 -0.0044990917476104833 -0.038636626299928305 -0.081993012646502869 -0.037522991142916233 -0.022826643575214019
decision_type=2 2 2 2 2 10 10
left_child=-1 2 -2 -4 -5 -6 -7
right_child=1 -3 3 4 5 6 -8
leaf_value=1.2348341354535722e-05 -0.00016831321240456492 0.00010745147823794885 0.00012785604558851181 1.4457474489293248e-05 -3.2048248718531741e-05 0.0001351984568206761 -4.2766108682692786e-05
leaf_weight=28 80 36 35 28 117 46 376
leaf_count=28 80 36 35 28 117 46 376
internal_value=-0.000911529 -0.00123956 -0.00155425 -0.0011794 -0.00147266 -0.00175325 -0.00120853
internal_weight=746 718 682 602 567 539 422
internal_count=746 718 682 602 567 539 422
is_linear=0
shrinkage=0.05


Tree=44
num_leaves=8
num_cat=0
split_feature=3 1 1 8 0 0 0
split_gain=0.665102 0.364077 0.357079 0.37255 0.393257 0.509318 0.810458
threshold=-0.0089617112628024281 -0.047188897607506768 -0.021804045066154795 0.082037925507449164 -0.006204483668544424 0.0079355653493994333 0.015912233949369251
decision_type=2 2 2 8 2 2 2
left_child=-1 -2 -3 4 -4 -6 -7
right_child=1 2 3 -5 5 6 -8
leaf_value=7.532385183231607e-06 0.00023519039812272286 -5.4211897764994351e-05 -3.5933036666712028e-05 -0.00017648010126192429 1.445091701654199e-05 -0.00012220189838231616 2.4247254753795977e-05
leaf_weight=31 26 107 110 51 271 93 51
leaf_count=31 26 107 110 51 271 93 51
internal_value=-0.00087838 -0.00119182 -0.00141289 -0.00092014 -0.000523811 0.000180722 -0.00222222
internal_weight=740 709 683 576 525 415 144
internal_count=740 709 683 576 525 415 144
is_linear=0
shrinkage=0.05


Tree=45
num_leaves=8
num_cat=0
split_feature=1 2 15 9 3 2 2
split_gain=0.417334 0.407053 0.596225 0.771078 0.582593 0.463262 0.444679
threshold=-0.047188897607506768 -0.019593188703511951 -0.0034118973381782598 -0.034784925307078877 -0.0017423217400693856 0.0097859288052977184 -0.081993012646502869
decision_type=2 2 2 10 2 2 2
left_child=-1 6 3 4 -3 -4 -2
right_child=1 2 5 -5 -6 -7 -8
leaf_value=0.00034351790522648101 1.2705056527778319e-05 0.00017468319306474431 1.7365131876266066e-05 -2.8367361066319009e-05 2.4593208827401731e-05 -7.7769457060101484e-05 -3.1748289833815302e-05
leaf_weight=30 31 25 97 68 27 232 236
leaf_count=30 31 25 97 68 27 232 236
internal_value=-0.000777481 -0.00101955 -0.000100224 0.00291667 0.0075 -0.00120061 -0.00256554
internal_weight=746 716 449 120 52 329 267
internal_count=746 716 449 120 52 329 267
is_linear=0
shrinkage=0.05


Tree=46
num_leaves=8
num_cat=0
split_feature=14 3 14 10 10 8 0
split_gain=0.40385 0.676261 0.481721 0.398987 1.08268 0.72133 0.669837
threshold=0.068214198873392098 0.0080144082820556867 0.052213768787031663 -0.0026894294731198971 -0.0058617370849656228 0.0044720773509425724 0.017678583875578194
decision_type=2 2 2 2 2 8 2
left_child=1 2 3 4 -1 -6 -5
right_child=-2 -3 -4 6 5 -7 -8
leaf_value=-0.0001302422045674525 -1.4059711703668383e-05 0.00025384119588401418 0.0001804661858610217 -2.6764473797992569e-05 0.00010603423133559384 0.0001687980533446021 7.1638041104901039e-05
leaf_weight=31 106 27 26 472 36 25 25
leaf_count=31 106 27 26 472 36 25 25
internal_value=-0.000254012 0.000218067 -0.000121952 -0.00041596 0.00260869 0.00647541 -0.000975856
internal_weight=748 642 615 589 92 61 497
internal_count=748 642 615 589 92 61 497
is_linear=0
shrinkage=0.05


Tree=47
num_leaves=8
num_cat=0
split_feature=7 0 9 9 11 10 1
split_gain=0.364392 0.325718 0.464682 0.450446 1.03043 1.30179 0.840035
threshold=0.043769168187821957 -0.0094204889983209843 -0.15631432810873261 -0.00089589502517806164 0.0069843130840521192 0.0052648731180522388 0.0004550534339406998
decision_type=2 2 10 8 2 2 2
left_child=1 2 -1 4 -3 6 -6
right_child=-2 3 -4 -5 5 -7 -8
leaf_value=2.0158054759632322e-06 -0.00015185120274370824 -9.0075210376062644e-06 -5.8622371906086692e-05 -1.31554657135227e-05 -0.00014632712454025658 0.00015072896260790114 0.00022514677354756602
leaf_weight=34 67 152 94 280 39 40 33
leaf_count=34 67 152 94 280 39 40 33
internal_value=-0.000737484 -0.000386906 -0.00265625 0.000147058 0.00162879 0.00526786 0.00125
internal_weight=739 672 128 544 264 112 72
internal_count=739 672 128 544 264 112 72
is_linear=0
shrinkage=0.05


Tree=48
num_leaves=8
num_cat=0
split_feature=12 8 1 16 16 16 11
split_gain=0.323655 0.724813 0.587272 0.423559 0.706832 0.490387 0.757397
threshold=0.011595821830406862 0.06135884051894492 -0.038636626299928305 -0.01822209266276453 -0.011609416121717562 0.0066732091316336071 0.012360960719592808
decision_type=2 8 2 2 2 2 2
left_child=2 -2 -1 -4 -5 -6 -7
right_child=1 -3 3 4 5 6 -8
leaf_value=0.00022143434455271802 -5.1261167636059015e-05 1.4600638052763232e-05 -0.00015692692733544454 0.00036781321161361632 -5.0358499369175766e-05 0.0001212086018081591 -3.293542696318661e-05
leaf_weight=28 413 33 38 26 106 61 35
leaf_count=28 413 33 38 26 106 61 35
internal_value=-0.000675677 -0.00152466 0.000612244 -0.000112783 0.000701753 -0.000297031 0.00229167
internal_weight=740 446 294 266 228 202 96
internal_count=740 446 294 266 228 202 96
is_linear=0
shrinkage=0.05


Tree=49
num_leaves=8
num_cat=0
split_feature=5 11 11 16 16 0 0
split_gain=0.35298 0.396018 0.504757 0.403348 0.351845 0.351308 1.32549
threshold=0.0076066000742378605 0.011995424510659937 0.011124085891359938 -0.0074998409049161765 -0.012093883450299934 0.002317512890069207 0.0069687645546822061
decision_type=2 2 2 2 2 2 2
left_child=-1 2 3 -2 -3 -5 -7
right_child=1 4 -4 5 -6 6 -8
leaf_value=7.5804876251152009e-05 -3.0786643559795054e-05 5.1677539333096168e-05 0.0002631829622355183 -1.4782967735302952e-05 -6.6262982141615618e-05 0.00018823395005502388 -6.2232604745691847e-06
leaf_weight=25 166 26 26 155 199 40 96
leaf_count=25 166 26 26 155 199 40 96
internal_value=-0.000839019 -0.0010452 -0.000238096 -0.000623634 -0.00277778 0.000498281 0.00235294
internal_weight=733 708 483 457 225 291 136
internal_count=733 708 483 457 225 291 136
is_linear=0
shrinkage=0.05


Tree=50
num_leaves=8
num_cat=0
split_feature=9 7 1 1 4 10 13
split_gain=0.367354 0.432848 0.672698 0.422468 0.608806 0.691414 0.280305
threshold=1.0000000180025095e-35 -0.027173481688878728 -0.025764486880534506 0.014393014067624945 0.015983383701469105 -0.00071796458931633323 17.994999885559086
decision_type=10 2 2 2 2 2 2
left_child=1 -1 -3 6 -5 -6 -4
right_child=-2 2 3 4 5 -7 -8
leaf_value=-8.9408096634208873e-06 -9.9747427829448469e-05 0.00015642684335095549 -8.2332041718663853e-05 9.773789263668297e-05 0.0002307593690071747 -0.00021208133765260236 3.6478732276220583e-06
leaf_weight=126 204 37 166 29 44 55 79
leaf_count=126 204 37 166 29 44 55 79
internal_value=-0.000743244 -5.59713e-05 0.000731706 9.38326e-05 0.00242187 0.000555554 -0.00112245
internal_weight=740 536 410 373 128 99 245
internal_count=740 536 410 373 128 99 245
is_linear=0
shrinkage=0.05


Tree=51
num_leaves=8
num_cat=0
split_feature=9 16 16 13 13 12 12
split_gain=0.432528 0.366255 0.761008 0.321859 0.606157 0.385293 0.662182
threshold=0.029840631778017327 -0.01560351512086827 -0.012093883450299934 16.550000190734867 17.289999961853031 0.038133525920499241 -0.0086076797691169143
decision_type=8 2 2 2 2 2 2
left_child=1 -1 -3 -4 -5 6 -6
right_child=-2 2 3 4 5 -7 -8
leaf_value=-6.6046410758508598e-05 -5.9705173948504206e-05 0.00030936667484561585 -1.4707485407377687e-05 0.00011920215655646463 4.1883853920000686e-06 0.00019846687022859015 -3.3300237783876895e-05
leaf_weight=76 232 32 231 27 71 30 63
leaf_count=76 232 32 231 27 71 30 63
internal_value=-0.00125984 -0.000471699 6.60781e-05 -0.000497632 0.00102094 -0.000121952 -0.00126866
internal_weight=762 530 454 422 191 164 134
internal_count=762 530 454 422 191 164 134
is_linear=0
shrinkage=0.05


Tree=52
num_leaves=8
num_cat=0
split_feature=2 8 6 9 5 6 12
split_gain=0.307098 0.507864 0.616202 0.731737 0.248902 0.625926 0.53196
threshold=0.051405816949871348 0.034095350591273783 -0.58751135191937942 0.021541513411916128 0.010395933883593753 -0.21723377512858039 0.025521140781716415
decision_type=2 10 2 10 2 2 2
left_child=1 4 -3 -4 -1 6 -6
right_child=-2 2 3 -5 5 -7 -8
leaf_value=-1.0611245009634213e-05 -5.3668651647419221e-05 -0.00013530233780793743 0.00023222941484597067 -7.8695791435082988e-05 -3.9577131550802522e-07 -2.1113688791213843e-05 0.00026026932786456252
leaf_weight=264 135 26 26 27 88 135 47
leaf_count=264 135 26 26 27 88 135 47
internal_value=-0.000989306 -0.000513867 0.00322785 0.00632075 -0.00106742 -1.19209e-09 0.00240741
internal_weight=748 613 79 53 534 270 135
internal_count=748 613 79 53 534 270 135
is_linear=0
shrinkage=0.05


Tree=53
num_leaves=8
num_cat=0
split_feature=1 10 7 10 10 9 14
split_gain=0.408659 0.234008 0.271439 0.229055 0.274971 0.601576 0.398612
threshold=-0.047188897607506768 0.015426136544852588 -0.032637120773138843 0.010151750455751786 0.0047561203387664905 -1.0000000180025095e-35 -0.03897851358283843
decision_type=2 2 2 2 2 8 2
left_child=-1 2 -2 4 -4 6 -6
right_child=1 -3 3 -5 5 -7 -8
leaf_value=0.00020720306559280711 -1.2303334677734167e-05 0.00015531740689114098 -1.9630875029599983e-05 -0.00013629512230579256 -3.5614322320174137e-06 -0.0002017973251632637 0.00012842803571728683
leaf_weight=35 74 26 431 51 38 57 31
leaf_count=35 74 26 431 51 38 57 31
internal_value=-0.00170256 -0.00196328 -0.00214076 -0.00179276 -0.0014991 0.000555554 0.00369565
internal_weight=743 708 682 608 557 126 69
internal_count=743 708 682 608 557 126 69
is_linear=0
shrinkage=0.05


Tree=54
num_leaves=8
num_cat=0
split_feature=4 11 9 7 11 13 11
split_gain=0.324409 0.486527 0.280121 0.624872 0.682471 0.27163 0.61594
threshold=0.013387624239214172 0.0013310073142193126 -0.0073011832326888007 0.0094955334145984133 0.0084762123288910658 17.994999885559086 0.0051016705998240272
decision_type=2 2 8 2 2 2 2
left_child=1 -1 3 5 -5 -2 -7
right_child=2 -3 -4 4 -6 6 -8
leaf_value=0.00045956781947209389 -1.2447114128241843e-05 -5.6931497088046643e-05 -5.3434270398800183e-05 -5.859868017981645e-06 0.00044986042678950446 -7.7515744049660377e-05 0.00028168179687729922
leaf_weight=30 179 44 319 47 33 70 25
leaf_count=30 179 44 319 47 33 70 25
internal_value=-0.00138554 0.00175676 -0.00173106 -0.000762713 0.003125 -0.00189781 0.000263157
internal_weight=747 74 673 354 80 274 95
internal_count=747 74 673 354 80 274 95
is_linear=0
shrinkage=0.05


Tree=55
num_leaves=8
num_cat=0
split_feature=1 3 11 14 14 16 10
split_gain=0.440928 0.66365 0.307898 0.47614 0.504462 0.359649 0.443442
threshold=-0.03547657671935061 -0.00065555383663362654 0.011915728697621366 -0.067583665573298909 -0.096084571305829466 -0.0096925685959037815 -0.0016894208297127398
decision_type=2 2 2 2 2 2 2
left_child=1 -1 3 4 -2 -5 -7
right_child=2 -3 -4 5 -6 6 -8
leaf_value=-9.8764078258908514e-05 -3.6103148039704162e-05 0.0004864270651384413 -2.1282715094217003e-05 -6.4142691075392397e-05 0.00031285755495046101 6.5168226425026122e-06 -4.2210233056357433e-05
leaf_weight=35 27 31 225 106 26 152 161
leaf_count=35 27 31 225 106 26 152 161
internal_value=-0.00133028 0.00257576 -0.00170014 -0.000974577 0.00349056 -0.00153938 -0.000686902
internal_weight=763 66 697 472 53 419 313
internal_count=763 66 697 472 53 419 313
is_linear=0
shrinkage=0.05


Tree=56
num_leaves=8
num_cat=0
split_feature=13 7 15 15 5 1 13
split_gain=0.494972 0.673847 0.524743 0.3927 0.437148 0.416067 0.21472
threshold=16.98499965667725 -0.03982980990012041 -0.0044104846187059668 -0.0016729545353168505 0.0096220981907609322 -0.006432704989311421 13.085000038146974
decision_type=2 2 2 2 2 2 2
left_child=6 -2 -3 -4 -5 -6 -1
right_child=1 2 3 4 5 -7 -8
leaf_value=-0.00010914125206783708 4.4874479051874052e-06 -3.1009714013552555e-05 0.00022125217840857767 0.00020913900362561964 3.53832270245269e-05 -1.4274315446625986e-05 -1.9543256966848298e-05
leaf_weight=72 28 88 39 29 36 115 332
leaf_count=72 28 88 39 29 36 115 332
internal_value=-0.00134642 7.46257e-05 -0.000602607 0.000707761 -0.000277779 -0.00135762 -0.00252475
internal_weight=739 335 307 219 180 151 404
internal_count=739 335 307 219 180 151 404
is_linear=0
shrinkage=0.05


Tree=57
num_leaves=8
num_cat=0
split_feature=1 2 11 11 10 4 5
split_gain=0.624509 0.5 0.30183 0.664941 0.371744 0.820681 0.346895
threshold=-0.038636626299928305 -0.064963479437199698 -0.0098148245313025555 -0.0070947588285928389 -0.0041029098949924561 0.019457993769208752 0.0077536805517387369
decision_type=2 2 2 2 2 2 2
left_child=1 -1 -2 -4 5 -5 -6
right_child=2 -3 3 4 6 -7 -8
leaf_value=-0.00012615210949843414 -3.0700883734007029e-05 0.0003927671100444573 0.00018182052811606105 -1.63943905862792e-05 8.8555090069446511e-05 0.0004141799935299143 -2.1184381054545379e-05
leaf_weight=25 136 25 26 51 32 25 415
leaf_count=25 136 25 26 51 32 25 415
internal_value=-0.00139456 0.004 -0.00178832 -0.00126594 -0.00165392 0.00157895 -0.00220358
internal_weight=735 50 685 549 523 76 447
internal_count=735 50 685 549 523 76 447
is_linear=0
shrinkage=0.05


Tree=58
num_leaves=8
num_cat=0
split_feature=9 10 0 14 7 3 1
split_gain=0.315539 0.490083 0.283257 0.262868 0.445068 0.725366 0.467908
threshold=-0.09828695557539556 -0.0019500004630599863 0.017678583875578194 0.014555585659076444 0.01786701135079816 0.0016917891032857126 -0.015342506045804003
decision_type=8 2 2 2 2 2 2
left_child=1 -1 3 -2 6 -6 -5
right_child=2 -3 -4 4 5 -7 -8
leaf_value=2.2874667957038505e-05 -3.8806182401680783e-05 -6.5563531318279015e-05 4.167670348566147e-06 0.00012995679802002547 0.00036912750937904298 -0.00010753885778654322 -2.4350810016300978e-05
leaf_weight=31 415 47 43 66 30 26 92
leaf_count=31 415 47 43 66 30 26 92
internal_value=-0.0016 0.00141026 -0.00194941 -0.00221781 -0.000794394 0.00303571 -0.0021519
internal_weight=750 78 672 629 214 56 158
internal_count=750 78 672 629 214 56 158
is_linear=0
shrinkage=0.05


Tree=59
num_leaves=8
num_cat=0
split_feature=6 6 6 10 9 15 12
split_gain=0.309268 0.537057 0.712627 0.683426 0.63758 0.464857 0.296646
threshold=-0.59721309631001251 0.48751450519101897 0.20246747311652982 -0.00090813194402433728 -0.11950767122482685 0.008884552201300246 0.028230717200652847
decision_type=2 2 2 2 8 2 2
left_child=-1 2 4 -4 -2 -3 -6
right_child=1 5 3 -5 6 -7 -8
leaf_value=-5.3755431342654665e-05 0.00022863997018497673 -8.7483046019375772e-05 -2.2021741463083355e-06 0.00016750553046448763 -2.653691181309354e-05 0.0003214412412193532 2.0626167356046908e-07
leaf_weight=210 26 154 31 29 171 25 112
leaf_count=210 26 154 31 29 171 25 112
internal_value=-0.00170185 -0.00107664 1.35489e-05 0.005 -0.000954694 -0.00332402 -0.00164311
internal_weight=758 548 369 60 309 179 283
internal_count=758 548 369 60 309 179 283
is_linear=0
shrinkage=0.05


end of trees

feature_importances:
ret_20d=43
dist_ma200=38
overnight_gap=35
spy_ret_5d=33
spy_ret_20d=30
ret_5d=29
ret_1d=26
dvol_z_20=25
sector_ret_5d=25
spy_ret_1d=23
vix_level=23
dist_ma50=21
parkinson_20=20
dist_ma20=17
vix_chg_1d=15
atr_pct=9
sector_ret_1d=8

parameters:
[boosting: gbdt]
[objective: quantile]
[metric: quantile]
[tree_learner: serial]
[device_type: cpu]
[data_sample_strategy: bagging]
[data: ]
[valid: ]
[num_iterations: 80]
[learning_rate: 0.05]
[num_leaves: 8]
[num_threads: 1]
[seed: 0]
[deterministic: 0]
[force_col_wise: 1]
[force_row_wise: 0]
[histogram_pool_size: -1]
[max_depth: -1]
[min_data_in_leaf: 25]
[min_sum_hessian_in_leaf: 0.001]
[bagging_fraction: 0.9]
[pos_bagging_fraction: 1]
[neg_bagging_fraction: 1]
[bagging_freq: 1]
[bagging_seed: 3]
[bagging_by_query: 0]
[feature_fraction: 0.9]
[feature_fraction_bynode: 1]
[feature_fraction_seed: 2]
[extra_trees: 0]
[extra_seed: 6]
[early_stopping_round: 0]
[early_stopping_min_delta: 0]
[first_metric_only: 0]
[max_delta_step: 0]
[lambda_l1: 0]
[lambda_l2: 0]
[linear_lambda: 0]
[min_gain_to_split: 0]
[drop_rate: 0.1]
[max_drop: 50]
[skip_drop: 0.5]
[xgboost_dart_mode: 0]
[uniform_drop: 0]
[drop_seed: 4]
[top_rate: 0.2]
[other_rate: 0.1]
[min_data_per_group: 100]
[max_cat_threshold: 32]
[cat_l2: 10]
[cat_smooth: 10]
[max_cat_to_onehot: 4]
[top_k: 20]
[monotone_constraints: ]
[monotone_constraints_method: basic]
[monotone_penalty: 0]
[feature_contri: ]
[forcedsplits_filename: ]
[refit_decay_rate: 0.9]
[cegb_tradeoff: 1]
[cegb_penalty_split: 0]
[cegb_penalty_feature_lazy: ]
[cegb_penalty_feature_coupled: ]
[path_smooth: 0]
[interaction_constraints: ]
[verbosity: -1]
[saved_feature_importance_type: 0]
[use_quantized_grad: 0]
[num_grad_quant_bins: 4]
[quant_train_renew_leaf: 0]
[stochastic_rounding: 1]
[linear_tree: 0]
[max_bin: 255]
[max_bin_by_feature: ]
[min_data_in_bin: 3]
[bin_construct_sample_cnt: 200000]
[data_random_seed: 1]
[is_enable_sparse: 1]
[enable_bundle: 1]
[use_missing: 1]
[zero_as_missing: 0]
[feature_pre_filter: 1]
[pre_partition: 0]
[two_round: 0]
[header: 0]
[label_column: ]
[weight_column: ]
[group_column: ]
[ignore_column: ]
[categorical_feature: ]
[forcedbins_filename: ]
[precise_float_parser: 0]
[parser_config_file: ]
[objective_seed: 5]
[num_class: 1]
[is_unbalance: 0]
[scale_pos_weight: 1]
[sigmoid: 1]
[boost_from_average: 1]
[reg_sqrt: 0]
[alpha: 0.9]
[fair_c: 1]
[poisson_max_delta_step: 0.7]
[tweedie_variance_power: 1.5]
[lambdarank_truncation_level: 30]
[lambdarank_norm: 1]
[label_gain: ]
[lambdarank_position_bias_regularization: 0]
[eval_at: ]
[multi_error_top_k: 1]
[auc_mu_weights: ]
[num_machines: 1]
[local_listen_port: 12400]
[time_out: 120]
[machine_list_filename: ]
[machines: ]
[gpu_platform_id: -1]
[gpu_device_id: -1]
[gpu_device_id_list: ]
[gpu_use_dp: 0]
[num_gpu: 1]

end of parameters

pandas_categorical:[]
