tree
version=v4
num_class=1
num_tree_per_iteration=1
label_index=0
max_feature_idx=16
objective=quantile
feature_names=ret_1d ret_5d ret_20d overnight_gap atr_pct parkinson_20 dvol_z_20 dist_ma20 dist_ma50 dist_ma200 spy_ret_1d spy_ret_5d spy_ret_20d vix_level vix_chg_1d sector_ret_1d sector_ret_5d
feature_infos=[-0.092456103464526818:0.15328852926139658] [-0.22747436586363012:0.17236980359773613] [-0.21925375372159273:0.235802304819279] [-0.094469226848000964:0.078714646091861074] [0.011840020033799628:0.069851240470999262] [0.0070892932969310873:0.036833710486825468] [-2.3231283107540208:4.2996666967629809] [-0.18609729764786231:0.10757452345339846] [-0.24059174992193899:0.17563371229622837] [-0.245940025907467:0.25854156829951558] [-0.058542971330535654:0.10501930183911301] [-0.11496151859245618:0.082843162776128354] [-0.1226559005192206:0.15756591020035837] [11.859999656677246:52.330001831054688] [-0.35753873962348437:0.74039073966007019] [-0.068247998544687438:0.13425697132599002] [-0.13587196028298487:0.11773217696052685]
tree_sizes=855 857 864 859 854 871 855 868 866 864 872 868 867 861 862 865

Tree=0
num_leaves=8
num_cat=0
split_feature=3 7 7 13 7 6 6
split_gain=0.857152 1.78515 0.794555 0.880987 0.779014 0.555769 0.527608
threshold=-0.0066049555848226018 0.010269403960095682 0.028913676681170845 13.13000011444092 -0.024641693297390851 1.5916274590757207 -0.89993573740771104
decision_type=2 2 2 2 2 2 2
left_child=1 4 3 -2 -1 6 -5
right_child=2 -3 -4 5 -6 -7 -8
leaf_value=-0.0020237808918973999 -0.0016745228846984928 -0.0018702154806730354 -0.0013325026969987668 -0.0015313448111674082 -0.0012167325690959512 -0.0018069825932507766 -0.0013816571044929667
leaf_weight=34 33 39 202 55 40 30 305
leaf_count=34 33 39 202 55 40 30 305
internal_value=-0.00170354 -0.00571102 -0.000978983 -0.00221095 -0.00114871 -0.00154719 -0.00100232
internal_weight=738 113 625 423 74 390 360
internal_count=738 113 625 423 74 390 360
is_linear=0
shrinkage=1


Tree=1
num_leaves=8
num_cat=0
split_feature=8 13 4 11 8 13 2
split_gain=0.6956 0.842172 0.596305 0.611254 0.731342 0.494252 0.777637
threshold=0.018923194088425691 13.659999847412111 0.017820831366082281 0.02886127865524846 -0.094967539179143953 18.154999732971195 0.069696087209631954
decision_type=10 2 2 2 10 2 2
left_child=1 -1 -3 4 -4 -2 -7
right_child=5 2 3 -5 -6 6 -8
leaf_value=-0.0002399266256044001 8.4908586330790365e-05 -0.00013515165721956164 -0.0006327057521390352 -0.0003521987198847657 7.4097985009678822e-05 2.1897687045082651e-05 -0.00033051242252636615
leaf_weight=32 271 59 32 31 227 48 25
leaf_count=32 271 59 32 31 227 48 25
internal_value=0.000172414 -0.00129921 -0.000587392 0.000344828 0.001139 0.00180233 -0.00184931
internal_weight=725 381 349 290 259 344 73
internal_count=725 381 349 290 259 344 73
is_linear=0
shrinkage=0.05


Tree=2
num_leaves=8
num_cat=0
split_feature=3 7 7 11 13 7 11
split_gain=0.704232 1.17621 1.14377 0.547671 0.627651 0.867857 0.705247
threshold=-0.0064496999269438851 0.014014559097777381 -0.024641693297390851 0.036250382984596159 13.194999694824221 0.030234844022760336 -0.025492153007652226
decision_type=2 2 2 2 2 2 2
left_child=1 2 -1 4 5 -2 -6
right_child=3 -3 -4 -5 6 -7 -8
leaf_value=-0.00045038752099056884 -0.00024611457870364964 -0.00061644961658834715 0.00018181113911183339 -0.00030204269255073202 -0.00030243329965638874 8.4787339210543402e-05 5.9859788977384561e-05
leaf_weight=38 30 33 44 26 33 40 491
leaf_count=38 30 33 44 26 33 40 491
internal_value=-0.000102041 -0.00369565 -0.000487805 0.000564516 0.000875421 -0.00357143 0.00146947
internal_weight=735 115 82 620 594 70 524
internal_count=735 115 82 620 594 70 524
is_linear=0
shrinkage=0.05


Tree=3
num_leaves=8
num_cat=0
split_feature=3 8 2 11 6 4 0
split_gain=0.678764 0.770016 1.05581 0.585615 0.47459 0.359879 1.36299
threshold=-0.0064496999269438851 -0.012598961004347485 -0.058979188476184934 0.036250382984596159 -1.1842355139223548 0.017820831366082281 -0.0054168937013039922
decision_type=2 10 2 2 2 2 2
left_child=1 2 -1 4 -2 6 -6
right_child=3 -3 -4 -5 5 -7 -8
leaf_value=0.00032416346234412499 -5.3608069528965992e-05 3.271064344413336e-05 -0.00072751829420314722 -0.00028694055792319534 -0.00017154011546750988 7.2510060383956307e-05 7.4291163105825162e-05
leaf_weight=26 30 45 42 26 54 364 146
leaf_count=26 30 45 42 26 54 364 146
internal_value=0.00015689 -0.00340708 -0.00676471 0.000806452 0.00112795 0.0014539 -0.00025
internal_weight=733 113 68 620 594 564 200
internal_count=733 113 68 620 594 564 200
is_linear=0
shrinkage=0.05


Tree=4
num_leaves=8
num_cat=0
split_feature=8 13 5 4 4 14 13
split_gain=0.954523 0.930901 0.710411 0.930909 0.846864 0.612189 0.388932
threshold=0.0059629827788000309 13.659999847412111 0.015058949344130801 0.027223652813548233 0.018200011875155343 -0.013975625369978871 22.625000000000004
decision_type=10 2 2 2 2 2 2
left_child=1 -1 4 -4 5 -3 -5
right_child=-2 2 3 6 -6 -7 -8
leaf_value=-0.00029559473675055216 4.6692901574939792e-05 7.9904283819499911e-05 -0.00043265252790458176 7.7223339810505e-05 9.6967242490235962e-05 -0.00011831781107037316 -0.00033465533904770219
leaf_weight=25 404 25 25 26 166 31 29
leaf_count=25 404 25 25 26 166 31 29
internal_value=0.000280438 -0.00172783 -0.000960265 -0.005 0.000495496 -0.00482143 -0.00136364
internal_weight=731 327 302 80 222 56 55
internal_count=731 327 302 80 222 56 55
is_linear=0
shrinkage=0.05


Tree=5
num_leaves=8
num_cat=0
split_feature=3 9 7 11 11 5 10
split_gain=0.625073 0.812384 0.964286 0.547326 0.549932 0.537931 0.825397
threshold=-0.006163524437103384 0.0034585634119904678 0.010269403960095682 0.036250382984596159 -0.025492153007652226 0.010931002723930832 -0.00038724572548481934
decision_type=2 10 2 2 2 2 2
left_child=1 2 -1 4 -2 6 -6
right_child=3 -3 -4 -5 5 -7 -8
leaf_value=-0.00042369946393235926 -0.00027834991588597752 5.0875971247849639e-05 -0.00094426808510850993 -0.00026539446837990009 -0.00013780270473627191 9.3300944941421854e-05 4.7790410122756612e-05
leaf_weight=35 34 59 25 26 84 314 150
leaf_count=35 34 59 25 26 84 314 150
internal_value=-8.94083e-05 -0.00340336 -0.0075 0.000559211 0.000876289 0.00125912 -0.000555555
internal_weight=727 119 60 608 582 548 234
internal_count=727 119 60 608 582 548 234
is_linear=0
shrinkage=0.05


Tree=6
num_leaves=8
num_cat=0
split_feature=3 7 7 7 4 10 6
split_gain=0.620749 1.06576 0.850902 0.672046 0.51376 1.22651 0.661183
threshold=-0.006163524437103384 0.014014559097777381 -0.024641693297390851 0.0029749238022700468 0.017820831366082281 0.0012830782027211109 -0.59082979726632123
decision_type=2 2 2 2 2 2 2
left_child=1 2 -1 4 5 -2 -6
right_child=3 -3 -4 -5 6 -7 -8
leaf_value=-0.00020278569089009666 -0.00019286750026907247 -0.0004162911160695046 0.0001978025386196512 7.1907072802752204e-05 -0.00015646015197175135 3.0792747046887478e-05 0.00011920241030758473
leaf_weight=39 38 36 42 373 61 27 116
leaf_count=39 38 36 42 373 61 27 116
internal_value=0.000218579 -0.00311966 6.17286e-05 0.000853659 -0.00119835 -0.005 0.00019774
internal_weight=732 117 81 615 242 65 177
internal_count=732 117 81 615 242 65 177
is_linear=0
shrinkage=0.05


Tree=7
num_leaves=8
num_cat=0
split_feature=7 7 1 1 2 6 1
split_gain=0.577283 1.2226 0.549106 0.682129 0.667399 0.631207 0.444716
threshold=0.028913676681170845 0.026194663333819482 -0.04838380212827819 -0.028607720413029832 0.0073737737239709675 -1.0651920085208959 0.0044674254818132262
decision_type=2 2 2 2 2 2 2
left_child=1 2 -1 4 -4 -5 -7
right_child=-2 -3 3 5 -6 6 -8
leaf_value=0.00027029170973253872 7.9275883301769255e-05 -0.00029230318981459281 -0.00024918167604146799 -0.00010532867984936774 4.168877664245522e-05 4.0244822337771387e-05 -9.2498709909180155e-05
leaf_weight=44 213 28 47 29 26 195 147
leaf_count=44 213 28 47 29 26 195 147
internal_value=-6.85852e-06 -0.000910853 -0.000327869 -0.000855856 -0.00527397 1.34773e-05 0.000614035
internal_weight=729 516 488 444 73 371 342
internal_count=729 516 488 444 73 371 342
is_linear=0
shrinkage=0.05


Tree=8
num_leaves=8
num_cat=0
split_feature=8 13 3 13 14 14 4
split_gain=0.534128 0.614941 0.569807 0.751048 0.901127 1.275 0.687989
threshold=0.079472221220843978 12.88000011444092 -0.00090326911648419539 14.105000019073488 0.0012810539251320032 -0.039568606403770572 0.020537433177023463
decision_type=10 2 2 2 2 2 2
left_child=1 -1 3 -3 5 -5 -7
right_child=-2 2 -4 4 -6 6 -8
leaf_value=-0.00025336270636053477 6.0623447690868412e-05 -0.00012148422213780283 4.4312737892510242e-05 9.7082305396354408e-05 0.00011779171930584117 -0.00040716079157989912 -0.00019534042615679424
leaf_weight=28 89 33 340 51 148 25 42
leaf_count=28 89 33 340 51 148 25 42
internal_value=0.000238095 -0.000247376 7.04227e-05 -0.00152174 -0.000639098 -0.0038983 -0.00843284
internal_weight=756 667 639 299 266 118 67
internal_count=756 667 639 299 266 118 67
is_linear=0
shrinkage=0.05


Tree=9
num_leaves=8
num_cat=0
split_feature=12 13 5 4 10 15 3
split_gain=0.616262 0.591498 0.860708 0.640216 1.12702 1.11248 0.481305
threshold=0.06005823138399214 22.625000000000004 0.015058949344130801 0.017677952293969856 -0.00038724572548481934 -0.0043981162361914064 0.00250719544251421
decision_type=2 2 2 2 2 2 2
left_child=1 3 -3 4 5 -1 -5
right_child=-2 2 -4 6 -6 -7 -8
leaf_value=-7.7747399241230475e-05 -0.00020161416118287968 0.00015736732692080179 -0.00059163629339971748 9.2228190445960744e-05 4.0400717509148429e-05 -0.00012916401417864293 2.5261239032512406e-05
leaf_weight=55 49 33 35 251 127 30 151
leaf_count=55 49 33 35 251 127 30 151
internal_value=0.000212038 0.000601173 -0.00382353 0.00109121 -0.00113208 -0.00558823 0.00226368
internal_weight=731 682 68 614 212 85 402
internal_count=731 682 68 614 212 85 402
is_linear=0
shrinkage=0.05


Tree=10
num_leaves=8
num_cat=0
split_feature=7 7 5 0 16 14 6
split_gain=0.472259 0.893547 0.559837 1.06838 0.823362 0.413584 0.85103
threshold=0.028913676681170845 0.026194663333819482 0.010024093221647271 -0.004227905355919658 0.00023795238460544435 -0.0066427814256201914 -0.63741021882833604
decision_type=2 2 2 2 2 2 2
left_child=1 2 3 4 -1 6 -4
right_child=-2 -3 5 -5 -6 -7 -8
leaf_value=-1.5191736089481825e-05 4.4022351076657491e-05 -0.00027636706716434935 -0.00016537637254789475 5.7281234707639577e-05 -0.00022708718447517198 9.3986164582341006e-05 5.6663408630174527e-05
leaf_weight=27 227 28 61 65 25 183 129
leaf_count=27 227 28 61 65 25 183 129
internal_value=0.0002349 -0.000598455 -0.000102041 -0.00311966 -0.00846154 0.000844504 -0.000789473
internal_weight=745 518 490 117 52 373 190
internal_count=745 518 490 117 52 373 190
is_linear=0
shrinkage=0.05


Tree=11
num_leaves=8
num_cat=0
split_feature=14 4 7 10 0 6 1
split_gain=0.55159 0.654962 1.14992 0.953261 0.941176 0.877612 0.510638
threshold=-0.039568606403770572 0.018319746755065237 0.0010997765116685934 0.0039695003321817976 -0.0052387705496789718 -0.39502672513536013 0.0056628860893155339
decision_type=2 2 2 2 2 2 2
left_child=-1 2 4 -3 -2 -5 -4
right_child=1 3 6 5 -6 -7 -8
leaf_value=7.6353932585292077e-05 -0.00042523034340091211 4.5498602390568631e-05 0.00014090374268842511 -0.00082707472275272878 -5.2373712687135281e-05 2.9538951615521501e-05 -3.7656313561264769e-05
leaf_weight=180 34 278 47 27 34 40 94
leaf_count=180 34 278 47 27 34 40 94
internal_value=9.5368e-05 -0.00068592 -0.00289474 0.000652174 -0.00823529 -0.00470149 -0.000319149
internal_weight=734 554 209 345 68 67 141
internal_count=734 554 209 345 68 67 141
is_linear=0
shrinkage=0.05


Tree=12
num_leaves=8
num_cat=0
split_feature=11 5 10 8 8 5 5
split_gain=0.478139 0.443328 0.645315 0.496496 0.683997 0.566058 1.46494
threshold=0.037714619913018062 0.0087791576639559884 0.00097851086285993837 0.056609709113923497 0.041141560231834802 0.015058949344130801 0.016220910036749522
decision_type=2 2 2 10 10 2 2
left_child=1 2 -1 4 5 -3 -7
right_child=-2 3 -4 -5 -6 6 -8
leaf_value=-9.1879756877054364e-05 -0.00019654387057338202 4.0569859385919819e-05 0.00010023312028415856 0.00011495854664329952 -6.6113263440614005e-05 -0.00042213629152190713 2.5265755861227313e-05
leaf_weight=29 27 325 30 177 41 25 66
leaf_count=29 27 325 30 177 41 25 66
internal_value=0.000416667 0.000670996 -0.00347458 0.00105678 0.000185996 0.000793269 -0.00269231
internal_weight=720 693 59 634 457 416 91
internal_count=720 693 59 634 457 416 91
is_linear=0
shrinkage=0.05


Tree=13
num_leaves=8
num_cat=0
split_feature=2 13 4 2 4 5 16
split_gain=0.43643 1.04487 0.555896 0.958599 0.39757 0.70089 0.647361
threshold=-0.013128402044305263 14.404999732971193 0.022968000915179108 -0.058979188476184934 0.020698520604125973 0.0123615021485627 -0.00035947524594137631
decision_type=2 2 2 2 2 2 2
left_child=1 -1 -3 -4 5 6 -2
right_child=4 2 3 -5 -6 -7 -8
leaf_value=-0.0001253315591030014 0.00011730559420931632 8.3622914675339694e-05 0.00030383186553596599 -0.00071074492217126266 3.8601548263106774e-05 -0.00011717073206633223 -1.9212357814430248e-05
leaf_weight=40 92 103 44 30 198 41 185
leaf_count=40 92 103 44 30 198 41 185
internal_value=0.000429741 -0.00145161 0.00019774 -0.00310811 0.00122093 0.000125786 0.00102888
internal_weight=733 217 177 74 516 318 277
internal_count=733 217 177 74 516 318 277
is_linear=0
shrinkage=0.05


Tree=14
num_leaves=8
num_cat=0
split_feature=6 12 6 6 8 2 14
split_gain=0.590702 0.516544 0.469977 1.16903 0.684307 1.4643 0.442563
threshold=2.2498679445087149 0.06005823138399214 -0.63741021882833604 -0.7206895558389691 -0.0017121941288891216 -0.053623056366655757 -0.021911996714153944
decision_type=2 2 2 2 10 2 2
left_child=1 2 3 4 5 -1 -4
right_child=-2 -3 6 -5 -6 -7 -8
leaf_value=8.6101700023348744e-05 -0.00025839566359526969 -0.00020129471329485214 7.8340080865330625e-05 -0.00022063174640361288 0.00012510409833973153 -0.00023675542914976225 2.8914279166025401e-05
leaf_weight=30 49 47 164 29 77 37 291
leaf_count=30 49 47 164 29 77 37 291
internal_value=9.66853e-05 0.000481482 0.000859873 -0.00135838 0.000486111 -0.00320895 0.0017033
internal_weight=724 675 628 173 144 67 455
internal_count=724 675 628 173 144 67 455
is_linear=0
shrinkage=0.05


Tree=15
num_leaves=8
num_cat=0
split_feature=2 13 4 2 15 2 16
split_gain=0.57017 0.80285 0.675496 0.909689 0.541536 0.87874 0.57891
threshold=-0.013128402044305263 14.404999732971193 0.022968000915179108 -0.058979188476184934 -0.0028850154808948143 0.071717250383354761 0.036258561992146283
decision_type=2 2 2 2 2 2 2
left_child=1 -1 -3 -4 5 -2 -6
right_child=4 2 3 -5 6 -7 -8
leaf_value=-0.00018845396315664338 1.687515821693274e-05 0.00012201634617314891 0.00010900592406369685 -0.00074217010107002247 0.00010437151668856119 -0.00017600805346514872 -2.9491263047008091e-05
leaf_weight=41 109 101 44 32 270 44 83
leaf_count=41 109 101 44 32 270 44 83
internal_value=2.76245e-05 -0.00211009 -0.000649717 -0.00421053 0.000948617 -0.00153595 0.0020255
internal_weight=724 218 177 76 506 153 353
internal_count=724 218 177 76 506 153 353
is_linear=0
shrinkage=0.05


end of trees

feature_importances:
dist_ma20=15
atr_pct=11
vix_level=11
dvol_z_20=10
ret_20d=9
parkinson_20=8
dist_ma50=8
overnight_gap=7
spy_ret_5d=7
vix_chg_1d=6
spy_ret_1d=5
ret_5d=4
ret_1d=3
sector_ret_5d=3
spy_ret_20d=2
sector_ret_1d=2
dist_ma200=1

parameters:
[boosting: gbdt]
[objective: quantile]
[metric: quantile]
[tree_learner: serial]
[device_type: cpu]
[data_sample_strategy: bagging]
[data: ]
[valid: ]
[num_iterations: 80]
[learning_rate: 0.05]
[num_leaves: 8]
[num_threads: 1]
[seed: 0]
[deterministic: 0]
[force_col_wise: 1]
[force_row_wise: 0]
[histogram_pool_size: -1]
[max_depth: -1]
[min_data_in_leaf: 25]
[min_sum_hessian_in_leaf: 0.001]
[bagging_fraction: 0.9]
[pos_bagging_fraction: 1]
[neg_bagging_fraction: 1]
[bagging_freq: 1]
[bagging_seed: 3]
[bagging_by_query: 0]
[feature_fraction: 0.9]
[feature_fraction_bynode: 1]
[feature_fraction_seed: 2]
[extra_trees: 0]
[extra_seed: 6]
[early_stopping_round: 0]
[early_stopping_min_delta: 0]
[first_metric_only: 0]
[max_delta_step: 0]
[lambda_l1: 0]
[lambda_l2: 0]
[linear_lambda: 0]
[min_gain_to_split: 0]
[drop_rate: 0.1]
[max_drop: 50]
[skip_drop: 0.5]
[xgboost_dart_mode: 0]
[uniform_drop: 0]
[drop_seed: 4]
[top_rate: 0.2]
[other_rate: 0.1]
[min_data_per_group: 100]
[max_cat_threshold: 32]
[cat_l2: 10]
[cat_smooth: 10]
[max_cat_to_onehot: 4]
[top_k: 20]
[monotone_constraints: ]
[monotone_constraints_method: basic]
[monotone_penalty: 0]
[feature_contri: ]
[forcedsplits_filename: ]
[refit_decay_rate: 0.9]
[cegb_tradeoff: 1]
[cegb_penalty_split: 0]
[cegb_penalty_feature_lazy: ]
[cegb_penalty_feature_coupled: ]
[path_smooth: 0]
[interaction_constraints: ]
[verbosity: -1]
[saved_feature_importance_type: 0]
[use_quantized_grad: 0]
[num_grad_quant_bins: 4]
[quant_train_renew_leaf: 0]
[stochastic_rounding: 1]
[linear_tree: 0]
[max_bin: 255]
[max_bin_by_feature: ]
[min_data_in_bin: 3]
[bin_construct_sample_cnt: 200000]
[data_random_seed: 1]
[is_enable_sparse: 1]
[enable_bundle: 1]
[use_missing: 1]
[zero_as_missing: 0]
[feature_pre_filter: 1]
[pre_partition: 0]
[two_round: 0]
[header: 0]
[label_column: ]
[weight_column: ]
[group_column: ]
[ignore_column: ]
[categorical_feature: ]
[forcedbins_filename: ]
[precise_float_parser: 0]
[parser_config_file: ]
[objective_seed: 5]
[num_class: 1]
[is_unbalance: 0]
[scale_pos_weight: 1]
[sigmoid: 1]
[boost_from_average: 1]
[reg_sqrt: 0]
[alpha: 0.1]
[fair_c: 1]
[poisson_max_delta_step: 0.7]
[tweedie_variance_power: 1.5]
[lambdarank_truncation_level: 30]
[lambdarank_norm: 1]
[label_gain: ]
[lambdarank_position_bias_regularization: 0]
[eval_at: ]
[multi_error_top_k: 1]
[auc_mu_weights: ]
[num_machines: 1]
[local_listen_port: 12400]
[time_out: 120]
[machine_list_filename: ]
[machines: ]
[gpu_platform_id: -1]
[gpu_device_id: -1]
[gpu_device_id_list: ]
[gpu_use_dp: 0]
[num_gpu: 1]

end of parameters

pandas_categorical:[]
