tree
version=v4
num_class=1
num_tree_per_iteration=1
label_index=0
max_feature_idx=16
objective=quantile
feature_names=ret_1d ret_5d ret_20d overnight_gap atr_pct parkinson_20 dvol_z_20 dist_ma20 dist_ma50 dist_ma200 spy_ret_1d spy_ret_5d spy_ret_20d vix_level vix_chg_1d sector_ret_1d sector_ret_5d
feature_infos=[-0.15740503206709422:0.17978991346655993] [-0.31839837534734672:0.25593873828122393] [-0.28261054663109497:0.29095867167616052] [-0.088611372050616199:0.18033198696379338] [0.01692931935831728:0.081961155778894498] [0.011085657278549174:0.047035492941508064] [-2.3984069884416894:4.3407480208754672] [-0.2490314602487913:0.18367095015713319] [-0.27616959717346756:0.2622294320837224] [-0.39487089825788468:0.53421845769262033] [-0.058542947643003718:0.10501933612632941] [-0.11496158439845272:0.082843216242346029] [-0.12265592443394913:0.15756596870864792] [11.859999656677246:52.330001831054688] [-0.35753873962348437:0.74039073966007019] [-0.068244726543857936:0.13419383554022479] [-0.13586538461538455:0.11772560364971629]
tree_sizes=840 863 858 855 853 863 862 846 860 863 863 871 860 860 866 868 860 856

Tree=0
num_leaves=8
num_cat=0
split_feature=9 13 16 1 6 10 2
split_gain=2.69435 1.52176 1.79523 1.25038 1.07251 0.641527 0.581534
threshold=0.0082246548238862367 24.855000495910648 0.032039212360379883 -0.05893589608844884 0.50290506854255546 -0.0042544588401209329 0.0045344590870676224
decision_type=8 2 2 2 2 2 2
left_child=1 2 3 -1 -2 -6 -7
right_child=4 -3 -4 -5 5 6 -8
leaf_value=-0.036096107794448405 -0.034178915430279934 -0.03721248282431712 -0.036007391063263061 -0.034629610994242707 -0.034102409863773352 -0.035282708977082654 -0.034784345328495968
leaf_weight=29 380 26 35 135 38 26 81
leaf_count=29 380 26 35 135 38 26 81
internal_value=-0.0349369 -0.0395147 -0.0380284 -0.0358345 -0.032975 -0.0366334 -0.0386154
internal_weight=750 225 199 164 525 145 107
internal_count=750 225 199 164 525 145 107
is_linear=0
shrinkage=1


Tree=1
num_leaves=8
num_cat=0
split_feature=9 0 12 11 10 16 16
split_gain=1.75522 0.79041 0.771429 0.540097 1.1832 0.88411 0.730588
threshold=0.07111710512766091 -0.030621692647590067 -0.037333173257957868 0.0044457206101340416 -0.0018123893917819098 -0.01309185498683718 0.032039212360379883
decision_type=8 2 2 2 2 2 2
left_child=1 -1 -2 4 -3 -6 -5
right_child=2 3 -4 6 5 -7 -8
leaf_value=-0.0018100018397371597 -0.00046436082405065685 6.5855934259665411e-05 0.00044418831153818195 0.00036576969921621531 -8.9327824779659711e-05 -0.0023423380491830958 -0.00082461415509055009
leaf_weight=29 28 68 420 75 28 37 49
leaf_count=29 28 68 420 75 28 37 49
internal_value=0.000367848 -0.00269231 0.00232143 -0.00180934 -0.00402256 -0.00884615 0.000564516
internal_weight=734 286 448 257 133 65 124
internal_count=734 286 448 257 133 65 124
is_linear=0
shrinkage=0.05


Tree=2
num_leaves=8
num_cat=0
split_feature=0 9 6 6 6 11 8
split_gain=2.83239 1.49092 0.636696 0.57699 0.972026 0.95391 0.982176
threshold=-0.046695202787219663 0.07111710512766091 0.52470641311588706 -0.61536586699523754 -0.43399859565581994 0.0021655828678432969 -0.014273959891892949
decision_type=2 8 2 2 2 2 10
left_child=-1 3 -3 -2 -5 6 -6
right_child=1 2 -4 4 5 -7 -8
leaf_value=-0.0019402108938755187 0.00020499141632886468 0.00054440835933011224 -6.7288102718450143e-05 -0.0017445605850787028 -0.0014147778731247625 0.00017118393857079963 0.00011585307548636034
leaf_weight=26 89 336 111 25 47 89 26
leaf_count=26 89 336 111 25 47 89 26
internal_value=6.00803e-05 0.000643154 0.00242729 -0.00224638 -0.00382353 -0.00240741 -0.00664384
internal_weight=749 723 447 276 187 162 73
internal_count=749 723 447 276 187 162 73
is_linear=0
shrinkage=0.05


Tree=3
num_leaves=8
num_cat=0
split_feature=0 13 2 8 1 11 6
split_gain=2.07473 0.969042 0.997334 0.997651 1.75345 0.814378 0.430601
threshold=-0.042223891416062191 23.265000343322757 0.19167574197041684 -0.091044649231262417 -0.0022966411204418664 -0.015853203269672541 0.63672033650600746
decision_type=2 2 2 8 2 2 2
left_child=-1 2 3 4 -2 -3 -5
right_child=1 5 -4 6 -6 -7 -8
leaf_value=-0.0017816346312766011 0.00018686858608201389 -0.00090411202071784518 -0.0010367257272428537 0.00037451632288831426 -0.0015854662628105318 0.00022965484261232573 -3.1064030356229431e-05
leaf_weight=27 73 31 26 437 26 25 98
leaf_count=27 73 31 26 437 26 25 98
internal_value=8.74834e-05 0.000600559 0.00113636 0.00152997 -0.00308081 -0.00571429 0.00238318
internal_weight=743 716 660 634 99 56 535
internal_count=743 716 660 634 99 56 535
is_linear=0
shrinkage=0.05


Tree=4
num_leaves=8
num_cat=0
split_feature=0 9 4 14 6 0 4
split_gain=2.87284 1.04884 0.739357 0.845 0.701656 0.760011 0.685714
threshold=-0.046695202787219663 0.023055968585156465 0.029322743962192865 -0.054330610723124943 0.50290506854255546 -0.0010170064032273272 0.052423575528483889
decision_type=2 8 2 2 2 2 2
left_child=-1 2 -2 -4 -3 -6 -5
right_child=1 4 3 6 5 -7 -8
leaf_value=-0.0021726387571681495 -0.00075379320386130327 0.00046987085122260114 -0.0021732455551866483 0.0003149100058948836 0.00041293809654726005 -0.00048837330829737543 -0.00063773073119660357
leaf_weight=26 27 361 40 112 48 84 48
leaf_count=26 27 361 40 112 48 84 48
internal_value=0.000174263 0.000763889 -0.00204846 -0.001 0.00205882 -0.00106061 0.000625
internal_weight=746 720 227 200 493 132 160
internal_count=746 720 227 200 493 132 160
is_linear=0
shrinkage=0.05


Tree=5
num_leaves=8
num_cat=0
split_feature=0 8 1 0 8 12 3
split_gain=2.38623 1.35025 1.00634 1.23266 0.548268 0.508925 0.463837
threshold=-0.046695202787219663 -1.0000000180025095e-35 -0.0033026834135039813 0.0039351946116094058 0.15786923031915792 -0.038043890036369758 -0.00061993226158568715
decision_type=2 8 2 2 10 2 2
left_child=-1 2 6 -4 5 -3 -2
right_child=1 4 3 -5 -6 -7 -8
leaf_value=-0.0020861451276243635 -0.00038951278341031503 -0.00039871079268037 -0.0017990645991917773 6.1354472629982583e-06 -0.00036624910905825507 0.00041080065148941646 0.00034379926621838462
leaf_weight=25 61 28 42 43 25 431 82
leaf_count=25 61 28 42 43 25 431 82
internal_value=0.000183175 0.000716292 -0.00245614 -0.00676471 0.00221074 0.00260349 0.000104895
internal_weight=737 712 228 85 484 459 143
internal_count=737 712 228 85 484 459 143
is_linear=0
shrinkage=0.05


Tree=6
num_leaves=8
num_cat=0
split_feature=0 8 15 14 12 16 8
split_gain=2.14209 0.64609 0.572149 1.76394 0.535125 0.591496 0.460496
threshold=-0.046695202787219663 -0.0062524192532602543 -0.011468303839018588 0.025331387226238514 0.030501708894694394 -0.006196423996167654 0.14801048267864661
decision_type=2 8 2 2 2 2 10
left_child=-1 2 -2 4 5 -4 -3
right_child=1 6 3 -5 -6 -7 -8
leaf_value=-0.0019154229462992796 7.9041468320183703e-05 0.00036028951074635658 0.00021992966375610973 -0.0017468117253622872 0.00035128397013254887 -0.0005258636302208138 -0.00025883622297834767
leaf_weight=28 47 455 43 39 43 54 37
leaf_count=28 47 455 43 39 43 54 37
internal_value=0.000710456 0.00123955 -0.000973451 -0.00226257 0.000357143 -0.00170103 0.0022561
internal_weight=746 718 226 179 140 97 492
internal_count=746 718 226 179 140 97 492
is_linear=0
shrinkage=0.05


Tree=7
num_leaves=8
num_cat=0
split_feature=0 2 14 3 3 15 4
split_gain=1.63229 0.833465 0.817344 1.04327 0.407845 0.397576 0.39
threshold=-0.046695202787219663 0.19167574197041684 -0.056340529311790281 0.0028304306605040357 -0.011301394559813381 0.019931461553697408 0.034443425990130359
decision_type=2 2 2 2 2 2 2
left_child=-1 2 3 6 -4 -5 -2
right_child=1 -3 4 5 -6 -7 -8
leaf_value=-0.0018196517989843156 -0.00042749091481066596 -0.0008962308934205728 -4.750130268502304e-05 0.00041882702317187998 0.00032253648450914461 -0.00055132106581206447 -0.0028923805708942815
leaf_weight=28 25 29 40 41 530 25 27
leaf_count=28 25 29 40 41 530 25 27
internal_value=0.000771812 0.00123431 0.0015843 -0.00220339 0.00236842 0.0019697 -0.0075
internal_weight=745 717 688 118 570 66 52
internal_count=745 717 688 118 570 66 52
is_linear=0
shrinkage=0.05


Tree=8
num_leaves=8
num_cat=0
split_feature=0 2 14 10 15 8 6
split_gain=1.74322 0.839415 0.448387 0.883816 0.464256 0.257667 0.456633
threshold=-0.046695202787219663 0.19167574197041684 -0.056340529311790281 0.0072501689697913605 0.017485060154424418 -0.0062524192532602543 0.3186188034096728
decision_type=2 2 2 2 2 8 2
left_child=-1 2 3 -2 -5 6 -4
right_child=1 -3 5 4 -6 -7 -8
leaf_value=-0.0017508075173497215 -0.0022423426379263502 -0.00085141934874954418 0.00023005477605666526 0.00036436461860912686 -0.0005012067274872636 0.00034240309819634019 -0.00038400254092744155
leaf_weight=27 35 29 128 46 41 403 55
leaf_count=27 35 29 128 46 41 403 55
internal_value=0.000811518 0.00126866 0.00161017 -0.00114754 0.00155172 0.0021843 0.000628415
internal_weight=764 737 708 122 87 586 183
internal_count=764 737 708 122 87 586 183
is_linear=0
shrinkage=0.05


Tree=9
num_leaves=8
num_cat=0
split_feature=8 13 0 6 11 8 0
split_gain=0.85374 0.882126 0.599459 0.591614 0.760011 0.588378 0.440266
threshold=-0.091044649231262417 20.980000495910648 -0.0082867127646525911 0.58031676708742208 0.010167867285780898 0.0093070966963374486 -0.010451019134970761
decision_type=10 2 2 2 2 10 2
left_child=1 2 -1 6 5 -5 -2
right_child=3 -3 -4 4 -6 -7 -8
leaf_value=-0.00091900645580071444 -2.9960681988402533e-05 -0.001803478469874306 0.00010348325131374045 -0.00035604905209422877 -0.00047497595435960337 0.00044955727644417322 0.00037101816873622104
leaf_weight=49 85 29 79 25 48 59 370
leaf_count=49 85 29 79 25 48 59 370
internal_value=0.000631721 -0.00264331 -0.000859375 0.00150767 -0.00143939 0.00142857 0.00236264
internal_weight=744 157 128 587 132 84 455
internal_count=744 157 128 587 132 84 455
is_linear=0
shrinkage=0.05


Tree=10
num_leaves=8
num_cat=0
split_feature=0 2 9 5 12 9 8
split_gain=1.28288 0.720548 0.578413 0.815137 0.753405 0.634261 0.412598
threshold=-0.042223891416062191 0.19167574197041684 0.023055968585156465 0.020474305426703823 -0.037333173257957868 0.38181067691672038 -0.096920849939064233
decision_type=2 2 8 2 2 10 10
left_child=-1 2 3 -2 -4 -6 -5
right_child=1 -3 4 6 5 -7 -8
leaf_value=-0.001198541838994286 -0.00043092369346107312 -0.00080134303469792806 -0.00036423230288260499 -0.00080717144192956822 0.00034517276449973796 -6.9960290978333091e-05 0.00023687291630553254
leaf_weight=26 47 30 28 79 399 44 96
leaf_count=26 47 30 28 79 399 44 96
internal_value=0.00052737 0.000919779 0.0012482 -0.000855856 0.00223992 0.00274266 0.000714286
internal_weight=749 723 693 222 471 443 175
internal_count=749 723 693 222 471 443 175
is_linear=0
shrinkage=0.05


Tree=11
num_leaves=8
num_cat=0
split_feature=8 14 8 0 8 8 15
split_gain=0.778946 0.692149 0.607561 0.456195 0.946956 0.572727 0.245181
threshold=1.0000000180025095e-35 0.079615825148664734 0.14801048267864661 0.0019231774510021229 -0.043979382130045201 -0.12849142003365607 -0.0041332991650115938
decision_type=10 2 10 2 10 8 2
left_child=1 3 6 4 5 -1 -2
right_child=2 -3 -4 -5 -6 -7 -8
leaf_value=-0.0014475360025106836 0.00049757443234765039 -0.0008195000325498411 -0.00035562037287347761 0.00013449641475890773 -0.00067228564520927902 0.0003708023087579137 0.00024954148624699415
leaf_weight=35 122 41 40 118 25 55 311
leaf_count=35 122 41 40 118 25 55 311
internal_value=0.000917002 -0.00120438 0.00214588 -0.000150214 -0.0023913 1.86265e-10 0.00269053
internal_weight=747 274 473 233 115 90 433
internal_count=747 274 473 233 115 90 433
is_linear=0
shrinkage=0.05


Tree=12
num_leaves=8
num_cat=0
split_feature=9 16 11 9 8 0 6
split_gain=1.05184 0.71327 1.01462 1.7041 0.867306 0.693099 0.380931
threshold=0.07111710512766091 -0.035587192829177543 0.0044457206101340416 -0.030673070455435322 -0.091044649231262417 -0.010856758456721514 0.58031676708742208
decision_type=8 2 2 10 10 2 2
left_child=1 -1 3 4 -3 -4 -2
right_child=6 2 5 -5 -6 -7 -8
leaf_value=0.00013987824036887359 0.00035940061643496038 -0.0014479265829809404 -0.001158326580514056 -0.00087700733484320607 5.8385010086404088e-05 0.00016470311855637499 -6.8619565619338992e-05
leaf_weight=37 330 47 38 31 36 111 104
leaf_count=37 330 47 38 31 36 111 104
internal_value=0.000776567 -0.0015 -0.00241445 -0.00596491 -0.00222892 0.000302014 0.00235023
internal_weight=734 300 263 114 83 149 434
internal_count=734 300 263 114 83 149 434
is_linear=0
shrinkage=0.05


Tree=13
num_leaves=8
num_cat=0
split_feature=8 1 2 12 5 1 13
split_gain=0.955517 0.891589 0.68538 0.668435 1.03934 0.580453 0.352804
threshold=-0.088237493779621021 -0.0033026834135039813 0.18545044555968407 -0.037333173257957868 0.020601844148023005 -0.046787211540197264 16.614999771118168
decision_type=8 2 2 2 2 2 2
left_child=1 5 3 4 -2 -1 -5
right_child=2 -3 -4 6 -6 -7 -8
leaf_value=-0.00068778506456017112 -0.00076112076723345483 -0.0015470798210589568 -0.00072302860562473842 0.00016012681682657715 0.00049431615983263418 0.00033949487333240994 0.00031973123252609491
leaf_weight=46 25 37 26 298 27 50 236
leaf_count=46 25 37 26 298 27 50 236
internal_value=0.00057047 -0.00327068 0.00140523 0.00175768 -0.00365385 -0.000729166 0.00228464
internal_weight=745 133 612 586 52 96 534
internal_count=745 133 612 586 52 96 534
is_linear=0
shrinkage=0.05


Tree=14
num_leaves=8
num_cat=0
split_feature=0 2 2 7 3 11 14
split_gain=1.07995 0.982433 0.437595 0.735249 0.471448 0.776308 0.432195
threshold=-0.042223891416062191 0.19167574197041684 -0.022204283039642388 -0.024190166677184596 0.0019682180070710324 0.0074730260687776448 -0.073802250117532039
decision_type=2 2 2 2 2 2 2
left_child=-1 2 3 4 5 -2 -4
right_child=1 -3 6 -5 -6 -7 -8
leaf_value=-0.0013118654352215942 -0.00037766778572979979 -0.00069023974094416349 -0.00045138910818019718 -0.00054498260456276027 0.00039936465199798997 0.00048378433398640934 0.00025223394409435416
leaf_weight=28 47 25 45 49 61 27 437
leaf_count=28 47 25 45 49 61 27 437
internal_value=0.000340751 0.000730825 0.0010961 -0.000978261 0.000925926 -0.00175676 0.00188797
internal_weight=719 691 666 184 135 74 482
internal_count=719 691 666 184 135 74 482
is_linear=0
shrinkage=0.05


Tree=15
num_leaves=8
num_cat=0
split_feature=9 3 7 16 12 8 2
split_gain=0.916947 0.430252 0.947886 0.5705 0.423308 0.473992 0.414461
threshold=0.023055968585156465 -0.0054963226018455149 -0.0025596754119317495 -0.013717936909542759 -0.037333173257957868 0.15262321023666517 0.070107115252552435
decision_type=8 2 2 2 2 10 2
left_child=1 2 -1 -3 -2 -6 -5
right_child=4 3 -4 6 5 -7 -8
leaf_value=-0.0025059846105937329 -0.00017379143612130605 0.00041575030236012001 0.0002787545850197099 -0.00026030444378606453 0.00025997186575763649 -0.00030627682599833344 -0.00035825477098917714
leaf_weight=39 27 36 29 106 451 27 28
leaf_count=39 27 36 29 106 451 27 28
internal_value=0.000625841 -0.00193277 -0.00529412 -0.000588235 0.00183168 0.00217573 -0.00208955
internal_weight=743 238 68 170 505 478 134
internal_count=743 238 68 170 505 478 134
is_linear=0
shrinkage=0.05


Tree=16
num_leaves=8
num_cat=0
split_feature=0 2 14 10 15 0 8
split_gain=0.987692 0.756062 0.418557 0.925958 0.528764 0.298665 0.269688
threshold=-0.046695202787219663 0.19167574197041684 -0.056340529311790281 0.0072501689697913605 0.017485060154424418 0.015114614488823121 -0.0062524192532602543
decision_type=2 2 2 2 2 2 8
left_child=-1 2 3 -2 -5 6 -4
right_child=1 -3 5 4 -6 -7 -8
leaf_value=-0.0010688098365919426 -0.0020173883856230176 -0.0006212620769568333 -2.5823047632995614e-05 0.00026282121759006781 -0.00033951653312842747 0.0002593256429643895 0.00024697327191029592
leaf_weight=25 34 30 152 48 38 99 331
leaf_count=25 34 30 152 48 38 99 331
internal_value=0.000772787 0.00110656 0.00143875 -0.00125 0.00151163 0.00199313 0.00148033
internal_weight=757 732 702 120 86 582 483
internal_count=757 732 702 120 86 582 483
is_linear=0
shrinkage=0.05


Tree=17
num_leaves=8
num_cat=0
split_feature=9 5 4 5 16 2 1
split_gain=0.915848 0.734421 0.652964 1.21009 0.568965 0.403449 0.3224
threshold=0.0082246548238862367 0.020474305426703823 0.045759227838069287 0.036647339912447126 0.0091426061591495262 0.18200967971707507 -0.0022966411204418664
decision_type=8 2 2 2 2 2 2
left_child=1 -1 6 -4 -5 -2 -3
right_child=5 2 3 4 -6 -7 -8
leaf_value=-0.00053624650579310585 0.00021173734521231686 0.00029492178529532824 -0.0014360431223437275 -0.0010391047211057382 0.00035480273863644648 -0.00055339380652739457 -0.00055210804104441325
leaf_weight=41 496 46 38 25 33 26 41
leaf_count=41 496 46 38 25 33 26 41
internal_value=0.000308311 -0.00236607 -0.00101093 -0.00385417 0.000689655 0.00145594 0.00212644
internal_weight=746 224 183 96 58 522 87
internal_count=746 224 183 96 58 522 87
is_linear=0
shrinkage=0.05


end of trees

feature_importances:
ret_1d=18
dist_ma50=18
ret_20d=11
dist_ma200=10
dvol_z_20=9
vix_chg_1d=7
sector_ret_5d=7
ret_5d=6
spy_ret_5d=6
spy_ret_20d=6
overnight_gap=5
sector_ret_1d=5
atr_pct=4
parkinson_20=4
spy_ret_1d=4
vix_level=4
dist_ma20=2

parameters:
[boosting: gbdt]
[objective: quantile]
[metric: quantile]
[tree_learner: serial]
[device_type: cpu]
[data_sample_strategy: bagging]
[data: ]
[valid: ]
[num_iterations: 80]
[learning_rate: 0.05]
[num_leaves: 8]
[num_threads: 1]
[seed: 0]
[deterministic: 0]
[force_col_wise: 1]
[force_row_wise: 0]
[histogram_pool_size: -1]
[max_depth: -1]
[min_data_in_leaf: 25]
[min_sum_hessian_in_leaf: 0.001]
[bagging_fraction: 0.9]
[pos_bagging_fraction: 1]
[neg_bagging_fraction: 1]
[bagging_freq: 1]
[bagging_seed: 3]
[bagging_by_query: 0]
[feature_fraction: 0.9]
[feature_fraction_bynode: 1]
[feature_fraction_seed: 2]
[extra_trees: 0]
[extra_seed: 6]
[early_stopping_round: 0]
[early_stopping_min_delta: 0]
[first_metric_only: 0]
[max_delta_step: 0]
[lambda_l1: 0]
[lambda_l2: 0]
[linear_lambda: 0]
[min_gain_to_split: 0]
[drop_rate: 0.1]
[max_drop: 50]
[skip_drop: 0.5]
[xgboost_dart_mode: 0]
[uniform_drop: 0]
[drop_seed: 4]
[top_rate: 0.2]
[other_rate: 0.1]
[min_data_per_group: 100]
[max_cat_threshold: 32]
[cat_l2: 10]
[cat_smooth: 10]
[max_cat_to_onehot: 4]
[top_k: 20]
[monotone_constraints: ]
[monotone_constraints_method: basic]
[monotone_penalty: 0]
[feature_contri: ]
[forcedsplits_filename: ]
[refit_decay_rate: 0.9]
[cegb_tradeoff: 1]
[cegb_penalty_split: 0]
[cegb_penalty_feature_lazy: ]
[cegb_penalty_feature_coupled: ]
[path_smooth: 0]
[interaction_constraints: ]
[verbosity: -1]
[saved_feature_importance_type: 0]
[use_quantized_grad: 0]
[num_grad_quant_bins: 4]
[quant_train_renew_leaf: 0]
[stochastic_rounding: 1]
[linear_tree: 0]
[max_bin: 255]
[max_bin_by_feature: ]
[min_data_in_bin: 3]
[bin_construct_sample_cnt: 200000]
[data_random_seed: 1]
[is_enable_sparse: 1]
[enable_bundle: 1]
[use_missing: 1]
[zero_as_missing: 0]
[feature_pre_filter: 1]
[pre_partition: 0]
[two_round: 0]
[header: 0]
[label_column: ]
[weight_column: ]
[group_column: ]
[ignore_column: ]
[categorical_feature: ]
[forcedbins_filename: ]
[precise_float_parser: 0]
[parser_config_file: ]
[objective_seed: 5]
[num_class: 1]
[is_unbalance: 0]
[scale_pos_weight: 1]
[sigmoid: 1]
[boost_from_average: 1]
[reg_sqrt: 0]
[alpha: 0.1]
[fair_c: 1]
[poisson_max_delta_step: 0.7]
[tweedie_variance_power: 1.5]
[lambdarank_truncation_level: 30]
[lambdarank_norm: 1]
[label_gain: ]
[lambdarank_position_bias_regularization: 0]
[eval_at: ]
[multi_error_top_k: 1]
[auc_mu_weights: ]
[num_machines: 1]
[local_listen_port: 12400]
[time_out: 120]
[machine_list_filename: ]
[machines: ]
[gpu_platform_id: -1]
[gpu_device_id: -1]
[gpu_device_id_list: ]
[gpu_use_dp: 0]
[num_gpu: 1]

end of parameters

pandas_categorical:[]
