tree
version=v4
num_class=1
num_tree_per_iteration=1
label_index=0
max_feature_idx=16
objective=quantile
feature_names=ret_1d ret_5d ret_20d overnight_gap atr_pct parkinson_20 dvol_z_20 dist_ma20 dist_ma50 dist_ma200 spy_ret_1d spy_ret_5d spy_ret_20d vix_level vix_chg_1d sector_ret_1d sector_ret_5d
feature_infos=[-0.26160724979041083:0.12356355194428326] [-0.27381232822928925:0.19987998472532853] [-0.28156923674499901:0.32559370039528135] [-0.14168230268673399:0.082414393499709693] [0.011375958623149622:0.057281647624952046] [0.0077439913018205967:0.031100966636149262] [-1.9769812150622144:4.270377361465056] [-0.2710059731317459:0.16098409802060765] [-0.29433883944377304:0.26752481777284687] [-0.32923596932750399:0.55340953149328986] [-0.058542947643003718:0.10501933612632941] [-0.11496158439845272:0.082843216242346029] [-0.12265592443394913:0.15756596870864792] [11.859999656677246:52.330001831054688] [-0.35753873962348437:0.74039073966007019] [-0.06285260230433054:0.088816354578251211] [-0.11675897124649115:0.08529462291702461]
tree_sizes=849 854 853 857 854 855 856 857 846 852 857 855 857 850 853

Tree=0
num_leaves=8
num_cat=0
split_feature=8 13 7 13 2 16 3
split_gain=6.25458 2.84918 3.528 1.62689 1.55281 1.57522 3.30225
threshold=0.097180412886946246 19.159999847412113 -0.002858908109723501 16.085000038146976 0.099984904721858739 -0.0088956591120029609 -0.0045746642855671307
decision_type=8 2 2 2 2 2 2
left_child=1 4 -3 -2 5 -1 -7
right_child=3 2 -4 -5 -6 6 -8
leaf_value=-0.0084140214137732976 -0.0085710089188069105 -0.0084983962588012218 -0.0089523255825042728 -0.0088508353102952249 -0.008288019057363271 -0.008770254882983863 -0.0084699286613613371
leaf_weight=107 34 73 56 85 26 32 337
leaf_count=107 34 73 56 85 26 32 337
internal_value=-0.00874478 -0.00676189 -0.0133897 -0.0192591 -0.00505872 -0.00570864 -0.00725751
internal_weight=750 631 129 119 502 476 369
internal_count=750 631 129 119 502 476 369
is_linear=0
shrinkage=1


Tree=1
num_leaves=8
num_cat=0
split_feature=5 8 7 4 14 0 16
split_gain=5.51556 3.46766 2.61553 2.13197 2.73773 1.36027 1.33513
threshold=0.01828065698414599 0.10210290297514159 -0.029265416749724934 0.045365969350620948 0.075303566395644742 -0.012565856985383593 -0.012558138379043403
decision_type=2 8 2 2 2 2 2
left_child=1 2 -1 4 6 -4 -2
right_child=3 -3 5 -5 -6 -7 -8
leaf_value=0.00023601774359121921 5.7799498317763227e-05 -0.00017759552923962471 -5.9433879796415555e-05 0.0001901294500567019 -0.00084147669840604076 7.8256295528262876e-05 -0.00020546425599604851
leaf_weight=62 26 47 48 34 29 383 105
leaf_count=62 26 47 48 34 29 383 105
internal_value=0.00027248 0.00287037 0.00410751 -0.00695876 -0.009375 0.00272622 -0.00629771
internal_weight=734 540 493 194 160 431 131
internal_count=734 540 493 194 160 431 131
is_linear=0
shrinkage=0.05


Tree=2
num_leaves=8
num_cat=0
split_feature=5 8 7 6 6 6 3
split_gain=5.15915 2.54531 2.25657 1.74463 2.87064 2.16964 1.71892
threshold=0.01828065698414599 0.10210290297514159 -0.029265416749724934 -0.64776594149789235 -0.53989045335876151 -0.82904275513131465 0.0014579038852990946
decision_type=2 8 2 2 2 2 2
left_child=1 2 -1 5 -5 -4 -2
right_child=6 -3 3 4 -6 -7 -8
leaf_value=0.00025838517246302214 -0.0004089858109946363 -0.00016850844037253406 1.8708298099227253e-05 -0.00019312677357811482 4.7855825047008741e-05 0.00025191067799460148 -0.00012458899919874967
leaf_weight=63 114 44 64 29 304 48 83
leaf_count=63 114 44 64 29 304 48 83
internal_value=-3.33778e-05 0.00244565 0.00344488 0.00219101 0.000375375 0.00758929 -0.0069797
internal_weight=749 552 508 445 333 112 197
internal_count=749 552 508 445 333 112 197
is_linear=0
shrinkage=0.05


Tree=3
num_leaves=8
num_cat=0
split_feature=4 13 2 14 1 4 10
split_gain=4.19203 2.9886 2.09741 1.87891 1.95494 1.66212 1.5943
threshold=0.02016339376899912 17.195000648498539 0.039928489993281698 -0.016820561404990383 0.023961492482726724 0.018823465854783564 0.0069471128667133461
decision_type=2 2 2 2 2 2 2
left_child=5 3 6 -2 -5 -1 -3
right_child=1 2 -4 4 -6 -7 -8
leaf_value=5.0145678734406883e-05 0.00015098320139222775 -1.7589753112406524e-05 -0.00025342927165620491 1.1477459297748374e-05 -0.00024327897884068072 0.00014989552281913346 -0.00014973312102374613
leaf_weight=244 77 125 97 69 43 49 39
leaf_count=244 77 125 97 69 43 49 39
internal_value=-0.000302826 -0.00333333 -0.00680077 0.00145503 -0.00267857 0.00435154 -0.00335366
internal_weight=743 450 261 189 112 293 164
internal_count=743 450 261 189 112 293 164
is_linear=0
shrinkage=0.05


Tree=4
num_leaves=8
num_cat=0
split_feature=8 5 7 0 4 9 13
split_gain=4.41824 3.21127 2.02206 1.88774 1.54821 1.52843 1.46017
threshold=0.097180412886946246 0.01828065698414599 -0.029265416749724934 0.013170964591481928 0.041029820964227352 -0.051764842086106148 16.355000495910648
decision_type=8 2 2 2 2 8 2
left_child=1 2 -1 4 -3 -4 -2
right_child=6 3 5 -5 -6 -7 -8
leaf_value=0.00020735512874292905 -3.5045220481697179e-06 -0.00033129806780903887 -0.00010031626031064669 0.00017783181940452783 0.00019514925391929863 6.7839589041832372e-05 -0.00023531197167045317
leaf_weight=61 40 80 35 29 28 394 79
leaf_count=61 40 80 35 29 28 394 79
internal_value=-0.000201072 0.00147528 0.00336735 -0.00529197 -0.00833333 0.00215618 -0.00903361
internal_weight=746 627 490 137 108 429 119
internal_count=746 627 490 137 108 429 119
is_linear=0
shrinkage=0.05


Tree=5
num_leaves=8
num_cat=0
split_feature=8 5 7 15 11 6 6
split_gain=4.10574 2.57942 2.79502 1.96236 1.51243 1.39901 2.25961
threshold=0.097180412886946246 0.01828065698414599 -0.029265416749724934 0.012292584911648198 0.00053834779161687784 -0.64776594149789235 -0.83701225238526211
decision_type=8 2 2 2 2 2 2
left_child=1 2 -1 5 -3 6 -4
right_child=-2 4 3 -5 -6 -7 -8
leaf_value=0.00020517792508767155 -0.00020535123141785509 -0.00039501121147966122 -1.3377098657758272e-05 0.00015676467376750955 -5.5953049881173059e-06 -2.8739350743955605e-05 0.00019607585249458502
leaf_weight=63 116 69 61 30 68 286 44
leaf_count=63 116 69 61 30 68 286 44
internal_value=-0.000848033 0.000764895 0.00247934 0.0010095 -0.00529197 6.39386e-05 0.005
internal_weight=737 621 484 421 137 391 105
internal_count=737 621 484 421 137 391 105
is_linear=0
shrinkage=0.05


Tree=6
num_leaves=8
num_cat=0
split_feature=9 14 8 12 6 15 9
split_gain=4.18061 3.36225 2.77796 2.31309 2.66678 2.19308 1.86929
threshold=0.24595523116684051 0.11068884178819839 0.094966952628692161 0.041391549965092096 0.089368535793879919 0.0011481138845331753 -0.051764842086106148
decision_type=10 2 8 2 2 2 8
left_child=1 2 3 6 5 -5 -1
right_child=-2 -3 -4 4 -6 -7 -8
leaf_value=-3.5185779173766295e-05 -0.00023668403812500979 -0.00021912628626325967 -8.365492550158651e-05 0.00019274465979532909 -0.00032761871265777373 -3.7824290615486817e-05 0.00012280738863108633
leaf_weight=85 127 45 69 37 33 47 303
leaf_count=85 127 45 69 37 33 47 303
internal_value=-0.000201072 0.00149435 0.00252613 0.00381188 -0.00235043 0.00238095 0.0056701
internal_weight=746 619 574 505 117 84 388
internal_count=746 619 574 505 117 84 388
is_linear=0
shrinkage=0.05


Tree=7
num_leaves=8
num_cat=0
split_feature=5 2 14 8 7 15 14
split_gain=3.81638 2.23457 2.19193 1.64508 1.66076 1.71867 1.45928
threshold=0.01828065698414599 -0.16037695860212578 0.11068884178819839 0.10775343794920735 -0.029265416749724934 0.012292584911648198 0.022797718540964799
decision_type=2 2 2 8 2 2 2
left_child=2 -2 3 4 -1 6 -6
right_child=1 -3 -4 -5 5 -7 -8
leaf_value=0.00014989248057391822 0.00020098537770421189 -0.00029889952961686559 -0.00014817648186557115 -0.0001029432287714762 -1.6343243843676546e-05 0.00015079879242826727 0.00013989725687128061
leaf_weight=60 33 168 30 40 278 33 103
leaf_count=60 33 168 30 40 278 33 103
internal_value=-0.000704698 -0.00659204 0.00147059 0.00223735 0.00305907 0.00193237 0.000984252
internal_weight=745 201 544 514 474 414 381
internal_count=745 201 544 514 474 414 381
is_linear=0
shrinkage=0.05


Tree=8
num_leaves=8
num_cat=0
split_feature=13 2 15 0 14 14 3
split_gain=3.08194 3.29817 2.43712 2.97396 1.92364 1.50587 2.1223
threshold=17.164999961853031 0.060041737088898935 0.0070500479129206326 0.0049743870697778201 -0.04578454363779693 -0.008595690120394071 0.0014579038852990946
decision_type=2 2 2 2 2 2 2
left_child=2 -2 3 5 -3 -1 -7
right_child=1 4 -4 -5 -6 6 -8
leaf_value=0.00014421748095879374 -9.7558704491619314e-06 -2.7125101884591369e-05 0.00018517177511812442 -9.0686359425467883e-05 -0.00033977614377974253 -5.8811742223276875e-05 0.00017447625270501193
leaf_weight=94 246 25 108 94 55 95 47
leaf_count=94 246 25 108 94 55 95 47
internal_value=0 -0.00368098 0.00273973 0.000606061 -0.0125 0.00360169 0.000352113
internal_weight=764 326 438 330 80 236 142
internal_count=764 326 438 330 80 236 142
is_linear=0
shrinkage=0.05


Tree=9
num_leaves=8
num_cat=0
split_feature=5 14 14 0 5 15 4
split_gain=2.94792 1.70078 2.0862 2.01727 1.97037 1.7996 1.45347
threshold=0.01828065698414599 -0.03897851358283843 -0.056925165822572281 0.0042505916658949214 0.014866274680807218 0.0070500479129206326 0.045564756504784906
decision_type=2 2 2 2 2 2 2
left_child=1 2 4 -3 -1 -5 -2
right_child=6 3 -4 5 -6 -7 -8
leaf_value=-0.00016824218776390087 -0.00025482053548997604 3.1929876656208982e-05 0.00017765803072484335 -8.7025969063258147e-05 0.00021405829442457697 0.00011797482048957262 0.00017135110200085926
leaf_weight=46 167 279 54 87 29 47 35
leaf_count=46 167 279 54 87 29 47 35
internal_value=-0.000537634 0.00138376 0.00639535 -0.000181598 0.001 -0.00522388 -0.00569307
internal_weight=744 542 129 413 75 134 202
internal_count=744 542 129 413 75 134 202
is_linear=0
shrinkage=0.05


Tree=10
num_leaves=8
num_cat=0
split_feature=8 5 4 7 5 9 11
split_gain=3.03057 1.95218 1.82136 1.69632 1.58818 1.43555 1.32811
threshold=0.097180412886946246 0.01828065698414599 0.045365969350620948 -0.029265416749724934 0.01349997859391844 -0.046672344024973715 0.0077476291069551459
decision_type=8 2 2 2 2 8 2
left_child=1 3 -3 4 -1 -5 -7
right_child=-2 2 -4 5 -6 6 -8
leaf_value=0.0001051537167315945 -0.00012680393721887351 -0.00014715580661816405 0.00023936333975585383 -9.2812202251115058e-05 0.00020620677205054373 -2.3949086483197881e-06 9.2663149534427325e-05
leaf_weight=40 122 106 26 40 27 201 187
leaf_count=40 122 106 26 40 27 201 187
internal_value=-0.000166889 0.00123604 -0.00416667 0.00267677 0.0100746 0.00151869 0.00244845
internal_weight=749 627 132 495 67 428 388
internal_count=749 627 132 495 67 428 388
is_linear=0
shrinkage=0.05


Tree=11
num_leaves=8
num_cat=0
split_feature=5 14 16 9 0 12 9
split_gain=2.3305 1.58504 1.96923 2.13693 1.83119 1.4136 1.26571
threshold=0.01828065698414599 -0.037778052319122728 -0.0065187610014357236 -0.028477907291885093 0.0049743870697778201 0.04572357186415122 0.08871370727039031
decision_type=2 2 2 10 2 2 8
left_child=1 2 -1 -4 -3 6 -6
right_child=-2 4 3 -5 5 -7 -8
leaf_value=-4.3276942727587221e-05 -0.00013395325386872972 4.7211722463732196e-05 6.58442503585939e-07 0.00019548941833711977 -1.4686649459627372e-05 0.00013221248013525459 -9.677065564876378e-05
leaf_weight=34 195 293 41 62 38 29 55
leaf_count=34 195 293 41 62 38 29 55
internal_value=-0.000301205 0.0013587 0.0060219 0.00946602 -0.000180723 -0.00532787 -0.00833333
internal_weight=747 552 137 103 415 122 93
internal_count=747 552 137 103 415 122 93
is_linear=0
shrinkage=0.05


Tree=12
num_leaves=8
num_cat=0
split_feature=4 13 8 9 0 5 3
split_gain=3.43612 2.55367 1.94279 1.64944 1.64739 1.50123 1.48946
threshold=0.0204288883424734 15.574999809265138 0.048828342199984338 -0.25161708923154391 -0.0029577854982140157 0.019372097937732792 0.0026879723612232014
decision_type=2 2 8 10 2 2 2
left_child=-1 6 3 -3 -4 -6 -2
right_child=1 2 4 -5 5 -7 -8
leaf_value=6.2934000457631319e-05 -5.7822380128981155e-06 0.00016085244428413971 -0.00023626515210563821 -8.7662911339322057e-05 -0.00023348124733950802 3.5315614381763783e-05 0.0001974860866331715
leaf_weight=292 43 52 60 147 54 48 38
leaf_count=292 43 52 60 147 54 48 38
internal_value=-0.000613079 -0.00339367 -0.00519391 -0.00188442 -0.00925926 -0.00539216 0.00462963
internal_weight=734 442 361 199 162 102 81
internal_count=734 442 361 199 162 102 81
is_linear=0
shrinkage=0.05


Tree=13
num_leaves=8
num_cat=0
split_feature=13 8 13 8 15 4 1
split_gain=2.79163 1.95876 2.91717 1.76286 1.73027 1.62088 1.25656
threshold=19.159999847412113 0.097180412886946246 16.355000495910648 0.018998375929886294 0.012292584911648198 0.039593164902472527 -0.0071144882673533352
decision_type=2 8 2 8 2 2 2
left_child=1 4 -3 -2 -1 6 -5
right_child=3 2 -4 5 -6 -7 -8
leaf_value=2.3530916888064987e-05 -2.7399720283610967e-06 6.1517481827573365e-05 -0.00042769004721093345 -0.0003342575243757373 0.00016671532387487921 0.00010539002751764389 -0.00016135112449544315
leaf_weight=467 74 36 30 30 34 25 49
leaf_count=467 74 36 30 30 34 25 49
internal_value=-0.000436242 0.00127866 -0.00681818 -0.00589888 0.00234531 -0.0100962 -0.0136076
internal_weight=745 567 66 178 501 104 79
internal_count=745 567 66 178 501 104 79
is_linear=0
shrinkage=0.05


Tree=14
num_leaves=8
num_cat=0
split_feature=13 1 1 8 8 12 3
split_gain=2.56984 2.09877 1.87795 1.88036 1.52825 1.33921 1.96376
threshold=19.010000228881839 0.0066176001210885857 -0.012520786164291196 0.018998375929886294 0.097180412886946246 0.049504484069908934 0.00032543972803600335
decision_type=2 2 2 8 8 2 2
left_child=4 2 3 -2 5 -1 -7
right_child=1 -3 -4 -5 -6 6 -8
leaf_value=6.5617118069339521e-05 1.4795882262777527e-05 -0.00025820256693587907 0.00011414683513040984 -0.00024082575362991646 -0.00013456357315392225 -0.00014893437742428224 9.2518407684976433e-05
leaf_weight=407 52 69 31 28 66 31 35
leaf_count=407 52 69 31 28 66 31 35
internal_value=-0.00066064 -0.00583333 -0.00157658 -0.005625 0.00106679 0.00206131 -0.00454545
internal_weight=719 180 111 80 539 473 66
internal_count=719 180 111 80 539 473 66
is_linear=0
shrinkage=0.05


end of trees

feature_importances:
dist_ma50=13
parkinson_20=11
vix_chg_1d=10
vix_level=9
atr_pct=8
dist_ma20=7
dist_ma200=7
ret_1d=6
dvol_z_20=6
sector_ret_1d=6
overnight_gap=5
ret_5d=4
ret_20d=4
spy_ret_20d=3
sector_ret_5d=3
spy_ret_5d=2
spy_ret_1d=1

parameters:
[boosting: gbdt]
[objective: quantile]
[metric: quantile]
[tree_learner: serial]
[device_type: cpu]
[data_sample_strategy: bagging]
[data: ]
[valid: ]
[num_iterations: 80]
[learning_rate: 0.05]
[num_leaves: 8]
[num_threads: 1]
[seed: 0]
[deterministic: 0]
[force_col_wise: 1]
[force_row_wise: 0]
[histogram_pool_size: -1]
[max_depth: -1]
[min_data_in_leaf: 25]
[min_sum_hessian_in_leaf: 0.001]
[bagging_fraction: 0.9]
[pos_bagging_fraction: 1]
[neg_bagging_fraction: 1]
[bagging_freq: 1]
[bagging_seed: 3]
[bagging_by_query: 0]
[feature_fraction: 0.9]
[feature_fraction_bynode: 1]
[feature_fraction_seed: 2]
[extra_trees: 0]
[extra_seed: 6]
[early_stopping_round: 0]
[early_stopping_min_delta: 0]
[first_metric_only: 0]
[max_delta_step: 0]
[lambda_l1: 0]
[lambda_l2: 0]
[linear_lambda: 0]
[min_gain_to_split: 0]
[drop_rate: 0.1]
[max_drop: 50]
[skip_drop: 0.5]
[xgboost_dart_mode: 0]
[uniform_drop: 0]
[drop_seed: 4]
[top_rate: 0.2]
[other_rate: 0.1]
[min_data_per_group: 100]
[max_cat_threshold: 32]
[cat_l2: 10]
[cat_smooth: 10]
[max_cat_to_onehot: 4]
[top_k: 20]
[monotone_constraints: ]
[monotone_constraints_method: basic]
[monotone_penalty: 0]
[feature_contri: ]
[forcedsplits_filename: ]
[refit_decay_rate: 0.9]
[cegb_tradeoff: 1]
[cegb_penalty_split: 0]
[cegb_penalty_feature_lazy: ]
[cegb_penalty_feature_coupled: ]
[path_smooth: 0]
[interaction_constraints: ]
[verbosity: -1]
[saved_feature_importance_type: 0]
[use_quantized_grad: 0]
[num_grad_quant_bins: 4]
[quant_train_renew_leaf: 0]
[stochastic_rounding: 1]
[linear_tree: 0]
[max_bin: 255]
[max_bin_by_feature: ]
[min_data_in_bin: 3]
[bin_construct_sample_cnt: 200000]
[data_random_seed: 1]
[is_enable_sparse: 1]
[enable_bundle: 1]
[use_missing: 1]
[zero_as_missing: 0]
[feature_pre_filter: 1]
[pre_partition: 0]
[two_round: 0]
[header: 0]
[label_column: ]
[weight_column: ]
[group_column: ]
[ignore_column: ]
[categorical_feature: ]
[forcedbins_filename: ]
[precise_float_parser: 0]
[parser_config_file: ]
[objective_seed: 5]
[num_class: 1]
[is_unbalance: 0]
[scale_pos_weight: 1]
[sigmoid: 1]
[boost_from_average: 1]
[reg_sqrt: 0]
[alpha: 0.5]
[fair_c: 1]
[poisson_max_delta_step: 0.7]
[tweedie_variance_power: 1.5]
[lambdarank_truncation_level: 30]
[lambdarank_norm: 1]
[label_gain: ]
[lambdarank_position_bias_regularization: 0]
[eval_at: ]
[multi_error_top_k: 1]
[auc_mu_weights: ]
[num_machines: 1]
[local_listen_port: 12400]
[time_out: 120]
[machine_list_filename: ]
[machines: ]
[gpu_platform_id: -1]
[gpu_device_id: -1]
[gpu_device_id_list: ]
[gpu_use_dp: 0]
[num_gpu: 1]

end of parameters

pandas_categorical:[]
