tree
version=v4
num_class=1
num_tree_per_iteration=1
label_index=0
max_feature_idx=16
objective=quantile
feature_names=ret_1d ret_5d ret_20d overnight_gap atr_pct parkinson_20 dvol_z_20 dist_ma20 dist_ma50 dist_ma200 spy_ret_1d spy_ret_5d spy_ret_20d vix_level vix_chg_1d sector_ret_1d sector_ret_5d
feature_infos=[-0.0475376728289576:0.08408768677064038] [-0.081403876375065409:0.093922651933701751] [-0.1128028597908115:0.14985451018428697] [-0.066575154426904537:0.047169811320754818] [0.012289020358447898:0.037101017464895907] [0.007975555667065341:0.02066945352957569] [-2.1730217768019711:3.9754344199243077] [-0.07477941510319186:0.090168958029100521] [-0.10615853842787226:0.12629031631891552] [-0.099551864600655793:0.20281697758239026] [-0.058542947643003718:0.10501933612632941] [-0.11496158439845272:0.082843216242346029] [-0.12265592443394913:0.15756596870864792] [11.859999656677246:52.330001831054688] [-0.35753873962348437:0.74039073966007019] [-0.060397403108400582:0.10888057162300102] [-0.11617882919005618:0.10060180541624875]
tree_sizes=846 854 854 859 854 862 864 861 861 858 855 868 848 860 854 853 860 859 853 863 856 857 845 844 848 860 857 850 861 859 862 868 851 860 854 859 866 840 853 855 850 846 862 859 850 852 865 857 862 859 851 842 861 855 861 859 850 860 860 861 853 862 851 855 858 862 857 857 845 867 857 859 855 856 856 856

Tree=0
num_leaves=8
num_cat=0
split_feature=9 13 6 1 2 3 8
split_gain=3.35154 2.27554 1.97611 1.79626 3.38162 1.76847 1.5111
threshold=-1.0000000180025095e-35 16.469999313354496 -0.20659638098049385 0.02639843341010906 0.0027747327275544635 -0.0020718101948364316 0.036322762520594638
decision_type=8 2 2 2 2 2 10
left_child=1 -1 6 4 5 -4 -2
right_child=2 -3 3 -5 -6 -7 -8
leaf_value=-0.0067195812589488924 -0.006718736607581377 -0.0069882941432297232 -0.00688882393296808 -0.0066941732773557307 -0.0069093395490199324 -0.0066561551531776784 -0.0066391488304361704
leaf_weight=34 209 80 26 82 131 69 119
leaf_count=34 209 80 26 82 131 69 119
internal_value=-0.00675105 -0.0146458 -0.00533596 -0.00821209 -0.0105121 -0.00333 -0.0026352
internal_weight=750 114 636 308 226 95 328
internal_count=750 114 636 308 226 95 328
is_linear=0
shrinkage=1


Tree=1
num_leaves=8
num_cat=0
split_feature=13 13 9 9 10 1 12
split_gain=2.48238 2.65599 2.4363 3.26954 2.32616 2.03469 1.75607
threshold=15.355000019073488 13.34500026702881 0.024856259743588075 0.090100316999292343 0.0057158340565321994 -0.0028304895019058414 0.035783081956657366
decision_type=2 2 8 10 2 2 2
left_child=1 4 -2 -4 5 -1 -3
right_child=2 6 3 -5 -6 -7 -8
leaf_value=0.00013415000517852605 -0.00014725460496265442 7.2362943901680419e-05 4.0175246540456996e-05 -0.00013625240651890638 -0.00015406378224724904 -2.9798124742228549e-05 0.00016321105649694801
leaf_weight=28 97 120 229 147 26 38 49
leaf_count=28 97 120 229 147 26 38 49
internal_value=0.00020436 0.00411877 -0.0019556 -0.000132979 -0.00271739 0.00227273 0.00784024
internal_weight=734 261 473 376 92 66 169
internal_count=734 261 473 376 92 66 169
is_linear=0
shrinkage=0.05


Tree=2
num_leaves=8
num_cat=0
split_feature=13 14 16 6 1 1 6
split_gain=2.94433 2.72209 2.14215 1.86069 1.80658 1.99553 1.66894
threshold=20.714999198913578 0.090336443973437111 -0.041525773113825097 -1.2412780232164309 0.02639843341010906 0.033685443356030749 0.059073658990775886
decision_type=2 2 2 2 2 2 2
left_child=1 3 -2 -1 6 -6 -5
right_child=2 -3 -4 4 5 -7 -8
leaf_value=0.00011312338442075999 3.1453285249881433e-05 0.00020535669833770956 -0.0001974682821746683 3.0991822713986091e-06 0.00017983222230395771 9.4263654027600119e-06 -0.0001299402825388825
leaf_weight=31 25 34 86 279 35 87 172
leaf_count=31 25 34 86 279 35 87 172
internal_value=-0.000367156 0.000940439 -0.00788288 0.000165563 -0.00047993 0.00491803 -0.00194013
internal_weight=749 638 111 604 573 122 451
internal_count=749 638 111 604 573 122 451
is_linear=0
shrinkage=0.05


Tree=3
num_leaves=8
num_cat=0
split_feature=9 8 9 13 0 3 3
split_gain=3.02773 2.59226 2.32501 2.47257 1.96681 2.25813 1.90108
threshold=-1.0000000180025095e-35 -0.0030363989239992058 0.090100316999292343 21.82499980926514 -0.010161244551664282 0.000716376063434221 -0.0035994035218639415
decision_type=8 10 10 2 2 2 2
left_child=1 4 -2 6 -1 -6 -4
right_child=2 -3 3 -5 5 -7 -8
leaf_value=-0.00018122967880990475 5.5142124942358348e-05 -0.00026076335545585611 -0.0001422499931046332 -0.00037124749687573061 5.4758991798007613e-05 -0.00011543423513212476 3.6504742138640738e-05
leaf_weight=25 392 26 35 37 36 26 166
leaf_count=25 392 26 35 37 36 26 166
internal_value=0.000235532 -0.00730088 0.0015873 -0.00231092 -0.00316092 0.0016129 -0.000124378
internal_weight=743 113 630 238 87 62 201
internal_count=743 113 630 238 87 62 201
is_linear=0
shrinkage=0.05


Tree=4
num_leaves=8
num_cat=0
split_feature=13 9 1 15 14 6 16
split_gain=2.47051 2.43158 2.38913 2.74198 2.0532 1.99482 2.1866
threshold=16.73499965667725 0.031566691741424353 0.02639843341010906 0.0060763026372333559 0.023814289245349455 0.44927127949008266 -0.0077843234362240934
decision_type=2 8 2 2 2 2 2
left_child=2 4 3 -1 -2 6 -3
right_child=1 5 -4 -5 -6 -7 -8
leaf_value=7.1413328008093223e-05 -0.00021794620308002779 9.2562996726955988e-05 9.6047207774136028e-05 -7.3454556750330143e-05 -6.3365765302660783e-06 -0.00017967832756450667 -7.5952631270156476e-05
leaf_weight=210 55 91 75 99 37 76 103
leaf_count=210 55 91 75 99 37 76 103
internal_value=0.000201072 -0.00276243 0.00299479 0.00105178 -0.00978261 -0.00037037 0.00231959
internal_weight=746 362 384 309 92 270 194
internal_count=746 362 384 309 92 270 194
is_linear=0
shrinkage=0.05


Tree=5
num_leaves=8
num_cat=0
split_feature=5 9 3 14 15 9 3
split_gain=2.05861 1.83655 1.71738 1.69016 1.64432 1.46468 1.41732
threshold=0.013599009560595855 0.16434931137022893 -0.0027637775077575806 -0.01013918808565367 0.0082082228224282811 0.022139887596231759 -0.00067108144167177242
decision_type=2 10 2 2 2 8 2
left_child=1 2 -1 4 -2 -5 -4
right_child=3 -3 6 5 -6 -7 -8
leaf_value=-3.9688196225937676e-05 -0.00030449528972483137 -0.00023655961554529682 0.00015379297873415092 -0.00013084752758898871 -0.00011305690122405759 4.6250944689296346e-05 1.7861403850125461e-05
leaf_weight=127 35 32 78 36 30 41 358
leaf_count=127 35 32 78 36 30 41 358
internal_value=-0.000576662 0.000714286 0.00137655 -0.00598592 -0.0119231 -0.000974026 0.00286697
internal_weight=737 595 563 142 65 77 436
internal_count=737 595 563 142 65 77 436
is_linear=0
shrinkage=0.05


Tree=6
num_leaves=8
num_cat=0
split_feature=9 3 0 9 2 14 2
split_gain=2.20255 2.10876 2.11648 2.02501 1.91611 1.73641 2.02634
threshold=-1.0000000180025095e-35 -0.0023730314479225019 0.00069128229439086042 0.046303435696618885 0.095714386593202319 0.090336443973437111 0.059031082064487157
decision_type=8 2 2 8 2 2 2
left_child=-1 3 5 -2 -4 6 -3
right_child=1 2 4 -5 -6 -7 -8
leaf_value=-8.9257492370295092e-05 0.000190124396050596 3.0906139886287963e-05 6.7909407193157346e-06 -0.00012518464960709967 -0.00033909630792191593 0.00014587795507767188 7.8207207481721059e-05
leaf_weight=116 25 139 253 130 28 25 30
leaf_count=116 25 139 253 130 28 25 30
internal_value=-0.000134048 0.00103175 0.00268421 -0.00403226 -8.8968e-05 0.00670103 0.00488166
internal_weight=746 630 475 155 281 194 169
internal_count=746 630 475 155 281 194 169
is_linear=0
shrinkage=0.05


Tree=7
num_leaves=8
num_cat=0
split_feature=5 6 10 1 0 15 15
split_gain=1.87172 1.78296 1.72438 2.32722 1.75181 2.6545 1.83132
threshold=0.013655228919016127 -1.2412780232164309 -0.004502832663512756 0.02639843341010906 -0.010783698689626418 0.0052343310807760899 -0.0068422459347438616
decision_type=2 2 2 2 2 2 2
left_child=1 -1 -3 4 -4 6 -6
right_child=-2 2 3 -5 5 -7 -8
leaf_value=9.7463091741650719e-05 -0.00012667630072431325 8.7009667680207204e-05 -0.00013162624476893765 6.2022279900853089e-05 -0.00019954044019848775 -9.9863305345053444e-05 8.0896051533675825e-05
leaf_weight=30 142 124 53 94 32 127 143
leaf_count=30 142 124 53 94 32 127 143
internal_value=0.000234899 0.00145108 0.00082897 -0.000612472 -0.00246479 -0.000993377 0.003
internal_weight=745 603 573 449 355 302 175
internal_count=745 603 573 449 355 302 175
is_linear=0
shrinkage=0.05


Tree=8
num_leaves=8
num_cat=0
split_feature=13 14 0 10 0 11 10
split_gain=2.10584 2.26821 1.94448 1.66838 1.6032 1.82842 1.64396
threshold=20.714999198913578 0.083812216488613714 -0.02012790042057477 0.013844787315234976 0.009101267151562344 0.026483483019392965 0.00097855070405028521
decision_type=2 2 2 2 2 2 2
left_child=1 2 -1 4 5 6 -4
right_child=-2 -3 3 -5 -6 -7 -8
leaf_value=-0.00016271026460155564 -0.00011585700021000093 0.00015727240901026651 6.8005814229089382e-05 0.00014378202789555339 -0.00010556899768530899 0.0001290315710491884 -1.5703965257184324e-05
leaf_weight=25 113 41 211 29 130 34 181
leaf_count=25 113 41 211 29 130 34 181
internal_value=0.000327225 0.00142089 0.000655738 0.00123932 0.000629496 0.00211268 0.00114796
internal_weight=764 651 610 585 556 426 392
internal_count=764 651 610 585 556 426 392
is_linear=0
shrinkage=0.05


Tree=9
num_leaves=8
num_cat=0
split_feature=13 11 13 16 13 3 14
split_gain=2.04846 2.10226 2.69074 2.82741 2.04816 1.84228 2.08034
threshold=15.464999675750734 0.0032511788494672404 20.714999198913578 -0.037418260283030462 13.34500026702881 -1.0000000180025095e-35 -0.021011062487688355
decision_type=2 2 2 2 2 2 2
left_child=4 2 -2 -4 5 -1 -7
right_child=1 -3 3 -5 -6 6 -8
leaf_value=0.00013520430243058349 5.4088708476618051e-05 -0.00011727220844506359 4.8771164747663616e-05 -0.00015724515414949263 7.1298975498023566e-05 -0.0001706678413205509 -8.6821961047451642e-07
leaf_weight=35 177 213 25 52 183 25 34
leaf_count=35 177 213 25 52 183 25 34
internal_value=-6.72043e-05 -0.00208779 0.000984252 -0.00681818 0.00333935 -0.00265957 -0.00805085
internal_weight=744 467 254 77 277 94 59
internal_count=744 467 254 77 277 94 59
is_linear=0
shrinkage=0.05


Tree=10
num_leaves=8
num_cat=0
split_feature=6 10 5 3 6 9 12
split_gain=2.42005 2.35182 2.11844 2.45761 1.52553 1.65704 1.83595
threshold=0.41502103515968558 -0.011231004293396683 0.01478539877567993 -0.0047659445400880509 0.70378669319096498 0.087303212419722512 0.022797262083818274
decision_type=2 2 2 2 2 10 2
left_child=1 -1 3 -3 -2 6 -6
right_child=4 2 -4 -5 5 -7 -8
leaf_value=0.00022870317594249746 -0.00024494718479717721 -0.00010711317634136235 -0.00012922151863712226 5.9432287141823058e-05 -9.8583512699949432e-05 -0.00016771431152809492 9.8429658296369946e-05
leaf_weight=34 50 48 65 398 51 58 45
leaf_count=34 50 48 65 398 51 58 45
internal_value=0.000233645 0.00197248 0.00112524 0.00235426 -0.00441176 -0.00194805 0.00208333
internal_weight=749 545 511 446 204 154 96
internal_count=749 545 511 446 204 154 96
is_linear=0
shrinkage=0.05


Tree=11
num_leaves=8
num_cat=0
split_feature=6 1 10 1 15 16 14
split_gain=1.43728 2.18522 1.37948 1.54783 1.72898 1.76381 2.48196
threshold=-0.60739099193388657 -0.0089297223555398469 -0.0052693175336530054 0.02639843341010906 0.018938777331082627 -0.0020519121740447117 0.031770832380203846
decision_type=2 2 2 2 2 2 2
left_child=1 -1 -2 4 5 -4 -7
right_child=2 -3 3 -5 -6 6 -8
leaf_value=-5.9625398198034922e-05 6.3237350141730108e-05 6.6914395113545225e-05 -0.0001802094621924504 3.1068874246204924e-05 -0.00019844699262936869 1.2008638176234542e-05 -0.0002833262027016637
leaf_weight=63 114 153 101 97 25 166 28
leaf_count=63 114 153 101 97 25 166 28
internal_value=3.34672e-05 0.00347222 -0.00136535 -0.00269784 -0.004375 -0.00330508 -0.000515464
internal_weight=747 216 531 417 320 295 194
internal_count=747 216 531 417 320 295 194
is_linear=0
shrinkage=0.05


Tree=12
num_leaves=8
num_cat=0
split_feature=13 4 15 1 6 1 16
split_gain=1.87631 1.66994 1.78961 2.62183 1.96174 1.54565 1.39942
threshold=15.355000019073488 0.019450234681962598 0.0060763026372333559 -0.017029645506272947 -0.60196167923647692 0.012318857948273922 -0.038349929538350251
decision_type=2 2 2 2 2 2 2
left_child=1 2 3 -1 -5 -4 -2
right_child=6 -3 5 4 -6 -7 -8
leaf_value=0.00020020968389308357 6.979327335435166e-05 0.00013176904058084574 -0.00025867690628533216 6.8563462869269091e-05 -3.359613363014978e-05 4.4888171926924745e-05 -5.054791401191781e-05
leaf_weight=25 46 60 31 33 80 25 434
leaf_count=25 46 60 31 33 80 25 434
internal_value=6.81199e-05 0.00354331 0.00128866 0.00434783 0.00110619 -0.00625 -0.00177083
internal_weight=734 254 194 138 113 56 480
internal_count=734 254 194 138 113 56 480
is_linear=0
shrinkage=0.05


Tree=13
num_leaves=8
num_cat=0
split_feature=13 12 10 14 0 3 4
split_gain=1.67759 1.42056 1.74079 1.48429 1.3971 2.37863 2.06009
threshold=22.270000457763675 0.066825608086901869 0.013844787315234976 0.090336443973437111 0.010369515030079436 -0.00313327980496042 0.019266937995887363
decision_type=2 2 2 2 2 2 2
left_child=1 2 3 4 5 6 -1
right_child=-2 -3 -4 -5 -6 -7 -8
leaf_value=-0.00018346064599085272 -0.00011346569624024117 -0.00010305610937627339 0.00011279915702774115 0.00016028414637329604 -0.00013167195143869685 3.6897014592122537e-05 9.416853609332896e-06
leaf_weight=58 82 33 26 44 108 337 57
leaf_count=58 82 33 26 44 108 337 57
internal_value=-0.00057047 0.000263952 0.000793651 0.000248344 -0.000446429 0.000774336 -0.00543478
internal_weight=745 663 630 604 560 452 115
internal_count=745 663 630 604 560 452 115
is_linear=0
shrinkage=0.05


Tree=14
num_leaves=8
num_cat=0
split_feature=5 1 14 1 15 6 16
split_gain=2.00182 1.60065 2.48725 1.97528 1.85036 1.7976 1.53486
threshold=0.015171555133854429 0.02639843341010906 0.083812216488613714 0.033685443356030749 0.0047766345573297961 0.059073658990775886 0.011336996219966757
decision_type=2 2 2 2 2 2 2
left_child=1 2 5 -3 -5 -1 -7
right_child=-2 3 -4 4 -6 6 -8
leaf_value=5.827580720077757e-06 -0.00020792859140540397 0.00018494239308649207 0.00011367501279484218 -0.0001488372386577082 9.9876081015820887e-05 -2.2193937368444538e-05 -0.00014467751902249353
leaf_weight=309 66 37 48 53 40 99 67
leaf_count=309 66 37 48 53 40 99 67
internal_value=-3.47705e-05 0.000803982 -0.00043021 0.00576923 0.00188172 -0.00152632 -0.00572289
internal_weight=719 653 523 130 93 475 166
internal_count=719 653 523 130 93 475 166
is_linear=0
shrinkage=0.05


Tree=15
num_leaves=8
num_cat=0
split_feature=13 16 14 1 1 1 13
split_gain=4.08866 2.2326 1.41701 1.82184 2.03291 1.39494 1.30859
threshold=20.659999847412113 -0.043004901692548163 0.083812216488613714 0.02639843341010906 0.038355603712632143 0.021967333033458217 15.464999675750734
decision_type=2 2 2 2 2 2 2
left_child=2 -2 3 5 -5 6 -1
right_child=1 -3 -4 4 -6 -7 -8
leaf_value=3.8116212140038804e-05 6.799814895761749e-05 -0.00017272829782276778 0.00012517239984862632 0.00017569527343216747 5.2214712169717379e-06 -0.00018299600555200435 -5.6348134176810325e-05
leaf_weight=194 25 88 40 55 67 28 246
leaf_count=194 25 88 40 55 67 28 246
internal_value=0.000572005 -0.00818584 0.00214286 0.00152542 0.00696721 0.000106838 0.000795455
internal_weight=743 113 630 590 122 468 440
internal_count=743 113 630 590 122 468 440
is_linear=0
shrinkage=0.05


Tree=16
num_leaves=8
num_cat=0
split_feature=13 16 1 8 15 15 13
split_gain=2.80694 1.93395 1.56652 2.34165 1.52649 2.49961 1.52016
threshold=16.73499965667725 -0.033326351141272907 -0.027690388155772235 -0.016880124182815755 0.0060763026372333559 0.014014611333162287 22.730000495910648
decision_type=2 2 2 8 2 2 2
left_child=4 -2 -3 -4 -1 -6 -5
right_child=1 2 3 6 5 -7 -8
leaf_value=6.6580626354191931e-05 6.4258004909940232e-05 -0.00015559852902564749 0.00012317400099788619 -6.9678113358457637e-05 -3.8323237168744136e-05 0.00011465355871450385 -0.00024900490901364457
leaf_weight=256 57 46 43 198 84 47 26
leaf_count=256 57 46 43 198 84 47 26
internal_value=0.00122193 -0.00189189 -0.0034345 -0.00196629 0.00419897 -0.00019084 -0.00401786
internal_weight=757 370 313 267 387 131 224
internal_count=757 370 313 267 387 131 224
is_linear=0
shrinkage=0.05


Tree=17
num_leaves=8
num_cat=0
split_feature=4 9 8 7 14 6 2
split_gain=1.81483 1.33193 1.3692 2.06808 1.65275 1.41898 1.36221
threshold=0.026377866484364316 0.15423005565186446 0.048507981671634288 0.055633263723060218 0.099742575354610077 -1.2412780232164309 0.0062893451135779274
decision_type=2 10 10 2 2 2 2
left_child=1 2 4 -4 5 -1 -7
right_child=-2 -3 3 -5 -6 6 -8
leaf_value=9.858838394541867e-05 -0.00016472380615184252 -7.185944597768919e-05 4.8985059900021662e-05 -0.00025286207468129036 9.7282960157548705e-05 1.9690628362528923e-05 -6.8641674782040854e-05
leaf_weight=25 50 50 109 25 45 263 179
leaf_count=25 50 50 109 25 45 263 179
internal_value=0.000201072 0.000862069 0.00147059 0.00597015 0.000292969 -0.000588865 -0.00124434
internal_weight=746 696 646 134 512 467 442
internal_count=746 696 646 134 512 467 442
is_linear=0
shrinkage=0.05


Tree=18
num_leaves=8
num_cat=0
split_feature=13 4 15 4 9 1 9
split_gain=1.46588 1.84801 1.89879 1.32396 1.29766 1.91388 1.82435
threshold=15.425000190734865 0.019225538588411768 0.0041376791936910138 0.014960430411297744 0.13498749214658126 0.026616836266139091 0.024856259743588075
decision_type=2 2 2 2 10 2 8
left_child=1 2 -1 -2 6 -6 -5
right_child=3 -3 -4 4 5 -7 -8
leaf_value=5.178489910595652e-05 0.00016012498300392439 0.00010257220341787433 -2.53741675246976e-05 -0.00011334430178510926 -0.00015414070190381695 3.4132296144004154e-05 2.8844725499889274e-05
leaf_weight=119 29 70 79 99 37 28 292
leaf_count=119 29 70 79 99 37 28 292
internal_value=0.000763612 0.00373134 0.00126263 -0.000876289 -0.00153509 -0.00807692 -0.00044757
internal_weight=753 268 198 485 456 65 391
internal_count=753 268 198 485 456 65 391
is_linear=0
shrinkage=0.05


Tree=19
num_leaves=8
num_cat=0
split_feature=1 1 11 9 8 10 7
split_gain=1.33047 1.87042 2.3516 1.75242 1.54267 1.68289 1.72144
threshold=0.02639843341010906 0.034016844725930702 -0.0019312644635973706 0.15423005565186446 0.048507981671634288 -0.0043670108035313007 0.0075025548278667706
decision_type=2 2 2 10 10 2 2
left_child=3 -2 -3 4 5 -1 -7
right_child=1 2 -4 -5 -6 6 -8
leaf_value=7.0752683381518965e-05 0.0001702460100720471 0.00012927139174980941 -3.8776285121226457e-05 -0.0001464336668086261 5.1040731985433535e-05 -1.2626628851722388e-06 -0.00011493195509053333
leaf_weight=111 50 27 76 33 87 270 85
leaf_count=111 50 27 76 33 87 270 85
internal_value=0.000913396 0.00506536 0.00121359 -0.000170648 0.000497288 -0.000643777 -0.00232394
internal_weight=739 153 103 586 553 466 355
internal_count=739 153 103 586 553 466 355
is_linear=0
shrinkage=0.05


Tree=20
num_leaves=8
num_cat=0
split_feature=1 14 0 2 15 11 14
split_gain=2.01765 2.52807 1.7324 1.5668 2.90732 1.579 1.53938
threshold=0.026616836266139091 -0.01786915050429105 -0.010519507260030812 0.0098736656357668613 0.0047766345573297961 0.00081107941047609 -0.042370343814534299
decision_type=2 2 2 2 2 2 2
left_child=1 2 -1 4 -4 -5 -7
right_child=-2 -3 3 5 -6 6 -8
leaf_value=-0.00023991616580325273 4.1297065887275841e-05 2.1667177358799218e-05 0.00012690909828379275 -0.00027616280649942507 -8.883795530512952e-05 4.4357485062758551e-05 -0.00011633775364246905
leaf_weight=35 147 379 41 31 64 28 26
leaf_count=35 147 379 41 31 64 28 26
internal_value=0.000699068 -0.00057947 -0.00477778 -0.00289474 0.00119048 -0.00794118 -0.00277778
internal_weight=751 604 225 190 105 85 54
internal_count=751 604 225 190 105 85 54
is_linear=0
shrinkage=0.05


Tree=21
num_leaves=8
num_cat=0
split_feature=13 0 7 14 0 16 16
split_gain=2.09066 2.11091 1.66158 2.11679 1.60081 1.57838 1.75721
threshold=20.714999198913578 0.009101267151562344 0.034222127072258142 0.083812216488613714 0.022382421404597567 -0.023561774138849852 -0.016947532186742494
decision_type=2 2 2 2 2 2 2
left_child=1 2 3 5 -3 -1 -7
right_child=-2 4 -4 -5 -6 6 -8
leaf_value=-0.000200583808063235 -8.0790268488440631e-05 -0.00013412191574229939 0.00013015549413878492 0.00014669260850810745 0.00012153968138822995 0.00023583977861146312 9.0824893819876389e-06
leaf_weight=32 113 116 72 27 26 25 337
leaf_count=32 113 116 72 27 26 25 337
internal_value=0.000735294 0.00185039 0.00339757 0.00219715 -0.00352113 0.00126904 0.00220994
internal_weight=748 635 493 421 142 394 362
internal_count=748 635 493 421 142 394 362
is_linear=0
shrinkage=0.05


Tree=22
num_leaves=8
num_cat=0
split_feature=9 2 7 16 2 0 1
split_gain=1.57936 1.29394 1.5825 1.46434 1.22685 1.22684 1.18279
threshold=-0.025482516937506746 0.10422351535617359 0.031032324520821278 0.023683455391641742 -0.047170735463364637 0.01459001549823591 0.026616836266139091
decision_type=8 2 2 2 2 2 2
left_child=4 2 5 -4 -1 6 -2
right_child=1 -3 3 -5 -6 -7 -8
leaf_value=1.2584372095769941e-05 4.9935452909484307e-06 -0.00016079311054680874 0.00010421749598155458 -6.4363418168454433e-05 -0.00010846733329136329 -0.00015001979414836983 9.8939889937177373e-05
leaf_weight=29 423 30 98 29 51 42 40
leaf_count=29 423 30 98 29 51 42 40
internal_value=0.00101078 0.00181269 0.0022943 0.00728346 -0.005625 0.0010396 0.00178186
internal_weight=742 662 632 127 80 505 463
internal_count=742 662 632 127 80 505 463
is_linear=0
shrinkage=0.05


Tree=23
num_leaves=8
num_cat=0
split_feature=13 14 3 3 9 13 13
split_gain=2.06509 1.74643 1.19552 1.89299 1.7162 2.80306 2.17062
threshold=20.659999847412113 0.090336443973437111 -0.00313327980496042 -0.0040527929638198281 0.026577616323076095 16.32499980926514 13.34500026702881
decision_type=2 2 2 2 8 2 2
left_child=1 2 3 -1 5 -4 -6
right_child=-2 -3 4 -5 6 -7 -8
leaf_value=4.4430976542536974e-06 -0.00010500318874096422 0.0001377135748802801 4.993452719302561e-05 -0.00014988266585227598 -0.00010215075877826002 -0.0002202349878687413 4.718532897188639e-05
leaf_weight=94 113 36 46 34 52 40 336
leaf_count=94 113 36 46 34 52 40 336
internal_value=0.000699068 0.00180251 0.00116279 -0.003125 0.00232068 -0.00406977 0.00373711
internal_weight=751 638 602 128 474 86 388
internal_count=751 638 602 128 474 86 388
is_linear=0
shrinkage=0.05


Tree=24
num_leaves=8
num_cat=0
split_feature=13 6 4 4 5 4 7
split_gain=2.03833 1.80912 1.42653 2.59799 1.61919 1.59497 1.39442
threshold=16.73499965667725 0.44927127949008266 0.019814813690171566 0.017249439739391494 0.012955233864797721 0.018850384520155073 0.028085103031245454
decision_type=2 2 2 2 2 2 2
left_child=2 -2 3 -1 -4 -5 -7
right_child=1 -3 4 5 -6 6 -8
leaf_value=4.482606252329208e-05 4.2757359481062797e-06 -0.00016028956122690602 0.00018761886469099255 -0.00011352500845753442 2.6703860453919546e-05 0.00017768735997739581 -0.00010027903336002125
leaf_weight=168 254 109 47 79 41 26 25
leaf_count=168 254 109 47 79 41 26 25
internal_value=0.000967957 -0.00172176 0.00349741 0.00184564 0.00909091 -0.00346154 0.00343137
internal_weight=749 363 386 298 88 130 51
internal_count=749 363 386 298 88 130 51
is_linear=0
shrinkage=0.05


Tree=25
num_leaves=8
num_cat=0
split_feature=9 3 3 9 1 9 1
split_gain=1.45083 2.22353 1.94553 1.8521 1.85265 1.76596 2.09446
threshold=0.026577616323076095 0.0018019261794314236 -0.0023730314479225019 0.090100316999292343 -0.0074160207047588292 0.1050200928189098 0.042680967103343244
decision_type=8 2 2 8 2 8 2
left_child=1 -1 -2 -4 -5 -6 -7
right_child=2 -3 3 4 5 6 -8
leaf_value=1.6991526130624365e-05 -4.8190528962695041e-05 -0.00014726148775493113 7.383570621427414e-05 -5.2287939017505635e-05 -0.00014561072535414248 9.0508746304834116e-05 -0.00030091502103364484
leaf_weight=113 145 50 147 76 29 165 32
leaf_count=113 145 50 147 76 29 165 32
internal_value=0.000957728 -0.00322086 0.00210438 0.00373051 0.00149007 0.00376106 0.00545685
internal_weight=757 163 594 449 302 226 197
internal_count=757 163 594 449 302 226 197
is_linear=0
shrinkage=0.05


Tree=26
num_leaves=8
num_cat=0
split_feature=13 9 9 3 10 15 3
split_gain=2.15037 1.3555 1.42998 2.05163 1.69562 1.41397 1.31481
threshold=20.714999198913578 0.16434931137022893 0.026577616323076095 -0.0014801348010869961 0.0011530203210341485 -0.00042800863293224184 0.0063238390328264069
decision_type=2 10 8 2 2 2 2
left_child=1 2 3 4 -1 -5 -4
right_child=-2 -3 6 5 -6 -7 -8
leaf_value=0.00012013788220741444 -9.7557289653186542e-05 -0.00015724779865491546 1.5684302799810149e-05 -9.3583874703585996e-06 -7.5860522499548916e-06 -0.0001604890318657952 0.00011731693936378604
leaf_weight=27 107 28 422 32 32 41 48
leaf_count=27 107 28 422 32 32 41 48
internal_value=0.000712347 0.0018254 0.00232558 -0.00227273 0.00466102 -0.00787671 0.00361702
internal_weight=737 630 602 132 59 73 470
internal_count=737 630 602 132 59 73 470
is_linear=0
shrinkage=0.05


Tree=27
num_leaves=8
num_cat=0
split_feature=1 13 15 9 1 0 0
split_gain=1.31364 2.00124 1.13263 1.03606 1.71877 1.13384 2.17143
threshold=-0.027690388155772235 16.285000801086429 -0.003172878353780439 0.15423005565186446 0.02639843341010906 0.009101267151562344 0.022720819782148575
decision_type=2 2 2 10 2 2 2
left_child=1 -1 -3 5 -5 -2 -7
right_child=3 2 -4 4 -6 6 -8
leaf_value=6.5757000598449391e-05 2.0988978007160845e-05 -5.2897010273259821e-05 -0.00025694562313990167 -0.00014938540872216967 6.1780215766711391e-05 -7.4256184597905784e-05 0.00014099202114760235
leaf_weight=37 445 26 37 32 27 119 26
leaf_count=37 445 26 37 32 27 119 26
internal_value=0.000834446 -0.0045 -0.00992063 0.00165639 -0.00466102 0.00228814 -0.00155172
internal_weight=749 100 63 649 59 590 145
internal_count=749 100 63 649 59 590 145
is_linear=0
shrinkage=0.05


Tree=28
num_leaves=8
num_cat=0
split_feature=0 1 13 10 16 13 14
split_gain=2.06392 1.86357 1.32205 1.77893 2.56128 1.63172 1.60469
threshold=0.009101267151562344 -0.0062383433370767341 16.73499965667725 -0.0001525908648420948 -0.0011496291285378877 17.875000000000004 0.003286853869637119
decision_type=2 2 2 2 2 2 2
left_child=2 -2 3 6 -5 -4 -1
right_child=1 -3 5 4 -6 -7 -8
leaf_value=0.00019009793032696514 -0.00017965044563501736 -2.7346839991447461e-05 -8.3591599285305117e-05 -0.00020776218714656992 3.137113176484982e-05 1.1977714982749303e-05 4.1593525293512782e-05
leaf_weight=37 30 139 79 39 153 204 83
leaf_count=37 30 139 79 39 153 204 83
internal_value=0.00117801 -0.00369822 0.00256303 0.00480769 0.00182292 8.83392e-05 0.00958333
internal_weight=764 169 595 312 192 283 120
internal_count=764 169 595 312 192 283 120
is_linear=0
shrinkage=0.05


Tree=29
num_leaves=8
num_cat=0
split_feature=13 6 4 4 8 1 13
split_gain=1.30461 1.99172 1.78072 1.75462 1.5303 1.88162 1.6254
threshold=16.73499965667725 0.44927127949008266 0.019044254991096649 0.017318273681287584 0.040937026796498806 -0.00047351964247177575 20.659999847412113
decision_type=2 2 2 2 10 2 2
left_child=2 4 3 -1 5 6 -2
right_child=1 -3 -4 -5 -6 -7 -8
leaf_value=2.9802575176607338e-05 8.8995791095932696e-05 -0.00017475063940105355 9.1021709738478703e-05 -9.9311848955091446e-05 8.9346707374992005e-05 -9.3573850087557347e-05 -0.00013056275603362205
leaf_weight=167 63 106 120 82 45 107 42
leaf_count=167 63 106 120 82 45 107 42
internal_value=0.000819672 -0.00130854 0.00291328 0.000502008 0.00107004 -0.000707547 0.00404762
internal_weight=732 363 369 249 257 212 105
internal_count=732 363 369 249 257 212 105
is_linear=0
shrinkage=0.05


Tree=30
num_leaves=8
num_cat=0
split_feature=13 2 3 3 9 3 8
split_gain=1.4444 1.20239 1.02171 2.09074 1.35254 1.81946 1.57004
threshold=26.85000038146973 0.10308756252634256 -0.0030647236680676477 -0.0040527929638198281 0.026577616323076095 0.0056847918572068288 0.0046846869296334201
decision_type=2 2 2 2 10 2 8
left_child=1 2 3 -1 5 6 -4
right_child=-2 -3 4 -5 -6 -7 -8
leaf_value=6.9617296326971764e-06 -0.00014364112778463686 -6.3624979678542581e-05 4.5868374466896072e-05 -0.00014191141286409693 5.2603075122695334e-05 -0.00016624678993234755 -8.4426623816742045e-05
leaf_weight=116 25 28 119 36 303 35 76
leaf_count=116 25 28 119 36 303 35 76
internal_value=0.000813008 0.00122721 0.00164234 -0.00197368 0.00267355 -0.000217391 0.00166667
internal_weight=738 713 685 152 533 230 195
internal_count=738 713 685 152 533 230 195
is_linear=0
shrinkage=0.05


Tree=31
num_leaves=8
num_cat=0
split_feature=9 10 4 10 10 8 8
split_gain=1.29734 1.3338 1.5199 1.38782 1.87288 1.13727 1.50206
threshold=0.16820245491495747 -0.00010102094958625017 0.022834767258520895 -0.00071796458931633323 -0.0015422325614574126 -0.056365614386723877 -0.0055626188367684506
decision_type=10 2 2 2 2 10 10
left_child=1 3 5 4 -1 -3 -7
right_child=-2 2 -4 -5 -6 6 -8
leaf_value=4.1839535424323134e-05 -0.00025546903415166086 -9.4217772437734526e-05 -0.00010102595215264517 0.00015873301775327131 -0.00017153712875599502 0.00012619326583421112 3.0742579608996487e-08
leaf_weight=251 26 25 69 29 26 65 247
leaf_count=251 26 25 69 29 26 65 247
internal_value=0.00135501 0.00175562 -0.000123153 0.00424837 0.00315884 0.00126113 0.00208333
internal_weight=738 712 406 306 277 337 312
internal_count=738 712 406 306 277 337 312
is_linear=0
shrinkage=0.05


Tree=32
num_leaves=8
num_cat=0
split_feature=9 0 0 11 14 8 4
split_gain=1.35516 1.29924 1.18781 1.31902 1.10009 1.06306 1.43687
threshold=-0.035134400235040657 0.010429015549800915 0.022382421404597567 0.013766768537239795 0.0012326341754252958 0.074892745030473509 0.014699612214418506
decision_type=8 2 2 2 2 8 2
left_child=-1 5 3 4 -3 6 -2
right_child=1 2 -4 -5 -6 -7 -8
leaf_value=-6.5890119502142524e-05 0.00010958732982769702 -0.00022196249652372681 0.00011312945604281824 1.1639692420002203e-05 -6.1574341315575985e-05 -6.3580453836762765e-05 1.0127797987475457e-05
leaf_weight=57 48 48 29 32 27 55 455
leaf_count=57 48 48 29 32 27 55 455
internal_value=0.000832224 0.00144092 -0.00294118 -0.00537383 -0.009 0.00250896 0.00323062
internal_weight=751 694 136 107 75 558 503
internal_count=751 694 136 107 75 558 503
is_linear=0
shrinkage=0.05


Tree=33
num_leaves=8
num_cat=0
split_feature=9 14 8 15 8 4 14
split_gain=1.03243 1.27378 2.28903 1.64684 1.85693 1.58517 1.38857
threshold=0.16109744738744583 -0.01759756320211869 -0.019324983623266397 -0.0022264523721984282 -0.0037177496791768179 0.017055177357378781 -0.054805799949304061
decision_type=10 2 10 2 10 2 2
left_child=1 2 6 -4 -5 -6 -1
right_child=-2 -3 3 4 5 -7 -8
leaf_value=-4.2438037633784655e-06 -0.00013501367157486792 2.4620688368194414e-05 -0.00015844237746408436 0.00012691069423698007 3.1168628870124978e-05 -5.4516431586637418e-05 -0.00018893073055979202
leaf_weight=25 39 436 25 34 47 107 35
leaf_count=25 39 436 25 34 47 107 35
internal_value=0.000868984 0.00130465 -0.00137363 0.00105634 0.00265957 0.000324675 -0.01
internal_weight=748 709 273 213 188 154 60
internal_count=748 709 273 213 188 154 60
is_linear=0
shrinkage=0.05


Tree=34
num_leaves=8
num_cat=0
split_feature=1 1 8 10 16 6 8
split_gain=1.12647 1.45813 1.83059 1.37024 2.85234 1.78392 2.28198
threshold=0.026616836266139091 0.038355603712632143 0.023388172137581157 0.00048358737476139618 -0.004174856248098823 0.25468672152757516 0.0046846869296334201
decision_type=2 2 8 2 2 2 10
left_child=3 2 -2 5 -5 -1 -7
right_child=1 -3 -4 4 -6 6 -8
leaf_value=8.3180086136223127e-05 5.2330106021883723e-06 4.4200353023473186e-06 0.00017170973119532603 -0.0001856785419773747 7.408550819013689e-06 3.1900900457662328e-05 -0.00015292872702967744
leaf_weight=189 25 85 38 76 230 59 47
leaf_count=189 25 85 38 76 230 59 47
internal_value=0.00183578 0.00574324 0.0115079 0.000873544 -0.00147059 0.00330508 -0.00188679
internal_weight=749 148 63 601 306 295 106
internal_count=749 148 63 601 306 295 106
is_linear=0
shrinkage=0.05


Tree=35
num_leaves=8
num_cat=0
split_feature=0 0 6 3 3 9 10
split_gain=1.51487 2.00598 1.06042 1.34595 2.12722 1.3404 1.258
threshold=0.009101267151562344 0.022382421404597567 -0.60739099193388657 -0.0028002712682258508 0.0037885038999145863 0.046303435696618885 -0.0052693175336530054
decision_type=2 2 2 2 2 10 2
left_child=2 -2 3 5 -5 -1 -4
right_child=1 -3 6 4 -6 -7 -8
leaf_value=5.7181492084760425e-05 -0.00010376966163704229 8.9690197547370216e-05 8.5645058542050152e-05 8.4451928704555595e-05 -0.00011993446235705605 -0.00012946819458389339 -4.6070079125583311e-06
leaf_weight=25 134 30 98 102 25 28 311
leaf_count=25 134 30 98 102 25 28 311
internal_value=0.000896414 -0.00335366 0.0020798 0.00527778 0.00807087 -0.00141509 0.000672372
internal_weight=753 164 589 180 127 53 409
internal_count=753 164 589 180 127 53 409
is_linear=0
shrinkage=0.05


Tree=36
num_leaves=8
num_cat=0
split_feature=13 10 10 10 15 12 10
split_gain=1.40805 1.36852 2.09085 1.58429 1.45448 1.27404 1.68999
threshold=26.85000038146973 0.013844787315234976 0.0097369654771942721 0.0084135321607602415 0.0060763026372333559 0.027544140346580596 0.00069580976977412512
decision_type=2 2 2 2 2 2 2
left_child=1 2 3 4 5 6 -1
right_child=-2 -3 -4 -5 -6 -7 -8
leaf_value=1.6098255626143887e-05 -0.00020808146683561833 8.7994261775904215e-05 -7.0289174586540392e-05 9.4698448832410657e-05 -8.9166332224722416e-05 6.9587820525741275e-05 -8.4848859899464227e-05
leaf_weight=220 25 35 53 26 132 186 73
leaf_count=220 25 35 53 26 132 186 73
internal_value=0.000666667 0.00106897 0.00057971 0.00137363 0.000859247 0.00213987 8.53242e-05
internal_weight=750 725 690 637 611 479 293
internal_count=750 725 690 637 611 479 293
is_linear=0
shrinkage=0.05


Tree=37
num_leaves=8
num_cat=0
split_feature=4 13 10 10 9 2 7
split_gain=1.46661 1.22084 1.89109 1.8432 1.82916 1.35045 1.8839
threshold=0.013894932642276455 22.730000495910648 0.013844787315234976 0.010655373456526786 0.10292705652578051 0.090012115730923395 0.034222127072258142
decision_type=2 2 2 2 8 2 2
left_child=-1 2 3 5 -3 6 -2
right_child=1 4 -4 -5 -6 -7 -8
leaf_value=0.00014502550744400003 4.2993439887191629e-07 3.9544309703576886e-06 0.00011525768601938363 -9.5054803928069448e-05 -0.00033608606104612777 -3.4967654450355507e-05 7.7948636135533443e-05
leaf_weight=32 491 34 32 28 31 46 64
leaf_count=32 491 34 32 28 31 46 64
internal_value=0.000461741 0 0.000642965 3.97456e-05 -0.00653846 0.00062396 0.00130631
internal_weight=758 726 661 629 65 601 555
internal_count=758 726 661 629 65 601 555
is_linear=0
shrinkage=0.05


Tree=38
num_leaves=8
num_cat=0
split_feature=6 6 6 13 3 16 6
split_gain=1.42836 1.69774 1.67507 2.1495 1.55391 1.48153 1.28052
threshold=-0.20659638098049385 -0.33729009703985841 -0.14514566533842635 15.464999675750734 0.0036588267354308317 -0.033326351141272907 0.69304147214952083
decision_type=2 2 2 2 2 2 2
left_child=1 -1 -2 4 6 -5 -4
right_child=2 -3 3 5 -6 -7 -8
leaf_value=1.2549248255634933e-05 -0.00029392218433788839 0.00011794643213177722 1.8342082446034127e-06 3.0951066814089487e-05 -1.1521765573151069e-05 -7.2688298745820107e-05 0.00015115554690563334
leaf_weight=330 26 52 41 35 31 195 38
leaf_count=330 26 52 41 35 31 195 38
internal_value=0.00100267 0.00314136 -0.00122951 -0.000294118 0.00545455 -0.00304348 0.00917722
internal_weight=748 382 366 340 110 230 79
internal_count=748 382 366 340 110 230 79
is_linear=0
shrinkage=0.05


Tree=39
num_leaves=8
num_cat=0
split_feature=6 8 14 0 0 3 8
split_gain=1.50168 1.57727 2.41636 1.57601 3.39525 1.43251 1.19639
threshold=0.41502103515968558 -0.04336324147910358 -0.021447279396770266 -0.0020610790031435062 -0.01633505538326457 0.0062656124201058159 0.06932670306228951
decision_type=2 10 2 2 2 2 10
left_child=1 2 -1 4 -2 6 -3
right_child=3 5 -4 -5 -6 -7 -8
leaf_value=-0.00023643602222653609 -0.0001754617119011252 1.8047877698733773e-05 1.2183988925085688e-05 -0.00010107769462092853 7.9932476356527865e-05 0.00014214901024112609 -3.4666659756144156e-05
leaf_weight=26 26 397 34 110 62 44 38
leaf_count=26 26 397 34 110 62 44 38
internal_value=0.000440977 0.00180891 -0.00583333 -0.00328283 0.00170455 0.00276618 0.00189655
internal_weight=737 539 60 198 88 479 435
internal_count=737 539 60 198 88 479 435
is_linear=0
shrinkage=0.05


Tree=40
num_leaves=8
num_cat=0
split_feature=9 0 0 6 8 15 14
split_gain=1.47813 1.67525 3.14029 1.53959 1.45224 1.56161 2.1961
threshold=0.086349653863758605 0.014320102837761086 0.022097547442015312 1.1152689299059071 0.029343585601376069 0.0052343310807760899 0.032336920174311119
decision_type=10 2 2 2 10 2 2
left_child=1 -1 -3 4 -2 6 -6
right_child=3 2 -4 -5 5 -7 -8
leaf_value=3.2264192490210655e-05 -0.00012773077905896347 -0.00037267682301191958 0.00013764442070690434 -0.00027901624259349909 -7.1160943481590966e-05 7.2345961661826911e-05 9.1624109824433675e-05
leaf_weight=444 56 27 25 42 66 56 34
leaf_count=444 56 27 25 42 66 56 34
internal_value=0.00113333 0.00272177 -0.00576923 -0.0019685 -0.000235849 0.00224359 -0.0015
internal_weight=750 496 52 254 212 156 100
internal_count=750 496 52 254 212 156 100
is_linear=0
shrinkage=0.05


Tree=41
num_leaves=8
num_cat=0
split_feature=3 3 4 11 5 7 3
split_gain=1.2238 1.6608 1.67143 1.59184 1.03786 1.31013 1.03251
threshold=-0.0030647236680676477 -0.0040527929638198281 0.017957344852540396 0.00053834779161687784 0.014917920852436567 -0.033222413208381311 0.0062656124201058159
decision_type=2 2 2 2 2 2 2
left_child=1 2 -1 -4 5 -2 -7
right_child=4 -3 3 -5 -6 6 -8
leaf_value=-0.000101719564142322 0.00013556112193043325 -9.7926572450654774e-05 0.00013690047760365478 -8.1039528442864762e-06 -0.00014912467456084451 5.0645298200485559e-06 5.6290735585425109e-05
leaf_weight=35 32 41 42 49 56 430 67
leaf_count=35 32 41 42 49 56 430 67
internal_value=0.000930851 -0.00284431 0 0.00357143 0.00200855 0.00269376 0.00206237
internal_weight=752 167 126 91 585 529 497
internal_count=752 167 126 91 585 529 497
is_linear=0
shrinkage=0.05


Tree=42
num_leaves=8
num_cat=0
split_feature=11 16 16 4 2 14 10
split_gain=1.37375 1.06017 1.12416 1.16325 1.54155 1.98864 2.42376
threshold=0.039322955344760387 -0.038349929538350251 -0.028163467399731298 0.017055177357378781 0.0041584545386488267 0.003286853869637119 0.00044089291237869871
decision_type=2 2 2 2 2 2 2
left_child=1 -1 -3 4 -4 6 -6
right_child=-2 2 3 -5 5 -7 -8
leaf_value=8.8737304430326977e-05 0.00013413209293274952 -0.00013172313722054657 9.5122528443287828e-05 -8.6847111613160697e-06 0.00016609424225438245 -7.3744652506617468e-05 1.1817269328058459e-06
leaf_weight=49 27 34 61 431 25 67 59
leaf_count=49 27 34 61 431 25 67 59
internal_value=0.000962815 0.000550964 3.69276e-05 0.000505443 0.00353774 0.000827815 0.00595238
internal_weight=753 726 677 643 212 151 84
internal_count=753 726 677 643 212 151 84
is_linear=0
shrinkage=0.05


Tree=43
num_leaves=8
num_cat=0
split_feature=13 2 9 9 10 7 11
split_gain=1.52857 1.40587 1.3015 1.44862 1.66146 1.40702 1.05021
threshold=16.73499965667725 -0.047170735463364637 -0.025482516937506746 0.041165156506127294 -0.013788046856732237 0.032110102159799377 0.01246418622804202
decision_type=2 2 8 8 2 2 2
left_child=6 -2 -3 -4 -5 -6 -1
right_child=1 2 3 4 5 -7 -8
leaf_value=2.8865734467776411e-06 6.3589644256007542e-05 -0.00013019017156316152 5.3910434364219666e-05 -6.2195371606319985e-05 -9.1690757546058826e-05 7.2722387960147175e-05 3.8721243979931531e-05
leaf_weight=238 46 48 33 28 159 50 144
leaf_count=238 46 48 33 28 159 50 144
internal_value=0.000670241 -0.00164835 -0.00283019 -0.00148148 -0.0028481 -0.00131579 0.00287958
internal_weight=746 364 318 270 237 209 382
internal_count=746 364 318 270 237 209 382
is_linear=0
shrinkage=0.05


Tree=44
num_leaves=8
num_cat=0
split_feature=13 14 16 16 0 14 12
split_gain=1.51056 1.27385 1.39493 1.95978 1.04915 1.01156 0.937939
threshold=26.85000038146973 0.099742575354610077 0.050929992554133226 0.038371564177383861 -0.02012790042057477 0.12708615320093045 0.051846047128185087
decision_type=2 2 2 2 2 2 2
left_child=1 2 3 4 -1 -3 -6
right_child=-2 5 -4 -5 6 -7 -8
leaf_value=-7.7856923188112173e-05 -0.00012114792464971089 0.00012107262760008183 0.00014283268914158314 -0.00015716769003176653 1.3115573039457598e-05 7.40752694947368e-05 -5.6831803411270913e-05
leaf_weight=25 25 27 27 28 515 26 67
leaf_count=25 25 27 27 28 515 26 67
internal_value=0.00108108 0.0015035 0.000906344 0.000433071 0.00102965 0.00896226 0.00146048
internal_weight=740 715 662 635 607 53 582
internal_count=740 715 662 635 607 53 582
is_linear=0
shrinkage=0.05


Tree=45
num_leaves=8
num_cat=0
split_feature=13 16 10 15 13 5 2
split_gain=1.00089 1.79009 2.26532 1.50148 2.69943 1.36566 1.22384
threshold=16.164999961853031 -0.0072551573476680167 9.4862369999448873e-05 0.006437756031003051 14.675000190734865 0.0098395337861828473 0.036024225822639873
decision_type=2 2 2 2 2 2 2
left_child=1 2 -1 5 6 -3 -5
right_child=-2 3 -4 4 -6 -7 -8
leaf_value=2.2721420664334859e-05 -5.8508835399076389e-06 -6.8255957252389044e-07 -0.00022429507475169998 -0.00017686833961595594 0.00013569105468450398 7.6537892755218238e-05 -3.9584622581701966e-07
leaf_weight=33 410 48 27 29 39 132 28
leaf_count=33 410 48 27 29 39 132 28
internal_value=0.00080429 0.00282738 -0.005 0.00452899 -0.000520833 0.00722222 -0.00745614
internal_weight=746 336 60 276 96 180 57
internal_count=746 336 60 276 96 180 57
is_linear=0
shrinkage=0.05


Tree=46
num_leaves=8
num_cat=0
split_feature=15 4 4 4 5 3 8
split_gain=0.909352 0.891432 1.07627 1.56619 1.50652 2.13054 1.90075
threshold=-0.023266588296289522 0.026611347930389804 0.019814813690171566 0.020151738638732573 0.01066375032537722 0.0042841242931714882 -0.0072666123365320847
decision_type=2 2 2 2 2 2 10
left_child=-1 2 4 -4 5 6 -2
right_child=1 -3 3 -5 -6 -7 -8
leaf_value=0.00015092740964020129 7.8163320987393326e-05 -9.3097993320504727e-05 0.00019703315568848887 9.8140746700680934e-06 -7.9450745972915831e-06 0.00014658809736304646 -3.395244087560185e-05
leaf_weight=29 45 41 26 178 263 33 133
leaf_count=29 45 41 26 178 263 33 133
internal_value=0.000802139 0.000452017 0.000884956 0.00392157 -0.000421941 0.00272512 0.000561798
internal_weight=748 719 678 204 474 211 178
internal_count=748 719 678 204 474 211 178
is_linear=0
shrinkage=0.05


Tree=47
num_leaves=8
num_cat=0
split_feature=13 16 10 9 16 10 0
split_gain=1.98194 1.85811 1.55371 2.89168 1.87614 1.32845 1.25609
threshold=22.730000495910648 0.050929992554133226 -0.0020521313117868862 0.12126328912218277 0.0059337248358795067 0.013844787315234976 0.0021646181027262794
decision_type=2 2 2 8 2 2 2
left_child=1 2 3 4 -1 -4 -5
right_child=-2 -3 5 6 -6 -7 -8
leaf_value=4.3407157660695479e-05 -5.6473188748089755e-05 0.00011966080424849402 -4.3792034988482562e-06 0.00011453456051175796 -0.00019986399983108118 0.00010259608828177545 0.00010728971813759459
leaf_weight=83 61 25 417 62 32 27 32
leaf_count=83 61 25 417 62 32 27 32
internal_value=0.000845737 0.00162242 0.00111026 0.00466507 -0.000652174 -0.000563063 0.0111702
internal_weight=739 678 653 209 115 444 94
internal_count=739 678 653 209 115 444 94
is_linear=0
shrinkage=0.05


Tree=48
num_leaves=8
num_cat=0
split_feature=9 11 16 13 13 10 9
split_gain=1.31508 1.10576 1.25008 1.4536 1.97281 1.5275 1.29961
threshold=0.16002552904048109 -0.023775986944761848 -0.019274133938363799 17.180000305175785 17.530000686645511 -0.0052693175336530054 0.072946999216650724
decision_type=10 2 2 2 2 2 10
left_child=1 -1 -3 5 -5 -4 -6
right_child=-2 2 3 4 6 -7 -8
leaf_value=5.8094413647966604e-05 -0.00011083795816444913 -0.00013762258902695534 0.00010880783248617006 -0.00018279817007245473 3.9256397454905676e-05 6.9303519304019219e-06 -0.00010806181481654749
leaf_weight=47 40 74 36 26 114 332 71
leaf_count=47 40 74 36 26 114 332 71
internal_value=6.75676e-05 0.000571429 3.82848e-05 0.00082038 -0.00248815 0.00271739 -0.000675676
internal_weight=740 700 653 579 211 368 185
internal_count=740 700 653 579 211 368 185
is_linear=0
shrinkage=0.05


Tree=49
num_leaves=8
num_cat=0
split_feature=4 6 6 15 16 7 5
split_gain=1.96765 1.08283 1.59673 2.6513 1.63549 1.83572 1.4318
threshold=0.013894932642276455 -0.20659638098049385 -0.33729009703985841 -0.01129203605041723 -0.0011496291285378877 0.024741909305046498 0.015054052855591107
decision_type=2 2 2 2 2 2 2
left_child=-1 2 3 -2 -5 -6 -3
right_child=1 6 -4 4 5 -7 -8
leaf_value=0.00013767750843782608 0.00013874110418266969 -3.5164372642639693e-06 9.0351423810847761e-05 -8.6234187149148841e-05 4.2799874318560376e-05 -1.1444315238519615e-05 -0.00011552194859426124
leaf_weight=32 40 318 45 95 130 47 26
leaf_count=32 40 318 45 95 130 47 26
internal_value=0.000375171 -0.000178317 0.0017507 0.000480769 -0.00128676 0.00155367 -0.00218023
internal_weight=733 701 357 312 272 177 344
internal_count=733 701 357 312 272 177 344
is_linear=0
shrinkage=0.05


Tree=50
num_leaves=8
num_cat=0
split_feature=13 13 9 2 0 15 15
split_gain=1.11175 1.89067 1.52653 1.2389 1.18145 1.43236 0.936137
threshold=26.85000038146973 24.119999885559086 -0.035134400235040657 0.094649442296926858 -0.02012790042057477 -0.017754690180414253 0.013131847438177637
decision_type=2 2 8 2 2 2 2
left_child=1 2 -1 4 -4 -6 -7
right_child=-2 -3 3 -5 5 6 -8
leaf_value=-7.7697955917516853e-05 -0.00011659113027845691 7.4205411448122031e-05 -9.9006572393044699e-05 -1.0872099476593638e-05 0.00013908905432444 4.7298143867537334e-06 7.1065977460133949e-05
leaf_weight=43 26 27 25 49 29 460 81
leaf_count=43 26 27 25 49 29 460 81
internal_value=0.000540541 0.000910364 0.000400291 0.00100932 0.00163866 0.00210526 0.00152495
internal_weight=740 714 687 644 595 570 541
internal_count=740 714 687 644 595 570 541
is_linear=0
shrinkage=0.05


Tree=51
num_leaves=8
num_cat=0
split_feature=11 2 4 15 16 2 9
split_gain=1.33737 1.11011 1.06946 1.15858 0.922958 0.986519 1.72758
threshold=0.040036365268930958 0.10308756252634256 0.013894932642276455 -0.023266588296289522 0.043601075910918448 0.026404703217429385 0.079351304866674091
decision_type=2 2 2 2 2 2 10
left_child=1 2 -1 -4 5 6 -5
right_child=-2 -3 3 4 -6 -7 -8
leaf_value=0.00010953556575614777 0.00014325358233342742 -0.00010567423776802763 0.0001340677420153817 4.4855787247973301e-06 -0.00015019514329799765 2.9191105463409235e-05 -0.00014721575537102283
leaf_weight=27 26 34 27 294 26 234 94
leaf_count=27 26 34 27 294 26 234 94
internal_value=0.000393701 0 0.00042735 3.7037e-05 -0.000385802 0 -0.00154639
internal_weight=762 736 702 675 648 622 388
internal_count=762 736 702 675 648 622 388
is_linear=0
shrinkage=0.05


Tree=52
num_leaves=8
num_cat=0
split_feature=12 2 1 13 10 4 6
split_gain=1.09572 1.30749 1.5851 1.44256 1.25231 1.21856 1.13735
threshold=0.027728982804785422 0.088349497185433182 0.0052320683689237599 14.315000057220461 -0.0063062560979271201 0.014362875407806298 0.45520631476166845
decision_type=2 2 2 2 2 2 2
left_child=1 2 6 -4 -2 -6 -1
right_child=4 -3 3 -5 5 -7 -8
leaf_value=-2.8581386900730385e-06 8.0428215872948758e-05 -8.5337237006996155e-05 -4.5093065884828934e-05 5.0668758228779137e-05 9.3719164274837712e-05 4.4515195511684714e-06 -0.00013594512280968983
leaf_weight=180 26 29 28 154 27 240 64
leaf_count=180 26 29 28 154 27 240 64
internal_value=0.000601604 -0.000934066 -0.000234742 0.0032967 0.00298635 0.00196629 -0.00286885
internal_weight=748 455 426 182 293 267 244
internal_count=748 455 426 182 293 267 244
is_linear=0
shrinkage=0.05


Tree=53
num_leaves=8
num_cat=0
split_feature=15 2 2 15 9 3 9
split_gain=1.407 1.6665 1.36535 1.496 1.30433 1.75006 1.81895
threshold=0.0021996460629487573 0.091732116894701968 -0.010877628840940732 0.014014611333162287 0.026577616323076095 -0.0022103304299448952 0.033229502412077457
decision_type=2 2 2 2 8 2 10
left_child=1 4 -2 -4 -1 6 -6
right_child=2 -3 3 -5 5 -7 -8
leaf_value=-3.6705422301275663e-05 -6.348234812308552e-05 -0.00018001889889066773 -8.0149689885824741e-06 6.8843676147770577e-05 7.9210816634591407e-05 7.4670215868188642e-05 -8.6039519051031886e-05
leaf_weight=95 114 31 166 65 26 192 54
leaf_count=95 114 31 166 65 26 192 54
internal_value=0.000235532 0.00226131 -0.00210145 0.000108225 0.00320163 0.00496324 -0.00125
internal_weight=743 398 345 231 367 272 80
internal_count=743 398 345 231 367 272 80
is_linear=0
shrinkage=0.05


Tree=54
num_leaves=8
num_cat=0
split_feature=13 8 11 14 3 3 4
split_gain=0.819453 0.83367 1.39004 1.20385 1.94533 1.09113 1.00045
threshold=26.494999885559086 0.068455204518767424 -0.024572906939621272 -0.040011250304013861 0.0029073682208554667 -1.0000000180025095e-35 0.014241284436181553
decision_type=2 8 2 2 2 2 2
left_child=1 2 -1 -3 5 -5 -4
right_child=-2 3 6 4 -6 -7 -8
leaf_value=6.8195643295051011e-05 -8.9755087474431572e-05 3.7019797110425767e-05 9.9657080443612544e-05 -4.0900578541847206e-05 3.1574669378325222e-05 -0.00026547119501761076 -4.2754019296165242e-07
leaf_weight=27 25 26 29 28 34 27 551
leaf_count=27 25 26 29 28 34 27 551
internal_value=-0.000100402 0.000207756 0.000947282 -0.00369565 -0.00646067 -0.0122727 0.000431034
internal_weight=747 722 607 115 89 55 580
internal_count=747 722 607 115 89 55 580
is_linear=0
shrinkage=0.05


Tree=55
num_leaves=8
num_cat=0
split_feature=10 9 4 14 15 4 16
split_gain=1.22648 1.41448 1.56411 1.9229 2.08701 1.77827 1.30222
threshold=0.00040263484850655567 0.14886328220998904 0.017856426516604535 0.017639326626862298 -0.004389427475623652 0.018677478835296024 -0.0053974047072526945
decision_type=2 10 2 2 2 2 2
left_child=1 2 3 -1 -5 -4 -2
right_child=6 -3 5 4 -6 -7 -8
leaf_value=0.00010166675269748061 -9.5151978910845705e-05 -0.00011443296404355219 -0.00011781075182716755 6.3419271479151453e-05 -0.00011432732810893456 2.320055305407966e-05 8.8221003914667508e-07
leaf_weight=59 98 31 37 44 25 153 316
leaf_count=59 98 31 37 44 25 153 316
internal_value=0.000753604 0.00293696 0.00393082 0.00820313 0.00253623 0.00105263 -0.00108696
internal_weight=763 349 318 128 69 190 414
internal_count=763 349 318 128 69 190 414
is_linear=0
shrinkage=0.05


Tree=56
num_leaves=8
num_cat=0
split_feature=13 13 13 14 15 15 0
split_gain=0.87017 1.29464 2.02676 1.36019 0.91471 2.00391 1.23886
threshold=26.85000038146973 23.604999542236332 20.659999847412113 0.090336443973437111 0.013131847438177637 0.020488297239197987 0.010429015549800915
decision_type=2 2 2 2 2 2 2
left_child=1 2 3 4 6 -6 -1
right_child=-2 -3 -4 -5 5 -7 -8
leaf_value=2.028650179941951e-06 -8.642736075341399e-05 2.15771018704191e-05 -0.00015498542720395549 8.8396692543724067e-05 0.00010594412296894177 -2.0522685375113597e-05 -8.2738281551110896e-05
leaf_weight=420 25 31 54 37 51 32 89
leaf_count=420 25 31 54 37 51 32 89
internal_value=0.000169147 0.000490196 3.66032e-05 0.000834658 0.000253378 0.00512048 -0.000540275
internal_weight=739 714 683 629 592 83 509
internal_count=739 714 683 629 592 83 509
is_linear=0
shrinkage=0.05


Tree=57
num_leaves=8
num_cat=0
split_feature=4 10 9 15 4 16 4
split_gain=1.32956 1.08857 1.37703 1.60996 1.36886 1.59757 0.972443
threshold=0.013894932642276455 -0.0030276506534414045 -0.059358685051403508 -0.0049824335092060737 0.02031732544861159 -0.010226580684646545 0.02365128136488823
decision_type=2 2 10 2 2 2 2
left_child=-1 2 -2 4 5 -4 -3
right_child=1 6 3 -5 -6 -7 -8
leaf_value=0.00010228764781070963 0.00010111226964615912 -1.1195517012613362e-06 1.2821548398029129e-06 8.2891466824111529e-05 2.1939092892378585e-05 -0.00035000488004410172 -0.00010372248990627044
leaf_weight=29 49 448 40 32 47 27 63
leaf_count=29 49 448 40 32 47 27 63
internal_value=0.000714286 0.000283286 0.00346154 0.0010274 -0.00175439 -0.00634328 -0.00092955
internal_weight=735 706 195 146 114 67 511
internal_count=735 706 195 146 114 67 511
is_linear=0
shrinkage=0.05


Tree=58
num_leaves=8
num_cat=0
split_feature=0 2 9 11 15 14 14
split_gain=1.37085 1.32241 1.38222 1.54122 1.12731 0.936341 1.5431
threshold=-0.018738252727905965 -0.050420387468894982 -0.026043996802661559 -0.025492128925019227 -0.0012888462520414532 -0.049735428455543622 -0.01759756320211869
decision_type=2 2 8 2 2 2 2
left_child=-1 4 -3 -4 -2 -5 -7
right_child=1 2 3 5 -6 6 -8
leaf_value=-0.00010875677076530857 0.00014445607927926818 -8.5354993780871298e-05 0.0001083178951688637 6.1204704596397848e-05 1.681164890282149e-06 -2.6928252964651397e-05 4.1301140517894947e-06
leaf_weight=37 27 49 36 108 35 120 338
leaf_count=37 27 49 36 108 35 120 338
internal_value=0.0006 0.00108696 0.000422427 0.00107973 0.00806452 0.000441696 -0.000545852
internal_weight=750 713 651 602 62 566 458
internal_count=750 713 651 602 62 566 458
is_linear=0
shrinkage=0.05


Tree=59
num_leaves=8
num_cat=0
split_feature=8 8 3 2 6 13 9
split_gain=1.20224 1.66803 1.79229 1.17832 1.22269 1.72431 1.10317
threshold=-0.0055626188367684506 1.0000000180025095e-35 0.00090681455942409628 0.10422351535617359 0.41502103515968558 18.625000000000004 0.10923577898894889
decision_type=8 10 2 2 2 2 8
left_child=6 2 -2 4 -3 -6 -1
right_child=1 3 -4 -5 5 -7 -8
leaf_value=1.6062428783223445e-05 -3.0663787097967968e-06 1.4282497220310335e-05 -0.00021905141712390554 -9.0449590323040194e-05 -8.6947832198265142e-07 -0.00026914891908300179 0.00014724227403862882
leaf_weight=180 54 316 31 29 86 28 34
leaf_count=180 54 316 31 29 86 28 34
internal_value=0.000329815 -0.000919118 -0.00735294 0.000272331 0.000930233 -0.00350877 0.00350467
internal_weight=758 544 85 459 430 114 214
internal_count=758 544 85 459 430 114 214
is_linear=0
shrinkage=0.05


Tree=60
num_leaves=8
num_cat=0
split_feature=9 14 9 13 13 9 1
split_gain=0.986114 1.37416 1.3225 1.81472 2.44145 1.65964 1.54734
threshold=0.15423005565186446 0.10157519013318318 0.026577616323076095 15.97499990463257 14.244999885559084 -0.023425786026274428 0.014024774729804569
decision_type=10 2 10 2 2 10 2
left_child=1 2 3 4 -1 6 -5
right_child=-2 -3 -4 5 -6 -7 -8
leaf_value=-3.169839397206215e-06 -7.2224466170096697e-05 5.6244773304494006e-05 1.2865828849014132e-05 -9.811439360979755e-05 0.00010924663322667657 -0.00038812021547452542 6.7453292123924354e-05
leaf_weight=83 59 53 339 99 41 25 54
leaf_count=83 59 53 339 99 41 25 54
internal_value=0.000697211 0.00122478 0.000585023 -0.00182119 0.00282258 -0.00505618 -0.00310458
internal_weight=753 694 641 302 124 178 153
internal_count=753 694 641 302 124 178 153
is_linear=0
shrinkage=0.05


Tree=61
num_leaves=8
num_cat=0
split_feature=11 9 4 16 9 0 9
split_gain=1.30698 1.70872 0.853767 1.7477 1.09467 1.48594 1.67069
threshold=-0.023775986944761848 0.10996240223318356 0.014362875407806298 0.0081837633634578317 -1.0000000180025095e-35 0.00069128229439086042 0.017877377183386448
decision_type=2 8 2 2 8 2 10
left_child=1 -1 3 -2 -4 6 -6
right_child=2 -3 4 -5 5 -7 -8
leaf_value=8.4988503995073465e-05 0.00014793754005140849 -3.9589408283717893e-05 -2.6477423769324072e-05 -6.8735510187943784e-05 8.6615545221471944e-05 -9.2116410728477444e-06 1.2880819214329022e-06
leaf_weight=26 26 25 99 27 72 295 166
leaf_count=26 26 25 99 27 72 295 166
internal_value=0.000611413 0.00833333 3.64964e-05 0.00613208 -0.000474684 0.000422139 0.00336134
internal_weight=736 51 685 53 632 533 238
internal_count=736 51 685 53 632 533 238
is_linear=0
shrinkage=0.05


Tree=62
num_leaves=8
num_cat=0
split_feature=8 11 6 4 15 8 5
split_gain=0.906404 1.0121 0.974387 2.0774 2.30473 1.49555 1.42606
threshold=0.073719805364597116 0.00053834779161687784 -0.20659638098049385 0.01691128749147788 0.0040190516703786381 0.035576537554137817 0.013428802956657515
decision_type=8 2 2 2 2 10 2
left_child=2 -2 3 4 -1 6 -5
right_child=1 -3 -4 5 -6 -7 -8
leaf_value=8.2690246254761397e-05 4.5734256207758079e-05 -8.6109820195696529e-05 -2.8497724766850429e-06 -5.2023705728562571e-05 -6.2302396095884584e-06 0.00010215831596369582 3.400760071997401e-05
leaf_weight=63 38 43 323 136 34 48 66
leaf_count=63 38 43 323 136 34 48 66
internal_value=0.000366178 -0.00462963 0.000970149 0.0028098 0.00902062 0.0004 -0.00148515
internal_weight=751 81 670 347 97 250 202
internal_count=751 81 670 347 97 250 202
is_linear=0
shrinkage=0.05


Tree=63
num_leaves=8
num_cat=0
split_feature=1 15 8 6 6 12 1
split_gain=1.12266 2.08593 1.79063 1.61928 2.07963 2.14474 1.79475
threshold=0.026616836266139091 0.011216958741528395 -0.0030363989239992058 0.27533166471322135 0.856349985978617 0.032816284988903439 -0.02905034196381728
decision_type=2 2 8 2 2 2 2
left_child=1 3 -3 6 -5 -6 -1
right_child=-2 2 -4 4 5 -7 -8
leaf_value=-5.5124469388282253e-05 5.2000813081235902e-05 2.0133326933775735e-05 -0.00011553359855497968 -7.9084365375459425e-05 -5.8731599444225137e-05 0.0001224897651437285 2.9045836499559274e-05
leaf_weight=42 147 28 73 65 61 26 310
leaf_count=42 147 28 73 65 61 26 310
internal_value=0.000332447 -0.000619835 -0.00717822 0.000694444 -0.00361842 0.00143678 0.00255682
internal_weight=752 605 101 504 152 87 352
internal_count=752 605 101 504 152 87 352
is_linear=0
shrinkage=0.05


Tree=64
num_leaves=8
num_cat=0
split_feature=0 6 6 9 8 0 12
split_gain=1.21372 1.08155 1.83483 1.70008 1.47951 1.37814 1.74228
threshold=0.022382421404597567 -0.20659638098049385 -0.33729009703985841 0.072500137907303155 0.06932670306228951 -0.0050984458824179782 0.033795250994550281
decision_type=2 2 2 8 8 2 2
left_child=1 2 3 -1 -5 6 -3
right_child=-2 5 -4 4 -6 -7 -8
leaf_value=-2.9236423343046663e-05 6.9678251706536791e-05 -2.6419383655956795e-06 8.2737492904110205e-05 5.4093270211559229e-05 -4.4246951118009875e-05 -5.4762214053873844e-05 6.6352119859316297e-05
leaf_weight=95 33 98 47 175 39 216 29
leaf_count=95 33 98 47 175 39 216 29
internal_value=0.000478142 3.57654e-05 0.00196629 0.000566343 0.00303738 -0.00196793 0.00216535
internal_weight=732 699 356 309 214 343 127
internal_count=732 699 356 309 214 343 127
is_linear=0
shrinkage=0.05


Tree=65
num_leaves=8
num_cat=0
split_feature=0 0 3 1 9 10 16
split_gain=1.79569 1.15158 1.79649 1.25584 1.41871 1.33051 1.95112
threshold=0.022382421404597567 0.01459001549823591 0.003278101365284614 0.026616836266139091 0.15423005565186446 0.00048358737476139618 -0.0021436893331348568
decision_type=2 2 2 2 10 2 2
left_child=1 3 -3 4 5 -1 -7
right_child=-2 2 -4 -5 -6 6 -8
leaf_value=1.9993570914937037e-05 0.00014783918404552565 -0.00024649889273033231 3.536570656334764e-06 7.6638067388735793e-05 -5.1133895749974303e-05 -0.00016354870703293064 2.2844600710552647e-06
leaf_weight=261 29 30 27 109 26 77 193
leaf_count=261 29 30 27 109 26 77 193
internal_value=0.000731383 0.000242047 -0.00657895 0.000825826 -0.00013465 0.000423729 -0.00203704
internal_weight=752 723 57 666 557 531 270
internal_count=752 723 57 666 557 531 270
is_linear=0
shrinkage=0.05


Tree=66
num_leaves=8
num_cat=0
split_feature=16 8 8 8 14 14 6
split_gain=0.92767 0.939853 2.30562 1.5986 2.19888 1.77032 1.30458
threshold=-0.044141030447470024 -0.005338982710594852 -0.00071691830733144879 -0.019324983623266397 -0.021011062487688355 -0.03286597934359297 -0.38818714960596573
decision_type=2 8 8 10 2 2 2
left_child=-1 3 -3 4 -2 -5 -7
right_child=1 2 -4 5 -6 6 -8
leaf_value=6.1053222802264444e-05 -0.00012954750728297874 -0.00017499099154184543 6.0129198501518953e-07 0.00013556965143647829 2.527652825152654e-05 -6.3000313211063368e-05 0.00010247686158508442
leaf_weight=36 47 48 463 26 72 25 28
leaf_count=36 47 48 463 26 72 25 28
internal_value=0.000503356 0.000105783 -0.0010274 0.0030303 -0.000630252 0.0085443 0.00330189
internal_weight=745 709 511 198 119 79 53
internal_count=745 709 511 198 119 79 53
is_linear=0
shrinkage=0.05


Tree=67
num_leaves=8
num_cat=0
split_feature=10 1 1 12 11 15 16
split_gain=0.82895 1.34786 2.27692 1.14841 1.98629 1.90947 1.47738
threshold=0.00069580976977412512 0.038355603712632143 0.026616836266139091 0.035783081956657366 0.0038135025222709733 -0.0058259958976452078 0.011464678294605403
decision_type=2 2 2 2 2 2 2
left_child=1 2 3 4 5 -1 -6
right_child=-2 -3 -4 -5 6 -7 -8
leaf_value=-1.2280942226310577e-06 -4.810380116261441e-06 -0.00012808057002849663 0.0001636245177675743 6.9210094467051257e-05 -0.00016095355537279504 7.099057402960828e-05 1.655162658216903e-07
leaf_weight=110 388 34 26 69 36 66 33
leaf_count=110 388 34 26 69 36 66 33
internal_value=0.000459318 0.00213904 0.00308824 0.00191083 0.000306122 0.003125 -0.00688406
internal_weight=762 374 340 314 245 176 69
internal_count=762 374 340 314 245 176 69
is_linear=0
shrinkage=0.05


Tree=68
num_leaves=8
num_cat=0
split_feature=4 11 9 10 10 16 9
split_gain=0.960985 1.02492 1.3686 0.964155 0.995615 1.09535 1.16071
threshold=0.013894932642276455 -0.024572906939621272 0.10996240223318356 0.013844787315234976 0.010655373456526786 -0.028163467399731298 0.079351304866674091
decision_type=2 2 8 2 2 2 10
left_child=-1 2 -2 4 5 -3 -7
right_child=1 3 -4 -5 -6 6 -8
leaf_value=9.1305217399797811e-05 0.00010485805369399423 -0.00017997374403623068 -3.7372069033373521e-05 0.00010772464341964515 -6.5044392307479426e-05 1.2437626099120787e-05 -7.1540224892946863e-06
leaf_weight=32 26 29 25 33 29 352 227
leaf_count=32 26 29 25 33 29 352 227
internal_value=0.000896414 0.000520111 0.00735294 0 -0.000431711 0 0.000474957
internal_weight=753 721 51 670 637 608 579
internal_count=753 721 51 670 637 608 579
is_linear=0
shrinkage=0.05


Tree=69
num_leaves=8
num_cat=0
split_feature=8 9 0 8 0 9 1
split_gain=0.742382 2.12748 1.36186 1.51382 1.29332 1.63043 1.82056
threshold=-0.0033857221623850848 -0.081759866538562473 -0.017084777724186481 -0.00071691830733144879 -0.006428330364064482 0.019336846905374076 0.003035151281225668
decision_type=8 10 2 8 2 10 2
left_child=1 -1 -2 -4 -5 6 -6
right_child=2 -3 3 4 5 -7 -8
leaf_value=9.5680078621923891e-05 -0.00021530541091006606 3.4102878844053352e-06 -0.00015868676146778136 5.29845235040608e-05 -0.00018822054507824777 4.8251374291408877e-06 -6.2470879929453103e-06
leaf_weight=45 26 187 26 86 32 274 74
leaf_count=45 26 187 26 86 32 274 74
internal_value=0.000666667 0.00301724 -0.0003861 0.000203252 0.000858369 -0.000394737 -0.00566038
internal_weight=750 232 518 492 466 380 106
internal_count=750 232 518 492 466 380 106
is_linear=0
shrinkage=0.05


Tree=70
num_leaves=8
num_cat=0
split_feature=0 14 9 4 6 6 14
split_gain=1.31108 1.21317 1.12061 1.02407 1.04882 2.2853 1.40931
threshold=0.022382421404597567 0.10157519013318318 0.09070395161756363 0.013894932642276455 -0.20659638098049385 -0.33729009703985841 -0.06426442822534599
decision_type=2 2 10 2 2 2 2
left_child=1 3 -3 -1 5 -5 -6
right_child=-2 2 -4 4 6 -7 -8
leaf_value=8.6498699658350879e-05 9.7963967687268543e-05 0.00010994681026557873 -2.7180270767528798e-05 -2.6052096246326597e-06 4.0008150442131057e-05 7.6670692149412393e-05 -6.9687557251605671e-05
leaf_weight=32 28 30 25 300 52 41 233
leaf_count=32 28 30 25 300 52 41 233
internal_value=0.000101215 -0.000315568 0.00681818 -0.000911854 -0.00135783 0.000513196 -0.00359649
internal_weight=741 713 55 658 626 341 285
internal_count=741 713 55 658 626 341 285
is_linear=0
shrinkage=0.05


Tree=71
num_leaves=8
num_cat=0
split_feature=13 14 1 14 1 4 6
split_gain=1.34965 1.86288 0.98844 2.44398 1.50598 1.47333 1.13517
threshold=20.659999847412113 0.090336443973437111 0.028512823200775642 -0.037983330078441173 0.020939356985181793 0.017393230630045095 0.41502103515968558
decision_type=2 2 2 2 2 2 2
left_child=1 2 4 -4 6 -6 -1
right_child=-2 -3 3 -5 5 -7 -8
leaf_value=7.2389370190353162e-06 -7.4566110180288901e-05 7.1829676275474388e-05 0.00012814453782048998 -2.2299961196122191e-06 1.1341104924022378e-06 -0.00014685052334117659 -5.6679266923021511e-05
leaf_weight=323 110 36 37 80 26 25 110
leaf_count=323 110 36 37 80 26 25 110
internal_value=0.000568942 0.00145212 0.000790349 0.00491453 -0.000206612 -0.00833333 0.000750577
internal_weight=747 637 601 117 484 51 433
internal_count=747 637 601 117 484 51 433
is_linear=0
shrinkage=0.05


Tree=72
num_leaves=8
num_cat=0
split_feature=9 0 16 3 3 13 4
split_gain=1.02384 1.38983 1.30004 1.37204 1.83889 1.9696 1.70614
threshold=-0.025482516937506746 0.0034024439933788568 -0.034568665521355783 -0.004848797605654597 -0.00065071319383319659 16.285000801086429 0.019324520284105421
decision_type=8 2 2 2 2 2 2
left_child=1 -1 -2 6 5 -5 -4
right_child=2 -3 3 4 -6 -7 -8
leaf_value=-8.6060933308096388e-05 4.1145616412298971e-05 5.3564698684735458e-05 -0.00014019794042658521 9.3684619342838008e-05 -7.6303669212856801e-07 1.1940923203357683e-05 9.5581146989164301e-06
leaf_weight=54 55 25 38 76 391 73 35
leaf_count=54 55 25 38 76 391 73 35
internal_value=0.000635877 -0.00474684 0.00127246 0.000611746 0.00148148 0.00620805 -0.00582192
internal_weight=747 79 668 613 540 149 73
internal_count=747 79 668 613 540 149 73
is_linear=0
shrinkage=0.05


Tree=73
num_leaves=8
num_cat=0
split_feature=11 11 16 6 16 1 1
split_gain=0.974474 1.74613 0.850181 1.81825 0.846774 1.24235 1.42334
threshold=-0.023775986944761848 -0.03145344780031472 0.034707651889111631 -0.4684962862552644 0.025392231245215394 0.02639843341010906 0.033685443356030749
decision_type=2 2 2 2 2 2 2
left_child=1 -1 4 -4 5 -2 -7
right_child=2 -3 3 -5 -6 6 -8
leaf_value=-1.170555438653959e-06 -3.3853829707292162e-06 7.6228931794745925e-05 -9.7463303484575034e-06 5.7992791576218537e-05 -1.0267641372029014e-05 8.8605227131439778e-05 4.4433270067951914e-06
leaf_weight=26 456 28 33 48 51 32 72
leaf_count=26 456 28 33 48 51 32 72
internal_value=0.000938338 0.00740741 0.000433526 0.00524691 -0.000204583 0.000357143 0.00528846
internal_weight=746 54 692 81 611 560 104
internal_count=746 54 692 81 611 560 104
is_linear=0
shrinkage=0.05


Tree=74
num_leaves=8
num_cat=0
split_feature=14 14 2 6 13 13 8
split_gain=1.02374 2.80022 1.95414 1.78524 2.06189 2.06235 1.45218
threshold=-0.01759756320211869 -0.029587498132827402 -0.043214554645185858 1.4352696041005681 14.444999694824221 15.464999675750734 0.078420694982287001
decision_type=2 2 2 2 2 2 10
left_child=1 3 -2 4 -1 -6 -4
right_child=2 -3 6 -5 5 -7 -8
leaf_value=-3.8326073909541192e-05 4.720701164071372e-05 -0.00010887123936555877 1.1303498834422909e-05 -0.00016452500889575875 0.00010297061318179794 2.4647437687554185e-05 -8.8236743566179468e-05
leaf_weight=47 59 64 359 26 27 140 32
leaf_count=47 59 64 359 26 27 140 32
internal_value=0.000596817 -0.00164474 0.00211111 0.000833333 0.00233645 0.00494012 0.000831202
internal_weight=754 304 450 240 214 167 391
internal_count=754 304 450 240 214 167 391
is_linear=0
shrinkage=0.05


Tree=75
num_leaves=8
num_cat=0
split_feature=7 9 13 10 0 7 10
split_gain=1.19155 2.14494 1.92264 1.28179 1.74095 1.20419 1.7517
threshold=-0.0011403388291179593 0.029023926885593191 13.305000305175783 0.011197941469223484 0.010217951469439825 0.015839352063999782 0.00063381300570131149
decision_type=2 8 2 2 2 2 2
left_child=-1 -2 -3 4 5 6 -4
right_child=1 2 3 -5 -6 -7 -8
leaf_value=1.8705286654958455e-05 -6.2734964890555353e-05 -8.6601739696254667e-05 8.7229868345798123e-06 9.782208252270804e-05 -7.976819343130377e-05 5.0605643935219262e-05 -0.00016201809830260867
leaf_weight=290 49 40 63 27 76 147 37
leaf_count=290 49 40 63 27 76 147 37
internal_value=0.000788752 -0.000854214 0.000384615 0.00157143 0.000696594 0.00273279 -0.0015
internal_weight=729 439 390 350 323 247 100
internal_count=729 439 390 350 323 247 100
is_linear=0
shrinkage=0.05


end of trees

feature_importances:
dist_ma200=58
vix_level=54
ret_5d=41
vix_chg_1d=38
ret_1d=36
dvol_z_20=36
spy_ret_1d=36
atr_pct=34
sector_ret_5d=34
overnight_gap=33
sector_ret_1d=32
dist_ma50=31
ret_20d=21
spy_ret_5d=18
dist_ma20=11
parkinson_20=10
spy_ret_20d=9

parameters:
[boosting: gbdt]
[objective: quantile]
[metric: quantile]
[tree_learner: serial]
[device_type: cpu]
[data_sample_strategy: bagging]
[data: ]
[valid: ]
[num_iterations: 80]
[learning_rate: 0.05]
[num_leaves: 8]
[num_threads: 1]
[seed: 0]
[deterministic: 0]
[force_col_wise: 1]
[force_row_wise: 0]
[histogram_pool_size: -1]
[max_depth: -1]
[min_data_in_leaf: 25]
[min_sum_hessian_in_leaf: 0.001]
[bagging_fraction: 0.9]
[pos_bagging_fraction: 1]
[neg_bagging_fraction: 1]
[bagging_freq: 1]
[bagging_seed: 3]
[bagging_by_query: 0]
[feature_fraction: 0.9]
[feature_fraction_bynode: 1]
[feature_fraction_seed: 2]
[extra_trees: 0]
[extra_seed: 6]
[early_stopping_round: 0]
[early_stopping_min_delta: 0]
[first_metric_only: 0]
[max_delta_step: 0]
[lambda_l1: 0]
[lambda_l2: 0]
[linear_lambda: 0]
[min_gain_to_split: 0]
[drop_rate: 0.1]
[max_drop: 50]
[skip_drop: 0.5]
[xgboost_dart_mode: 0]
[uniform_drop: 0]
[drop_seed: 4]
[top_rate: 0.2]
[other_rate: 0.1]
[min_data_per_group: 100]
[max_cat_threshold: 32]
[cat_l2: 10]
[cat_smooth: 10]
[max_cat_to_onehot: 4]
[top_k: 20]
[monotone_constraints: ]
[monotone_constraints_method: basic]
[monotone_penalty: 0]
[feature_contri: ]
[forcedsplits_filename: ]
[refit_decay_rate: 0.9]
[cegb_tradeoff: 1]
[cegb_penalty_split: 0]
[cegb_penalty_feature_lazy: ]
[cegb_penalty_feature_coupled: ]
[path_smooth: 0]
[interaction_constraints: ]
[verbosity: -1]
[saved_feature_importance_type: 0]
[use_quantized_grad: 0]
[num_grad_quant_bins: 4]
[quant_train_renew_leaf: 0]
[stochastic_rounding: 1]
[linear_tree: 0]
[max_bin: 255]
[max_bin_by_feature: ]
[min_data_in_bin: 3]
[bin_construct_sample_cnt: 200000]
[data_random_seed: 1]
[is_enable_sparse: 1]
[enable_bundle: 1]
[use_missing: 1]
[zero_as_missing: 0]
[feature_pre_filter: 1]
[pre_partition: 0]
[two_round: 0]
[header: 0]
[label_column: ]
[weight_column: ]
[group_column: ]
[ignore_column: ]
[categorical_feature: ]
[forcedbins_filename: ]
[precise_float_parser: 0]
[parser_config_file: ]
[objective_seed: 5]
[num_class: 1]
[is_unbalance: 0]
[scale_pos_weight: 1]
[sigmoid: 1]
[boost_from_average: 1]
[reg_sqrt: 0]
[alpha: 0.5]
[fair_c: 1]
[poisson_max_delta_step: 0.7]
[tweedie_variance_power: 1.5]
[lambdarank_truncation_level: 30]
[lambdarank_norm: 1]
[label_gain: ]
[lambdarank_position_bias_regularization: 0]
[eval_at: ]
[multi_error_top_k: 1]
[auc_mu_weights: ]
[num_machines: 1]
[local_listen_port: 12400]
[time_out: 120]
[machine_list_filename: ]
[machines: ]
[gpu_platform_id: -1]
[gpu_device_id: -1]
[gpu_device_id_list: ]
[gpu_use_dp: 0]
[num_gpu: 1]

end of parameters

pandas_categorical:[]
