tree
version=v4
num_class=1
num_tree_per_iteration=1
label_index=0
max_feature_idx=16
objective=quantile
feature_names=ret_1d ret_5d ret_20d overnight_gap atr_pct parkinson_20 dvol_z_20 dist_ma20 dist_ma50 dist_ma200 spy_ret_1d spy_ret_5d spy_ret_20d vix_level vix_chg_1d sector_ret_1d sector_ret_5d
feature_infos=[-0.12656917546534174:0.11428503922124555] [-0.13849044668936394:0.15808997259238255] [-0.20026934271688612:0.21404394872064669] [-0.087666798411533353:0.070830661513665349] [0.010364096794026167:0.050964787798203869] [0.0069307479634415836:0.024968056756218583] [-2.15977163338074:4.1581870079657808] [-0.13314919417135485:0.11162413136133531] [-0.17902099239378311:0.17012352539505637] [-0.12859188513381203:0.32321148848456938] [-0.058542947643003718:0.10501933612632941] [-0.11496158439845272:0.082843216242346029] [-0.12265592443394913:0.15756596870864792] [11.859999656677246:52.330001831054688] [-0.35753873962348437:0.74039073966007019] [-0.06285260230433054:0.088816354578251211] [-0.11675897124649115:0.08529462291702461]
tree_sizes=821 856 850 859 861 859 859 850 861 858 866 858 862 855 868

Tree=0
num_leaves=8
num_cat=0
split_feature=5 1 12 2 16 10 6
split_gain=2.70697 1.28015 0.787879 1.35645 0.887835 0.508109 0.339396
threshold=0.015505118205574943 0.043691259665270217 0.029962761460985091 0.052750738964310047 0.010108552844089182 -0.013932246020769588 0.90195934084331952
decision_type=2 2 2 2 2 2 2
left_child=1 5 3 -2 -5 -1 -7
right_child=2 -3 -4 4 -6 6 -8
leaf_value=0.015666492089354465 0.016042727657772017 0.015655228278545995 0.015225377523570439 0.015200876994946277 0.015739592612552054 0.015126237228062245 0.015342162899017386
leaf_weight=25 45 29 39 33 26 475 78
leaf_count=25 45 29 39 33 26 475 78
internal_value=0.0153254 0.0138674 0.0215142 0.0237869 0.0188 0.0133531 0.0130379
internal_weight=750 607 143 104 59 578 553
internal_count=750 607 143 104 59 578 553
is_linear=0
shrinkage=1


Tree=1
num_leaves=8
num_cat=0
split_feature=5 3 3 14 5 16 16
split_gain=2.50481 2.78327 0.938935 0.888811 0.909292 1.03555 1.6771
threshold=0.015505118205574943 -0.0037855818943513526 0.0076422604815993287 0.012431899030548645 0.011317414763071661 0.011603145451312248 -0.0023477780495771423
decision_type=2 2 2 2 2 2 2
left_child=3 -2 -3 -1 5 6 -5
right_child=1 2 -4 4 -6 -7 -8
leaf_value=-0.00018928941797623336 0.00058419256982330235 -8.459544061636166e-05 0.0013432495623545142 9.4187183472009908e-05 -0.00023621379688644031 -0.00038159013774332175 0.00062253212992560139
leaf_weight=385 31 79 26 63 89 26 35
leaf_count=385 31 79 26 63 89 26 35
internal_value=-9.5369e-05 0.00602941 0.00214286 -0.0014883 0.00110329 0.00387097 0.00622449
internal_weight=734 136 105 598 213 124 98
internal_count=734 136 105 598 213 124 98
is_linear=0
shrinkage=0.05


Tree=2
num_leaves=8
num_cat=0
split_feature=5 3 12 7 5 14 16
split_gain=2.6877 2.56538 0.702216 1.20471 0.678289 1.09624 1.01689
threshold=0.016439074360312275 -0.0037855818943513526 0.029962761460985091 0.032590255196121028 0.011347443701262281 0.012431899030548645 0.012266935727599073
decision_type=2 2 2 2 2 2 2
left_child=4 -2 3 -3 5 -1 -7
right_child=1 2 -4 -5 -6 6 -8
leaf_value=-0.00018332507402836105 0.00034751834091003696 0.0010665853610698241 -0.00018015254978928495 -8.0666993292296202e-06 -0.00018184459901725349 0.00046974820271617515 -0.0003625106308561557
leaf_weight=221 25 26 30 38 284 99 26
leaf_count=221 25 26 30 38 284 99 26
internal_value=-0.000126837 0.0067647 0.00297872 0.0059375 -0.00142857 5.78023e-05 0.0038
internal_weight=749 119 94 64 630 346 125
internal_count=749 119 94 64 630 346 125
is_linear=0
shrinkage=0.05


Tree=3
num_leaves=8
num_cat=0
split_feature=4 3 1 1 14 1 3
split_gain=2.63084 1.73665 1.04876 1.40006 0.757301 0.72605 1.2549
threshold=0.024689936833540361 -0.0037855818943513526 -0.00048084268907039313 0.031086762050847597 0.014555585659076444 -0.0057180410936777939 0.001618442422353872
decision_type=2 2 2 2 2 2 2
left_child=4 -2 -3 -4 -1 6 -6
right_child=1 2 3 -5 5 -7 -8
leaf_value=-0.00017341150205158916 0.00029047793287095852 -0.00026589624480085169 0.00086129392217279891 9.9671177104566989e-06 0.00048704813678657443 -9.5217380735988791e-05 -0.00021670534760071371
leaf_weight=398 30 45 26 40 60 119 25
leaf_count=398 30 45 26 40 60 119 25
internal_value=-0.000154779 0.00599291 0.00310811 0.00712121 -0.00159469 0.000882352 0.00441176
internal_weight=743 141 111 66 602 204 85
internal_count=743 141 111 66 602 204 85
is_linear=0
shrinkage=0.05


Tree=4
num_leaves=8
num_cat=0
split_feature=5 3 6 14 16 12 5
split_gain=2.72444 2.50139 0.808495 0.604649 0.56129 0.455498 0.579897
threshold=0.016439074360312275 -0.0037855818943513526 2.330868978890043 0.038811658900465458 0.0064494355132266321 0.028951929172189476 0.011786919165832114
decision_type=2 2 2 2 2 2 2
left_child=2 -2 5 4 -3 6 -1
right_child=1 3 -4 -5 -6 -7 -8
leaf_value=6.2291523802325113e-05 0.0005356283525603878 -0.00044221145750215408 0.00023397119313722618 0.00090328412638923596 0.00023031747352498749 -0.00017419924447479543 -0.00015424923742016674
leaf_weight=204 28 29 30 29 31 231 164
leaf_count=204 28 29 30 29 31 231 164
internal_value=-4.02157e-05 0.00696581 -0.0013434 0.00286517 -1.19209e-09 -0.00174458 -0.000652175
internal_weight=746 117 629 89 60 599 368
internal_count=746 117 629 89 60 599 368
is_linear=0
shrinkage=0.05


Tree=5
num_leaves=8
num_cat=0
split_feature=5 3 10 1 15 9 14
split_gain=2.7018 3.50305 1.10873 1.09647 0.756347 0.621212 0.618877
threshold=0.016439074360312275 -0.0037855818943513526 -0.0040208164286187889 0.043691259665270217 0.013053359281890222 0.02044970772262578 0.014555585659076444
decision_type=2 2 2 2 2 10 2
left_child=3 -2 -3 4 6 -4 -1
right_child=1 2 5 -5 -6 -7 -8
leaf_value=-0.00018178452395160142 0.0005130286446434042 0.00043727477471903895 -0.00027828301921559964 0.00021595663098697752 0.00025013043343911754 0.00058095289040648479 -4.5784417243417247e-06
leaf_weight=353 27 29 41 31 33 25 198
leaf_count=353 27 29 41 31 33 25 198
internal_value=8.81942e-05 0.00688524 0.00236842 -0.00126016 -0.00174658 -0.00121212 -0.00218693
internal_weight=737 122 95 615 584 66 551
internal_count=737 122 95 615 584 66 551
is_linear=0
shrinkage=0.05


Tree=6
num_leaves=8
num_cat=0
split_feature=4 3 12 9 2 4 0
split_gain=2.16853 1.12988 0.724924 1.25927 0.672081 0.953442 0.386658
threshold=0.024689936833540361 -0.0037855818943513526 -0.0045413720184895303 0.039956306894444411 0.10108615608257411 0.02742877593232149 -0.0046387581155725157
decision_type=2 2 2 8 2 2 2
left_child=2 -2 3 -1 5 -3 -4
right_child=1 4 6 -5 -6 -7 -8
leaf_value=0.000556361184725853 0.00021202825909491307 0.000366438673387747 -1.9541188185943782e-05 -0.00013215072911966231 -0.00016434178942813943 -2.6989252192884789e-06 -0.00018504128227766461
leaf_weight=32 36 37 155 78 31 46 331
leaf_count=32 36 37 155 78 31 46 331
internal_value=-4.02157e-05 0.00533333 -0.00139262 0.00227273 0.00289474 0.00524096 -0.00222222
internal_weight=746 150 596 110 114 83 486
internal_count=746 150 596 110 114 83 486
is_linear=0
shrinkage=0.05


Tree=7
num_leaves=8
num_cat=0
split_feature=5 1 7 12 1 14 5
split_gain=2.02449 1.17673 0.901149 2.35794 0.72496 0.617725 0.699735
threshold=0.015505118205574943 0.043691259665270217 0.031880481342062568 0.042111122308508782 -0.0051432659236289027 0.014555585659076444 0.011317414763071661
decision_type=2 2 2 2 2 2 2
left_child=1 5 3 4 -2 -1 -7
right_child=2 -3 -4 -5 -6 6 -8
leaf_value=-0.00016455859250967401 0.00020836196250383196 0.0001773407552197928 4.1630387829354539e-06 -0.00015708165765032907 0.0007588720064170499 7.2889635925618343e-05 -0.00015336815563651981
leaf_weight=377 28 31 58 34 25 108 84
leaf_count=377 28 31 58 34 25 108 84
internal_value=-0.000302015 -0.00158333 0.005 0.00821839 0.0148113 -0.00210018 0.000208332
internal_weight=745 600 145 87 53 569 192
internal_count=745 600 145 87 53 569 192
is_linear=0
shrinkage=0.05


Tree=8
num_leaves=8
num_cat=0
split_feature=4 13 7 14 11 0 3
split_gain=1.72079 0.914583 1.66967 1.25562 0.654492 0.470353 0.833286
threshold=0.024214086509759352 17.125000000000004 0.035022949873442018 0.031770832380203846 -0.025492128925019227 -0.0046387581155725157 0.0010864652951034783
decision_type=2 2 2 2 2 2 2
left_child=4 -2 3 -3 -1 6 -6
right_child=1 2 -4 -5 5 -7 -8
leaf_value=0.00026982980158426557 0.00055667076433506778 0.00017005147813355743 -8.4478838867464411e-05 0.00052128686448858156 -7.5931043194139511e-05 -0.00014015626557397869 0.0001377289618965634
leaf_weight=26 28 57 44 26 137 403 43
leaf_count=26 28 57 44 26 137 403 43
internal_value=-2.61792e-05 0.00467742 0.00287401 0.00704819 -0.00122332 -0.00156947 0.000555554
internal_weight=764 155 127 83 609 583 180
internal_count=764 155 127 83 609 583 180
is_linear=0
shrinkage=0.05


Tree=9
num_leaves=8
num_cat=0
split_feature=12 5 7 5 7 4 10
split_gain=1.27971 1.2197 2.00344 0.674568 1.00613 0.53 0.590909
threshold=0.029255274233742638 0.016526688307154282 0.032590255196121028 0.011786919165832114 0.016545941072562468 0.014084918076118842 -0.0060493286934151782
decision_type=2 2 2 2 2 2 2
left_child=1 3 -3 4 5 -1 -7
right_child=-2 2 -4 -5 -6 6 -8
leaf_value=-0.00032641237559253515 -0.00014871062843679927 0.00070544042353339314 1.2400415455617137e-06 -0.00013483573470578715 0.00067084019511160886 0.00046427242653552321 -1.7825375156734545e-05
leaf_weight=38 272 33 48 171 39 26 117
leaf_count=38 272 33 48 171 39 26 117
internal_value=-0.000430109 0.00114407 0.00672839 -1.27889e-05 0.00181818 0.000248618 0.00164336
internal_weight=744 472 81 391 220 181 143
internal_count=744 472 81 391 220 181 143
is_linear=0
shrinkage=0.05


Tree=10
num_leaves=8
num_cat=0
split_feature=4 12 9 11 5 4 16
split_gain=1.88664 0.652407 1.68733 0.617448 0.541676 1.70948 0.709839
threshold=0.024087350615491918 0.029962761460985091 0.0066286839055416111 -0.0050766678168972504 0.011347443701262281 0.018359018859285012 0.013595640351800832
decision_type=2 2 10 2 2 2 2
left_child=4 2 -2 -4 5 6 -1
right_child=1 -3 3 -5 -6 -7 -8
leaf_value=1.0858604270357339e-05 0.00035147721249142826 -0.00033036391558469565 -6.6410520873961024e-06 0.00033103403352260653 -0.0001242876648675502 0.00043186622978451578 -0.00020124755419896118
leaf_weight=232 33 30 42 46 257 26 83
leaf_count=232 33 30 42 46 257 26 83
internal_value=-6.00813e-05 0.00493377 0.00657025 0.00295454 -0.00132107 -1.46639e-05 -0.00103175
internal_weight=749 151 121 88 598 341 315
internal_count=749 151 121 88 598 341 315
is_linear=0
shrinkage=0.05


Tree=11
num_leaves=8
num_cat=0
split_feature=5 7 12 6 2 12 5
split_gain=1.2062 1.21924 2.25436 0.610614 0.453704 0.542226 0.419377
threshold=0.016439074360312275 0.035577877648238505 0.042111122308508782 0.90195934084331952 0.00058880488187496038 0.017951110302837473 0.010642974519927633
decision_type=2 2 2 2 2 2 2
left_child=3 2 -2 6 -5 -6 -1
right_child=1 -3 -4 4 5 -7 -8
leaf_value=-8.3209001486168755e-05 0.00063562066748953201 -1.3136054858035069e-05 -0.00014450766968727825 -0.00011162510027905927 0.0011245639682561225 -0.0001689782611605845 -0.00014445129436543427
leaf_weight=226 45 44 34 54 26 28 290
leaf_count=226 45 44 34 54 26 28 290
internal_value=-0.000582331 0.00394309 0.00765823 -0.00147436 0.00194444 0.00518518 -0.00218992
internal_weight=747 123 79 624 108 54 516
internal_count=747 123 79 624 108 54 516
is_linear=0
shrinkage=0.05


Tree=12
num_leaves=8
num_cat=0
split_feature=12 9 12 2 8 5 5
split_gain=0.87931 1.30685 1.54714 0.555737 0.545993 0.543505 0.888468
threshold=0.028951929172189476 -0.0068659813283279405 -0.016904021540445843 -0.02499826067259386 0.13546250621476943 0.016526688307154282 0.011793626501290394
decision_type=2 8 2 2 8 2 2
left_child=1 2 -1 -3 5 6 -5
right_child=-2 3 -4 4 -6 -7 -8
leaf_value=0.00035164966621214035 -0.00011780089924135936 -0.00019512589960380924 -3.8137101568783648e-05 8.2574641626574001e-05 -0.00036239310821169061 0.00063871941735272426 -0.00011391225119637389
leaf_weight=25 271 104 35 129 37 43 90
leaf_count=25 271 104 35 129 37 43 90
internal_value=-0.000708448 0.00061555 0.0075 -0.00040943 0.000685618 0.00148855 0.000479451
internal_weight=734 463 60 403 299 262 219
internal_count=734 463 60 403 299 262 219
is_linear=0
shrinkage=0.05


Tree=13
num_leaves=8
num_cat=0
split_feature=12 10 5 7 13 2 13
split_gain=1.17833 0.633205 0.671576 1.70294 0.875198 0.901141 0.608054
threshold=0.0094949171636059555 0.011869718420407295 0.016439074360312275 0.032590255196121028 18.94999980926514 0.041717194985195112 17.394999504089359
decision_type=2 2 2 2 2 2 2
left_child=1 2 4 -4 5 6 -1
right_child=-2 -3 3 -5 -6 -7 -8
leaf_value=-0.00019267089796738506 -7.6241266439542132e-05 0.00017511655410557209 0.00059968016071388914 -4.0575247025946089e-05 -0.0003331202659930929 0.00035980465624619684 0.00035530407899485842
leaf_weight=69 458 28 27 38 75 25 25
leaf_count=69 458 28 27 38 75 25 25
internal_value=-0.000369129 0.00214286 0.00137066 0.00576923 -0.000103094 0.00256302 0.000319148
internal_weight=745 287 259 65 194 119 94
internal_count=745 287 259 65 194 119 94
is_linear=0
shrinkage=0.05


Tree=14
num_leaves=8
num_cat=0
split_feature=4 3 12 5 0 3 3
split_gain=1.1793 0.863552 1.05427 0.50671 0.679709 0.79302 0.892582
threshold=0.025725284845890376 -0.0037855818943513526 -0.011548235899129232 0.011786919165832114 0.0025010984840155852 -0.00060241397556659571 0.0015657413384693177
decision_type=2 2 2 2 2 2 2
left_child=3 -2 -3 4 5 -1 -7
right_child=1 2 -4 -5 -6 6 -8
leaf_value=-0.00013267705577274966 0.00011987044327329074 0.00021648274768890823 -0.0001508544298090723 -9.0674984731981212e-05 -0.00011494717633768986 0.00021712796589233439 -1.8757329142120724e-05
leaf_weight=109 31 41 45 221 151 65 56
leaf_count=109 31 41 45 221 151 65 56
internal_value=-0.000618916 0.00397436 0.00139535 -0.00151163 -0.000406825 0.00130435 0.00409091
internal_weight=719 117 86 602 381 230 121
internal_count=719 117 86 602 381 230 121
is_linear=0
shrinkage=0.05


end of trees

feature_importances:
parkinson_20=19
spy_ret_20d=13
overnight_gap=12
atr_pct=8
ret_5d=7
dist_ma20=7
vix_chg_1d=7
sector_ret_5d=6
ret_20d=5
dist_ma200=4
spy_ret_1d=4
ret_1d=3
dvol_z_20=3
vix_level=3
spy_ret_5d=2
dist_ma50=1
sector_ret_1d=1

parameters:
[boosting: gbdt]
[objective: quantile]
[metric: quantile]
[tree_learner: serial]
[device_type: cpu]
[data_sample_strategy: bagging]
[data: ]
[valid: ]
[num_iterations: 80]
[learning_rate: 0.05]
[num_leaves: 8]
[num_threads: 1]
[seed: 0]
[deterministic: 0]
[force_col_wise: 1]
[force_row_wise: 0]
[histogram_pool_size: -1]
[max_depth: -1]
[min_data_in_leaf: 25]
[min_sum_hessian_in_leaf: 0.001]
[bagging_fraction: 0.9]
[pos_bagging_fraction: 1]
[neg_bagging_fraction: 1]
[bagging_freq: 1]
[bagging_seed: 3]
[bagging_by_query: 0]
[feature_fraction: 0.9]
[feature_fraction_bynode: 1]
[feature_fraction_seed: 2]
[extra_trees: 0]
[extra_seed: 6]
[early_stopping_round: 0]
[early_stopping_min_delta: 0]
[first_metric_only: 0]
[max_delta_step: 0]
[lambda_l1: 0]
[lambda_l2: 0]
[linear_lambda: 0]
[min_gain_to_split: 0]
[drop_rate: 0.1]
[max_drop: 50]
[skip_drop: 0.5]
[xgboost_dart_mode: 0]
[uniform_drop: 0]
[drop_seed: 4]
[top_rate: 0.2]
[other_rate: 0.1]
[min_data_per_group: 100]
[max_cat_threshold: 32]
[cat_l2: 10]
[cat_smooth: 10]
[max_cat_to_onehot: 4]
[top_k: 20]
[monotone_constraints: ]
[monotone_constraints_method: basic]
[monotone_penalty: 0]
[feature_contri: ]
[forcedsplits_filename: ]
[refit_decay_rate: 0.9]
[cegb_tradeoff: 1]
[cegb_penalty_split: 0]
[cegb_penalty_feature_lazy: ]
[cegb_penalty_feature_coupled: ]
[path_smooth: 0]
[interaction_constraints: ]
[verbosity: -1]
[saved_feature_importance_type: 0]
[use_quantized_grad: 0]
[num_grad_quant_bins: 4]
[quant_train_renew_leaf: 0]
[stochastic_rounding: 1]
[linear_tree: 0]
[max_bin: 255]
[max_bin_by_feature: ]
[min_data_in_bin: 3]
[bin_construct_sample_cnt: 200000]
[data_random_seed: 1]
[is_enable_sparse: 1]
[enable_bundle: 1]
[use_missing: 1]
[zero_as_missing: 0]
[feature_pre_filter: 1]
[pre_partition: 0]
[two_round: 0]
[header: 0]
[label_column: ]
[weight_column: ]
[group_column: ]
[ignore_column: ]
[categorical_feature: ]
[forcedbins_filename: ]
[precise_float_parser: 0]
[parser_config_file: ]
[objective_seed: 5]
[num_class: 1]
[is_unbalance: 0]
[scale_pos_weight: 1]
[sigmoid: 1]
[boost_from_average: 1]
[reg_sqrt: 0]
[alpha: 0.9]
[fair_c: 1]
[poisson_max_delta_step: 0.7]
[tweedie_variance_power: 1.5]
[lambdarank_truncation_level: 30]
[lambdarank_norm: 1]
[label_gain: ]
[lambdarank_position_bias_regularization: 0]
[eval_at: ]
[multi_error_top_k: 1]
[auc_mu_weights: ]
[num_machines: 1]
[local_listen_port: 12400]
[time_out: 120]
[machine_list_filename: ]
[machines: ]
[gpu_platform_id: -1]
[gpu_device_id: -1]
[gpu_device_id_list: ]
[gpu_use_dp: 0]
[num_gpu: 1]

end of parameters

pandas_categorical:[]
