tree
version=v4
num_class=1
num_tree_per_iteration=1
label_index=0
max_feature_idx=16
objective=quantile
feature_names=ret_1d ret_5d ret_20d overnight_gap atr_pct parkinson_20 dvol_z_20 dist_ma20 dist_ma50 dist_ma200 spy_ret_1d spy_ret_5d spy_ret_20d vix_level vix_chg_1d sector_ret_1d sector_ret_5d
feature_infos=[-0.12656917546534174:0.11428503922124555] [-0.13849044668936394:0.15808997259238255] [-0.20026934271688612:0.21404394872064669] [-0.087666798411533353:0.070830661513665349] [0.010364096794026167:0.050964787798203869] [0.0069307479634415836:0.024968056756218583] [-2.15977163338074:4.1581870079657808] [-0.13314919417135485:0.11162413136133531] [-0.17902099239378311:0.17012352539505637] [-0.12859188513381203:0.32321148848456938] [-0.058542947643003718:0.10501933612632941] [-0.11496158439845272:0.082843216242346029] [-0.12265592443394913:0.15756596870864792] [11.859999656677246:52.330001831054688] [-0.35753873962348437:0.74039073966007019] [-0.06285260230433054:0.088816354578251211] [-0.11675897124649115:0.08529462291702461]
tree_sizes=847 863 862 862 855 860 857 865 856 863 860 861 861 854 857 859 866 862 859 856 853 849 863 862 854 858 847 848 856 864 846 844 851 847 855 857 869 871 851 853 857 852 864 857 860 868 852 861 858

Tree=0
num_leaves=8
num_cat=0
split_feature=13 3 6 13 9 14 9
split_gain=3.46842 2.05105 2.00043 1.77966 1.76594 1.55528 1.49768
threshold=15.050000190734865 -0.00025283870164000127 -0.37604529515044982 23.770000457763675 0.027926269200468482 -0.015515001009757 0.033827370408538456
decision_type=2 2 2 2 10 2 8
left_child=2 3 6 -2 5 -4 -1
right_child=1 -3 4 -5 -6 -7 -8
leaf_value=-0.0069749790825881066 -0.0071312781656160951 -0.0073009682120755313 -0.0070000698615331203 -0.007525217346847057 -0.0073205993277952073 -0.0072153265355154872 -0.0071228977525606748
leaf_weight=62 201 286 32 26 33 55 55
leaf_count=62 201 286 32 26 33 55 55
internal_value=-0.00764836 -0.00995947 -0.00264583 -0.00641077 -0.0071817 -0.00344606 0.00200634
internal_weight=750 513 237 227 120 87 117
internal_count=750 513 237 227 120 87 117
is_linear=0
shrinkage=1


Tree=1
num_leaves=8
num_cat=0
split_feature=13 3 5 12 5 12 1
split_gain=3.88499 2.93023 1.75455 1.9912 1.7156 2.55759 2.2129
threshold=26.284999847412113 -0.0014012219230237764 0.013923296902035448 -0.0086076797691169143 0.013174279475356829 0.024521717099064925 -0.0026947355835570392
decision_type=2 2 2 2 2 2 2
left_child=1 -1 4 -4 5 -3 -7
right_child=-2 2 3 -5 -6 6 -8
leaf_value=8.9556054444983604e-05 -0.00037641610193531964 -8.1044858088716881e-05 4.9088798696175212e-05 -0.00036499710869975388 0.0001252393436152488 0.00018373086204519497 -2.7309989673085554e-06
leaf_weight=209 28 179 36 68 28 60 126
leaf_count=209 28 179 36 68 28 60 126
internal_value=0.000408719 0.00113314 -0.000955734 -0.00673077 0.000572519 -0.000342466 0.00376344
internal_weight=734 706 497 104 393 365 186
internal_count=734 706 497 104 393 365 186
is_linear=0
shrinkage=0.05


Tree=2
num_leaves=8
num_cat=0
split_feature=4 6 3 13 4 3 12
split_gain=4.01647 2.30294 1.73471 1.95045 1.83341 1.57344 1.63412
threshold=0.018968540769167496 -0.37604529515044982 -0.00025283870164000127 23.770000457763675 0.024689936833540361 0.0056345919911469098 0.031500787286736449
decision_type=2 2 2 2 2 2 2
left_child=1 -1 3 4 -2 6 -3
right_child=2 5 -4 -5 -6 -7 -8
leaf_value=0.00011798674856254366 -4.6492156398016955e-05 -0.00010123116370232312 -0.00015681392341502945 -0.00029285957483807582 0.000151960670191329 9.487830514262896e-05 5.7194744877051575e-05
leaf_weight=202 71 137 183 25 42 30 59
leaf_count=202 71 137 183 25 42 30 59
internal_value=-0.000367156 0.00280374 -0.00459502 -0.000362319 0.00243363 -0.000663717 -0.00229592
internal_weight=749 428 321 138 113 226 196
internal_count=749 428 321 138 113 226 196
is_linear=0
shrinkage=0.05


Tree=3
num_leaves=8
num_cat=0
split_feature=4 8 3 14 8 4 14
split_gain=3.40468 2.59984 2.52868 2.67648 2.35697 1.75166 1.79325
threshold=0.021230998278489198 0.027537516292265422 -0.0037855818943513526 0.075303566395644742 0.097775163335937179 0.013600635550468013 -0.014609583018452553
decision_type=2 8 2 2 10 2 2
left_child=1 5 -2 -4 -3 -1 -7
right_child=2 4 3 -5 -6 6 -8
leaf_value=0.0002113860701345402 5.5702403959003282e-05 -9.513562381507657e-05 -0.00012211709725525001 -0.00053118584368276069 0.00010066983308934142 0.00012452878427575341 6.7457977711456002e-06
leaf_weight=52 49 106 153 32 29 135 187
leaf_count=52 49 106 153 32 29 135 187
internal_value=0.000504711 0.00279961 -0.00448718 -0.00716216 -0.00314815 0.00494652 0.00357143
internal_weight=743 509 234 185 135 374 322
internal_count=743 509 234 185 135 374 322
is_linear=0
shrinkage=0.05


Tree=4
num_leaves=8
num_cat=0
split_feature=5 8 3 13 4 13 5
split_gain=2.88641 2.63474 2.39469 2.31578 1.82696 1.80082 2.33869
threshold=0.013689946316325067 0.027537516292265422 0.00063303156961325169 23.770000457763675 0.025262606568453697 19.055000305175785 0.0092607983680704966
decision_type=2 8 2 2 2 2 2
left_child=1 -1 3 4 -2 6 -3
right_child=2 5 -4 -5 -6 -7 -8
leaf_value=7.6465206575867313e-05 -3.4706592337570286e-05 -0.00010679419332407636 -0.00023119972501484885 -0.00037186882865797093 0.00016595211320034653 -0.00022449177049186804 3.3807376695767742e-05
leaf_weight=407 32 29 89 25 46 32 86
leaf_count=407 32 29 89 25 46 32 86
internal_value=0.000335121 0.00216606 -0.00494792 0.000242718 0.00448718 -0.00357143 -0.000652174
internal_weight=746 554 192 103 78 147 115
internal_count=746 554 192 103 78 147 115
is_linear=0
shrinkage=0.05


Tree=5
num_leaves=8
num_cat=0
split_feature=5 6 6 5 7 10 8
split_gain=2.97351 2.82162 1.77036 1.75066 1.5962 2.47416 1.44858
threshold=0.013638788185242444 -0.37604529515044982 -1.23926298203567 0.016526688307154282 -0.0089528227013425093 -0.0026894294731198971 -0.0021614399907386446
decision_type=2 2 2 2 2 2 8
left_child=1 2 -1 -2 -4 -6 -3
right_child=3 6 4 -5 5 -7 -8
leaf_value=-1.4168106179861772e-05 -0.00012970937201285597 5.619717651501289e-05 0.00018439239019142135 -5.5754695297417089e-05 -8.5424277128425297e-05 0.00010125424033947367 -8.5449514222356375e-05
leaf_weight=45 86 144 60 117 27 104 154
leaf_count=45 86 144 60 117 27 104 154
internal_value=0.000101764 0.00205993 0.00614407 -0.00504926 0.00824607 0.00515267 -0.0011745
internal_weight=737 534 236 203 191 131 298
internal_count=737 534 236 203 191 131 298
is_linear=0
shrinkage=0.05


Tree=6
num_leaves=8
num_cat=0
split_feature=13 12 9 14 6 11 8
split_gain=2.94023 1.76201 2.22142 2.02564 1.87714 1.67269 1.36591
threshold=26.284999847412113 0.059758756541204668 0.031415016556214266 -0.0091057157714133346 -0.48259720143097684 -0.0027153549187989841 -0.033576675040639541
decision_type=2 2 8 2 2 2 8
left_child=1 2 3 -1 -5 -6 -4
right_child=-2 -3 6 4 5 -7 -8
leaf_value=0.00016461659209558567 -0.00027996748983655939 -0.00013082707856963355 0.00018617080802108213 9.8315594543521752e-05 5.279135580824382e-05 -0.00020626509242178587 -2.5165460272973984e-05
leaf_weight=95 30 57 51 41 32 51 389
leaf_count=95 30 57 51 41 32 51 389
internal_value=0.000335121 0.000977654 0.00170713 0.00582192 0.0016129 -0.00271084 -0.000340909
internal_weight=746 716 659 219 124 83 440
internal_count=746 716 659 219 124 83 440
is_linear=0
shrinkage=0.05


Tree=7
num_leaves=8
num_cat=0
split_feature=4 6 12 12 3 8 10
split_gain=2.54909 2.76769 1.60312 1.57762 1.49766 1.8006 1.36093
threshold=0.018968540769167496 -0.018379238992571417 -0.0072815226745224218 0.016092642436075003 0.0055599240081751775 -1.0000000180025095e-35 0.0055837889125804905
decision_type=2 2 2 2 2 8 2
left_child=1 2 -1 -4 5 -3 -2
right_child=6 4 3 -5 -6 -7 -8
leaf_value=0.00018842450362913449 -2.675921381223483e-05 1.434366007908364e-05 -2.3907187259325288e-05 9.8452401794309031e-05 0.00015185858368543275 -0.00012321360270621569 -0.00011715681610854931
leaf_weight=34 229 80 43 169 25 60 105
leaf_count=34 229 80 43 169 25 60 105
internal_value=0.000100671 0.00273723 0.00609756 0.00448113 -0.00227273 -0.00428571 -0.00314371
internal_weight=745 411 246 212 165 140 334
internal_count=745 411 246 212 165 140 334
is_linear=0
shrinkage=0.05


Tree=8
num_leaves=8
num_cat=0
split_feature=13 6 4 8 12 14 3
split_gain=2.43834 1.7625 2.43353 1.91327 1.56389 1.79955 1.55907
threshold=26.494999885559086 -0.38200390831678371 0.028136076499383548 -0.00046039481928655807 0.050860113583604989 0.027028120883943799 -0.00097475724620571514
decision_type=2 2 2 8 2 2 2
left_child=1 2 4 -3 5 6 -1
right_child=-2 3 -4 -5 -6 -7 -8
leaf_value=0.0001337226713244363 -0.0002971567826247072 3.5740568188297986e-05 -0.0001946305916147539 -9.9835238272366066e-05 -4.8328080317746075e-05 -1.2134752763639894e-05 0.00010451288379328453
leaf_weight=61 28 192 28 206 47 63 139
leaf_count=61 28 192 28 206 47 63 139
internal_value=0.000196335 0.000747283 0.00340237 -0.00150754 0.00467742 0.00617871 0.0085
internal_weight=764 736 338 398 310 263 200
internal_count=764 736 338 398 310 263 200
is_linear=0
shrinkage=0.05


Tree=9
num_leaves=8
num_cat=0
split_feature=13 12 6 10 14 14 14
split_gain=2.25678 2.17129 1.66311 1.66895 2.27406 2.19735 1.79505
threshold=19.295000076293949 -0.027198367137832798 -0.38200390831678371 -0.0032352848591708501 -0.01909405816599757 0.068214198873392098 -0.043478201036805324
decision_type=2 2 2 2 2 2 2
left_child=1 -1 -3 5 6 -4 -5
right_child=-2 2 3 4 -6 -7 -8
leaf_value=0.0002081496962700642 -0.00011654087387693332 5.361870258880973e-05 0.00010078926262883531 -0.00010051171108628114 -0.00011604021902076843 -0.00017787759558508649 0.00010929352491385348
leaf_weight=37 162 241 42 60 119 31 52
leaf_count=37 162 241 42 60 119 31 52
internal_value=-0.000336022 0.00111684 0.000321101 -0.00213816 -0.00422078 0.00445205 0.000892857
internal_weight=744 582 545 304 231 73 112
internal_count=744 582 545 304 231 73 112
is_linear=0
shrinkage=0.05


Tree=10
num_leaves=8
num_cat=0
split_feature=4 8 14 3 5 3 12
split_gain=1.90926 2.23614 1.93799 1.84748 1.7271 1.96672 1.61377
threshold=0.019376139827921215 0.027537516292265422 -0.066405515647089006 -0.0059121955091369074 0.011674036937874143 4.6672993877949771e-05 0.041026522292009988
decision_type=2 8 2 2 2 2 2
left_child=1 2 -1 -2 5 -3 -5
right_child=3 4 -4 6 -6 -7 -8
leaf_value=0.00015961007236230346 0.00017140273549373083 -4.5453675494893517e-06 6.6101695096581296e-05 -2.375427520533713e-05 5.7127294622539063e-05 -0.00014781376552018107 -0.00014620138647988671
leaf_weight=31 43 42 302 211 26 34 60
leaf_count=31 43 42 302 211 26 34 60
internal_value=0.000901202 0.00304598 0.00503003 -0.00207006 -0.00343137 -0.00723684 -0.00359779
internal_weight=749 435 333 314 102 76 271
internal_count=749 435 333 314 102 76 271
is_linear=0
shrinkage=0.05


Tree=11
num_leaves=8
num_cat=0
split_feature=4 6 14 16 16 8 1
split_gain=2.17028 1.72783 3.03869 1.45739 1.87344 2.86203 1.81451
threshold=0.018968540769167496 -0.37604529515044982 0.03011365738187333 -0.00052318952961344356 -0.009004825046510288 -0.029615932150720056 0.0010614871227504488
decision_type=2 2 2 2 2 8 2
left_child=1 2 -1 4 5 -2 -7
right_child=3 -3 -4 -5 -6 6 -8
leaf_value=0.00011654380953309137 0.00020352350922670767 -5.1317064260688728e-06 -7.8979895669574888e-05 5.8413704719993513e-06 -0.0002248030153495493 -0.0002487887059619991 -1.160051208070733e-05
leaf_weight=158 30 227 40 183 42 32 35
leaf_count=158 30 227 40 183 42 32 35
internal_value=0.000301205 0.00264706 0.00606061 -0.00279503 -0.00665468 -0.00283505 -0.00858209
internal_weight=747 425 198 322 139 97 67
internal_count=747 425 198 322 139 97 67
is_linear=0
shrinkage=0.05


Tree=12
num_leaves=8
num_cat=0
split_feature=5 5 4 9 4 8 16
split_gain=2.39032 1.98458 2.0487 1.94397 1.95033 1.53943 1.82309
threshold=0.013638788185242444 0.016526688307154282 0.028136076499383548 0.031415016556214266 0.013600635550468013 -0.033576675040639541 -0.015056938304391919
decision_type=2 2 2 8 2 8 2
left_child=3 -2 -3 4 -1 -5 -7
right_child=1 2 -4 5 -6 6 -8
leaf_value=0.00017258519598729004 -0.00013023883792559636 0.00011643701543528618 -0.00022074406013401597 0.00014775066550287133 4.2101718655325145e-05 -0.00017787229888678306 -4.5266596993726994e-06
leaf_weight=28 84 48 69 42 156 49 258
leaf_count=28 84 48 69 42 156 49 258
internal_value=-0.00020436 -0.00485075 -0.000641026 0.00154784 0.00570652 -0.000644699 -0.00187296
internal_weight=734 201 117 533 184 349 307
internal_count=734 201 117 533 184 349 307
is_linear=0
shrinkage=0.05


Tree=13
num_leaves=8
num_cat=0
split_feature=13 7 0 16 7 1 12
split_gain=2.79787 2.47889 2.03962 2.09162 2.12166 2.64229 2.17793
threshold=23.770000457763675 -0.021313537496874143 0.012014176850048132 -0.0028812096970486363 -0.012727294176898217 -0.0085391850337985225 -0.0045413720184895303
decision_type=2 2 2 2 2 2 2
left_child=2 -2 3 4 6 -6 -1
right_child=1 -3 -4 -5 5 -7 -8
leaf_value=0.00018525060166572525 4.2982313730403509e-05 -0.00026703836110846083 -0.00010677282669425523 6.7155623034251052e-05 -0.00027646487369890589 -2.1795723575206822e-05 -6.5400459919976592e-05
leaf_weight=27 25 31 90 382 35 90 65
leaf_count=27 25 31 90 382 35 90 65
internal_value=3.3557e-05 -0.0107143 0.000907112 0.0019616 -0.00195853 -0.0062 0.00380435
internal_weight=745 56 689 599 217 125 92
internal_count=745 56 689 599 217 125 92
is_linear=0
shrinkage=0.05


Tree=14
num_leaves=8
num_cat=0
split_feature=0 14 16 8 13 5 0
split_gain=2.71975 2.62554 2.14519 2.73418 2.01661 1.39006 1.26699
threshold=0.011499600296914438 -0.016284077904727075 -0.0028812096970486363 -0.033576675040639541 20.814999580383304 0.012624591182247192 -0.0015137714550342849
decision_type=2 2 2 8 2 2 2
left_child=2 -2 3 5 -4 -1 -5
right_child=1 -3 4 6 -6 -7 -8
leaf_value=0.0001331124288416166 5.7137759601270459e-05 -0.00022511412332178478 7.1360185042391696e-05 -0.00013943737691103782 -0.00022093508852730106 -5.8907006818901946e-05 -1.2011770397848953e-05
leaf_weight=51 43 54 359 87 26 28 71
leaf_count=51 43 54 359 87 26 28 71
internal_value=0.000312935 -0.00747423 0.00152733 -0.00221519 0.00383117 0.00537975 -0.00601266
internal_weight=719 97 622 237 385 79 158
internal_count=719 97 622 237 385 79 158
is_linear=0
shrinkage=0.05


Tree=15
num_leaves=8
num_cat=0
split_feature=13 12 1 11 4 10 7
split_gain=2.38643 1.89932 1.98418 2.3244 1.6436 1.97657 2.10553
threshold=26.494999885559086 -0.040334955259991249 0.027276921292650805 0.011124085891359938 0.013466260139984755 0.0027897371119552932 -0.028863089627415735
decision_type=2 2 2 2 2 2 2
left_child=1 -1 4 -4 -3 -6 -7
right_child=-2 2 3 -5 5 6 -8
leaf_value=0.0001319551762417769 -0.00024674141196347682 0.00012645680739953579 -0.00019841465913083821 0.0001124463023473533 3.2954291245066011e-05 -0.00018307119460442175 -1.8699432884715048e-05
leaf_weight=32 28 67 73 38 300 43 162
leaf_count=32 28 67 73 38 300 43 162
internal_value=3.36474e-05 0.000594406 3.66032e-05 -0.00608108 0.00122378 0.000247525 -0.00353659
internal_weight=743 715 683 111 572 505 205
internal_count=743 715 683 111 572 505 205
is_linear=0
shrinkage=0.05


Tree=16
num_leaves=8
num_cat=0
split_feature=13 13 12 3 8 2 4
split_gain=2.76327 2.14688 2.53595 2.03944 1.48446 2.61523 1.34969
threshold=26.284999847412113 14.614999771118166 -0.040334955259991249 -0.00025283870164000127 -0.037542648153351281 -0.016654342140442088 0.02742877593232149
decision_type=2 2 2 2 8 2 2
left_child=1 -1 -3 4 -4 -6 -5
right_child=-2 2 3 6 5 -7 -8
leaf_value=6.6792448827353288e-05 -0.00017276216230762898 0.00013924334082883843 0.00014662108267276611 -6.0627291669625925e-05 -0.00022901745761247556 4.5551294221462269e-05 -0.00037446501730179426
leaf_weight=204 27 32 48 242 31 137 36
leaf_count=204 27 32 48 242 31 137 36
internal_value=-3.30251e-05 0.000547945 -0.00114068 -0.00202429 0.00162037 -0.000595238 -0.00485612
internal_weight=757 730 526 494 216 168 278
internal_count=757 730 526 494 216 168 278
is_linear=0
shrinkage=0.05


Tree=17
num_leaves=8
num_cat=0
split_feature=14 12 1 7 8 11 1
split_gain=2.21071 1.49005 2.10287 2.09684 1.58081 1.70482 1.51545
threshold=0.068214198873392098 0.049504484069908934 0.0093094821016793689 -0.016215734481013152 -0.0089360525909163973 0.010968315958417631 0.023962912888845781
decision_type=2 2 2 2 8 2 2
left_child=1 4 3 -3 -1 6 -6
right_child=-2 2 -4 -5 5 -7 -8
leaf_value=8.3673004547160307e-05 -0.00016168450474807192 -0.0002861867063377555 -0.00014079915167540928 0.00010110989223549936 -1.0569995135998332e-06 8.8306943014265394e-05 -0.00016422606464285366
leaf_weight=198 108 31 28 32 154 137 58
leaf_count=198 108 31 28 32 154 137 58
internal_value=0.000134048 0.00125392 -0.00467033 0.000396825 0.00223949 0.0002149 -0.00259434
internal_weight=746 638 91 63 547 349 212
internal_count=746 638 91 63 547 349 212
is_linear=0
shrinkage=0.05


Tree=18
num_leaves=8
num_cat=0
split_feature=14 0 10 9 8 8 4
split_gain=2.00686 2.82182 2.59307 2.14986 1.61946 1.44118 2.13821
threshold=-0.010794703163862494 0.011620633926729186 0.0060647119333787644 0.065026397675534767 -0.024306855297061166 0.00061489074332032889 0.018968540769167496
decision_type=2 2 2 8 10 10 2
left_child=2 -2 3 -1 -5 6 -4
right_child=1 -3 5 4 -6 -7 -8
leaf_value=0.00014772580671747394 -4.6626732069815492e-06 -0.00015168824817405493 0.00012929061260432109 -0.00021573385436104428 5.2922666531837318e-05 -7.0979968598496086e-05 -0.00010512140754465869
leaf_weight=83 362 62 44 25 68 72 37
leaf_count=83 362 62 44 25 68 72 37
internal_value=3.32005e-05 -0.00224057 0.00296353 0.00710227 0.00188172 -0.00179739 0.00277778
internal_weight=753 424 329 176 93 153 81
internal_count=753 424 329 176 93 153 81
is_linear=0
shrinkage=0.05


Tree=19
num_leaves=8
num_cat=0
split_feature=13 12 13 8 1 12 3
split_gain=1.92642 1.57161 1.94343 1.85494 1.67822 1.7587 2.16587
threshold=26.494999885559086 -0.0052152181904612785 14.570000171661379 0.11926074935661692 0.015198603113948496 0.025891227529327935 0.0025051694367196346
decision_type=2 2 2 8 2 2 2
left_child=1 3 4 -1 5 -3 -7
right_child=-2 2 -4 -5 -6 6 -8
leaf_value=0.00010599165980276437 -0.00022255181371255299 -3.6414572928022862e-05 -4.4879709448849333e-05 -0.00011677180580208849 -5.3558362689962906e-05 9.7285721829227075e-05 0.00019988111085829133
leaf_weight=134 25 38 369 25 42 77 29
leaf_count=134 25 38 369 25 42 77 29
internal_value=0.00064276 0.00112045 -0.000135135 0.00550314 0.00403226 0.00659722 0.00990566
internal_weight=739 714 555 159 186 144 106
internal_count=739 714 555 159 186 144 106
is_linear=0
shrinkage=0.05


Tree=20
num_leaves=8
num_cat=0
split_feature=13 12 3 1 16 11 5
split_gain=1.82161 1.99341 1.75382 1.71912 1.93463 2.56492 1.3793
threshold=14.570000171661379 0.058395912438342197 -0.0014012219230237764 0.015198603113948496 -0.0040430235787282101 0.020793273633493151 0.0092607983680704966
decision_type=2 2 2 2 2 2 2
left_child=3 2 -2 4 -1 -6 -4
right_child=1 -3 6 -5 5 -7 -8
leaf_value=-3.2226055344538413e-05 3.9745027848144553e-05 -0.00013543095086605709 -9.5224992534638606e-05 -4.3059128386017552e-05 0.00017902783049575984 -1.975642414346764e-05 -2.2413840923797559e-05
leaf_weight=43 166 46 39 45 79 30 303
leaf_count=43 166 46 39 45 79 30 303
internal_value=0.000565912 -0.000902527 0 0.00469543 0.00723684 0.0107798 -0.00204678
internal_weight=751 554 508 197 152 109 342
internal_count=751 554 508 197 152 109 342
is_linear=0
shrinkage=0.05


Tree=21
num_leaves=8
num_cat=0
split_feature=4 6 3 8 4 13 6
split_gain=1.69026 1.78578 1.61222 1.36402 2.7234 2.19982 1.06237
threshold=0.021230998278489198 0.98180996216083261 -0.0037855818943513526 -0.046205272909852151 0.024689936833540361 20.659999847412113 -1.23926298203567
decision_type=2 2 2 10 2 2 2
left_child=1 6 -2 -4 -5 -6 -1
right_child=2 -3 3 4 5 -7 -8
leaf_value=-3.9412034994625641e-05 3.6542096108516263e-05 -8.0148594458452331e-05 1.3806136637386711e-05 -0.00020586877169798281 0.00013610436862310967 -0.00025311517187721319 4.3226658479185968e-05
leaf_weight=43 52 77 48 50 40 46 392
leaf_count=43 52 77 48 50 40 46 392
internal_value=0.000534759 0.00214844 -0.0029661 -0.00516304 -0.00772059 -0.00232558 0.0033908
internal_weight=748 512 236 184 136 86 435
internal_count=748 512 236 184 136 86 435
is_linear=0
shrinkage=0.05


Tree=22
num_leaves=8
num_cat=0
split_feature=0 14 16 9 14 4 15
split_gain=2.08686 2.31336 2.15066 2.43726 2.32231 2.01364 1.79709
threshold=0.012014176850048132 -0.016284077904727075 -0.0028812096970486363 -0.0068659813283279405 0.0053913947730825926 0.013650719623078461 -0.0021362940687886241
decision_type=2 2 2 10 2 2 2
left_child=2 -2 3 4 -1 -4 -5
right_child=1 -3 5 6 -6 -7 -8
leaf_value=-9.9158079408292945e-05 6.2212802588493014e-05 -0.00019343557629266983 0.00012677916599040199 -0.00015814880301097758 0.0001338022230824252 2.8767429716515786e-05 3.3049571665892416e-07
leaf_weight=57 44 58 50 79 55 343 56
leaf_count=57 44 58 50 79 55 343 56
internal_value=0.000269542 -0.00637255 0.00132813 -0.00232794 0.003125 0.00362595 -0.00685185
internal_weight=742 102 640 247 112 393 135
internal_count=742 102 640 247 112 393 135
is_linear=0
shrinkage=0.05


Tree=23
num_leaves=8
num_cat=0
split_feature=4 6 12 1 16 16 15
split_gain=2.19175 2.09538 2.31122 2.1393 1.76858 1.45375 1.23339
threshold=0.013466260139984755 -0.37604529515044982 0.050860113583604989 0.0024541684166412563 0.00021034983400758381 0.024605285959335314 -0.0060603000003061616
decision_type=2 2 2 2 2 2 2
left_child=4 2 5 -4 -1 -2 -3
right_child=1 6 3 -5 -6 -7 -8
leaf_value=-2.486864535072189e-05 4.9776085539668006e-05 -0.0001277717552100628 7.9699052666776224e-05 -0.00011978828647139131 0.00014138625843721576 -4.3139594791538946e-05 -3.5001227692737907e-05
leaf_weight=27 202 100 26 28 42 40 286
leaf_count=27 202 100 26 28 42 40 286
internal_value=0.000565912 -0.000293255 0.00287162 -0.00648148 0.00905797 0.00495868 -0.00272021
internal_weight=751 682 296 54 69 242 386
internal_count=751 682 296 54 69 242 386
is_linear=0
shrinkage=0.05


Tree=24
num_leaves=8
num_cat=0
split_feature=0 4 3 7 13 6 13
split_gain=1.98079 1.8656 1.83685 1.61538 1.61219 1.73793 1.93613
threshold=0.011620633926729186 0.017591060205507433 0.0046599582103163959 0.027537572827698868 14.570000171661379 -0.9842828512184516 18.214999198913578
decision_type=2 2 2 2 2 2 2
left_child=1 2 4 -2 -1 -6 -7
right_child=3 -3 -4 -5 5 6 -8
leaf_value=6.1360143821463523e-05 -4.0874159656910292e-06 -7.3208473213424134e-06 0.00015607824446999344 -0.00023524021725444312 0.00017780037311622546 -8.6747737374825832e-05 0.00010540821776007763
leaf_weight=121 56 353 26 48 26 85 34
leaf_count=121 56 353 26 48 26 85 34
internal_value=0.000634179 0.00166667 0.00462329 -0.00576923 0.00338346 -0.000172414 -0.00273109
internal_weight=749 645 292 104 266 145 119
internal_count=749 645 292 104 266 145 119
is_linear=0
shrinkage=0.05


Tree=25
num_leaves=8
num_cat=0
split_feature=12 6 8 1 0 16 16
split_gain=1.69332 1.94759 2.22047 1.68204 1.75395 1.44978 1.92232
threshold=0.049504484069908934 -0.37604529515044982 0.01501250639891061 0.011678801599122381 0.012361355980821777 0.0061216084868936935 0.014369805487750577
decision_type=2 2 8 2 2 2 2
left_child=1 -1 5 -4 -5 -3 -7
right_child=-2 2 3 4 -6 6 -8
leaf_value=4.3986737831007841e-05 -6.2109907632651326e-05 -1.1083807254148783e-06 -0.00024732992953501446 0.00011428961274869879 -0.00016982539494901587 0.00018478432781194934 1.1694850283308438e-05
leaf_weight=280 100 157 61 56 41 26 36
leaf_count=280 100 157 61 56 41 26 36
internal_value=0.000561427 0.00148402 -0.000862069 -0.00537975 -0.00128866 0.00239726 0.00887097
internal_weight=757 657 377 158 97 219 62
internal_count=757 657 377 158 97 219 62
is_linear=0
shrinkage=0.05


Tree=26
num_leaves=8
num_cat=0
split_feature=13 6 1 3 14 14 6
split_gain=2.02806 1.62474 1.90821 1.89336 1.60337 1.40341 1.76415
threshold=14.570000171661379 1.0846516464177103 0.015198603113948496 0.0011298457663001529 -0.0046169142462271764 0.068214198873392098 0.16741089920709212
decision_type=2 2 2 2 2 2 2
left_child=1 2 3 4 -1 -2 -7
right_child=5 -3 -4 -5 -6 6 -8
leaf_value=0.00012857573005675709 3.3609218822842645e-07 -7.3896103799513945e-05 -7.738575253357478e-05 0.00015132010157419953 -3.2417097662663172e-05 -2.4939575358575341e-05 -0.00035419867400095006
leaf_weight=38 448 25 37 54 40 56 39
leaf_count=38 448 25 37 54 40 56 39
internal_value=0.00050882 0.00489691 0.0066568 0.0094697 0.00448718 -0.00105893 -0.00657895
internal_weight=737 194 169 132 78 543 95
internal_count=737 194 169 132 78 543 95
is_linear=0
shrinkage=0.05


Tree=27
num_leaves=8
num_cat=0
split_feature=6 12 13 13 16 2 0
split_gain=1.67362 2.56634 1.4637 1.40903 1.89651 1.40814 1.6101
threshold=-0.37604529515044982 0.059758756541204668 15.944999694824221 17.369999885559086 0.010557289746003009 0.032194173543934397 0.010043617421036989
decision_type=2 2 2 2 2 2 2
left_child=1 2 -1 -4 -5 -2 -7
right_child=5 -3 3 4 -6 6 -8
leaf_value=6.014563505533496e-05 4.6187388066597572e-06 -0.00011676796503078829 -4.6258714297386495e-05 0.00010200923827646801 -6.0587340342311206e-05 -4.2501671076437216e-05 -0.00017533675048024799
leaf_weight=123 283 38 55 78 31 88 53
leaf_count=123 283 38 55 78 31 88 53
internal_value=0.000300401 0.003 0.00461672 0.00152439 0.00481651 -0.00176887 -0.00585106
internal_weight=749 325 287 164 109 424 141
internal_count=749 325 287 164 109 424 141
is_linear=0
shrinkage=0.05


Tree=28
num_leaves=8
num_cat=0
split_feature=13 1 6 16 10 3 5
split_gain=1.96576 1.43196 1.87582 1.77697 1.49153 1.26942 1.4346
threshold=14.570000171661379 0.015198603113948496 0.36306524093778808 -0.0040430235787282101 0.0044649128256998303 -0.0014012219230237764 0.0092607983680704966
decision_type=2 2 2 2 2 2 2
left_child=1 2 3 -1 -5 -2 -7
right_child=5 -3 -4 4 -6 6 -8
leaf_value=-3.8400761571267268e-06 2.5015592629651885e-05 -9.1097613693206183e-05 -5.4466422636462262e-06 0.00014478952369872188 2.0895392232778926e-05 -9.2319866837294132e-05 -1.5001583600515908e-05
leaf_weight=32 185 40 40 59 26 41 341
leaf_count=32 185 40 40 59 26 41 341
internal_value=0.00039267 0.00469543 0.00684713 0.0100427 0.0138235 -0.00110229 -0.00274869
internal_weight=764 197 157 117 85 567 382
internal_count=764 197 157 117 85 567 382
is_linear=0
shrinkage=0.05


Tree=29
num_leaves=8
num_cat=0
split_feature=13 3 8 13 5 8 3
split_gain=1.99991 1.71173 1.70365 2.4406 2.01599 1.70063 1.62974
threshold=14.614999771118166 -0.00025283870164000127 -0.0089360525909163973 20.659999847412113 0.0092607983680704966 0.067357557850799346 0.0032757499692580576
decision_type=2 2 10 2 2 10 2
left_child=-1 5 6 4 -4 -2 -3
right_child=1 2 3 -5 -6 -7 -8
leaf_value=4.523072705408195e-05 -2.0568228453343372e-06 -7.5305465728940478e-05 -0.00016195391961437095 -0.00033361357756705486 -6.9372646308989242e-06 0.00011505511415354263 0.00010678992507140149
leaf_weight=188 187 67 25 33 132 48 52
leaf_count=188 187 67 25 33 132 48 52
internal_value=0.00034153 -0.00119485 -0.00364078 -0.00657895 -0.00398089 0.00202128 0.00105042
internal_weight=732 544 309 190 157 235 119
internal_count=732 544 309 190 157 235 119
is_linear=0
shrinkage=0.05


Tree=30
num_leaves=8
num_cat=0
split_feature=14 8 14 12 4 9 8
split_gain=1.21176 1.62057 2.03866 1.66255 2.16216 1.50161 1.76641
threshold=0.076607678117126224 0.1511263504255578 0.049298283120689408 0.0077064293796303982 0.02742877593232149 -0.031126422582487542 0.066180345478603089
decision_type=2 8 2 2 2 10 10
left_child=1 2 3 4 -1 -2 -7
right_child=5 -3 -4 -5 -6 6 -8
leaf_value=0.00010152559565859646 6.4797240039498339e-05 -0.0001132414799361707 0.0001442318243801956 -8.4065498477670747e-06 -0.0002030431193249807 -0.00028743929797740415 1.6646867970620748e-05
leaf_weight=148 31 28 40 390 37 39 25
leaf_count=148 31 28 40 390 37 39 25
internal_value=0.000271003 0.00104977 0.00158537 0.000826087 0.00472973 -0.005 -0.009375
internal_weight=738 643 615 575 185 95 64
internal_count=738 643 615 575 185 95 64
is_linear=0
shrinkage=0.05


Tree=31
num_leaves=8
num_cat=0
split_feature=7 12 10 10 3 0 13
split_gain=1.53242 1.60842 1.72125 1.78095 1.49112 1.57954 1.14286
threshold=0.053578403512552504 0.049504484069908934 -0.00018006943063253453 0.0055837889125804905 -0.0063060955870080085 -0.017760360759868307 18.564999580383304
decision_type=2 2 2 2 2 2 2
left_child=1 4 -3 -4 -1 -6 -2
right_child=6 2 3 -5 5 -7 -8
leaf_value=8.7207211513103561e-05 -1.6675655455738885e-05 -0.0001791908366969593 0.00012243903055508733 -7.8834232025060648e-05 -0.00025563294985177302 2.7316480621877729e-05 -9.0475072536391285e-05
leaf_weight=49 45 32 33 35 27 492 25
leaf_count=49 45 32 33 35 27 492 25
internal_value=0.000609756 0.00134731 -0.0045 0 0.00237676 0.0015896 -0.00642857
internal_weight=738 668 100 68 568 519 70
internal_count=738 668 100 68 568 519 70
is_linear=0
shrinkage=0.05


Tree=32
num_leaves=8
num_cat=0
split_feature=6 8 13 14 12 4 8
split_gain=2.19501 1.87276 1.50991 1.74931 1.36107 2.1249 1.91857
threshold=-0.18737396011285459 -0.052599361882129318 22.730000495910648 -0.077913276979976895 -0.01116014011506866 0.019376139827921215 -0.043784121125582602
decision_type=2 10 2 2 2 2 10
left_child=4 -2 3 -3 -1 -6 -7
right_child=1 2 -4 -5 5 6 -8
leaf_value=5.7105589640657402e-05 -0.00016045948778366931 0.0001310436333066632 -0.00026901127961278523 -1.1345295492133038e-05 4.2489576117428055e-05 2.8326229418169533e-05 -0.00011295540864068319
leaf_weight=76 55 27 33 229 221 37 73
leaf_count=76 55 27 33 229 221 37 73
internal_value=3.32889e-05 -0.00290698 -0.00129758 0 0.00251843 0.00113293 -0.00454545
internal_weight=751 344 289 256 407 331 110
internal_count=751 344 289 256 407 331 110
is_linear=0
shrinkage=0.05


Tree=33
num_leaves=8
num_cat=0
split_feature=13 14 9 3 13 11 1
split_gain=2.03082 1.22392 1.51532 1.42421 2.00414 1.36058 1.44071
threshold=26.494999885559086 -0.010794703163862494 0.033827370408538456 -0.00068565185039420873 14.444999694824221 0.022655282977909755 0.037912240963278727
decision_type=2 2 8 2 2 2 2
left_child=1 2 3 -1 -5 6 -3
right_child=-2 5 -4 4 -6 -7 -8
leaf_value=0.00010986101521656166 -0.00025789868236208074 1.5181865200581238e-05 2.8806341736563457e-06 0.00012449145164133003 -9.9839868724674625e-05 -7.8910249383434058e-05 -0.00030008021954598869
leaf_weight=44 26 324 200 27 42 47 38
leaf_count=44 26 324 200 27 42 47 38
internal_value=0.00026738 0.000761773 0.00311502 0.00774336 0.00326087 -0.00103912 0
internal_weight=748 722 313 113 69 409 362
internal_count=748 722 313 113 69 409 362
is_linear=0
shrinkage=0.05


Tree=34
num_leaves=8
num_cat=0
split_feature=6 8 6 9 8 12 16
split_gain=1.55189 1.63179 1.6247 1.82808 1.48854 1.48165 1.44846
threshold=-0.37604529515044982 0.014777842389875119 0.34470528524819161 0.055564114073871525 0.10147771084290315 0.058395912438342197 0.0061216084868936935
decision_type=2 8 2 10 10 2 2
left_child=5 6 3 -3 -5 -1 -2
right_child=1 2 -4 4 -6 -7 -8
leaf_value=3.5901438180944668e-05 -1.2056761277162797e-05 0.00012915913799713968 -0.00019983765643963151 -0.00012764321244602869 9.7397724632430167e-05 -4.447693467256409e-05 7.7106351574714901e-05
leaf_weight=302 167 29 80 25 28 44 74
leaf_count=302 167 29 80 25 28 44 74
internal_value=0.000433912 -0.00167494 -0.00555556 -0.000609756 -0.00613208 0.00289017 0.00093361
internal_weight=749 403 162 82 53 346 241
internal_count=749 403 162 82 53 346 241
is_linear=0
shrinkage=0.05


Tree=35
num_leaves=8
num_cat=0
split_feature=13 12 2 8 3 4 6
split_gain=1.85533 1.65182 2.06788 1.64291 1.45137 1.66977 1.36192
threshold=23.409999847412113 -0.011548235899129232 -0.032837297715727291 0.0078581991336051944 -0.0063060955870080085 0.020924898346025785 0.98180996216083261
decision_type=2 2 2 8 2 2 2
left_child=1 2 -1 -2 -3 6 -6
right_child=3 4 -4 -5 5 -7 -8
leaf_value=0.00015221020761641129 1.4659863319158203e-05 5.834771935232192e-05 4.1652261645161971e-05 -0.00020956936636493118 1.8058907342091745e-05 -0.00010340534373758999 -8.6750237938283098e-05
leaf_weight=26 31 46 77 35 345 135 58
leaf_count=26 31 46 77 35 345 135 58
internal_value=0.000431607 0.00120087 0.00703883 -0.00757576 0.000171233 -0.000557621 0.00105459
internal_weight=753 687 103 66 584 538 403
internal_count=753 687 103 66 584 538 403
is_linear=0
shrinkage=0.05


Tree=36
num_leaves=8
num_cat=0
split_feature=12 6 9 14 0 8 15
split_gain=1.54783 1.70864 1.99572 1.51124 1.82291 2.07603 1.4271
threshold=0.058395912438342197 -0.37604529515044982 0.065026397675534767 -0.077913276979976895 -0.016275128866834517 -0.0021614399907386446 -0.006772835366344653
decision_type=2 2 8 2 2 8 2
left_child=1 2 -1 -3 -5 -6 -7
right_child=-2 3 -4 4 5 6 -8
leaf_value=4.6515424305865119e-05 -7.4677144699210245e-05 9.5438204195703183e-05 6.554852165212267e-06 -0.00020051359361432323 5.6588715364780299e-05 -0.00022668614223750059 -1.8356643433902962e-05
leaf_weight=130 61 37 168 36 132 48 138
leaf_count=130 61 37 168 36 132 48 138
internal_value=0.000666667 0.00134253 0.00419463 -0.000831202 -0.00183616 -0.000628931 -0.00403226
internal_weight=750 689 298 391 354 318 186
internal_count=750 689 298 391 354 318 186
is_linear=0
shrinkage=0.05


Tree=37
num_leaves=8
num_cat=0
split_feature=16 4 3 7 1 8 7
split_gain=1.74671 2.32578 2.38415 1.87737 1.97501 1.6797 2.73066
threshold=-0.0036164138937719854 0.013466260139984755 -0.00045111797083657862 -0.013665852308605618 -0.00328692466911451 0.10746087079567058 -0.0021167110211032232
decision_type=2 2 2 2 2 10 2
left_child=3 -2 -3 -1 -5 6 -4
right_child=1 2 5 4 -6 -7 -8
leaf_value=2.5106104958884726e-05 0.00010031273770223213 5.1882098206117408e-05 -7.0953052894939117e-05 -0.00013337255310177685 -2.1618923097465161e-05 -0.00014063352832124551 3.0027758551300382e-05
leaf_weight=111 48 174 98 49 110 27 141
leaf_count=111 48 174 98 49 110 27 141
internal_value=0.000263852 0.00204918 0.000909091 -0.00296296 -0.00644654 -0.00206767 -0.000732218
internal_weight=758 488 440 270 159 266 239
internal_count=758 488 440 270 159 266 239
is_linear=0
shrinkage=0.05


Tree=38
num_leaves=8
num_cat=0
split_feature=12 9 16 13 12 4 7
split_gain=1.31248 1.87386 2.84298 1.50222 1.40722 1.23511 1.11311
threshold=0.049504484069908934 0.031415016556214266 0.0057456100496092741 14.960000038146974 -0.0086076797691169143 0.01473948291195252 -0.012016357174421175
decision_type=2 8 2 2 2 2 2
left_child=1 2 4 -4 -1 -2 -6
right_child=5 -3 3 -5 6 -7 -8
leaf_value=0.00010270627176611714 2.8841636979680919e-05 -4.2337970470312547e-06 0.00011070038826895391 1.9099367398842497e-05 4.2495142022691822e-06 -0.00010971359208880485 -0.00011921353378985689
leaf_weight=32 25 442 50 40 55 73 31
leaf_count=32 25 442 50 40 55 73 31
internal_value=0.000802139 0.00161538 0.00552885 0.0122222 0.000423729 -0.00459184 -0.00290698
internal_weight=748 650 208 90 118 98 86
internal_count=748 650 208 90 118 98 86
is_linear=0
shrinkage=0.05


Tree=39
num_leaves=8
num_cat=0
split_feature=4 5 12 8 3 0 0
split_gain=1.31809 1.73333 1.68169 1.44314 1.44836 4.24477 2.13239
threshold=0.013466260139984755 0.0086399200607444292 0.049504484069908934 0.1511263504255578 -0.0064946373858846265 -0.016275128866834517 -0.011633735620090123
decision_type=2 2 2 8 2 2 2
left_child=1 -1 3 4 -2 -6 -7
right_child=2 -3 -4 -5 5 6 -8
leaf_value=4.2626363192240205e-06 8.1775150832986464e-05 0.00010604014628811688 -7.0591030613579423e-05 -0.0002680175888461022 -0.00024770376285152077 0.00013360311783693955 4.5402463597167545e-06
leaf_weight=39 51 26 78 25 29 32 457
leaf_count=39 51 26 78 25 29 32 457
internal_value=0.00050882 0.00730769 -0.00014881 0.000757576 0.00127417 0.000482625 0.00158487
internal_weight=737 65 672 594 569 518 489
internal_count=737 65 672 594 569 518 489
is_linear=0
shrinkage=0.05


Tree=40
num_leaves=8
num_cat=0
split_feature=12 9 6 12 12 9 8
split_gain=1.07968 1.4029 1.81159 1.31916 2.02832 1.32796 1.20409
threshold=0.058395912438342197 0.033827370408538456 -0.37604529515044982 -0.0086076797691169143 0.028749021538237555 -0.0011159523436229388 -0.033576675040639541
decision_type=2 8 2 2 2 10 8
left_child=1 2 -1 -4 5 -5 -3
right_child=-2 6 3 4 -6 -7 -8
leaf_value=7.0847026102952002e-05 -4.2078280308032901e-05 0.00010056222896283573 0.00012724141168478435 -0.00019183231875482743 7.0336219685929006e-05 -2.3118192934508767e-05 -1.2434759845996163e-05
leaf_weight=92 60 52 30 31 51 26 408
leaf_count=92 60 52 30 31 51 26 408
internal_value=0.0006 0.00115942 0.00434783 0.000724638 -0.00185185 -0.00833333 -0.000434783
internal_weight=750 690 230 138 108 57 460
internal_count=750 690 230 138 108 57 460
is_linear=0
shrinkage=0.05


Tree=41
num_leaves=8
num_cat=0
split_feature=16 0 16 2 2 9 1
split_gain=1.36904 2.13867 1.65488 2.16433 1.96374 1.76889 1.45394
threshold=-0.0028812096970486363 0.012014176850048132 -0.009004825046510288 -0.032837297715727291 -0.011364390736441575 -0.047168980057022629 -0.0068285336648558062
decision_type=2 2 2 2 2 10 2
left_child=2 -2 3 5 -4 -1 -5
right_child=1 -3 4 6 -6 -7 -8
leaf_value=0.00017957078561591075 2.1958872897495393e-05 -7.4639612886014836e-05 -0.00023914892221483958 -0.0001738550034070037 -4.9989136974016619e-06 2.1593572060748904e-06 2.2152986031440201e-06
leaf_weight=31 403 70 28 53 45 48 74
leaf_count=31 403 70 28 53 45 48 74
internal_value=0 0.00163848 -0.00277778 -0.000485437 -0.00924658 0.00601266 -0.00452756
internal_weight=752 473 279 206 73 79 127
internal_count=752 473 279 206 73 79 127
is_linear=0
shrinkage=0.05


Tree=42
num_leaves=8
num_cat=0
split_feature=4 10 11 3 6 10 9
split_gain=1.02713 1.54018 3.06492 1.26274 1.07931 1.50635 2.00914
threshold=0.014856870442729044 -0.0041029098949924561 0.0021655828678432969 -0.0097845696979520485 -0.67108788785089024 -0.00018006943063253453 0.23727431596536389
decision_type=2 2 2 2 2 2 8
left_child=1 -1 -3 -2 5 -5 -7
right_child=3 2 -4 4 -6 6 -8
leaf_value=0.00018367081968250927 6.1077634770244151e-05 -0.00017412558465912191 7.0968659362778368e-05 -5.5312020820788265e-05 -2.2186222350149398e-05 0.00011461775362579076 -3.7570209416253769e-05
leaf_weight=32 32 35 83 57 408 78 28
leaf_count=32 32 35 83 57 408 78 28
internal_value=0.00063081 0.00433333 0.00169492 -0.000290216 -0.000831874 0.00260736 0.00613208
internal_weight=753 150 118 603 571 163 106
internal_count=753 150 118 603 571 163 106
is_linear=0
shrinkage=0.05


Tree=43
num_leaves=8
num_cat=0
split_feature=0 12 3 0 6 8 7
split_gain=1.14753 1.23681 1.16576 2.34281 1.25768 1.25689 1.01752
threshold=0.024463011832411955 0.058395912438342197 -0.0064946373858846265 -0.017760360759868307 1.0620615837699965 -0.0041775952508387162 -0.016215734481013152
decision_type=2 2 2 2 2 8 2
left_child=1 2 -1 -4 -5 -6 -3
right_child=-2 6 3 4 5 -7 -8
leaf_value=5.7818042535518681e-05 -0.00019740149508311696 -0.00029915189870686663 -0.00022653059507457752 1.7625183962463902e-05 2.4752924733548198e-05 -0.00020431609641718358 -1.4020028923422473e-06
leaf_weight=54 29 29 32 511 30 29 32
leaf_count=54 29 29 32 511 30 29 32
internal_value=0.000268097 0.000662483 0.00129573 0.000664452 0.00140351 -0.00550847 -0.00614754
internal_weight=746 717 656 602 570 59 61
internal_count=746 717 656 602 570 59 61
is_linear=0
shrinkage=0.05


Tree=44
num_leaves=8
num_cat=0
split_feature=7 3 0 4 3 8 6
split_gain=1.29221 1.37542 1.42329 1.63669 1.30728 2.56551 2.09194
threshold=0.054925068534810502 0.0037264724387343633 -0.0032945557998537707 0.017456197022029076 -0.00025283870164000127 0.067357557850799346 0.99585998938097409
decision_type=2 2 2 2 2 10 2
left_child=1 4 -3 -4 5 -1 -6
right_child=-2 2 3 -5 6 -7 -8
leaf_value=1.3815373326824584e-05 -8.1612993630530127e-05 -7.5086266409346317e-05 0.00011675016623918737 1.4570888563943986e-05 -2.2580467793967318e-06 0.00016877095556488096 -0.0002199305183507315
leaf_weight=265 64 27 40 70 218 26 30
leaf_count=265 64 27 40 70 218 26 30
internal_value=0.000540541 0.00118343 0.00565693 0.00818182 4.63822e-05 0.00231959 -0.00262097
internal_weight=740 676 137 110 539 291 248
internal_count=740 676 137 110 539 291 248
is_linear=0
shrinkage=0.05


Tree=45
num_leaves=8
num_cat=0
split_feature=16 11 16 2 15 15 4
split_gain=1.53836 2.35398 1.81566 2.44455 2.20933 1.58762 2.33199
threshold=-0.0025906176639742813 -0.007196249019797262 -0.009004825046510288 -0.026923846559467054 -0.0056073821644362356 -0.002728270436415214 0.013466260139984755
decision_type=2 2 2 2 2 2 2
left_child=2 -2 3 -1 -5 -3 -7
right_child=1 5 -4 4 -6 6 -8
leaf_value=7.088871869921241e-05 0.00016248405376105381 5.2268024144970421e-05 -9.0736579344315502e-05 -0.00016417554571642782 6.6701639445772121e-06 8.1748373834221436e-05 -8.1707663856587207e-06
leaf_weight=75 25 99 76 59 65 32 315
leaf_count=75 25 99 76 59 65 32 315
internal_value=0.000335121 0.00207006 -0.00263636 -0.000125628 -0.00443548 0.00123318 -0.000360231
internal_weight=746 471 275 199 124 446 347
internal_count=746 471 275 199 124 446 347
is_linear=0
shrinkage=0.05


Tree=46
num_leaves=8
num_cat=0
split_feature=6 16 8 3 0 14 8
split_gain=1.79908 1.5067 1.66482 1.76655 1.31207 1.2756 1.16448
threshold=-0.65259090610624471 -0.01358922601066642 0.003084744495858494 -0.00011189055103488775 0.0028334258314048903 -0.0099321131423574776 0.014777842389875119
decision_type=2 2 8 2 2 2 8
left_child=1 -1 3 -3 5 -4 -2
right_child=6 2 4 -5 -6 -7 -8
leaf_value=9.2659122975304346e-05 1.7197897246165651e-06 6.083430846527121e-05 8.8980349775345086e-05 -9.9686374793669347e-05 1.7851051365702642e-06 0.00016533904320919897 -3.9116959264689102e-05
leaf_weight=32 306 28 32 54 51 27 218
leaf_count=32 306 28 32 54 51 27 218
internal_value=0.00026738 0.00401786 0.00234375 -0.00304878 0.00636364 0.0114407 -0.00133588
internal_weight=748 224 192 82 110 59 524
internal_count=748 224 192 82 110 59 524
is_linear=0
shrinkage=0.05


Tree=47
num_leaves=8
num_cat=0
split_feature=12 6 12 8 4 9 11
split_gain=1.34722 1.41097 3.5296 1.65894 2.27329 1.43062 2.32226
threshold=0.058395912438342197 -0.032295915645438496 -0.01116014011506866 -0.054624922954690007 0.021230998278489198 0.019557807332980629 0.010411796556971999
decision_type=2 2 2 10 2 10 2
left_child=1 2 -1 -4 5 6 -5
right_child=-2 -3 3 4 -6 -7 -8
leaf_value=8.546877843354053e-05 -4.8817065167624081e-05 -5.3931945852864035e-06 6.1507415391991711e-05 2.6598038368416983e-05 -0.00018532229851007161 3.3001176811735864e-05 -7.5711859646833787e-05
leaf_weight=78 55 301 28 59 45 129 44
leaf_count=78 55 301 28 59 45 129 44
internal_value=0.000710419 0.00131579 0.00332898 0.000901639 -0.000270758 0.00172414 -0.0026699
internal_weight=739 684 383 305 277 232 103
internal_count=739 684 383 305 277 232 103
is_linear=0
shrinkage=0.05


Tree=48
num_leaves=8
num_cat=0
split_feature=0 0 4 11 11 5 3
split_gain=0.889427 1.15161 1.62448 1.9152 1.66122 1.45631 1.32209
threshold=0.024463011832411955 0.0058546423938129486 0.017591060205507433 0.016276968490692715 0.01246418622804202 0.0084740149809577961 -0.00025283870164000127
decision_type=2 2 2 2 2 2 2
left_child=1 2 3 4 5 -1 -3
right_child=-2 6 -4 -5 -6 -7 -8
leaf_value=-6.7106657236656948e-05 -0.00016049594860445879 7.3029430908335118e-05 -2.59387755674196e-05 0.00013811057446108831 -0.00015154872869748613 3.6384997602966472e-05 2.0559412397830149e-06
leaf_weight=36 25 55 278 45 26 138 137
leaf_count=36 25 55 278 45 26 138 137
internal_value=0.00027027 0.000594406 -0.000621415 0.00234694 0.00025 0.00201149 0.00390625
internal_weight=740 715 523 245 200 174 192
internal_count=740 715 523 245 200 174 192
is_linear=0
shrinkage=0.05


end of trees

feature_importances:
dist_ma50=36
spy_ret_20d=34
vix_level=32
overnight_gap=30
atr_pct=30
dvol_z_20=29
vix_chg_1d=23
sector_ret_5d=21
ret_1d=19
dist_ma200=16
ret_5d=15
parkinson_20=15
dist_ma20=12
spy_ret_1d=10
spy_ret_5d=10
ret_20d=6
sector_ret_1d=5

parameters:
[boosting: gbdt]
[objective: quantile]
[metric: quantile]
[tree_learner: serial]
[device_type: cpu]
[data_sample_strategy: bagging]
[data: ]
[valid: ]
[num_iterations: 80]
[learning_rate: 0.05]
[num_leaves: 8]
[num_threads: 1]
[seed: 0]
[deterministic: 0]
[force_col_wise: 1]
[force_row_wise: 0]
[histogram_pool_size: -1]
[max_depth: -1]
[min_data_in_leaf: 25]
[min_sum_hessian_in_leaf: 0.001]
[bagging_fraction: 0.9]
[pos_bagging_fraction: 1]
[neg_bagging_fraction: 1]
[bagging_freq: 1]
[bagging_seed: 3]
[bagging_by_query: 0]
[feature_fraction: 0.9]
[feature_fraction_bynode: 1]
[feature_fraction_seed: 2]
[extra_trees: 0]
[extra_seed: 6]
[early_stopping_round: 0]
[early_stopping_min_delta: 0]
[first_metric_only: 0]
[max_delta_step: 0]
[lambda_l1: 0]
[lambda_l2: 0]
[linear_lambda: 0]
[min_gain_to_split: 0]
[drop_rate: 0.1]
[max_drop: 50]
[skip_drop: 0.5]
[xgboost_dart_mode: 0]
[uniform_drop: 0]
[drop_seed: 4]
[top_rate: 0.2]
[other_rate: 0.1]
[min_data_per_group: 100]
[max_cat_threshold: 32]
[cat_l2: 10]
[cat_smooth: 10]
[max_cat_to_onehot: 4]
[top_k: 20]
[monotone_constraints: ]
[monotone_constraints_method: basic]
[monotone_penalty: 0]
[feature_contri: ]
[forcedsplits_filename: ]
[refit_decay_rate: 0.9]
[cegb_tradeoff: 1]
[cegb_penalty_split: 0]
[cegb_penalty_feature_lazy: ]
[cegb_penalty_feature_coupled: ]
[path_smooth: 0]
[interaction_constraints: ]
[verbosity: -1]
[saved_feature_importance_type: 0]
[use_quantized_grad: 0]
[num_grad_quant_bins: 4]
[quant_train_renew_leaf: 0]
[stochastic_rounding: 1]
[linear_tree: 0]
[max_bin: 255]
[max_bin_by_feature: ]
[min_data_in_bin: 3]
[bin_construct_sample_cnt: 200000]
[data_random_seed: 1]
[is_enable_sparse: 1]
[enable_bundle: 1]
[use_missing: 1]
[zero_as_missing: 0]
[feature_pre_filter: 1]
[pre_partition: 0]
[two_round: 0]
[header: 0]
[label_column: ]
[weight_column: ]
[group_column: ]
[ignore_column: ]
[categorical_feature: ]
[forcedbins_filename: ]
[precise_float_parser: 0]
[parser_config_file: ]
[objective_seed: 5]
[num_class: 1]
[is_unbalance: 0]
[scale_pos_weight: 1]
[sigmoid: 1]
[boost_from_average: 1]
[reg_sqrt: 0]
[alpha: 0.5]
[fair_c: 1]
[poisson_max_delta_step: 0.7]
[tweedie_variance_power: 1.5]
[lambdarank_truncation_level: 30]
[lambdarank_norm: 1]
[label_gain: ]
[lambdarank_position_bias_regularization: 0]
[eval_at: ]
[multi_error_top_k: 1]
[auc_mu_weights: ]
[num_machines: 1]
[local_listen_port: 12400]
[time_out: 120]
[machine_list_filename: ]
[machines: ]
[gpu_platform_id: -1]
[gpu_device_id: -1]
[gpu_device_id_list: ]
[gpu_use_dp: 0]
[num_gpu: 1]

end of parameters

pandas_categorical:[]
