tree
version=v4
num_class=1
num_tree_per_iteration=1
label_index=0
max_feature_idx=16
objective=quantile
feature_names=ret_1d ret_5d ret_20d overnight_gap atr_pct parkinson_20 dvol_z_20 dist_ma20 dist_ma50 dist_ma200 spy_ret_1d spy_ret_5d spy_ret_20d vix_level vix_chg_1d sector_ret_1d sector_ret_5d
feature_infos=[-0.086356301918364964:0.11634602551146878] [-0.17131016123665188:0.14483596597812887] [-0.1937487123642464:0.24867483849594163] [-0.090999119718309873:0.064274410357122225] [0.015430372746983206:0.058722192677028703] [0.0094214805652228228:0.030515616328461125] [-2.0717518222689453:4.2362209069134957] [-0.16205030634687101:0.15048661872725022] [-0.20097024624840454:0.24007341868347076] [-0.23990253638202874:0.60456898430265693] [-0.058542947643003718:0.10501933612632941] [-0.11496158439845272:0.082843216242346029] [-0.12265592443394913:0.15756596870864792] [11.859999656677246:52.330001831054688] [-0.35753873962348437:0.74039073966007019] [-0.06285260230433054:0.088816354578251211] [-0.11675897124649115:0.08529462291702461]
tree_sizes=845 853 855 855 855 863 853 853 855 857 866 855 857 858 864 855 854 865 856 861

Tree=0
num_leaves=8
num_cat=0
split_feature=8 7 8 15 14 10 15
split_gain=2.81361 3.22877 2.18976 3.50021 2.08835 1.97447 1.90464
threshold=0.14214189327220442 0.021801576298023154 0.095876981657414664 -0.0024623749745876218 -0.021011062487688355 0.00069580976977412512 0.012468622952242161
decision_type=10 2 8 2 2 2 2
left_child=1 6 4 -4 -3 -5 -1
right_child=-2 2 3 5 -6 -7 -8
leaf_value=0.0011386232683435083 0.00089864584151655436 0.001407233893405646 0.0016472783638164401 0.00079849069006741045 0.0015129138715565204 0.0012395380006637424 0.0015362026868388056
leaf_weight=385 56 60 39 27 79 76 28
leaf_count=385 56 60 39 27 79 76 28
internal_value=0.00130254 0.00217247 0.00630705 0.0019401 0.0107682 -0.00289034 -0.000640642
internal_weight=750 694 281 142 139 103 413
internal_count=750 694 281 142 139 103 413
is_linear=0
shrinkage=1


Tree=1
num_leaves=8
num_cat=0
split_feature=4 1 7 8 0 12 16
split_gain=2.89676 2.10651 1.46821 2.75058 1.69849 1.47208 1.42967
threshold=0.017079330700915846 0.071009634377764877 0.022485152951019386 0.12680007892439896 0.018957614622361455 0.052412040834153968 0.0028053021421496909
decision_type=2 2 2 8 2 2 2
left_child=-1 2 4 5 -2 -4 -5
right_child=1 -3 3 6 -6 -7 -8
leaf_value=0.00033032144885510208 -7.821500417776406e-05 -0.0002447649196255952 0.00023070032053510659 0.00015815446182386949 0.00036231608013622465 -0.00015841162006836385 -0.00024871833738870919
leaf_weight=25 369 53 144 25 30 39 49
leaf_count=25 369 53 144 25 30 39 49
internal_value=0.00027248 -0.000317348 0.000457317 0.00340467 -0.0014411 0.00669399 -0.00472973
internal_weight=734 709 656 257 399 183 74
internal_count=734 709 656 257 399 183 74
is_linear=0
shrinkage=0.05


Tree=2
num_leaves=8
num_cat=0
split_feature=1 5 0 4 8 16 6
split_gain=2.70185 2.16576 2.4404 2.82871 1.96457 2.77943 1.72105
threshold=0.071009634377764877 0.011462964838152177 0.0093247079302295494 0.030712192340997081 0.12680007892439896 0.0028053021421496909 -0.98158204526922288
decision_type=2 2 2 2 8 2 2
left_child=1 -1 3 6 5 -4 -3
right_child=-2 2 4 -5 -6 -7 -8
leaf_value=0.00024667455093003808 -0.00029541991942096503 -0.00019838450096358433 -5.2161911509756472e-05 0.00025147419250060916 -0.00014027237886330115 0.00031648209611375935 -0.0001070896491291933
leaf_weight=89 53 40 55 74 28 84 326
leaf_count=89 53 40 55 74 28 84 326
internal_value=3.33778e-05 0.000862069 -0.000205931 -0.00215909 0.00494012 0.0073741 -0.00396175
internal_weight=749 696 607 440 167 139 366
internal_count=749 696 607 440 167 139 366
is_linear=0
shrinkage=0.05


Tree=3
num_leaves=8
num_cat=0
split_feature=8 4 6 4 6 0 0
split_gain=2.70799 1.65399 1.24153 1.21113 1.39969 1.81943 2.36388
threshold=0.14214189327220442 0.018262169635238325 -1.3098207547193679 0.030712192340997081 0.94672639972676387 0.010500461309640665 -0.012130839818304316
decision_type=8 2 2 2 2 2 2
left_child=1 -1 -3 4 5 6 -4
right_child=-2 2 3 -5 -6 -7 -8
leaf_value=0.00026382787474431101 -0.00032075996257772206 -0.00019754832596754568 0.00026890106645587367 0.00021988826581491596 -0.00020206992271268971 0.00015963346511762211 -0.00011505808176152642
leaf_weight=62 82 27 59 90 71 99 253
leaf_count=62 82 27 59 90 71 99 253
internal_value=3.36474e-05 0.00109682 0.000292154 0.000786713 -0.000207469 0.000912409 -0.000961538
internal_weight=743 661 599 572 482 411 312
internal_count=743 661 599 572 482 411 312
is_linear=0
shrinkage=0.05


Tree=4
num_leaves=8
num_cat=0
split_feature=5 8 15 0 9 6 13
split_gain=2.66148 1.97559 2.26092 1.77069 1.94586 3.47179 1.91652
threshold=0.010557934962906971 0.12680007892439896 -0.0039977946602147143 0.0068873104553575102 0.19148014218390177 0.24888505501390484 19.23499965667725
decision_type=2 8 2 2 10 2 2
left_child=-1 3 -3 6 5 -5 -2
right_child=1 2 -4 4 -6 -7 -8
leaf_value=0.00028828025512862946 -9.8319017234234715e-05 0.00019745824144159997 -0.00023165556220077637 0.00022115807514041987 0.00023815757278957788 -0.00027202902912329592 0.0002515887275645446
leaf_weight=39 299 28 92 94 59 41 94
leaf_count=39 299 28 92 94 59 41 94
internal_value=-0.000536193 -0.00123762 -0.00708333 -4.25894e-05 0.00386598 0.000555556 -0.00197201
internal_weight=746 707 120 587 194 135 393
internal_count=746 707 120 587 194 135 393
is_linear=0
shrinkage=0.05


Tree=5
num_leaves=8
num_cat=0
split_feature=8 11 7 0 7 10 14
split_gain=1.91761 1.89474 1.86687 3.08141 2.59859 1.59971 1.42222
threshold=0.14214189327220442 0.0053660199298344322 0.022485152951019386 0.015791125765182937 0.033666434187528467 -0.0028966146153551193 -0.013287751267225366
decision_type=8 2 2 2 2 2 2
left_child=2 -2 3 5 -4 -1 -7
right_child=1 -3 4 -5 -6 6 -8
leaf_value=4.5325943357918268e-05 9.5535392390020242e-06 -0.00049769864354339281 0.00021958698426333969 0.00034257291820880166 3.1574658833569658e-06 -6.9047511302890142e-05 -0.00023284795009936035
leaf_weight=122 38 38 72 45 202 121 99
leaf_count=122 38 38 72 45 202 121 99
internal_value=-0.000373134 -0.00789474 0.000491679 -0.00174419 0.00364964 -0.00336257 -0.00590909
internal_weight=737 76 661 387 274 342 220
internal_count=737 76 661 387 274 342 220
is_linear=0
shrinkage=0.05


Tree=6
num_leaves=8
num_cat=0
split_feature=8 7 0 0 7 9 11
split_gain=1.79717 1.76786 2.01798 1.77277 2.3326 2.13794 2.67311
threshold=0.14214189327220442 1.0000000180025095e-35 0.028811875255934542 0.015791125765182937 -0.0153069230956398 0.065474991723825995 -0.01930721697732057
decision_type=8 2 2 2 2 8 2
left_child=1 3 -3 4 5 6 -1
right_child=-2 2 -4 -5 -6 -7 -8
leaf_value=0.00043401191833725855 -0.0002079687356031062 0.00011175108308984828 -0.00021673671270492305 0.00044667799388936217 -0.00028607551749589504 0.00013226371906462203 -0.00022871631269258605
leaf_weight=32 81 357 27 29 80 94 46
leaf_count=32 81 357 27 29 80 94 46
internal_value=-6.70241e-05 0.000789474 0.00299479 -0.0022242 -0.00357143 -0.000290698 -0.00641026
internal_weight=746 665 384 281 252 172 78
internal_count=746 665 384 281 252 172 78
is_linear=0
shrinkage=0.05


Tree=7
num_leaves=8
num_cat=0
split_feature=4 8 2 0 3 7 1
split_gain=2.07922 1.41426 2.15672 2.80814 2.50213 1.88163 2.469
threshold=0.018141678556315485 0.1275752074980481 0.11652639710791625 0.014770948541231734 0.011160069084580894 -0.019468460819893337 -0.016842686829818428
decision_type=2 10 2 2 2 2 2
left_child=-1 2 3 5 -5 6 -2
right_child=1 -3 -4 4 -6 -7 -8
leaf_value=0.00022486035076981962 0.00021590462558080715 -0.00019737114058299401 0.00024566046952592354 0.00042822255940318092 -0.00019761698661399562 -0.00011751636143622622 -0.00021398289021071755
leaf_weight=57 112 85 67 64 30 281 49
leaf_count=57 112 85 67 64 30 281 49
internal_value=3.3557e-05 -0.000726744 0.000124378 -0.000932836 0.00691489 -0.00260181 0.00170807
internal_weight=745 688 603 536 94 442 161
internal_count=745 688 603 536 94 442 161
is_linear=0
shrinkage=0.05


Tree=8
num_leaves=8
num_cat=0
split_feature=1 0 7 7 0 14 10
split_gain=1.87702 1.51259 1.76189 2.84321 1.63626 1.6266 1.84888
threshold=0.071009634377764877 0.018957614622361455 0.022485152951019386 0.036623975444632369 -0.007287651710756792 0.053057710402313336 0.0028970492937452357
decision_type=2 2 2 2 2 2 2
left_child=1 2 4 -4 -1 6 -5
right_child=-2 -3 3 5 -6 -7 -8
leaf_value=8.1239089197707027e-05 -0.00022665535915144627 0.0001683994163462079 0.0002296994784860767 -0.00018731091344299683 -0.0001131063691280051 0.00028480590417312863 0.00010499607498082246
leaf_weight=153 55 75 90 76 239 25 51
leaf_count=153 55 75 90 76 239 25 51
internal_value=0.00026178 0.000952045 0.000157729 0.0035124 -0.00191327 -0.000657895 -0.00295276
internal_weight=764 709 634 242 392 152 127
internal_count=764 709 634 242 392 152 127
is_linear=0
shrinkage=0.05


Tree=9
num_leaves=8
num_cat=0
split_feature=8 7 0 7 3 8 7
split_gain=1.45404 1.88377 2.50332 1.95641 1.71579 1.63704 1.74202
threshold=0.14214189327220442 0.022485152951019386 0.015791125765182937 0.036216932708542988 0.00040393220561563142 -0.063347014556135159 0.0062878208930278187
decision_type=10 2 2 2 2 10 2
left_child=1 2 4 -3 5 -1 -7
right_child=-2 3 -4 -5 -6 6 -8
leaf_value=0.00021105163147332415 -0.0002252743505431692 0.00022189247212532357 0.00030895437815642947 2.3339320642229776e-05 -0.00013111778313326596 -0.00012018875391361026 0.0001266307325500452
leaf_weight=42 56 87 49 190 162 116 42
leaf_count=42 56 87 49 190 162 116 42
internal_value=0.000604839 0.00123547 -0.000912409 0.00442238 -0.00234807 0.00075 -0.00158228
internal_weight=744 688 411 277 362 200 158
internal_count=744 688 411 277 362 200 158
is_linear=0
shrinkage=0.05


Tree=10
num_leaves=8
num_cat=0
split_feature=9 11 8 11 5 4 6
split_gain=1.47456 1.53057 2.28443 1.57287 1.42336 2.03645 1.4487
threshold=0.039592368475997126 0.00023772449314352076 0.14214189327220442 -0.0036909172011733156 0.015141807525513787 0.024001534293795569 -0.79642585824026479
decision_type=10 2 10 2 2 2 2
left_child=4 3 -3 -2 5 6 -1
right_child=1 2 -4 -5 -6 -7 -8
leaf_value=-0.00025785903081678596 3.3635697331735432e-05 0.00011737232592394059 -0.00018148866977572695 -0.0003493912185266569 7.5820787585085896e-05 -0.00027570093083108016 6.8007546661567699e-05
leaf_weight=27 103 261 37 41 121 55 104
leaf_count=27 103 261 37 41 121 55 104
internal_value=0.000300401 0.00214932 0.00419463 -0.00208333 -0.00236156 -0.00510753 -0.00171756
internal_weight=749 442 298 144 307 186 131
internal_count=749 442 298 144 307 186 131
is_linear=0
shrinkage=0.05


Tree=11
num_leaves=8
num_cat=0
split_feature=1 9 8 11 2 7 14
split_gain=1.86873 1.6285 2.64141 2.43887 2.38663 2.08773 2.05841
threshold=0.071009634377764877 0.048865675604164112 0.12680007892439896 0.0053660199298344322 0.1077694863119646 -0.010845010221059824 0.023268635347166725
decision_type=2 10 10 2 2 2 2
left_child=1 -1 3 4 5 -3 -7
right_child=-2 2 -4 -5 -6 6 -8
leaf_value=-5.6883382756184289e-05 -0.00019090966198547659 0.00024705348577571794 -0.00016520614069632359 0.00018488514337139419 0.00043509034550466325 -0.00031890086798807155 2.0665707108334762e-05
leaf_weight=300 55 57 66 157 25 48 39
leaf_count=300 55 57 66 157 25 48 39
internal_value=0.00023427 0.000939306 0.00306122 0.00490798 0.000739645 -0.00173611 -0.0066092
internal_weight=747 692 392 326 169 144 87
internal_count=747 692 392 326 169 144 87
is_linear=0
shrinkage=0.05


Tree=12
num_leaves=8
num_cat=0
split_feature=6 13 8 0 6 16 15
split_gain=1.44156 1.71102 2.05261 2.13247 2.5856 1.99855 1.85678
threshold=-1.2223903378069341 20.375000000000004 0.14214189327220442 0.0061651521706210808 0.94672639972676387 0.0009736977014873639 -0.0024329844936252227
decision_type=2 2 8 2 2 2 2
left_child=-1 2 3 6 5 -5 -2
right_child=1 -3 -4 4 -6 -7 -8
leaf_value=-7.26727627124756e-05 1.9632421752918035e-05 0.00025233965852399816 -0.00036731754534228758 -3.6880484818927564e-05 -0.0002232293335907765 0.00020985097827761227 -0.00013301533850131148
leaf_weight=31 169 114 58 40 37 123 162
leaf_count=31 169 114 58 40 37 123 162
internal_value=6.81199e-05 0.000533428 -0.000551783 0.000423729 0.0045 0.00720859 -0.00203927
internal_weight=734 703 589 531 200 163 331
internal_count=734 703 589 531 200 163 331
is_linear=0
shrinkage=0.05


Tree=13
num_leaves=8
num_cat=0
split_feature=8 4 8 1 8 5 16
split_gain=1.83661 1.45205 1.90079 2.32415 2.28481 2.08008 1.66092
threshold=0.19954994608117996 0.029550610486561938 -0.014353892805344491 0.071009634377764877 -0.049534559156538475 0.014651455665218091 -0.0060284532234184942
decision_type=8 2 10 2 8 2 2
left_child=1 2 4 -4 -1 6 -6
right_child=-2 -3 3 -5 5 -7 -8
leaf_value=2.2930410721540924e-05 -0.00041759013774028594 0.0001404814483604052 9.4914923694324553e-05 -0.00023869667601770901 -0.00043576981606965518 -0.00036940782658851398 6.1478429967069622e-05
leaf_weight=79 33 135 386 33 25 25 29
leaf_count=79 33 135 386 33 25 25 29
internal_value=0.000167785 0.000702247 -0.000389948 0.00137232 -0.00506329 -0.0110759 -0.00555556
internal_weight=745 712 577 419 158 79 54
internal_count=745 712 577 419 158 79 54
is_linear=0
shrinkage=0.05


Tree=14
num_leaves=8
num_cat=0
split_feature=6 15 1 7 8 7 7
split_gain=1.29353 1.26558 1.59442 3.38259 2.24533 2.02983 1.99675
threshold=-1.3098207547193679 0.011722320309923486 -0.017590855874135999 -0.029958737990207204 0.14214189327220442 0.021801576298023154 -0.019468460819893337
decision_type=2 2 2 2 8 2 2
left_child=-1 2 6 -4 5 -5 -2
right_child=1 -3 3 4 -6 -7 -8
leaf_value=-7.3784870761568045e-05 0.00037645074931756217 9.5932417076143088e-05 -0.00038938890699459868 -0.00010192293194236826 -0.00036970442105154497 0.00011903261080316425 -8.7115025623923659e-05
leaf_weight=25 100 74 26 151 49 223 71
leaf_count=25 100 74 26 151 49 223 71
internal_value=0.000173853 0.000576369 -0.00016129 -0.00172606 -0.000650118 0.000668449 0.00394737
internal_weight=719 694 620 449 423 374 171
internal_count=719 694 620 449 423 374 171
is_linear=0
shrinkage=0.05


Tree=15
num_leaves=8
num_cat=0
split_feature=4 14 1 7 7 9 8
split_gain=1.77233 1.16492 1.10395 2.76089 3.14758 2.2828 2.30831
threshold=0.018653490002636251 0.023650626144740231 -0.017590855874135999 0.0062878208930278187 -0.013091467460765003 0.065474991723825995 -0.060498713531992591
decision_type=2 2 2 2 2 8 10
left_child=1 -1 3 4 5 6 -2
right_child=2 -3 -4 -5 -6 -7 -8
leaf_value=0.00012362666070606649 0.00025368645654225505 0.00024253270232552448 -5.7872243566980913e-05 0.00036398896192563733 -0.00028318160519117595 0.00036272622671675465 -0.00020082495041654944
leaf_weight=68 36 26 446 26 35 80 26
leaf_count=68 36 26 446 26 35 80 26
internal_value=-3.36474e-05 0.00638298 -0.00096302 0.0020936 -0.000141243 0.00316901 -0.00403226
internal_weight=743 94 649 203 177 142 62
internal_count=743 94 649 203 177 142 62
is_linear=0
shrinkage=0.05


Tree=16
num_leaves=8
num_cat=0
split_feature=8 7 0 7 10 8 1
split_gain=1.68719 1.75917 1.99774 1.95705 1.88746 1.77867 2.47732
threshold=0.14214189327220442 0.022485152951019386 0.015791125765182937 0.033666434187528467 -0.0032012772633666082 0.024504753880311484 -0.0087026257772070941
decision_type=8 2 2 2 2 10 2
left_child=1 2 4 -3 5 6 -1
right_child=-2 3 -4 -5 -6 -7 -8
leaf_value=7.2152666751459867e-05 -0.0001897108505688751 0.00016181975914441682 0.00022700614490011193 2.3356781717825723e-05 -9.6468065380488226e-05 0.00039192197829196885 -0.00032324507822095586
leaf_weight=61 79 70 47 211 230 34 25
leaf_count=61 79 70 47 211 230 34 25
internal_value=-0.000363276 0.000442478 -0.00170025 0.00346975 -0.003 0.00208333 -0.00174419
internal_weight=757 678 397 281 350 120 86
internal_count=757 678 397 281 350 120 86
is_linear=0
shrinkage=0.05


Tree=17
num_leaves=8
num_cat=0
split_feature=4 1 15 8 10 15 12
split_gain=1.39868 1.28104 1.81344 1.75727 1.76494 1.70949 1.89858
threshold=0.018141678556315485 -0.05347058311725255 0.0069208731104983831 0.095876981657414664 0.0057884302310804445 -0.0024623749745876218 0.024727587984372471
decision_type=2 2 2 8 2 2 2
left_child=-1 -2 5 4 -4 6 -3
right_child=1 2 3 -5 -6 -7 -8
leaf_value=0.00020172010138226149 0.00027046864981450028 -6.6493455095532197e-05 0.00036323453679552783 -0.00011590151266333184 6.9149604411618707e-05 -0.00011011715551844117 0.00014178552347988757
leaf_weight=62 48 148 31 51 84 241 81
leaf_count=62 48 148 31 51 84 241 81
internal_value=6.70241e-05 -0.000584795 -0.00117925 0.00331325 0.00673913 -0.00276596 0.000327511
internal_weight=746 684 636 166 115 470 229
internal_count=746 684 636 166 115 470 229
is_linear=0
shrinkage=0.05


Tree=18
num_leaves=8
num_cat=0
split_feature=0 2 0 13 1 13 14
split_gain=1.45846 2.25972 2.19539 1.85805 1.84446 1.56611 1.29261
threshold=-0.011093452323543916 -0.021543422536930142 0.0022891129970239459 20.154999732971195 0.06390181034056687 16.875000000000004 0.039671535485110161
decision_type=2 2 2 2 2 2 2
left_child=1 -1 3 -2 5 -4 -3
right_child=2 6 4 -5 -6 -7 -8
leaf_value=-0.00018712110016779176 -0.00015849261159697607 3.4522946524649233e-06 0.00014438091251033208 0.00030173981651827891 -0.0001783526758137318 -1.2348344601404452e-05 0.00040792320430938417
leaf_weight=52 208 43 186 35 51 126 52
leaf_count=52 208 43 186 35 51 126 52
internal_value=-0.000896414 0.00357143 -0.0019802 -0.00565844 0.000482094 0.00192308 0.00815789
internal_weight=753 147 606 243 363 312 95
internal_count=753 147 606 243 363 312 95
is_linear=0
shrinkage=0.05


Tree=19
num_leaves=8
num_cat=0
split_feature=9 16 15 8 5 15 11
split_gain=1.34753 1.83946 1.46358 1.43763 1.42328 1.85226 1.29199
threshold=0.039592368475997126 0.02414873985581301 -0.001837004169212064 0.14214189327220442 0.015175728713916864 0.0070853510662165506 0.003505922146060048
decision_type=10 2 2 10 2 2 2
left_child=1 2 -1 6 5 -4 -2
right_child=3 -3 4 -5 -6 -7 -8
leaf_value=0.0001071709359586415 -1.1141934078189834e-05 -0.00018401869909422301 -0.00032718663512567496 -0.00017410203303443907 0.00015808290439469242 1.885308068586812e-05 0.00011750583490227523
leaf_weight=120 172 46 60 53 41 32 215
leaf_count=120 172 46 60 53 41 32 215
internal_value=-0.000169147 -0.0027592 -0.00108696 0.00159091 -0.00469925 -0.00815217 0.00264858
internal_weight=739 299 253 440 133 92 387
internal_count=739 299 253 440 133 92 387
is_linear=0
shrinkage=0.05


end of trees

feature_importances:
dist_ma50=23
dist_ma20=20
ret_1d=16
ret_5d=11
atr_pct=9
sector_ret_1d=9
dvol_z_20=8
dist_ma200=6
spy_ret_5d=6
vix_chg_1d=6
parkinson_20=5
spy_ret_1d=5
sector_ret_5d=5
vix_level=4
ret_20d=3
overnight_gap=2
spy_ret_20d=2

parameters:
[boosting: gbdt]
[objective: quantile]
[metric: quantile]
[tree_learner: serial]
[device_type: cpu]
[data_sample_strategy: bagging]
[data: ]
[valid: ]
[num_iterations: 80]
[learning_rate: 0.05]
[num_leaves: 8]
[num_threads: 1]
[seed: 0]
[deterministic: 0]
[force_col_wise: 1]
[force_row_wise: 0]
[histogram_pool_size: -1]
[max_depth: -1]
[min_data_in_leaf: 25]
[min_sum_hessian_in_leaf: 0.001]
[bagging_fraction: 0.9]
[pos_bagging_fraction: 1]
[neg_bagging_fraction: 1]
[bagging_freq: 1]
[bagging_seed: 3]
[bagging_by_query: 0]
[feature_fraction: 0.9]
[feature_fraction_bynode: 1]
[feature_fraction_seed: 2]
[extra_trees: 0]
[extra_seed: 6]
[early_stopping_round: 0]
[early_stopping_min_delta: 0]
[first_metric_only: 0]
[max_delta_step: 0]
[lambda_l1: 0]
[lambda_l2: 0]
[linear_lambda: 0]
[min_gain_to_split: 0]
[drop_rate: 0.1]
[max_drop: 50]
[skip_drop: 0.5]
[xgboost_dart_mode: 0]
[uniform_drop: 0]
[drop_seed: 4]
[top_rate: 0.2]
[other_rate: 0.1]
[min_data_per_group: 100]
[max_cat_threshold: 32]
[cat_l2: 10]
[cat_smooth: 10]
[max_cat_to_onehot: 4]
[top_k: 20]
[monotone_constraints: ]
[monotone_constraints_method: basic]
[monotone_penalty: 0]
[feature_contri: ]
[forcedsplits_filename: ]
[refit_decay_rate: 0.9]
[cegb_tradeoff: 1]
[cegb_penalty_split: 0]
[cegb_penalty_feature_lazy: ]
[cegb_penalty_feature_coupled: ]
[path_smooth: 0]
[interaction_constraints: ]
[verbosity: -1]
[saved_feature_importance_type: 0]
[use_quantized_grad: 0]
[num_grad_quant_bins: 4]
[quant_train_renew_leaf: 0]
[stochastic_rounding: 1]
[linear_tree: 0]
[max_bin: 255]
[max_bin_by_feature: ]
[min_data_in_bin: 3]
[bin_construct_sample_cnt: 200000]
[data_random_seed: 1]
[is_enable_sparse: 1]
[enable_bundle: 1]
[use_missing: 1]
[zero_as_missing: 0]
[feature_pre_filter: 1]
[pre_partition: 0]
[two_round: 0]
[header: 0]
[label_column: ]
[weight_column: ]
[group_column: ]
[ignore_column: ]
[categorical_feature: ]
[forcedbins_filename: ]
[precise_float_parser: 0]
[parser_config_file: ]
[objective_seed: 5]
[num_class: 1]
[is_unbalance: 0]
[scale_pos_weight: 1]
[sigmoid: 1]
[boost_from_average: 1]
[reg_sqrt: 0]
[alpha: 0.5]
[fair_c: 1]
[poisson_max_delta_step: 0.7]
[tweedie_variance_power: 1.5]
[lambdarank_truncation_level: 30]
[lambdarank_norm: 1]
[label_gain: ]
[lambdarank_position_bias_regularization: 0]
[eval_at: ]
[multi_error_top_k: 1]
[auc_mu_weights: ]
[num_machines: 1]
[local_listen_port: 12400]
[time_out: 120]
[machine_list_filename: ]
[machines: ]
[gpu_platform_id: -1]
[gpu_device_id: -1]
[gpu_device_id_list: ]
[gpu_use_dp: 0]
[num_gpu: 1]

end of parameters

pandas_categorical:[]
