tree
version=v4
num_class=1
num_tree_per_iteration=1
label_index=0
max_feature_idx=16
objective=quantile
feature_names=ret_1d ret_5d ret_20d overnight_gap atr_pct parkinson_20 dvol_z_20 dist_ma20 dist_ma50 dist_ma200 spy_ret_1d spy_ret_5d spy_ret_20d vix_level vix_chg_1d sector_ret_1d sector_ret_5d
feature_infos=[-0.14860864416814679:0.18697993147332359] [-0.22983030663888071:0.28707782672540394] [-0.3097904105656043:0.35565723793677217] [-0.089846062759029066:0.14549325762952448] [0.018808164721471902:0.087394223912526686] [0.012411925976831207:0.043814223203381221] [-2.626727221887561:4.2284145661029591] [-0.21902117320374881:0.19200351493848866] [-0.20691117142869631:0.29133288591242934] [-0.29922782661326552:0.56842341072835145] [-0.058542947643003718:0.10501933612632941] [-0.11496158439845272:0.082843216242346029] [-0.12265592443394913:0.15756596870864792] [11.859999656677246:52.330001831054688] [-0.35753873962348437:0.74039073966007019] [-0.06285260230433054:0.088816354578251211] [-0.11675897124649115:0.08529462291702461]
tree_sizes=826 855 862 853 861 857 869 865 862 863 868 857 870 850 864 874 863 864 876 866 855 870 870 861 868 873 862 856 870 859 867 870 869 857 872 862 866 872 874 865 869

Tree=0
num_leaves=8
num_cat=0
split_feature=13 9 8 5 5 10 15
split_gain=1.8478 1.23628 0.94241 0.704504 0.6458 0.8885 0.424659
threshold=25.505000114440922 -0.049812535573155507 -0.052530593338233005 0.020528822602504184 0.021923841429856265 -0.0028966146153551193 0.0059842975252003558
decision_type=2 8 10 2 2 2 2
left_child=1 2 -1 6 -5 -6 -3
right_child=-2 3 -4 4 5 -7 -8
leaf_value=0.027300338619794175 0.028574560947655668 0.02662217841849528 0.028042856370134307 0.028047462856077711 0.027670549948576539 0.026939956655557672 0.027111607621869684
leaf_weight=63 29 323 29 26 39 122 119
leaf_count=63 29 323 29 26 39 122 119
internal_value=0.0270258 0.0265281 0.0319418 0.0257363 0.0283089 0.0271281 0.0246479
internal_weight=750 721 92 629 187 161 442
internal_count=750 721 92 629 187 161 442
is_linear=0
shrinkage=1


Tree=1
num_leaves=8
num_cat=0
split_feature=13 1 4 16 9 1 11
split_gain=2.21063 0.714613 0.86508 1.05525 0.772609 0.543177 0.444125
threshold=25.505000114440922 0.033209700172218144 0.03486625907681349 0.019664928258432472 -0.056400701465981966 0.040287209816117671 0.025734816417073651
decision_type=2 2 2 2 8 2 2
left_child=1 4 5 -4 -1 -3 -6
right_child=-2 2 3 -5 6 -7 -8
leaf_value=0.00077086106750124967 0.0012737300379136941 0.00062018086048994917 0.00053486380260653712 0.00023465565315843406 -0.00039306275184082426 -0.00025179297425101968 0.00034539106217644326
leaf_weight=63 30 27 29 28 432 97 28
leaf_count=63 30 27 29 28 432 97 28
internal_value=4.08707e-05 -0.000525569 0.00218232 0.0072807 -0.00146272 -0.000161292 -0.00217391
internal_weight=734 704 181 57 523 124 460
internal_count=734 704 181 57 523 124 460
is_linear=0
shrinkage=0.05


Tree=2
num_leaves=8
num_cat=0
split_feature=13 9 8 12 14 4 0
split_gain=1.43989 1.01919 1.0135 0.777766 0.88573 0.533984 0.492476
threshold=25.505000114440922 -0.049812535573155507 -0.043647147577387461 0.04031241424141075 0.012431899030548645 0.030418722829423695 0.019844827679817326
decision_type=2 8 10 2 2 2 2
left_child=1 2 -1 5 -5 -3 -7
right_child=-2 3 -4 4 -6 6 -8
leaf_value=8.1119336220031844e-05 0.00099478357314310649 -0.00054999258050563869 0.00088618838986623868 -0.00013975394435940535 0.0004593559996671152 0.00016096193347566533 -0.00022586352166461353
leaf_weight=65 33 268 25 101 42 170 45
leaf_count=65 33 268 25 101 42 170 45
internal_value=-6.00813e-05 -0.000530727 0.00444444 -0.00124601 0.00199301 -0.00220497 -0.000348838
internal_weight=749 716 90 626 143 483 215
internal_count=749 716 90 626 143 483 215
is_linear=0
shrinkage=0.05


Tree=3
num_leaves=8
num_cat=0
split_feature=13 9 11 12 1 1 13
split_gain=1.06757 0.623351 0.7751 0.678646 0.542783 0.601561 0.529963
threshold=25.505000114440922 -0.051376403132812214 0.011258246929470419 0.0062346335449628984 0.033612565837613191 0.055769653730913478 16.73499965667725
decision_type=2 8 2 2 2 2 2
left_child=1 2 3 -1 -3 6 -6
right_child=-2 4 -4 -5 5 -7 -8
leaf_value=-2.2294153458263594e-05 0.0009450443944859512 -0.00029798092390305491 -0.00019450035535261356 0.001259761258907771 0.00044824253832709195 -4.7251813456373284e-05 -1.5177873355301443e-05
leaf_weight=25 33 463 28 29 30 101 34
leaf_count=25 33 463 28 29 30 101 34
internal_value=-0.000154779 -0.000563381 0.00353658 0.00703704 -0.00109873 0.00136364 0.00515625
internal_weight=743 710 82 54 628 165 64
internal_count=743 710 82 54 628 165 64
is_linear=0
shrinkage=0.05


Tree=4
num_leaves=8
num_cat=0
split_feature=4 16 1 16 9 8 2
split_gain=0.966559 0.834445 0.892562 0.890909 0.693188 0.532723 1.13948
threshold=0.032940373470560273 -0.025601212369674161 0.041503651797344727 0.019664928258432472 -0.051376403132812214 -0.070291274226671349 -0.091621532524700164
decision_type=2 2 2 2 8 10 2
left_child=4 -2 5 -4 -1 6 -3
right_child=1 2 3 -5 -6 -7 -8
leaf_value=0.00060175483448456502 0.0011838124056429318 -0.00026452625674255095 0.00056356818890262365 6.3865652771591229e-05 -0.00030051653327716805 -0.00033344051337874599 0.0010584371278485234
leaf_weight=49 25 40 36 30 430 107 29
leaf_count=49 25 40 36 30 430 107 29
internal_value=-0.00010724 0.00230337 0.00140496 0.00636364 -0.00145094 -0.000454547 0.00297101
internal_weight=746 267 242 66 479 176 69
internal_count=746 267 242 66 479 176 69
is_linear=0
shrinkage=0.05


Tree=5
num_leaves=8
num_cat=0
split_feature=5 0 3 11 1 7 15
split_gain=1.16168 0.819778 0.8002 0.771703 0.760261 1.24315 0.508773
threshold=0.020400094025880788 0.0057132656704238513 0.0058892895705039425 -0.01262108781240978 -0.033784827147967926 0.011548617147932318 0.0069208731104983831
decision_type=2 2 2 2 2 2 2
left_child=6 3 -3 -2 -5 -6 -1
right_child=1 2 -4 4 5 -7 -8
leaf_value=-0.00028549070449875659 0.0011848694599117444 -0.00015715395945556441 0.00024700590555565928 -0.00044798073423988304 0.00090229067898306165 0.00050990526555458706 7.6334018811096565e-05
leaf_weight=380 36 50 43 31 25 48 124
leaf_count=380 36 50 43 31 25 48 124
internal_value=2.03516e-05 0.00293991 -0.000698926 0.00535714 0.00317308 0.0059589 -0.00132937
internal_weight=737 233 93 140 104 73 504
internal_count=737 233 93 140 104 73 504
is_linear=0
shrinkage=0.05


Tree=6
num_leaves=8
num_cat=0
split_feature=13 4 15 12 0 3 7
split_gain=1.08965 0.552687 0.851323 0.880155 0.697096 0.684438 0.519579
threshold=25.505000114440922 0.030418722829423695 0.0044017547554147116 0.04031241424141075 0.0057132656704238513 0.0051378065235381251 -0.079217936419010856
decision_type=2 2 2 2 2 2 2
left_child=1 2 -1 -4 5 6 -3
right_child=-2 4 3 -5 -6 -7 -8
leaf_value=-0.00047760957911919275 0.00072256558542165927 -0.0002579826561859448 -0.00024967374297167724 0.00042373015770940238 -7.3933788637224669e-05 -0.00057837224149541032 0.00084615206487194589
leaf_weight=244 34 26 82 29 134 40 157
leaf_count=244 34 26 82 29 134 40 157
internal_value=-0.000509385 -0.000926967 -0.00232394 0.00130631 0.000462184 0.00217489 0.00346994
internal_weight=746 712 355 111 357 223 183
internal_count=746 712 355 111 357 223 183
is_linear=0
shrinkage=0.05


Tree=7
num_leaves=8
num_cat=0
split_feature=5 5 9 5 8 15 15
split_gain=0.920345 0.758551 0.743387 0.779415 0.657973 0.613507 0.52444
threshold=0.020400094025880788 0.021717191339990252 -0.051376403132812214 0.016739760679457552 -0.1116806935805975 -0.0059947456018758496 0.0059842975252003558
decision_type=2 2 8 2 10 2 2
left_child=2 -2 3 -1 -3 -6 -4
right_child=1 4 6 -5 5 -7 -8
leaf_value=-0.00018437945881806612 0.00095110250432305923 0.00080435074146817669 -0.000427551613057264 0.00086420353802744835 0.00036016491934514255 -7.6478393022138335e-05 1.8462405770370819e-05
leaf_weight=26 26 36 316 38 37 140 126
leaf_count=26 26 36 316 38 37 140 126
internal_value=-0.000234901 0.00232217 -0.00144269 0.00359375 0.00133803 8.47446e-05 -0.00217195
internal_weight=745 239 506 64 213 177 442
internal_count=745 239 506 64 213 177 442
is_linear=0
shrinkage=0.05


Tree=8
num_leaves=8
num_cat=0
split_feature=4 0 0 6 1 9 8
split_gain=0.942938 0.74252 1.27664 0.641319 0.579403 0.663981 0.52573
threshold=0.03028931687502651 -0.017516172444308638 -0.027618403182461834 -0.90128614621043524 0.01199400599400602 -0.0081716968604473288 -0.11561517972791856
decision_type=2 2 2 2 2 8 10
left_child=4 2 -2 -3 -1 -6 -5
right_child=1 3 -4 6 5 -7 -8
leaf_value=-0.00042026050943892327 -1.2465022519180622e-05 0.00076818082273032477 0.00121922243792273 0.00039988887145467073 0.00053717821914228551 -0.00020363135217817583 -8.8002861073054211e-05
leaf_weight=208 48 40 37 27 29 123 252
leaf_count=208 48 40 37 27 29 123 252
internal_value=-0.000222514 0.00143564 0.00558823 0.000329152 -0.00208333 0.000263157 -0.000519714
internal_weight=764 404 85 319 360 152 279
internal_count=764 404 85 319 360 152 279
is_linear=0
shrinkage=0.05


Tree=9
num_leaves=8
num_cat=0
split_feature=13 9 14 12 10 8 9
split_gain=0.731874 0.473572 0.548255 0.546184 1.01415 0.380381 0.731982
threshold=25.505000114440922 -0.049812535573155507 -0.0049345356588886271 0.04031241424141075 -0.0034865446870830925 0.084891644389401347 0.026860618951290108
decision_type=2 8 2 2 2 8 8
left_child=1 2 -1 -3 -5 6 -6
right_child=-2 3 -4 4 5 -7 -8
leaf_value=-5.665708302377428e-05 0.00059167121084150245 -0.00034567130415591907 0.00081720155807023611 0.00072433663915570656 -0.00026995701891439834 -0.00030470513435659806 0.00044465261682642856
leaf_weight=43 28 476 49 26 26 48 48
leaf_count=43 28 476 49 26 26 48 48
internal_value=-0.000430109 -0.000740225 0.00260869 -0.00123398 0.00141892 -0.000491804 0.00175676
internal_weight=744 716 92 624 148 122 74
internal_count=744 716 92 624 148 122 74
is_linear=0
shrinkage=0.05


Tree=10
num_leaves=8
num_cat=0
split_feature=5 0 9 3 12 11 7
split_gain=0.809703 0.602967 1.38233 0.847118 0.961793 0.556035 0.642753
threshold=0.018685296855581405 -0.0079175599944807922 0.040312296780072539 0.0031456003720444774 0.018878595009899749 -0.0017669803293580697 -0.0520584268598887
decision_type=2 2 8 2 2 2 2
left_child=5 2 -2 -3 -5 -1 -7
right_child=1 3 -4 4 -6 6 -8
leaf_value=-0.00040512359725893254 0.00121331165499809 -0.00032728296438805788 -0.00058809683675736769 0.00038490535370332829 -6.9607612402460461e-05 0.00023193578613218028 -0.00018892939744911047
leaf_weight=144 57 105 46 43 52 31 271
leaf_count=144 57 105 46 43 52 31 271
internal_value=-0.00039386 0.00160066 0.00470874 -1.19209e-09 0.00342105 -0.00174888 -0.000529803
internal_weight=749 303 103 200 95 446 302
internal_count=749 303 103 200 95 446 302
is_linear=0
shrinkage=0.05


Tree=11
num_leaves=8
num_cat=0
split_feature=9 9 1 6 4 12 7
split_gain=0.684705 0.803872 0.58787 0.571151 0.750638 0.482004 0.660043
threshold=-0.049812535573155507 -0.063293145273201831 0.033209700172218144 -0.078565504718750082 0.03486625907681349 0.042111122308508782 0.032203262492563119
decision_type=8 10 2 2 2 2 2
left_child=1 -1 5 4 -4 -2 -7
right_child=2 -3 3 -5 -6 6 -8
leaf_value=0.00028134576959391053 -0.00035403588458744111 0.0012824723217651974 4.0998556232914887e-05 -0.00020577403904585264 0.00040197177232317621 0.00019649389957341891 -0.00012432571918655888
leaf_weight=86 386 25 51 84 28 59 28
leaf_count=86 386 25 51 84 28 59 28
internal_value=-0.000515396 0.00310811 -0.0011478 0.00144172 0.00449367 -0.00204017 0.00132184
internal_weight=747 111 636 163 79 473 87
internal_count=747 111 636 163 79 473 87
is_linear=0
shrinkage=0.05


Tree=12
num_leaves=8
num_cat=0
split_feature=5 8 10 8 8 9 2
split_gain=0.805182 0.775277 0.810822 0.879606 0.975148 0.767458 1.2264
threshold=0.01666712820091135 0.040417258349019332 -0.0018123893917819098 -0.11561517972791856 -0.0033544552687428393 1.0000000180025095e-35 -0.091621532524700164
decision_type=2 8 2 10 10 10 2
left_child=-1 2 5 -4 -5 6 -2
right_child=1 -3 3 4 -6 -7 -8
leaf_value=-0.00028509874276177804 0.00059419978820245795 -8.7471313032914941e-05 0.00079672573470459846 -0.00028072173766810216 0.00038763500832644673 7.1100531741973473e-06 0.0014813743448204406
leaf_weight=233 25 197 25 125 51 44 34
leaf_count=233 25 197 25 125 51 44 34
internal_value=-0.000640328 0.000489021 0.00207237 0.000223879 -0.00102273 0.00567961 0.00940678
internal_weight=734 501 304 201 176 103 59
internal_count=734 501 304 201 176 103 59
is_linear=0
shrinkage=0.05


Tree=13
num_leaves=8
num_cat=0
split_feature=5 5 14 5 8 4 10
split_gain=0.7082 1.43441 0.516849 1.08905 1.22988 0.843956 0.290453
threshold=0.025399566173960969 0.028429256963010852 0.039671535485110161 0.016739760679457552 0.038807112784809646 0.033237271706025744 0.0083253127378262199
decision_type=2 2 2 2 8 2 2
left_child=2 -2 6 -4 5 -5 -1
right_child=1 -3 3 4 -6 -7 -8
leaf_value=-0.00020491197911135374 0.00077787428663478276 -0.00010099333779161642 -0.00044410669843078434 0.001171046746061717 -0.00030829913689148469 0.00050576314755282163 1.0487876656549121e-05
leaf_weight=408 33 48 58 30 38 26 104
leaf_count=408 33 48 58 30 38 26 104
internal_value=-0.000771813 0.00364197 -0.00131024 0.00125 0.00457447 0.00928571 -0.00207031
internal_weight=745 81 664 152 94 56 512
internal_count=745 81 664 152 94 56 512
is_linear=0
shrinkage=0.05


Tree=14
num_leaves=8
num_cat=0
split_feature=5 5 12 14 4 12 5
split_gain=0.83324 0.859524 0.338352 0.644666 0.478809 0.817638 0.609155
threshold=0.025597280779678964 0.028429256963010852 0.031326678595768549 0.041854253665611248 0.03028931687502651 0.013959702571110679 0.022651089693139993
decision_type=2 2 2 2 2 2 2
left_child=2 -2 4 -4 -1 6 -6
right_child=1 -3 3 -5 5 -7 -8
leaf_value=-0.00044059546607972837 0.00083160416159296265 -3.4219937187607669e-05 -4.5788938044613966e-05 0.00040832665663438985 0.00069788150537277718 -0.00036730101657952763 -0.00015655145087234684
leaf_weight=205 28 42 196 29 86 87 46
leaf_count=205 28 42 196 29 86 87 46
internal_value=-0.00089708 0.00428571 -0.00145609 0.00011111 -0.00228774 -0.000662102 0.00181818
internal_weight=719 70 649 225 424 219 132
internal_count=719 70 649 225 424 219 132
is_linear=0
shrinkage=0.05


Tree=15
num_leaves=8
num_cat=0
split_feature=5 14 1 8 14 14 10
split_gain=0.819167 0.651158 1.01207 0.860504 0.521963 0.532738 0.852711
threshold=0.018685296855581405 -0.0049345356588886271 0.01199400599400602 0.063618053826889245 -0.018674174310541299 -0.0032889554051496734 -0.00025977690608347531
decision_type=2 2 2 8 2 2 2
left_child=1 -1 -3 -4 -2 -6 -7
right_child=4 2 3 -5 5 6 -8
leaf_value=-0.00031928835958096899 -3.2359893238781362e-05 -0.00028155323577028901 0.00043662722241408875 -0.00013879100450502925 0.00062918901492262569 0.00061438338479115394 -0.0004630275929904731
leaf_weight=210 133 155 43 32 38 95 37
leaf_count=210 133 155 43 32 38 95 37
internal_value=-0.000895021 -0.00227273 -0.000434784 0.00433333 0.00110561 0.00294118 0.00143939
internal_weight=743 440 230 75 303 170 132
internal_count=743 440 230 75 303 170 132
is_linear=0
shrinkage=0.05


Tree=16
num_leaves=8
num_cat=0
split_feature=0 4 0 15 15 11 10
split_gain=0.472409 0.916877 1.0989 0.491087 1.7762 0.772247 0.550973
threshold=-0.017516172444308638 0.030811363869078148 -0.027618403182461834 0.0065483618287495169 0.0083899771624207382 0.010325592829658616 0.0052131672495069345
decision_type=2 2 2 2 2 2 2
left_child=1 -1 -3 -2 5 -5 -6
right_child=3 2 -4 4 6 -7 -8
leaf_value=-0.00025889690747519562 -0.00018565129263952552 -4.8394174494839677e-05 0.0010125349273896163 0.0002756616778308564 0.00013759795362075307 0.00067865343483179729 -0.00019717387048406076
leaf_weight=43 444 42 36 26 27 25 114
leaf_count=43 444 42 36 26 27 25 114
internal_value=-0.000838839 0.00202479 0.00525641 -0.00138365 0.000729165 0.00872549 -0.00216312
internal_weight=757 121 78 636 192 51 141
internal_count=757 121 78 636 192 51 141
is_linear=0
shrinkage=0.05


Tree=17
num_leaves=8
num_cat=0
split_feature=3 15 15 8 14 5 14
split_gain=0.627367 0.617147 1.25667 0.764642 0.703424 0.478579 0.618351
threshold=0.0034468806880065821 0.0069858211800583056 0.013425172041236057 0.029698108384033643 -1.0000000180025095e-35 0.016359034074776558 0.0012326341754252958
decision_type=2 2 2 8 2 2 2
left_child=5 4 3 -3 -2 -1 -7
right_child=1 2 -4 -5 -6 6 -8
leaf_value=-0.0002951785488342311 -0.00048514399955149848 0.000451610516575919 -0.00026592906906963091 0.00010774070234976072 0.00015749615066337717 -0.00010424302616479388 0.0003151879917606612
leaf_weight=141 88 31 32 35 64 182 173
leaf_count=141 88 31 32 35 64 182 173
internal_value=-0.00044236 0.0016 0.00469388 0.00863636 -0.000394738 -0.00147178 -0.000492959
internal_weight=746 250 98 66 152 496 355
internal_count=746 250 98 66 152 496 355
is_linear=0
shrinkage=0.05


Tree=18
num_leaves=8
num_cat=0
split_feature=4 0 0 12 12 8 9
split_gain=0.572574 0.631166 0.978513 0.521481 0.767806 0.428578 0.979846
threshold=0.032662905831407983 -0.018748571270007227 -0.026528444936503189 -0.0093119060190361962 -0.028469952569234454 -0.0083456710836586883 -0.0081716968604473288
decision_type=2 2 2 2 2 10 8
left_child=5 2 -2 4 -3 -1 -7
right_child=1 3 -4 -5 -6 6 -8
leaf_value=-0.00032646981316655928 0.00010304493611289229 -0.00010587737880135605 0.0009761369934137567 -0.00012111730861631206 0.00078400226886682313 0.00043435270773783762 -0.00014453023140087638
leaf_weight=214 38 39 25 150 27 38 222
leaf_count=214 38 39 25 150 27 38 222
internal_value=-0.000883135 0.000913977 0.00531746 -0.000370372 0.00333333 -0.00194093 -0.000576924
internal_weight=753 279 63 216 66 474 260
internal_count=753 279 63 216 66 474 260
is_linear=0
shrinkage=0.05


Tree=19
num_leaves=8
num_cat=0
split_feature=9 14 9 12 14 5 8
split_gain=0.810673 0.57982 0.832035 0.575454 0.790998 0.415874 0.366337
threshold=-0.049812535573155507 -0.0049345356588886271 -0.085847868289464932 0.04031241424141075 0.012431899030548645 0.01571166564850178 0.084891644389401347
decision_type=8 2 10 2 2 2 10
left_child=1 -1 -3 5 6 -2 -5
right_child=3 2 -4 4 -6 -7 -8
leaf_value=-5.4374013315294308e-06 -0.00041583788744305091 0.00011715790234779508 0.0010307777212028204 0.0001104846384348763 0.00025127351384599694 -0.00010634681359876124 -0.00059081879166814272
leaf_weight=47 109 27 28 64 41 386 37
leaf_count=47 109 27 28 64 41 386 37
internal_value=-0.000805143 0.00333333 0.00681818 -0.00146782 0.00133803 -0.00227273 -0.00103961
internal_weight=739 102 55 637 142 495 101
internal_count=739 102 55 637 142 495 101
is_linear=0
shrinkage=0.05


Tree=20
num_leaves=8
num_cat=0
split_feature=5 5 14 9 2 9 0
split_gain=0.519034 0.663131 0.395757 0.899198 0.443129 0.439228 0.430887
threshold=0.025597280779678964 0.028429256963010852 0.039671535485110161 0.026860618951290108 0.070685801176605847 0.19177840848656838 -0.012316440471061283
decision_type=2 2 2 8 2 10 2
left_child=2 -2 5 6 -5 -1 -4
right_child=1 -3 3 4 -6 -7 -8
leaf_value=-0.00015419009368080336 0.00063894612424174107 -8.067344801474842e-05 0.00052123557942000372 -0.00043456505737590745 0.00023870982729795533 0.00037987524987608684 0.00065131132306653621
leaf_weight=492 33 46 34 64 31 26 25
leaf_count=492 33 46 34 64 31 26 25
internal_value=-0.00060586 0.00322785 -0.00105655 0.00116883 -0.00184211 -0.00171815 0.00601695
internal_weight=751 79 672 154 95 518 59
internal_count=751 79 672 154 95 518 59
is_linear=0
shrinkage=0.05


Tree=21
num_leaves=8
num_cat=0
split_feature=13 3 12 10 15 1 12
split_gain=0.402266 0.550456 0.445302 0.776816 0.505521 0.550456 0.386234
threshold=24.119999885559086 -0.0036072127457650312 0.04031241424141075 -0.0034865446870830925 0.0065483618287495169 0.028210543846899142 0.015576171273286367
decision_type=2 2 2 2 2 2 2
left_child=2 -2 6 -4 -5 -6 -1
right_child=1 -3 3 4 5 -7 -8
leaf_value=-2.4975481596031647e-05 -0.00025920103834246373 0.00033738304670132246 0.00043383625193406107 -0.00013913095905071529 -1.7047396339862163e-05 0.00055310260175399459 -0.00026388318134119956
leaf_weight=278 27 25 29 84 27 25 253
leaf_count=278 27 25 29 84 27 25 253
internal_value=-0.000588236 0.00365384 -0.000905174 0.00136364 -0.000220589 0.00365384 -0.00161017
internal_weight=748 52 696 165 136 52 531
internal_count=748 52 696 165 136 52 531
is_linear=0
shrinkage=0.05


Tree=22
num_leaves=8
num_cat=0
split_feature=15 12 9 8 2 10 13
split_gain=0.647162 1.11642 0.781874 0.624191 0.441407 0.372296 0.516589
threshold=0.0065483618287495169 0.032077176044670981 0.092784696597144514 0.064588622646470042 -0.074718980636400187 -0.0032012772633666082 15.400000095367433
decision_type=2 2 8 10 2 2 2
left_child=2 4 5 -3 -2 -1 -7
right_child=1 3 -4 -5 -6 6 -8
leaf_value=0.00035365463355365139 3.5414124859461966e-05 0.00041785782563598221 -0.00034756394790886908 0.00014011592819068009 -0.00020979136958556934 -0.00045215604270347254 4.6044432876676983e-05
leaf_weight=115 35 41 231 31 81 93 115
leaf_count=115 35 41 231 31 81 93 115
internal_value=-0.000619947 0.00191489 -0.00148015 0.00680555 -0.00112069 0.000108358 -0.00115385
internal_weight=742 188 554 72 116 323 208
internal_count=742 188 554 72 116 323 208
is_linear=0
shrinkage=0.05


Tree=23
num_leaves=8
num_cat=0
split_feature=3 5 7 7 9 10 7
split_gain=0.523968 0.966408 0.592151 0.851081 0.558373 0.76644 0.668981
threshold=0.0034468806880065821 0.025872032602833765 0.057540699987128303 0.036129324247738077 -1.0000000180025095e-35 -0.00018006943063253453 -0.062043010544190473
decision_type=2 2 2 2 8 2 2
left_child=4 2 3 -2 5 6 -1
right_child=1 -3 -4 -5 -6 -7 -8
leaf_value=-0.00014839241285412224 1.4383760201055693e-05 0.00073129264201012988 -0.00019186038928183709 0.00024276683412711251 -0.00016591087966144293 -0.00018222363195896372 0.00126563937678505
leaf_weight=27 144 25 52 26 357 72 48
leaf_count=27 144 25 52 26 357 72 48
internal_value=-0.000206393 0.00168016 0.000630629 0.00205882 -0.00113095 0.00146258 0.005
internal_weight=751 247 222 170 504 147 75
internal_count=751 247 222 170 504 147 75
is_linear=0
shrinkage=0.05


Tree=24
num_leaves=8
num_cat=0
split_feature=5 1 14 11 16 8 10
split_gain=0.633985 0.538558 0.755857 0.624643 0.514303 0.64285 0.495315
threshold=0.018685296855581405 0.01199400599400602 -0.0054293361358405115 0.011634039633228179 -0.020456177219643042 -0.1116806935805975 0.0086193521775437282
decision_type=2 2 2 2 2 10 2
left_child=1 6 -3 -4 -2 -6 -1
right_child=4 2 3 -5 5 -7 -8
leaf_value=-0.00026065660891747656 0.00058788558675900511 -0.00032186560572397262 0.00035654407637885418 -6.3308310808768599e-05 0.00061336572372798189 -1.0512446562414109e-05 0.00014914861393024786
leaf_weight=239 38 81 46 28 27 248 42
leaf_count=239 38 81 46 28 27 248 42
internal_value=-0.000327104 -0.00155963 0.00080645 0.00445946 0.00138978 0.000636362 -0.00286477
internal_weight=749 436 155 74 313 275 281
internal_count=749 436 155 74 313 275 281
is_linear=0
shrinkage=0.05


Tree=25
num_leaves=8
num_cat=0
split_feature=1 15 1 9 1 10 10
split_gain=0.686383 0.691257 1.15168 0.835111 0.517359 0.757151 0.759342
threshold=0.033209700172218144 -0.0025434485253218449 0.046008106135134515 0.021473405752055478 -0.012675007790805491 0.0086193521775437282 -0.0019500004630599863
decision_type=2 2 2 10 2 2 2
left_child=4 -2 -3 -4 5 6 -1
right_child=1 2 3 -5 -6 -7 -8
leaf_value=0.00035607832269067135 -8.9412491731066595e-05 0.00066216574428141497 0.00021900948237499343 -0.0002454322026552188 -0.00017724148749552812 0.00031926962787379322 -0.0002601087583975217
leaf_weight=110 49 36 49 61 288 38 126
leaf_count=110 49 36 49 61 288 38 126
internal_value=-0.000376487 0.00217949 0.00390411 0.00136364 -0.00126335 0.00029197 -0.000762713
internal_weight=757 195 146 110 562 274 236
internal_count=757 195 146 110 562 274 236
is_linear=0
shrinkage=0.05


Tree=26
num_leaves=8
num_cat=0
split_feature=3 14 10 3 9 4 4
split_gain=0.594623 0.848983 0.6963 1.04395 0.561239 0.433086 0.417781
threshold=0.003548511628282847 -0.029587498132827402 0.00069580976977412512 0.0078934677205315679 0.01660005888051486 0.029211728485015836 0.037226247933847857
decision_type=2 2 2 2 8 2 2
left_child=5 -2 4 -4 -3 -1 -7
right_child=1 2 3 -5 -6 6 -8
leaf_value=-0.00023893505797236922 -0.00016277667165001035 0.00033641818504481113 0.00041170071190884083 -0.00038727893005122913 -0.00014042626344968852 8.6610469948552443e-05 -0.00023468575695907991
leaf_weight=222 113 26 31 26 44 187 88
leaf_count=222 113 26 31 26 44 187 88
internal_value=-0.00079376 0.00125 0.00405512 0.00815789 0.000714285 -0.00178069 -0.000454547
internal_weight=737 240 127 57 70 497 275
internal_count=737 240 127 57 70 497 275
is_linear=0
shrinkage=0.05


Tree=27
num_leaves=8
num_cat=0
split_feature=5 5 16 4 4 11 9
split_gain=0.553075 0.565715 1.02985 0.716495 1.18093 0.483083 0.410609
threshold=0.018685296855581405 0.023420501343928157 -0.016220835212192083 0.032662905831407983 0.037226247933847857 0.016901254843129102 -0.051376403132812214
decision_type=2 2 2 2 2 2 8
left_child=6 2 -2 -4 -5 -3 -1
right_child=1 5 3 4 -6 -7 -8
leaf_value=0.00031934098642857922 0.00063513538793925862 -0.0001239912108252298 -9.6296427889518374e-05 0.00066294234335801099 -0.00064342284359766161 0.00046699842758047509 -0.00021353765847012554
leaf_weight=62 26 89 70 42 34 43 383
leaf_count=62 26 89 70 42 34 43 383
internal_value=-0.00039386 0.00125 0.00313953 0.00150685 0.00486842 -0.00121212 -0.00151686
internal_weight=749 304 172 146 76 132 445
internal_count=749 304 172 146 76 132 445
is_linear=0
shrinkage=0.05


Tree=28
num_leaves=8
num_cat=0
split_feature=1 14 15 11 14 15 6
split_gain=0.372202 0.67176 0.611449 0.432239 0.391942 1.14399 0.545625
threshold=0.033209700172218144 -0.0082882010072965456 0.0038050650617504904 0.0040071134155756924 0.040951993391927573 -0.0035766417043024963 0.94345834900974679
decision_type=2 2 2 2 2 2 2
left_child=4 -2 3 -3 6 -6 -1
right_child=1 2 -4 -5 5 -7 -8
leaf_value=-0.00016155761731907845 -2.4862291993710257e-05 0.00020633755474661815 0.00034842568346406521 -0.00023899121092730248 -0.00010230851863156576 0.00059596541974437527 0.00026425505712333294
leaf_weight=366 102 25 25 41 106 37 62
leaf_count=366 102 25 25 41 106 37 62
internal_value=-0.000680629 0.00121762 0.00434066 0.00181818 -0.00132224 0.000944055 -0.00207944
internal_weight=764 193 91 66 571 143 428
internal_count=764 193 91 66 571 143 428
is_linear=0
shrinkage=0.05


Tree=29
num_leaves=8
num_cat=0
split_feature=9 11 8 5 14 4 3
split_gain=0.561371 0.852383 1.27309 0.87506 0.807618 0.489258 1.19011
threshold=-1.0000000180025095e-35 0.01562981784988882 -0.0019969299463496455 0.017040321639984996 0.040951993391927573 0.023696770962829145 0.0015802511984532865
decision_type=8 2 10 2 2 2 2
left_child=1 2 3 -1 -5 6 -2
right_child=5 -3 -4 4 -6 -7 -8
leaf_value=-0.0001730376998897794 -0.00042186455265178088 -0.00022676210060941298 0.00055977614618074665 -4.2867002734382783e-05 0.0011552375995022965 -0.0001108365644839011 0.00041415569945087025
leaf_weight=47 35 60 31 44 27 458 30
leaf_count=47 35 60 31 44 27 458 30
internal_value=-0.000491804 0.00169856 0.00372483 0.00135593 0.00485915 -0.00136711 0.00269231
internal_weight=732 209 149 118 71 523 65
internal_count=732 209 149 118 71 523 65
is_linear=0
shrinkage=0.05


Tree=30
num_leaves=8
num_cat=0
split_feature=15 15 11 9 1 14 0
split_gain=0.595393 1.10325 1.03795 0.636264 0.652981 0.555459 0.535547
threshold=0.0065483618287495169 0.0083899771624207382 0.0077476291069551459 -0.051376403132812214 0.0096422239795733739 0.047142331582309634 0.015322134504683451
decision_type=2 2 2 8 2 2 2
left_child=3 2 -2 5 -5 -1 -6
right_child=1 -3 -4 4 6 -7 -8
leaf_value=-2.2735353458168978e-05 0.0001534935338126652 -1.3583564694286181e-05 0.00050893066814237063 -0.00022224843660791045 5.9033038222275566e-05 0.0010980081935550348 -0.00037462444670049625
leaf_weight=51 26 151 28 263 154 25 40
leaf_count=51 26 151 28 263 154 25 40
internal_value=-0.000460706 0.00182927 0.00796296 -0.00134146 -0.00204595 0.00289474 0.000154638
internal_weight=738 205 54 533 457 76 194
internal_count=738 205 54 533 457 76 194
is_linear=0
shrinkage=0.05


Tree=31
num_leaves=8
num_cat=0
split_feature=15 15 16 8 9 14 10
split_gain=0.663787 1.00291 0.636011 0.626431 0.556611 0.622691 1.05376
threshold=0.0069208731104983831 0.0083899771624207382 0.010108552844089182 -0.047733884774511175 0.092784696597144514 0.039671535485110161 -0.0055859659212495463
decision_type=2 2 2 10 8 2 2
left_child=4 -2 3 -3 5 -1 -7
right_child=1 2 -4 -5 -6 6 -8
leaf_value=-3.3064298500566672e-05 0.00046332016198202179 -0.00014764969174861647 -7.7326109050330355e-05 0.00020521190780969399 -0.00027394136573524356 -0.00021293685075205734 0.00076093304738991435
leaf_weight=227 43 33 83 27 232 62 31
leaf_count=227 43 33 83 27 232 62 31
internal_value=-0.000325204 0.00225806 0.000244754 0.00416667 -0.00119565 0.000156249 0.00360215
internal_weight=738 186 143 60 552 320 93
internal_count=738 186 143 60 552 320 93
is_linear=0
shrinkage=0.05


Tree=32
num_leaves=8
num_cat=0
split_feature=11 8 3 6 6 14 10
split_gain=0.403685 1.21827 0.513848 1.04845 0.831938 1.96573 0.401377
threshold=0.0038135025222709733 -0.11561517972791856 0.0031456003720444774 0.38348073461021931 -0.29309086655488709 -0.01909405816599757 -0.0022250967273709783
decision_type=2 8 2 2 2 2 2
left_child=6 -2 3 -3 5 -4 -1
right_child=1 2 4 -5 -6 -7 -8
leaf_value=-4.0940189012083286e-05 0.00057379656020850047 -0.00021772511952591561 -1.3291731099144327e-05 0.00035231563060278848 -4.8772026387023222e-05 0.00022482054206674298 -0.0001638064097672367
leaf_weight=182 30 159 38 48 85 25 184
leaf_count=182 30 159 38 48 85 25 184
internal_value=-0.000805594 0.000324674 -0.000492959 -0.00210145 0.00175676 0.00611111 -0.00199454
internal_weight=751 385 355 207 148 63 366
internal_count=751 385 355 207 148 63 366
is_linear=0
shrinkage=0.05


Tree=33
num_leaves=8
num_cat=0
split_feature=5 5 9 14 4 3 11
split_gain=0.614438 0.623377 0.417012 0.514178 0.296 0.951923 0.379017
threshold=0.025399566173960969 0.028429256963010852 -0.055026772551530649 -0.0049345356588886271 0.023696770962829145 0.00039196600197755066 0.025734816417073651
decision_type=2 2 8 2 2 2 2
left_child=2 -2 3 -1 5 -4 -6
right_child=1 -3 4 -5 6 -7 -8
leaf_value=-3.9178269655776099e-05 0.00050287821381371554 -4.5200997941982957e-05 -0.00055832061828564312 0.00052547909542641387 -0.00016211259372944501 0.00023588585709056564 7.9502703131584639e-05
leaf_weight=38 33 44 33 48 473 39 40
leaf_count=38 33 44 33 48 473 39 40
internal_value=-0.000788771 0.00344156 -0.00127422 0.00197674 -0.00175214 0.00125 -0.00217349
internal_weight=748 77 671 86 585 72 513
internal_count=748 77 671 86 585 72 513
is_linear=0
shrinkage=0.05


Tree=34
num_leaves=8
num_cat=0
split_feature=12 12 5 9 10 12 16
split_gain=0.378526 0.677083 0.545882 0.481233 0.584593 0.471342 0.431157
threshold=0.04031241424141075 0.043286843097797296 0.01571166564850178 -0.049812535573155507 -0.0019500004630599863 -0.0045413720184895303 0.0029616544180746112
decision_type=2 2 2 8 2 2 2
left_child=2 -2 -1 4 -4 -6 -5
right_child=1 -3 3 6 5 -7 -8
leaf_value=-0.00027977489973644675 0.00026322577537079851 -6.4523751572914469e-06 0.00094444548999370482 -0.00019252052792149071 0.00042988612290452449 -0.00017940280798603949 7.257279512595405e-06
leaf_weight=121 30 130 29 200 26 25 188
leaf_count=121 30 130 29 200 26 25 188
internal_value=-0.000594127 0.0015625 -0.00117997 -0.000405984 0.003125 -9.80404e-05 -0.00113402
internal_weight=749 160 589 468 80 51 388
internal_count=749 160 589 468 80 51 388
is_linear=0
shrinkage=0.05


Tree=35
num_leaves=8
num_cat=0
split_feature=9 2 10 12 14 1 0
split_gain=0.58648 0.614722 0.679949 0.38182 0.71855 0.472149 0.822629
threshold=-0.049812535573155507 -0.10448738253616301 -0.00071796458931633323 0.04031241424141075 0.012431899030548645 0.038319783342124943 0.013218003116546752
decision_type=8 2 2 2 2 2 2
left_child=1 -1 -3 5 -5 -2 -7
right_child=3 2 -4 4 -6 6 -8
leaf_value=-0.00022072386422364654 -0.0002259223624823809 0.00068634425651732363 7.4615719974053076e-05 -6.9643199803840494e-06 0.00020628138116162158 0.00019533451853419298 -0.00015979028893648654
leaf_weight=44 398 26 37 102 43 59 44
leaf_count=44 398 26 37 102 43 59 44
internal_value=-0.000484729 0.00294392 0.00611111 -0.00105263 0.0012069 -0.00170659 0.00131068
internal_weight=753 107 63 646 145 501 103
internal_count=753 107 63 646 145 501 103
is_linear=0
shrinkage=0.05


Tree=36
num_leaves=8
num_cat=0
split_feature=4 8 8 3 13 9 8
split_gain=0.775561 0.622012 1.99479 0.594309 0.820035 1.10607 0.456045
threshold=0.03028931687502651 0.045915983083812402 0.025333815886244507 0.0015802511984532865 15.984999656677248 -0.064242012694846903 -0.030193532020695243
decision_type=2 10 10 2 2 10 10
left_child=3 2 6 -1 5 -5 -2
right_child=1 -3 -4 4 -6 -7 -8
leaf_value=-0.00023665602848512427 6.8259668859999028e-05 -5.3285709736767786e-05 0.00090838764153062558 0.00040349980506654666 -0.00018735642954013224 -1.2026278223508852e-05 -0.00024740573874257858
leaf_weight=205 182 114 27 26 70 53 73
leaf_count=205 182 114 27 26 70 53 73
internal_value=-0.000333335 0.00118687 0.00244681 -0.0020339 0.000369126 0.00386076 0.00107843
internal_weight=750 396 282 354 149 79 255
internal_count=750 396 282 354 149 79 255
is_linear=0
shrinkage=0.05


Tree=37
num_leaves=8
num_cat=0
split_feature=9 14 9 4 8 8 4
split_gain=0.506409 0.675464 0.916861 0.422198 0.542857 1.87207 0.467511
threshold=-0.049812535573155507 -0.0049345356588886271 -0.085847868289464932 0.041928935358839715 -0.0033544552687428393 0.006565934654283124 0.023821978821517122
decision_type=8 2 10 2 10 10 2
left_child=1 -1 -3 4 -2 -6 -7
right_child=3 2 -4 -5 5 6 -8
leaf_value=-1.4515214080956066e-05 -0.0002974145248695465 -0.00013906852259139548 0.00068929445672415808 0.00026291986119302365 0.00026786159547729013 0.00036826881942835996 -7.1681989052587491e-05
leaf_weight=55 234 29 28 47 25 39 301
leaf_count=55 234 29 28 47 25 39 301
internal_value=-0.000514513 0.00258928 0.00640351 -0.00105263 -0.00141069 -0.000205481 -0.00117647
internal_weight=758 112 57 646 599 365 340
internal_count=758 112 57 646 599 365 340
is_linear=0
shrinkage=0.05


Tree=38
num_leaves=8
num_cat=0
split_feature=11 16 3 13 16 15 10
split_gain=0.385027 0.738547 0.693893 0.68125 0.923428 0.703285 0.516565
threshold=0.0038135025222709733 -0.005062010505581859 0.011974841748095268 15.400000095367433 0.0045930765554842443 0.0065483618287495169 0.010655373456526786
decision_type=2 2 2 2 2 2 2
left_child=2 -2 -1 5 -5 -3 -6
right_child=1 3 -4 4 6 -7 -8
leaf_value=-0.00010007119756180423 0.00067168560933380487 -0.00028129694120514827 6.3368500302122654e-05 -0.00039116861099218882 0.00025313218065891495 1.2742065248804079e-05 -0.00041376738531901844
leaf_weight=325 25 111 27 38 143 54 25
leaf_count=325 25 111 27 38 143 54 25
internal_value=-0.000387702 0.000681817 -0.00159091 0.000121293 0.00203883 -0.00227273 0.00363095
internal_weight=748 396 352 371 206 165 168
internal_count=748 396 352 371 206 165 168
is_linear=0
shrinkage=0.05


Tree=39
num_leaves=8
num_cat=0
split_feature=0 4 15 15 15 4 9
split_gain=0.528619 0.750484 0.672441 1.51323 0.672308 0.772247 0.372217
threshold=-0.018748571270007227 0.030811363869078148 0.0065483618287495169 0.0083899771624207382 -0.0023747088963041447 0.038952691665480842 0.45434466014618252
decision_type=2 2 2 2 2 2 8
left_child=1 -1 -2 -4 5 -3 -5
right_child=2 4 3 6 -6 -7 -8
leaf_value=-0.00015663309287993065 -7.4754197593875868e-05 0.00086069416314201732 0.00043116650104916182 -2.0308066703504488e-05 -0.00023784034431166903 0.00028124499453476562 7.8176913002398149e-05
leaf_weight=34 450 25 45 103 26 26 28
leaf_count=34 450 25 45 103 26 26 28
internal_value=-0.000522389 0.00265766 -0.00108626 0.00153409 0.00538961 0.00872549 -0.00118321
internal_weight=737 111 626 176 77 51 131
internal_count=737 111 626 176 77 51 131
is_linear=0
shrinkage=0.05


Tree=40
num_leaves=8
num_cat=0
split_feature=1 1 4 11 11 9 0
split_gain=0.328028 0.625804 0.738817 0.556818 0.498994 0.420102 0.661106
threshold=0.033209700172218144 0.039035390348888928 0.037050403795221482 0.0025776305361616685 0.025734816417073651 -1.0000000180025095e-35 -0.018748571270007227
decision_type=2 2 2 2 2 8 2
left_child=4 -2 3 -3 5 6 -1
right_child=1 2 -4 -5 -6 -7 -8
leaf_value=0.0007377788020881868 0.00035696487627200757 7.49751721545697e-05 0.0003524899320341546 -0.00013629648622108092 0.00045219772487749608 -0.00018935415748194082 -0.00012767744108485872
leaf_weight=42 27 36 36 96 31 376 106
leaf_count=42 27 36 36 96 31 376 106
internal_value=-0.000866668 0.000897435 -0.000238096 -0.0019697 -0.00148649 -0.00185115 0.000405404
internal_weight=750 195 168 132 555 524 148
internal_count=750 195 168 132 555 524 148
is_linear=0
shrinkage=0.05


end of trees

feature_importances:
dist_ma200=34
parkinson_20=27
dist_ma50=24
vix_chg_1d=23
atr_pct=22
sector_ret_1d=22
ret_5d=19
spy_ret_1d=18
spy_ret_20d=18
ret_1d=15
spy_ret_5d=15
overnight_gap=13
vix_level=11
sector_ret_5d=9
dist_ma20=7
ret_20d=5
dvol_z_20=5

parameters:
[boosting: gbdt]
[objective: quantile]
[metric: quantile]
[tree_learner: serial]
[device_type: cpu]
[data_sample_strategy: bagging]
[data: ]
[valid: ]
[num_iterations: 80]
[learning_rate: 0.05]
[num_leaves: 8]
[num_threads: 1]
[seed: 0]
[deterministic: 0]
[force_col_wise: 1]
[force_row_wise: 0]
[histogram_pool_size: -1]
[max_depth: -1]
[min_data_in_leaf: 25]
[min_sum_hessian_in_leaf: 0.001]
[bagging_fraction: 0.9]
[pos_bagging_fraction: 1]
[neg_bagging_fraction: 1]
[bagging_freq: 1]
[bagging_seed: 3]
[bagging_by_query: 0]
[feature_fraction: 0.9]
[feature_fraction_bynode: 1]
[feature_fraction_seed: 2]
[extra_trees: 0]
[extra_seed: 6]
[early_stopping_round: 0]
[early_stopping_min_delta: 0]
[first_metric_only: 0]
[max_delta_step: 0]
[lambda_l1: 0]
[lambda_l2: 0]
[linear_lambda: 0]
[min_gain_to_split: 0]
[drop_rate: 0.1]
[max_drop: 50]
[skip_drop: 0.5]
[xgboost_dart_mode: 0]
[uniform_drop: 0]
[drop_seed: 4]
[top_rate: 0.2]
[other_rate: 0.1]
[min_data_per_group: 100]
[max_cat_threshold: 32]
[cat_l2: 10]
[cat_smooth: 10]
[max_cat_to_onehot: 4]
[top_k: 20]
[monotone_constraints: ]
[monotone_constraints_method: basic]
[monotone_penalty: 0]
[feature_contri: ]
[forcedsplits_filename: ]
[refit_decay_rate: 0.9]
[cegb_tradeoff: 1]
[cegb_penalty_split: 0]
[cegb_penalty_feature_lazy: ]
[cegb_penalty_feature_coupled: ]
[path_smooth: 0]
[interaction_constraints: ]
[verbosity: -1]
[saved_feature_importance_type: 0]
[use_quantized_grad: 0]
[num_grad_quant_bins: 4]
[quant_train_renew_leaf: 0]
[stochastic_rounding: 1]
[linear_tree: 0]
[max_bin: 255]
[max_bin_by_feature: ]
[min_data_in_bin: 3]
[bin_construct_sample_cnt: 200000]
[data_random_seed: 1]
[is_enable_sparse: 1]
[enable_bundle: 1]
[use_missing: 1]
[zero_as_missing: 0]
[feature_pre_filter: 1]
[pre_partition: 0]
[two_round: 0]
[header: 0]
[label_column: ]
[weight_column: ]
[group_column: ]
[ignore_column: ]
[categorical_feature: ]
[forcedbins_filename: ]
[precise_float_parser: 0]
[parser_config_file: ]
[objective_seed: 5]
[num_class: 1]
[is_unbalance: 0]
[scale_pos_weight: 1]
[sigmoid: 1]
[boost_from_average: 1]
[reg_sqrt: 0]
[alpha: 0.9]
[fair_c: 1]
[poisson_max_delta_step: 0.7]
[tweedie_variance_power: 1.5]
[lambdarank_truncation_level: 30]
[lambdarank_norm: 1]
[label_gain: ]
[lambdarank_position_bias_regularization: 0]
[eval_at: ]
[multi_error_top_k: 1]
[auc_mu_weights: ]
[num_machines: 1]
[local_listen_port: 12400]
[time_out: 120]
[machine_list_filename: ]
[machines: ]
[gpu_platform_id: -1]
[gpu_device_id: -1]
[gpu_device_id_list: ]
[gpu_use_dp: 0]
[num_gpu: 1]

end of parameters

pandas_categorical:[]
