tree
version=v4
num_class=1
num_tree_per_iteration=1
label_index=0
max_feature_idx=16
objective=quantile
feature_names=ret_1d ret_5d ret_20d overnight_gap atr_pct parkinson_20 dvol_z_20 dist_ma20 dist_ma50 dist_ma200 spy_ret_1d spy_ret_5d spy_ret_20d vix_level vix_chg_1d sector_ret_1d sector_ret_5d
feature_infos=[-0.090995419506200492:0.097393145428080086] [-0.1435371451238171:0.11003027445530789] [-0.17286145227321681:0.18739770867430461] [-0.050944028600156455:0.064045399270368897] [0.010928514300948294:0.057660799341045031] [0.0077207780639157661:0.032196250286619196] [-2.7937414696311409:3.7898028517701881] [-0.14276497487209672:0.10984013614931776] [-0.20180307032058553:0.14840980693785966] [-0.1997189432414137:0.26526342418598237] [-0.058542947643003718:0.10501933612632941] [-0.11496158439845272:0.082843216242346029] [-0.12265592443394913:0.15756596870864792] [11.859999656677246:52.330001831054688] [-0.35753873962348437:0.74039073966007019] [-0.06285260230433054:0.088816354578251211] [-0.11675897124649115:0.08529462291702461]
tree_sizes=848 852 861 867 861 860 868 862 861 869 864 862 856 872 862 861 880 868 870 873 865 869 872 865 859 865 880 869 852 875 864 864 868

Tree=0
num_leaves=8
num_cat=0
split_feature=8 3 6 4 10 15 16
split_gain=1.14163 1.18389 1.20547 0.758893 0.680815 0.942308 0.598943
threshold=0.0057766591062521364 0.0058970596784734272 1.0126436553299345 0.026292046586240753 -0.0066375286305050954 -0.0084738320392500604 0.018343553794574755
decision_type=8 2 2 2 2 2 2
left_child=1 2 -1 -3 5 -2 -6
right_child=4 3 -4 -5 6 -7 -8
leaf_value=0.0017802849446589858 0.0017082434454889273 0.0019103501768576447 0.0023222280781698746 0.0021205610074546575 0.0017084334577174324 0.0019419394974426185 0.0018083868028328522
leaf_weight=221 26 44 35 25 269 26 104
leaf_count=221 26 44 35 25 269 26 104
internal_value=0.00179564 0.00402641 0.00245971 0.00983912 8.97619e-05 0.00544949 -0.000657439
internal_weight=750 325 256 69 425 52 373
internal_count=750 325 256 69 425 52 373
is_linear=0
shrinkage=1


Tree=1
num_leaves=8
num_cat=0
split_feature=8 3 13 1 4 16 7
split_gain=1.45525 1.1807 1.59097 1.24526 0.512082 0.486963 0.707973
threshold=-0.024087408744132618 -0.0074924840790846483 18.595000267028812 -0.025241275913597202 0.020488198578677102 0.018343553794574755 0.033814023313554216
decision_type=8 2 2 2 2 2 2
left_child=1 -1 4 -4 -3 -2 -7
right_child=5 2 3 -5 -6 6 -8
leaf_value=-0.00018967531550980924 -5.6381406272993005e-05 -4.7778832902885404e-05 0.0001966781051526573 0.00044713366414287611 0.00030987622290613013 0.00012276258668880708 -9.9239105579488704e-05
leaf_weight=31 425 43 25 38 33 74 65
leaf_count=31 425 43 25 38 33 74 65
internal_value=-0.000231609 0.00382353 0.00579137 0.0116667 0.000921051 -0.0014539 0.00111511
internal_weight=734 170 139 63 76 564 139
internal_count=734 170 139 63 76 564 139
is_linear=0
shrinkage=0.05


Tree=2
num_leaves=8
num_cat=0
split_feature=8 3 12 6 9 14 2
split_gain=1.20338 1.07501 1.12446 1.12443 0.844447 0.620975 0.457625
threshold=0.027133052355616364 0.0076342332953661671 0.047608041860818802 1.0126436553299345 -0.018537069792290858 -0.042837654521053752 -0.033531350572020883
decision_type=8 2 2 2 10 2 2
left_child=1 2 3 6 -5 -3 -1
right_child=-2 5 -4 4 -6 -7 -8
leaf_value=1.0316820465589798e-05 -4.7667679922501103e-05 8.1724262071008021e-05 0.00026627960102567369 7.1635489887496347e-05 0.00057129277775952176 0.00031030818247255575 -9.5410465499657859e-05
leaf_weight=138 321 26 41 28 25 27 143
leaf_count=138 321 26 41 28 25 27 143
internal_value=-0.000193593 0.00154205 0.000599999 -0.000359283 0.00632075 0.00820755 -0.00161922
internal_weight=749 428 375 334 53 53 281
internal_count=749 428 375 334 53 53 281
is_linear=0
shrinkage=0.05


Tree=3
num_leaves=8
num_cat=0
split_feature=0 12 9 4 4 12 9
split_gain=1.02726 0.737395 0.685407 0.796893 0.788957 0.659077 0.4277
threshold=0.0075370252460905682 0.014776412045584443 -0.054867204918836447 0.016917876751389196 0.022549231313962238 0.0090148119717247139 0.047357539138422895
decision_type=2 2 10 2 2 2 10
left_child=1 5 4 -4 -2 6 -1
right_child=2 -3 3 -5 -6 -7 -8
leaf_value=-3.1006663049740879e-05 2.8448260575016052e-05 -6.9217158836711455e-05 0.00011711923945436404 -2.3052588402608367e-05 0.00026814481668427278 0.00046972225529271758 0.00021396217581342984
leaf_weight=135 35 294 37 109 27 27 79
leaf_count=135 35 294 37 109 27 27 79
internal_value=-0.000289369 -0.0014486 0.00269231 0.000821917 0.00709677 0.000601659 -0.000327104
internal_weight=743 535 208 146 62 241 214
internal_count=743 535 208 146 62 241 214
is_linear=0
shrinkage=0.05


Tree=4
num_leaves=8
num_cat=0
split_feature=13 14 0 14 3 6 9
split_gain=0.942792 1.24542 0.648111 0.932688 1.04273 0.920987 0.467192
threshold=17.744999885559086 -0.068623004427642229 0.016877011427096748 -0.051474636784154308 0.0058970596784734272 0.48420549929567991 -0.046664657344522069
decision_type=2 2 2 2 2 2 10
left_child=1 -1 3 -2 5 6 -5
right_child=2 -3 -4 4 -6 -7 -8
leaf_value=0.00014150224622322866 -0.00025308018166165261 -4.5285034049022632e-05 0.00023220520367299281 0.00023682361058252732 0.00030146315836885505 0.0003307305259686946 -0.00015690230317796946
leaf_weight=42 45 433 32 56 26 37 75
leaf_count=42 45 433 32 56 26 37 75
internal_value=2.68085e-05 -0.00131579 0.00238007 0.00148535 0.00298969 0.00154762 -0.000419849
internal_weight=746 475 271 239 194 168 131
internal_count=746 475 271 239 194 168 131
is_linear=0
shrinkage=0.05


Tree=5
num_leaves=8
num_cat=0
split_feature=8 3 1 6 16 11 5
split_gain=1.32131 1.41474 0.749583 0.647405 0.472752 1.2685 0.503085
threshold=-0.0061426398716634681 0.0058970596784734272 -0.012959904371098783 1.0126436553299345 0.00065187219961193598 -0.0041956054139185564 0.010085388717828147
decision_type=8 2 2 2 2 2 2
left_child=1 3 -3 -1 -2 -6 -7
right_child=4 2 -4 -5 5 6 -8
leaf_value=-8.9929231273986946e-06 -9.5050560355027902e-05 0.00022408656373766036 0.00027757870320600412 0.00032328766221739286 0.00032030097908413466 8.7200711815231722e-05 -7.1463394419900674e-05
leaf_weight=178 147 27 26 32 27 69 231
leaf_count=178 147 27 26 32 27 69 231
internal_value=-4.7491e-05 0.00279468 0.0100943 0.00095238 -0.00162447 -0.00056575 -0.0015
internal_weight=737 263 53 210 474 327 300
internal_count=737 263 53 210 474 327 300
is_linear=0
shrinkage=0.05


Tree=6
num_leaves=8
num_cat=0
split_feature=8 9 4 0 10 0 3
split_gain=0.90596 1.37059 0.847443 0.765442 0.512112 0.596171 0.653355
threshold=0.0057766591062521364 0.034518658104524598 0.018534934189196318 0.010924187996793068 -0.0084264989475150136 0.0075370252460905682 -0.00045229117216721843
decision_type=8 10 2 2 2 2 2
left_child=1 3 -3 -1 -2 -6 -7
right_child=4 2 -4 -5 5 6 -8
leaf_value=-2.459186535215627e-05 9.1246405860553241e-05 0.00032143706660030924 0.00025404664202669674 0.00019726834209638362 -0.00010138689479016802 0.00012871117927520069 -1.6850851364288875e-05
leaf_weight=189 41 25 56 41 266 29 99
leaf_count=189 41 25 56 41 266 29 99
internal_value=-0.000308312 0.00175241 0.00734568 -0.000217392 -0.00178161 -0.00233503 0.000468749
internal_weight=746 311 81 230 435 394 128
internal_count=746 311 81 230 435 394 128
is_linear=0
shrinkage=0.05


Tree=7
num_leaves=8
num_cat=0
split_feature=2 9 1 6 12 3 14
split_gain=0.732968 0.627506 1.3698 0.496564 0.736781 0.406284 0.601081
threshold=-0.096268717258956957 -0.054867204918836447 -0.016521229357146058 0.63266233315369402 0.015576171273286367 0.0068297889834632039 -0.051474636784154308
decision_type=2 8 2 2 2 2 2
left_child=-1 2 -2 5 -5 -3 -7
right_child=1 3 -4 4 -6 6 -8
leaf_value=0.00022594353724971454 -0.00021815140021927326 -4.1858218770845682e-05 0.00035181160833539432 0.00017169413286909812 -4.7306404648678671e-05 -6.6672306755949988e-05 0.00011550840974291922
leaf_weight=28 33 452 35 48 82 31 36
leaf_count=28 33 452 35 48 82 31 36
internal_value=-0.000436243 -0.000746166 0.00382353 -0.00122496 0.00153846 -0.00191715 0.00171642
internal_weight=745 717 68 649 130 519 67
internal_count=745 717 68 649 130 519 67
is_linear=0
shrinkage=0.05


Tree=8
num_leaves=8
num_cat=0
split_feature=0 12 9 1 8 9 4
split_gain=0.883198 0.735778 0.666338 0.911638 0.698962 0.616731 0.763742
threshold=0.0075370252460905682 0.014776412045584443 0.1383835669494661 -0.021553452025249328 0.0064191218361145949 0.23892729055491904 0.016917876751389196
decision_type=2 2 8 2 10 8 2
left_child=1 2 3 -1 -5 6 -2
right_child=5 -3 -4 4 -6 -7 -8
leaf_value=-3.1718482764696624e-05 9.4977050436032353e-05 -5.0293879978396359e-05 -0.00011294468558682289 0.00055447099761331557 6.9324172591594718e-05 0.00013109455738005401 -1.2551320210438537e-05
leaf_weight=61 36 309 97 45 39 48 129
leaf_count=61 36 309 97 45 39 48 129
internal_value=-0.000222514 -0.00127949 0.000785123 0.00293103 0.00630952 0.00251174 0.0010606
internal_weight=764 551 242 145 84 213 165
internal_count=764 551 242 145 84 213 165
is_linear=0
shrinkage=0.05


Tree=9
num_leaves=8
num_cat=0
split_feature=8 11 13 9 11 6 5
split_gain=0.693848 1.33228 0.609505 0.820869 0.771598 0.507734 0.503913
threshold=-0.0061426398716634681 0.021459813769517781 17.945000648498539 0.0059741841991655118 -0.0017669803293580697 -0.61006346201671213 0.010085388717828147
decision_type=8 2 2 10 2 2 2
left_child=1 2 -1 4 -4 -2 -7
right_child=5 -3 3 -5 -6 6 -8
leaf_value=-5.0633447951959171e-05 -0.00010011554510290499 0.00024362683392932776 -7.666548391402399e-05 0.00024019013388908422 0.00028294037785813652 8.9055715631677988e-05 -3.4818234051753169e-05
leaf_weight=123 130 35 46 35 25 83 267
leaf_count=123 130 35 46 35 25 83 267
internal_value=-0.000430109 0.00162879 0.000240173 0.00301887 -7.04237e-05 -0.0015625 -0.00057143
internal_weight=744 264 229 106 71 480 350
internal_count=744 264 229 106 71 480 350
is_linear=0
shrinkage=0.05


Tree=10
num_leaves=8
num_cat=0
split_feature=0 12 6 7 16 8 4
split_gain=0.82081 0.680369 0.835507 0.598825 0.865029 0.562705 0.554706
threshold=0.0075370252460905682 0.014776412045584443 0.64561924267100446 0.014754650611214505 0.0009736977014873639 -0.02512674681870147 0.01907919001724457
decision_type=2 2 2 2 2 10 2
left_child=1 2 5 4 -2 6 -1
right_child=3 -3 -4 -5 -6 -7 -8
leaf_value=-0.00010250601884546421 1.9579010055938599e-05 -5.2840295199354336e-05 0.00045171004258175667 -1.8610453471457321e-06 0.0001896959042090641 -0.00010978887271616905 0.00023791629637265143
leaf_weight=29 50 301 46 116 45 103 59
leaf_count=29 50 301 46 116 45 103 59
internal_value=-6.00813e-05 -0.00109666 0.000907172 0.00258294 0.00552631 -0.000549739 0.00238636
internal_weight=749 538 237 211 95 191 88
internal_count=749 538 237 211 95 191 88
is_linear=0
shrinkage=0.05


Tree=11
num_leaves=8
num_cat=0
split_feature=8 1 6 9 8 9 0
split_gain=0.582695 0.917991 0.694819 1.06412 0.870083 1.02849 0.501931
threshold=0.027133052355616364 -0.018605784930558197 -0.81400345829285536 -0.038273675604331973 0.0057766591062521364 0.01536559406338023 0.0080292952329623652
decision_type=8 2 2 8 10 10 2
left_child=1 -1 -3 -4 5 6 -5
right_child=-2 2 3 4 -6 -7 -8
leaf_value=-5.6306878770342789e-05 -2.6031291111887189e-05 -4.7126915923074373e-05 0.00031798230270857275 -0.00017937699716064046 -0.00012980495959222924 0.00060149985352617771 2.1182057173694041e-05
leaf_weight=146 319 73 48 36 69 31 25
leaf_count=146 319 73 48 36 69 31 25
internal_value=-0.000247658 0.000957943 0.00262411 0.00409091 0.00214286 0.00532609 0.00155738
internal_weight=747 428 282 209 161 92 61
internal_count=747 428 282 209 161 92 61
is_linear=0
shrinkage=0.05


Tree=12
num_leaves=8
num_cat=0
split_feature=13 0 10 0 5 15 10
split_gain=0.764925 0.71279 1.00464 0.613017 1.00838 0.476544 0.633431
threshold=17.744999885559086 0.0078425196850394636 0.006255058441205553 -0.0089810811392290173 0.013568220760103158 0.0083341607292484205 0.010824096152379449
decision_type=2 2 2 2 2 2 2
left_child=5 3 -3 4 -2 -1 -7
right_child=1 2 -4 -5 -6 6 -8
leaf_value=-3.022212965945562e-05 0.00038112926888227497 0.00016222719319744814 6.4972544551682637e-05 -0.00011507971086192573 -2.9449083036786779e-05 1.610080005737767e-05 -0.0002482945151169172
leaf_weight=368 33 27 41 113 59 66 27
leaf_count=368 33 27 41 113 59 66 27
internal_value=-0.000504088 0.00159341 0.00602941 0.00012195 0.00315217 -0.00174621 0.00145161
internal_weight=734 273 68 205 92 461 93
internal_count=734 273 68 205 92 461 93
is_linear=0
shrinkage=0.05


Tree=13
num_leaves=8
num_cat=0
split_feature=0 14 15 5 8 0 8
split_gain=0.668247 0.905489 0.680369 0.88608 0.622636 1.12437 0.590536
threshold=0.0075370252460905682 0.009860755526874045 -0.0032604131445553293 0.010085388717828147 -0.02222272265064967 0.010299994252237045 -0.015845859057573405
decision_type=2 2 2 2 10 2 10
left_child=2 4 3 -1 -2 -6 -5
right_child=1 -3 -4 6 5 -7 -8
leaf_value=0.00019310771058428744 0.00018399835404123936 0.00016571236625975615 -7.5508642273065688e-05 0.00016160445797816478 0.0001021430156572404 -7.6714220695634562e-05 -0.00017312721548867595
leaf_weight=45 40 34 301 98 26 107 94
leaf_count=45 40 34 301 98 26 107 94
internal_value=-0.000167786 0.00224638 -0.00109666 0.000907172 0.000780346 -0.000864663 -0.000572918
internal_weight=745 207 538 237 173 133 192
internal_count=745 207 538 237 173 133 192
is_linear=0
shrinkage=0.05


Tree=14
num_leaves=8
num_cat=0
split_feature=0 8 12 15 6 8 13
split_gain=0.605428 1.06474 0.406986 0.797885 0.468864 1.05861 1.07225
threshold=0.016877011427096748 -0.0075119877001964533 0.013959702571110679 0.0095711138801556368 0.091618026604334504 -0.038987694143601308 16.550000190734867
decision_type=2 10 2 2 2 10 2
left_child=2 -2 4 -4 -1 -6 -7
right_child=1 -3 3 -5 5 6 -8
leaf_value=-1.2346178764491071e-05 0.00020048303703679209 -8.8948277911596984e-06 -3.8196585954845705e-05 2.6215731361066725e-05 -9.775209318375346e-05 -2.1538368439387631e-05 0.00040520962305514547
leaf_weight=182 26 44 336 40 39 25 27
leaf_count=182 26 44 336 40 39 25 27
internal_value=-0.000132129 0.00428571 -0.00060863 -0.00167553 0.000860805 0.00379121 0.00846154
internal_weight=719 70 649 376 273 91 52
internal_count=719 70 649 376 273 91 52
is_linear=0
shrinkage=0.05


Tree=15
num_leaves=8
num_cat=0
split_feature=8 3 4 7 10 8 12
split_gain=0.541971 1.10448 0.709833 0.681925 0.547434 0.597931 0.548218
threshold=-0.02222272265064967 -1.0000000180025095e-35 0.026864890147025044 -0.029354863370129877 -0.0084264989475150136 0.035369676574462224 0.073733848686565309
decision_type=8 2 2 2 2 8 2
left_child=1 -1 3 -3 5 -2 -6
right_child=4 2 -4 -5 6 -7 -8
leaf_value=-3.4564442909096914e-05 -0.00016780487771612872 -0.00010723992499974002 0.00021310969826220054 0.00026120962465096294 -5.1238066976409349e-05 0.00010217165165397507 0.00020367732285254833
leaf_weight=97 29 26 25 31 478 25 32
leaf_count=97 29 26 25 31 478 25 32
internal_value=-0.000693137 0.00170391 0.00597561 0.00289474 -0.0014539 0.00333333 -0.00196079
internal_weight=743 179 82 57 564 54 510
internal_count=743 179 82 57 564 54 510
is_linear=0
shrinkage=0.05


Tree=16
num_leaves=8
num_cat=0
split_feature=2 16 11 3 8 11 15
split_gain=0.697526 0.564039 1.26832 0.510594 0.720343 0.824176 0.715941
threshold=-0.096268717258956957 -0.0052951124867280921 -0.0082927789735435225 -0.0043592384046190471 -0.0061426398716634681 0.010325592829658616 -0.0060603000003061616
decision_type=2 2 2 2 8 2 2
left_child=-1 -2 -3 -4 5 -5 -6
right_child=1 2 3 4 6 -7 -8
leaf_value=0.00021450846952781566 -6.2620029288937561e-05 0.00013999392717141052 -0.0001626582899579165 -0.00014575809561781278 7.8531025801941676e-05 0.00024764036786022333 -1.1913406372947207e-05
leaf_weight=28 216 29 68 39 30 52 295
leaf_count=28 216 29 68 39 30 52 295
internal_value=-0.000244387 -0.000541839 0.000360623 -0.000247935 0.000408653 0.00434066 -0.000692309
internal_weight=757 729 513 484 416 91 325
internal_count=757 729 513 484 416 91 325
is_linear=0
shrinkage=0.05


Tree=17
num_leaves=8
num_cat=0
split_feature=9 7 9 8 3 16 5
split_gain=0.542368 1.20117 0.55371 0.713971 1.19375 0.893576 0.543956
threshold=-0.046664657344522069 -0.018665575041441947 0.034518658104524598 -0.024087408744132618 -1.0000000180025095e-35 0.00065187219961193598 0.01107882085915131
decision_type=8 2 8 8 2 2 2
left_child=1 -1 -2 4 -4 -5 -7
right_child=2 -3 3 5 -6 6 -8
leaf_value=-4.0428795495315826e-05 -8.751252632691838e-05 0.00030941532652538074 -1.8115649240651571e-05 -0.0001216846232333215 0.00024560031020561701 8.2070115246640727e-05 -1.85778682583039e-05
leaf_weight=56 131 36 39 169 29 104 182
leaf_count=56 131 36 39 169 29 104 182
internal_value=-0.00044236 0.00315217 -0.000948013 -0.000219886 0.00455882 -0.000934067 0.00076923
internal_weight=746 92 654 523 68 455 286
internal_count=746 92 654 523 68 455 286
is_linear=0
shrinkage=0.05


Tree=18
num_leaves=8
num_cat=0
split_feature=2 6 6 15 1 15 0
split_gain=0.547984 0.553853 0.515356 0.543306 1.14514 0.545194 0.873869
threshold=-0.096268717258956957 -0.66841995313791069 1.9588133127298077 -0.0031276691604917302 0.018920100376008001 0.0074726137965663861 0.013025484064583372
decision_type=2 2 2 2 2 2 2
left_child=-1 -2 3 4 -3 -5 -7
right_child=1 2 -4 5 -6 6 -8
leaf_value=0.00018239570999848765 -4.6785433599080896e-05 5.1855823719536757e-05 -0.00010928187782456469 -6.6508926261943537e-05 7.7246057595252242e-05 0.00014560355407052848 -7.3402039216371905e-06
leaf_weight=31 186 134 42 211 25 54 70
leaf_count=31 186 134 42 211 25 54 70
internal_value=-0.000219125 -0.000498616 0.000317163 0.00076923 0.0031761 -0.000373136 0.00225806
internal_weight=753 722 536 494 159 335 124
internal_count=753 722 536 494 159 335 124
is_linear=0
shrinkage=0.05


Tree=19
num_leaves=8
num_cat=0
split_feature=14 1 12 9 8 8 16
split_gain=0.416982 1.18813 0.684515 0.524936 0.894277 0.325068 0.317085
threshold=0.024414321868059811 0.019369962881166884 0.073733848686565309 -0.046664657344522069 -0.04887862327606967 -0.050147989911235473 0.018188752742836049
decision_type=2 2 2 10 10 8 2
left_child=2 3 5 4 -2 -1 -7
right_child=1 -3 -4 -5 -6 6 -8
leaf_value=0.00011551535756678118 -0.00013600228977928239 8.1195570573745068e-05 0.00033396876680895945 -0.00011339958551373579 0.00027565027488205262 -5.6709612185208724e-05 -1.0131342184652901e-06
leaf_weight=42 34 40 27 104 40 338 114
leaf_count=42 34 40 27 104 40 338 114
internal_value=-0.000872802 0.000963302 -0.00164108 -0.000786518 0.00243243 -0.00206478 -0.00245575
internal_weight=739 218 521 178 74 494 452
internal_count=739 218 521 178 74 494 452
is_linear=0
shrinkage=0.05


Tree=20
num_leaves=8
num_cat=0
split_feature=13 0 15 0 5 15 10
split_gain=0.741363 0.531055 1.23253 0.722697 0.892759 0.393818 0.383765
threshold=17.744999885559086 0.0078425196850394636 0.0091041420845381377 -0.0084430780391977472 0.014633972595536603 0.012577734413879217 0.0099554586299021048
decision_type=2 2 2 2 2 2 2
left_child=5 3 -3 4 -2 6 -1
right_child=1 2 -4 -5 -6 -7 -8
leaf_value=-3.6562758999171171e-05 0.00031936205543211881 0.00012040080388089935 -1.4193063810756725e-05 -0.00014288808938053797 -5.137944716492834e-05 2.4595683247479852e-05 7.5135016573998377e-05
leaf_weight=412 43 35 37 111 49 35 29
leaf_count=412 43 35 37 111 49 35 29
internal_value=-0.000339548 0.00172727 0.00541667 0.000418718 0.00369565 -0.00153361 -0.00193878
internal_weight=751 275 72 203 92 476 441
internal_count=751 275 72 203 92 476 441
is_linear=0
shrinkage=0.05


Tree=21
num_leaves=8
num_cat=0
split_feature=12 16 1 6 0 16 15
split_gain=0.629557 0.691671 0.700874 0.576871 0.475543 0.495558 0.375315
threshold=0.015576171273286367 0.00065187219961193598 0.0028446015020309194 0.61057758332089773 0.00027453343848027339 0.025444444481088516 -0.0025434485253218449
decision_type=2 2 2 2 2 2 2
left_child=1 6 -3 4 -4 -6 -1
right_child=-2 2 3 -5 5 -7 -8
leaf_value=9.4732031304718529e-05 -1.9760531140808111e-05 0.00044118578859920934 -9.6194919448683687e-05 0.00024812991540404796 -3.8472139473224088e-05 0.00010942411045772635 -0.00014192065554967956
leaf_weight=102 419 28 28 25 37 27 82
leaf_count=102 419 28 28 25 37 27 82
internal_value=-0.000254012 0.00138298 0.00396552 0.00226496 0.000434781 0.0028125 -0.000652175
internal_weight=748 329 145 117 92 64 184
internal_count=748 329 145 117 92 64 184
is_linear=0
shrinkage=0.05


Tree=22
num_leaves=8
num_cat=0
split_feature=0 15 16 11 12 15 8
split_gain=0.590418 0.720256 0.417755 0.941376 0.719634 0.429113 0.34554
threshold=0.017094920982056897 0.011806666140188217 0.00065187219961193598 -0.0041956054139185564 -0.010634803244441824 -0.0052564149042973454 0.028886711755263254
decision_type=2 2 2 2 2 2 10
left_child=2 -2 6 -4 -5 -6 -1
right_child=1 -3 3 4 5 -7 -8
leaf_value=-2.045700556456122e-05 0.00011751045041935483 -5.467616235854312e-06 0.00017331444819198598 0.00014757929476911776 7.2779117075191639e-05 -3.4895888820433625e-05 -8.656344589834588e-05
leaf_weight=229 25 39 28 41 40 266 74
leaf_count=229 25 39 28 41 40 266 74
internal_value=-0.000215635 0.004375 -0.000648969 0.000466665 -0.000244958 -0.00107843 -0.0020297
internal_weight=742 64 678 375 347 306 303
internal_count=742 64 678 375 347 306 303
is_linear=0
shrinkage=0.05


Tree=23
num_leaves=8
num_cat=0
split_feature=13 11 14 3 7 6 4
split_gain=0.562727 0.456588 0.438728 0.708823 0.592856 0.668249 1.87212
threshold=17.744999885559086 0.025734816417073651 -0.098691693357393515 0.0058970596784734272 -0.043167426352778475 0.077528570542368211 0.019148662792788384
decision_type=2 2 2 2 2 2 2
left_child=1 -1 -2 4 -4 -6 -7
right_child=2 -3 3 -5 5 6 -8
leaf_value=-2.1855238191793536e-05 -0.00011019895080311191 7.5370447726997463e-05 -0.00013337602610121016 0.00016112437481465068 -4.7931352665425982e-05 -2.9979969836794226e-05 0.00033136283755128058
leaf_weight=424 25 50 37 43 115 27 30
leaf_count=424 25 50 37 43 115 27 30
internal_value=-0.000472704 -0.00151899 0.00131769 0.00194444 0.000741626 0.00197674 0.00640351
internal_weight=751 474 277 252 209 172 57
internal_count=751 474 277 252 209 172 57
is_linear=0
shrinkage=0.05


Tree=24
num_leaves=8
num_cat=0
split_feature=2 2 13 14 4 13 4
split_gain=0.474088 0.38277 0.375944 0.487735 0.842581 0.983315 0.762369
threshold=-0.096268717258956957 -0.068594286294091408 17.744999885559086 0.024414321868059811 0.022952066119444774 20.255000114440922 0.023763213717290385
decision_type=2 2 2 2 2 2 2
left_child=-1 -2 -3 6 5 -5 -4
right_child=1 2 3 4 -6 -7 -8
leaf_value=0.00013927462423572561 -0.00010959992787815142 -8.9086826679104112e-06 -0.00013083536716387752 0.00030872551783049076 -0.00017247464063348174 5.2101132942782665e-05 0.00012827742250802869
leaf_weight=27 47 455 78 28 33 25 56
leaf_count=27 47 455 78 28 33 25 56
internal_value=-0.00039386 -0.00063712 -0.000333335 0.00136364 0.00430232 0.00820755 -0.000522389
internal_weight=749 722 675 220 86 53 134
internal_count=749 722 675 220 86 53 134
is_linear=0
shrinkage=0.05


Tree=25
num_leaves=8
num_cat=0
split_feature=6 6 3 3 2 9 15
split_gain=0.391169 1.26182 0.361456 0.898298 0.359298 0.295586 0.612716
threshold=2.1341270187888957 1.6275730955376626 0.0068297889834632039 0.0088564501468091378 -0.02788979040336281 0.068730033859994336 0.0069208731104983831
decision_type=2 2 2 2 2 8 2
left_child=1 2 5 -4 -5 -1 -7
right_child=-2 -3 3 4 -6 6 -8
leaf_value=-3.3501777104885585e-05 -0.00011571824395234656 0.00023533308520661832 8.3884998522652853e-05 0.00015755122471248541 -0.00011060043556368065 -1.6211410744377256e-05 2.1118496811677579e-05
leaf_weight=211 42 25 37 25 32 306 79
leaf_count=211 42 25 37 25 32 306 79
internal_value=-0.000310437 -3.49662e-05 -0.000434784 0.00244681 -0.00149123 -0.000889263 -6.49363e-05
internal_weight=757 715 690 94 57 596 385
internal_count=757 715 690 94 57 596 385
is_linear=0
shrinkage=0.05


Tree=26
num_leaves=8
num_cat=0
split_feature=2 16 11 9 9 8 6
split_gain=0.473334 0.357515 0.927083 0.780908 0.477261 0.747348 0.301258
threshold=-0.092161640755212756 -0.0052951124867280921 -0.0082927789735435225 -0.054867204918836447 0.034518658104524598 0.0057766591062521364 -0.54016910556797304
decision_type=2 2 2 8 10 10 2
left_child=-1 -2 -3 -4 -5 -6 -7
right_child=1 2 3 4 5 6 -8
leaf_value=0.00016022417861169579 -6.5173471426932655e-05 5.9500208171979596e-05 0.0002255395238452046 -6.1273885875200677e-05 0.00021737455969782357 -5.9346390670386717e-05 2.7866747267021022e-06
leaf_weight=27 222 29 40 191 26 63 139
leaf_count=27 222 29 40 191 26 63 139
internal_value=-0.000386704 -0.000633804 0.00012295 -0.000424838 -0.00106205 0.000482455 -0.000544556
internal_weight=737 710 488 459 419 228 202
internal_count=737 710 488 459 419 228 202
is_linear=0
shrinkage=0.05


Tree=27
num_leaves=8
num_cat=0
split_feature=3 13 6 12 6 0 1
split_gain=0.441267 0.64515 0.497024 0.472977 0.53748 0.445411 0.628625
threshold=-0.0041800060259594698 23.529999732971195 -0.71319511989865592 0.046695407011373098 -0.19847036288845873 0.0026253584863867867 -0.019515944429294493
decision_type=2 2 2 2 2 2 2
left_child=-1 2 -2 5 -5 6 -4
right_child=1 -3 3 4 -6 -7 -8
leaf_value=-0.00010977002230760178 -5.0801122816887415e-05 0.00013046869027647092 -0.00013544408911113939 0.00026305715821458214 2.7390350767489415e-07 -1.2384575458295128e-05 6.5040252026982373e-05
leaf_weight=148 142 34 53 27 43 170 132
leaf_count=148 142 34 53 27 43 170 132
internal_value=-0.000527371 7.4874e-05 -0.00032628 0.000529411 0.00428571 -0.000211269 0.00148649
internal_weight=749 601 567 425 70 355 185
internal_count=749 601 567 425 70 355 185
is_linear=0
shrinkage=0.05


Tree=28
num_leaves=8
num_cat=0
split_feature=2 1 14 6 3 5 13
split_gain=0.345954 0.825404 0.904739 0.360983 0.821053 1.04 0.325057
threshold=-0.033531350572020883 -0.012310859140420681 -0.024970108459849868 0.90504912411747329 0.0042245803997210682 0.011394313407128322 13.744999885559084
decision_type=2 2 2 2 2 2 2
left_child=1 -1 -3 6 5 -5 -2
right_child=3 2 -4 4 -6 -7 -8
leaf_value=-5.1687882361536072e-05 7.3240162413177589e-06 0.00015378635620954029 0.00010870271387704201 -3.2863836624117044e-06 -9.8897312044038448e-05 0.00022451014343475759 -2.6955539438314891e-05
leaf_weight=110 100 33 50 40 30 25 376
leaf_count=110 100 33 50 40 30 25 376
internal_value=-0.000353404 0.00147668 0.00524096 -0.00097198 0.0018421 0.005 -0.00153361
internal_weight=764 193 83 571 95 65 476
internal_count=764 193 83 571 95 65 476
is_linear=0
shrinkage=0.05


Tree=29
num_leaves=8
num_cat=0
split_feature=15 5 11 9 8 16 8
split_gain=0.411263 0.597949 0.402591 0.569895 0.827719 0.376909 0.471749
threshold=-0.0056646136475956834 0.010132957906739076 0.0047087702577918175 0.041030218136187464 -0.0088659636687418702 -0.003185582638692674 -0.037705508899492583
decision_type=2 2 2 8 8 2 8
left_child=1 -1 3 -3 -5 -2 -7
right_child=5 2 -4 4 -6 6 -8
leaf_value=0.00015196966768179357 -8.1825932093323054e-05 -7.9605927767918122e-05 -0.00018427900128440723 0.00023012085780980303 -3.9434971040853956e-05 9.9649337512483423e-05 -8.1352287356510263e-06
leaf_weight=32 165 36 32 29 36 43 359
leaf_count=32 165 36 32 29 36 43 359
internal_value=-0.000833335 0.00136364 -0.000112783 0.00143564 0.00423077 -0.00147266 -0.000646767
internal_weight=732 165 133 101 65 567 402
internal_count=732 165 133 101 65 567 402
is_linear=0
shrinkage=0.05


Tree=30
num_leaves=8
num_cat=0
split_feature=13 14 9 9 3 8 9
split_gain=0.441151 0.805244 0.428849 0.804218 0.737493 0.386466 0.748142
threshold=17.860000610351566 -0.067583665573298909 0.11928763698669677 0.077895931730126558 0.0060137108831603845 -0.032741227435748581 -0.05256419756806207
decision_type=2 2 10 10 2 8 10
left_child=1 -1 3 4 5 -2 -7
right_child=2 -3 -4 -5 -6 6 -8
leaf_value=5.3534895561250469e-05 -0.00013178817445931001 -1.3775864128124216e-05 -0.00033075720622053966 0.00036795490461548363 0.00010763783433357417 0.00024780527984071796 -6.7159666576886826e-05
leaf_weight=47 62 429 41 37 39 42 41
leaf_count=47 62 429 41 37 39 42 41
internal_value=-0.000731709 -0.00163866 0.000916029 0.00178733 0.000434781 -0.0012069 0.0010241
internal_weight=738 476 262 221 184 145 83
internal_count=738 476 262 221 184 145 83
is_linear=0
shrinkage=0.05


Tree=31
num_leaves=8
num_cat=0
split_feature=13 7 4 6 3 14 14
split_gain=0.449462 0.431676 0.523263 0.786962 0.546104 0.877922 0.358389
threshold=17.860000610351566 -0.054340091278088025 0.018484749125070813 0.43215878317193923 0.00025087789456612613 -0.030119880421319408 -0.067583665573298909
decision_type=2 2 2 2 2 2 2
left_child=6 -2 -3 4 -4 -6 -1
right_child=1 2 3 -5 5 -7 -8
leaf_value=4.6615702467737157e-05 -8.1595283941739445e-05 -6.7844943096931858e-05 -0.00010098003010588233 0.00021027454695274418 -2.4439458257611258e-05 0.00024043743853304438 -1.6889731490467255e-05
leaf_weight=48 29 61 77 39 30 33 421
leaf_count=48 29 61 77 39 30 33 421
internal_value=-0.00086721 0.000762081 0.00145833 0.00282123 0.00107143 0.00452381 -0.00180171
internal_weight=738 269 240 179 140 63 469
internal_count=738 269 240 179 140 63 469
is_linear=0
shrinkage=0.05


Tree=32
num_leaves=8
num_cat=0
split_feature=8 8 3 16 12 11 4
split_gain=0.548242 1.16698 1.17684 0.312977 0.278371 0.381084 0.409737
threshold=-0.02512674681870147 -0.032355944012067588 0.0067578849347348377 0.0080645022747810619 0.073733848686565309 0.026483483019392965 0.019008438172995693
decision_type=8 10 2 2 2 2 2
left_child=1 2 3 -1 5 6 -2
right_child=4 -3 -4 -5 -6 -7 -8
leaf_value=-9.98347598059849e-05 -2.4054691613904631e-06 0.00023731088009751393 9.6510391228000418e-05 0.00019017411768908494 0.00010308132706891756 7.0308560356124517e-05 -6.7330718505192904e-05
leaf_weight=88 294 27 27 34 37 43 201
leaf_count=88 294 27 27 34 37 43 201
internal_value=-0.000339548 0.00210227 0.000369126 -0.00172131 -0.00108696 -0.00137547 -0.00176768
internal_weight=751 176 149 122 575 538 495
internal_count=751 176 149 122 575 538 495
is_linear=0
shrinkage=0.05


end of trees

feature_importances:
dist_ma50=27
dist_ma200=21
dvol_z_20=20
ret_1d=18
overnight_gap=18
sector_ret_1d=14
atr_pct=13
spy_ret_20d=13
vix_level=13
sector_ret_5d=13
vix_chg_1d=12
ret_5d=10
spy_ret_5d=10
ret_20d=9
parkinson_20=8
dist_ma20=6
spy_ret_1d=6

parameters:
[boosting: gbdt]
[objective: quantile]
[metric: quantile]
[tree_learner: serial]
[device_type: cpu]
[data_sample_strategy: bagging]
[data: ]
[valid: ]
[num_iterations: 80]
[learning_rate: 0.05]
[num_leaves: 8]
[num_threads: 1]
[seed: 0]
[deterministic: 0]
[force_col_wise: 1]
[force_row_wise: 0]
[histogram_pool_size: -1]
[max_depth: -1]
[min_data_in_leaf: 25]
[min_sum_hessian_in_leaf: 0.001]
[bagging_fraction: 0.9]
[pos_bagging_fraction: 1]
[neg_bagging_fraction: 1]
[bagging_freq: 1]
[bagging_seed: 3]
[bagging_by_query: 0]
[feature_fraction: 0.9]
[feature_fraction_bynode: 1]
[feature_fraction_seed: 2]
[extra_trees: 0]
[extra_seed: 6]
[early_stopping_round: 0]
[early_stopping_min_delta: 0]
[first_metric_only: 0]
[max_delta_step: 0]
[lambda_l1: 0]
[lambda_l2: 0]
[linear_lambda: 0]
[min_gain_to_split: 0]
[drop_rate: 0.1]
[max_drop: 50]
[skip_drop: 0.5]
[xgboost_dart_mode: 0]
[uniform_drop: 0]
[drop_seed: 4]
[top_rate: 0.2]
[other_rate: 0.1]
[min_data_per_group: 100]
[max_cat_threshold: 32]
[cat_l2: 10]
[cat_smooth: 10]
[max_cat_to_onehot: 4]
[top_k: 20]
[monotone_constraints: ]
[monotone_constraints_method: basic]
[monotone_penalty: 0]
[feature_contri: ]
[forcedsplits_filename: ]
[refit_decay_rate: 0.9]
[cegb_tradeoff: 1]
[cegb_penalty_split: 0]
[cegb_penalty_feature_lazy: ]
[cegb_penalty_feature_coupled: ]
[path_smooth: 0]
[interaction_constraints: ]
[verbosity: -1]
[saved_feature_importance_type: 0]
[use_quantized_grad: 0]
[num_grad_quant_bins: 4]
[quant_train_renew_leaf: 0]
[stochastic_rounding: 1]
[linear_tree: 0]
[max_bin: 255]
[max_bin_by_feature: ]
[min_data_in_bin: 3]
[bin_construct_sample_cnt: 200000]
[data_random_seed: 1]
[is_enable_sparse: 1]
[enable_bundle: 1]
[use_missing: 1]
[zero_as_missing: 0]
[feature_pre_filter: 1]
[pre_partition: 0]
[two_round: 0]
[header: 0]
[label_column: ]
[weight_column: ]
[group_column: ]
[ignore_column: ]
[categorical_feature: ]
[forcedbins_filename: ]
[precise_float_parser: 0]
[parser_config_file: ]
[objective_seed: 5]
[num_class: 1]
[is_unbalance: 0]
[scale_pos_weight: 1]
[sigmoid: 1]
[boost_from_average: 1]
[reg_sqrt: 0]
[alpha: 0.9]
[fair_c: 1]
[poisson_max_delta_step: 0.7]
[tweedie_variance_power: 1.5]
[lambdarank_truncation_level: 30]
[lambdarank_norm: 1]
[label_gain: ]
[lambdarank_position_bias_regularization: 0]
[eval_at: ]
[multi_error_top_k: 1]
[auc_mu_weights: ]
[num_machines: 1]
[local_listen_port: 12400]
[time_out: 120]
[machine_list_filename: ]
[machines: ]
[gpu_platform_id: -1]
[gpu_device_id: -1]
[gpu_device_id_list: ]
[gpu_use_dp: 0]
[num_gpu: 1]

end of parameters

pandas_categorical:[]
