tree
version=v4
num_class=1
num_tree_per_iteration=1
label_index=0
max_feature_idx=16
objective=quantile
feature_names=ret_1d ret_5d ret_20d overnight_gap atr_pct parkinson_20 dvol_z_20 dist_ma20 dist_ma50 dist_ma200 spy_ret_1d spy_ret_5d spy_ret_20d vix_level vix_chg_1d sector_ret_1d sector_ret_5d
feature_infos=[-0.15230200739039246:0.15527732272408135] [-0.18146127779155297:0.19388125277117174] [-0.1847629239380969:0.27256419625950912] [-0.13187855787476288:0.12499024884936438] [0.013822083352478974:0.059177170204700529] [0.0087461362126593466:0.031682740084539973] [-2.0406550689263638:4.2317710022537041] [-0.15971448874182015:0.17245856473876087] [-0.20615771838979102:0.22816459527747224] [-0.27950716791607988:0.5124427694895195] [-0.058542947643003718:0.10501933612632941] [-0.11496158439845272:0.082843216242346029] [-0.12265592443394913:0.15756596870864792] [11.859999656677246:52.330001831054688] [-0.35753873962348437:0.74039073966007019] [-0.06285260230433054:0.088816354578251211] [-0.11675897124649115:0.08529462291702461]
tree_sizes=821 859 855 852 853 862 864 855 865 876 865

Tree=0
num_leaves=8
num_cat=0
split_feature=6 2 14 12 10 16 5
split_gain=1.33471 1.27999 0.518203 1.10332 1.20988 0.961328 0.52032
threshold=3.1912297060159971 -0.10394424163211118 -0.015515001009757 0.041026522292009988 -0.00071796458931633323 0.011603145451312248 0.013588260870481964
decision_type=2 2 2 2 2 2 2
left_child=1 -1 -3 6 -5 -6 -4
right_child=-2 2 3 4 5 -7 -8
leaf_value=0.019526818020685031 0.020970504491023334 0.018510514009955421 0.018464628068573165 0.018527476891418194 0.019365693913272343 0.018809908161681176 0.01877455951632756
leaf_weight=31 29 282 170 27 25 29 157
leaf_count=31 29 282 170 27 25 29 157
internal_value=0.0187192 0.0182962 0.0178496 0.0189888 0.024213 0.028534 0.0176947
internal_weight=750 721 690 408 81 54 327
internal_count=750 721 690 408 81 54 327
is_linear=0
shrinkage=1


Tree=1
num_leaves=8
num_cat=0
split_feature=8 9 9 2 10 13 9
split_gain=1.64048 0.644088 0.846455 0.448654 0.396977 0.597017 0.90186
threshold=-0.091749136821731178 0.23262004787932702 0.28938682253340192 0.088773000116890391 0.013109315021302749 17.204999923706058 -0.077298083201612341
decision_type=8 10 10 2 2 2 8
left_child=-1 4 -3 -4 5 6 -2
right_child=1 2 3 -5 -6 -7 -8
leaf_value=0.0010451184440282747 0.00051005161661451419 0.0010785259081655481 -0.00046297115975750346 0.0004510457318278298 0.00020174889446930491 -0.00020256616998072746 -8.0290569955345769e-05
leaf_weight=26 25 29 25 34 32 204 359
leaf_count=26 25 29 25 34 32 204 359
internal_value=-2.72491e-05 -0.000480227 0.00352273 8.47446e-05 -0.00104839 -0.00134354 -0.000182293
internal_weight=734 708 88 59 620 588 384
internal_count=734 708 88 59 620 588 384
is_linear=0
shrinkage=0.05


Tree=2
num_leaves=8
num_cat=0
split_feature=8 6 1 12 4 6 11
split_gain=1.10735 0.692111 0.57204 1.25767 1.20806 1.15575 0.457594
threshold=-0.091749136821731178 3.1912297060159971 0.021187899389841783 0.04031241424141075 0.019876183938666536 -0.41592575275997795 0.018027323901660845
decision_type=8 2 2 2 2 2 2
left_child=-1 2 3 6 -5 -6 -2
right_child=1 -3 -4 4 5 -7 -8
leaf_value=0.00093728583393617049 -0.00012699719283807356 0.0021476430109125888 -0.00025662958234147525 -0.00033413110361707254 0.00013177300954277124 0.00091396105012330462 0.00018380098485838091
leaf_weight=27 338 29 218 41 27 30 39
leaf_count=27 338 29 218 41 27 30 39
internal_value=-0.000126837 -0.000498616 -0.000815297 0.000157894 0.00520408 0.00991228 -0.00115385
internal_weight=749 722 693 475 98 57 377
internal_count=749 722 693 475 98 57 377
is_linear=0
shrinkage=0.05


Tree=3
num_leaves=8
num_cat=0
split_feature=6 12 1 0 4 1 2
split_gain=0.858607 0.668133 1.25189 1.0974 0.775092 0.496915 0.448549
threshold=3.1912297060159971 0.041818066300965857 0.024837479200895855 0.0030017941389700602 0.023073400854041377 -0.05609396288960327 -0.087009173237159829
decision_type=2 2 2 2 2 2 2
left_child=1 5 3 4 -3 -1 -7
right_child=-2 2 -4 -5 -6 6 -8
leaf_value=0.00020315634470765792 0.0015015657144717379 -0.00049399410901563212 -0.0006319593658226265 0.00054842824875979803 0.00069497125792957175 2.4252846049344774e-05 -0.00017491571465650407
leaf_weight=29 30 30 45 32 26 32 519
leaf_count=29 30 30 45 32 26 32 519
internal_value=4.71051e-05 -0.000301544 0.00289474 0.00636364 0.00214286 -0.00103448 -0.00137024
internal_weight=743 713 133 88 56 580 551
internal_count=743 713 133 88 56 580 551
is_linear=0
shrinkage=0.05


Tree=4
num_leaves=8
num_cat=0
split_feature=2 6 15 12 9 14 0
split_gain=1.09991 0.727914 1.3666 0.849238 1.25 0.465799 0.394477
threshold=-0.087009173237159829 1.3997511387923094 0.0054802924157447705 0.042111122308508782 0.12588022809181634 0.014555585659076444 0.0034575510231189548
decision_type=2 2 2 2 10 2 2
left_child=-1 3 -3 6 5 -5 -2
right_child=1 2 -4 4 -6 -7 -8
leaf_value=0.00058219654926583951 -4.6429357987802974e-05 -0.00025873402962411853 0.0018195838191175915 -0.00011041400532443924 0.00070539547320486542 0.00013343000958536552 -0.00025470964800780545
leaf_weight=47 296 46 27 73 25 27 205
leaf_count=47 296 46 27 73 25 27 205
internal_value=0.000361929 -0.00013591 0.00458904 -0.000686902 0.003 0.000499999 -0.00160679
internal_weight=746 699 73 626 125 100 501
internal_count=746 699 73 626 125 100 501
is_linear=0
shrinkage=0.05


Tree=5
num_leaves=8
num_cat=0
split_feature=1 6 14 3 1 6 11
split_gain=0.984874 0.707937 0.638484 0.585687 0.935162 0.702782 0.523211
threshold=-0.066754449922044254 2.603323219166862 -0.015515001009757 0.0021329243578546157 -0.0068885248499117582 -0.1486794594766227 0.025024628746897374
decision_type=2 2 2 2 2 2 2
left_child=-1 2 -2 6 -5 -6 -4
right_child=1 -3 3 4 5 -7 -8
leaf_value=0.00061838422519556373 -0.00015566969985925956 0.0016326139995964366 -8.9304576484287509e-05 0.00033591852963780171 0.00024228950591544124 -0.00021106902935130311 0.00048937807034857782
leaf_weight=28 277 34 263 31 37 40 27
leaf_count=28 277 34 263 31 37 40 27
internal_value=8.81942e-05 -0.000275036 -0.000629631 0.000653265 0.0037963 0.000844155 -0.000517243
internal_weight=737 709 675 398 108 77 290
internal_count=737 709 675 398 108 77 290
is_linear=0
shrinkage=0.05


Tree=6
num_leaves=8
num_cat=0
split_feature=2 3 14 16 6 6 9
split_gain=0.71628 0.834697 0.985842 0.548805 0.566667 0.660754 0.449416
threshold=-0.088728216996484574 -0.00032042888629713046 -0.048915299030690522 -0.012017181033514178 -0.45524415097634147 0.046298387062199187 0.11840341415434953
decision_type=2 2 2 2 2 2 10
left_child=-1 2 -2 4 -3 -6 -4
right_child=1 3 6 -5 5 -7 -8
leaf_value=0.00054334678144362899 0.00042911037891521433 -0.00011962847723317777 -0.0001067783539113416 -0.00019846572526374302 0.0002942502176507733 -0.00011907330862764494 0.00040848708487654792
leaf_weight=46 30 34 216 310 26 25 59
leaf_count=46 30 34 216 310 26 25 59
internal_value=-0.000174264 -0.00057143 0.00139344 -0.00208861 0.00147059 0.00480392 0.000454544
internal_weight=746 700 305 395 85 51 275
internal_count=746 700 305 395 85 51 275
is_linear=0
shrinkage=0.05


Tree=7
num_leaves=8
num_cat=0
split_feature=1 6 14 12 7 4 6
split_gain=0.704407 0.593898 0.551465 0.757187 1.21976 0.57318 0.457625
threshold=-0.066754449922044254 3.1912297060159971 -0.015515001009757 0.041026522292009988 0.02915706328738266 0.028721908530321784 0.62781499127253471
decision_type=2 2 2 2 2 2 2
left_child=-1 2 6 5 -5 -4 -2
right_child=1 -3 3 4 -6 -7 -8
leaf_value=0.00023603539626941038 -0.00022806345673716607 0.0019658311191265722 -0.00014133480440454293 0.00048447595610396298 -3.8705321199135773e-05 0.00049662942885414941 0.00012433370123935303
leaf_weight=29 237 26 294 49 31 35 44
leaf_count=29 237 26 294 49 31 35 44
internal_value=-0.000570471 -0.000879889 -0.00115942 1.22237e-05 0.004375 -0.00104863 -0.00286477
internal_weight=745 716 690 409 80 329 281
internal_count=745 716 690 409 80 329 281
is_linear=0
shrinkage=0.05


Tree=8
num_leaves=8
num_cat=0
split_feature=4 4 3 1 3 3 13
split_gain=0.729123 0.87367 0.693171 0.982993 0.760866 0.56376 0.522925
threshold=0.023891314814018832 0.024530253230318263 -0.00401608376017104 -0.039013248299897156 -0.0016868757570638324 1.0000000180025095e-35 15.654999732971193
decision_type=2 2 2 2 2 2 2
left_child=5 -2 -3 -4 -5 6 -1
right_child=1 2 3 4 -6 -7 -8
leaf_value=8.8856451738563715e-05 0.00087868722975204113 -0.00025134466785055255 0.00064979852928926589 0.00093915202028737894 -2.2665684202138306e-05 -0.00016802094875060481 -9.8331148695349034e-05
leaf_weight=120 26 80 28 25 143 232 110
leaf_count=120 26 80 28 25 143 232 110
internal_value=-0.000287959 0.00162252 0.0007971 0.00239796 0.00095238 -0.0015368 0.00021739
internal_weight=764 302 276 196 168 462 230
internal_count=764 302 276 196 168 462 230
is_linear=0
shrinkage=0.05


Tree=9
num_leaves=8
num_cat=0
split_feature=16 7 14 14 3 14 7
split_gain=0.631004 0.504242 0.565806 1.10623 0.94892 0.750447 0.877451
threshold=-0.029034123485220716 -0.049701574932281993 0.075303566395644742 0.047546513885702975 1.0000000180025095e-35 -0.048915299030690522 0.013688755048243963
decision_type=2 2 2 2 2 2 2
left_child=-1 -2 3 4 5 -3 -7
right_child=1 2 -4 -5 -6 6 -8
leaf_value=0.00051639901632461892 0.00016643185862570353 0.00024650326870815194 -0.00021074598053239495 0.00051445572263017264 -0.00017016910406030894 -0.00032980638119776756 0.00038968981411309435
leaf_weight=29 40 34 71 51 300 104 115
leaf_count=29 40 34 71 51 300 104 115
internal_value=-0.000161292 -0.000454547 -0.000777779 -0.000281458 -0.000931285 0.00132411 0.00025114
internal_weight=744 715 675 604 553 253 219
internal_count=744 715 675 604 553 253 219
is_linear=0
shrinkage=0.05


Tree=10
num_leaves=8
num_cat=0
split_feature=1 6 12 1 9 16 5
split_gain=0.952101 0.623546 0.463099 0.712526 1.52069 1.39655 0.525143
threshold=-0.066754449922044254 3.1912297060159971 0.0011335469917099774 0.01969451520381316 0.16183380750152024 0.019897674004378033 0.013858389623662546
decision_type=2 2 2 2 10 2 2
left_child=-1 2 -2 4 5 6 -4
right_child=1 -3 3 -5 -6 -7 -8
leaf_value=0.0004270767636685973 -0.00018248323959379266 0.0017547659607451581 -6.5203829258298821e-05 -0.00023857318271282404 0.00071189422834751985 0.00038999948680890447 0.00029025019173348866
leaf_weight=30 204 25 167 200 29 29 65
leaf_count=30 204 25 167 200 29 29 65
internal_value=-0.00039386 -0.000757998 -0.00103747 -0.000204083 0.00137931 0.000172413 -0.00112069
internal_weight=749 719 694 490 290 261 232
internal_count=749 719 694 490 290 261 232
is_linear=0
shrinkage=0.05


end of trees

feature_importances:
dvol_z_20=12
ret_5d=9
vix_chg_1d=8
overnight_gap=6
dist_ma200=6
spy_ret_20d=6
ret_20d=5
atr_pct=5
sector_ret_5d=4
dist_ma20=3
ret_1d=2
parkinson_20=2
dist_ma50=2
spy_ret_1d=2
spy_ret_5d=2
vix_level=2
sector_ret_1d=1

parameters:
[boosting: gbdt]
[objective: quantile]
[metric: quantile]
[tree_learner: serial]
[device_type: cpu]
[data_sample_strategy: bagging]
[data: ]
[valid: ]
[num_iterations: 80]
[learning_rate: 0.05]
[num_leaves: 8]
[num_threads: 1]
[seed: 0]
[deterministic: 0]
[force_col_wise: 1]
[force_row_wise: 0]
[histogram_pool_size: -1]
[max_depth: -1]
[min_data_in_leaf: 25]
[min_sum_hessian_in_leaf: 0.001]
[bagging_fraction: 0.9]
[pos_bagging_fraction: 1]
[neg_bagging_fraction: 1]
[bagging_freq: 1]
[bagging_seed: 3]
[bagging_by_query: 0]
[feature_fraction: 0.9]
[feature_fraction_bynode: 1]
[feature_fraction_seed: 2]
[extra_trees: 0]
[extra_seed: 6]
[early_stopping_round: 0]
[early_stopping_min_delta: 0]
[first_metric_only: 0]
[max_delta_step: 0]
[lambda_l1: 0]
[lambda_l2: 0]
[linear_lambda: 0]
[min_gain_to_split: 0]
[drop_rate: 0.1]
[max_drop: 50]
[skip_drop: 0.5]
[xgboost_dart_mode: 0]
[uniform_drop: 0]
[drop_seed: 4]
[top_rate: 0.2]
[other_rate: 0.1]
[min_data_per_group: 100]
[max_cat_threshold: 32]
[cat_l2: 10]
[cat_smooth: 10]
[max_cat_to_onehot: 4]
[top_k: 20]
[monotone_constraints: ]
[monotone_constraints_method: basic]
[monotone_penalty: 0]
[feature_contri: ]
[forcedsplits_filename: ]
[refit_decay_rate: 0.9]
[cegb_tradeoff: 1]
[cegb_penalty_split: 0]
[cegb_penalty_feature_lazy: ]
[cegb_penalty_feature_coupled: ]
[path_smooth: 0]
[interaction_constraints: ]
[verbosity: -1]
[saved_feature_importance_type: 0]
[use_quantized_grad: 0]
[num_grad_quant_bins: 4]
[quant_train_renew_leaf: 0]
[stochastic_rounding: 1]
[linear_tree: 0]
[max_bin: 255]
[max_bin_by_feature: ]
[min_data_in_bin: 3]
[bin_construct_sample_cnt: 200000]
[data_random_seed: 1]
[is_enable_sparse: 1]
[enable_bundle: 1]
[use_missing: 1]
[zero_as_missing: 0]
[feature_pre_filter: 1]
[pre_partition: 0]
[two_round: 0]
[header: 0]
[label_column: ]
[weight_column: ]
[group_column: ]
[ignore_column: ]
[categorical_feature: ]
[forcedbins_filename: ]
[precise_float_parser: 0]
[parser_config_file: ]
[objective_seed: 5]
[num_class: 1]
[is_unbalance: 0]
[scale_pos_weight: 1]
[sigmoid: 1]
[boost_from_average: 1]
[reg_sqrt: 0]
[alpha: 0.9]
[fair_c: 1]
[poisson_max_delta_step: 0.7]
[tweedie_variance_power: 1.5]
[lambdarank_truncation_level: 30]
[lambdarank_norm: 1]
[label_gain: ]
[lambdarank_position_bias_regularization: 0]
[eval_at: ]
[multi_error_top_k: 1]
[auc_mu_weights: ]
[num_machines: 1]
[local_listen_port: 12400]
[time_out: 120]
[machine_list_filename: ]
[machines: ]
[gpu_platform_id: -1]
[gpu_device_id: -1]
[gpu_device_id_list: ]
[gpu_use_dp: 0]
[num_gpu: 1]

end of parameters

pandas_categorical:[]
