tree
version=v4
num_class=1
num_tree_per_iteration=1
label_index=0
max_feature_idx=16
objective=quantile
feature_names=ret_1d ret_5d ret_20d overnight_gap atr_pct parkinson_20 dvol_z_20 dist_ma20 dist_ma50 dist_ma200 spy_ret_1d spy_ret_5d spy_ret_20d vix_level vix_chg_1d sector_ret_1d sector_ret_5d
feature_infos=[-0.069538645484830797:0.072530212076657552] [-0.14824982104697082:0.14840381746196574] [-0.1615410835416119:0.18003700467987915] [-0.030701731392894338:0.040423889527083867] [0.014549027181857464:0.051235319703595184] [0.0088855903246411461:0.028232593444927748] [-3.0128863268270352:4.0143217710305947] [-0.13779029641214091:0.10457995027540989] [-0.16248246480396256:0.16654018734835874] [-0.18554900251397966:0.12406502603125946] [-0.058542971330535654:0.10501930183911301] [-0.11496151859245618:0.082843162776128354] [-0.1226559005192206:0.15756591020035837] [11.859999656677246:52.330001831054688] [-0.35753873962348437:0.74039073966007019] [-0.045565914362008186:0.057443288787383029] [-0.11461315937536976:0.085316917045247465]
tree_sizes=850 861 860 860 865 862 854 846 860 863 864 856 852 867 865 871 867 864 863 866 865

Tree=0
num_leaves=8
num_cat=0
split_feature=5 15 6 14 15 5 14
split_gain=2.98593 1.9421 2.8043 2.39819 2.43919 1.67752 1.31171
threshold=0.015545701333246778 0.013154465072090062 0.21559015989880714 -0.043478201036805324 -0.0018991432237843717 0.014200436409486204 -0.0040932791442906393
decision_type=2 2 2 2 2 2 2
left_child=1 2 5 -4 -5 -1 -6
right_child=-2 -3 3 4 6 -7 -8
leaf_value=-0.0096860837191343301 -0.0099350667092949155 -0.0098804031498730179 -0.0093739595264196399 -0.0095178447547368712 -0.0096459384541958577 -0.0098350956337526444 -0.0099914829712361101
leaf_weight=333 91 53 34 74 35 82 39
leaf_count=333 91 53 34 74 35 82 39
internal_value=-0.0097663 -0.00857872 -0.00776439 -0.00258971 -0.00534067 -0.0100338 -0.0117596
internal_weight=741 650 597 182 148 415 74
internal_count=741 650 597 182 148 415 74
is_linear=0
shrinkage=1


Tree=1
num_leaves=8
num_cat=0
split_feature=5 1 0 9 5 14 10
split_gain=2.10261 2.25018 2.28122 1.79768 1.97897 1.57199 2.19123
threshold=0.014200436409486204 -0.035998649454361313 -0.0091446254322115044 -0.014327606053202433 0.014746152847586897 -0.016284077904727075 -0.005471362708912352
decision_type=2 2 2 8 2 2 2
left_child=1 -1 5 4 -2 -3 -7
right_child=3 2 -4 -5 -6 6 -8
leaf_value=0.00020488924114033576 -0.00020536519470624624 0.00034124280558899044 -3.231651149690155e-05 -0.00014179141027852892 0.00011159710236825051 0.00017131143016740677 -5.3505310788750689e-05
leaf_weight=58 38 27 339 77 112 26 51
leaf_count=58 38 27 339 77 112 26 51
internal_value=0.000137363 0.00194611 0.000733634 -0.00385463 -0.000666667 0.00721154 0.00357143
internal_weight=728 501 443 227 150 104 77
internal_count=728 501 443 227 150 104 77
is_linear=0
shrinkage=0.05


Tree=2
num_leaves=8
num_cat=0
split_feature=7 4 9 1 0 2 2
split_gain=2.38123 1.83919 3.09921 1.85544 2.40973 2.35506 2.08104
threshold=0.0683023226412134 0.025291012273318623 -0.031826664807781617 -0.019738011467750779 -0.012310551091266884 0.056975626947843978 -0.016198036449644956
decision_type=2 2 8 2 2 2 2
left_child=1 3 -3 -1 -5 6 -6
right_child=-2 2 -4 4 5 -7 -8
leaf_value=0.00011168208857998252 -0.00015510605694726116 0.00017369946051621813 -0.00029895123798632996 0.00018115365240373648 1.4403349603526322e-05 0.00014803668099921198 -0.00013335498666856442
leaf_weight=143 25 65 59 54 155 79 161
leaf_count=143 25 65 59 54 155 79 161
internal_value=0.000168691 0.000698324 -0.00483871 0.00185811 0.000278396 -0.00107595 -0.00300633
internal_weight=741 716 124 592 449 395 316
internal_count=741 716 124 592 449 395 316
is_linear=0
shrinkage=0.05


Tree=3
num_leaves=8
num_cat=0
split_feature=4 0 6 16 16 9 14
split_gain=2.21344 2.52028 2.10094 2.08416 2.11248 2.04789 1.815
threshold=0.025047141745831555 -0.0091446254322115044 0.21559015989880714 -0.0067367633357558456 -0.012742702170439433 -0.019969221696237046 -0.067583665573298909
decision_type=2 2 2 2 2 8 2
left_child=1 2 -1 4 -3 -2 -5
right_child=5 3 -4 6 -6 -7 -8
leaf_value=6.1017518071457711e-05 1.5521491706022103e-05 5.7276948879006823e-06 0.00029347466735271161 0.00016560016292205553 0.00030090481382794682 -0.00016667396225675474 -8.2080847158795249e-05
leaf_weight=105 79 79 52 40 45 67 268
leaf_count=105 79 79 52 40 45 67 268
internal_value=0.00037415 0.00174024 0.00716561 -0.000231481 0.00524194 -0.00513699 -0.00243506
internal_weight=735 589 157 432 124 146 308
internal_count=735 589 157 432 124 146 308
is_linear=0
shrinkage=0.05


Tree=4
num_leaves=8
num_cat=0
split_feature=5 1 1 16 8 5 4
split_gain=2.13476 1.62994 2.94626 3.03169 2.42279 2.20066 1.90897
threshold=0.016949415225866512 -0.018122382411110135 1.0000000180025095e-35 0.0041460440555557429 -0.053667188930390124 0.012649415049488367 0.023651785695957321
decision_type=2 2 2 2 8 2 2
left_child=1 -1 -3 -4 -5 -6 -7
right_child=-2 2 3 4 5 6 -8
leaf_value=7.0107445511821429e-05 -0.00011142057975244824 -0.00010069482246952252 0.00016233635867509292 0.00016515354857168853 0.00011397825785301386 -0.00024104988876162681 2.4596736262901335e-06
leaf_weight=204 47 162 118 25 73 68 39
leaf_count=204 47 162 118 25 73 68 39
internal_value=0.000203804 0.000907112 -0.000670103 0.00208978 -0.00158537 -0.00361111 -0.00817757
internal_weight=736 689 485 323 205 180 107
internal_count=736 689 485 323 205 180 107
is_linear=0
shrinkage=0.05


Tree=5
num_leaves=8
num_cat=0
split_feature=4 1 0 16 9 15 10
split_gain=2.18432 2.93749 2.05315 2.45747 1.45217 1.28296 1.41758
threshold=0.025291012273318623 -0.035998649454361313 -0.012310551091266884 -0.0046657269058407716 0.070381436289911684 0.013154465072090062 0.0079905561282167543
decision_type=2 2 2 2 10 2 2
left_child=1 -1 3 -3 5 6 -4
right_child=-2 2 4 -5 -6 -7 -8
leaf_value=0.00016573897762830157 -8.7667052872249763e-05 -0.00016767268841247278 -6.9236028944018581e-05 0.00027313359180687987 0.00016608490114686724 -0.00024252192518777889 8.149723500335675e-05
leaf_weight=57 132 32 329 45 29 49 56
leaf_count=57 132 32 329 45 29 49 56
internal_value=-0.000240055 0.0010469 -9.25926e-05 0.00746753 -0.00134989 -0.00207373 -0.0011039
internal_weight=729 597 540 77 463 434 385
internal_count=729 597 540 77 463 434 385
is_linear=0
shrinkage=0.05


Tree=6
num_leaves=8
num_cat=0
split_feature=6 7 4 9 16 14 7
split_gain=1.66434 1.42919 1.41311 2.08519 1.80162 1.72272 3.22129
threshold=-1.0405882443626715 0.0683023226412134 0.024753700742222145 -0.019969221696237046 -0.014972294621050595 -0.016820561404990383 -0.0044922739826126481
decision_type=2 2 2 8 2 2 2
left_child=-1 2 5 4 -4 6 -2
right_child=1 -3 3 -5 -6 -7 -8
leaf_value=-0.00012147428642562356 0.00024558657749014197 -8.6018564177809276e-05 -0.00022278367154263966 -0.00015915935002589583 0.00018745688356813472 1.4850594721904382e-05 -3.6061162631096517e-06
leaf_weight=88 93 27 25 55 56 309 85
leaf_count=88 93 27 25 55 56 309 85
internal_value=0.000203252 0.00107692 0.00156501 -0.00294118 0.00216049 0.00282341 0.00674157
internal_weight=738 650 623 136 81 487 178
internal_count=738 650 623 136 81 487 178
is_linear=0
shrinkage=0.05


Tree=7
num_leaves=8
num_cat=0
split_feature=15 4 4 8 0 10 5
split_gain=1.85932 1.40346 1.31215 1.3073 1.36809 1.30728 2.4028
threshold=-0.0018991432237843717 0.018268335722767644 0.020021406750670753 -0.062492829635805762 -0.012310551091266884 0.0079905561282167543 0.012712375529675723
decision_type=2 2 2 10 2 2 2
left_child=1 -1 -3 -4 -5 -2 -7
right_child=5 2 3 4 -6 6 -8
leaf_value=0.0001256149693224862 -5.5153707381772494e-05 -0.00013112119258641629 -9.3877112770108731e-05 0.00019709722494435809 1.7608009208314526e-05 0.00024871228842621634 -4.6783656240417939e-05
leaf_weight=52 340 43 57 57 77 40 66
leaf_count=52 340 43 57 57 77 40 66
internal_value=0 0.00314685 0.00149573 0.00327225 0.00597015 -0.00201794 0.00283019
internal_weight=732 286 234 191 134 446 106
internal_count=732 286 234 191 134 446 106
is_linear=0
shrinkage=0.05


Tree=8
num_leaves=8
num_cat=0
split_feature=15 6 6 9 10 3 8
split_gain=1.49026 3.02595 1.77627 1.75206 2.03029 1.8315 3.00723
threshold=-1.0000000180025095e-35 0.21559015989880714 1.6099981617127199 0.066723354740890098 0.0017576086312266483 -0.0022508361548774221 -0.014337597654969557
decision_type=2 2 2 8 2 2 10
left_child=1 -1 -3 5 -5 -2 -7
right_child=3 2 -4 4 -6 6 -8
leaf_value=-4.1876678596540875e-05 -0.00020661535234321065 0.00021747768663418106 -5.1277303157547382e-05 -0.00010798133445739248 0.0002104277133719032 0.00013667972540755709 -7.8917714305865383e-05
leaf_weight=234 74 91 30 43 70 93 126
leaf_count=234 74 91 30 43 70 93 126
internal_value=9.85545e-05 0.00246479 0.0088843 -0.00197044 0.00331858 -0.00401024 -0.00171233
internal_weight=761 355 121 406 113 293 219
internal_count=761 355 121 406 113 293 219
is_linear=0
shrinkage=0.05


Tree=9
num_leaves=8
num_cat=0
split_feature=16 16 10 14 8 12 3
split_gain=1.6794 1.13554 1.31891 1.4816 2.1754 2.11494 1.19649
threshold=0.040671965546648543 0.030491538483337192 -0.0018375961202146127 -0.035596703045515869 0.020303914396085591 0.0065049739274190008 0.0056582084055974988
decision_type=2 2 2 2 8 2 2
left_child=1 2 6 4 5 -4 -1
right_child=-2 -3 3 -5 -6 -7 -8
leaf_value=6.6293127187798227e-05 -0.00018401822060913273 0.0001650634874111265 -4.3082724240244794e-05 -7.0229431617697876e-05 -0.00010009458203976501 0.00025894355684621701 -0.0001808775079581086
leaf_weight=205 33 44 58 255 46 63 30
leaf_count=205 33 44 58 255 46 63 30
internal_value=-0.000340599 0.000178317 -0.000342466 -0.00201422 0.00164671 0.00516529 0.00265957
internal_weight=734 701 657 422 167 121 235
internal_count=734 701 657 422 167 121 235
is_linear=0
shrinkage=0.05


Tree=10
num_leaves=8
num_cat=0
split_feature=16 0 11 11 1 11 9
split_gain=1.27586 1.75775 2.51534 2.16318 2.19083 2.35335 1.84615
threshold=-0.044427977464658035 -0.017389958531648483 0.0049709308936182204 -0.0060160798927795791 0.0035545291535813432 0.030772226573239195 -0.046258189911489771
decision_type=2 2 2 2 2 2 8
left_child=-1 2 -2 6 -5 -6 -3
right_child=1 3 -4 4 5 -7 -8
leaf_value=-0.00026223861355227071 3.0323813090283975e-06 0.00027308173542067347 0.00028227757879498004 -9.9756884690521428e-05 6.6008146641131186e-05 -0.0001779088870021305 3.3680309669415581e-05
leaf_weight=30 45 52 28 235 214 35 104
leaf_count=30 45 52 28 235 214 35 104
internal_value=0.000100942 0.000525947 0.00787671 -0.0003125 -0.00196281 0.00130522 0.00480769
internal_weight=743 713 73 640 484 249 156
internal_count=743 713 73 640 484 249 156
is_linear=0
shrinkage=0.05


Tree=11
num_leaves=8
num_cat=0
split_feature=16 1 1 6 7 9 8
split_gain=1.368 1.73316 2.24398 2.17915 1.70769 2.3454 1.52029
threshold=-0.041638560842605248 -0.019738011467750779 -0.0021898201742142072 -1.1471882314499806 0.0683023226412134 0.017328080484749212 0.015317843461369442
decision_type=2 2 2 2 2 10 8
left_child=-1 6 -3 -4 5 -5 -2
right_child=1 2 3 4 -6 -7 -8
leaf_value=-0.00019516498760647059 0.00013514214983354102 -0.00010010419236105244 -0.00017122524378505719 8.8702458500383895e-06 -3.4151042574898961e-05 0.0002380123165243444 -5.9519033672767683e-05
leaf_weight=31 152 155 33 239 29 64 39
leaf_count=31 152 155 33 239 29 64 39
internal_value=-0.000202156 0.000246132 -0.00125 0.000890411 0.00210843 0.00321782 0.00431937
internal_weight=742 711 520 365 332 303 191
internal_count=742 711 520 365 332 303 191
is_linear=0
shrinkage=0.05


Tree=12
num_leaves=8
num_cat=0
split_feature=5 6 16 8 0 13 13
split_gain=1.46132 2.01567 1.54396 1.75317 1.34497 1.1155 1.12713
threshold=0.015508626621101716 0.81506615088737744 -0.0014660679466163005 -0.033473271913743712 -0.0080090644109971892 12.765000343322756 13.234999656677248
decision_type=2 2 2 8 2 2 2
left_child=1 5 -2 -4 -3 -1 -7
right_child=2 4 3 -5 -6 6 -8
leaf_value=-9.7039808964602842e-05 -0.00025300857321096289 0.00030827419087538444 0.00020113477819493043 -0.00015218980599955405 5.9435751983770435e-05 0.00031416900851827028 1.2712028737160231e-06
leaf_weight=29 38 30 28 35 69 30 464
leaf_count=29 38 30 28 35 69 30 464
internal_value=0.00038036 0.00128617 -0.00519802 -0.000396825 0.00782828 4.78011e-05 0.000607287
internal_weight=723 622 101 63 99 523 494
internal_count=723 622 101 63 99 523 494
is_linear=0
shrinkage=0.05


Tree=13
num_leaves=8
num_cat=0
split_feature=4 14 2 8 2 13 8
split_gain=1.20447 1.49866 1.27711 2.38931 2.18788 1.44404 2.56139
threshold=0.025047141745831555 -0.069744182185856193 0.056975626947843978 0.041385438906553336 0.099527582920344596 16.469999313354496 -0.0086794526650583164
decision_type=2 2 2 8 2 2 10
left_child=1 -1 3 5 -4 -3 -7
right_child=-2 2 4 -5 -6 6 -8
leaf_value=0.00015364116843067976 -5.7262165076409771e-05 -4.5049519992746041e-05 0.00019666081065286372 -0.00025401142413120466 -6.4666687673799056e-05 -1.5490818859224777e-05 0.00022415818397190083
leaf_weight=58 147 218 66 28 44 120 55
leaf_count=58 147 218 66 28 44 120 55
internal_value=-0.000883152 0.000127334 -0.000706215 -0.00195962 0.00409091 -0.000954198 0.00242857
internal_weight=736 589 531 421 110 393 175
internal_count=736 589 531 421 110 393 175
is_linear=0
shrinkage=0.05


Tree=14
num_leaves=8
num_cat=0
split_feature=4 14 15 0 1 1 16
split_gain=1.7218 2.78811 1.48151 1.12952 1.06811 1.72782 1.28596
threshold=0.025047141745831555 -0.069744182185856193 0.013154465072090062 0.0048817525146154237 0.0049544456286628744 -0.019738011467750779 -0.016723154333890208
decision_type=2 2 2 2 2 2 2
left_child=1 3 4 -1 5 6 -3
right_child=-2 2 -4 -5 -6 -7 -8
leaf_value=0.00032300119166648445 -5.4071295350791985e-05 -8.1030925684219542e-06 -0.00025195739645713473 4.3120573664240819e-05 6.1712372127965386e-05 -7.5257421860195066e-05 0.00016800101904915091
leaf_weight=26 142 59 39 27 186 180 65
leaf_count=26 142 59 39 27 186 180 65
internal_value=-0.000345304 0.000859107 -0.000236295 0.0117925 0.000510204 -0.00131579 0.00322581
internal_weight=724 582 529 53 490 304 124
internal_count=724 582 529 53 490 304 124
is_linear=0
shrinkage=0.05


Tree=15
num_leaves=8
num_cat=0
split_feature=16 1 1 16 9 5 2
split_gain=1.74081 1.54074 1.95004 1.82465 1.82132 1.79176 1.69917
threshold=-0.044427977464658035 -0.018698745877947506 -0.0012225842901423809 0.013016257187075332 0.0084716018446685543 0.012649415049488367 -0.031218338072602433
decision_type=2 2 2 2 10 2 2
left_child=-1 4 -3 6 -2 -5 -4
right_child=1 2 3 5 -6 -7 -8
leaf_value=-0.00027830953908507651 0.00015130703881927586 -0.00012523562507039135 -0.00022130627164845904 3.8175154737172483e-05 -3.1624994600747052e-05 -0.00014643439501528174 0.00012086156521835023
leaf_weight=26 164 158 39 65 25 92 157
leaf_count=26 164 158 39 65 25 92 157
internal_value=-0.000757576 -0.000285714 -0.00171233 0.000354108 0.00357143 -0.00366242 0.00357143
internal_weight=726 700 511 353 189 157 196
internal_count=726 700 511 353 189 157 196
is_linear=0
shrinkage=0.05


Tree=16
num_leaves=8
num_cat=0
split_feature=8 6 1 7 12 12 15
split_gain=1.58647 1.55098 1.32299 1.94378 1.73264 1.54734 1.44518
threshold=0.13816640770808855 -1.1822544846592702 -0.0021898201742142072 -0.029976408945034002 0.019260487188196843 -0.027198413534659901 0.0002700939610978948
decision_type=8 2 2 2 2 2 2
left_child=1 -1 3 4 5 -3 -5
right_child=-2 2 -4 6 -6 -7 -8
leaf_value=-0.00014653342760158314 -0.00012617197451106135 0.00016796499093551205 4.9587743516903412e-05 -1.0030881593417084e-05 0.00017135602595121384 -3.3903906211010112e-05 -0.00010510293083286857
leaf_weight=51 30 42 327 112 36 61 87
leaf_count=51 30 42 327 112 36 61 87
internal_value=-0.000402145 6.98324e-05 0.000714286 -0.00147929 0.00305755 -0.000242718 -0.00464824
internal_weight=746 716 665 338 139 103 199
internal_count=746 716 665 338 139 103 199
is_linear=0
shrinkage=0.05


Tree=17
num_leaves=8
num_cat=0
split_feature=14 3 11 3 14 9 9
split_gain=1.52484 1.78194 1.63284 2.03456 1.38747 1.28367 2.32364
threshold=0.017796206966189224 0.0050458501426555733 -0.0038922440129086073 -0.0024597614164232891 0.14228104891203866 0.01191973314537609 -0.0049164113390180444
decision_type=2 2 2 2 2 8 10
left_child=5 2 4 -4 -2 6 -1
right_child=1 -3 3 -5 -6 -7 -8
leaf_value=1.5381420665278338e-05 9.6330860241816441e-05 -0.00023249192817750174 -0.00018325507104525863 9.8499836642421297e-05 -7.098502488328525e-05 4.4486069967891819e-05 -0.0001409018918678887
leaf_weight=262 76 35 63 50 25 198 25
leaf_count=262 76 35 63 50 25 198 25
internal_value=6.81199e-05 -0.00311245 -0.00140187 -0.00553097 0.00321782 0.00170103 -0.00043554
internal_weight=734 249 214 113 101 485 287
internal_count=734 249 214 113 101 485 287
is_linear=0
shrinkage=0.05


Tree=18
num_leaves=8
num_cat=0
split_feature=11 11 8 8 14 12 8
split_gain=1.16505 1.09265 1.12747 2.72472 1.5113 2.32806 1.46479
threshold=0.030772226573239195 0.025709080400856291 0.033262691059499312 0.049124652661781905 -0.04578454363779693 0.0065049739274190008 0.022289896323638429
decision_type=2 2 8 10 2 2 10
left_child=1 2 4 -4 5 -1 -6
right_child=-2 -3 3 -5 6 -7 -8
leaf_value=-2.9006404018378387e-05 -0.00017785280135706791 9.9326633355019923e-05 -0.00019625053731454849 5.3838968942675466e-05 -1.5219261405127185e-05 0.00022703762523329152 0.00013104468373178075
leaf_weight=49 49 27 69 93 371 56 28
leaf_count=49 49 27 69 93 371 56 28
internal_value=-0.000202156 0.000324675 -7.50751e-05 -0.0037037 0.00109127 0.00642857 -0.000313283
internal_weight=742 693 666 162 504 105 399
internal_count=742 693 666 162 504 105 399
is_linear=0
shrinkage=0.05


Tree=19
num_leaves=8
num_cat=0
split_feature=5 1 8 16 14 16 16
split_gain=1.18787 1.81081 1.26689 1.69495 1.31689 1.11728 2.25263
threshold=0.015545701333246778 -0.019738011467750779 0.015317843461369442 -0.012965262565699463 -0.015974596701323503 -0.0067367633357558456 -0.00080972784236443818
decision_type=2 2 8 2 2 2 2
left_child=1 2 3 -1 -5 -3 -7
right_child=-2 5 -4 4 -6 6 -8
leaf_value=1.0063108898478863e-05 -0.00013135302661050141 4.1424946239691787e-05 -4.5226605476185977e-05 0.00031796840901739289 0.00014320408130383337 -0.00023844227105751628 -1.0227715935564416e-05
leaf_weight=78 94 107 37 27 42 45 310
leaf_count=78 94 107 37 27 42 45 310
internal_value=-6.75676e-05 0.000696594 0.0048913 0.00697279 0.0126812 -0.000974026 -0.00232394
internal_weight=740 646 184 147 69 462 355
internal_count=740 646 184 147 69 462 355
is_linear=0
shrinkage=0.05


Tree=20
num_leaves=8
num_cat=0
split_feature=13 4 14 9 0 11 3
split_gain=1.62246 3.28434 2.01252 2.23832 1.30598 2.02137 2.37513
threshold=13.744999885559084 0.020295550772042731 0.010891009150098998 -0.019969221696237046 -0.0096067203908588566 -0.0060160798927795791 -0.0033698756784899526
decision_type=2 2 2 10 2 2 2
left_child=1 2 3 -1 -2 -6 -7
right_child=4 -3 -4 -5 5 6 -8
leaf_value=-9.8339530418544924e-05 2.3148696264902944e-05 0.00022833820517068325 -0.00014364699110657698 0.00019918160963392409 2.3574974252732733e-05 -0.00015808865141196053 -5.3374686008481752e-05
leaf_weight=37 171 36 26 30 129 72 243
leaf_count=37 171 36 26 30 129 72 243
internal_value=0.000134409 0.00523256 0.000268817 0.00485075 -0.000934959 -0.00236486 -0.00452381
internal_weight=744 129 93 67 615 444 315
internal_count=744 129 93 67 615 444 315
is_linear=0
shrinkage=0.05


end of trees

feature_importances:
sector_ret_5d=16
ret_5d=14
dist_ma50=13
vix_chg_1d=13
dist_ma200=12
atr_pct=10
parkinson_20=10
ret_1d=9
dvol_z_20=8
spy_ret_5d=7
sector_ret_1d=7
ret_20d=5
overnight_gap=5
dist_ma20=5
spy_ret_1d=5
spy_ret_20d=4
vix_level=4

parameters:
[boosting: gbdt]
[objective: quantile]
[metric: quantile]
[tree_learner: serial]
[device_type: cpu]
[data_sample_strategy: bagging]
[data: ]
[valid: ]
[num_iterations: 80]
[learning_rate: 0.05]
[num_leaves: 8]
[num_threads: 1]
[seed: 0]
[deterministic: 0]
[force_col_wise: 1]
[force_row_wise: 0]
[histogram_pool_size: -1]
[max_depth: -1]
[min_data_in_leaf: 25]
[min_sum_hessian_in_leaf: 0.001]
[bagging_fraction: 0.9]
[pos_bagging_fraction: 1]
[neg_bagging_fraction: 1]
[bagging_freq: 1]
[bagging_seed: 3]
[bagging_by_query: 0]
[feature_fraction: 0.9]
[feature_fraction_bynode: 1]
[feature_fraction_seed: 2]
[extra_trees: 0]
[extra_seed: 6]
[early_stopping_round: 0]
[early_stopping_min_delta: 0]
[first_metric_only: 0]
[max_delta_step: 0]
[lambda_l1: 0]
[lambda_l2: 0]
[linear_lambda: 0]
[min_gain_to_split: 0]
[drop_rate: 0.1]
[max_drop: 50]
[skip_drop: 0.5]
[xgboost_dart_mode: 0]
[uniform_drop: 0]
[drop_seed: 4]
[top_rate: 0.2]
[other_rate: 0.1]
[min_data_per_group: 100]
[max_cat_threshold: 32]
[cat_l2: 10]
[cat_smooth: 10]
[max_cat_to_onehot: 4]
[top_k: 20]
[monotone_constraints: ]
[monotone_constraints_method: basic]
[monotone_penalty: 0]
[feature_contri: ]
[forcedsplits_filename: ]
[refit_decay_rate: 0.9]
[cegb_tradeoff: 1]
[cegb_penalty_split: 0]
[cegb_penalty_feature_lazy: ]
[cegb_penalty_feature_coupled: ]
[path_smooth: 0]
[interaction_constraints: ]
[verbosity: -1]
[saved_feature_importance_type: 0]
[use_quantized_grad: 0]
[num_grad_quant_bins: 4]
[quant_train_renew_leaf: 0]
[stochastic_rounding: 1]
[linear_tree: 0]
[max_bin: 255]
[max_bin_by_feature: ]
[min_data_in_bin: 3]
[bin_construct_sample_cnt: 200000]
[data_random_seed: 1]
[is_enable_sparse: 1]
[enable_bundle: 1]
[use_missing: 1]
[zero_as_missing: 0]
[feature_pre_filter: 1]
[pre_partition: 0]
[two_round: 0]
[header: 0]
[label_column: ]
[weight_column: ]
[group_column: ]
[ignore_column: ]
[categorical_feature: ]
[forcedbins_filename: ]
[precise_float_parser: 0]
[parser_config_file: ]
[objective_seed: 5]
[num_class: 1]
[is_unbalance: 0]
[scale_pos_weight: 1]
[sigmoid: 1]
[boost_from_average: 1]
[reg_sqrt: 0]
[alpha: 0.5]
[fair_c: 1]
[poisson_max_delta_step: 0.7]
[tweedie_variance_power: 1.5]
[lambdarank_truncation_level: 30]
[lambdarank_norm: 1]
[label_gain: ]
[lambdarank_position_bias_regularization: 0]
[eval_at: ]
[multi_error_top_k: 1]
[auc_mu_weights: ]
[num_machines: 1]
[local_listen_port: 12400]
[time_out: 120]
[machine_list_filename: ]
[machines: ]
[gpu_platform_id: -1]
[gpu_device_id: -1]
[gpu_device_id_list: ]
[gpu_use_dp: 0]
[num_gpu: 1]

end of parameters

pandas_categorical:[]
