tree
version=v4
num_class=1
num_tree_per_iteration=1
label_index=0
max_feature_idx=16
objective=quantile
feature_names=ret_1d ret_5d ret_20d overnight_gap atr_pct parkinson_20 dvol_z_20 dist_ma20 dist_ma50 dist_ma200 spy_ret_1d spy_ret_5d spy_ret_20d vix_level vix_chg_1d sector_ret_1d sector_ret_5d
feature_infos=[-0.089795593732601708:0.10015717778553967] [-0.13339196716505419:0.19168071950534005] [-0.2136526494437111:0.26491615754582076] [-0.0390465380249716:0.033775693474356494] [0.014215286000081647:0.057129115829642717] [0.0094153613373868465:0.031310036896712273] [-1.8045666998807026:4.3140570815012342] [-0.15553430260359968:0.15746985920242795] [-0.17923897935754796:0.2382270906003876] [-0.27323295137047021:0.44978942715185322] [-0.058542947643003718:0.10501933612632941] [-0.11496158439845272:0.082843216242346029] [-0.12265592443394913:0.15756596870864792] [11.859999656677246:52.330001831054688] [-0.35753873962348437:0.74039073966007019] [-0.045565899069083815:0.057443365695792892] [-0.11461318051575942:0.085316846986089656]
tree_sizes=851 849 858 847 862 856 857 854 861 852 859 855 858 847 844 864 860 858 862

Tree=0
num_leaves=8
num_cat=0
split_feature=8 5 15 2 16 9 8
split_gain=8.72878 2.2663 1.87329 1.59259 1.56637 1.38306 1.76059
threshold=-0.061109160072305095 0.014220266307237011 -0.0090082096616903012 0.09453467572385689 0.029144381074480811 0.010154828888316649 0.054780021442078393
decision_type=10 2 2 2 2 8 10
left_child=2 3 -1 -2 5 -3 -7
right_child=1 4 -4 -5 -6 6 -8
leaf_value=-0.0091255901381373412 -0.0089655100135132663 -0.0089787544449791319 -0.009348467085510492 -0.0088034274056553834 -0.0088989895069971677 -0.0092071200255304571 -0.0090583930723369122
leaf_weight=37 289 62 106 47 47 65 97
leaf_count=37 289 62 106 47 47 65 97
internal_value=-0.00963165 -0.00701353 -0.0207449 -0.00426974 -0.0104154 -0.0121566 -0.0145872
internal_weight=750 607 143 336 271 224 162
internal_count=750 607 143 336 271 224 162
is_linear=0
shrinkage=1


Tree=1
num_leaves=8
num_cat=0
split_feature=8 4 14 3 4 7 2
split_gain=6.78544 2.02923 1.5217 1.64433 2.60742 1.50422 3.16406
threshold=-0.078360124850338761 0.02322569435994579 0.015727597801877272 0.0051940531036202007 0.020874496466331792 0.021705708220588819 -0.028964012601423558
decision_type=10 2 2 2 2 2 2
left_child=-1 2 3 -2 -5 6 -3
right_child=1 5 -4 4 -6 -7 -8
leaf_value=-0.00027868065051734448 0.00012293032254092392 9.5353881479240965e-05 -4.0810520295054069e-06 -0.0001314133836422116 0.00014427788322791455 6.9101197877898855e-05 -0.00032857422833330928
leaf_weight=108 201 56 125 25 26 122 71
leaf_count=108 201 56 125 25 26 122 71
internal_value=0 0.00199681 0.00431034 0.00654762 -0.00147059 -0.00150602 -0.00531496
internal_weight=734 626 377 252 51 249 127
internal_count=734 626 377 252 51 249 127
is_linear=0
shrinkage=0.05


Tree=2
num_leaves=8
num_cat=0
split_feature=8 2 2 14 2 4 0
split_gain=6.7778 1.50745 1.85212 1.80948 1.75289 1.77881 1.97208
threshold=-0.078360124850338761 0.17118496098432504 0.056591968485114837 0.032336920174311119 -0.053690559236193973 0.022311806121339071 0.0074203511277071152
decision_type=10 2 2 2 2 2 2
left_child=-1 2 4 -4 -2 6 -6
right_child=1 -3 3 -5 5 -7 -8
leaf_value=-0.00026474661799147728 0.00010000782302813598 -0.00025137256231391795 9.786841226741669e-05 -3.0522394226863973e-05 0.00011535132752032943 -0.00011280324787367137 -7.0492733677383551e-05
leaf_weight=110 53 33 172 52 132 130 67
leaf_count=110 53 33 172 52 132 130 67
internal_value=0.000100134 0.00207355 0.00264026 0.00625 0.00052356 -0.000835866 0.00213568
internal_weight=749 639 606 224 382 329 199
internal_count=749 639 606 224 382 329 199
is_linear=0
shrinkage=0.05


Tree=3
num_leaves=8
num_cat=0
split_feature=8 4 10 3 4 9 4
split_gain=7.61215 3.4258 1.39527 1.90025 1.46456 1.23935 1.47355
threshold=-0.078360124850338761 0.019368244313909138 -0.0015422325614574126 0.0031601145367129439 0.01801035844592094 -0.070024490275439319 0.031597496194259035
decision_type=10 2 2 2 2 8 2
left_child=-1 2 -2 4 -4 -3 -7
right_child=1 5 3 -5 -6 6 -8
leaf_value=-0.00027380517281126233 5.7269168386119355e-05 0.00010289762029424312 0.00016689858114114022 4.8321980866602826e-06 7.2632781296851954e-05 -7.003484928282036e-06 -0.00028327997367305217
leaf_weight=116 59 43 59 35 31 349 51
leaf_count=116 59 43 59 35 31 349 51
internal_value=-0.000302826 0.001874 0.0076087 0.0106 0.0144444 -0.000507901 -0.001375
internal_weight=743 627 184 125 90 443 400
internal_count=743 627 184 125 90 443 400
is_linear=0
shrinkage=0.05


Tree=4
num_leaves=8
num_cat=0
split_feature=8 5 9 16 5 14 2
split_gain=3.9433 1.93659 1.64193 1.78019 1.55382 0.986982 1.39645
threshold=-0.061109160072305095 0.013911988418203059 -0.070024490275439319 0.028950385211994781 0.011007948321039457 -0.014609583018452553 0.0055443992582376875
decision_type=10 2 8 2 2 2 2
left_child=-1 4 -3 5 -2 -4 -7
right_child=1 2 3 -5 -6 6 -8
leaf_value=-0.00015336841452124651 -2.9592954993131609e-05 9.8232463179738329e-05 -0.0001359119126954466 0.00012353010662161974 0.00013372166433371592 -0.0001603047247687937 6.4477064952079684e-05
leaf_weight=134 83 25 97 44 232 43 88
leaf_count=134 83 25 97 44 232 43 88
internal_value=-6.70241e-05 0.00163399 -0.00126263 -0.00238971 0.00436508 -0.00416667 -0.00133588
internal_weight=746 612 297 272 315 228 131
internal_count=746 612 297 272 315 228 131
is_linear=0
shrinkage=0.05


Tree=5
num_leaves=8
num_cat=0
split_feature=8 5 3 12 10 6 16
split_gain=4.16555 1.85853 1.57466 1.31453 1.76281 1.95232 1.48754
threshold=-0.078360124850338761 0.013954842068835108 -0.0021409046483839562 0.040552119316072284 0.0056625653487155656 -0.6449038678692588 0.003658858094107265
decision_type=10 2 2 2 2 2 2
left_child=2 3 -1 4 5 -2 -6
right_child=1 -3 -4 -5 6 -7 -8
leaf_value=-0.0002662461933993254 -0.00015316076199235987 -2.2118798638679546e-05 -3.3619076324299411e-05 -1.5982780726248211e-05 0.00010794514975685154 0.00011051311318189244 0.00026799676728720068
leaf_weight=49 34 313 64 75 27 142 33
leaf_count=49 34 313 64 75 27 142 33
internal_value=-0.000237449 0.00136218 -0.0090708 0.00409968 0.0059322 0.00340909 0.0133333
internal_weight=737 624 113 311 236 176 60
internal_count=737 624 113 311 236 176 60
is_linear=0
shrinkage=0.05


Tree=6
num_leaves=8
num_cat=0
split_feature=8 4 10 3 13 7 16
split_gain=4.00292 1.86531 2.63674 2.041 1.44154 1.54908 1.49952
threshold=-0.078360124850338761 0.023351322801594316 0.0042053175774743332 0.0032144240878889678 13.34500026702881 -0.025249727976550281 -0.016888085726927789
decision_type=10 2 2 2 2 2 2
left_child=-1 2 4 -4 -2 -6 -7
right_child=1 -3 3 -5 5 6 -8
leaf_value=-0.00015314898888297941 -4.475292084207541e-05 -4.2037251633552731e-05 0.00018862816333640791 6.5746576876771643e-05 -0.00010706531503872691 0.00038879079625003251 4.49187989182948e-05
leaf_weight=113 61 256 64 53 25 26 148
leaf_count=113 61 256 64 53 25 26 148
internal_value=-0.000402145 0.00114534 0.00338196 0.00961538 0.000576923 0.00263819 0.00431034
internal_weight=746 633 377 117 260 199 174
internal_count=746 633 377 117 260 199 174
is_linear=0
shrinkage=0.05


Tree=7
num_leaves=8
num_cat=0
split_feature=8 4 3 5 5 10 0
split_gain=4.68856 1.43129 1.15906 1.13316 1.18374 1.63706 1.79627
threshold=-0.099156181067031876 0.031597496194259035 -0.0021409046483839562 0.019556959029882057 0.013954842068835108 0.0056625653487155656 0.0058893603362132349
decision_type=10 2 2 2 2 2 2
left_child=2 3 -1 4 5 -2 -7
right_child=1 -3 -4 -5 -6 6 -8
leaf_value=-0.00025330029049293855 4.0629852033365581e-05 -0.00016816549064658742 -2.6999622754396611e-05 9.9019713768665803e-05 -2.7001040391932269e-05 0.0001743928819658956 6.9354629427582484e-05
leaf_weight=43 232 76 49 27 229 32 57
leaf_count=43 232 76 49 27 229 32 57
internal_value=-0.000302013 0.00118683 -0.0108696 0.0020364 0.00154545 0.00350467 0.00926966
internal_weight=745 653 92 577 550 321 89
internal_count=745 653 92 577 550 321 89
is_linear=0
shrinkage=0.05


Tree=8
num_leaves=8
num_cat=0
split_feature=8 4 10 8 15 15 4
split_gain=3.43716 1.45015 1.55404 1.50215 1.59383 1.3925 2.18041
threshold=-0.061109160072305095 0.023351322801594316 0.0042053175774743332 0.082047042505421955 0.0099971186493474935 -0.0036972990777338617 0.021163645898317315
decision_type=10 2 2 10 2 2 2
left_child=-1 2 5 4 -4 -2 -7
right_child=1 -3 3 -5 -6 6 -8
leaf_value=-0.00015835889240360551 0.00012033130241762059 -6.6483643825177196e-06 0.00016519562463604231 0.00016183258155068881 -0.00012300290725560166 -3.6534644787981735e-05 0.00017740713398000599
leaf_weight=136 114 235 57 34 29 123 36
leaf_count=136 114 235 57 34 29 123 36
internal_value=0.000589005 0.00214968 0.00400763 0.00875 0.00523256 0.00192308 -0.00110063
internal_weight=764 628 393 120 86 273 159
internal_count=764 628 393 120 86 273 159
is_linear=0
shrinkage=0.05


Tree=9
num_leaves=8
num_cat=0
split_feature=4 6 6 6 8 4 7
split_gain=2.69697 1.83318 2.94898 2.71007 2.49904 1.37668 2.4681
threshold=0.023280185596397916 -0.55927852258661315 -0.82062802577088789 -0.96277020393333801 0.047676792838756261 0.036778907968321964 -0.040888698588642795
decision_type=2 2 2 2 10 2 2
left_child=-1 2 3 -2 5 6 -3
right_child=1 4 -4 -5 -6 -7 -8
leaf_value=5.4364725142381447e-05 2.435565490682282e-05 2.9589000435112325e-05 0.00012624058625715709 -0.00021694087226571047 6.6355887469211289e-05 -0.00075056234545831893 -0.00019325122242680362
leaf_weight=387 41 46 49 31 87 27 76
leaf_count=387 41 46 49 31 87 27 76
internal_value=0.000403226 -0.00273109 0.00227273 -0.00416667 -0.00529661 -0.00922819 -0.00696721
internal_weight=744 357 121 72 236 149 122
internal_count=744 357 121 72 236 149 122
is_linear=0
shrinkage=0.05


Tree=10
num_leaves=8
num_cat=0
split_feature=8 4 1 2 4 3 10
split_gain=3.03044 1.84789 1.92113 1.81242 1.6395 1.67935 2.46258
threshold=-0.086127212168220155 0.023280185596397916 0.01158787878026424 -0.050492442552915788 0.021430589300618221 0.005211164274213532 0.0038486575209699674
decision_type=10 2 2 2 2 2 2
left_child=-1 4 3 -3 5 6 -2
right_child=1 2 -4 -5 -6 -7 -8
leaf_value=-0.00020766334365435735 7.8331844447267387e-06 0.00011266086627964014 5.0472069038454485e-05 -0.0001804793233133176 0.0001189789523792164 -4.4879093857033794e-05 0.00012547259920605905
leaf_weight=102 177 26 129 106 80 53 76
leaf_count=102 177 26 129 106 80 53 76
internal_value=0.000166889 0.00142968 -0.00181992 -0.00606061 0.00362694 0.00196078 0.00365613
internal_weight=749 647 261 132 386 306 253
internal_count=749 647 261 132 386 306 253
is_linear=0
shrinkage=0.05


Tree=11
num_leaves=8
num_cat=0
split_feature=1 2 16 7 2 4 2
split_gain=2.63781 2.08118 2.49354 1.70242 1.15421 1.6879 1.29876
threshold=-0.010446459266190864 0.0095778663581281859 -0.0067367791569692961 0.0040665909091239802 -0.031622998612400414 0.027912791591714701 -0.0089163048615487055
decision_type=2 2 2 2 2 2 2
left_child=1 -1 3 -3 5 -2 -6
right_child=4 2 -4 -5 6 -7 -8
leaf_value=-0.00015156914852990663 0.00024546376494246643 0.00030725226742697059 -0.00030764032301154235 -2.4181355596370347e-05 -0.0001582549435064838 2.2463531474111724e-05 4.1386594242186172e-05
leaf_weight=169 34 30 29 25 42 42 376
leaf_count=169 34 30 29 25 42 42 376
internal_value=0.000100402 -0.00405138 0.00238095 0.00863636 0.00222672 0.00789474 0.00119617
internal_weight=747 253 84 55 494 76 418
internal_count=747 253 84 55 494 76 418
is_linear=0
shrinkage=0.05


Tree=12
num_leaves=8
num_cat=0
split_feature=4 0 15 3 3 13 2
split_gain=2.21265 1.56642 2.21388 2.2332 1.8354 1.5274 1.81166
threshold=0.023351322801594316 0.002844308614024627 0.0013647715214467617 0.0026587465566569883 -0.007468932906435021 19.295000076293949 0.071357099365313661
decision_type=2 2 2 2 2 2 2
left_child=5 2 3 4 -2 6 -1
right_child=1 -3 -4 -5 -6 -7 -8
leaf_value=-4.5058825420220617e-06 -0.0002427097433402037 1.5322951984541711e-05 -0.00036468031879040595 -0.00013374406715245933 6.9960695379989255e-05 0.00017752587128232021 0.00011783081346259366
leaf_weight=239 25 159 45 26 85 54 101
leaf_count=239 25 159 45 26 85 54 101
internal_value=0.000749319 -0.00220588 -0.00538674 -0.00220588 0.000909091 0.00329949 0.00205882
internal_weight=734 340 181 136 110 394 340
internal_count=734 340 181 136 110 394 340
is_linear=0
shrinkage=0.05


Tree=13
num_leaves=8
num_cat=0
split_feature=4 2 7 14 0 12 1
split_gain=1.53728 1.97981 2.06593 2.11599 2.50812 1.296 1.83167
threshold=0.023280185596397916 0.10207003763704793 -0.0032270911388188601 -0.036136320679139293 -0.009045659939565685 0.047608041860818802 0.0022618344038545239
decision_type=2 2 2 2 2 2 2
left_child=1 2 3 -1 -5 6 -4
right_child=-2 -3 5 4 -6 -7 -8
leaf_value=0.00032330068361245657 -3.3267710050268601e-05 0.00014904155842206213 -0.00015860359772498225 0.00020894382685291503 -8.0816688613706997e-05 -3.3427278460621379e-05 6.9168472553117174e-05
leaf_weight=31 349 45 57 33 37 50 143
leaf_count=31 349 45 57 33 37 50 143
internal_value=0.000771812 0.00290404 0.00163818 0.00767327 0.00285714 -0.0008 0.001
internal_weight=745 396 351 101 70 250 200
internal_count=745 396 351 101 70 250 200
is_linear=0
shrinkage=0.05


Tree=14
num_leaves=8
num_cat=0
split_feature=4 3 8 2 12 5 4
split_gain=1.58405 1.60962 1.61245 1.92965 1.77033 1.40036 2.34822
threshold=0.031080819538962429 -0.010018263200469222 0.14579237966460737 0.094972664631143414 0.04572357186415122 0.010963109232182593 0.019368244313909138
decision_type=2 2 8 2 2 2 2
left_child=1 -1 3 4 5 -3 -7
right_child=-2 2 -4 -5 -6 6 -8
leaf_value=0.00011700206508355639 -0.0001525069804805178 -5.5446667223041416e-05 -0.00012732476429899652 8.7668905316987177e-05 -4.2621057682308566e-05 0.00014135765623167975 1.0022019497187529e-05
leaf_weight=26 120 64 38 101 59 70 241
leaf_count=26 120 64 38 101 59 70 241
internal_value=0.000243394 0.00129382 0.00074171 0.0014486 0 0.00126667 0.00265273
internal_weight=719 599 573 535 434 375 311
internal_count=719 599 573 535 434 375 311
is_linear=0
shrinkage=0.05


Tree=15
num_leaves=8
num_cat=0
split_feature=16 1 12 10 10 5 11
split_gain=1.47316 1.83253 2.12016 1.55301 2.49683 2.24239 2.14719
threshold=0.044154525392068551 -0.0069133306955302945 0.040743458485600355 -0.0038582878398281113 0.0056625653487155656 0.012775452962952934 0.01314891866926249
decision_type=2 2 2 2 2 2 2
left_child=1 -1 3 -3 -5 -6 -7
right_child=-2 2 -4 4 5 6 -8
leaf_value=-7.4003520821869576e-05 -0.00011788109881865342 0.00017124605841910046 -2.0537387998270262e-05 -8.7596027843453793e-06 0.00019110026006608551 -5.2721174545524151e-05 0.00032580764436574073
leaf_weight=283 27 53 112 179 27 34 28
leaf_count=283 27 53 112 179 27 34 28
internal_value=-0.000572005 -0.000139665 0.00190531 0.00397196 0.00242537 0.00926966 0.00403226
internal_weight=743 716 433 321 268 89 62
internal_count=743 716 433 321 268 89 62
is_linear=0
shrinkage=0.05


Tree=16
num_leaves=8
num_cat=0
split_feature=2 10 8 15 7 2 2
split_gain=1.7291 2.48242 1.48908 2.24074 1.01997 1.40761 0.917375
threshold=-0.096388450448977134 -0.00090813194402433728 0.15247356622640387 0.0027299523464736635 -0.04452144352895842 -0.055346524931858092 0.0095778663581281859
decision_type=2 2 8 2 2 2 2
left_child=1 -1 4 -4 -2 -6 -7
right_child=2 -3 3 -5 5 6 -8
leaf_value=2.7790801399270231e-05 -0.00018584172326223202 -0.00028457621826770798 4.1633684475872024e-05 -0.00034822342730314777 0.0001636470780266429 -2.0178314629588912e-05 5.0351956220652376e-05
leaf_weight=25 36 30 27 27 31 179 402
leaf_count=25 36 30 27 27 31 179 402
internal_value=-9.90753e-05 -0.00863636 0.000569801 -0.00740741 0.00123457 0.00171569 0.00116179
internal_weight=757 55 702 54 648 612 581
internal_count=757 55 702 54 648 612 581
is_linear=0
shrinkage=0.05


Tree=17
num_leaves=8
num_cat=0
split_feature=5 6 7 15 8 3 16
split_gain=1.6395 2.28771 1.87319 1.79416 1.60087 1.51252 1.39881
threshold=0.014452102241625476 -0.94707921433507847 0.037593467996268067 0.0099971186493474935 0.043272765938250808 0.0015981876030473077 0.0086358130464750955
decision_type=2 2 2 2 8 2 2
left_child=3 -2 6 -1 -5 -4 -3
right_child=1 2 5 4 -6 -7 -8
leaf_value=7.1671466548465482e-05 6.477302535425156e-05 -0.00010929222425037259 9.0457388531789686e-05 -0.00029880840477387654 4.6569555299540421e-05 -4.3455045988216941e-05 -0.00030592436399947342
leaf_weight=324 36 163 61 28 27 58 49
leaf_count=324 36 163 61 28 27 58 49
internal_value=0.000134048 -0.00224796 -0.00354985 0.00244063 -0.00590909 0.00147059 -0.00636792
internal_weight=746 367 331 379 55 119 212
internal_count=746 367 331 379 55 119 212
is_linear=0
shrinkage=0.05


Tree=18
num_leaves=8
num_cat=0
split_feature=8 0 15 10 4 15 6
split_gain=2.71113 1.7362 1.17538 1.12363 1.54133 1.57542 2.02013
threshold=-0.099156181067031876 0.029081799983085025 -0.001723550176000954 0.0040309236924269696 0.032330887939006479 -0.0036972990777338617 0.38090756201972215
decision_type=10 2 2 2 2 2 2
left_child=2 3 -1 4 5 6 -2
right_child=1 -3 -4 -5 -6 -7 -8
leaf_value=-0.00010530950677314884 1.2292626181083429e-05 -0.00032278499686246264 -0.00023069578096206102 7.4200017733060084e-05 -0.0002640228510442902 -1.2912625794645958e-05 0.00020056643434890299
leaf_weight=49 112 28 41 210 33 237 43
leaf_count=49 112 28 41 210 33 237 43
internal_value=0.000365206 0.00147059 -0.00777778 0.00200787 0.000529412 0.00140306 0.00532258
internal_weight=753 663 90 635 425 392 155
internal_count=753 663 90 635 425 392 155
is_linear=0
shrinkage=0.05


end of trees

feature_importances:
atr_pct=20
dist_ma50=17
ret_20d=16
overnight_gap=10
spy_ret_1d=10
parkinson_20=9
sector_ret_1d=8
dist_ma20=7
sector_ret_5d=7
dvol_z_20=6
ret_1d=5
ret_5d=4
spy_ret_20d=4
vix_chg_1d=4
dist_ma200=3
vix_level=2
spy_ret_5d=1

parameters:
[boosting: gbdt]
[objective: quantile]
[metric: quantile]
[tree_learner: serial]
[device_type: cpu]
[data_sample_strategy: bagging]
[data: ]
[valid: ]
[num_iterations: 80]
[learning_rate: 0.05]
[num_leaves: 8]
[num_threads: 1]
[seed: 0]
[deterministic: 0]
[force_col_wise: 1]
[force_row_wise: 0]
[histogram_pool_size: -1]
[max_depth: -1]
[min_data_in_leaf: 25]
[min_sum_hessian_in_leaf: 0.001]
[bagging_fraction: 0.9]
[pos_bagging_fraction: 1]
[neg_bagging_fraction: 1]
[bagging_freq: 1]
[bagging_seed: 3]
[bagging_by_query: 0]
[feature_fraction: 0.9]
[feature_fraction_bynode: 1]
[feature_fraction_seed: 2]
[extra_trees: 0]
[extra_seed: 6]
[early_stopping_round: 0]
[early_stopping_min_delta: 0]
[first_metric_only: 0]
[max_delta_step: 0]
[lambda_l1: 0]
[lambda_l2: 0]
[linear_lambda: 0]
[min_gain_to_split: 0]
[drop_rate: 0.1]
[max_drop: 50]
[skip_drop: 0.5]
[xgboost_dart_mode: 0]
[uniform_drop: 0]
[drop_seed: 4]
[top_rate: 0.2]
[other_rate: 0.1]
[min_data_per_group: 100]
[max_cat_threshold: 32]
[cat_l2: 10]
[cat_smooth: 10]
[max_cat_to_onehot: 4]
[top_k: 20]
[monotone_constraints: ]
[monotone_constraints_method: basic]
[monotone_penalty: 0]
[feature_contri: ]
[forcedsplits_filename: ]
[refit_decay_rate: 0.9]
[cegb_tradeoff: 1]
[cegb_penalty_split: 0]
[cegb_penalty_feature_lazy: ]
[cegb_penalty_feature_coupled: ]
[path_smooth: 0]
[interaction_constraints: ]
[verbosity: -1]
[saved_feature_importance_type: 0]
[use_quantized_grad: 0]
[num_grad_quant_bins: 4]
[quant_train_renew_leaf: 0]
[stochastic_rounding: 1]
[linear_tree: 0]
[max_bin: 255]
[max_bin_by_feature: ]
[min_data_in_bin: 3]
[bin_construct_sample_cnt: 200000]
[data_random_seed: 1]
[is_enable_sparse: 1]
[enable_bundle: 1]
[use_missing: 1]
[zero_as_missing: 0]
[feature_pre_filter: 1]
[pre_partition: 0]
[two_round: 0]
[header: 0]
[label_column: ]
[weight_column: ]
[group_column: ]
[ignore_column: ]
[categorical_feature: ]
[forcedbins_filename: ]
[precise_float_parser: 0]
[parser_config_file: ]
[objective_seed: 5]
[num_class: 1]
[is_unbalance: 0]
[scale_pos_weight: 1]
[sigmoid: 1]
[boost_from_average: 1]
[reg_sqrt: 0]
[alpha: 0.5]
[fair_c: 1]
[poisson_max_delta_step: 0.7]
[tweedie_variance_power: 1.5]
[lambdarank_truncation_level: 30]
[lambdarank_norm: 1]
[label_gain: ]
[lambdarank_position_bias_regularization: 0]
[eval_at: ]
[multi_error_top_k: 1]
[auc_mu_weights: ]
[num_machines: 1]
[local_listen_port: 12400]
[time_out: 120]
[machine_list_filename: ]
[machines: ]
[gpu_platform_id: -1]
[gpu_device_id: -1]
[gpu_device_id_list: ]
[gpu_use_dp: 0]
[num_gpu: 1]

end of parameters

pandas_categorical:[]
